(18.0,18.0)
(498.0,18.0)
(29.0,18.0)
(16.0,18.0)
(18.0,18.0)
(18.0,18.0)
(16.0,18.0)
(18.0,18.0)
(515.0,18.0)
(515.0,18.0)
(18.0,18.0)
(16.0,18.0)
(16.0,18.0)
(515.0,18.0)
(29.0,18.0)
(503.0,18.0)
(29.0,18.0)
(17.0,18.0)
(18.0,18.0)
(515.0,18.0)
(515.0,18.0)
(29.0,18.0)
(17.0,18.0)
(515.0,18.0)
(17.0,18.0)
(18.0,18.0)
(515.0,18.0)
(515.0,18.0)
(503.0,18.0)
(515.0,18.0)
(18.0,18.0)
(29.0,18.0)
(17.0,18.0)
(515.0,18.0)
(18.0,18.0)
(515.0,18.0)
(18.0,18.0)
(515.0,18.0)
(515.0,18.0)
(18.0,18.0)
(18.0,18.0)
(18.0,18.0)
(515.0,18.0)
(18.0,18.0)
(18.0,18.0)
(18.0,18.0)
(18.0,18.0)
(18.0,18.0)
(515.0,18.0)
(515.0,18.0)
(16.0,18.0)
(515.0,18.0)
(18.0,18.0)
(515.0,18.0)
(18.0,18.0)
(503.0,18.0)
(18.0,18.0)
(18.0,18.0)
(503.0,18.0)
(18.0,18.0)
(16.0,18.0)
(18.0,18.0)
(13.0,18.0)
(17.0,18.0)
(498.0,18.0)
(515.0,18.0)
(18.0,18.0)
(503.0,18.0)
(29.0,18.0)
(18.0,18.0)
(515.0,18.0)
(16.0,18.0)
(17.0,18.0)
(503.0,18.0)
(503.0,18.0)
(503.0,18.0)
(17.0,18.0)
(16.0,18.0)
(18.0,18.0)
(18.0,18.0)
(515.0,18.0)
(17.0,18.0)
(515.0,18.0)
(17.0,18.0)
(13.0,18.0)
(17.0,18.0)
(515.0,18.0)
(16.0,18.0)
(503.0,18.0)
(503.0,18.0)
(503.0,18.0)
(18.0,18.0)
(18.0,18.0)
(515.0,18.0)
(18.0,18.0)
(16.0,18.0)
(18.0,18.0)
(18.0,18.0)
(18.0,18.0)
(16.0,18.0)
(515.0,18.0)
(18.0,18.0)
(18.0,18.0)
(17.0,18.0)
(18.0,18.0)
(18.0,18.0)
(515.0,18.0)
(515.0,18.0)
(15.0,18.0)
(515.0,18.0)
(15.0,18.0)
(16.0,18.0)
(18.0,18.0)
(18.0,18.0)
(18.0,18.0)
(18.0,18.0)
(17.0,18.0)
(18.0,18.0)
(18.0,18.0)
(515.0,18.0)
(17.0,18.0)
(17.0,18.0)
(506.0,18.0)
(17.0,18.0)
(15.0,18.0)
(18.0,18.0)
(18.0,18.0)
(503.0,18.0)
(17.0,18.0)
(18.0,18.0)
(20.0,18.0)
(515.0,18.0)
(503.0,18.0)
(18.0,18.0)
(18.0,18.0)
(18.0,18.0)
(503.0,18.0)
(18.0,18.0)
(18.0,18.0)
(29.0,18.0)
(18.0,18.0)
(16.0,18.0)
(17.0,18.0)
(18.0,18.0)
(503.0,18.0)
(18.0,18.0)
(503.0,18.0)
(17.0,18.0)
(18.0,18.0)
(18.0,18.0)
(18.0,18.0)
(18.0,18.0)
(16.0,18.0)
(503.0,18.0)
(16.0,18.0)
(16.0,18.0)
(18.0,18.0)
(16.0,18.0)
(16.0,18.0)
(17.0,18.0)
(515.0,18.0)
(503.0,18.0)
(16.0,18.0)
(16.0,18.0)
(18.0,18.0)
(16.0,18.0)
(18.0,18.0)
(18.0,18.0)
(15.0,18.0)
(18.0,18.0)
(17.0,18.0)
(503.0,18.0)
(515.0,18.0)
(515.0,18.0)
(18.0,18.0)
(18.0,18.0)
(515.0,18.0)
(38.0,18.0)
(18.0,18.0)
(25.0,18.0)
(17.0,18.0)
(18.0,18.0)
(515.0,18.0)
(515.0,18.0)
(18.0,18.0)
(18.0,18.0)
(16.0,18.0)
(17.0,18.0)
(18.0,18.0)
(18.0,18.0)
(18.0,18.0)
(503.0,18.0)
(18.0,18.0)
(18.0,18.0)
(16.0,18.0)
(17.0,18.0)
(16.0,18.0)
(29.0,18.0)
(17.0,18.0)
(18.0,18.0)
(18.0,18.0)
(515.0,18.0)
(16.0,18.0)
(18.0,18.0)
(18.0,18.0)
(16.0,18.0)
(16.0,18.0)
(18.0,18.0)
(17.0,18.0)
(16.0,18.0)
(18.0,18.0)
(503.0,18.0)
(25.0,18.0)
(18.0,18.0)
(515.0,18.0)
(18.0,18.0)
(515.0,18.0)
(29.0,18.0)
(18.0,18.0)
(18.0,18.0)
(515.0,18.0)
(17.0,18.0)
(17.0,18.0)
(515.0,18.0)
(18.0,18.0)
(16.0,18.0)
(18.0,18.0)
(18.0,18.0)
(503.0,18.0)
(503.0,18.0)
(18.0,18.0)
(503.0,18.0)
(16.0,18.0)
(18.0,18.0)
(16.0,18.0)
(503.0,18.0)
(18.0,18.0)
(17.0,18.0)
(18.0,18.0)
(29.0,18.0)
(18.0,18.0)
(515.0,18.0)
(17.0,18.0)
(503.0,18.0)
(18.0,18.0)
(15.0,18.0)
(503.0,18.0)
(17.0,18.0)
(29.0,18.0)
(503.0,18.0)
(18.0,18.0)
(515.0,18.0)
(503.0,18.0)
(18.0,18.0)
(17.0,18.0)
(18.0,18.0)
(18.0,18.0)
(18.0,18.0)
(18.0,18.0)
(18.0,18.0)
(16.0,18.0)
(18.0,18.0)
(18.0,18.0)
(18.0,18.0)
(18.0,18.0)
(515.0,18.0)
(16.0,18.0)
(17.0,18.0)
(16.0,18.0)
(16.0,18.0)
(16.0,18.0)
(17.0,18.0)
(18.0,18.0)
(503.0,18.0)
(18.0,18.0)
(15.0,18.0)
(18.0,18.0)
(18.0,18.0)
(16.0,18.0)
(17.0,18.0)
(17.0,18.0)
(18.0,18.0)
(18.0,18.0)
(17.0,18.0)
(18.0,18.0)
(18.0,18.0)
(18.0,18.0)
(18.0,18.0)
(18.0,18.0)
(18.0,18.0)
(515.0,18.0)
(503.0,18.0)
(18.0,18.0)
(17.0,18.0)
(29.0,18.0)
(18.0,18.0)
(18.0,18.0)
(503.0,18.0)
(31.0,18.0)
(18.0,18.0)
(17.0,18.0)
(18.0,18.0)
(17.0,18.0)
(515.0,18.0)
(16.0,18.0)
(18.0,18.0)
(18.0,18.0)
(16.0,18.0)
(18.0,18.0)
(17.0,18.0)
(18.0,18.0)
(29.0,18.0)
(18.0,18.0)
(18.0,18.0)
(16.0,18.0)
(18.0,18.0)
(503.0,18.0)
(16.0,18.0)
(18.0,18.0)
(506.0,18.0)
(16.0,18.0)
(16.0,18.0)
(17.0,18.0)
(17.0,18.0)
(17.0,18.0)
(16.0,18.0)
(18.0,18.0)
(21.0,18.0)
(18.0,18.0)
(17.0,18.0)
(515.0,18.0)
(503.0,18.0)
(16.0,18.0)
(18.0,18.0)
(18.0,18.0)
(18.0,18.0)
(515.0,18.0)
(18.0,18.0)
(18.0,18.0)
(17.0,18.0)
(18.0,18.0)
(17.0,18.0)
(15.0,18.0)
(18.0,18.0)
(18.0,18.0)
(16.0,18.0)
(515.0,18.0)
(18.0,18.0)
(18.0,18.0)
(18.0,18.0)
(506.0,18.0)
(503.0,18.0)
(18.0,18.0)
(18.0,18.0)
(16.0,18.0)
(503.0,18.0)
(18.0,18.0)
(29.0,18.0)
(18.0,18.0)
(18.0,18.0)
(511.0,18.0)
(16.0,18.0)
(17.0,18.0)
(18.0,18.0)
(18.0,18.0)
(16.0,18.0)
(16.0,18.0)
(18.0,18.0)
(18.0,18.0)
(16.0,18.0)
(515.0,18.0)
(16.0,18.0)
(18.0,18.0)
(18.0,18.0)
(18.0,18.0)
(18.0,18.0)
(18.0,18.0)
(18.0,18.0)
(17.0,18.0)
(18.0,18.0)
(18.0,18.0)
(515.0,18.0)
(18.0,18.0)
(16.0,18.0)
(17.0,18.0)
(18.0,18.0)
(17.0,18.0)
(18.0,18.0)
(18.0,18.0)
(18.0,18.0)
(18.0,18.0)
(506.0,18.0)
(18.0,18.0)
(515.0,18.0)
(515.0,18.0)
(17.0,18.0)
(18.0,18.0)
(18.0,18.0)
(29.0,18.0)
(515.0,18.0)
(18.0,18.0)
(18.0,18.0)
(515.0,18.0)
(515.0,18.0)
(16.0,18.0)
(18.0,18.0)
(16.0,18.0)
(503.0,18.0)
(506.0,18.0)
(29.0,18.0)
(17.0,18.0)
(18.0,18.0)
(21.0,18.0)
(498.0,18.0)
(17.0,18.0)
(515.0,18.0)
(18.0,18.0)
(17.0,18.0)
(18.0,18.0)
(503.0,18.0)
(16.0,18.0)
(16.0,18.0)
(515.0,18.0)
(18.0,18.0)
(18.0,18.0)
(16.0,18.0)
(515.0,18.0)
(515.0,18.0)
(16.0,18.0)
(515.0,18.0)
(17.0,18.0)
(515.0,18.0)
(515.0,18.0)
(16.0,18.0)
(18.0,18.0)
(17.0,18.0)
(18.0,18.0)
(18.0,18.0)
(18.0,18.0)
(22.0,18.0)
(515.0,18.0)
(515.0,18.0)
(16.0,18.0)
(482.0,18.0)
(18.0,18.0)
(17.0,18.0)
(18.0,18.0)
(515.0,18.0)
(515.0,18.0)
(18.0,18.0)
(18.0,18.0)
(515.0,18.0)
(17.0,18.0)
(16.0,18.0)
(18.0,18.0)
(16.0,18.0)
(18.0,18.0)
(503.0,18.0)
(18.0,18.0)
(18.0,18.0)
(18.0,18.0)
(511.0,18.0)
(515.0,18.0)
(18.0,18.0)
(18.0,18.0)
(17.0,18.0)
(515.0,18.0)
(503.0,18.0)
(16.0,18.0)
(16.0,18.0)
(15.0,18.0)
(503.0,18.0)
(18.0,18.0)
(15.0,18.0)
(18.0,18.0)
(16.0,18.0)
(515.0,18.0)
(18.0,18.0)
(18.0,18.0)
(18.0,18.0)
(17.0,18.0)
(16.0,18.0)
(18.0,18.0)
(18.0,18.0)
(515.0,18.0)
(515.0,18.0)
(16.0,18.0)
(18.0,18.0)
(16.0,18.0)
(18.0,18.0)
(18.0,18.0)
(18.0,18.0)
(17.0,18.0)
(18.0,18.0)
(16.0,18.0)
(18.0,18.0)
(17.0,18.0)
(515.0,18.0)
(16.0,18.0)
(515.0,18.0)
(18.0,18.0)
(16.0,18.0)
(16.0,18.0)
(16.0,18.0)
(17.0,18.0)
(18.0,18.0)
(515.0,18.0)
(16.0,18.0)
(17.0,18.0)
(16.0,18.0)
(17.0,18.0)
(16.0,18.0)
(17.0,18.0)
(18.0,18.0)
(18.0,18.0)
(18.0,18.0)
(16.0,18.0)
(16.0,18.0)
(503.0,18.0)
(17.0,18.0)
(16.0,18.0)
(16.0,18.0)
(18.0,18.0)
(515.0,18.0)
(18.0,18.0)
(16.0,18.0)
(16.0,18.0)
(18.0,18.0)
(18.0,18.0)
(18.0,18.0)
(16.0,18.0)
(503.0,18.0)
(18.0,18.0)
(18.0,18.0)
(511.0,18.0)
(16.0,18.0)
(515.0,18.0)
(17.0,18.0)
(18.0,18.0)
(18.0,18.0)
(18.0,18.0)
(18.0,18.0)
(18.0,18.0)
(18.0,18.0)
(18.0,18.0)
(18.0,18.0)
(18.0,18.0)
(515.0,18.0)
(18.0,18.0)
(18.0,18.0)
(18.0,18.0)
(17.0,18.0)
(515.0,18.0)
(482.0,18.0)
(18.0,18.0)
(515.0,18.0)
(15.0,18.0)
(515.0,18.0)
(17.0,18.0)
(18.0,18.0)
(21.0,18.0)
(18.0,18.0)
(16.0,18.0)
(515.0,18.0)
(503.0,18.0)
(515.0,18.0)
(18.0,18.0)
(515.0,18.0)
(18.0,18.0)
(515.0,18.0)
(18.0,18.0)
(515.0,18.0)
(18.0,18.0)
(503.0,18.0)
(16.0,18.0)
(16.0,18.0)
(804.0,18.0)
(804.0,18.0)
(17.0,18.0)
(17.0,18.0)
(18.0,18.0)
(17.0,18.0)
(515.0,18.0)
(16.0,18.0)
(515.0,18.0)
(16.0,18.0)
(16.0,18.0)
(25.0,18.0)
(15.0,18.0)
(515.0,18.0)
(18.0,18.0)
(18.0,18.0)
(18.0,18.0)
(515.0,18.0)
(18.0,18.0)
(17.0,18.0)
(25.0,18.0)
(16.0,18.0)
(503.0,18.0)
(515.0,18.0)
(16.0,18.0)
(515.0,18.0)
(515.0,18.0)
(503.0,18.0)
(18.0,18.0)
(16.0,18.0)
(17.0,18.0)
(17.0,18.0)
(18.0,18.0)
(16.0,18.0)
(18.0,18.0)
(515.0,18.0)
(515.0,18.0)
(18.0,18.0)
(16.0,18.0)
(18.0,18.0)
(515.0,18.0)
(515.0,18.0)
(17.0,18.0)
(515.0,18.0)
(18.0,18.0)
(20.0,18.0)
(16.0,18.0)
(16.0,18.0)
(18.0,18.0)
(18.0,18.0)
(18.0,18.0)
(15.0,18.0)
(515.0,18.0)
(18.0,18.0)
(18.0,18.0)
(503.0,18.0)
(16.0,18.0)
(515.0,18.0)
(18.0,18.0)
(18.0,18.0)
(515.0,18.0)
(503.0,18.0)
(18.0,18.0)
(30.0,18.0)
(515.0,18.0)
(15.0,18.0)
(515.0,18.0)
(16.0,18.0)
(804.0,18.0)
(16.0,18.0)
(16.0,18.0)
(515.0,18.0)
(515.0,18.0)
(18.0,18.0)
(515.0,18.0)
(25.0,18.0)
(16.0,18.0)
(18.0,18.0)
(804.0,18.0)
(16.0,18.0)
(16.0,18.0)
(16.0,18.0)
(16.0,18.0)
(515.0,18.0)
(515.0,18.0)
(16.0,18.0)
(17.0,18.0)
(15.0,18.0)
(18.0,18.0)
(804.0,18.0)
(16.0,18.0)
(21.0,18.0)
(515.0,18.0)
(18.0,18.0)
(18.0,18.0)
(18.0,18.0)
(804.0,18.0)
(18.0,18.0)
(18.0,18.0)
(515.0,18.0)
(15.0,18.0)
(18.0,18.0)
(16.0,18.0)
(18.0,18.0)
(17.0,18.0)
(17.0,18.0)
(16.0,18.0)
(18.0,18.0)
(18.0,18.0)
(515.0,18.0)
(16.0,18.0)
(16.0,18.0)
(16.0,18.0)
(18.0,18.0)
(503.0,18.0)
(16.0,18.0)
(20.0,18.0)
(515.0,18.0)
(18.0,18.0)
(16.0,18.0)
(18.0,18.0)
(515.0,18.0)
(503.0,18.0)
(18.0,18.0)
(18.0,18.0)
(18.0,18.0)
(17.0,18.0)
(515.0,18.0)
(18.0,18.0)
(503.0,18.0)
(18.0,18.0)
(18.0,18.0)
(20.0,18.0)
(503.0,18.0)
(18.0,18.0)
(18.0,18.0)
(18.0,18.0)
(18.0,18.0)
(17.0,18.0)
(18.0,18.0)
(17.0,18.0)
(17.0,18.0)
(18.0,18.0)
(18.0,18.0)
(16.0,18.0)
(25.0,18.0)
(18.0,18.0)
(16.0,18.0)
(515.0,18.0)
(503.0,18.0)
(18.0,18.0)
(16.0,18.0)
(18.0,18.0)
(16.0,18.0)
(17.0,18.0)
(15.0,18.0)
(515.0,18.0)
(515.0,18.0)
(18.0,18.0)
(18.0,18.0)
(16.0,18.0)
(17.0,18.0)
(17.0,18.0)
(18.0,18.0)
(15.0,18.0)
(18.0,18.0)
(17.0,18.0)
(16.0,18.0)
(515.0,18.0)
(18.0,18.0)
(16.0,18.0)
(515.0,18.0)
(515.0,18.0)
(503.0,18.0)
(515.0,18.0)
(18.0,18.0)
(18.0,18.0)
(16.0,18.0)
(18.0,18.0)
(515.0,18.0)
(18.0,18.0)
(18.0,18.0)
(17.0,18.0)
(16.0,18.0)
(503.0,18.0)
(515.0,18.0)
(18.0,18.0)
(515.0,18.0)
(15.0,18.0)
(18.0,18.0)
(515.0,18.0)
(18.0,18.0)
(18.0,18.0)
(515.0,18.0)
(15.0,18.0)
(515.0,18.0)
(17.0,18.0)
(17.0,18.0)
(18.0,18.0)
(18.0,18.0)
(18.0,18.0)
(25.0,18.0)
(16.0,18.0)
(16.0,18.0)
(515.0,18.0)
(503.0,18.0)
(17.0,18.0)
(18.0,18.0)
(515.0,18.0)
(515.0,18.0)
(515.0,18.0)
(16.0,18.0)
(515.0,18.0)
(515.0,18.0)
(18.0,18.0)
(16.0,18.0)
(18.0,18.0)
(18.0,18.0)
(18.0,18.0)
(18.0,18.0)
(515.0,18.0)
(18.0,18.0)
(515.0,18.0)
(17.0,18.0)
(515.0,18.0)
(16.0,18.0)
(16.0,18.0)
(16.0,18.0)
(515.0,18.0)
(515.0,18.0)
(18.0,18.0)
(15.0,18.0)
(503.0,18.0)
(16.0,18.0)
(16.0,18.0)
(18.0,18.0)
(17.0,18.0)
(18.0,18.0)
(18.0,18.0)
(18.0,18.0)
(16.0,18.0)
(16.0,18.0)
(503.0,18.0)
(515.0,18.0)
(18.0,18.0)
(503.0,18.0)
(16.0,18.0)
(13.0,18.0)
(18.0,18.0)
(18.0,18.0)
(18.0,18.0)
(18.0,18.0)
(18.0,18.0)
(18.0,18.0)
(16.0,18.0)
(16.0,18.0)
(18.0,18.0)
(17.0,18.0)
(17.0,18.0)
(16.0,18.0)
(18.0,18.0)
(16.0,18.0)
(16.0,18.0)
(515.0,18.0)
(18.0,18.0)
(16.0,18.0)
(515.0,18.0)
(503.0,18.0)
(18.0,18.0)
(515.0,18.0)
(16.0,18.0)
(18.0,18.0)
(17.0,18.0)
(18.0,18.0)
(16.0,18.0)
(16.0,18.0)
(18.0,18.0)
(18.0,18.0)
(515.0,18.0)
(16.0,18.0)
(16.0,18.0)
(15.0,18.0)
(18.0,18.0)
(18.0,18.0)
(18.0,18.0)
(515.0,18.0)
(18.0,18.0)
(17.0,18.0)
(16.0,18.0)
(18.0,18.0)
(18.0,18.0)
(503.0,18.0)
(16.0,18.0)
(18.0,18.0)
(18.0,18.0)
(18.0,18.0)
(18.0,18.0)
(17.0,18.0)
(515.0,18.0)
(503.0,18.0)
(18.0,18.0)
(515.0,18.0)
(515.0,18.0)
(11.0,18.0)
(16.0,18.0)
(503.0,18.0)
(18.0,18.0)
(16.0,18.0)
(16.0,18.0)
(18.0,18.0)
(503.0,18.0)
(459.0,18.0)
(515.0,18.0)
(17.0,18.0)
(503.0,18.0)
(16.0,18.0)
(18.0,18.0)
(18.0,18.0)
(18.0,18.0)
(17.0,18.0)
(18.0,18.0)
(503.0,18.0)
(18.0,18.0)
(18.0,18.0)
(18.0,18.0)
(503.0,18.0)
(515.0,18.0)
(515.0,18.0)
(18.0,18.0)
(515.0,18.0)
(18.0,18.0)
(18.0,18.0)
(17.0,18.0)
(16.0,18.0)
(18.0,18.0)
(515.0,18.0)
(503.0,18.0)
(503.0,18.0)
(18.0,18.0)
(17.0,18.0)
(18.0,18.0)
(18.0,18.0)
(18.0,18.0)
(459.0,18.0)
(503.0,18.0)
(18.0,18.0)
(18.0,18.0)
(21.0,18.0)
(503.0,18.0)
(503.0,18.0)
(17.0,18.0)
(18.0,18.0)
(16.0,18.0)
(18.0,18.0)
(18.0,18.0)
(18.0,18.0)
(18.0,18.0)
(503.0,18.0)
(515.0,18.0)
(515.0,18.0)
(17.0,18.0)
(17.0,18.0)
(503.0,18.0)
(18.0,18.0)
(18.0,18.0)
(18.0,18.0)
(16.0,18.0)
(29.0,18.0)
(15.0,18.0)
(13.0,18.0)
(17.0,18.0)
(18.0,18.0)
(18.0,18.0)
(18.0,18.0)
(515.0,18.0)
(17.0,18.0)
(29.0,18.0)
(17.0,18.0)
(18.0,18.0)
(18.0,18.0)
(18.0,18.0)
(503.0,18.0)
(515.0,18.0)
(503.0,18.0)
(18.0,18.0)
(16.0,18.0)
(18.0,18.0)
(18.0,18.0)
(18.0,18.0)
(18.0,18.0)
(515.0,18.0)
(16.0,18.0)
(515.0,18.0)
(503.0,18.0)
(17.0,18.0)
(515.0,18.0)
(29.0,18.0)
(18.0,18.0)
(17.0,18.0)
(503.0,18.0)
(17.0,18.0)
(17.0,18.0)
(515.0,18.0)
(503.0,18.0)
(18.0,18.0)
(515.0,18.0)
(515.0,18.0)
(18.0,18.0)
(17.0,18.0)
(515.0,18.0)
(18.0,18.0)
(18.0,18.0)
(18.0,18.0)
(18.0,18.0)
(498.0,18.0)
(18.0,18.0)
(18.0,18.0)
(17.0,18.0)
(17.0,18.0)
(16.0,18.0)
(18.0,18.0)
(515.0,18.0)
(515.0,18.0)
(447.0,18.0)
(16.0,18.0)
(515.0,18.0)
(503.0,18.0)
(17.0,18.0)
(515.0,18.0)
(18.0,18.0)
(515.0,18.0)
(18.0,18.0)
(515.0,18.0)
(18.0,18.0)
(503.0,18.0)
(515.0,18.0)
(18.0,18.0)
(17.0,18.0)
(16.0,18.0)
(18.0,18.0)
(18.0,18.0)
(18.0,18.0)
(18.0,18.0)
(503.0,18.0)
(18.0,18.0)
(503.0,18.0)
(503.0,18.0)
(515.0,18.0)
(17.0,18.0)
(17.0,18.0)
(515.0,18.0)
(29.0,18.0)
(503.0,18.0)
(515.0,18.0)
(18.0,18.0)
(515.0,18.0)
(503.0,18.0)
(17.0,18.0)
(16.0,18.0)
(18.0,18.0)
(17.0,18.0)
(498.0,18.0)
(17.0,18.0)
(18.0,18.0)
(18.0,18.0)
(18.0,18.0)
(18.0,18.0)
(515.0,18.0)
(503.0,18.0)
(17.0,18.0)
(515.0,18.0)
(18.0,18.0)
(18.0,18.0)
(515.0,18.0)
(16.0,18.0)
(515.0,18.0)
(17.0,18.0)
(18.0,18.0)
(18.0,18.0)
(515.0,18.0)
(515.0,18.0)
(18.0,18.0)
(16.0,18.0)
(16.0,18.0)
(18.0,18.0)
(18.0,18.0)
(18.0,18.0)
(18.0,18.0)
(17.0,18.0)
(16.0,18.0)
(18.0,18.0)
(16.0,18.0)
(515.0,18.0)
(17.0,18.0)
(506.0,18.0)
(15.0,18.0)
(18.0,18.0)
(515.0,18.0)
(18.0,18.0)
(16.0,18.0)
(17.0,18.0)
(515.0,18.0)
(18.0,18.0)
(21.0,18.0)
(18.0,18.0)
(18.0,18.0)
(18.0,18.0)
(17.0,18.0)
(515.0,18.0)
(515.0,18.0)
(17.0,18.0)
(515.0,18.0)
(515.0,18.0)
(16.0,18.0)
(17.0,18.0)
(18.0,18.0)
(18.0,18.0)
(18.0,18.0)
(18.0,18.0)
(515.0,18.0)
(515.0,18.0)
(16.0,18.0)
(18.0,18.0)
(515.0,18.0)
(515.0,18.0)
(15.0,18.0)
(16.0,18.0)
(18.0,18.0)
(18.0,18.0)
(515.0,18.0)
(515.0,18.0)
(503.0,18.0)
(18.0,18.0)
(515.0,18.0)
(18.0,18.0)
(18.0,18.0)
(18.0,18.0)
(18.0,18.0)
(18.0,18.0)
(25.0,18.0)
(25.0,18.0)
(18.0,18.0)
(18.0,18.0)
(515.0,18.0)
(515.0,18.0)
(16.0,18.0)
(18.0,18.0)
(16.0,18.0)
(503.0,18.0)
(18.0,18.0)
(17.0,18.0)
(18.0,18.0)
(515.0,18.0)
(515.0,18.0)
(16.0,18.0)
(16.0,18.0)
(18.0,18.0)
(18.0,18.0)
(515.0,18.0)
(18.0,18.0)
(503.0,18.0)
(18.0,18.0)
(25.0,18.0)
(16.0,18.0)
(515.0,18.0)
(515.0,18.0)
(16.0,18.0)
(18.0,18.0)
(18.0,18.0)
(18.0,18.0)
(503.0,18.0)
(25.0,18.0)
(25.0,18.0)
(515.0,18.0)
(18.0,18.0)
(18.0,18.0)
(18.0,18.0)
(18.0,18.0)
(18.0,18.0)
(18.0,18.0)
(506.0,18.0)
(16.0,18.0)
(16.0,18.0)
(503.0,18.0)
(16.0,18.0)
(18.0,18.0)
(18.0,18.0)
(17.0,18.0)
(18.0,18.0)
(16.0,18.0)
(503.0,18.0)
(18.0,18.0)
(16.0,18.0)
(503.0,18.0)
(18.0,18.0)
(515.0,18.0)
(18.0,18.0)
(515.0,18.0)
(16.0,18.0)
(16.0,18.0)
(17.0,18.0)
(503.0,18.0)
(18.0,18.0)
(515.0,18.0)
(515.0,18.0)
(18.0,18.0)
(16.0,18.0)
(18.0,18.0)
(515.0,18.0)
(18.0,18.0)
(18.0,18.0)
(515.0,18.0)
(18.0,18.0)
(18.0,18.0)
(503.0,18.0)
(15.0,18.0)
(515.0,18.0)
(17.0,18.0)
(515.0,18.0)
(18.0,18.0)
(515.0,18.0)
(15.0,18.0)
(515.0,18.0)
(16.0,18.0)
(515.0,18.0)
(18.0,18.0)
(18.0,18.0)
(16.0,18.0)
(18.0,18.0)
(18.0,18.0)
(18.0,18.0)
(503.0,18.0)
(18.0,18.0)
(17.0,18.0)
(18.0,18.0)
(18.0,18.0)
(18.0,18.0)
(18.0,18.0)
(18.0,18.0)
(16.0,18.0)
(18.0,18.0)
(18.0,18.0)
(18.0,18.0)
(18.0,18.0)
(515.0,18.0)
(16.0,18.0)
(15.0,18.0)
(17.0,18.0)
(16.0,18.0)
(16.0,18.0)
(16.0,18.0)
(17.0,18.0)
(18.0,18.0)
(503.0,18.0)
(18.0,18.0)
(15.0,18.0)
(18.0,18.0)
(18.0,18.0)
(16.0,18.0)
(17.0,18.0)
(17.0,18.0)
(18.0,18.0)
(18.0,18.0)
(17.0,18.0)
(18.0,18.0)
(503.0,18.0)
(503.0,18.0)
(18.0,18.0)
(503.0,18.0)
(18.0,18.0)
(515.0,18.0)
(503.0,18.0)
(18.0,18.0)
(17.0,18.0)
(29.0,18.0)
(18.0,18.0)
(18.0,18.0)
(503.0,18.0)
(31.0,18.0)
(20.0,18.0)
(17.0,18.0)
(18.0,18.0)
(17.0,18.0)
(515.0,18.0)
(16.0,18.0)
(18.0,18.0)
(503.0,18.0)
(16.0,18.0)
(18.0,18.0)
(17.0,18.0)
(16.0,18.0)
(18.0,18.0)
(18.0,18.0)
(18.0,18.0)
(16.0,18.0)
(16.0,18.0)
(503.0,18.0)
(16.0,18.0)
(515.0,18.0)
(18.0,18.0)
(506.0,18.0)
(16.0,18.0)
(16.0,18.0)
(17.0,18.0)
(17.0,18.0)
(17.0,18.0)
(16.0,18.0)
(18.0,18.0)
(21.0,18.0)
(503.0,18.0)
(503.0,18.0)
(515.0,18.0)
(503.0,18.0)
(16.0,18.0)
(18.0,18.0)
(18.0,18.0)
(18.0,18.0)
(515.0,18.0)
(18.0,18.0)
(18.0,18.0)
(17.0,18.0)
(18.0,18.0)
(17.0,18.0)
(15.0,18.0)
(18.0,18.0)
(17.0,18.0)
(16.0,18.0)
(515.0,18.0)
(18.0,18.0)
(18.0,18.0)
(18.0,18.0)
(506.0,18.0)
(503.0,18.0)
(18.0,18.0)
(18.0,18.0)
(16.0,18.0)
(503.0,18.0)
(18.0,18.0)
(17.0,18.0)
(18.0,18.0)
(18.0,18.0)
(18.0,18.0)
(16.0,18.0)
(17.0,18.0)
(18.0,18.0)
(18.0,18.0)
(16.0,18.0)
(16.0,18.0)
(18.0,18.0)
(18.0,18.0)
(16.0,18.0)
(515.0,18.0)
(16.0,18.0)
(18.0,18.0)
(18.0,18.0)
(18.0,18.0)
(503.0,18.0)
(18.0,18.0)
(515.0,18.0)
(17.0,18.0)
(18.0,18.0)
(20.0,18.0)
(515.0,18.0)
(18.0,18.0)
(17.0,18.0)
(17.0,18.0)
(18.0,18.0)
(17.0,18.0)
(17.0,18.0)
(18.0,18.0)
(18.0,18.0)
(18.0,18.0)
(506.0,18.0)
(17.0,18.0)
(515.0,18.0)
(515.0,18.0)
(18.0,18.0)
(503.0,18.0)
(18.0,18.0)
(13.0,18.0)
(515.0,18.0)
(18.0,18.0)
(18.0,18.0)
(515.0,18.0)
(515.0,18.0)
(16.0,18.0)
(18.0,18.0)
(16.0,18.0)
(503.0,18.0)
(29.0,18.0)
(17.0,18.0)
(17.0,18.0)
(17.0,18.0)
(18.0,18.0)
(29.0,18.0)
(506.0,18.0)
(17.0,18.0)
(498.0,18.0)
(17.0,18.0)
(515.0,18.0)
(17.0,18.0)
(17.0,18.0)
(503.0,18.0)
(18.0,18.0)
(503.0,18.0)
(515.0,18.0)
(17.0,18.0)
(29.0,18.0)
(515.0,18.0)
(17.0,18.0)
(13.0,18.0)
(13.0,18.0)
(18.0,18.0)
(18.0,18.0)
(16.0,18.0)
(29.0,18.0)
(17.0,18.0)
(15.0,18.0)
(17.0,18.0)
(18.0,18.0)
(515.0,18.0)
(17.0,18.0)
(498.0,18.0)
(15.0,18.0)
(16.0,18.0)
(18.0,18.0)
(503.0,18.0)
(18.0,18.0)
(503.0,18.0)
(18.0,18.0)
(17.0,18.0)
(16.0,18.0)
(515.0,18.0)
(18.0,18.0)
(18.0,18.0)
(29.0,18.0)
(17.0,18.0)
(13.0,18.0)
(18.0,18.0)
(18.0,18.0)
(17.0,18.0)
(506.0,18.0)
(17.0,18.0)
(29.0,18.0)
(515.0,18.0)
(16.0,18.0)
(18.0,18.0)
(13.0,18.0)
(18.0,18.0)
(17.0,18.0)
(17.0,18.0)
(17.0,18.0)
(503.0,18.0)
(29.0,18.0)
(447.0,18.0)
(515.0,18.0)
(503.0,18.0)
(18.0,18.0)
(17.0,18.0)
(17.0,18.0)
(17.0,18.0)
(13.0,18.0)
(18.0,18.0)
(18.0,18.0)
(447.0,18.0)
(515.0,18.0)
(18.0,18.0)
(17.0,18.0)
(503.0,18.0)
(18.0,18.0)
(18.0,18.0)
(515.0,18.0)
(18.0,18.0)
(503.0,18.0)
(515.0,18.0)
(16.0,18.0)
(515.0,18.0)
(515.0,18.0)
(17.0,18.0)
(515.0,18.0)
(29.0,18.0)
(21.0,18.0)
(18.0,18.0)
(18.0,18.0)
(29.0,18.0)
(515.0,18.0)
(18.0,18.0)
(18.0,18.0)
(16.0,18.0)
(17.0,18.0)
(17.0,18.0)
(18.0,18.0)
(17.0,18.0)
(17.0,18.0)
(18.0,18.0)
(503.0,18.0)
(17.0,18.0)
(17.0,18.0)
(503.0,18.0)
(503.0,18.0)
(17.0,18.0)
(13.0,18.0)
(503.0,18.0)
(18.0,18.0)
(447.0,18.0)
(503.0,18.0)
(503.0,18.0)
(515.0,18.0)
(515.0,18.0)
(18.0,18.0)
(18.0,18.0)
(18.0,18.0)
(18.0,18.0)
(17.0,18.0)
(18.0,18.0)
(17.0,18.0)
(515.0,18.0)
(503.0,18.0)
(18.0,18.0)
(18.0,18.0)
(503.0,18.0)
(17.0,18.0)
(18.0,18.0)
(17.0,18.0)
(18.0,18.0)
(29.0,18.0)
(515.0,18.0)
(18.0,18.0)
(503.0,18.0)
(18.0,18.0)
(18.0,18.0)
(17.0,18.0)
(18.0,18.0)
(17.0,18.0)
(17.0,18.0)
(503.0,18.0)
(18.0,18.0)
(21.0,18.0)
(506.0,18.0)
(515.0,18.0)
(503.0,18.0)
(13.0,18.0)
(515.0,18.0)
(503.0,18.0)
(515.0,18.0)
(18.0,18.0)
(498.0,18.0)
(447.0,18.0)
(18.0,18.0)
(17.0,18.0)
(16.0,18.0)
(503.0,18.0)
(21.0,18.0)
(18.0,18.0)
(18.0,18.0)
(17.0,18.0)
(515.0,18.0)
(18.0,18.0)
(18.0,18.0)
(29.0,18.0)
(29.0,18.0)
(17.0,18.0)
(17.0,18.0)
(515.0,18.0)
(18.0,18.0)
(569.0,18.0)
(503.0,18.0)
(29.0,18.0)
(503.0,18.0)
(503.0,18.0)
(515.0,18.0)
(498.0,18.0)
(503.0,18.0)
(17.0,18.0)
(447.0,18.0)
(18.0,18.0)
(447.0,18.0)
(498.0,18.0)
(17.0,18.0)
(17.0,18.0)
(15.0,18.0)
(17.0,18.0)
(18.0,18.0)
(503.0,18.0)
(16.0,18.0)
(503.0,18.0)
(515.0,18.0)
(18.0,18.0)
(506.0,18.0)
(515.0,18.0)
(17.0,18.0)
(16.0,18.0)
(18.0,18.0)
(18.0,18.0)
(18.0,18.0)
(18.0,18.0)
(17.0,18.0)
(17.0,18.0)
(569.0,18.0)
(17.0,18.0)
(29.0,18.0)
(18.0,18.0)
(15.0,18.0)
(21.0,18.0)
(17.0,18.0)
(17.0,18.0)
(18.0,18.0)
(17.0,18.0)
(515.0,18.0)
(18.0,18.0)
(17.0,18.0)
(18.0,18.0)
(569.0,18.0)
(503.0,18.0)
(503.0,18.0)
(515.0,18.0)
(18.0,18.0)
(515.0,18.0)
(18.0,18.0)
(503.0,18.0)
(498.0,18.0)
(515.0,18.0)
(447.0,18.0)
(18.0,18.0)
(498.0,18.0)
(17.0,18.0)
(17.0,18.0)
(447.0,18.0)
(29.0,18.0)
(503.0,18.0)
(17.0,18.0)
(18.0,18.0)
(515.0,18.0)
(515.0,18.0)
(18.0,18.0)
(29.0,18.0)
(17.0,18.0)
(17.0,18.0)
(17.0,18.0)
(21.0,18.0)
(18.0,18.0)
(13.0,18.0)
(17.0,18.0)
(16.0,18.0)
(515.0,18.0)
(515.0,18.0)
(17.0,18.0)
(17.0,18.0)
(17.0,18.0)
(17.0,18.0)
(18.0,18.0)
(515.0,18.0)
(503.0,18.0)
(447.0,18.0)
(515.0,18.0)
(503.0,18.0)
(515.0,18.0)
(515.0,18.0)
(515.0,18.0)
(515.0,18.0)
(503.0,18.0)
(18.0,18.0)
(17.0,18.0)
(17.0,18.0)
(503.0,18.0)
(498.0,18.0)
(515.0,18.0)
(17.0,18.0)
(17.0,18.0)
(17.0,18.0)
(18.0,18.0)
(17.0,18.0)
(18.0,18.0)
(17.0,18.0)
(503.0,18.0)
(447.0,18.0)
(512.0,18.0)
(515.0,18.0)
(515.0,18.0)
(18.0,18.0)
(18.0,18.0)
(18.0,18.0)
(29.0,18.0)
(515.0,18.0)
(13.0,18.0)
(515.0,18.0)
(503.0,18.0)
(13.0,18.0)
(17.0,18.0)
(515.0,18.0)
(503.0,18.0)
(459.0,18.0)
(29.0,18.0)
(18.0,18.0)
(17.0,18.0)
(503.0,18.0)
(16.0,18.0)
(17.0,18.0)
(18.0,18.0)
(18.0,18.0)
(17.0,18.0)
(503.0,18.0)
(515.0,18.0)
(17.0,18.0)
(18.0,18.0)
(503.0,18.0)
(515.0,18.0)
(515.0,18.0)
(503.0,18.0)
(18.0,18.0)
(18.0,18.0)
(18.0,18.0)
(17.0,18.0)
(18.0,18.0)
(18.0,18.0)
(515.0,18.0)
(503.0,18.0)
(503.0,18.0)
(18.0,18.0)
(18.0,18.0)
(18.0,18.0)
(18.0,18.0)
(17.0,18.0)
(503.0,18.0)
(503.0,18.0)
(17.0,18.0)
(503.0,18.0)
(18.0,18.0)
(515.0,18.0)
(503.0,18.0)
(17.0,18.0)
(18.0,18.0)
(18.0,18.0)
(18.0,18.0)
(18.0,18.0)
(18.0,18.0)
(18.0,18.0)
(435.0,18.0)
(31.0,18.0)
(515.0,18.0)
(17.0,18.0)
(17.0,18.0)
(503.0,18.0)
(18.0,18.0)
(18.0,18.0)
(18.0,18.0)
(26.0,18.0)
(515.0,18.0)
(18.0,18.0)
(17.0,18.0)
(18.0,18.0)
(18.0,18.0)
(18.0,18.0)
(515.0,18.0)
(17.0,18.0)
(29.0,18.0)
(17.0,18.0)
(18.0,18.0)
(18.0,18.0)
(18.0,18.0)
(503.0,18.0)
(18.0,18.0)
(503.0,18.0)
(18.0,18.0)
(21.0,18.0)
(18.0,18.0)
(18.0,18.0)
(503.0,18.0)
(16.0,18.0)
(17.0,18.0)
(515.0,18.0)
(515.0,18.0)
(503.0,18.0)
(17.0,18.0)
(515.0,18.0)
(29.0,18.0)
(18.0,18.0)
(17.0,18.0)
(503.0,18.0)
(17.0,18.0)
(17.0,18.0)
(515.0,18.0)
(503.0,18.0)
(18.0,18.0)
(515.0,18.0)
(18.0,18.0)
(18.0,18.0)
(17.0,18.0)
(16.0,18.0)
(18.0,18.0)
(18.0,18.0)
(18.0,18.0)
(18.0,18.0)
(17.0,18.0)
(17.0,18.0)
(18.0,18.0)
(18.0,18.0)
(17.0,18.0)
(17.0,18.0)
(16.0,18.0)
(18.0,18.0)
(17.0,18.0)
(515.0,18.0)
(447.0,18.0)
(16.0,18.0)
(515.0,18.0)
(503.0,18.0)
(17.0,18.0)
(18.0,18.0)
(515.0,18.0)
(18.0,18.0)
(515.0,18.0)
(18.0,18.0)
(435.0,18.0)
(515.0,18.0)
(18.0,18.0)
(17.0,18.0)
(21.0,18.0)
(17.0,18.0)
(18.0,18.0)
(18.0,18.0)
(18.0,18.0)
(503.0,18.0)
(17.0,18.0)
(503.0,18.0)
(503.0,18.0)
(16.0,18.0)
(17.0,18.0)
(18.0,18.0)
(515.0,18.0)
(515.0,18.0)
(503.0,18.0)
(18.0,18.0)
(18.0,18.0)
(17.0,18.0)
(503.0,18.0)
(17.0,18.0)
(16.0,18.0)
(18.0,18.0)
(17.0,18.0)
(17.0,18.0)
(515.0,18.0)
(25.0,18.0)
(804.0,18.0)
(18.0,18.0)
(17.0,18.0)
(515.0,18.0)
(16.0,18.0)
(515.0,18.0)
(18.0,18.0)
(503.0,18.0)
(16.0,18.0)
(16.0,18.0)
(804.0,18.0)
(804.0,18.0)
(18.0,18.0)
(515.0,18.0)
(18.0,18.0)
(17.0,18.0)
(515.0,18.0)
(18.0,18.0)
(16.0,18.0)
(16.0,18.0)
(18.0,18.0)
(515.0,18.0)
(515.0,18.0)
(15.0,18.0)
(17.0,18.0)
(18.0,18.0)
(503.0,18.0)
(18.0,18.0)
(18.0,18.0)
(515.0,18.0)
(515.0,18.0)
(18.0,18.0)
(17.0,18.0)
(515.0,18.0)
(503.0,18.0)
(515.0,18.0)
(18.0,18.0)
(21.0,18.0)
(16.0,18.0)
(503.0,18.0)
(18.0,18.0)
(17.0,18.0)
(17.0,18.0)
(16.0,18.0)
(515.0,18.0)
(16.0,18.0)
(17.0,18.0)
(515.0,18.0)
(18.0,18.0)
(18.0,18.0)
(18.0,18.0)
(17.0,18.0)
(515.0,18.0)
(515.0,18.0)
(17.0,18.0)
(515.0,18.0)
(18.0,18.0)
(20.0,18.0)
(16.0,18.0)
(16.0,18.0)
(18.0,18.0)
(17.0,18.0)
(515.0,18.0)
(15.0,18.0)
(515.0,18.0)
(18.0,18.0)
(18.0,18.0)
(18.0,18.0)
(16.0,18.0)
(515.0,18.0)
(18.0,18.0)
(16.0,18.0)
(503.0,18.0)
(18.0,18.0)
(515.0,18.0)
(18.0,18.0)
(515.0,18.0)
(16.0,18.0)
(804.0,18.0)
(16.0,18.0)
(515.0,18.0)
(503.0,18.0)
(515.0,18.0)
(17.0,18.0)
(18.0,18.0)
(17.0,18.0)
(25.0,18.0)
(16.0,18.0)
(18.0,18.0)
(804.0,18.0)
(17.0,18.0)
(16.0,18.0)
(18.0,18.0)
(16.0,18.0)
(515.0,18.0)
(17.0,18.0)
(16.0,18.0)
(17.0,18.0)
(15.0,18.0)
(18.0,18.0)
(804.0,18.0)
(503.0,18.0)
(16.0,18.0)
(515.0,18.0)
(18.0,18.0)
(16.0,18.0)
(18.0,18.0)
(804.0,18.0)
(18.0,18.0)
(18.0,18.0)
(515.0,18.0)
(18.0,18.0)
(18.0,18.0)
(16.0,18.0)
(18.0,18.0)
(17.0,18.0)
(17.0,18.0)
(16.0,18.0)
(18.0,18.0)
(18.0,18.0)
(515.0,18.0)
(503.0,18.0)
(16.0,18.0)
(515.0,18.0)
(16.0,18.0)
(515.0,18.0)
(18.0,18.0)
(18.0,18.0)
(16.0,18.0)
(18.0,18.0)
(515.0,18.0)
(16.0,18.0)
(16.0,18.0)
(18.0,18.0)
(515.0,18.0)
(503.0,18.0)
(18.0,18.0)
(18.0,18.0)
(18.0,18.0)
(18.0,18.0)
(515.0,18.0)
(503.0,18.0)
(16.0,18.0)
(515.0,18.0)
(20.0,18.0)
(515.0,18.0)
(18.0,18.0)
(18.0,18.0)
(18.0,18.0)
(17.0,18.0)
(18.0,18.0)
(17.0,18.0)
(18.0,18.0)
(18.0,18.0)
(18.0,18.0)
(18.0,18.0)
(25.0,18.0)
(18.0,18.0)
(515.0,18.0)
(515.0,18.0)
(25.0,18.0)
(503.0,18.0)
(18.0,18.0)
(17.0,18.0)
(515.0,18.0)
(18.0,18.0)
(18.0,18.0)
(18.0,18.0)
(503.0,18.0)
(16.0,18.0)
(20.0,18.0)
(16.0,18.0)
(18.0,18.0)
(18.0,18.0)
(16.0,18.0)
(17.0,18.0)
(515.0,18.0)
(15.0,18.0)
(15.0,18.0)
(16.0,18.0)
(515.0,18.0)
(18.0,18.0)
(515.0,18.0)
(18.0,18.0)
(17.0,18.0)
(18.0,18.0)
(503.0,18.0)
(16.0,18.0)
(17.0,18.0)
(515.0,18.0)
(515.0,18.0)
(503.0,18.0)
(17.0,18.0)
(515.0,18.0)
(503.0,18.0)
(515.0,18.0)
(18.0,18.0)
(18.0,18.0)
(515.0,18.0)
(18.0,18.0)
(18.0,18.0)
(515.0,18.0)
(17.0,18.0)
(515.0,18.0)
(16.0,18.0)
(16.0,18.0)
(18.0,18.0)
(18.0,18.0)
(18.0,18.0)
(503.0,18.0)
(18.0,18.0)
(515.0,18.0)
(515.0,18.0)
(17.0,18.0)
(17.0,18.0)
(18.0,18.0)
(16.0,18.0)
(16.0,18.0)
(18.0,18.0)
(16.0,18.0)
(515.0,18.0)
(18.0,18.0)
(18.0,18.0)
(18.0,18.0)
(18.0,18.0)
(18.0,18.0)
(16.0,18.0)
(515.0,18.0)
(18.0,18.0)
(30.0,18.0)
(503.0,18.0)
(18.0,18.0)
(515.0,18.0)
(18.0,18.0)
(515.0,18.0)
(16.0,18.0)
(16.0,18.0)
(515.0,18.0)
(503.0,18.0)
(515.0,18.0)
(17.0,18.0)
(16.0,18.0)
(515.0,18.0)
(25.0,18.0)
(16.0,18.0)
(18.0,18.0)
(804.0,18.0)
(18.0,18.0)
(16.0,18.0)
(515.0,18.0)
(18.0,18.0)
(503.0,18.0)
(21.0,18.0)
(515.0,18.0)
(21.0,18.0)
(16.0,18.0)
(17.0,18.0)
(503.0,18.0)
(16.0,18.0)
(515.0,18.0)
(515.0,18.0)
(18.0,18.0)
(18.0,18.0)
(804.0,18.0)
(18.0,18.0)
(18.0,18.0)
(18.0,18.0)
(18.0,18.0)
(503.0,18.0)
(18.0,18.0)
(16.0,18.0)
(18.0,18.0)
(17.0,18.0)
(17.0,18.0)
(16.0,18.0)
(18.0,18.0)
(515.0,18.0)
(18.0,18.0)
(25.0,18.0)
(16.0,18.0)
(515.0,18.0)
(16.0,18.0)
(21.0,18.0)
(18.0,18.0)
(18.0,18.0)
(18.0,18.0)
(18.0,18.0)
(16.0,18.0)
(18.0,18.0)
(515.0,18.0)
(16.0,18.0)
(515.0,18.0)
(18.0,18.0)
(16.0,18.0)
(17.0,18.0)
(18.0,18.0)
(17.0,18.0)
(515.0,18.0)
(18.0,18.0)
(515.0,18.0)
(503.0,18.0)
(18.0,18.0)
(18.0,18.0)
(18.0,18.0)
(18.0,18.0)
(18.0,18.0)
(16.0,18.0)
(18.0,18.0)
(498.0,18.0)
(515.0,18.0)
(18.0,18.0)
(515.0,18.0)
(18.0,18.0)
(25.0,18.0)
(18.0,18.0)
(18.0,18.0)
(18.0,18.0)
(503.0,18.0)
(503.0,18.0)
(18.0,18.0)
(18.0,18.0)
(503.0,18.0)
(18.0,18.0)
(17.0,18.0)
(17.0,18.0)
(515.0,18.0)
(17.0,18.0)
(515.0,18.0)
(18.0,18.0)
(503.0,18.0)
(16.0,18.0)
(18.0,18.0)
(18.0,18.0)
(18.0,18.0)
(515.0,18.0)
(18.0,18.0)
(515.0,18.0)
(16.0,18.0)
(18.0,18.0)
(20.0,18.0)
(16.0,18.0)
(16.0,18.0)
(15.0,18.0)
(17.0,18.0)
(18.0,18.0)
(18.0,18.0)
(447.0,18.0)
(18.0,18.0)
(515.0,18.0)
(18.0,18.0)
(16.0,18.0)
(18.0,18.0)
(17.0,18.0)
(18.0,18.0)
(21.0,18.0)
(18.0,18.0)
(16.0,18.0)
(18.0,18.0)
(17.0,18.0)
(515.0,18.0)
(18.0,18.0)
(18.0,18.0)
(18.0,18.0)
(17.0,18.0)
(515.0,18.0)
(18.0,18.0)
(17.0,18.0)
(18.0,18.0)
(18.0,18.0)
(18.0,18.0)
(16.0,18.0)
(16.0,18.0)
(18.0,18.0)
(18.0,18.0)
(18.0,18.0)
(18.0,18.0)
(15.0,18.0)
(20.0,18.0)
(18.0,18.0)
(18.0,18.0)
(18.0,18.0)
(16.0,18.0)
(515.0,18.0)
(18.0,18.0)
(16.0,18.0)
(16.0,18.0)
(18.0,18.0)
(18.0,18.0)
(18.0,18.0)
(18.0,18.0)
(18.0,18.0)
(30.0,18.0)
(515.0,18.0)
(18.0,18.0)
(515.0,18.0)
(16.0,18.0)
(18.0,18.0)
(16.0,18.0)
(16.0,18.0)
(18.0,18.0)
(18.0,18.0)
(16.0,18.0)
(515.0,18.0)
(18.0,18.0)
(16.0,18.0)
(16.0,18.0)
(17.0,18.0)
(18.0,18.0)
(16.0,18.0)
(18.0,18.0)
(17.0,18.0)
(18.0,18.0)
(16.0,18.0)
(17.0,18.0)
(447.0,18.0)
(18.0,18.0)
(515.0,18.0)
(16.0,18.0)
(21.0,18.0)
(18.0,18.0)
(18.0,18.0)
(447.0,18.0)
(18.0,18.0)
(18.0,18.0)
(17.0,18.0)
(515.0,18.0)
(18.0,18.0)
(18.0,18.0)
(18.0,18.0)
(515.0,18.0)
(16.0,18.0)
(18.0,18.0)
(17.0,18.0)
(17.0,18.0)
(16.0,18.0)
(18.0,18.0)
(18.0,18.0)
(503.0,18.0)
(16.0,18.0)
(18.0,18.0)
(17.0,18.0)
(18.0,18.0)
(18.0,18.0)
(18.0,18.0)
(18.0,18.0)
(18.0,18.0)
(18.0,18.0)
(515.0,18.0)
(16.0,18.0)
(18.0,18.0)
(515.0,18.0)
(515.0,18.0)
(18.0,18.0)
(18.0,18.0)
(18.0,18.0)
(18.0,18.0)
(16.0,18.0)
(18.0,18.0)
(447.0,18.0)
(18.0,18.0)
(18.0,18.0)
(503.0,18.0)
(18.0,18.0)
(447.0,18.0)
(18.0,18.0)
(18.0,18.0)
(18.0,18.0)
(515.0,18.0)
(17.0,18.0)
(18.0,18.0)
(18.0,18.0)
(18.0,18.0)
(17.0,18.0)
(18.0,18.0)
(18.0,18.0)
(16.0,18.0)
(515.0,18.0)
(515.0,18.0)
(515.0,18.0)
(18.0,18.0)
(515.0,18.0)
(17.0,18.0)
(515.0,18.0)
(18.0,18.0)
(515.0,18.0)
(18.0,18.0)
(503.0,18.0)
(16.0,18.0)
(804.0,18.0)
(804.0,18.0)
(17.0,18.0)
(515.0,18.0)
(18.0,18.0)
(17.0,18.0)
(515.0,18.0)
(16.0,18.0)
(13.0,18.0)
(515.0,18.0)
(18.0,18.0)
(515.0,18.0)
(15.0,18.0)
(17.0,18.0)
(18.0,18.0)
(18.0,18.0)
(18.0,18.0)
(515.0,18.0)
(18.0,18.0)
(17.0,18.0)
(515.0,18.0)
(18.0,18.0)
(503.0,18.0)
(515.0,18.0)
(16.0,18.0)
(21.0,18.0)
(13.0,18.0)
(503.0,18.0)
(18.0,18.0)
(16.0,18.0)
(17.0,18.0)
(17.0,18.0)
(515.0,18.0)
(16.0,18.0)
(18.0,18.0)
(515.0,18.0)
(18.0,18.0)
(18.0,18.0)
(16.0,18.0)
(18.0,18.0)
(17.0,18.0)
(17.0,18.0)
(515.0,18.0)
(17.0,18.0)
(515.0,18.0)
(18.0,18.0)
(20.0,18.0)
(16.0,18.0)
(16.0,18.0)
(18.0,18.0)
(18.0,18.0)
(18.0,18.0)
(15.0,18.0)
(515.0,18.0)
(18.0,18.0)
(18.0,18.0)
(16.0,18.0)
(515.0,18.0)
(18.0,18.0)
(16.0,18.0)
(515.0,18.0)
(503.0,18.0)
(18.0,18.0)
(30.0,18.0)
(515.0,18.0)
(15.0,18.0)
(515.0,18.0)
(16.0,18.0)
(515.0,18.0)
(16.0,18.0)
(18.0,18.0)
(13.0,18.0)
(17.0,18.0)
(18.0,18.0)
(515.0,18.0)
(25.0,18.0)
(16.0,18.0)
(18.0,18.0)
(503.0,18.0)
(16.0,18.0)
(16.0,18.0)
(16.0,18.0)
(16.0,18.0)
(515.0,18.0)
(17.0,18.0)
(16.0,18.0)
(17.0,18.0)
(15.0,18.0)
(18.0,18.0)
(804.0,18.0)
(16.0,18.0)
(21.0,18.0)
(515.0,18.0)
(18.0,18.0)
(18.0,18.0)
(503.0,18.0)
(18.0,18.0)
(18.0,18.0)
(18.0,18.0)
(18.0,18.0)
(16.0,18.0)
(18.0,18.0)
(17.0,18.0)
(17.0,18.0)
(16.0,18.0)
(18.0,18.0)
(515.0,18.0)
(503.0,18.0)
(16.0,18.0)
(16.0,18.0)
(16.0,18.0)
(18.0,18.0)
(16.0,18.0)
(20.0,18.0)
(515.0,18.0)
(18.0,18.0)
(18.0,18.0)
(16.0,18.0)
(17.0,18.0)
(515.0,18.0)
(503.0,18.0)
(18.0,18.0)
(18.0,18.0)
(18.0,18.0)
(17.0,18.0)
(18.0,18.0)
(18.0,18.0)
(503.0,18.0)
(18.0,18.0)
(25.0,18.0)
(18.0,18.0)
(20.0,18.0)
(503.0,18.0)
(18.0,18.0)
(18.0,18.0)
(18.0,18.0)
(17.0,18.0)
(18.0,18.0)
(17.0,18.0)
(17.0,18.0)
(18.0,18.0)
(18.0,18.0)
(16.0,18.0)
(25.0,18.0)
(18.0,18.0)
(16.0,18.0)
(18.0,18.0)
(18.0,18.0)
(16.0,18.0)
(18.0,18.0)
(17.0,18.0)
(515.0,18.0)
(18.0,18.0)
(21.0,18.0)
(18.0,18.0)
(503.0,18.0)
(18.0,18.0)
(16.0,18.0)
(18.0,18.0)
(17.0,18.0)
(515.0,18.0)
(18.0,18.0)
(503.0,18.0)
(21.0,18.0)
(16.0,18.0)
(503.0,18.0)
(515.0,18.0)
(16.0,18.0)
(16.0,18.0)
(16.0,18.0)
(17.0,18.0)
(503.0,18.0)
(20.0,18.0)
(503.0,18.0)
(515.0,18.0)
(503.0,18.0)
(18.0,18.0)
(18.0,18.0)
(503.0,18.0)
(18.0,18.0)
(16.0,18.0)
(511.0,18.0)
(515.0,18.0)
(16.0,18.0)
(18.0,18.0)
(511.0,18.0)
(18.0,18.0)
(503.0,18.0)
(18.0,18.0)
(16.0,18.0)
(17.0,18.0)
(18.0,18.0)
(18.0,18.0)
(18.0,18.0)
(16.0,18.0)
(18.0,18.0)
(18.0,18.0)
(17.0,18.0)
(16.0,18.0)
(515.0,18.0)
(16.0,18.0)
(16.0,18.0)
(18.0,18.0)
(18.0,18.0)
(18.0,18.0)
(18.0,18.0)
(515.0,18.0)
(18.0,18.0)
(18.0,18.0)
(20.0,18.0)
(16.0,18.0)
(515.0,18.0)
(18.0,18.0)
(18.0,18.0)
(16.0,18.0)
(18.0,18.0)
(18.0,18.0)
(18.0,18.0)
(18.0,18.0)
(18.0,18.0)
(417.0,18.0)
(515.0,18.0)
(15.0,18.0)
(515.0,18.0)
(16.0,18.0)
(18.0,18.0)
(515.0,18.0)
(16.0,18.0)
(20.0,18.0)
(503.0,18.0)
(18.0,18.0)
(17.0,18.0)
(17.0,18.0)
(16.0,18.0)
(17.0,18.0)
(511.0,18.0)
(16.0,18.0)
(18.0,18.0)
(18.0,18.0)
(17.0,18.0)
(18.0,18.0)
(16.0,18.0)
(18.0,18.0)
(503.0,18.0)
(515.0,18.0)
(18.0,18.0)
(16.0,18.0)
(17.0,18.0)
(18.0,18.0)
(18.0,18.0)
(503.0,18.0)
(18.0,18.0)
(18.0,18.0)
(17.0,18.0)
(515.0,18.0)
(18.0,18.0)
(18.0,18.0)
(18.0,18.0)
(18.0,18.0)
(18.0,18.0)
(16.0,18.0)
(18.0,18.0)
(17.0,18.0)
(17.0,18.0)
(16.0,18.0)
(18.0,18.0)
(18.0,18.0)
(503.0,18.0)
(18.0,18.0)
(16.0,18.0)
(16.0,18.0)
(18.0,18.0)
(18.0,18.0)
(20.0,18.0)
(16.0,18.0)
(18.0,18.0)
(18.0,18.0)
(515.0,18.0)
(16.0,18.0)
(503.0,18.0)
(21.0,18.0)
(17.0,18.0)
(18.0,18.0)
(515.0,18.0)
(503.0,18.0)
(18.0,18.0)
(18.0,18.0)
(503.0,18.0)
(18.0,18.0)
(515.0,18.0)
(16.0,18.0)
(18.0,18.0)
(503.0,18.0)
(18.0,18.0)
(18.0,18.0)
(18.0,18.0)
(498.0,18.0)
(18.0,18.0)
(18.0,18.0)
(17.0,18.0)
(18.0,18.0)
(16.0,18.0)
(16.0,18.0)
(18.0,18.0)
(515.0,18.0)
(515.0,18.0)
(15.0,18.0)
(515.0,18.0)
(515.0,18.0)
(515.0,18.0)
(18.0,18.0)
(515.0,18.0)
(18.0,18.0)
(515.0,18.0)
(16.0,18.0)
(37.0,18.0)
(515.0,18.0)
(515.0,18.0)
(17.0,18.0)
(804.0,18.0)
(17.0,18.0)
(16.0,18.0)
(503.0,18.0)
(29.0,18.0)
(515.0,18.0)
(16.0,18.0)
(503.0,18.0)
(16.0,18.0)
(18.0,18.0)
(18.0,18.0)
(515.0,18.0)
(18.0,18.0)
(503.0,18.0)
(515.0,18.0)
(18.0,18.0)
(18.0,18.0)
(17.0,18.0)
(18.0,18.0)
(515.0,18.0)
(18.0,18.0)
(18.0,18.0)
(29.0,18.0)
(18.0,18.0)
(18.0,18.0)
(18.0,18.0)
(515.0,18.0)
(18.0,18.0)
(13.0,18.0)
(18.0,18.0)
(18.0,18.0)
(503.0,18.0)
(18.0,18.0)
(18.0,18.0)
(29.0,18.0)
(16.0,18.0)
(18.0,18.0)
(515.0,18.0)
(503.0,18.0)
(13.0,18.0)
(511.0,18.0)
(515.0,18.0)
(17.0,18.0)
(18.0,18.0)
(15.0,18.0)
(515.0,18.0)
(503.0,18.0)
(515.0,18.0)
(16.0,18.0)
(18.0,18.0)
(16.0,18.0)
(17.0,18.0)
(515.0,18.0)
(18.0,18.0)
(503.0,18.0)
(18.0,18.0)
(515.0,18.0)
(515.0,18.0)
(17.0,18.0)
(18.0,18.0)
(515.0,18.0)
(18.0,18.0)
(16.0,18.0)
(18.0,18.0)
(17.0,18.0)
(16.0,18.0)
(503.0,18.0)
(515.0,18.0)
(503.0,18.0)
(515.0,18.0)
(16.0,18.0)
(18.0,18.0)
(515.0,18.0)
(16.0,18.0)
(18.0,18.0)
(17.0,18.0)
(18.0,18.0)
(29.0,18.0)
(18.0,18.0)
(18.0,18.0)
(515.0,18.0)
(515.0,18.0)
(18.0,18.0)
(447.0,18.0)
(18.0,18.0)
(18.0,18.0)
(18.0,18.0)
(37.0,18.0)
(18.0,18.0)
(515.0,18.0)
(16.0,18.0)
(18.0,18.0)
(503.0,18.0)
(18.0,18.0)
(21.0,18.0)
(16.0,18.0)
(18.0,18.0)
(18.0,18.0)
(18.0,18.0)
(18.0,18.0)
(18.0,18.0)
(459.0,18.0)
(511.0,18.0)
(447.0,18.0)
(503.0,18.0)
(18.0,18.0)
(18.0,18.0)
(17.0,18.0)
(18.0,18.0)
(18.0,18.0)
(16.0,18.0)
(503.0,18.0)
(503.0,18.0)
(16.0,18.0)
(16.0,18.0)
(18.0,18.0)
(17.0,18.0)
(16.0,18.0)
(18.0,18.0)
(515.0,18.0)
(21.0,18.0)
(18.0,18.0)
(16.0,18.0)
(18.0,18.0)
(17.0,18.0)
(18.0,18.0)
(17.0,18.0)
(16.0,18.0)
(16.0,18.0)
(18.0,18.0)
(18.0,18.0)
(17.0,18.0)
(503.0,18.0)
(515.0,18.0)
(18.0,18.0)
(804.0,18.0)
(503.0,18.0)
(17.0,18.0)
(18.0,18.0)
(515.0,18.0)
(17.0,18.0)
(17.0,18.0)
(18.0,18.0)
(18.0,18.0)
(18.0,18.0)
(17.0,18.0)
(18.0,18.0)
(16.0,18.0)
(21.0,18.0)
(18.0,18.0)
(18.0,18.0)
(515.0,18.0)
(18.0,18.0)
(515.0,18.0)
(18.0,18.0)
(16.0,18.0)
(17.0,18.0)
(503.0,18.0)
(18.0,18.0)
(17.0,18.0)
(515.0,18.0)
(18.0,18.0)
(18.0,18.0)
(18.0,18.0)
(29.0,18.0)
(515.0,18.0)
(16.0,18.0)
(515.0,18.0)
(18.0,18.0)
(18.0,18.0)
(18.0,18.0)
(18.0,18.0)
(18.0,18.0)
(515.0,18.0)
(17.0,18.0)
(515.0,18.0)
(15.0,18.0)
(16.0,18.0)
(18.0,18.0)
(18.0,18.0)
(16.0,18.0)
(18.0,18.0)
(515.0,18.0)
(16.0,18.0)
(515.0,18.0)
(18.0,18.0)
(515.0,18.0)
(498.0,18.0)
(17.0,18.0)
(18.0,18.0)
(18.0,18.0)
(16.0,18.0)
(17.0,18.0)
(18.0,18.0)
(25.0,18.0)
(16.0,18.0)
(515.0,18.0)
(16.0,18.0)
(481.0,18.0)
(21.0,18.0)
(18.0,18.0)
(503.0,18.0)
(18.0,18.0)
(18.0,18.0)
(25.0,18.0)
(16.0,18.0)
(421.0,18.0)
(17.0,18.0)
(15.0,18.0)
(17.0,18.0)
(515.0,18.0)
(16.0,18.0)
(16.0,18.0)
(15.0,18.0)
(18.0,18.0)
(18.0,18.0)
(15.0,18.0)
(18.0,18.0)
(15.0,18.0)
(16.0,18.0)
(16.0,18.0)
(515.0,18.0)
(18.0,18.0)
(15.0,18.0)
(17.0,18.0)
(16.0,18.0)
(515.0,18.0)
(15.0,18.0)
(15.0,18.0)
(515.0,18.0)
(18.0,18.0)
(515.0,18.0)
(16.0,18.0)
(15.0,18.0)
(18.0,18.0)
(16.0,18.0)
(18.0,18.0)
(18.0,18.0)
(18.0,18.0)
(16.0,18.0)
(16.0,18.0)
(18.0,18.0)
(16.0,18.0)
(21.0,18.0)
(515.0,18.0)
(503.0,18.0)
(16.0,18.0)
(18.0,18.0)
(16.0,18.0)
(515.0,18.0)
(17.0,18.0)
(515.0,18.0)
(18.0,18.0)
(18.0,18.0)
(16.0,18.0)
(18.0,18.0)
(29.0,18.0)
(18.0,18.0)
(18.0,18.0)
(18.0,18.0)
(18.0,18.0)
(503.0,18.0)
(15.0,18.0)
(503.0,18.0)
(503.0,18.0)
(18.0,18.0)
(16.0,18.0)
(515.0,18.0)
(18.0,18.0)
(16.0,18.0)
(18.0,18.0)
(16.0,18.0)
(18.0,18.0)
(18.0,18.0)
(21.0,18.0)
(16.0,18.0)
(515.0,18.0)
(16.0,18.0)
(18.0,18.0)
(503.0,18.0)
(16.0,18.0)
(21.0,18.0)
(515.0,18.0)
(18.0,18.0)
(515.0,18.0)
(18.0,18.0)
(515.0,18.0)
(18.0,18.0)
(16.0,18.0)
(515.0,18.0)
(25.0,18.0)
(17.0,18.0)
(16.0,18.0)
(18.0,18.0)
(515.0,18.0)
(18.0,18.0)
(17.0,18.0)
(18.0,18.0)
(512.0,18.0)
(18.0,18.0)
(498.0,18.0)
(515.0,18.0)
(8.0,18.0)
(18.0,18.0)
(515.0,18.0)
(18.0,18.0)
(18.0,18.0)
(16.0,18.0)
(15.0,18.0)
(17.0,18.0)
(17.0,18.0)
(18.0,18.0)
(18.0,18.0)
(18.0,18.0)
(18.0,18.0)
(17.0,18.0)
(804.0,18.0)
(17.0,18.0)
(515.0,18.0)
(16.0,18.0)
(515.0,18.0)
(18.0,18.0)
(503.0,18.0)
(18.0,18.0)
(16.0,18.0)
(18.0,18.0)
(515.0,18.0)
(515.0,18.0)
(18.0,18.0)
(18.0,18.0)
(515.0,18.0)
(18.0,18.0)
(515.0,18.0)
(515.0,18.0)
(16.0,18.0)
(18.0,18.0)
(15.0,18.0)
(17.0,18.0)
(503.0,18.0)
(20.0,18.0)
(515.0,18.0)
(515.0,18.0)
(503.0,18.0)
(18.0,18.0)
(18.0,18.0)
(515.0,18.0)
(18.0,18.0)
(16.0,18.0)
(25.0,18.0)
(515.0,18.0)
(16.0,18.0)
(18.0,18.0)
(25.0,18.0)
(17.0,18.0)
(17.0,18.0)
(804.0,18.0)
(16.0,18.0)
(17.0,18.0)
(515.0,18.0)
(18.0,18.0)
(17.0,18.0)
(515.0,18.0)
(25.0,18.0)
(18.0,18.0)
(18.0,18.0)
(17.0,18.0)
(30.0,18.0)
(18.0,18.0)
(16.0,18.0)
(16.0,18.0)
(18.0,18.0)
(18.0,18.0)
(18.0,18.0)
(18.0,18.0)
(15.0,18.0)
(18.0,18.0)
(18.0,18.0)
(20.0,18.0)
(17.0,18.0)
(515.0,18.0)
(18.0,18.0)
(18.0,18.0)
(17.0,18.0)
(18.0,18.0)
(18.0,18.0)
(18.0,18.0)
(515.0,18.0)
(18.0,18.0)
(515.0,18.0)
(16.0,18.0)
(515.0,18.0)
(16.0,18.0)
(20.0,18.0)
(17.0,18.0)
(18.0,18.0)
(17.0,18.0)
(17.0,18.0)
(16.0,18.0)
(18.0,18.0)
(25.0,18.0)
(16.0,18.0)
(18.0,18.0)
(18.0,18.0)
(18.0,18.0)
(17.0,18.0)
(18.0,18.0)
(16.0,18.0)
(17.0,18.0)
(15.0,18.0)
(515.0,18.0)
(515.0,18.0)
(515.0,18.0)
(16.0,18.0)
(515.0,18.0)
(18.0,18.0)
(18.0,18.0)
(18.0,18.0)
(18.0,18.0)
(18.0,18.0)
(18.0,18.0)
(515.0,18.0)
(18.0,18.0)
(804.0,18.0)
(15.0,18.0)
(18.0,18.0)
(18.0,18.0)
(16.0,18.0)
(18.0,18.0)
(17.0,18.0)
(17.0,18.0)
(16.0,18.0)
(18.0,18.0)
(18.0,18.0)
(503.0,18.0)
(18.0,18.0)
(16.0,18.0)
(515.0,18.0)
(16.0,18.0)
(515.0,18.0)
(18.0,18.0)
(20.0,18.0)
(18.0,18.0)
(16.0,18.0)
(18.0,18.0)
(18.0,18.0)
(16.0,18.0)
(16.0,18.0)
(25.0,18.0)
(515.0,18.0)
(16.0,18.0)
(18.0,18.0)
(18.0,18.0)
(503.0,18.0)
(515.0,18.0)
(17.0,18.0)
(515.0,18.0)
(18.0,18.0)
(13.0,18.0)
(503.0,18.0)
(18.0,18.0)
(18.0,18.0)
(18.0,18.0)
(18.0,18.0)
(25.0,18.0)
(18.0,18.0)
(515.0,18.0)
(17.0,18.0)
(18.0,18.0)
(18.0,18.0)
(17.0,18.0)
(17.0,18.0)
(515.0,18.0)
(17.0,18.0)
(18.0,18.0)
(16.0,18.0)
(18.0,18.0)
(515.0,18.0)
(18.0,18.0)
(18.0,18.0)
(515.0,18.0)
(18.0,18.0)
(16.0,18.0)
(18.0,18.0)
(16.0,18.0)
(16.0,18.0)
(503.0,18.0)
(18.0,18.0)
(515.0,18.0)
(18.0,18.0)
(15.0,18.0)
(515.0,18.0)
(18.0,18.0)
(18.0,18.0)
(16.0,18.0)
(18.0,18.0)
(17.0,18.0)
(515.0,18.0)
(503.0,18.0)
(18.0,18.0)
(18.0,18.0)
(515.0,18.0)
(17.0,18.0)
(503.0,18.0)
(21.0,18.0)
(515.0,18.0)
(18.0,18.0)
(515.0,18.0)
(15.0,18.0)
(515.0,18.0)
(17.0,18.0)
(17.0,18.0)
(18.0,18.0)
(515.0,18.0)
(16.0,18.0)
(18.0,18.0)
(18.0,18.0)
(515.0,18.0)
(515.0,18.0)
(18.0,18.0)
(503.0,18.0)
(515.0,18.0)
(18.0,18.0)
(515.0,18.0)
(18.0,18.0)
(503.0,18.0)
(18.0,18.0)
(15.0,18.0)
(16.0,18.0)
(18.0,18.0)
(18.0,18.0)
(18.0,18.0)
(16.0,18.0)
(16.0,18.0)
(18.0,18.0)
(503.0,18.0)
(18.0,18.0)
(511.0,18.0)
(16.0,18.0)
(515.0,18.0)
(18.0,18.0)
(804.0,18.0)
(498.0,18.0)
(515.0,18.0)
(13.0,18.0)
(18.0,18.0)
(18.0,18.0)
(18.0,18.0)
(18.0,18.0)
(18.0,18.0)
(18.0,18.0)
(515.0,18.0)
(503.0,18.0)
(16.0,18.0)
(16.0,18.0)
(18.0,18.0)
(16.0,18.0)
(16.0,18.0)
(17.0,18.0)
(17.0,18.0)
(15.0,18.0)
(515.0,18.0)
(18.0,18.0)
(515.0,18.0)
(16.0,18.0)
(16.0,18.0)
(18.0,18.0)
(18.0,18.0)
(18.0,18.0)
(18.0,18.0)
(16.0,18.0)
(18.0,18.0)
(18.0,18.0)
(16.0,18.0)
(503.0,18.0)
(18.0,18.0)
(18.0,18.0)
(16.0,18.0)
(515.0,18.0)
(16.0,18.0)
(515.0,18.0)
(18.0,18.0)
(511.0,18.0)
(18.0,18.0)
(18.0,18.0)
(18.0,18.0)
(18.0,18.0)
(515.0,18.0)
(16.0,18.0)
(498.0,18.0)
(503.0,18.0)
(16.0,18.0)
(18.0,18.0)
(18.0,18.0)
(16.0,18.0)
(515.0,18.0)
(18.0,18.0)
(18.0,18.0)
(17.0,18.0)
(16.0,18.0)
(18.0,18.0)
(515.0,18.0)
(17.0,18.0)
(16.0,18.0)
(29.0,18.0)
(804.0,18.0)
(16.0,18.0)
(515.0,18.0)
(503.0,18.0)
(16.0,18.0)
(16.0,18.0)
(18.0,18.0)
(18.0,18.0)
(18.0,18.0)
(18.0,18.0)
(18.0,18.0)
(18.0,18.0)
(18.0,18.0)
(503.0,18.0)
(18.0,18.0)
(503.0,18.0)
(18.0,18.0)
(18.0,18.0)
(804.0,18.0)
(17.0,18.0)
(18.0,18.0)
(18.0,18.0)
(503.0,18.0)
(804.0,18.0)
(17.0,18.0)
(18.0,18.0)
(515.0,18.0)
(503.0,18.0)
(25.0,18.0)
(515.0,18.0)
(21.0,18.0)
(16.0,18.0)
(18.0,18.0)
(18.0,18.0)
(18.0,18.0)
(16.0,18.0)
(18.0,18.0)
(515.0,18.0)
(503.0,18.0)
(515.0,18.0)
(515.0,18.0)
(515.0,18.0)
(515.0,18.0)
(515.0,18.0)
(515.0,18.0)
(503.0,18.0)
(515.0,18.0)
(515.0,18.0)
(515.0,18.0)
(17.0,18.0)
(515.0,18.0)
(20.0,18.0)
(515.0,18.0)
(515.0,18.0)
(503.0,18.0)
(18.0,18.0)
(13.0,18.0)
(515.0,18.0)
(18.0,18.0)
(18.0,18.0)
(515.0,18.0)
(13.0,18.0)
(13.0,18.0)
(515.0,18.0)
(503.0,18.0)
(503.0,18.0)
(515.0,18.0)
(515.0,18.0)
(17.0,18.0)
(18.0,18.0)
(17.0,18.0)
(515.0,18.0)
(21.0,18.0)
(13.0,18.0)
(18.0,18.0)
(515.0,18.0)
(16.0,18.0)
(515.0,18.0)
(16.0,18.0)
(16.0,18.0)
(515.0,18.0)
(17.0,18.0)
(18.0,18.0)
(18.0,18.0)
(16.0,18.0)
(18.0,18.0)
(18.0,18.0)
(515.0,18.0)
(17.0,18.0)
(18.0,18.0)
(515.0,18.0)
(17.0,18.0)
(515.0,18.0)
(18.0,18.0)
(515.0,18.0)
(16.0,18.0)
(18.0,18.0)
(515.0,18.0)
(18.0,18.0)
(515.0,18.0)
(17.0,18.0)
(515.0,18.0)
(18.0,18.0)
(18.0,18.0)
(515.0,18.0)
(503.0,18.0)
(17.0,18.0)
(17.0,18.0)
(515.0,18.0)
(512.0,18.0)
(17.0,18.0)
(18.0,18.0)
(515.0,18.0)
(18.0,18.0)
(18.0,18.0)
(17.0,18.0)
(515.0,18.0)
(29.0,18.0)
(18.0,18.0)
(503.0,18.0)
(13.0,18.0)
(515.0,18.0)
(20.0,18.0)
(18.0,18.0)
(18.0,18.0)
(515.0,18.0)
(515.0,18.0)
(18.0,18.0)
(18.0,18.0)
(515.0,18.0)
(17.0,18.0)
(515.0,18.0)
(17.0,18.0)
(18.0,18.0)
(18.0,18.0)
(515.0,18.0)
(16.0,18.0)
(515.0,18.0)
(515.0,18.0)
(16.0,18.0)
(515.0,18.0)
(18.0,18.0)
(16.0,18.0)
(18.0,18.0)
(18.0,18.0)
(515.0,18.0)
(18.0,18.0)
(515.0,18.0)
(17.0,18.0)
(18.0,18.0)
(17.0,18.0)
(515.0,18.0)
(13.0,18.0)
(18.0,18.0)
(515.0,18.0)
(515.0,18.0)
(13.0,18.0)
(503.0,18.0)
(16.0,18.0)
(515.0,18.0)
(512.0,18.0)
(503.0,18.0)
(18.0,18.0)
(16.0,18.0)
(18.0,18.0)
(18.0,18.0)
(515.0,18.0)
(18.0,18.0)
(16.0,18.0)
(515.0,18.0)
(18.0,18.0)
(515.0,18.0)
(18.0,18.0)
(515.0,18.0)
(18.0,18.0)
(18.0,18.0)
(13.0,18.0)
(503.0,20.0)
(29.0,20.0)
(16.0,20.0)
(515.0,20.0)
(515.0,20.0)
(17.0,20.0)
(503.0,20.0)
(16.0,20.0)
(515.0,20.0)
(503.0,20.0)
(515.0,20.0)
(18.0,20.0)
(17.0,20.0)
(506.0,20.0)
(17.0,20.0)
(503.0,20.0)
(503.0,20.0)
(13.0,20.0)
(498.0,20.0)
(13.0,20.0)
(503.0,20.0)
(25.0,20.0)
(17.0,20.0)
(123.0,20.0)
(503.0,20.0)
(17.0,20.0)
(16.0,20.0)
(17.0,20.0)
(17.0,20.0)
(18.0,20.0)
(17.0,20.0)
(515.0,20.0)
(18.0,20.0)
(17.0,20.0)
(17.0,20.0)
(17.0,20.0)
(16.0,20.0)
(515.0,20.0)
(18.0,20.0)
(459.0,20.0)
(515.0,20.0)
(503.0,20.0)
(25.0,20.0)
(18.0,20.0)
(515.0,20.0)
(18.0,20.0)
(511.0,20.0)
(503.0,20.0)
(17.0,20.0)
(515.0,20.0)
(17.0,20.0)
(503.0,20.0)
(503.0,20.0)
(18.0,20.0)
(16.0,20.0)
(17.0,20.0)
(503.0,20.0)
(25.0,20.0)
(18.0,20.0)
(515.0,20.0)
(503.0,20.0)
(515.0,20.0)
(29.0,20.0)
(511.0,20.0)
(515.0,20.0)
(17.0,20.0)
(503.0,20.0)
(515.0,20.0)
(17.0,20.0)
(515.0,20.0)
(17.0,20.0)
(16.0,20.0)
(515.0,20.0)
(17.0,20.0)
(15.0,20.0)
(17.0,20.0)
(17.0,20.0)
(515.0,20.0)
(515.0,20.0)
(515.0,20.0)
(17.0,20.0)
(17.0,20.0)
(17.0,20.0)
(515.0,20.0)
(511.0,20.0)
(13.0,20.0)
(29.0,20.0)
(503.0,20.0)
(13.0,20.0)
(17.0,20.0)
(16.0,20.0)
(13.0,20.0)
(17.0,20.0)
(23.0,20.0)
(17.0,20.0)
(17.0,20.0)
(20.0,20.0)
(123.0,20.0)
(515.0,20.0)
(17.0,20.0)
(17.0,20.0)
(503.0,20.0)
(16.0,20.0)
(512.0,20.0)
(17.0,20.0)
(17.0,20.0)
(511.0,20.0)
(21.0,20.0)
(515.0,20.0)
(18.0,20.0)
(17.0,20.0)
(16.0,20.0)
(18.0,20.0)
(16.0,20.0)
(25.0,20.0)
(17.0,20.0)
(503.0,20.0)
(16.0,20.0)
(503.0,20.0)
(503.0,20.0)
(29.0,20.0)
(17.0,20.0)
(17.0,20.0)
(515.0,20.0)
(515.0,20.0)
(25.0,20.0)
(17.0,20.0)
(18.0,20.0)
(17.0,20.0)
(515.0,20.0)
(503.0,20.0)
(515.0,20.0)
(17.0,20.0)
(29.0,20.0)
(17.0,20.0)
(16.0,20.0)
(18.0,20.0)
(29.0,20.0)
(13.0,20.0)
(20.0,20.0)
(459.0,20.0)
(18.0,20.0)
(515.0,20.0)
(503.0,20.0)
(498.0,20.0)
(503.0,20.0)
(17.0,20.0)
(503.0,20.0)
(17.0,20.0)
(17.0,20.0)
(17.0,20.0)
(17.0,20.0)
(18.0,20.0)
(17.0,20.0)
(29.0,20.0)
(17.0,20.0)
(17.0,20.0)
(511.0,20.0)
(18.0,20.0)
(515.0,20.0)
(17.0,20.0)
(17.0,20.0)
(515.0,20.0)
(503.0,20.0)
(503.0,20.0)
(515.0,20.0)
(503.0,20.0)
(17.0,20.0)
(17.0,20.0)
(510.0,20.0)
(503.0,20.0)
(25.0,20.0)
(18.0,20.0)
(17.0,20.0)
(17.0,20.0)
(29.0,20.0)
(176.0,20.0)
(503.0,20.0)
(18.0,20.0)
(503.0,20.0)
(459.0,20.0)
(515.0,20.0)
(503.0,20.0)
(17.0,20.0)
(17.0,20.0)
(515.0,20.0)
(29.0,20.0)
(29.0,20.0)
(20.0,20.0)
(13.0,20.0)
(18.0,20.0)
(16.0,20.0)
(17.0,20.0)
(515.0,20.0)
(29.0,20.0)
(18.0,20.0)
(176.0,20.0)
(17.0,20.0)
(503.0,20.0)
(515.0,20.0)
(20.0,20.0)
(16.0,20.0)
(17.0,20.0)
(20.0,20.0)
(503.0,20.0)
(13.0,20.0)
(16.0,20.0)
(25.0,20.0)
(21.0,20.0)
(515.0,20.0)
(515.0,20.0)
(18.0,20.0)
(515.0,20.0)
(17.0,20.0)
(25.0,20.0)
(503.0,20.0)
(512.0,20.0)
(18.0,20.0)
(503.0,20.0)
(16.0,20.0)
(18.0,20.0)
(18.0,20.0)
(17.0,20.0)
(503.0,20.0)
(18.0,20.0)
(17.0,20.0)
(15.0,20.0)
(17.0,20.0)
(17.0,20.0)
(16.0,20.0)
(29.0,20.0)
(176.0,20.0)
(459.0,20.0)
(459.0,20.0)
(23.0,20.0)
(18.0,20.0)
(17.0,20.0)
(25.0,20.0)
(17.0,20.0)
(25.0,20.0)
(17.0,20.0)
(18.0,20.0)
(16.0,20.0)
(515.0,20.0)
(18.0,20.0)
(17.0,20.0)
(515.0,20.0)
(503.0,20.0)
(17.0,20.0)
(15.0,20.0)
(30.0,20.0)
(503.0,20.0)
(29.0,20.0)
(17.0,20.0)
(511.0,20.0)
(515.0,20.0)
(515.0,20.0)
(503.0,20.0)
(13.0,20.0)
(16.0,20.0)
(515.0,20.0)
(18.0,20.0)
(17.0,20.0)
(503.0,20.0)
(16.0,20.0)
(515.0,20.0)
(503.0,20.0)
(13.0,20.0)
(18.0,20.0)
(17.0,20.0)
(506.0,20.0)
(17.0,20.0)
(503.0,20.0)
(17.0,20.0)
(13.0,20.0)
(498.0,20.0)
(13.0,20.0)
(18.0,20.0)
(17.0,20.0)
(25.0,20.0)
(17.0,20.0)
(123.0,20.0)
(503.0,20.0)
(17.0,20.0)
(16.0,20.0)
(17.0,20.0)
(17.0,20.0)
(515.0,20.0)
(17.0,20.0)
(515.0,20.0)
(17.0,20.0)
(515.0,20.0)
(17.0,20.0)
(503.0,20.0)
(17.0,20.0)
(16.0,20.0)
(515.0,20.0)
(18.0,20.0)
(459.0,20.0)
(18.0,20.0)
(512.0,20.0)
(18.0,20.0)
(25.0,20.0)
(18.0,20.0)
(515.0,20.0)
(515.0,20.0)
(511.0,20.0)
(503.0,20.0)
(21.0,20.0)
(515.0,20.0)
(17.0,20.0)
(17.0,20.0)
(17.0,20.0)
(18.0,20.0)
(16.0,20.0)
(17.0,20.0)
(15.0,20.0)
(511.0,20.0)
(515.0,20.0)
(25.0,20.0)
(18.0,20.0)
(515.0,20.0)
(17.0,20.0)
(25.0,20.0)
(29.0,20.0)
(511.0,20.0)
(515.0,20.0)
(17.0,20.0)
(503.0,20.0)
(515.0,20.0)
(17.0,20.0)
(515.0,20.0)
(17.0,20.0)
(18.0,20.0)
(16.0,20.0)
(515.0,20.0)
(16.0,20.0)
(15.0,20.0)
(17.0,20.0)
(17.0,20.0)
(515.0,20.0)
(515.0,20.0)
(17.0,20.0)
(17.0,20.0)
(17.0,20.0)
(17.0,20.0)
(515.0,20.0)
(511.0,20.0)
(13.0,20.0)
(29.0,20.0)
(503.0,20.0)
(13.0,20.0)
(16.0,20.0)
(16.0,20.0)
(13.0,20.0)
(17.0,20.0)
(23.0,20.0)
(16.0,20.0)
(17.0,20.0)
(20.0,20.0)
(123.0,20.0)
(18.0,20.0)
(17.0,20.0)
(17.0,20.0)
(503.0,20.0)
(16.0,20.0)
(515.0,20.0)
(515.0,20.0)
(17.0,20.0)
(511.0,20.0)
(29.0,20.0)
(25.0,20.0)
(515.0,20.0)
(17.0,20.0)
(503.0,20.0)
(18.0,20.0)
(16.0,20.0)
(17.0,20.0)
(29.0,20.0)
(16.0,20.0)
(503.0,20.0)
(503.0,20.0)
(29.0,20.0)
(21.0,20.0)
(503.0,20.0)
(515.0,20.0)
(17.0,20.0)
(17.0,21.0)
(17.0,21.0)
(15.0,21.0)
(17.0,21.0)
(18.0,21.0)
(17.0,21.0)
(17.0,21.0)
(17.0,21.0)
(17.0,21.0)
(16.0,21.0)
(503.0,21.0)
(21.0,21.0)
(503.0,21.0)
(17.0,21.0)
(17.0,21.0)
(17.0,21.0)
(17.0,21.0)
(17.0,21.0)
(17.0,21.0)
(515.0,21.0)
(16.0,21.0)
(515.0,21.0)
(17.0,21.0)
(17.0,21.0)
(515.0,21.0)
(16.0,21.0)
(21.0,21.0)
(17.0,21.0)
(503.0,21.0)
(17.0,21.0)
(16.0,21.0)
(21.0,21.0)
(30.0,21.0)
(17.0,21.0)
(17.0,21.0)
(17.0,21.0)
(17.0,21.0)
(17.0,21.0)
(17.0,21.0)
(18.0,21.0)
(17.0,21.0)
(17.0,21.0)
(515.0,21.0)
(17.0,21.0)
(17.0,21.0)
(17.0,21.0)
(404.0,21.0)
(17.0,21.0)
(17.0,21.0)
(503.0,21.0)
(17.0,21.0)
(17.0,21.0)
(17.0,21.0)
(503.0,21.0)
(17.0,21.0)
(21.0,21.0)
(17.0,21.0)
(503.0,21.0)
(515.0,21.0)
(17.0,21.0)
(17.0,21.0)
(503.0,21.0)
(17.0,21.0)
(17.0,21.0)
(515.0,21.0)
(17.0,21.0)
(15.0,21.0)
(17.0,21.0)
(21.0,21.0)
(515.0,21.0)
(17.0,21.0)
(17.0,21.0)
(17.0,21.0)
(17.0,21.0)
(16.0,21.0)
(17.0,21.0)
(18.0,21.0)
(18.0,21.0)
(17.0,21.0)
(21.0,21.0)
(503.0,21.0)
(503.0,21.0)
(17.0,21.0)
(21.0,21.0)
(17.0,21.0)
(17.0,21.0)
(503.0,21.0)
(17.0,21.0)
(17.0,21.0)
(404.0,21.0)
(18.0,21.0)
(515.0,21.0)
(17.0,21.0)
(17.0,21.0)
(16.0,21.0)
(503.0,21.0)
(21.0,21.0)
(17.0,21.0)
(515.0,21.0)
(17.0,21.0)
(17.0,21.0)
(17.0,21.0)
(17.0,21.0)
(17.0,21.0)
(17.0,21.0)
(515.0,21.0)
(503.0,21.0)
(17.0,21.0)
(17.0,21.0)
(515.0,21.0)
(17.0,21.0)
(17.0,21.0)
(515.0,21.0)
(13.0,21.0)
(515.0,21.0)
(515.0,21.0)
(17.0,21.0)
(17.0,21.0)
(17.0,21.0)
(17.0,21.0)
(17.0,21.0)
(17.0,21.0)
(17.0,21.0)
(515.0,21.0)
(17.0,21.0)
(17.0,21.0)
(515.0,21.0)
(21.0,21.0)
(17.0,21.0)
(17.0,21.0)
(17.0,21.0)
(17.0,21.0)
(17.0,21.0)
(503.0,21.0)
(17.0,21.0)
(17.0,21.0)
(18.0,19.0)
(515.0,19.0)
(16.0,19.0)
(17.0,19.0)
(17.0,19.0)
(503.0,19.0)
(17.0,19.0)
(17.0,19.0)
(16.0,19.0)
(515.0,19.0)
(16.0,19.0)
(25.0,19.0)
(515.0,19.0)
(17.0,19.0)
(17.0,19.0)
(16.0,19.0)
(17.0,19.0)
(515.0,19.0)
(17.0,19.0)
(515.0,19.0)
(16.0,19.0)
(17.0,19.0)
(17.0,19.0)
(503.0,19.0)
(17.0,19.0)
(503.0,19.0)
(25.0,19.0)
(17.0,19.0)
(503.0,19.0)
(18.0,19.0)
(515.0,19.0)
(17.0,19.0)
(30.0,19.0)
(17.0,19.0)
(515.0,19.0)
(18.0,19.0)
(17.0,19.0)
(18.0,19.0)
(16.0,19.0)
(17.0,19.0)
(27.0,19.0)
(15.0,19.0)
(17.0,19.0)
(515.0,19.0)
(17.0,19.0)
(404.0,19.0)
(18.0,19.0)
(29.0,19.0)
(503.0,19.0)
(13.0,19.0)
(17.0,19.0)
(17.0,19.0)
(29.0,19.0)
(515.0,19.0)
(18.0,19.0)
(17.0,19.0)
(515.0,19.0)
(503.0,19.0)
(16.0,19.0)
(515.0,19.0)
(17.0,19.0)
(17.0,19.0)
(515.0,19.0)
(18.0,19.0)
(17.0,19.0)
(18.0,19.0)
(17.0,19.0)
(20.0,19.0)
(17.0,19.0)
(17.0,19.0)
(503.0,19.0)
(16.0,19.0)
(17.0,19.0)
(17.0,19.0)
(15.0,19.0)
(16.0,19.0)
(515.0,19.0)
(515.0,19.0)
(16.0,19.0)
(17.0,19.0)
(25.0,19.0)
(515.0,19.0)
(515.0,19.0)
(17.0,19.0)
(25.0,19.0)
(17.0,19.0)
(515.0,19.0)
(515.0,19.0)
(17.0,19.0)
(17.0,19.0)
(503.0,19.0)
(515.0,19.0)
(17.0,19.0)
(16.0,19.0)
(17.0,19.0)
(17.0,19.0)
(515.0,19.0)
(18.0,19.0)
(17.0,19.0)
(515.0,19.0)
(15.0,19.0)
(515.0,19.0)
(13.0,19.0)
(17.0,19.0)
(515.0,19.0)
(25.0,19.0)
(515.0,19.0)
(515.0,19.0)
(17.0,19.0)
(17.0,19.0)
(16.0,19.0)
(30.0,19.0)
(515.0,19.0)
(503.0,19.0)
(17.0,19.0)
(29.0,19.0)
(18.0,19.0)
(17.0,19.0)
(17.0,19.0)
(17.0,19.0)
(15.0,19.0)
(17.0,19.0)
(515.0,19.0)
(17.0,19.0)
(25.0,19.0)
(515.0,19.0)
(27.0,19.0)
(515.0,19.0)
(17.0,19.0)
(17.0,19.0)
(503.0,19.0)
(17.0,19.0)
(17.0,19.0)
(503.0,19.0)
(17.0,19.0)
(17.0,21.0)
(17.0,21.0)
(17.0,21.0)
(17.0,21.0)
(18.0,21.0)
(17.0,21.0)
(503.0,21.0)
(17.0,21.0)
(17.0,21.0)
(15.0,21.0)
(503.0,21.0)
(16.0,21.0)
(21.0,21.0)
(503.0,21.0)
(17.0,21.0)
(17.0,21.0)
(18.0,21.0)
(17.0,21.0)
(515.0,21.0)
(17.0,21.0)
(17.0,21.0)
(16.0,21.0)
(515.0,21.0)
(17.0,21.0)
(13.0,21.0)
(515.0,21.0)
(16.0,21.0)
(21.0,21.0)
(17.0,21.0)
(503.0,21.0)
(17.0,21.0)
(16.0,21.0)
(21.0,21.0)
(30.0,21.0)
(17.0,21.0)
(17.0,21.0)
(17.0,21.0)
(17.0,21.0)
(17.0,21.0)
(17.0,21.0)
(17.0,21.0)
(515.0,21.0)
(25.0,21.0)
(503.0,21.0)
(17.0,21.0)
(17.0,21.0)
(17.0,21.0)
(404.0,21.0)
(17.0,21.0)
(18.0,21.0)
(17.0,21.0)
(17.0,21.0)
(18.0,21.0)
(17.0,21.0)
(17.0,21.0)
(17.0,21.0)
(515.0,21.0)
(17.0,21.0)
(21.0,21.0)
(17.0,21.0)
(503.0,21.0)
(515.0,21.0)
(25.0,21.0)
(17.0,21.0)
(503.0,21.0)
(17.0,21.0)
(17.0,21.0)
(506.0,21.0)
(16.0,21.0)
(515.0,21.0)
(17.0,21.0)
(21.0,21.0)
(17.0,21.0)
(17.0,21.0)
(17.0,21.0)
(17.0,21.0)
(17.0,21.0)
(16.0,21.0)
(18.0,21.0)
(17.0,21.0)
(17.0,21.0)
(16.0,21.0)
(21.0,21.0)
(503.0,21.0)
(503.0,21.0)
(17.0,21.0)
(21.0,21.0)
(17.0,21.0)
(17.0,21.0)
(503.0,21.0)
(17.0,21.0)
(17.0,21.0)
(503.0,21.0)
(498.0,21.0)
(17.0,21.0)
(17.0,21.0)
(16.0,21.0)
(17.0,21.0)
(21.0,21.0)
(17.0,21.0)
(17.0,21.0)
(17.0,21.0)
(17.0,21.0)
(515.0,21.0)
(515.0,21.0)
(515.0,21.0)
(16.0,21.0)
(13.0,21.0)
(16.0,21.0)
(503.0,21.0)
(21.0,21.0)
(17.0,21.0)
(515.0,21.0)
(17.0,21.0)
(16.0,21.0)
(17.0,21.0)
(515.0,21.0)
(20.0,21.0)
(17.0,21.0)
(17.0,21.0)
(17.0,21.0)
(18.0,21.0)
(17.0,21.0)
(17.0,21.0)
(17.0,21.0)
(515.0,21.0)
(17.0,21.0)
(17.0,21.0)
(17.0,21.0)
(21.0,21.0)
(17.0,21.0)
(17.0,21.0)
(16.0,21.0)
(17.0,21.0)
(17.0,21.0)
(17.0,21.0)
(17.0,21.0)
(17.0,21.0)
(17.0,21.0)
(18.0,21.0)
(13.0,21.0)
(17.0,21.0)
(503.0,21.0)
(17.0,21.0)
(17.0,21.0)
(15.0,21.0)
(17.0,21.0)
(503.0,21.0)
(503.0,21.0)
(21.0,21.0)
(503.0,21.0)
(17.0,21.0)
(17.0,21.0)
(17.0,21.0)
(17.0,21.0)
(17.0,21.0)
(17.0,21.0)
(515.0,21.0)
(16.0,21.0)
(18.0,21.0)
(17.0,21.0)
(17.0,21.0)
(515.0,21.0)
(503.0,21.0)
(21.0,21.0)
(17.0,21.0)
(17.0,21.0)
(17.0,21.0)
(503.0,21.0)
(503.0,21.0)
(21.0,21.0)
(511.0,21.0)
(17.0,21.0)
(17.0,21.0)
(25.0,21.0)
(17.0,21.0)
(17.0,21.0)
(17.0,21.0)
(503.0,21.0)
(17.0,21.0)
(25.0,21.0)
(17.0,21.0)
(17.0,21.0)
(503.0,21.0)
(503.0,21.0)
(503.0,21.0)
(17.0,21.0)
(18.0,21.0)
(17.0,21.0)
(503.0,21.0)
(18.0,21.0)
(17.0,21.0)
(17.0,21.0)
(503.0,21.0)
(17.0,21.0)
(21.0,21.0)
(17.0,21.0)
(503.0,21.0)
(515.0,21.0)
(25.0,21.0)
(17.0,21.0)
(515.0,21.0)
(17.0,21.0)
(515.0,21.0)
(17.0,21.0)
(18.0,21.0)
(17.0,21.0)
(21.0,21.0)
(515.0,21.0)
(17.0,21.0)
(17.0,21.0)
(17.0,21.0)
(17.0,21.0)
(16.0,21.0)
(502.0,21.0)
(18.0,21.0)
(17.0,21.0)
(502.0,21.0)
(21.0,21.0)
(503.0,21.0)
(503.0,21.0)
(17.0,21.0)
(21.0,21.0)
(17.0,21.0)
(29.0,21.0)
(503.0,21.0)
(21.0,21.0)
(17.0,21.0)
(503.0,21.0)
(498.0,21.0)
(17.0,21.0)
(17.0,21.0)
(503.0,21.0)
(21.0,21.0)
(17.0,21.0)
(17.0,21.0)
(17.0,21.0)
(17.0,21.0)
(515.0,21.0)
(29.0,21.0)
(502.0,21.0)
(17.0,21.0)
(16.0,21.0)
(503.0,21.0)
(17.0,21.0)
(17.0,21.0)
(515.0,21.0)
(17.0,21.0)
(17.0,21.0)
(515.0,21.0)
(13.0,21.0)
(515.0,21.0)
(515.0,21.0)
(17.0,21.0)
(17.0,21.0)
(502.0,21.0)
(17.0,21.0)
(17.0,21.0)
(17.0,21.0)
(503.0,21.0)
(515.0,21.0)
(17.0,21.0)
(17.0,21.0)
(21.0,21.0)
(17.0,21.0)
(25.0,21.0)
(502.0,21.0)
(17.0,21.0)
(17.0,21.0)
(503.0,21.0)
(17.0,21.0)
(17.0,21.0)
(17.0,21.0)
(17.0,21.0)
(447.0,501.0)
(18.0,501.0)
(431.0,501.0)
(447.0,501.0)
(455.0,501.0)
(119.0,501.0)
(119.0,501.0)
(447.0,501.0)
(25.0,501.0)
(17.0,501.0)
(447.0,501.0)
(15.0,501.0)
(455.0,501.0)
(18.0,501.0)
(85.0,501.0)
(22.0,501.0)
(18.0,501.0)
(22.0,501.0)
(17.0,501.0)
(31.0,501.0)
(45.0,501.0)
(413.0,501.0)
(30.0,501.0)
(22.0,501.0)
(18.0,501.0)
(102.0,501.0)
(447.0,501.0)
(22.0,501.0)
(18.0,501.0)
(17.0,501.0)
(18.0,501.0)
(427.0,501.0)
(447.0,501.0)
(15.0,501.0)
(447.0,501.0)
(447.0,501.0)
(15.0,501.0)
(25.0,501.0)
(447.0,501.0)
(18.0,501.0)
(15.0,501.0)
(102.0,501.0)
(447.0,501.0)
(447.0,501.0)
(354.0,501.0)
(522.0,501.0)
(3.0,501.0)
(417.0,501.0)
(85.0,501.0)
(387.0,501.0)
(22.0,501.0)
(22.0,501.0)
(102.0,501.0)
(417.0,501.0)
(447.0,501.0)
(38.0,501.0)
(447.0,501.0)
(455.0,501.0)
(18.0,501.0)
(22.0,501.0)
(25.0,501.0)
(125.0,501.0)
(22.0,501.0)
(15.0,501.0)
(19.0,501.0)
(22.0,501.0)
(18.0,501.0)
(479.0,501.0)
(447.0,501.0)
(15.0,501.0)
(15.0,501.0)
(22.0,501.0)
(37.0,501.0)
(38.0,501.0)
(18.0,501.0)
(37.0,501.0)
(20.0,501.0)
(447.0,501.0)
(447.0,501.0)
(447.0,501.0)
(447.0,501.0)
(121.0,501.0)
(22.0,501.0)
(499.0,501.0)
(421.0,501.0)
(15.0,501.0)
(121.0,501.0)
(22.0,501.0)
(123.0,501.0)
(369.0,501.0)
(22.0,501.0)
(447.0,501.0)
(417.0,501.0)
(20.0,501.0)
(119.0,501.0)
(38.0,501.0)
(17.0,22.0)
(17.0,22.0)
(515.0,22.0)
(503.0,22.0)
(515.0,22.0)
(17.0,22.0)
(515.0,22.0)
(17.0,22.0)
(17.0,22.0)
(511.0,22.0)
(503.0,22.0)
(512.0,22.0)
(503.0,22.0)
(22.0,22.0)
(511.0,22.0)
(503.0,22.0)
(17.0,22.0)
(435.0,22.0)
(515.0,22.0)
(17.0,22.0)
(17.0,22.0)
(515.0,22.0)
(17.0,22.0)
(503.0,22.0)
(25.0,22.0)
(515.0,22.0)
(515.0,22.0)
(17.0,22.0)
(16.0,22.0)
(503.0,22.0)
(515.0,22.0)
(17.0,22.0)
(17.0,22.0)
(503.0,22.0)
(23.0,22.0)
(417.0,22.0)
(515.0,22.0)
(17.0,22.0)
(17.0,22.0)
(22.0,22.0)
(17.0,22.0)
(18.0,22.0)
(17.0,22.0)
(15.0,22.0)
(515.0,22.0)
(515.0,22.0)
(515.0,22.0)
(25.0,22.0)
(17.0,22.0)
(503.0,22.0)
(18.0,22.0)
(17.0,22.0)
(17.0,22.0)
(498.0,22.0)
(506.0,22.0)
(22.0,22.0)
(17.0,22.0)
(503.0,22.0)
(503.0,22.0)
(515.0,22.0)
(28.0,22.0)
(17.0,22.0)
(503.0,22.0)
(17.0,22.0)
(17.0,22.0)
(515.0,22.0)
(503.0,22.0)
(503.0,22.0)
(503.0,22.0)
(503.0,22.0)
(459.0,22.0)
(17.0,22.0)
(17.0,22.0)
(504.0,22.0)
(17.0,22.0)
(23.0,22.0)
(17.0,22.0)
(503.0,22.0)
(17.0,22.0)
(15.0,22.0)
(17.0,22.0)
(515.0,22.0)
(17.0,22.0)
(25.0,22.0)
(515.0,22.0)
(503.0,22.0)
(17.0,22.0)
(17.0,22.0)
(20.0,22.0)
(17.0,22.0)
(17.0,22.0)
(515.0,22.0)
(515.0,22.0)
(515.0,22.0)
(17.0,22.0)
(22.0,22.0)
(503.0,22.0)
(17.0,22.0)
(503.0,22.0)
(17.0,22.0)
(17.0,22.0)
(503.0,22.0)
(515.0,22.0)
(515.0,22.0)
(503.0,22.0)
(515.0,22.0)
(515.0,22.0)
(503.0,22.0)
(17.0,22.0)
(17.0,22.0)
(29.0,22.0)
(17.0,22.0)
(503.0,22.0)
(16.0,22.0)
(515.0,22.0)
(16.0,22.0)
(17.0,22.0)
(17.0,22.0)
(17.0,22.0)
(17.0,22.0)
(503.0,22.0)
(17.0,22.0)
(515.0,22.0)
(503.0,22.0)
(511.0,22.0)
(16.0,22.0)
(17.0,22.0)
(515.0,22.0)
(515.0,22.0)
(515.0,22.0)
(511.0,22.0)
(17.0,22.0)
(515.0,22.0)
(25.0,22.0)
(20.0,22.0)
(17.0,22.0)
(17.0,22.0)
(17.0,22.0)
(17.0,22.0)
(17.0,22.0)
(515.0,22.0)
(17.0,22.0)
(17.0,22.0)
(17.0,22.0)
(515.0,22.0)
(503.0,22.0)
(515.0,22.0)
(17.0,22.0)
(16.0,22.0)
(17.0,22.0)
(503.0,22.0)
(25.0,22.0)
(503.0,22.0)
(503.0,22.0)
(503.0,22.0)
(22.0,22.0)
(25.0,22.0)
(503.0,22.0)
(17.0,22.0)
(435.0,22.0)
(515.0,22.0)
(17.0,22.0)
(17.0,22.0)
(515.0,22.0)
(17.0,22.0)
(503.0,22.0)
(25.0,22.0)
(515.0,22.0)
(503.0,22.0)
(515.0,22.0)
(17.0,22.0)
(515.0,22.0)
(503.0,22.0)
(515.0,22.0)
(17.0,22.0)
(17.0,22.0)
(503.0,22.0)
(23.0,22.0)
(417.0,22.0)
(515.0,22.0)
(17.0,22.0)
(515.0,22.0)
(22.0,22.0)
(17.0,22.0)
(18.0,22.0)
(17.0,22.0)
(23.0,22.0)
(515.0,22.0)
(515.0,22.0)
(515.0,22.0)
(17.0,22.0)
(29.0,22.0)
(17.0,22.0)
(18.0,22.0)
(17.0,22.0)
(17.0,22.0)
(498.0,22.0)
(506.0,22.0)
(22.0,22.0)
(17.0,22.0)
(503.0,22.0)
(503.0,22.0)
(515.0,22.0)
(17.0,22.0)
(503.0,22.0)
(17.0,22.0)
(17.0,22.0)
(515.0,22.0)
(503.0,22.0)
(503.0,22.0)
(503.0,22.0)
(459.0,22.0)
(17.0,22.0)
(17.0,22.0)
(504.0,22.0)
(17.0,22.0)
(23.0,22.0)
(17.0,22.0)
(503.0,22.0)
(17.0,22.0)
(15.0,22.0)
(17.0,22.0)
(515.0,22.0)
(17.0,22.0)
(25.0,22.0)
(515.0,22.0)
(503.0,22.0)
(17.0,22.0)
(17.0,22.0)
(20.0,22.0)
(17.0,22.0)
(17.0,22.0)
(515.0,22.0)
(515.0,22.0)
(515.0,22.0)
(17.0,22.0)
(22.0,22.0)
(503.0,22.0)
(17.0,22.0)
(503.0,22.0)
(17.0,22.0)
(17.0,22.0)
(503.0,22.0)
(515.0,22.0)
(515.0,22.0)
(503.0,22.0)
(515.0,22.0)
(515.0,22.0)
(503.0,22.0)
(17.0,22.0)
(17.0,22.0)
(30.0,22.0)
(17.0,22.0)
(503.0,22.0)
(16.0,22.0)
(515.0,22.0)
(16.0,22.0)
(17.0,22.0)
(17.0,22.0)
(17.0,22.0)
(17.0,22.0)
(503.0,22.0)
(17.0,22.0)
(511.0,22.0)
(503.0,22.0)
(25.0,22.0)
(16.0,22.0)
(17.0,22.0)
(515.0,22.0)
(515.0,22.0)
(515.0,22.0)
(17.0,22.0)
(17.0,22.0)
(515.0,22.0)
(25.0,22.0)
(20.0,22.0)
(17.0,22.0)
(17.0,22.0)
(17.0,22.0)
(17.0,22.0)
(17.0,22.0)
(515.0,22.0)
(515.0,22.0)
(17.0,22.0)
(25.0,22.0)
(17.0,22.0)
(515.0,22.0)
(515.0,22.0)
(22.0,22.0)
(17.0,22.0)
(17.0,22.0)
(17.0,22.0)
(22.0,22.0)
(16.0,22.0)
(17.0,22.0)
(503.0,22.0)
(17.0,22.0)
(22.0,22.0)
(28.0,22.0)
(17.0,22.0)
(503.0,22.0)
(17.0,22.0)
(503.0,22.0)
(17.0,22.0)
(17.0,22.0)
(515.0,22.0)
(17.0,22.0)
(17.0,22.0)
(17.0,22.0)
(515.0,22.0)
(515.0,22.0)
(22.0,22.0)
(17.0,22.0)
(17.0,22.0)
(417.0,22.0)
(25.0,22.0)
(17.0,22.0)
(515.0,22.0)
(503.0,22.0)
(17.0,22.0)
(17.0,22.0)
(13.0,22.0)
(503.0,22.0)
(17.0,22.0)
(17.0,22.0)
(503.0,22.0)
(515.0,22.0)
(18.0,22.0)
(17.0,22.0)
(17.0,22.0)
(17.0,22.0)
(515.0,22.0)
(17.0,22.0)
(503.0,22.0)
(17.0,22.0)
(16.0,22.0)
(515.0,22.0)
(17.0,22.0)
(29.0,22.0)
(17.0,22.0)
(17.0,22.0)
(17.0,22.0)
(503.0,22.0)
(17.0,22.0)
(503.0,22.0)
(17.0,22.0)
(515.0,22.0)
(17.0,22.0)
