(448.0,442.0)
(771.0,442.0)
(448.0,442.0)
(448.0,442.0)
(386.0,442.0)
(483.0,442.0)
(448.0,442.0)
(448.0,442.0)
(413.0,442.0)
(448.0,442.0)
(445.0,442.0)
(423.0,442.0)
(427.0,442.0)
(448.0,442.0)
(386.0,442.0)
(448.0,442.0)
(483.0,442.0)
(424.0,442.0)
(448.0,442.0)
(398.0,442.0)
(771.0,442.0)
(771.0,442.0)
(445.0,442.0)
(402.0,442.0)
(448.0,442.0)
(448.0,442.0)
(771.0,442.0)
(402.0,442.0)
(445.0,442.0)
(448.0,442.0)
(416.0,442.0)
(459.0,442.0)
(448.0,442.0)
(461.0,442.0)
(448.0,442.0)
(448.0,442.0)
(424.0,442.0)
(448.0,442.0)
(421.0,442.0)
(448.0,442.0)
(483.0,442.0)
(459.0,442.0)
(771.0,442.0)
(448.0,442.0)
(771.0,442.0)
(771.0,442.0)
(479.0,442.0)
(771.0,442.0)
(442.0,442.0)
(771.0,442.0)
(448.0,442.0)
(448.0,442.0)
(445.0,442.0)
(386.0,442.0)
(448.0,442.0)
(386.0,442.0)
(445.0,442.0)
(445.0,442.0)
(461.0,442.0)
(445.0,442.0)
(402.0,442.0)
(446.0,442.0)
(445.0,442.0)
(459.0,442.0)
(483.0,442.0)
(424.0,442.0)
(448.0,442.0)
(464.0,442.0)
(448.0,442.0)
(445.0,442.0)
(466.0,442.0)
(771.0,442.0)
(421.0,442.0)
(448.0,442.0)
(442.0,442.0)
(771.0,442.0)
(448.0,442.0)
(771.0,442.0)
(445.0,442.0)
(448.0,442.0)
(448.0,442.0)
(417.0,442.0)
(448.0,442.0)
(448.0,442.0)
(448.0,442.0)
(445.0,442.0)
(479.0,442.0)
(386.0,442.0)
(381.0,442.0)
(459.0,442.0)
(445.0,442.0)
(802.0,442.0)
(448.0,442.0)
(445.0,442.0)
(460.0,442.0)
(448.0,442.0)
(428.0,442.0)
(799.0,442.0)
(412.0,442.0)
(386.0,442.0)
(403.0,442.0)
(448.0,442.0)
(448.0,442.0)
(445.0,442.0)
(448.0,442.0)
(771.0,442.0)
(445.0,442.0)
(460.0,442.0)
(448.0,442.0)
(479.0,442.0)
(461.0,442.0)
(452.0,442.0)
(459.0,442.0)
(459.0,442.0)
(448.0,442.0)
(802.0,442.0)
(771.0,442.0)
(771.0,442.0)
(448.0,442.0)
(381.0,442.0)
(445.0,442.0)
(771.0,442.0)
(771.0,442.0)
(771.0,442.0)
(444.0,442.0)
(389.0,442.0)
(448.0,442.0)
(448.0,442.0)
(445.0,442.0)
(479.0,442.0)
(771.0,442.0)
(445.0,442.0)
(479.0,442.0)
(459.0,442.0)
(448.0,442.0)
(448.0,442.0)
(448.0,442.0)
(386.0,442.0)
(448.0,442.0)
(771.0,442.0)
(771.0,442.0)
(448.0,442.0)
(381.0,442.0)
(483.0,442.0)
(448.0,442.0)
(445.0,442.0)
(386.0,442.0)
(448.0,442.0)
(421.0,442.0)
(771.0,442.0)
(771.0,442.0)
(445.0,442.0)
(445.0,442.0)
(448.0,442.0)
(461.0,442.0)
(459.0,442.0)
(479.0,442.0)
(771.0,442.0)
(448.0,442.0)
(448.0,442.0)
(461.0,442.0)
(389.0,442.0)
(386.0,442.0)
(402.0,442.0)
(459.0,442.0)
(461.0,442.0)
(445.0,442.0)
(448.0,442.0)
(445.0,442.0)
(479.0,442.0)
(422.0,442.0)
(448.0,442.0)
(448.0,442.0)
(445.0,442.0)
(461.0,442.0)
(479.0,442.0)
(445.0,442.0)
(448.0,442.0)
(448.0,442.0)
(448.0,442.0)
(448.0,442.0)
(445.0,442.0)
(448.0,442.0)
(459.0,442.0)
(461.0,442.0)
(771.0,442.0)
(479.0,442.0)
(459.0,442.0)
(428.0,442.0)
(448.0,442.0)
(448.0,442.0)
(771.0,442.0)
(445.0,442.0)
(771.0,442.0)
(467.0,442.0)
(459.0,442.0)
(448.0,442.0)
(468.0,442.0)
(448.0,442.0)
(445.0,442.0)
(448.0,442.0)
(448.0,442.0)
(445.0,442.0)
(468.0,442.0)
(771.0,442.0)
(432.0,442.0)
(771.0,442.0)
(458.0,442.0)
(461.0,442.0)
(448.0,442.0)
(771.0,442.0)
(448.0,442.0)
(461.0,442.0)
(448.0,442.0)
(448.0,442.0)
(459.0,442.0)
(448.0,442.0)
(771.0,442.0)
(431.0,442.0)
(479.0,442.0)
(445.0,442.0)
(448.0,442.0)
(445.0,442.0)
(459.0,442.0)
(448.0,442.0)
(417.0,442.0)
(445.0,442.0)
(386.0,442.0)
(448.0,442.0)
(448.0,442.0)
(459.0,442.0)
(459.0,442.0)
(461.0,442.0)
(445.0,442.0)
(448.0,442.0)
(428.0,442.0)
(388.0,442.0)
(448.0,442.0)
(483.0,442.0)
(771.0,442.0)
(448.0,442.0)
(381.0,442.0)
(448.0,442.0)
(483.0,442.0)
(461.0,442.0)
(448.0,442.0)
(448.0,442.0)
(479.0,442.0)
(445.0,442.0)
(461.0,442.0)
(771.0,442.0)
(448.0,442.0)
(459.0,442.0)
(771.0,442.0)
(381.0,442.0)
(381.0,442.0)
(421.0,442.0)
(445.0,442.0)
(771.0,442.0)
(448.0,442.0)
(461.0,442.0)
(381.0,442.0)
(448.0,442.0)
(459.0,442.0)
(448.0,442.0)
(432.0,442.0)
(445.0,442.0)
(455.0,442.0)
(459.0,442.0)
(445.0,442.0)
(448.0,442.0)
(458.0,442.0)
(448.0,442.0)
(771.0,442.0)
(479.0,442.0)
(771.0,442.0)
(445.0,442.0)
(448.0,442.0)
(448.0,442.0)
(771.0,442.0)
(448.0,442.0)
(448.0,442.0)
(459.0,442.0)
(799.0,442.0)
(483.0,442.0)
(448.0,442.0)
(448.0,442.0)
(474.0,442.0)
(448.0,442.0)
(448.0,442.0)
(448.0,442.0)
(445.0,442.0)
(461.0,442.0)
(448.0,442.0)
(386.0,442.0)
(479.0,442.0)
(483.0,442.0)
(483.0,442.0)
(448.0,442.0)
(448.0,442.0)
(402.0,442.0)
(448.0,442.0)
(446.0,442.0)
(771.0,442.0)
(738.0,442.0)
(384.0,442.0)
(771.0,442.0)
(448.0,442.0)
(448.0,442.0)
(445.0,442.0)
(386.0,442.0)
(483.0,442.0)
(448.0,442.0)
(445.0,442.0)
(459.0,442.0)
(389.0,442.0)
(424.0,442.0)
(771.0,442.0)
(448.0,442.0)
(479.0,442.0)
(461.0,442.0)
(483.0,442.0)
(771.0,442.0)
(448.0,442.0)
(402.0,442.0)
(448.0,442.0)
(448.0,442.0)
(448.0,442.0)
(459.0,442.0)
(381.0,442.0)
(448.0,442.0)
(416.0,442.0)
(403.0,442.0)
(402.0,442.0)
(464.0,442.0)
(459.0,442.0)
(448.0,442.0)
(771.0,442.0)
(771.0,442.0)
(445.0,442.0)
(448.0,442.0)
(388.0,442.0)
(448.0,442.0)
(448.0,442.0)
(448.0,442.0)
(448.0,442.0)
(771.0,442.0)
(448.0,442.0)
(445.0,442.0)
(479.0,442.0)
(771.0,442.0)
(461.0,442.0)
(399.0,442.0)
(445.0,442.0)
(381.0,442.0)
(445.0,442.0)
(467.0,442.0)
(445.0,442.0)
(448.0,442.0)
(448.0,442.0)
(448.0,442.0)
(445.0,442.0)
(386.0,442.0)
(459.0,442.0)
(445.0,442.0)
(459.0,442.0)
(386.0,442.0)
(771.0,442.0)
(461.0,442.0)
(381.0,442.0)
(445.0,442.0)
(448.0,442.0)
(402.0,442.0)
(483.0,442.0)
(387.0,442.0)
(771.0,442.0)
(448.0,442.0)
(448.0,442.0)
(448.0,442.0)
(459.0,442.0)
(771.0,442.0)
(448.0,442.0)
(448.0,442.0)
(422.0,442.0)
(479.0,442.0)
(448.0,442.0)
(448.0,442.0)
(448.0,442.0)
(387.0,442.0)
(483.0,442.0)
(771.0,442.0)
(445.0,442.0)
(388.0,442.0)
(387.0,442.0)
(461.0,442.0)
(402.0,442.0)
(459.0,442.0)
(388.0,442.0)
(445.0,442.0)
(445.0,442.0)
(386.0,442.0)
(464.0,442.0)
(448.0,442.0)
(448.0,442.0)
(448.0,442.0)
(448.0,442.0)
(388.0,442.0)
(479.0,442.0)
(442.0,442.0)
(448.0,442.0)
(448.0,442.0)
(386.0,442.0)
(381.0,442.0)
(771.0,442.0)
(448.0,442.0)
(459.0,442.0)
(448.0,442.0)
(448.0,442.0)
(771.0,442.0)
(386.0,442.0)
(445.0,442.0)
(771.0,442.0)
(448.0,442.0)
(771.0,442.0)
(448.0,442.0)
(445.0,442.0)
(448.0,442.0)
(448.0,442.0)
(771.0,442.0)
(448.0,442.0)
(442.0,442.0)
(448.0,442.0)
(402.0,442.0)
(445.0,442.0)
(448.0,442.0)
(459.0,442.0)
(448.0,442.0)
(445.0,442.0)
(417.0,442.0)
(771.0,442.0)
(459.0,442.0)
(448.0,442.0)
(445.0,442.0)
(471.0,442.0)
(381.0,442.0)
(459.0,442.0)
(461.0,442.0)
(445.0,442.0)
(479.0,442.0)
(771.0,442.0)
(771.0,442.0)
(445.0,442.0)
(448.0,442.0)
(389.0,442.0)
(483.0,442.0)
(431.0,442.0)
(402.0,442.0)
(459.0,442.0)
(448.0,442.0)
(448.0,442.0)
(386.0,442.0)
(479.0,442.0)
(386.0,442.0)
(448.0,442.0)
(386.0,442.0)
(461.0,442.0)
(448.0,442.0)
(445.0,442.0)
(448.0,442.0)
(442.0,442.0)
(402.0,442.0)
(771.0,442.0)
(448.0,442.0)
(381.0,442.0)
(448.0,442.0)
(483.0,442.0)
(461.0,442.0)
(402.0,442.0)
(402.0,442.0)
(386.0,442.0)
(386.0,442.0)
(381.0,442.0)
(448.0,442.0)
(448.0,442.0)
(448.0,442.0)
(448.0,442.0)
(448.0,442.0)
(771.0,442.0)
(402.0,442.0)
(448.0,442.0)
(771.0,442.0)
(442.0,442.0)
(771.0,442.0)
(448.0,442.0)
(445.0,442.0)
(771.0,442.0)
(387.0,442.0)
(468.0,442.0)
(442.0,442.0)
(464.0,442.0)
(402.0,442.0)
(445.0,442.0)
(771.0,442.0)
(483.0,442.0)
(445.0,442.0)
(461.0,442.0)
(459.0,442.0)
(448.0,442.0)
(771.0,442.0)
(461.0,442.0)
(448.0,442.0)
(386.0,442.0)
(448.0,442.0)
(771.0,442.0)
(464.0,442.0)
(448.0,442.0)
(387.0,442.0)
(461.0,442.0)
(445.0,442.0)
(448.0,442.0)
(479.0,442.0)
(448.0,442.0)
(464.0,442.0)
(771.0,442.0)
(402.0,442.0)
(448.0,442.0)
(448.0,442.0)
(459.0,442.0)
(479.0,442.0)
(448.0,442.0)
(483.0,442.0)
(448.0,442.0)
(402.0,442.0)
(479.0,442.0)
(448.0,442.0)
(448.0,442.0)
(448.0,442.0)
(448.0,442.0)
(448.0,442.0)
(445.0,442.0)
(448.0,442.0)
(771.0,442.0)
(448.0,442.0)
(448.0,442.0)
(448.0,442.0)
(387.0,442.0)
(448.0,442.0)
(448.0,442.0)
(442.0,442.0)
(448.0,442.0)
(448.0,442.0)
(448.0,442.0)
(482.0,442.0)
(448.0,442.0)
(448.0,442.0)
(448.0,442.0)
(452.0,442.0)
(388.0,442.0)
(785.0,442.0)
(386.0,442.0)
(479.0,442.0)
(387.0,442.0)
(799.0,442.0)
(448.0,442.0)
(448.0,442.0)
(448.0,442.0)
(424.0,442.0)
(448.0,442.0)
(388.0,442.0)
(448.0,442.0)
(448.0,442.0)
(771.0,442.0)
(421.0,442.0)
(482.0,442.0)
(461.0,442.0)
(386.0,442.0)
(448.0,442.0)
(448.0,442.0)
(388.0,442.0)
(448.0,442.0)
(771.0,442.0)
(448.0,442.0)
(771.0,442.0)
(381.0,442.0)
(410.0,442.0)
(448.0,442.0)
(448.0,442.0)
(448.0,442.0)
(771.0,442.0)
(448.0,442.0)
(448.0,442.0)
(448.0,442.0)
(461.0,442.0)
(461.0,442.0)
(417.0,442.0)
(386.0,442.0)
(448.0,442.0)
(448.0,442.0)
(771.0,442.0)
(402.0,442.0)
(448.0,442.0)
(448.0,442.0)
(452.0,442.0)
(444.0,442.0)
(387.0,442.0)
(444.0,442.0)
(771.0,442.0)
(798.0,442.0)
(459.0,442.0)
(479.0,442.0)
(459.0,442.0)
(448.0,442.0)
(381.0,442.0)
(402.0,442.0)
(479.0,442.0)
(424.0,442.0)
(448.0,442.0)
(479.0,442.0)
(459.0,442.0)
(445.0,442.0)
(459.0,442.0)
(402.0,442.0)
(459.0,442.0)
(442.0,442.0)
(771.0,442.0)
(428.0,442.0)
(448.0,442.0)
(771.0,442.0)
(448.0,442.0)
(483.0,442.0)
(445.0,442.0)
(428.0,442.0)
(448.0,442.0)
(448.0,442.0)
(464.0,442.0)
(459.0,442.0)
(448.0,442.0)
(771.0,442.0)
(448.0,442.0)
(444.0,442.0)
(448.0,442.0)
(424.0,442.0)
(448.0,442.0)
(479.0,442.0)
(459.0,442.0)
(448.0,442.0)
(771.0,442.0)
(448.0,442.0)
(448.0,442.0)
(464.0,442.0)
(483.0,442.0)
(402.0,442.0)
(448.0,442.0)
(448.0,442.0)
(448.0,442.0)
(459.0,442.0)
(448.0,442.0)
(448.0,442.0)
(448.0,442.0)
(464.0,442.0)
(442.0,442.0)
(402.0,442.0)
(771.0,442.0)
(445.0,442.0)
(389.0,442.0)
(448.0,442.0)
(771.0,442.0)
(461.0,442.0)
(771.0,442.0)
(448.0,442.0)
(422.0,442.0)
(448.0,442.0)
(448.0,442.0)
(422.0,442.0)
(445.0,442.0)
(421.0,442.0)
(448.0,442.0)
(448.0,442.0)
(445.0,442.0)
(771.0,442.0)
(780.0,442.0)
(771.0,442.0)
(445.0,442.0)
(445.0,442.0)
(445.0,442.0)
(483.0,442.0)
(448.0,442.0)
(388.0,442.0)
(386.0,442.0)
(771.0,442.0)
(771.0,442.0)
(448.0,442.0)
(388.0,442.0)
(471.0,442.0)
(467.0,442.0)
(368.0,442.0)
(483.0,442.0)
(448.0,442.0)
(483.0,442.0)
(388.0,442.0)
(445.0,442.0)
(461.0,442.0)
(448.0,442.0)
(461.0,442.0)
(479.0,442.0)
(448.0,442.0)
(448.0,442.0)
(381.0,442.0)
(448.0,442.0)
(445.0,442.0)
(448.0,442.0)
(483.0,442.0)
(387.0,442.0)
(402.0,442.0)
(448.0,442.0)
(421.0,442.0)
(389.0,442.0)
(448.0,442.0)
(448.0,442.0)
(442.0,442.0)
(448.0,442.0)
(459.0,442.0)
(445.0,442.0)
(442.0,442.0)
(445.0,442.0)
(381.0,442.0)
(771.0,442.0)
(448.0,442.0)
(448.0,442.0)
(448.0,442.0)
(388.0,442.0)
(448.0,442.0)
(461.0,442.0)
(448.0,442.0)
(464.0,442.0)
(386.0,442.0)
(448.0,442.0)
(459.0,442.0)
(467.0,442.0)
(445.0,442.0)
(442.0,442.0)
(381.0,442.0)
(448.0,442.0)
(402.0,442.0)
(412.0,442.0)
(381.0,442.0)
(448.0,442.0)
(448.0,442.0)
(381.0,442.0)
(402.0,442.0)
(448.0,442.0)
(428.0,442.0)
(391.0,442.0)
(471.0,442.0)
(448.0,442.0)
(448.0,442.0)
(422.0,442.0)
(461.0,442.0)
(448.0,442.0)
(483.0,442.0)
(448.0,442.0)
(459.0,442.0)
(459.0,442.0)
(442.0,442.0)
(386.0,442.0)
(448.0,442.0)
(428.0,442.0)
(448.0,442.0)
(771.0,442.0)
(469.0,442.0)
(483.0,442.0)
(458.0,442.0)
(448.0,442.0)
(381.0,442.0)
(483.0,442.0)
(448.0,442.0)
(771.0,442.0)
(389.0,442.0)
(381.0,442.0)
(448.0,442.0)
(448.0,442.0)
(448.0,442.0)
(448.0,442.0)
(468.0,442.0)
(448.0,442.0)
(448.0,442.0)
(424.0,442.0)
(445.0,442.0)
(771.0,442.0)
(459.0,442.0)
(483.0,442.0)
(448.0,442.0)
(388.0,442.0)
(448.0,442.0)
(483.0,442.0)
(448.0,442.0)
(448.0,442.0)
(445.0,442.0)
(461.0,442.0)
(469.0,442.0)
(461.0,442.0)
(381.0,442.0)
(448.0,442.0)
(445.0,442.0)
(448.0,442.0)
(448.0,442.0)
(387.0,442.0)
(442.0,442.0)
(461.0,442.0)
(448.0,442.0)
(483.0,442.0)
(386.0,442.0)
(434.0,442.0)
(448.0,442.0)
(461.0,442.0)
(448.0,442.0)
(389.0,442.0)
(780.0,442.0)
(424.0,442.0)
(421.0,442.0)
(446.0,442.0)
(445.0,442.0)
(448.0,442.0)
(381.0,442.0)
(771.0,442.0)
(445.0,442.0)
(448.0,442.0)
(771.0,442.0)
(459.0,442.0)
(460.0,442.0)
(448.0,442.0)
(771.0,442.0)
(448.0,442.0)
(461.0,442.0)
(483.0,442.0)
(381.0,442.0)
(445.0,442.0)
(468.0,442.0)
(464.0,442.0)
(448.0,442.0)
(448.0,442.0)
(771.0,442.0)
(466.0,442.0)
(771.0,442.0)
(459.0,442.0)
(444.0,442.0)
(448.0,442.0)
(461.0,442.0)
(448.0,442.0)
(388.0,442.0)
(461.0,442.0)
(448.0,442.0)
(461.0,442.0)
(448.0,442.0)
(448.0,442.0)
(771.0,442.0)
(459.0,442.0)
(386.0,442.0)
(459.0,442.0)
(771.0,442.0)
(448.0,442.0)
(771.0,442.0)
(445.0,442.0)
(464.0,442.0)
(445.0,442.0)
(448.0,442.0)
(448.0,442.0)
(448.0,442.0)
(447.0,459.0)
(447.0,459.0)
(459.0,459.0)
(447.0,459.0)
(459.0,459.0)
(447.0,459.0)
(459.0,459.0)
(459.0,459.0)
(459.0,459.0)
(447.0,459.0)
(459.0,459.0)
(447.0,459.0)
(459.0,459.0)
(459.0,459.0)
(459.0,459.0)
(455.0,459.0)
(459.0,459.0)
(447.0,459.0)
(447.0,459.0)
(447.0,459.0)
(459.0,459.0)
(447.0,459.0)
(447.0,459.0)
(447.0,459.0)
(447.0,459.0)
(447.0,459.0)
(447.0,459.0)
(459.0,459.0)
(455.0,459.0)
(802.0,459.0)
(447.0,459.0)
(447.0,459.0)
(459.0,459.0)
(459.0,459.0)
(459.0,459.0)
(459.0,459.0)
(459.0,459.0)
(459.0,459.0)
(447.0,459.0)
(447.0,459.0)
(447.0,459.0)
(447.0,459.0)
(447.0,459.0)
(447.0,459.0)
(447.0,459.0)
(447.0,459.0)
(447.0,459.0)
(447.0,459.0)
(459.0,459.0)
(447.0,459.0)
(447.0,459.0)
(447.0,459.0)
(459.0,459.0)
(459.0,459.0)
(447.0,459.0)
(447.0,459.0)
(459.0,459.0)
(459.0,459.0)
(447.0,459.0)
(459.0,459.0)
(447.0,459.0)
(771.0,459.0)
(426.0,459.0)
(447.0,459.0)
(447.0,459.0)
(459.0,459.0)
(447.0,459.0)
(447.0,459.0)
(459.0,459.0)
(447.0,459.0)
(459.0,459.0)
(447.0,459.0)
(447.0,459.0)
(459.0,459.0)
(459.0,459.0)
(447.0,459.0)
(447.0,459.0)
(447.0,459.0)
(459.0,459.0)
(447.0,459.0)
(447.0,459.0)
(461.0,459.0)
(459.0,459.0)
(461.0,459.0)
(447.0,459.0)
(459.0,459.0)
(447.0,459.0)
(447.0,459.0)
(459.0,459.0)
(471.0,459.0)
(459.0,459.0)
(447.0,459.0)
(459.0,459.0)
(459.0,459.0)
(459.0,459.0)
(447.0,459.0)
(459.0,459.0)
(459.0,459.0)
(459.0,459.0)
(459.0,459.0)
(459.0,459.0)
(459.0,459.0)
(459.0,459.0)
(459.0,459.0)
(461.0,459.0)
(447.0,459.0)
(459.0,459.0)
(459.0,459.0)
(447.0,459.0)
(459.0,459.0)
(459.0,459.0)
(459.0,459.0)
(459.0,459.0)
(447.0,459.0)
(447.0,459.0)
(459.0,459.0)
(459.0,459.0)
(447.0,459.0)
(459.0,459.0)
(459.0,459.0)
(447.0,459.0)
(417.0,459.0)
(459.0,459.0)
(459.0,459.0)
(447.0,459.0)
(447.0,459.0)
(447.0,459.0)
(447.0,459.0)
(471.0,459.0)
(459.0,459.0)
(459.0,459.0)
(447.0,459.0)
(459.0,459.0)
(802.0,459.0)
(459.0,459.0)
(447.0,459.0)
(447.0,459.0)
(459.0,459.0)
(459.0,459.0)
(459.0,459.0)
(802.0,459.0)
(459.0,459.0)
(447.0,459.0)
(447.0,459.0)
(459.0,459.0)
(459.0,459.0)
(471.0,459.0)
(447.0,459.0)
(459.0,459.0)
(447.0,459.0)
(459.0,459.0)
(447.0,459.0)
(802.0,459.0)
(447.0,459.0)
(447.0,459.0)
(459.0,459.0)
(447.0,459.0)
(771.0,459.0)
(459.0,459.0)
(447.0,459.0)
(447.0,459.0)
(459.0,459.0)
(459.0,459.0)
(447.0,459.0)
(455.0,459.0)
(447.0,459.0)
(373.0,459.0)
(459.0,459.0)
(447.0,459.0)
(447.0,459.0)
(459.0,459.0)
(459.0,459.0)
(459.0,459.0)
(771.0,459.0)
(459.0,459.0)
(459.0,459.0)
(459.0,459.0)
(447.0,459.0)
(447.0,459.0)
(459.0,459.0)
(459.0,459.0)
(447.0,459.0)
(459.0,459.0)
(459.0,459.0)
(447.0,459.0)
(447.0,459.0)
(459.0,459.0)
(447.0,459.0)
(459.0,459.0)
(447.0,459.0)
(447.0,459.0)
(459.0,459.0)
(417.0,459.0)
(447.0,459.0)
(459.0,459.0)
(447.0,459.0)
(771.0,459.0)
(459.0,459.0)
(459.0,459.0)
(459.0,459.0)
(447.0,459.0)
(459.0,459.0)
(447.0,459.0)
(447.0,459.0)
(447.0,459.0)
(459.0,459.0)
(459.0,459.0)
(455.0,459.0)
(447.0,459.0)
(447.0,459.0)
(802.0,459.0)
(447.0,459.0)
(447.0,459.0)
(447.0,459.0)
(447.0,459.0)
(459.0,459.0)
(459.0,459.0)
(459.0,459.0)
(459.0,459.0)
(459.0,459.0)
(447.0,459.0)
(447.0,459.0)
(447.0,459.0)
(459.0,459.0)
(447.0,459.0)
(471.0,459.0)
(447.0,459.0)
(459.0,459.0)
(459.0,459.0)
(459.0,459.0)
(459.0,459.0)
(447.0,459.0)
(459.0,459.0)
(447.0,459.0)
(447.0,459.0)
(479.0,459.0)
(447.0,459.0)
(459.0,459.0)
(447.0,459.0)
(447.0,459.0)
(447.0,459.0)
(447.0,459.0)
(447.0,459.0)
(459.0,459.0)
(447.0,459.0)
(459.0,459.0)
(447.0,459.0)
(447.0,459.0)
(447.0,459.0)
(447.0,459.0)
(447.0,459.0)
(447.0,459.0)
(447.0,459.0)
(447.0,459.0)
(471.0,459.0)
(459.0,459.0)
(447.0,459.0)
(388.0,459.0)
(447.0,459.0)
(447.0,459.0)
(447.0,459.0)
(447.0,459.0)
(447.0,459.0)
(459.0,459.0)
(459.0,459.0)
(447.0,459.0)
(459.0,459.0)
(784.0,459.0)
(459.0,459.0)
(447.0,459.0)
(447.0,459.0)
(459.0,459.0)
(757.0,459.0)
(459.0,459.0)
(459.0,459.0)
(459.0,459.0)
(459.0,459.0)
(459.0,459.0)
(447.0,459.0)
(459.0,459.0)
(459.0,459.0)
(459.0,459.0)
(459.0,459.0)
(471.0,459.0)
(459.0,459.0)
(459.0,459.0)
(459.0,459.0)
(447.0,459.0)
(447.0,459.0)
(459.0,459.0)
(459.0,459.0)
(459.0,459.0)
(447.0,459.0)
(447.0,459.0)
(749.0,459.0)
(447.0,459.0)
(483.0,459.0)
(423.0,459.0)
(459.0,459.0)
(447.0,459.0)
(447.0,459.0)
(459.0,459.0)
(447.0,459.0)
(459.0,459.0)
(459.0,459.0)
(447.0,459.0)
(447.0,459.0)
(459.0,459.0)
(459.0,459.0)
(459.0,459.0)
(447.0,459.0)
(447.0,459.0)
(447.0,459.0)
(447.0,459.0)
(447.0,459.0)
(471.0,459.0)
(471.0,459.0)
(479.0,459.0)
(447.0,459.0)
(447.0,459.0)
(459.0,459.0)
(749.0,459.0)
(447.0,459.0)
(459.0,459.0)
(459.0,459.0)
(447.0,459.0)
(471.0,459.0)
(459.0,459.0)
(447.0,459.0)
(447.0,459.0)
(459.0,459.0)
(459.0,459.0)
(447.0,459.0)
(421.0,459.0)
(471.0,459.0)
(447.0,459.0)
(447.0,459.0)
(447.0,459.0)
(447.0,459.0)
(459.0,459.0)
(447.0,459.0)
(447.0,459.0)
(479.0,459.0)
(459.0,459.0)
(459.0,459.0)
(459.0,459.0)
(459.0,459.0)
(447.0,459.0)
(447.0,459.0)
(459.0,459.0)
(447.0,459.0)
(459.0,459.0)
(459.0,459.0)
(459.0,459.0)
(422.0,459.0)
(459.0,459.0)
(459.0,459.0)
(447.0,459.0)
(459.0,459.0)
(447.0,459.0)
(447.0,459.0)
(447.0,459.0)
(447.0,459.0)
(447.0,459.0)
(447.0,459.0)
(447.0,459.0)
(447.0,459.0)
(447.0,459.0)
(459.0,459.0)
(447.0,459.0)
(447.0,459.0)
(447.0,459.0)
(447.0,459.0)
(447.0,459.0)
(447.0,459.0)
(447.0,459.0)
(447.0,459.0)
(447.0,459.0)
(447.0,459.0)
(459.0,459.0)
(459.0,459.0)
(447.0,459.0)
(459.0,459.0)
(447.0,459.0)
(447.0,459.0)
(459.0,459.0)
(447.0,459.0)
(447.0,459.0)
(447.0,459.0)
(447.0,459.0)
(471.0,459.0)
(459.0,459.0)
(447.0,459.0)
(459.0,459.0)
(459.0,459.0)
(459.0,459.0)
(784.0,459.0)
(459.0,459.0)
(459.0,459.0)
(459.0,459.0)
(459.0,459.0)
(459.0,459.0)
(459.0,459.0)
(459.0,459.0)
(447.0,459.0)
(459.0,459.0)
(447.0,459.0)
(447.0,459.0)
(459.0,459.0)
(459.0,459.0)
(459.0,459.0)
(459.0,459.0)
(447.0,459.0)
(471.0,459.0)
(459.0,459.0)
(459.0,459.0)
(459.0,459.0)
(459.0,459.0)
(459.0,459.0)
(459.0,459.0)
(459.0,459.0)
(459.0,459.0)
(471.0,459.0)
(447.0,459.0)
(447.0,459.0)
(459.0,459.0)
(447.0,459.0)
(447.0,459.0)
(459.0,459.0)
(447.0,459.0)
(459.0,459.0)
(471.0,459.0)
(459.0,459.0)
(459.0,459.0)
(459.0,459.0)
(471.0,459.0)
(479.0,459.0)
(447.0,459.0)
(459.0,459.0)
(459.0,459.0)
(459.0,459.0)
(459.0,459.0)
(447.0,459.0)
(459.0,459.0)
(459.0,459.0)
(459.0,459.0)
(459.0,459.0)
(447.0,459.0)
(459.0,459.0)
(771.0,459.0)
(447.0,459.0)
(459.0,459.0)
(459.0,459.0)
(459.0,459.0)
(447.0,459.0)
(459.0,459.0)
(459.0,459.0)
(447.0,459.0)
(459.0,459.0)
(447.0,459.0)
(459.0,459.0)
(471.0,459.0)
(459.0,459.0)
(459.0,459.0)
(459.0,459.0)
(447.0,459.0)
(459.0,459.0)
(459.0,459.0)
(459.0,459.0)
(471.0,459.0)
(459.0,459.0)
(459.0,459.0)
(447.0,459.0)
(435.0,459.0)
(475.0,459.0)
(459.0,459.0)
(459.0,459.0)
(447.0,459.0)
(447.0,459.0)
(447.0,459.0)
(447.0,459.0)
(459.0,459.0)
(459.0,459.0)
(459.0,459.0)
(387.0,459.0)
(459.0,459.0)
(447.0,459.0)
(459.0,459.0)
(459.0,459.0)
(459.0,459.0)
(459.0,459.0)
(471.0,459.0)
(459.0,459.0)
(459.0,459.0)
(447.0,459.0)
(471.0,459.0)
(447.0,459.0)
(447.0,459.0)
(471.0,459.0)
(471.0,459.0)
(447.0,459.0)
(447.0,459.0)
(459.0,459.0)
(479.0,459.0)
(459.0,459.0)
(459.0,459.0)
(471.0,459.0)
(455.0,459.0)
(459.0,459.0)
(459.0,459.0)
(459.0,459.0)
(459.0,459.0)
(459.0,459.0)
(459.0,459.0)
(459.0,459.0)
(459.0,459.0)
(459.0,459.0)
(459.0,459.0)
(447.0,459.0)
(447.0,459.0)
(471.0,459.0)
(459.0,459.0)
(471.0,459.0)
(447.0,459.0)
(447.0,459.0)
(459.0,459.0)
(459.0,459.0)
(471.0,459.0)
(459.0,459.0)
(459.0,459.0)
(471.0,459.0)
(459.0,459.0)
(447.0,459.0)
(802.0,459.0)
(459.0,459.0)
(459.0,459.0)
(459.0,459.0)
(457.0,459.0)
(459.0,459.0)
(447.0,459.0)
(447.0,459.0)
(447.0,459.0)
(459.0,459.0)
(459.0,459.0)
(459.0,459.0)
(458.0,459.0)
(459.0,459.0)
(459.0,459.0)
(459.0,459.0)
(459.0,459.0)
(447.0,459.0)
(447.0,459.0)
(459.0,459.0)
(459.0,459.0)
(447.0,459.0)
(459.0,459.0)
(447.0,459.0)
(447.0,459.0)
(456.0,459.0)
(459.0,459.0)
(459.0,459.0)
(447.0,459.0)
(459.0,459.0)
(459.0,459.0)
(459.0,459.0)
(785.0,459.0)
(447.0,459.0)
(459.0,459.0)
(459.0,459.0)
(483.0,459.0)
(459.0,459.0)
(459.0,459.0)
(447.0,459.0)
(459.0,459.0)
(459.0,459.0)
(459.0,459.0)
(459.0,459.0)
(459.0,459.0)
(459.0,459.0)
(447.0,459.0)
(435.0,459.0)
(459.0,459.0)
(447.0,459.0)
(459.0,459.0)
(459.0,459.0)
(447.0,459.0)
(459.0,459.0)
(447.0,459.0)
(475.0,459.0)
(802.0,459.0)
(459.0,459.0)
(447.0,459.0)
(459.0,459.0)
(447.0,459.0)
(447.0,459.0)
(459.0,459.0)
(447.0,459.0)
(459.0,459.0)
(458.0,459.0)
(447.0,459.0)
(459.0,459.0)
(479.0,459.0)
(459.0,459.0)
(459.0,459.0)
(447.0,459.0)
(434.0,459.0)
(447.0,459.0)
(459.0,459.0)
(447.0,459.0)
(447.0,459.0)
(459.0,459.0)
(447.0,459.0)
(459.0,459.0)
(459.0,459.0)
(447.0,459.0)
(459.0,459.0)
(447.0,459.0)
(441.0,459.0)
(447.0,459.0)
(459.0,459.0)
(447.0,459.0)
(475.0,459.0)
(459.0,459.0)
(459.0,459.0)
(459.0,459.0)
(447.0,459.0)
(387.0,459.0)
(459.0,459.0)
(459.0,459.0)
(448.0,459.0)
(447.0,459.0)
(459.0,459.0)
(447.0,459.0)
(447.0,459.0)
(403.0,459.0)
(459.0,459.0)
(459.0,459.0)
(447.0,459.0)
(459.0,459.0)
(387.0,459.0)
(447.0,459.0)
(447.0,459.0)
(447.0,459.0)
(448.0,459.0)
(447.0,459.0)
(417.0,459.0)
(447.0,459.0)
(447.0,459.0)
(447.0,459.0)
(459.0,459.0)
(447.0,459.0)
(440.0,459.0)
(447.0,459.0)
(471.0,459.0)
(459.0,459.0)
(475.0,459.0)
(447.0,459.0)
(447.0,459.0)
(435.0,459.0)
(459.0,459.0)
(447.0,459.0)
(447.0,459.0)
(447.0,459.0)
(479.0,459.0)
(447.0,459.0)
(771.0,459.0)
(458.0,459.0)
(447.0,459.0)
(459.0,459.0)
(447.0,459.0)
(447.0,459.0)
(459.0,459.0)
(458.0,459.0)
(447.0,459.0)
(458.0,459.0)
(459.0,459.0)
(459.0,459.0)
(447.0,459.0)
(459.0,459.0)
(459.0,459.0)
(447.0,459.0)
(479.0,459.0)
(447.0,459.0)
(459.0,459.0)
(459.0,459.0)
(459.0,459.0)
(771.0,459.0)
(458.0,459.0)
(447.0,459.0)
(447.0,459.0)
(459.0,459.0)
(459.0,459.0)
(475.0,459.0)
(447.0,459.0)
(447.0,459.0)
(447.0,459.0)
(459.0,459.0)
(459.0,459.0)
(447.0,459.0)
(447.0,459.0)
(447.0,459.0)
(447.0,459.0)
(447.0,459.0)
(447.0,459.0)
(447.0,459.0)
(459.0,459.0)
(459.0,459.0)
(447.0,459.0)
(447.0,459.0)
(447.0,459.0)
(459.0,459.0)
(447.0,459.0)
(459.0,459.0)
(459.0,459.0)
(459.0,459.0)
(447.0,459.0)
(447.0,459.0)
(447.0,459.0)
(471.0,459.0)
(447.0,459.0)
(447.0,459.0)
(471.0,459.0)
(459.0,459.0)
(458.0,459.0)
(447.0,459.0)
(459.0,459.0)
(757.0,459.0)
(459.0,459.0)
(447.0,459.0)
(447.0,459.0)
(447.0,459.0)
(459.0,459.0)
(447.0,459.0)
(455.0,459.0)
(447.0,459.0)
(459.0,459.0)
(459.0,459.0)
(447.0,459.0)
(447.0,459.0)
(447.0,459.0)
(459.0,459.0)
(459.0,459.0)
(459.0,459.0)
(459.0,459.0)
(459.0,459.0)
(459.0,459.0)
(459.0,459.0)
(447.0,459.0)
(459.0,459.0)
(756.0,459.0)
(447.0,459.0)
(447.0,459.0)
(785.0,459.0)
(447.0,459.0)
(459.0,459.0)
(771.0,459.0)
(479.0,459.0)
(447.0,459.0)
(459.0,459.0)
(447.0,459.0)
(459.0,459.0)
(459.0,459.0)
(459.0,459.0)
(447.0,459.0)
(479.0,459.0)
(459.0,459.0)
(459.0,459.0)
(471.0,459.0)
(428.0,459.0)
(448.0,459.0)
(447.0,459.0)
(447.0,459.0)
(447.0,459.0)
(459.0,459.0)
(459.0,459.0)
(447.0,459.0)
(459.0,459.0)
(447.0,459.0)
(459.0,459.0)
(483.0,459.0)
(447.0,459.0)
(459.0,459.0)
(459.0,459.0)
(447.0,459.0)
(440.0,459.0)
(440.0,459.0)
(447.0,459.0)
(447.0,459.0)
(458.0,459.0)
(459.0,459.0)
(458.0,459.0)
(459.0,459.0)
(447.0,459.0)
(447.0,459.0)
(459.0,459.0)
(447.0,459.0)
(459.0,459.0)
(447.0,459.0)
(447.0,459.0)
(447.0,459.0)
(459.0,459.0)
(459.0,459.0)
(471.0,459.0)
(349.0,459.0)
(458.0,459.0)
(479.0,459.0)
(447.0,459.0)
(459.0,459.0)
(447.0,459.0)
(459.0,459.0)
(447.0,459.0)
(447.0,459.0)
(459.0,459.0)
(771.0,459.0)
(802.0,459.0)
(459.0,459.0)
(459.0,459.0)
(447.0,459.0)
(458.0,459.0)
(447.0,459.0)
(459.0,459.0)
(459.0,459.0)
(458.0,459.0)
(458.0,459.0)
(447.0,459.0)
(417.0,459.0)
(447.0,459.0)
(382.0,459.0)
(447.0,459.0)
(384.0,459.0)
(458.0,459.0)
(386.0,459.0)
(479.0,459.0)
(459.0,459.0)
(447.0,459.0)
(459.0,459.0)
(459.0,459.0)
(384.0,459.0)
(459.0,459.0)
(459.0,459.0)
(440.0,459.0)
(448.0,459.0)
(458.0,459.0)
(459.0,459.0)
(447.0,459.0)
(459.0,459.0)
(459.0,459.0)
(459.0,459.0)
(474.0,459.0)
(447.0,459.0)
(447.0,459.0)
(459.0,459.0)
(459.0,459.0)
(447.0,459.0)
(447.0,459.0)
(458.0,459.0)
(474.0,459.0)
(459.0,459.0)
(459.0,459.0)
(456.0,459.0)
(447.0,459.0)
(387.0,459.0)
(459.0,459.0)
(447.0,459.0)
(447.0,459.0)
(459.0,459.0)
(448.0,459.0)
(459.0,459.0)
(479.0,459.0)
(426.0,459.0)
(459.0,459.0)
(447.0,459.0)
(447.0,459.0)
(459.0,459.0)
(440.0,459.0)
(459.0,459.0)
(458.0,459.0)
(458.0,459.0)
(447.0,459.0)
(459.0,459.0)
(458.0,459.0)
(458.0,459.0)
(459.0,459.0)
(459.0,459.0)
(447.0,459.0)
(459.0,459.0)
(447.0,459.0)
(802.0,459.0)
(459.0,459.0)
(479.0,459.0)
(447.0,459.0)
(458.0,459.0)
(458.0,459.0)
(447.0,459.0)
(448.0,459.0)
(440.0,459.0)
(479.0,459.0)
(440.0,459.0)
(440.0,459.0)
(441.0,459.0)
(447.0,459.0)
(447.0,459.0)
(771.0,459.0)
(447.0,459.0)
(459.0,459.0)
(440.0,459.0)
(471.0,459.0)
(475.0,459.0)
(483.0,459.0)
(459.0,459.0)
(459.0,459.0)
(447.0,459.0)
(432.0,459.0)
(459.0,459.0)
(447.0,459.0)
(459.0,459.0)
(447.0,459.0)
(458.0,459.0)
(459.0,459.0)
(447.0,459.0)
(459.0,459.0)
(459.0,459.0)
(459.0,459.0)
(458.0,459.0)
(802.0,459.0)
(456.0,459.0)
(384.0,459.0)
(447.0,459.0)
(447.0,459.0)
(459.0,459.0)
(447.0,459.0)
(459.0,459.0)
(447.0,459.0)
(447.0,459.0)
(447.0,459.0)
(436.0,459.0)
(459.0,459.0)
(459.0,459.0)
(447.0,459.0)
(447.0,459.0)
(447.0,459.0)
(459.0,459.0)
(771.0,459.0)
(479.0,459.0)
(447.0,459.0)
(744.0,459.0)
(447.0,459.0)
(384.0,459.0)
(447.0,459.0)
(447.0,459.0)
(459.0,459.0)
(447.0,459.0)
(384.0,459.0)
(436.0,459.0)
(447.0,459.0)
(459.0,459.0)
(459.0,459.0)
(771.0,459.0)
(447.0,459.0)
(459.0,459.0)
(459.0,459.0)
(479.0,459.0)
(447.0,459.0)
(459.0,459.0)
(479.0,459.0)
(771.0,459.0)
(447.0,459.0)
(447.0,459.0)
(447.0,459.0)
(447.0,459.0)
(447.0,459.0)
(447.0,459.0)
(483.0,459.0)
(447.0,459.0)
(417.0,459.0)
(458.0,459.0)
(459.0,459.0)
(447.0,459.0)
(447.0,459.0)
(447.0,459.0)
(459.0,459.0)
(447.0,459.0)
(459.0,459.0)
(447.0,459.0)
(447.0,459.0)
(447.0,459.0)
(447.0,459.0)
(447.0,459.0)
(447.0,459.0)
(459.0,459.0)
(479.0,459.0)
(459.0,459.0)
(447.0,459.0)
(447.0,459.0)
(447.0,459.0)
(447.0,459.0)
(447.0,459.0)
(459.0,459.0)
(459.0,459.0)
(447.0,459.0)
(447.0,459.0)
(459.0,459.0)
(459.0,459.0)
(447.0,459.0)
(459.0,459.0)
(447.0,459.0)
(459.0,459.0)
(447.0,459.0)
(483.0,459.0)
(447.0,459.0)
(459.0,459.0)
(459.0,459.0)
(459.0,459.0)
(459.0,459.0)
(447.0,459.0)
(479.0,459.0)
(447.0,459.0)
(447.0,459.0)
(447.0,459.0)
(459.0,459.0)
(447.0,459.0)
(459.0,459.0)
(459.0,459.0)
(459.0,459.0)
(447.0,459.0)
(459.0,459.0)
(459.0,459.0)
(447.0,459.0)
(447.0,459.0)
(459.0,459.0)
(447.0,459.0)
(479.0,459.0)
(447.0,459.0)
(447.0,459.0)
(455.0,459.0)
(459.0,459.0)
(459.0,459.0)
(447.0,459.0)
(447.0,459.0)
(447.0,459.0)
(447.0,459.0)
(447.0,459.0)
(447.0,459.0)
(435.0,459.0)
(459.0,459.0)
(459.0,459.0)
(483.0,459.0)
(459.0,459.0)
(447.0,459.0)
(471.0,459.0)
(447.0,459.0)
(459.0,459.0)
(459.0,459.0)
(447.0,459.0)
(771.0,459.0)
(459.0,459.0)
(771.0,459.0)
(447.0,459.0)
(447.0,459.0)
(459.0,459.0)
(483.0,459.0)
(447.0,459.0)
(459.0,459.0)
(471.0,459.0)
(459.0,459.0)
(447.0,459.0)
(459.0,459.0)
(447.0,459.0)
(447.0,459.0)
(458.0,459.0)
(447.0,459.0)
(447.0,459.0)
(430.0,459.0)
(447.0,459.0)
(447.0,459.0)
(459.0,459.0)
(447.0,459.0)
(447.0,459.0)
(802.0,459.0)
(459.0,459.0)
(459.0,459.0)
(459.0,459.0)
(459.0,459.0)
(479.0,459.0)
(447.0,459.0)
(447.0,459.0)
(459.0,459.0)
(459.0,459.0)
(447.0,459.0)
(447.0,459.0)
(447.0,459.0)
(447.0,459.0)
(447.0,459.0)
(447.0,459.0)
(459.0,459.0)
(447.0,459.0)
(459.0,459.0)
(447.0,459.0)
(459.0,459.0)
(459.0,459.0)
(447.0,459.0)
(447.0,459.0)
(459.0,459.0)
(447.0,459.0)
(479.0,459.0)
(459.0,459.0)
(459.0,459.0)
(447.0,459.0)
(447.0,459.0)
(447.0,459.0)
(447.0,459.0)
(459.0,459.0)
(459.0,459.0)
(459.0,459.0)
(459.0,459.0)
(447.0,459.0)
(447.0,459.0)
(459.0,459.0)
(459.0,459.0)
(447.0,459.0)
(447.0,459.0)
(459.0,459.0)
(459.0,459.0)
(388.0,459.0)
(447.0,459.0)
(447.0,459.0)
(447.0,459.0)
(459.0,459.0)
(459.0,459.0)
(447.0,459.0)
(459.0,459.0)
(459.0,459.0)
(447.0,459.0)
(447.0,459.0)
(447.0,459.0)
(447.0,459.0)
(447.0,459.0)
(447.0,459.0)
(771.0,459.0)
(447.0,459.0)
(459.0,459.0)
(459.0,459.0)
(447.0,459.0)
(447.0,459.0)
(459.0,459.0)
(424.0,459.0)
(459.0,459.0)
(459.0,459.0)
(447.0,459.0)
(471.0,459.0)
(459.0,459.0)
(459.0,459.0)
(483.0,459.0)
(447.0,459.0)
(447.0,459.0)
(447.0,459.0)
(447.0,459.0)
(447.0,459.0)
(447.0,459.0)
(459.0,459.0)
(447.0,459.0)
(447.0,459.0)
(459.0,459.0)
(447.0,459.0)
(387.0,459.0)
(447.0,459.0)
(459.0,459.0)
(447.0,459.0)
(447.0,459.0)
(479.0,459.0)
(447.0,459.0)
(447.0,459.0)
(459.0,459.0)
(459.0,459.0)
(447.0,459.0)
(447.0,459.0)
(459.0,459.0)
(447.0,459.0)
(459.0,459.0)
(471.0,459.0)
(447.0,459.0)
(447.0,459.0)
(447.0,459.0)
(447.0,459.0)
(447.0,459.0)
(459.0,459.0)
(479.0,459.0)
(447.0,459.0)
(447.0,459.0)
(447.0,459.0)
(447.0,459.0)
(447.0,459.0)
(447.0,459.0)
(471.0,459.0)
(447.0,459.0)
(447.0,459.0)
(447.0,459.0)
(447.0,459.0)
(459.0,459.0)
(447.0,459.0)
(447.0,459.0)
(459.0,459.0)
(471.0,459.0)
(802.0,459.0)
(459.0,459.0)
(459.0,459.0)
(450.0,459.0)
(447.0,459.0)
(447.0,459.0)
(447.0,459.0)
(447.0,459.0)
(447.0,459.0)
(447.0,459.0)
(447.0,459.0)
(447.0,459.0)
(459.0,459.0)
(483.0,459.0)
(771.0,459.0)
(459.0,459.0)
(447.0,459.0)
(459.0,459.0)
(447.0,459.0)
(459.0,459.0)
(471.0,459.0)
(771.0,459.0)
(447.0,459.0)
(447.0,459.0)
(471.0,459.0)
(459.0,459.0)
(459.0,459.0)
(447.0,459.0)
(459.0,459.0)
(479.0,459.0)
(447.0,459.0)
(447.0,459.0)
(459.0,459.0)
(459.0,459.0)
(447.0,459.0)
(447.0,459.0)
(459.0,459.0)
(447.0,459.0)
(447.0,459.0)
(483.0,459.0)
(459.0,459.0)
(459.0,459.0)
(459.0,459.0)
(447.0,459.0)
(459.0,459.0)
(459.0,459.0)
(447.0,459.0)
(459.0,459.0)
(427.0,459.0)
(479.0,459.0)
(447.0,459.0)
(479.0,459.0)
(447.0,459.0)
(447.0,459.0)
(447.0,459.0)
(459.0,459.0)
(459.0,459.0)
(459.0,459.0)
(447.0,459.0)
(459.0,459.0)
(459.0,459.0)
(459.0,459.0)
(447.0,459.0)
(483.0,459.0)
(447.0,459.0)
(459.0,459.0)
(447.0,459.0)
(459.0,459.0)
(447.0,459.0)
(447.0,459.0)
(459.0,459.0)
(417.0,459.0)
(447.0,459.0)
(459.0,459.0)
(447.0,459.0)
(459.0,459.0)
(483.0,459.0)
(447.0,459.0)
(447.0,459.0)
(459.0,459.0)
(459.0,459.0)
(459.0,459.0)
(447.0,459.0)
(447.0,459.0)
(447.0,459.0)
(459.0,459.0)
(447.0,459.0)
(447.0,459.0)
(447.0,459.0)
(459.0,459.0)
(447.0,459.0)
(447.0,459.0)
(459.0,459.0)
(459.0,459.0)
(459.0,459.0)
(447.0,459.0)
(447.0,459.0)
(447.0,459.0)
(447.0,459.0)
(459.0,459.0)
(421.0,459.0)
(459.0,459.0)
(447.0,459.0)
(459.0,459.0)
(459.0,459.0)
(459.0,459.0)
(447.0,459.0)
(447.0,459.0)
(459.0,459.0)
(459.0,459.0)
(471.0,459.0)
(447.0,459.0)
(802.0,459.0)
(459.0,459.0)
(447.0,459.0)
(447.0,459.0)
(447.0,459.0)
(459.0,459.0)
(459.0,459.0)
(447.0,459.0)
(447.0,459.0)
(447.0,459.0)
(447.0,459.0)
(447.0,459.0)
(447.0,459.0)
(459.0,459.0)
(447.0,459.0)
(459.0,459.0)
(447.0,459.0)
(447.0,459.0)
(459.0,459.0)
(447.0,459.0)
(459.0,459.0)
(447.0,459.0)
(447.0,459.0)
(459.0,459.0)
(459.0,459.0)
(459.0,459.0)
(459.0,459.0)
(459.0,459.0)
(447.0,459.0)
(459.0,459.0)
(459.0,459.0)
(471.0,459.0)
(447.0,459.0)
(459.0,459.0)
(447.0,459.0)
(447.0,459.0)
(459.0,459.0)
(447.0,459.0)
(459.0,459.0)
(471.0,459.0)
(447.0,459.0)
(459.0,459.0)
(447.0,459.0)
(459.0,459.0)
(447.0,459.0)
(447.0,459.0)
(447.0,459.0)
(447.0,459.0)
(447.0,459.0)
(471.0,459.0)
(447.0,459.0)
(459.0,459.0)
(447.0,459.0)
(459.0,459.0)
(447.0,459.0)
(459.0,459.0)
(458.0,459.0)
(447.0,459.0)
(459.0,459.0)
(459.0,459.0)
(459.0,459.0)
(459.0,459.0)
(447.0,459.0)
(459.0,459.0)
(459.0,459.0)
(459.0,459.0)
(459.0,459.0)
(459.0,459.0)
(459.0,459.0)
(447.0,459.0)
(447.0,459.0)
(447.0,459.0)
(459.0,459.0)
(459.0,459.0)
(459.0,459.0)
(447.0,459.0)
(459.0,459.0)
(447.0,459.0)
(459.0,459.0)
(459.0,459.0)
(447.0,459.0)
(447.0,459.0)
(447.0,459.0)
(459.0,459.0)
(447.0,459.0)
(479.0,459.0)
(459.0,459.0)
(459.0,459.0)
(447.0,459.0)
(447.0,459.0)
(459.0,459.0)
(459.0,459.0)
(459.0,459.0)
(459.0,459.0)
(459.0,459.0)
(447.0,459.0)
(459.0,459.0)
(459.0,459.0)
(459.0,459.0)
(459.0,459.0)
(447.0,459.0)
(459.0,459.0)
(447.0,459.0)
(447.0,459.0)
(459.0,459.0)
(447.0,459.0)
(447.0,459.0)
(459.0,459.0)
(771.0,459.0)
(447.0,459.0)
(459.0,459.0)
(447.0,459.0)
(447.0,459.0)
(471.0,459.0)
(479.0,459.0)
(447.0,459.0)
(483.0,459.0)
(459.0,459.0)
(459.0,459.0)
(459.0,459.0)
(447.0,459.0)
(459.0,459.0)
(459.0,459.0)
(447.0,459.0)
(459.0,459.0)
(459.0,459.0)
(447.0,459.0)
(459.0,459.0)
(457.0,459.0)
(447.0,459.0)
(459.0,459.0)
(459.0,459.0)
(447.0,459.0)
(447.0,459.0)
(459.0,459.0)
(459.0,459.0)
(459.0,459.0)
(459.0,459.0)
(459.0,459.0)
(447.0,459.0)
(459.0,459.0)
(459.0,459.0)
(471.0,459.0)
(447.0,459.0)
(459.0,459.0)
(447.0,459.0)
(447.0,459.0)
(459.0,459.0)
(447.0,459.0)
(447.0,459.0)
(459.0,459.0)
(447.0,459.0)
(447.0,459.0)
(459.0,459.0)
(459.0,459.0)
(459.0,459.0)
(447.0,459.0)
(459.0,459.0)
(459.0,459.0)
(447.0,459.0)
(447.0,459.0)
(447.0,459.0)
(459.0,459.0)
(447.0,459.0)
(459.0,459.0)
(404.0,459.0)
(459.0,459.0)
(447.0,459.0)
(459.0,459.0)
(447.0,459.0)
(447.0,459.0)
(459.0,459.0)
(447.0,459.0)
(459.0,459.0)
(459.0,459.0)
(447.0,459.0)
(479.0,459.0)
(459.0,459.0)
(459.0,459.0)
(447.0,459.0)
(459.0,459.0)
(459.0,459.0)
(447.0,459.0)
(447.0,459.0)
(447.0,459.0)
(447.0,459.0)
(471.0,459.0)
(447.0,459.0)
(459.0,459.0)
(459.0,459.0)
(447.0,459.0)
(447.0,459.0)
(447.0,459.0)
(459.0,459.0)
(447.0,459.0)
(459.0,459.0)
(459.0,459.0)
(447.0,459.0)
(447.0,459.0)
(447.0,459.0)
(459.0,459.0)
(447.0,459.0)
(447.0,459.0)
(459.0,459.0)
(459.0,459.0)
(447.0,459.0)
(447.0,459.0)
(459.0,459.0)
(447.0,459.0)
(447.0,459.0)
(785.0,459.0)
(459.0,459.0)
(447.0,459.0)
(447.0,459.0)
(479.0,459.0)
(447.0,459.0)
(447.0,459.0)
(459.0,459.0)
(471.0,459.0)
(479.0,459.0)
(459.0,459.0)
(447.0,459.0)
(447.0,459.0)
(459.0,459.0)
(459.0,459.0)
(447.0,459.0)
(459.0,459.0)
(447.0,459.0)
(447.0,459.0)
(447.0,459.0)
(459.0,459.0)
(447.0,459.0)
(447.0,459.0)
(459.0,459.0)
(459.0,459.0)
(459.0,459.0)
(459.0,459.0)
(459.0,459.0)
(447.0,459.0)
(459.0,459.0)
(471.0,459.0)
(459.0,459.0)
(459.0,459.0)
(459.0,459.0)
(447.0,459.0)
(447.0,459.0)
(459.0,459.0)
(459.0,459.0)
(804.0,459.0)
(459.0,459.0)
(459.0,459.0)
(459.0,459.0)
(447.0,459.0)
(447.0,459.0)
(447.0,459.0)
(447.0,459.0)
(447.0,459.0)
(447.0,459.0)
(471.0,459.0)
(459.0,459.0)
(459.0,459.0)
(447.0,459.0)
(459.0,459.0)
(447.0,459.0)
(471.0,459.0)
(459.0,459.0)
(447.0,459.0)
(459.0,459.0)
(447.0,459.0)
(447.0,459.0)
(447.0,459.0)
(459.0,459.0)
(447.0,459.0)
(447.0,459.0)
(471.0,459.0)
(459.0,459.0)
(459.0,459.0)
(447.0,459.0)
(459.0,459.0)
(447.0,459.0)
(459.0,459.0)
(459.0,459.0)
(447.0,459.0)
(459.0,459.0)
(459.0,459.0)
(802.0,459.0)
(455.0,459.0)
(447.0,459.0)
(447.0,459.0)
(459.0,459.0)
(459.0,459.0)
(459.0,459.0)
(459.0,459.0)
(447.0,459.0)
(459.0,459.0)
(459.0,459.0)
(447.0,459.0)
(459.0,459.0)
(459.0,459.0)
(459.0,459.0)
(459.0,459.0)
(459.0,459.0)
(459.0,459.0)
(459.0,459.0)
(519.0,459.0)
(459.0,459.0)
(459.0,459.0)
(459.0,459.0)
(459.0,459.0)
(447.0,459.0)
(447.0,459.0)
(459.0,459.0)
(471.0,459.0)
(459.0,459.0)
(459.0,459.0)
(447.0,459.0)
(447.0,459.0)
(447.0,459.0)
(447.0,459.0)
(459.0,459.0)
(802.0,459.0)
(447.0,459.0)
(459.0,459.0)
(459.0,459.0)
(447.0,459.0)
(447.0,459.0)
(459.0,459.0)
(447.0,459.0)
(447.0,459.0)
(802.0,459.0)
(459.0,459.0)
(471.0,459.0)
(447.0,459.0)
(459.0,459.0)
(459.0,459.0)
(459.0,459.0)
(447.0,459.0)
(447.0,459.0)
(447.0,459.0)
(447.0,459.0)
(459.0,459.0)
(447.0,459.0)
(459.0,459.0)
(459.0,459.0)
(459.0,459.0)
(459.0,459.0)
(447.0,459.0)
(447.0,459.0)
(447.0,459.0)
(459.0,459.0)
(447.0,459.0)
(459.0,459.0)
(459.0,459.0)
(461.0,459.0)
(459.0,459.0)
(802.0,459.0)
(447.0,459.0)
(459.0,459.0)
(421.0,459.0)
(749.0,459.0)
(447.0,459.0)
(447.0,459.0)
(447.0,459.0)
(447.0,459.0)
(459.0,459.0)
(459.0,459.0)
(447.0,459.0)
(447.0,459.0)
(447.0,459.0)
(447.0,459.0)
(447.0,459.0)
(459.0,459.0)
(447.0,459.0)
(459.0,459.0)
(447.0,459.0)
(459.0,459.0)
(459.0,459.0)
(471.0,459.0)
(802.0,459.0)
(459.0,459.0)
(459.0,459.0)
(459.0,459.0)
(459.0,459.0)
(447.0,459.0)
(459.0,459.0)
(447.0,459.0)
(459.0,459.0)
(447.0,459.0)
(447.0,459.0)
(459.0,459.0)
(459.0,459.0)
(447.0,459.0)
(459.0,459.0)
(447.0,459.0)
(447.0,459.0)
(447.0,459.0)
(447.0,459.0)
(447.0,459.0)
(459.0,459.0)
(459.0,459.0)
(447.0,459.0)
(447.0,459.0)
(459.0,459.0)
(447.0,459.0)
(447.0,459.0)
(459.0,459.0)
(802.0,459.0)
(447.0,459.0)
(447.0,459.0)
(459.0,459.0)
(459.0,459.0)
(459.0,459.0)
(455.0,459.0)
(447.0,459.0)
(459.0,459.0)
(459.0,459.0)
(459.0,459.0)
(447.0,459.0)
(459.0,459.0)
(459.0,459.0)
(447.0,459.0)
(447.0,459.0)
(447.0,459.0)
(447.0,459.0)
(447.0,459.0)
(447.0,459.0)
(459.0,459.0)
(447.0,459.0)
(459.0,459.0)
(447.0,459.0)
(459.0,459.0)
(447.0,459.0)
(459.0,459.0)
(447.0,459.0)
(447.0,459.0)
(459.0,459.0)
(447.0,459.0)
(447.0,459.0)
(417.0,459.0)
(455.0,459.0)
(447.0,459.0)
(447.0,459.0)
(447.0,459.0)
(440.0,459.0)
(447.0,459.0)
(458.0,459.0)
(447.0,459.0)
(447.0,459.0)
(447.0,459.0)
(459.0,459.0)
(464.0,459.0)
(459.0,459.0)
(458.0,459.0)
(448.0,459.0)
(447.0,459.0)
(483.0,459.0)
(459.0,459.0)
(459.0,459.0)
(459.0,459.0)
(459.0,459.0)
(459.0,459.0)
(459.0,459.0)
(447.0,459.0)
(447.0,459.0)
(479.0,459.0)
(447.0,459.0)
(459.0,459.0)
(459.0,459.0)
(459.0,459.0)
(483.0,459.0)
(464.0,459.0)
(440.0,459.0)
(448.0,459.0)
(459.0,459.0)
(458.0,459.0)
(440.0,459.0)
(447.0,459.0)
(771.0,459.0)
(458.0,459.0)
(459.0,459.0)
(771.0,459.0)
(447.0,459.0)
(447.0,459.0)
(458.0,459.0)
(447.0,459.0)
(447.0,459.0)
(459.0,459.0)
(459.0,459.0)
(459.0,459.0)
(447.0,459.0)
(447.0,459.0)
(459.0,459.0)
(384.0,459.0)
(459.0,459.0)
(447.0,459.0)
(459.0,459.0)
(459.0,459.0)
(447.0,459.0)
(459.0,459.0)
(447.0,459.0)
(459.0,459.0)
(459.0,459.0)
(440.0,459.0)
(384.0,459.0)
(447.0,459.0)
(459.0,459.0)
(459.0,459.0)
(440.0,459.0)
(447.0,459.0)
(459.0,459.0)
(447.0,459.0)
(479.0,459.0)
(771.0,459.0)
(459.0,459.0)
(447.0,459.0)
(459.0,459.0)
(459.0,459.0)
(459.0,459.0)
(447.0,459.0)
(436.0,459.0)
(464.0,459.0)
(458.0,459.0)
(458.0,459.0)
(459.0,459.0)
(447.0,459.0)
(459.0,459.0)
(459.0,459.0)
(435.0,459.0)
(447.0,459.0)
(459.0,459.0)
(459.0,459.0)
(459.0,459.0)
(464.0,459.0)
(479.0,459.0)
(447.0,459.0)
(421.0,459.0)
(427.0,459.0)
(447.0,459.0)
(459.0,459.0)
(447.0,459.0)
(447.0,459.0)
(459.0,459.0)
(447.0,459.0)
(483.0,459.0)
(447.0,459.0)
(447.0,459.0)
(447.0,459.0)
(458.0,459.0)
(447.0,459.0)
(475.0,459.0)
(459.0,459.0)
(447.0,459.0)
(771.0,459.0)
(459.0,459.0)
(459.0,459.0)
(459.0,459.0)
(447.0,459.0)
(417.0,459.0)
(436.0,459.0)
(459.0,459.0)
(459.0,459.0)
(771.0,459.0)
(448.0,459.0)
(447.0,459.0)
(417.0,459.0)
(447.0,459.0)
(440.0,459.0)
(447.0,459.0)
(458.0,459.0)
(458.0,459.0)
(417.0,459.0)
(771.0,459.0)
(464.0,459.0)
(459.0,459.0)
(447.0,459.0)
(447.0,459.0)
(471.0,459.0)
(447.0,459.0)
(447.0,459.0)
(479.0,459.0)
(483.0,459.0)
(458.0,459.0)
(459.0,459.0)
(447.0,459.0)
(459.0,459.0)
(447.0,459.0)
(436.0,459.0)
(459.0,459.0)
(458.0,459.0)
(447.0,459.0)
(459.0,459.0)
(447.0,459.0)
(447.0,459.0)
(458.0,459.0)
(436.0,459.0)
(459.0,459.0)
(464.0,459.0)
(771.0,459.0)
(483.0,459.0)
(475.0,459.0)
(459.0,459.0)
(440.0,459.0)
(458.0,459.0)
(459.0,459.0)
(459.0,459.0)
(459.0,459.0)
(479.0,459.0)
(479.0,459.0)
(459.0,459.0)
(447.0,459.0)
(459.0,459.0)
(458.0,459.0)
(459.0,459.0)
(459.0,459.0)
(459.0,459.0)
(447.0,459.0)
(447.0,459.0)
(447.0,459.0)
(436.0,459.0)
(447.0,459.0)
(447.0,459.0)
(447.0,459.0)
(436.0,459.0)
(479.0,459.0)
(447.0,459.0)
(447.0,459.0)
(447.0,459.0)
(384.0,459.0)
(447.0,459.0)
(459.0,459.0)
(458.0,459.0)
(459.0,459.0)
(447.0,459.0)
(459.0,459.0)
(459.0,459.0)
(459.0,459.0)
(387.0,459.0)
(459.0,459.0)
(447.0,459.0)
(459.0,459.0)
(447.0,459.0)
(447.0,459.0)
(447.0,459.0)
(447.0,459.0)
(447.0,459.0)
(447.0,459.0)
(459.0,459.0)
(459.0,459.0)
(447.0,459.0)
(447.0,459.0)
(447.0,459.0)
(459.0,459.0)
(459.0,459.0)
(459.0,459.0)
(459.0,459.0)
(459.0,459.0)
(459.0,459.0)
(447.0,459.0)
(459.0,459.0)
(459.0,459.0)
(447.0,459.0)
(447.0,459.0)
(447.0,459.0)
(459.0,459.0)
(459.0,459.0)
(447.0,459.0)
(447.0,459.0)
(459.0,459.0)
(459.0,459.0)
(459.0,459.0)
(447.0,459.0)
(459.0,459.0)
(459.0,459.0)
(471.0,459.0)
(459.0,459.0)
(483.0,459.0)
(447.0,459.0)
(459.0,459.0)
(447.0,459.0)
(459.0,459.0)
(447.0,459.0)
(459.0,459.0)
(447.0,459.0)
(459.0,459.0)
(447.0,459.0)
(471.0,459.0)
(447.0,459.0)
(447.0,459.0)
(447.0,459.0)
(459.0,459.0)
(459.0,459.0)
(471.0,459.0)
(459.0,459.0)
(447.0,459.0)
(459.0,459.0)
(447.0,459.0)
(447.0,459.0)
(447.0,459.0)
(459.0,459.0)
(459.0,459.0)
(459.0,459.0)
(459.0,459.0)
(459.0,459.0)
(459.0,459.0)
(459.0,459.0)
(459.0,459.0)
(459.0,459.0)
(417.0,459.0)
(459.0,459.0)
(447.0,459.0)
(447.0,459.0)
(479.0,459.0)
(459.0,459.0)
(459.0,459.0)
(459.0,459.0)
(459.0,459.0)
(447.0,459.0)
(447.0,459.0)
(459.0,459.0)
(447.0,459.0)
(447.0,459.0)
(435.0,459.0)
(459.0,459.0)
(459.0,459.0)
(386.0,459.0)
(447.0,459.0)
(447.0,459.0)
(459.0,459.0)
(459.0,459.0)
(459.0,459.0)
(447.0,459.0)
(447.0,459.0)
(459.0,459.0)
(447.0,459.0)
(459.0,459.0)
(447.0,459.0)
(447.0,459.0)
(447.0,459.0)
(447.0,459.0)
(459.0,459.0)
(435.0,459.0)
(447.0,459.0)
(471.0,459.0)
(447.0,459.0)
(447.0,459.0)
(459.0,459.0)
(459.0,459.0)
(421.0,459.0)
(459.0,459.0)
(459.0,459.0)
(459.0,459.0)
(447.0,459.0)
(459.0,459.0)
(447.0,459.0)
(447.0,459.0)
(459.0,459.0)
(459.0,459.0)
(447.0,459.0)
(459.0,459.0)
(459.0,459.0)
(447.0,459.0)
(447.0,459.0)
(447.0,459.0)
(447.0,459.0)
(447.0,459.0)
(459.0,459.0)
(459.0,459.0)
(459.0,459.0)
(447.0,459.0)
(447.0,459.0)
(459.0,459.0)
(459.0,459.0)
(447.0,459.0)
(447.0,459.0)
(459.0,459.0)
(447.0,459.0)
(447.0,459.0)
(483.0,459.0)
(459.0,459.0)
(459.0,459.0)
(459.0,459.0)
(459.0,459.0)
(447.0,459.0)
(459.0,459.0)
(447.0,459.0)
(459.0,459.0)
(459.0,459.0)
(459.0,459.0)
(368.0,459.0)
(447.0,459.0)
(459.0,459.0)
(447.0,459.0)
(459.0,459.0)
(459.0,459.0)
(384.0,459.0)
(447.0,459.0)
(447.0,459.0)
(459.0,459.0)
(459.0,459.0)
(447.0,459.0)
(459.0,459.0)
(471.0,459.0)
(447.0,459.0)
(447.0,459.0)
(459.0,459.0)
(447.0,459.0)
(459.0,459.0)
(447.0,459.0)
(447.0,459.0)
(447.0,459.0)
(459.0,459.0)
(459.0,459.0)
(459.0,459.0)
(447.0,459.0)
(459.0,459.0)
(459.0,459.0)
(447.0,459.0)
(447.0,459.0)
(447.0,459.0)
(459.0,459.0)
(459.0,459.0)
(447.0,459.0)
(459.0,459.0)
(459.0,459.0)
(459.0,459.0)
(459.0,459.0)
(459.0,459.0)
(459.0,459.0)
(447.0,459.0)
(368.0,459.0)
(433.0,459.0)
(459.0,459.0)
(447.0,459.0)
(447.0,459.0)
(447.0,459.0)
(459.0,459.0)
(459.0,459.0)
(447.0,459.0)
(459.0,459.0)
(459.0,459.0)
(447.0,459.0)
(447.0,459.0)
(459.0,459.0)
(459.0,459.0)
(459.0,459.0)
(472.0,459.0)
(447.0,459.0)
(479.0,459.0)
(459.0,459.0)
(447.0,459.0)
(459.0,459.0)
(459.0,459.0)
(740.0,459.0)
(447.0,459.0)
(771.0,459.0)
(459.0,459.0)
(447.0,459.0)
(459.0,459.0)
(459.0,459.0)
(459.0,459.0)
(447.0,459.0)
(447.0,459.0)
(459.0,459.0)
(447.0,459.0)
(479.0,459.0)
(447.0,459.0)
(447.0,459.0)
(447.0,459.0)
(459.0,459.0)
(459.0,459.0)
(447.0,459.0)
(459.0,459.0)
(459.0,459.0)
(459.0,459.0)
(459.0,459.0)
(459.0,459.0)
(447.0,459.0)
(447.0,459.0)
(447.0,459.0)
(459.0,459.0)
(354.0,459.0)
(447.0,459.0)
(459.0,459.0)
(447.0,459.0)
(447.0,459.0)
(447.0,459.0)
(404.0,459.0)
(447.0,459.0)
(447.0,459.0)
(435.0,459.0)
(447.0,459.0)
(447.0,459.0)
(459.0,459.0)
(447.0,459.0)
(459.0,459.0)
(459.0,459.0)
(447.0,459.0)
(447.0,459.0)
(447.0,459.0)
(459.0,459.0)
(459.0,459.0)
(459.0,459.0)
(447.0,459.0)
(447.0,459.0)
(459.0,459.0)
(447.0,459.0)
(459.0,459.0)
(459.0,459.0)
(459.0,459.0)
(447.0,459.0)
(456.0,459.0)
(447.0,459.0)
(447.0,459.0)
(447.0,459.0)
(459.0,459.0)
(447.0,459.0)
(459.0,459.0)
(459.0,459.0)
(459.0,459.0)
(447.0,459.0)
(459.0,459.0)
(435.0,459.0)
(459.0,459.0)
(459.0,459.0)
(479.0,459.0)
(459.0,459.0)
(479.0,459.0)
(447.0,459.0)
(447.0,459.0)
(459.0,459.0)
(447.0,459.0)
(447.0,459.0)
(459.0,459.0)
(459.0,459.0)
(459.0,459.0)
(447.0,459.0)
(459.0,459.0)
(771.0,459.0)
(447.0,459.0)
(459.0,459.0)
(447.0,459.0)
(459.0,459.0)
(447.0,459.0)
(459.0,459.0)
(459.0,459.0)
(459.0,459.0)
(459.0,459.0)
(459.0,459.0)
(447.0,459.0)
(459.0,459.0)
(459.0,459.0)
(459.0,459.0)
(459.0,459.0)
(459.0,459.0)
(483.0,459.0)
(459.0,459.0)
(459.0,459.0)
(447.0,459.0)
(459.0,459.0)
(421.0,459.0)
(459.0,459.0)
(810.0,459.0)
(479.0,459.0)
(447.0,459.0)
(447.0,459.0)
(459.0,459.0)
(447.0,459.0)
(459.0,459.0)
(447.0,459.0)
(447.0,459.0)
(459.0,459.0)
(459.0,459.0)
(447.0,459.0)
(458.0,459.0)
(447.0,459.0)
(459.0,459.0)
(447.0,459.0)
(447.0,459.0)
(459.0,459.0)
(417.0,459.0)
(447.0,459.0)
(459.0,459.0)
(459.0,459.0)
(447.0,459.0)
(459.0,459.0)
(459.0,459.0)
(479.0,459.0)
(447.0,459.0)
(459.0,459.0)
(408.0,459.0)
(459.0,459.0)
(447.0,459.0)
(447.0,459.0)
(459.0,459.0)
(459.0,459.0)
(447.0,459.0)
(447.0,459.0)
(459.0,459.0)
(459.0,459.0)
(459.0,459.0)
(417.0,459.0)
(459.0,459.0)
(483.0,459.0)
(459.0,459.0)
(459.0,459.0)
(479.0,459.0)
(459.0,459.0)
(447.0,459.0)
(447.0,459.0)
(459.0,459.0)
(447.0,459.0)
(447.0,459.0)
(459.0,459.0)
(447.0,459.0)
(459.0,459.0)
(447.0,459.0)
(447.0,459.0)
(459.0,459.0)
(459.0,459.0)
(447.0,459.0)
(447.0,459.0)
(447.0,459.0)
(459.0,459.0)
(447.0,459.0)
(447.0,459.0)
(459.0,459.0)
(459.0,459.0)
(459.0,459.0)
(447.0,459.0)
(459.0,459.0)
(459.0,459.0)
(459.0,459.0)
(447.0,459.0)
(459.0,459.0)
(447.0,459.0)
(459.0,459.0)
(447.0,459.0)
(802.0,459.0)
(459.0,459.0)
(459.0,459.0)
(459.0,459.0)
(459.0,459.0)
(447.0,459.0)
(447.0,459.0)
(459.0,459.0)
(447.0,459.0)
(447.0,459.0)
(447.0,459.0)
(417.0,459.0)
(447.0,459.0)
(447.0,459.0)
(459.0,459.0)
(459.0,459.0)
(447.0,459.0)
(447.0,459.0)
(447.0,459.0)
(459.0,459.0)
(459.0,459.0)
(459.0,459.0)
(474.0,459.0)
(447.0,459.0)
(459.0,459.0)
(459.0,459.0)
(447.0,459.0)
(459.0,459.0)
(459.0,459.0)
(459.0,459.0)
(459.0,459.0)
(447.0,459.0)
(459.0,459.0)
(459.0,459.0)
(459.0,459.0)
(447.0,459.0)
(459.0,459.0)
(459.0,459.0)
(456.0,459.0)
(447.0,459.0)
(447.0,459.0)
(459.0,459.0)
(447.0,459.0)
(459.0,459.0)
(459.0,459.0)
(447.0,459.0)
(447.0,459.0)
(459.0,459.0)
(440.0,459.0)
(447.0,459.0)
(447.0,459.0)
(459.0,459.0)
(447.0,459.0)
(459.0,459.0)
(459.0,459.0)
(435.0,459.0)
(459.0,459.0)
(447.0,459.0)
(459.0,459.0)
(459.0,459.0)
(479.0,459.0)
(447.0,459.0)
(447.0,459.0)
(459.0,459.0)
(447.0,459.0)
(459.0,459.0)
(447.0,459.0)
(459.0,459.0)
(459.0,459.0)
(459.0,459.0)
(447.0,459.0)
(447.0,459.0)
(447.0,459.0)
(447.0,459.0)
(447.0,459.0)
(447.0,459.0)
(447.0,459.0)
(447.0,459.0)
(459.0,459.0)
(447.0,459.0)
(459.0,459.0)
(459.0,459.0)
(447.0,459.0)
(447.0,459.0)
(459.0,459.0)
(447.0,459.0)
(459.0,459.0)
(447.0,459.0)
(459.0,459.0)
(456.0,459.0)
(447.0,459.0)
(459.0,459.0)
(447.0,459.0)
(459.0,459.0)
(459.0,459.0)
(459.0,459.0)
(459.0,459.0)
(459.0,459.0)
(447.0,459.0)
(447.0,459.0)
(459.0,459.0)
(459.0,459.0)
(459.0,459.0)
(459.0,459.0)
(435.0,459.0)
(459.0,459.0)
(459.0,459.0)
(447.0,459.0)
(459.0,459.0)
(459.0,459.0)
(447.0,459.0)
(447.0,459.0)
(459.0,459.0)
(447.0,459.0)
(459.0,459.0)
(458.0,459.0)
(459.0,459.0)
(447.0,459.0)
(447.0,459.0)
(459.0,459.0)
(459.0,459.0)
(459.0,459.0)
(447.0,459.0)
(479.0,459.0)
(447.0,459.0)
(459.0,459.0)
(459.0,459.0)
(459.0,459.0)
(459.0,459.0)
(447.0,459.0)
(459.0,459.0)
(447.0,459.0)
(459.0,459.0)
(459.0,459.0)
(459.0,459.0)
(459.0,459.0)
(483.0,459.0)
(447.0,459.0)
(447.0,459.0)
(447.0,459.0)
(459.0,459.0)
(447.0,459.0)
(459.0,459.0)
(447.0,459.0)
(459.0,459.0)
(479.0,459.0)
(459.0,459.0)
(459.0,459.0)
(459.0,459.0)
(459.0,459.0)
(459.0,459.0)
(459.0,459.0)
(459.0,459.0)
(447.0,459.0)
(447.0,459.0)
(459.0,459.0)
(459.0,459.0)
(459.0,459.0)
(447.0,459.0)
(459.0,459.0)
(459.0,459.0)
(447.0,459.0)
(447.0,459.0)
(447.0,459.0)
(459.0,459.0)
(447.0,459.0)
(459.0,459.0)
(459.0,459.0)
(459.0,459.0)
(459.0,459.0)
(459.0,459.0)
(471.0,459.0)
(459.0,459.0)
(447.0,459.0)
(459.0,459.0)
(447.0,459.0)
(447.0,459.0)
(459.0,459.0)
(447.0,459.0)
(447.0,459.0)
(447.0,459.0)
(479.0,459.0)
(482.0,459.0)
(459.0,459.0)
(447.0,459.0)
(459.0,459.0)
(459.0,459.0)
(459.0,459.0)
(447.0,459.0)
(459.0,459.0)
(459.0,459.0)
(447.0,459.0)
(459.0,459.0)
(447.0,459.0)
(459.0,459.0)
(447.0,459.0)
(447.0,459.0)
(447.0,459.0)
(447.0,459.0)
(447.0,459.0)
(459.0,459.0)
(459.0,459.0)
(459.0,459.0)
(459.0,459.0)
(459.0,459.0)
(447.0,459.0)
(447.0,459.0)
(459.0,459.0)
(459.0,459.0)
(447.0,459.0)
(447.0,459.0)
(459.0,459.0)
(447.0,459.0)
(447.0,459.0)
(459.0,459.0)
(447.0,459.0)
(447.0,459.0)
(447.0,459.0)
(459.0,459.0)
(459.0,459.0)
(349.0,459.0)
(447.0,459.0)
(447.0,459.0)
(447.0,459.0)
(447.0,459.0)
(459.0,459.0)
(459.0,459.0)
(459.0,459.0)
(447.0,459.0)
(802.0,459.0)
(459.0,459.0)
(459.0,459.0)
(447.0,459.0)
(459.0,459.0)
(459.0,459.0)
(459.0,459.0)
(447.0,459.0)
(447.0,459.0)
(459.0,459.0)
(459.0,459.0)
(459.0,459.0)
(447.0,459.0)
(447.0,459.0)
(459.0,459.0)
(459.0,459.0)
(447.0,459.0)
(447.0,459.0)
(447.0,459.0)
(447.0,459.0)
(447.0,459.0)
(447.0,459.0)
(459.0,459.0)
(447.0,459.0)
(447.0,459.0)
(447.0,459.0)
(447.0,459.0)
(447.0,459.0)
(459.0,459.0)
(459.0,459.0)
(447.0,459.0)
(447.0,459.0)
(447.0,459.0)
(459.0,459.0)
(459.0,459.0)
(459.0,459.0)
(447.0,459.0)
(447.0,459.0)
(459.0,459.0)
(447.0,459.0)
(447.0,459.0)
(447.0,459.0)
(471.0,459.0)
(447.0,459.0)
(447.0,459.0)
(471.0,459.0)
(447.0,459.0)
(447.0,459.0)
(459.0,459.0)
(447.0,459.0)
(459.0,459.0)
(471.0,459.0)
(447.0,459.0)
(459.0,459.0)
(471.0,459.0)
(459.0,459.0)
(459.0,459.0)
(459.0,459.0)
(459.0,459.0)
(459.0,459.0)
(447.0,459.0)
(459.0,459.0)
(447.0,459.0)
(447.0,459.0)
(447.0,459.0)
(447.0,459.0)
(459.0,459.0)
(447.0,459.0)
(447.0,459.0)
(434.0,459.0)
(786.0,459.0)
(447.0,459.0)
(447.0,459.0)
(447.0,459.0)
(459.0,459.0)
(447.0,459.0)
(447.0,459.0)
(459.0,459.0)
(447.0,459.0)
(785.0,459.0)
(447.0,459.0)
(441.0,459.0)
(447.0,459.0)
(459.0,459.0)
(459.0,459.0)
(447.0,459.0)
(459.0,459.0)
(447.0,459.0)
(802.0,459.0)
(447.0,459.0)
(459.0,459.0)
(802.0,459.0)
(459.0,459.0)
(447.0,459.0)
(459.0,459.0)
(447.0,459.0)
(459.0,459.0)
(447.0,459.0)
(447.0,459.0)
(459.0,459.0)
(367.0,459.0)
(447.0,459.0)
(447.0,459.0)
(447.0,459.0)
(459.0,459.0)
(459.0,459.0)
(447.0,459.0)
(459.0,459.0)
(459.0,459.0)
(447.0,459.0)
(447.0,459.0)
(459.0,459.0)
(459.0,459.0)
(447.0,459.0)
(447.0,459.0)
(447.0,459.0)
(447.0,459.0)
(447.0,459.0)
(459.0,459.0)
(459.0,459.0)
(447.0,459.0)
(459.0,459.0)
(447.0,459.0)
(447.0,459.0)
(447.0,459.0)
(459.0,459.0)
(459.0,459.0)
(447.0,459.0)
(471.0,459.0)
(447.0,459.0)
(447.0,459.0)
(447.0,459.0)
(447.0,459.0)
(459.0,459.0)
(459.0,459.0)
(459.0,459.0)
(459.0,459.0)
(459.0,459.0)
(459.0,459.0)
(447.0,459.0)
(447.0,459.0)
(447.0,459.0)
(459.0,459.0)
(459.0,459.0)
(447.0,459.0)
(447.0,459.0)
(447.0,459.0)
(447.0,459.0)
(459.0,459.0)
(447.0,459.0)
(459.0,459.0)
(447.0,459.0)
(459.0,459.0)
(459.0,459.0)
(459.0,459.0)
(459.0,459.0)
(459.0,459.0)
(802.0,459.0)
(459.0,459.0)
(459.0,459.0)
(447.0,459.0)
(447.0,459.0)
(459.0,459.0)
(786.0,459.0)
(459.0,459.0)
(459.0,459.0)
(447.0,459.0)
(447.0,459.0)
(459.0,459.0)
(447.0,459.0)
(459.0,459.0)
(459.0,459.0)
(447.0,459.0)
(447.0,459.0)
(447.0,459.0)
(447.0,459.0)
(459.0,459.0)
(459.0,459.0)
(447.0,459.0)
(447.0,459.0)
(459.0,459.0)
(459.0,459.0)
(459.0,459.0)
(447.0,459.0)
(447.0,459.0)
(749.0,459.0)
(447.0,459.0)
(459.0,459.0)
(802.0,459.0)
(447.0,459.0)
(459.0,459.0)
(435.0,459.0)
(447.0,459.0)
(459.0,459.0)
(447.0,459.0)
(459.0,459.0)
(447.0,459.0)
(447.0,459.0)
(459.0,459.0)
(459.0,459.0)
(447.0,459.0)
(459.0,459.0)
(421.0,459.0)
(459.0,459.0)
(459.0,459.0)
(447.0,459.0)
(447.0,459.0)
(447.0,459.0)
(447.0,459.0)
(447.0,459.0)
(459.0,459.0)
(447.0,459.0)
(447.0,459.0)
(447.0,459.0)
(447.0,459.0)
(459.0,459.0)
(459.0,459.0)
(459.0,459.0)
(447.0,459.0)
(459.0,459.0)
(447.0,459.0)
(447.0,459.0)
(459.0,459.0)
(447.0,459.0)
(459.0,459.0)
(459.0,459.0)
(802.0,459.0)
(459.0,459.0)
(447.0,459.0)
(447.0,459.0)
(459.0,459.0)
(447.0,459.0)
(447.0,459.0)
(459.0,459.0)
(459.0,459.0)
(447.0,459.0)
(802.0,459.0)
(447.0,459.0)
(802.0,459.0)
(459.0,459.0)
(459.0,459.0)
(447.0,459.0)
(459.0,459.0)
(447.0,459.0)
(447.0,459.0)
(471.0,459.0)
(447.0,459.0)
(459.0,459.0)
(459.0,459.0)
(447.0,459.0)
(459.0,459.0)
(447.0,459.0)
(447.0,459.0)
(455.0,459.0)
(459.0,459.0)
(459.0,459.0)
(447.0,459.0)
(447.0,459.0)
(459.0,459.0)
(447.0,459.0)
(459.0,459.0)
(447.0,459.0)
(447.0,459.0)
(802.0,459.0)
(447.0,459.0)
(447.0,459.0)
(447.0,459.0)
(447.0,459.0)
(459.0,459.0)
(447.0,459.0)
(459.0,459.0)
(771.0,459.0)
(447.0,459.0)
(447.0,459.0)
(459.0,459.0)
(447.0,459.0)
(447.0,459.0)
(447.0,459.0)
(447.0,459.0)
(447.0,459.0)
(447.0,459.0)
(459.0,459.0)
(447.0,459.0)
(459.0,459.0)
(459.0,459.0)
(471.0,459.0)
(459.0,459.0)
(459.0,459.0)
(459.0,459.0)
(447.0,459.0)
(459.0,459.0)
(447.0,459.0)
(804.0,459.0)
(447.0,459.0)
(471.0,459.0)
(459.0,459.0)
(447.0,459.0)
(447.0,459.0)
(459.0,459.0)
(447.0,459.0)
(447.0,459.0)
(447.0,459.0)
(447.0,459.0)
(413.0,459.0)
(447.0,459.0)
(459.0,459.0)
(459.0,459.0)
(459.0,459.0)
(459.0,459.0)
(447.0,459.0)
(459.0,459.0)
(447.0,459.0)
(459.0,459.0)
(417.0,459.0)
(802.0,459.0)
(447.0,459.0)
(447.0,459.0)
(447.0,459.0)
(447.0,459.0)
(459.0,459.0)
(447.0,459.0)
(459.0,459.0)
(447.0,459.0)
(447.0,459.0)
(447.0,459.0)
(447.0,459.0)
(447.0,459.0)
(459.0,459.0)
(447.0,459.0)
(447.0,459.0)
(802.0,459.0)
(447.0,459.0)
(459.0,459.0)
(459.0,459.0)
(459.0,459.0)
(802.0,459.0)
(459.0,459.0)
(447.0,459.0)
(459.0,459.0)
(459.0,459.0)
(447.0,459.0)
(447.0,459.0)
(479.0,459.0)
(447.0,459.0)
(447.0,459.0)
(459.0,459.0)
(459.0,459.0)
(447.0,459.0)
(459.0,459.0)
(459.0,459.0)
(447.0,459.0)
(459.0,459.0)
(447.0,459.0)
(459.0,459.0)
(459.0,459.0)
(447.0,459.0)
(447.0,459.0)
(459.0,459.0)
(447.0,459.0)
(447.0,459.0)
(459.0,459.0)
(459.0,459.0)
(447.0,459.0)
(471.0,459.0)
(459.0,459.0)
(459.0,459.0)
(447.0,459.0)
(459.0,459.0)
(447.0,459.0)
(459.0,459.0)
(459.0,459.0)
(459.0,459.0)
(802.0,459.0)
(447.0,459.0)
(459.0,459.0)
(459.0,459.0)
(447.0,459.0)
(447.0,459.0)
(459.0,459.0)
(459.0,459.0)
(459.0,459.0)
(459.0,459.0)
(447.0,459.0)
(459.0,459.0)
(447.0,459.0)
(459.0,459.0)
(447.0,459.0)
(447.0,459.0)
(447.0,459.0)
(754.0,459.0)
(447.0,459.0)
(459.0,459.0)
(771.0,459.0)
(447.0,459.0)
(459.0,459.0)
(459.0,459.0)
(447.0,459.0)
(447.0,459.0)
(459.0,459.0)
(447.0,459.0)
(459.0,459.0)
(459.0,459.0)
(447.0,459.0)
(459.0,459.0)
(447.0,459.0)
(459.0,459.0)
(459.0,459.0)
(459.0,459.0)
(459.0,459.0)
(459.0,459.0)
(459.0,459.0)
(447.0,459.0)
(447.0,459.0)
(459.0,459.0)
(459.0,459.0)
(459.0,459.0)
(459.0,459.0)
(459.0,459.0)
(447.0,459.0)
(447.0,459.0)
(447.0,459.0)
(447.0,459.0)
(447.0,459.0)
(459.0,459.0)
(447.0,459.0)
(459.0,459.0)
(459.0,459.0)
(447.0,459.0)
(447.0,459.0)
(459.0,459.0)
(459.0,459.0)
(471.0,459.0)
(459.0,459.0)
(459.0,459.0)
(447.0,459.0)
(447.0,459.0)
(447.0,459.0)
(459.0,459.0)
(447.0,459.0)
(459.0,459.0)
(447.0,459.0)
(441.0,459.0)
(459.0,459.0)
(447.0,459.0)
(447.0,459.0)
(771.0,459.0)
(459.0,459.0)
(447.0,459.0)
(459.0,459.0)
(459.0,459.0)
(459.0,459.0)
(809.0,459.0)
(459.0,459.0)
(447.0,459.0)
(459.0,459.0)
(459.0,459.0)
(447.0,459.0)
(447.0,459.0)
(447.0,459.0)
(447.0,459.0)
(447.0,459.0)
(447.0,459.0)
(447.0,459.0)
(459.0,459.0)
(459.0,459.0)
(447.0,459.0)
(459.0,459.0)
(459.0,459.0)
(459.0,459.0)
(447.0,459.0)
(459.0,459.0)
(427.0,459.0)
(771.0,459.0)
(471.0,459.0)
(447.0,459.0)
(447.0,459.0)
(447.0,459.0)
(459.0,459.0)
(447.0,459.0)
(459.0,459.0)
(447.0,459.0)
(447.0,459.0)
(447.0,459.0)
(447.0,459.0)
(459.0,459.0)
(459.0,459.0)
(459.0,459.0)
(459.0,459.0)
(447.0,459.0)
(459.0,459.0)
(459.0,459.0)
(471.0,459.0)
(447.0,459.0)
(479.0,459.0)
(459.0,459.0)
(459.0,459.0)
(447.0,459.0)
(447.0,459.0)
(459.0,459.0)
(447.0,459.0)
(427.0,459.0)
(447.0,459.0)
(447.0,459.0)
(459.0,459.0)
(459.0,459.0)
(459.0,459.0)
(459.0,459.0)
(802.0,459.0)
(459.0,459.0)
(459.0,459.0)
(447.0,459.0)
(404.0,459.0)
(459.0,459.0)
(447.0,459.0)
(459.0,459.0)
(459.0,459.0)
(447.0,459.0)
(447.0,459.0)
(447.0,459.0)
(447.0,459.0)
(447.0,459.0)
(459.0,459.0)
(447.0,459.0)
(459.0,459.0)
(447.0,459.0)
(447.0,459.0)
(459.0,459.0)
(459.0,459.0)
(459.0,459.0)
(447.0,459.0)
(472.0,459.0)
(459.0,459.0)
(447.0,459.0)
(459.0,459.0)
(459.0,459.0)
(459.0,459.0)
(459.0,459.0)
(447.0,459.0)
(459.0,459.0)
(447.0,459.0)
(447.0,459.0)
(447.0,459.0)
(447.0,459.0)
(459.0,459.0)
(459.0,459.0)
(447.0,459.0)
(447.0,459.0)
(447.0,459.0)
(447.0,459.0)
(459.0,459.0)
(447.0,459.0)
(447.0,459.0)
(459.0,459.0)
(447.0,459.0)
(447.0,459.0)
(447.0,459.0)
(459.0,459.0)
(459.0,459.0)
(447.0,459.0)
(447.0,459.0)
(447.0,459.0)
(447.0,459.0)
(447.0,459.0)
(459.0,459.0)
(447.0,459.0)
(459.0,459.0)
(447.0,459.0)
(447.0,459.0)
(447.0,459.0)
(447.0,459.0)
(41.0,459.0)
(447.0,459.0)
(447.0,459.0)
(447.0,459.0)
(447.0,459.0)
(447.0,459.0)
(459.0,459.0)
(447.0,459.0)
(447.0,459.0)
(459.0,459.0)
(447.0,459.0)
(459.0,459.0)
(459.0,459.0)
(447.0,459.0)
(447.0,459.0)
(447.0,459.0)
(447.0,459.0)
(447.0,459.0)
(459.0,459.0)
(459.0,459.0)
(447.0,459.0)
(447.0,459.0)
(447.0,459.0)
(459.0,459.0)
(459.0,459.0)
(447.0,459.0)
(459.0,459.0)
(447.0,459.0)
(447.0,459.0)
(459.0,459.0)
(447.0,459.0)
(435.0,459.0)
(447.0,459.0)
(459.0,459.0)
(459.0,459.0)
(447.0,459.0)
(447.0,459.0)
(459.0,459.0)
(447.0,459.0)
(447.0,459.0)
(459.0,459.0)
(447.0,459.0)
(459.0,459.0)
(447.0,459.0)
(447.0,459.0)
(459.0,459.0)
(447.0,459.0)
(459.0,459.0)
(459.0,459.0)
(447.0,459.0)
(459.0,459.0)
(447.0,459.0)
(459.0,459.0)
(459.0,459.0)
(447.0,459.0)
(447.0,459.0)
(447.0,459.0)
(459.0,459.0)
(459.0,459.0)
(447.0,459.0)
(459.0,459.0)
(459.0,459.0)
(447.0,459.0)
(459.0,459.0)
(447.0,459.0)
(447.0,459.0)
(447.0,459.0)
(447.0,459.0)
(447.0,459.0)
(447.0,459.0)
(471.0,459.0)
(447.0,459.0)
(447.0,459.0)
(447.0,459.0)
(447.0,459.0)
(447.0,459.0)
(447.0,459.0)
(447.0,459.0)
(459.0,459.0)
(459.0,459.0)
(459.0,459.0)
(447.0,459.0)
(459.0,459.0)
(459.0,459.0)
(447.0,459.0)
(447.0,459.0)
(459.0,459.0)
(459.0,459.0)
(447.0,459.0)
(447.0,459.0)
(447.0,459.0)
(459.0,459.0)
(447.0,459.0)
(447.0,459.0)
(459.0,459.0)
(417.0,459.0)
(447.0,459.0)
(459.0,459.0)
(459.0,459.0)
(447.0,459.0)
(447.0,459.0)
(459.0,459.0)
(447.0,459.0)
(447.0,459.0)
(447.0,459.0)
(417.0,459.0)
(459.0,459.0)
(447.0,459.0)
(459.0,459.0)
(447.0,459.0)
(459.0,459.0)
(447.0,459.0)
(447.0,459.0)
(447.0,459.0)
(447.0,459.0)
(447.0,459.0)
(447.0,459.0)
(459.0,459.0)
(447.0,459.0)
(459.0,459.0)
(459.0,459.0)
(447.0,459.0)
(459.0,459.0)
(459.0,459.0)
(447.0,459.0)
(447.0,459.0)
(447.0,459.0)
(459.0,459.0)
(447.0,459.0)
(459.0,459.0)
(447.0,459.0)
(459.0,459.0)
(447.0,459.0)
(459.0,459.0)
(459.0,459.0)
(459.0,459.0)
(447.0,459.0)
(459.0,459.0)
(447.0,459.0)
(447.0,459.0)
(459.0,459.0)
(447.0,459.0)
(459.0,459.0)
(447.0,459.0)
(447.0,459.0)
(447.0,459.0)
(459.0,459.0)
(447.0,459.0)
(459.0,459.0)
(447.0,459.0)
(447.0,459.0)
(459.0,459.0)
(771.0,459.0)
(459.0,459.0)
(459.0,459.0)
(455.0,459.0)
(459.0,459.0)
(447.0,459.0)
(447.0,459.0)
(459.0,459.0)
(459.0,459.0)
(459.0,459.0)
(459.0,459.0)
(447.0,459.0)
(802.0,459.0)
(447.0,459.0)
(447.0,459.0)
(447.0,459.0)
(459.0,459.0)
(459.0,459.0)
(447.0,459.0)
(471.0,459.0)
(459.0,459.0)
(459.0,459.0)
(459.0,459.0)
(459.0,459.0)
(447.0,459.0)
(447.0,459.0)
(459.0,459.0)
(459.0,459.0)
(459.0,459.0)
(459.0,459.0)
(447.0,459.0)
(421.0,459.0)
(459.0,459.0)
(447.0,459.0)
(447.0,459.0)
(459.0,459.0)
(459.0,459.0)
(459.0,459.0)
(447.0,459.0)
(459.0,459.0)
(447.0,459.0)
(447.0,459.0)
(459.0,459.0)
(471.0,459.0)
(459.0,459.0)
(447.0,459.0)
(447.0,459.0)
(459.0,459.0)
(447.0,459.0)
(447.0,459.0)
(447.0,459.0)
(459.0,459.0)
(447.0,459.0)
(447.0,459.0)
(459.0,459.0)
(447.0,459.0)
(459.0,459.0)
(771.0,459.0)
(459.0,459.0)
(459.0,459.0)
(447.0,459.0)
(447.0,459.0)
(455.0,459.0)
(459.0,459.0)
(447.0,459.0)
(447.0,459.0)
(447.0,459.0)
(771.0,459.0)
(447.0,459.0)
(447.0,459.0)
(447.0,459.0)
(459.0,459.0)
(447.0,459.0)
(459.0,459.0)
(785.0,459.0)
(447.0,459.0)
(447.0,459.0)
(447.0,459.0)
(447.0,459.0)
(447.0,459.0)
(447.0,459.0)
(447.0,459.0)
(459.0,459.0)
(459.0,459.0)
(459.0,459.0)
(459.0,459.0)
(447.0,459.0)
(447.0,459.0)
(447.0,459.0)
(447.0,459.0)
(459.0,459.0)
(459.0,459.0)
(447.0,459.0)
(459.0,459.0)
(459.0,459.0)
(447.0,459.0)
(459.0,459.0)
(447.0,459.0)
(459.0,459.0)
(459.0,459.0)
(459.0,459.0)
(447.0,459.0)
(459.0,459.0)
(447.0,459.0)
(459.0,459.0)
(447.0,459.0)
(459.0,459.0)
(447.0,459.0)
(447.0,459.0)
(459.0,459.0)
(459.0,459.0)
(459.0,459.0)
(459.0,459.0)
(459.0,459.0)
(459.0,459.0)
(447.0,459.0)
(459.0,459.0)
(447.0,459.0)
(459.0,459.0)
(459.0,459.0)
(459.0,459.0)
(447.0,459.0)
(447.0,459.0)
(447.0,459.0)
(447.0,459.0)
(447.0,459.0)
(447.0,459.0)
(447.0,459.0)
(447.0,459.0)
(447.0,459.0)
(447.0,459.0)
(459.0,459.0)
(447.0,459.0)
(459.0,459.0)
(447.0,459.0)
(447.0,459.0)
(459.0,459.0)
(771.0,459.0)
(447.0,459.0)
(447.0,459.0)
(459.0,459.0)
(447.0,459.0)
(447.0,459.0)
(459.0,459.0)
(447.0,459.0)
(447.0,459.0)
(459.0,459.0)
(447.0,459.0)
(447.0,459.0)
(447.0,459.0)
(459.0,459.0)
(447.0,459.0)
(417.0,459.0)
(447.0,459.0)
(459.0,459.0)
(459.0,459.0)
(447.0,459.0)
(459.0,459.0)
(447.0,459.0)
(459.0,459.0)
(447.0,459.0)
(459.0,459.0)
(447.0,459.0)
(459.0,459.0)
(459.0,459.0)
(447.0,459.0)
(459.0,459.0)
(459.0,459.0)
(459.0,459.0)
(447.0,459.0)
(459.0,459.0)
(447.0,459.0)
(459.0,459.0)
(447.0,459.0)
(447.0,459.0)
(447.0,459.0)
(447.0,459.0)
(447.0,459.0)
(447.0,459.0)
(455.0,459.0)
(447.0,459.0)
(459.0,459.0)
(447.0,459.0)
(447.0,459.0)
(447.0,459.0)
(447.0,459.0)
(447.0,459.0)
(447.0,459.0)
(459.0,459.0)
(459.0,459.0)
(459.0,459.0)
(459.0,459.0)
(459.0,459.0)
(459.0,459.0)
(459.0,459.0)
(447.0,459.0)
(459.0,459.0)
(447.0,459.0)
(447.0,459.0)
(447.0,459.0)
(447.0,459.0)
(447.0,459.0)
(447.0,459.0)
(447.0,459.0)
(447.0,459.0)
(447.0,459.0)
(447.0,459.0)
(459.0,459.0)
(771.0,459.0)
(456.0,459.0)
(447.0,459.0)
(459.0,459.0)
(459.0,459.0)
(459.0,459.0)
(447.0,459.0)
(447.0,459.0)
(447.0,459.0)
(483.0,459.0)
(447.0,459.0)
(471.0,459.0)
(447.0,459.0)
(447.0,459.0)
(447.0,459.0)
(447.0,459.0)
(471.0,459.0)
(459.0,459.0)
(459.0,459.0)
(447.0,459.0)
(447.0,459.0)
(447.0,459.0)
(447.0,459.0)
(447.0,459.0)
(447.0,459.0)
(447.0,459.0)
(447.0,459.0)
(447.0,459.0)
(447.0,459.0)
(771.0,459.0)
(447.0,459.0)
(447.0,459.0)
(447.0,459.0)
(459.0,459.0)
(447.0,459.0)
(447.0,459.0)
(447.0,459.0)
(447.0,459.0)
(447.0,459.0)
(459.0,459.0)
(447.0,459.0)
(447.0,459.0)
(447.0,459.0)
(459.0,459.0)
(447.0,459.0)
(447.0,459.0)
(447.0,459.0)
(447.0,459.0)
(447.0,459.0)
(447.0,459.0)
(354.0,459.0)
(455.0,459.0)
(447.0,459.0)
(447.0,459.0)
(447.0,459.0)
(447.0,459.0)
(447.0,459.0)
(447.0,459.0)
(447.0,459.0)
(447.0,459.0)
(447.0,459.0)
(372.0,459.0)
(459.0,459.0)
(447.0,459.0)
(447.0,459.0)
(459.0,459.0)
(459.0,459.0)
(447.0,459.0)
(447.0,459.0)
(447.0,459.0)
(459.0,459.0)
(447.0,459.0)
(416.0,459.0)
(459.0,459.0)
(447.0,459.0)
(447.0,459.0)
(447.0,459.0)
(447.0,459.0)
(459.0,459.0)
(447.0,459.0)
(459.0,459.0)
(447.0,459.0)
(447.0,459.0)
(447.0,459.0)
(459.0,459.0)
(447.0,459.0)
(447.0,459.0)
(447.0,459.0)
(447.0,459.0)
(459.0,459.0)
(459.0,459.0)
(459.0,459.0)
(459.0,459.0)
(447.0,459.0)
(459.0,459.0)
(459.0,459.0)
(447.0,459.0)
(447.0,459.0)
(447.0,459.0)
(447.0,459.0)
(459.0,459.0)
(793.0,459.0)
(447.0,459.0)
(459.0,459.0)
(447.0,459.0)
(447.0,459.0)
(447.0,459.0)
(447.0,459.0)
(447.0,459.0)
(447.0,459.0)
(447.0,459.0)
(447.0,459.0)
(447.0,459.0)
(459.0,459.0)
(434.0,459.0)
(447.0,459.0)
(447.0,459.0)
(447.0,459.0)
(447.0,459.0)
(447.0,459.0)
(459.0,459.0)
(447.0,459.0)
(447.0,459.0)
(459.0,459.0)
(447.0,459.0)
(447.0,459.0)
(447.0,459.0)
(459.0,459.0)
(459.0,459.0)
(447.0,459.0)
(447.0,459.0)
(447.0,459.0)
(459.0,459.0)
(459.0,459.0)
(459.0,459.0)
(447.0,459.0)
(457.0,459.0)
(459.0,459.0)
(447.0,459.0)
(459.0,459.0)
(447.0,459.0)
(447.0,459.0)
(447.0,459.0)
(447.0,459.0)
(447.0,459.0)
(447.0,459.0)
(447.0,459.0)
(459.0,459.0)
(459.0,459.0)
(447.0,459.0)
(447.0,459.0)
(447.0,459.0)
(459.0,459.0)
(447.0,459.0)
(447.0,459.0)
(459.0,459.0)
(447.0,459.0)
(471.0,459.0)
(459.0,459.0)
(459.0,459.0)
(475.0,459.0)
(447.0,459.0)
(447.0,459.0)
(459.0,459.0)
(447.0,459.0)
(447.0,459.0)
(447.0,459.0)
(447.0,459.0)
(457.0,459.0)
(459.0,459.0)
(459.0,459.0)
(455.0,459.0)
(457.0,459.0)
(447.0,459.0)
(447.0,459.0)
(447.0,459.0)
(447.0,459.0)
(459.0,459.0)
(447.0,459.0)
(459.0,459.0)
(447.0,459.0)
(459.0,459.0)
(447.0,459.0)
(447.0,459.0)
(447.0,459.0)
(471.0,459.0)
(447.0,459.0)
(459.0,459.0)
(447.0,459.0)
(447.0,459.0)
(459.0,459.0)
(465.0,459.0)
(459.0,459.0)
(459.0,459.0)
(459.0,459.0)
(459.0,459.0)
(447.0,459.0)
(421.0,459.0)
(459.0,459.0)
(447.0,459.0)
(459.0,459.0)
(459.0,459.0)
(447.0,459.0)
(447.0,459.0)
(459.0,459.0)
(459.0,459.0)
(459.0,459.0)
(459.0,459.0)
(459.0,459.0)
(447.0,459.0)
(471.0,459.0)
(447.0,459.0)
(455.0,459.0)
(447.0,459.0)
(447.0,459.0)
(447.0,459.0)
(459.0,459.0)
(447.0,459.0)
(447.0,459.0)
(447.0,459.0)
(459.0,459.0)
(447.0,459.0)
(447.0,459.0)
(459.0,459.0)
(459.0,459.0)
(447.0,459.0)
(459.0,459.0)
(447.0,459.0)
(447.0,459.0)
(435.0,459.0)
(459.0,459.0)
(447.0,459.0)
(459.0,459.0)
(459.0,459.0)
(447.0,459.0)
(471.0,459.0)
(459.0,459.0)
(447.0,459.0)
(447.0,459.0)
(459.0,459.0)
(459.0,459.0)
(447.0,459.0)
(447.0,459.0)
(447.0,459.0)
(447.0,459.0)
(459.0,459.0)
(459.0,459.0)
(447.0,459.0)
(447.0,459.0)
(456.0,459.0)
(459.0,459.0)
(447.0,459.0)
(459.0,459.0)
(447.0,459.0)
(447.0,459.0)
(459.0,459.0)
(459.0,459.0)
(447.0,459.0)
(447.0,459.0)
(459.0,459.0)
(459.0,459.0)
(459.0,459.0)
(459.0,459.0)
(459.0,459.0)
(447.0,459.0)
(447.0,459.0)
(447.0,459.0)
(459.0,459.0)
(447.0,459.0)
(459.0,459.0)
(447.0,459.0)
(447.0,459.0)
(459.0,459.0)
(447.0,459.0)
(447.0,459.0)
(459.0,459.0)
(447.0,459.0)
(459.0,459.0)
(447.0,459.0)
(447.0,459.0)
(459.0,459.0)
(459.0,459.0)
(447.0,459.0)
(447.0,459.0)
(459.0,459.0)
(447.0,459.0)
(447.0,459.0)
(447.0,459.0)
(447.0,459.0)
(447.0,459.0)
(447.0,459.0)
(459.0,459.0)
(417.0,459.0)
(447.0,459.0)
(447.0,459.0)
(447.0,459.0)
(447.0,459.0)
(459.0,459.0)
(459.0,459.0)
(447.0,459.0)
(447.0,459.0)
(447.0,459.0)
(459.0,459.0)
(447.0,459.0)
(447.0,459.0)
(459.0,459.0)
(447.0,459.0)
(447.0,459.0)
(447.0,459.0)
(447.0,459.0)
(447.0,459.0)
(459.0,459.0)
(447.0,459.0)
(459.0,459.0)
(447.0,459.0)
(447.0,459.0)
(455.0,459.0)
(459.0,459.0)
(459.0,459.0)
(447.0,459.0)
(447.0,459.0)
(447.0,459.0)
(459.0,459.0)
(447.0,459.0)
(447.0,459.0)
(461.0,459.0)
(459.0,459.0)
(447.0,459.0)
(447.0,459.0)
(459.0,459.0)
(771.0,459.0)
(447.0,459.0)
(459.0,459.0)
(459.0,459.0)
(447.0,459.0)
(447.0,459.0)
(459.0,459.0)
(459.0,459.0)
(459.0,459.0)
(447.0,459.0)
(447.0,459.0)
(447.0,459.0)
(459.0,459.0)
(373.0,459.0)
(447.0,459.0)
(447.0,459.0)
(473.0,459.0)
