(515.0,516.0)
(516.0,516.0)
(516.0,516.0)
(516.0,516.0)
(17.0,516.0)
(516.0,516.0)
(516.0,516.0)
(516.0,516.0)
(516.0,516.0)
(13.0,516.0)
(516.0,516.0)
(516.0,516.0)
(516.0,516.0)
(516.0,516.0)
(516.0,516.0)
(516.0,516.0)
(516.0,516.0)
(516.0,516.0)
(516.0,516.0)
(516.0,516.0)
(515.0,516.0)
(516.0,516.0)
(516.0,516.0)
(515.0,516.0)
(516.0,516.0)
(516.0,516.0)
(516.0,516.0)
(516.0,516.0)
(515.0,516.0)
(516.0,516.0)
(516.0,516.0)
(516.0,516.0)
(515.0,516.0)
(516.0,516.0)
(516.0,516.0)
(516.0,516.0)
(516.0,516.0)
(516.0,516.0)
(516.0,516.0)
(516.0,516.0)
(516.0,516.0)
(516.0,516.0)
(516.0,516.0)
(516.0,516.0)
(804.0,516.0)
(516.0,516.0)
(516.0,516.0)
(515.0,516.0)
(503.0,516.0)
(516.0,516.0)
(459.0,516.0)
(515.0,516.0)
(516.0,516.0)
(516.0,516.0)
(516.0,516.0)
(515.0,516.0)
(516.0,516.0)
(459.0,516.0)
(516.0,516.0)
(516.0,516.0)
(516.0,516.0)
(515.0,516.0)
(516.0,516.0)
(516.0,516.0)
(515.0,516.0)
(516.0,516.0)
(516.0,516.0)
(516.0,516.0)
(516.0,516.0)
(516.0,516.0)
(516.0,516.0)
(516.0,516.0)
(515.0,516.0)
(516.0,516.0)
(516.0,516.0)
(516.0,516.0)
(516.0,516.0)
(516.0,516.0)
(516.0,516.0)
(516.0,516.0)
(459.0,516.0)
(516.0,516.0)
(459.0,516.0)
(516.0,516.0)
(516.0,516.0)
(516.0,516.0)
(516.0,516.0)
(516.0,516.0)
(516.0,516.0)
(516.0,516.0)
(16.0,516.0)
(516.0,516.0)
(516.0,516.0)
(516.0,516.0)
(516.0,516.0)
(459.0,516.0)
(516.0,516.0)
(459.0,516.0)
(516.0,516.0)
(516.0,516.0)
(516.0,516.0)
(516.0,516.0)
(516.0,516.0)
(516.0,516.0)
(516.0,516.0)
(516.0,516.0)
(515.0,516.0)
(516.0,516.0)
(515.0,516.0)
(516.0,516.0)
(516.0,516.0)
(516.0,516.0)
(13.0,516.0)
(516.0,516.0)
(516.0,516.0)
(459.0,516.0)
(516.0,516.0)
(18.0,516.0)
(516.0,516.0)
(516.0,516.0)
(516.0,516.0)
(459.0,516.0)
(516.0,516.0)
(515.0,516.0)
(516.0,516.0)
(516.0,516.0)
(516.0,516.0)
(516.0,516.0)
(515.0,516.0)
(515.0,516.0)
(516.0,516.0)
(516.0,516.0)
(516.0,516.0)
(516.0,516.0)
(516.0,516.0)
(459.0,516.0)
(16.0,516.0)
(515.0,516.0)
(516.0,516.0)
(516.0,516.0)
(515.0,516.0)
(516.0,516.0)
(459.0,516.0)
(516.0,516.0)
(459.0,516.0)
(516.0,516.0)
(516.0,516.0)
(503.0,516.0)
(516.0,516.0)
(516.0,516.0)
(516.0,516.0)
(516.0,516.0)
(515.0,516.0)
(516.0,516.0)
(516.0,516.0)
(516.0,516.0)
(516.0,516.0)
(516.0,516.0)
(516.0,516.0)
(515.0,516.0)
(516.0,516.0)
(516.0,516.0)
(503.0,516.0)
(516.0,516.0)
(516.0,516.0)
(516.0,516.0)
(516.0,516.0)
(516.0,516.0)
(515.0,516.0)
(516.0,516.0)
(516.0,516.0)
(515.0,516.0)
(516.0,516.0)
(515.0,516.0)
(516.0,516.0)
(516.0,516.0)
(516.0,516.0)
(516.0,516.0)
(516.0,516.0)
(516.0,516.0)
(516.0,516.0)
(516.0,516.0)
(516.0,516.0)
(516.0,516.0)
(516.0,516.0)
(516.0,516.0)
(516.0,516.0)
(516.0,516.0)
(516.0,516.0)
(516.0,516.0)
(459.0,516.0)
(516.0,516.0)
(516.0,516.0)
(516.0,516.0)
(516.0,516.0)
(516.0,516.0)
(516.0,516.0)
(516.0,516.0)
(515.0,516.0)
(516.0,516.0)
(516.0,516.0)
(516.0,516.0)
(515.0,516.0)
(516.0,516.0)
(515.0,516.0)
(516.0,516.0)
(516.0,516.0)
(516.0,516.0)
(516.0,516.0)
(16.0,516.0)
(515.0,516.0)
(516.0,516.0)
(516.0,516.0)
(516.0,516.0)
(516.0,516.0)
(516.0,516.0)
(516.0,516.0)
(516.0,516.0)
(516.0,516.0)
(459.0,516.0)
(459.0,516.0)
(516.0,516.0)
(516.0,516.0)
(516.0,516.0)
(515.0,516.0)
(516.0,516.0)
(516.0,516.0)
(516.0,516.0)
(516.0,516.0)
(516.0,516.0)
(515.0,516.0)
(516.0,516.0)
(516.0,516.0)
(515.0,516.0)
(516.0,516.0)
(516.0,516.0)
(516.0,516.0)
(516.0,516.0)
(516.0,516.0)
(516.0,516.0)
(516.0,516.0)
(515.0,516.0)
(516.0,516.0)
(516.0,516.0)
(516.0,516.0)
(516.0,516.0)
(516.0,516.0)
(516.0,516.0)
(516.0,516.0)
(516.0,516.0)
(516.0,516.0)
(516.0,516.0)
(516.0,516.0)
(516.0,516.0)
(516.0,516.0)
(516.0,516.0)
(516.0,516.0)
(516.0,516.0)
(516.0,516.0)
(16.0,516.0)
(516.0,516.0)
(516.0,516.0)
(516.0,516.0)
(516.0,516.0)
(516.0,516.0)
(516.0,516.0)
(516.0,516.0)
(516.0,516.0)
(503.0,516.0)
(516.0,516.0)
(516.0,516.0)
(516.0,516.0)
(516.0,516.0)
(516.0,516.0)
(516.0,516.0)
(516.0,516.0)
(515.0,516.0)
(516.0,516.0)
(515.0,516.0)
(516.0,516.0)
(16.0,516.0)
(516.0,516.0)
(13.0,516.0)
(516.0,516.0)
(516.0,516.0)
(459.0,516.0)
(516.0,516.0)
(516.0,516.0)
(516.0,516.0)
(516.0,516.0)
(516.0,516.0)
(516.0,516.0)
(515.0,516.0)
(516.0,516.0)
(516.0,516.0)
(516.0,516.0)
(516.0,516.0)
(515.0,516.0)
(515.0,516.0)
(516.0,516.0)
(516.0,516.0)
(516.0,516.0)
(516.0,516.0)
(516.0,516.0)
(515.0,516.0)
(16.0,516.0)
(515.0,516.0)
(516.0,516.0)
(516.0,516.0)
(515.0,516.0)
(516.0,516.0)
(516.0,516.0)
(515.0,516.0)
(516.0,516.0)
(516.0,516.0)
(516.0,516.0)
(515.0,516.0)
(516.0,516.0)
(516.0,516.0)
(516.0,516.0)
(516.0,516.0)
(516.0,516.0)
(516.0,516.0)
(516.0,516.0)
(516.0,516.0)
(516.0,516.0)
(516.0,516.0)
(515.0,516.0)
(516.0,516.0)
(516.0,516.0)
(503.0,516.0)
(516.0,516.0)
(516.0,516.0)
(516.0,516.0)
(516.0,516.0)
(516.0,516.0)
(515.0,516.0)
(516.0,516.0)
(516.0,516.0)
(16.0,516.0)
(516.0,516.0)
(459.0,516.0)
(516.0,516.0)
(516.0,516.0)
(516.0,516.0)
(516.0,516.0)
(516.0,516.0)
(516.0,516.0)
(516.0,516.0)
(516.0,516.0)
(516.0,516.0)
(516.0,516.0)
(516.0,516.0)
(516.0,516.0)
(516.0,516.0)
(516.0,516.0)
(516.0,516.0)
(516.0,516.0)
(459.0,516.0)
(516.0,516.0)
(516.0,516.0)
(516.0,516.0)
(516.0,516.0)
(516.0,516.0)
(516.0,516.0)
(516.0,516.0)
(515.0,516.0)
(516.0,516.0)
(516.0,516.0)
(516.0,516.0)
(515.0,516.0)
(516.0,516.0)
(515.0,516.0)
(516.0,516.0)
(516.0,516.0)
(516.0,516.0)
(516.0,516.0)
(516.0,516.0)
(515.0,516.0)
(516.0,516.0)
(516.0,516.0)
(516.0,516.0)
(516.0,516.0)
(516.0,516.0)
(516.0,516.0)
(516.0,516.0)
(516.0,516.0)
(459.0,516.0)
(459.0,516.0)
(516.0,516.0)
(516.0,516.0)
(516.0,516.0)
(515.0,516.0)
(516.0,516.0)
(459.0,516.0)
(413.0,518.0)
(435.0,518.0)
(413.0,518.0)
(404.0,518.0)
(340.0,518.0)
(413.0,518.0)
(435.0,518.0)
(404.0,518.0)
(413.0,518.0)
(413.0,518.0)
(404.0,518.0)
(404.0,518.0)
(404.0,518.0)
(404.0,518.0)
(340.0,518.0)
(404.0,518.0)
(518.0,518.0)
(435.0,518.0)
(519.0,518.0)
(413.0,518.0)
(435.0,518.0)
(519.0,518.0)
(404.0,518.0)
(413.0,518.0)
(404.0,518.0)
(413.0,518.0)
(413.0,518.0)
(340.0,518.0)
(519.0,518.0)
(413.0,518.0)
(404.0,518.0)
(518.0,518.0)
(413.0,518.0)
(519.0,518.0)
(413.0,518.0)
(404.0,518.0)
(413.0,518.0)
(340.0,518.0)
(404.0,518.0)
(435.0,518.0)
(518.0,518.0)
(404.0,518.0)
(404.0,518.0)
(413.0,518.0)
(413.0,518.0)
(413.0,518.0)
(404.0,518.0)
(518.0,518.0)
(404.0,518.0)
(340.0,518.0)
(413.0,518.0)
(340.0,518.0)
(413.0,518.0)
(404.0,518.0)
(519.0,518.0)
(518.0,518.0)
(340.0,518.0)
(404.0,518.0)
(413.0,518.0)
(413.0,518.0)
(413.0,518.0)
(404.0,518.0)
(413.0,518.0)
(404.0,518.0)
(435.0,518.0)
(404.0,518.0)
(413.0,518.0)
(413.0,518.0)
(413.0,518.0)
(435.0,518.0)
(340.0,518.0)
(518.0,518.0)
(518.0,518.0)
(413.0,518.0)
(518.0,518.0)
(519.0,518.0)
(404.0,518.0)
(413.0,518.0)
(404.0,518.0)
(518.0,518.0)
(413.0,518.0)
(413.0,518.0)
(413.0,518.0)
(404.0,518.0)
(435.0,518.0)
(518.0,518.0)
(435.0,518.0)
(518.0,518.0)
(413.0,518.0)
(519.0,518.0)
(435.0,518.0)
(519.0,518.0)
(404.0,518.0)
(518.0,518.0)
(413.0,518.0)
(518.0,518.0)
(413.0,518.0)
(413.0,518.0)
(404.0,518.0)
(340.0,518.0)
(404.0,518.0)
(404.0,518.0)
(413.0,518.0)
(404.0,518.0)
(518.0,518.0)
(404.0,518.0)
(413.0,518.0)
(404.0,518.0)
(413.0,518.0)
(413.0,518.0)
(518.0,518.0)
(435.0,518.0)
(518.0,518.0)
(413.0,518.0)
(404.0,518.0)
(435.0,518.0)
(340.0,518.0)
(413.0,518.0)
(340.0,518.0)
(518.0,518.0)
(413.0,518.0)
(435.0,518.0)
(518.0,518.0)
(413.0,518.0)
(404.0,518.0)
(413.0,518.0)
(413.0,518.0)
(404.0,518.0)
(413.0,518.0)
(404.0,518.0)
(404.0,518.0)
(340.0,518.0)
(435.0,518.0)
(404.0,518.0)
(413.0,518.0)
(404.0,518.0)
(404.0,518.0)
(413.0,518.0)
(413.0,518.0)
(413.0,518.0)
(404.0,518.0)
(413.0,518.0)
(404.0,518.0)
(413.0,518.0)
(413.0,517.0)
(519.0,517.0)
(519.0,517.0)
(413.0,517.0)
(517.0,517.0)
(519.0,517.0)
(435.0,517.0)
(413.0,517.0)
(519.0,517.0)
(517.0,517.0)
(413.0,517.0)
(519.0,517.0)
(519.0,517.0)
(519.0,517.0)
(518.0,517.0)
(518.0,517.0)
(519.0,517.0)
(518.0,517.0)
(490.0,517.0)
(435.0,517.0)
(519.0,517.0)
(519.0,517.0)
(519.0,517.0)
(519.0,517.0)
(413.0,517.0)
(413.0,517.0)
(519.0,517.0)
(519.0,517.0)
(517.0,517.0)
(519.0,517.0)
(519.0,517.0)
(413.0,517.0)
(33.0,517.0)
(413.0,517.0)
(519.0,517.0)
(519.0,517.0)
(518.0,517.0)
(435.0,517.0)
(519.0,517.0)
(413.0,517.0)
(262.0,517.0)
(413.0,517.0)
(518.0,517.0)
(413.0,517.0)
(262.0,517.0)
(518.0,517.0)
(413.0,517.0)
(435.0,517.0)
(518.0,517.0)
(33.0,517.0)
(518.0,517.0)
(413.0,517.0)
(517.0,517.0)
(518.0,517.0)
(517.0,517.0)
(519.0,517.0)
(519.0,517.0)
(519.0,517.0)
(517.0,517.0)
(519.0,517.0)
(490.0,517.0)
(413.0,517.0)
(519.0,517.0)
(518.0,517.0)
(413.0,517.0)
(517.0,517.0)
(518.0,517.0)
(518.0,517.0)
(413.0,517.0)
(413.0,517.0)
(519.0,517.0)
(519.0,517.0)
(519.0,517.0)
(413.0,517.0)
(519.0,517.0)
(519.0,517.0)
(519.0,517.0)
(517.0,517.0)
(519.0,517.0)
(33.0,517.0)
(519.0,517.0)
(413.0,517.0)
(519.0,517.0)
(413.0,517.0)
(519.0,517.0)
(519.0,517.0)
(517.0,517.0)
(413.0,517.0)
(413.0,517.0)
(413.0,517.0)
(517.0,517.0)
(413.0,517.0)
(519.0,517.0)
(413.0,517.0)
(262.0,517.0)
(519.0,517.0)
(490.0,517.0)
(518.0,517.0)
(490.0,517.0)
(413.0,517.0)
(519.0,517.0)
(490.0,517.0)
(517.0,517.0)
(517.0,517.0)
(519.0,517.0)
(413.0,517.0)
(517.0,517.0)
(413.0,517.0)
(519.0,517.0)
(519.0,517.0)
(490.0,517.0)
(518.0,517.0)
(262.0,517.0)
(490.0,517.0)
(519.0,517.0)
(519.0,517.0)
(435.0,517.0)
(519.0,517.0)
(413.0,517.0)
(518.0,517.0)
(518.0,517.0)
(519.0,517.0)
(517.0,517.0)
(517.0,517.0)
(413.0,517.0)
(413.0,517.0)
(517.0,517.0)
(519.0,517.0)
(519.0,517.0)
(262.0,517.0)
(519.0,517.0)
(519.0,517.0)
(519.0,517.0)
(490.0,517.0)
(517.0,517.0)
(413.0,517.0)
(413.0,517.0)
(519.0,517.0)
(519.0,517.0)
(519.0,517.0)
(517.0,517.0)
(413.0,517.0)
(518.0,517.0)
(519.0,517.0)
(519.0,517.0)
(517.0,517.0)
(413.0,517.0)
(262.0,517.0)
(519.0,517.0)
(413.0,517.0)
(518.0,517.0)
(413.0,517.0)
(413.0,517.0)
(519.0,517.0)
(518.0,517.0)
(519.0,517.0)
(262.0,517.0)
(518.0,517.0)
(490.0,517.0)
(435.0,517.0)
(519.0,517.0)
(518.0,517.0)
(413.0,517.0)
(413.0,517.0)
(413.0,517.0)
(413.0,517.0)
(519.0,517.0)
(518.0,517.0)
(33.0,517.0)
(519.0,517.0)
(413.0,517.0)
(413.0,517.0)
(517.0,517.0)
(613.0,517.0)
(517.0,517.0)
(519.0,517.0)
(517.0,517.0)
(518.0,517.0)
(519.0,517.0)
(519.0,517.0)
(413.0,517.0)
(518.0,517.0)
(518.0,517.0)
(519.0,517.0)
(519.0,517.0)
(518.0,517.0)
(490.0,517.0)
(518.0,517.0)
(519.0,517.0)
(490.0,517.0)
(519.0,517.0)
(413.0,517.0)
(413.0,517.0)
(518.0,517.0)
(519.0,517.0)
(490.0,517.0)
(262.0,517.0)
(413.0,517.0)
(518.0,517.0)
(490.0,517.0)
(519.0,519.0)
(417.0,519.0)
(519.0,519.0)
(519.0,519.0)
(733.0,519.0)
(519.0,519.0)
(435.0,519.0)
(47.0,519.0)
(413.0,519.0)
(519.0,519.0)
(733.0,519.0)
(519.0,519.0)
(417.0,519.0)
(519.0,519.0)
(519.0,519.0)
(519.0,519.0)
(435.0,519.0)
(519.0,519.0)
(519.0,519.0)
(404.0,519.0)
(413.0,519.0)
(435.0,519.0)
(417.0,519.0)
(519.0,519.0)
(519.0,519.0)
(733.0,519.0)
(519.0,519.0)
(519.0,519.0)
(262.0,519.0)
(519.0,519.0)
(519.0,519.0)
(413.0,519.0)
(417.0,519.0)
(435.0,519.0)
(490.0,519.0)
(435.0,519.0)
(519.0,519.0)
(404.0,519.0)
(435.0,519.0)
(365.0,519.0)
(413.0,519.0)
(519.0,519.0)
(413.0,519.0)
(47.0,519.0)
(519.0,519.0)
(413.0,519.0)
(519.0,519.0)
(487.0,519.0)
(519.0,519.0)
(413.0,519.0)
(435.0,519.0)
(519.0,519.0)
(417.0,519.0)
(417.0,519.0)
(519.0,519.0)
(519.0,519.0)
(519.0,519.0)
(519.0,519.0)
(417.0,519.0)
(519.0,519.0)
(519.0,519.0)
(47.0,519.0)
(519.0,519.0)
(519.0,519.0)
(413.0,519.0)
(519.0,519.0)
(519.0,519.0)
(413.0,519.0)
(519.0,519.0)
(519.0,519.0)
(413.0,519.0)
(519.0,519.0)
(519.0,519.0)
(519.0,519.0)
(404.0,519.0)
(489.0,519.0)
(413.0,519.0)
(365.0,519.0)
(404.0,519.0)
(519.0,519.0)
(404.0,519.0)
(63.0,519.0)
(519.0,519.0)
(519.0,519.0)
(365.0,519.0)
(417.0,519.0)
(519.0,519.0)
(735.0,519.0)
(413.0,519.0)
(404.0,519.0)
(417.0,519.0)
(519.0,519.0)
(487.0,519.0)
(413.0,519.0)
(413.0,519.0)
(519.0,519.0)
(404.0,519.0)
(404.0,519.0)
(47.0,519.0)
(519.0,519.0)
(519.0,519.0)
(519.0,519.0)
(519.0,519.0)
(417.0,519.0)
(435.0,519.0)
(519.0,519.0)
(404.0,519.0)
(519.0,519.0)
(519.0,519.0)
(519.0,519.0)
(519.0,519.0)
(519.0,519.0)
(519.0,519.0)
(519.0,519.0)
(519.0,519.0)
(404.0,519.0)
(413.0,519.0)
(413.0,519.0)
(519.0,519.0)
(490.0,519.0)
(435.0,519.0)
(519.0,519.0)
(490.0,519.0)
(413.0,519.0)
(519.0,519.0)
(413.0,519.0)
(733.0,519.0)
(489.0,519.0)
(435.0,519.0)
(519.0,519.0)
(404.0,519.0)
(435.0,519.0)
(262.0,519.0)
(493.0,519.0)
(404.0,519.0)
(72.0,519.0)
(519.0,519.0)
(519.0,519.0)
(413.0,519.0)
(404.0,519.0)
(417.0,519.0)
(262.0,519.0)
(519.0,519.0)
(519.0,519.0)
(519.0,519.0)
(404.0,519.0)
(519.0,519.0)
(519.0,519.0)
(404.0,519.0)
(413.0,519.0)
(503.0,519.0)
(519.0,519.0)
(404.0,519.0)
(435.0,519.0)
(519.0,519.0)
(487.0,519.0)
(365.0,519.0)
(519.0,519.0)
(519.0,519.0)
(413.0,519.0)
(519.0,519.0)
(487.0,519.0)
(413.0,519.0)
(404.0,519.0)
(519.0,519.0)
(519.0,519.0)
(435.0,519.0)
(47.0,520.0)
(530.0,520.0)
(47.0,520.0)
(58.0,520.0)
(530.0,520.0)
(47.0,520.0)
(530.0,520.0)
(47.0,520.0)
(530.0,520.0)
(530.0,520.0)
(47.0,520.0)
(349.0,520.0)
(58.0,520.0)
(47.0,520.0)
(530.0,520.0)
(33.0,520.0)
(530.0,520.0)
(530.0,520.0)
(455.0,520.0)
(530.0,520.0)
(530.0,520.0)
(455.0,520.0)
(530.0,520.0)
(530.0,520.0)
(349.0,520.0)
(33.0,520.0)
(530.0,520.0)
(47.0,520.0)
(530.0,520.0)
(530.0,520.0)
(530.0,520.0)
(412.0,520.0)
(530.0,520.0)
(47.0,520.0)
(530.0,520.0)
(33.0,520.0)
(530.0,520.0)
(349.0,520.0)
(349.0,520.0)
(349.0,520.0)
(530.0,520.0)
(530.0,520.0)
(530.0,520.0)
(530.0,520.0)
(530.0,520.0)
(33.0,520.0)
(525.0,520.0)
(47.0,520.0)
(58.0,520.0)
(37.0,520.0)
(33.0,520.0)
(47.0,520.0)
(33.0,520.0)
(530.0,520.0)
(47.0,520.0)
(33.0,520.0)
(530.0,520.0)
(349.0,520.0)
(530.0,520.0)
(530.0,520.0)
(530.0,520.0)
(530.0,520.0)
(33.0,520.0)
(33.0,520.0)
(33.0,520.0)
(530.0,520.0)
(530.0,520.0)
(47.0,520.0)
(530.0,520.0)
(42.0,520.0)
(530.0,520.0)
(47.0,520.0)
(455.0,520.0)
(530.0,520.0)
(530.0,520.0)
(47.0,520.0)
(58.0,520.0)
(530.0,520.0)
(530.0,520.0)
(530.0,520.0)
(58.0,520.0)
(47.0,520.0)
(33.0,520.0)
(530.0,520.0)
(530.0,520.0)
(33.0,520.0)
(530.0,520.0)
(349.0,520.0)
(37.0,520.0)
(530.0,520.0)
(530.0,520.0)
(530.0,520.0)
(530.0,520.0)
(33.0,520.0)
(33.0,520.0)
(37.0,520.0)
(47.0,520.0)
(33.0,520.0)
(37.0,520.0)
(530.0,520.0)
(530.0,520.0)
(530.0,520.0)
(33.0,520.0)
(530.0,520.0)
(349.0,520.0)
(47.0,520.0)
(33.0,520.0)
(47.0,520.0)
(530.0,520.0)
(47.0,520.0)
(530.0,520.0)
(530.0,520.0)
(58.0,520.0)
(412.0,520.0)
(33.0,520.0)
(530.0,520.0)
(47.0,520.0)
(33.0,520.0)
(37.0,520.0)
(349.0,520.0)
(530.0,520.0)
(771.0,520.0)
(412.0,520.0)
(33.0,520.0)
(349.0,520.0)
(530.0,520.0)
(349.0,520.0)
(530.0,520.0)
(33.0,520.0)
(47.0,520.0)
(37.0,520.0)
(530.0,520.0)
(33.0,520.0)
(33.0,520.0)
(33.0,520.0)
(530.0,520.0)
(47.0,520.0)
(530.0,520.0)
(33.0,520.0)
(33.0,520.0)
(530.0,520.0)
(33.0,520.0)
(33.0,520.0)
(33.0,520.0)
(33.0,520.0)
(530.0,520.0)
(349.0,520.0)
(530.0,520.0)
(530.0,520.0)
(530.0,520.0)
(58.0,520.0)
(33.0,520.0)
(33.0,520.0)
(58.0,520.0)
(33.0,520.0)
(349.0,520.0)
(771.0,520.0)
(530.0,520.0)
(42.0,520.0)
(412.0,520.0)
(455.0,520.0)
(349.0,520.0)
(47.0,520.0)
(58.0,520.0)
(33.0,520.0)
(33.0,520.0)
(530.0,520.0)
(33.0,520.0)
(530.0,520.0)
(349.0,520.0)
(412.0,520.0)
(47.0,520.0)
(349.0,520.0)
(530.0,520.0)
(42.0,520.0)
(47.0,520.0)
(47.0,520.0)
(530.0,520.0)
(530.0,520.0)
(47.0,520.0)
(47.0,520.0)
(47.0,520.0)
(530.0,520.0)
(412.0,520.0)
(58.0,520.0)
(519.0,521.0)
(519.0,521.0)
(518.0,521.0)
(404.0,521.0)
(417.0,521.0)
(386.0,521.0)
(404.0,521.0)
(519.0,521.0)
(519.0,521.0)
(519.0,521.0)
(520.0,521.0)
(519.0,521.0)
(519.0,521.0)
(519.0,521.0)
(413.0,521.0)
(365.0,521.0)
(519.0,521.0)
(519.0,521.0)
(676.0,521.0)
(404.0,521.0)
(519.0,521.0)
(487.0,521.0)
(493.0,521.0)
(519.0,521.0)
(520.0,521.0)
(365.0,521.0)
(33.0,521.0)
(404.0,521.0)
(519.0,521.0)
(413.0,521.0)
(519.0,521.0)
(519.0,521.0)
(413.0,521.0)
(676.0,521.0)
(493.0,521.0)
(519.0,521.0)
(404.0,521.0)
(365.0,521.0)
(1.0,521.0)
(771.0,521.0)
(487.0,521.0)
(413.0,521.0)
(519.0,521.0)
(519.0,521.0)
(404.0,521.0)
(365.0,521.0)
(518.0,521.0)
(365.0,521.0)
(386.0,521.0)
(519.0,521.0)
(405.0,521.0)
(404.0,521.0)
(519.0,521.0)
(519.0,521.0)
(519.0,521.0)
(487.0,521.0)
(413.0,521.0)
(518.0,521.0)
(519.0,521.0)
(386.0,521.0)
(365.0,521.0)
(404.0,521.0)
(487.0,521.0)
(764.0,521.0)
(519.0,521.0)
(519.0,521.0)
(365.0,521.0)
(519.0,521.0)
(519.0,521.0)
(13.0,521.0)
(262.0,521.0)
(519.0,521.0)
(519.0,521.0)
(404.0,521.0)
(404.0,521.0)
(518.0,521.0)
(386.0,521.0)
(404.0,521.0)
(518.0,521.0)
(676.0,521.0)
(413.0,521.0)
(519.0,521.0)
(519.0,521.0)
(413.0,521.0)
(13.0,521.0)
(519.0,521.0)
(365.0,521.0)
(520.0,521.0)
(519.0,521.0)
(13.0,521.0)
(519.0,521.0)
(519.0,521.0)
(404.0,521.0)
(365.0,521.0)
(519.0,521.0)
(404.0,521.0)
(365.0,521.0)
(404.0,521.0)
(519.0,521.0)
(519.0,521.0)
(519.0,521.0)
(33.0,521.0)
(386.0,521.0)
(519.0,521.0)
(519.0,521.0)
(519.0,521.0)
(365.0,521.0)
(365.0,521.0)
(519.0,521.0)
(404.0,521.0)
(365.0,521.0)
(519.0,521.0)
(519.0,521.0)
(519.0,521.0)
(519.0,521.0)
(405.0,521.0)
(404.0,521.0)
(518.0,521.0)
(1.0,521.0)
(404.0,521.0)
(519.0,521.0)
(365.0,521.0)
(405.0,521.0)
(413.0,521.0)
(365.0,521.0)
(519.0,521.0)
(519.0,521.0)
(404.0,521.0)
(519.0,521.0)
(519.0,521.0)
(493.0,521.0)
(520.0,520.0)
(520.0,520.0)
(520.0,520.0)
(520.0,520.0)
(520.0,520.0)
(520.0,520.0)
(520.0,520.0)
(520.0,520.0)
(520.0,520.0)
(42.0,520.0)
(520.0,520.0)
(520.0,520.0)
(520.0,520.0)
(520.0,520.0)
(520.0,520.0)
(520.0,520.0)
(520.0,520.0)
(42.0,520.0)
(520.0,520.0)
(520.0,520.0)
(520.0,520.0)
(42.0,520.0)
(520.0,520.0)
(520.0,520.0)
(520.0,520.0)
(520.0,520.0)
(520.0,520.0)
(520.0,520.0)
(520.0,520.0)
(520.0,520.0)
(520.0,520.0)
(42.0,520.0)
(42.0,520.0)
(42.0,520.0)
(520.0,520.0)
(520.0,520.0)
(42.0,520.0)
(520.0,520.0)
(42.0,520.0)
(520.0,520.0)
(520.0,520.0)
(520.0,520.0)
(520.0,520.0)
(520.0,520.0)
(520.0,520.0)
(42.0,520.0)
(520.0,520.0)
(520.0,520.0)
(520.0,520.0)
(520.0,520.0)
(520.0,520.0)
(520.0,520.0)
(520.0,520.0)
(42.0,520.0)
(520.0,520.0)
(520.0,520.0)
(42.0,520.0)
(42.0,520.0)
(42.0,520.0)
(520.0,520.0)
(520.0,520.0)
(520.0,520.0)
(42.0,520.0)
(520.0,520.0)
(520.0,520.0)
(520.0,520.0)
(520.0,520.0)
(520.0,520.0)
(520.0,520.0)
(42.0,520.0)
(42.0,520.0)
(520.0,520.0)
(520.0,520.0)
(520.0,520.0)
(520.0,520.0)
(520.0,520.0)
(520.0,520.0)
(42.0,520.0)
(520.0,520.0)
(520.0,520.0)
(42.0,520.0)
(42.0,520.0)
(520.0,520.0)
(520.0,520.0)
(520.0,520.0)
(520.0,520.0)
(520.0,520.0)
(42.0,520.0)
(520.0,520.0)
(520.0,520.0)
(42.0,520.0)
(520.0,520.0)
(42.0,520.0)
(42.0,520.0)
(520.0,520.0)
(520.0,520.0)
(520.0,520.0)
(520.0,520.0)
(520.0,520.0)
(42.0,520.0)
(520.0,520.0)
(520.0,520.0)
(42.0,520.0)
(520.0,520.0)
(520.0,520.0)
(42.0,520.0)
(520.0,520.0)
(42.0,520.0)
(520.0,520.0)
(42.0,520.0)
(520.0,520.0)
(520.0,520.0)
(42.0,520.0)
(520.0,520.0)
(520.0,520.0)
(520.0,520.0)
(520.0,520.0)
(520.0,520.0)
(520.0,520.0)
(520.0,520.0)
(42.0,520.0)
(520.0,520.0)
(520.0,520.0)
(520.0,520.0)
(520.0,520.0)
(520.0,520.0)
(520.0,520.0)
(520.0,520.0)
(520.0,520.0)
(520.0,520.0)
(520.0,520.0)
(42.0,520.0)
(42.0,520.0)
(42.0,520.0)
(520.0,520.0)
(520.0,520.0)
(520.0,520.0)
(520.0,520.0)
(520.0,520.0)
(520.0,520.0)
(520.0,520.0)
(520.0,520.0)
(520.0,520.0)
(520.0,520.0)
(42.0,520.0)
(520.0,520.0)
(520.0,520.0)
(520.0,520.0)
(42.0,520.0)
(42.0,520.0)
(520.0,520.0)
(520.0,520.0)
(42.0,520.0)
(42.0,520.0)
(520.0,520.0)
(520.0,520.0)
(520.0,520.0)
(520.0,520.0)
(520.0,520.0)
(520.0,520.0)
(520.0,520.0)
(42.0,520.0)
(520.0,520.0)
(520.0,520.0)
(520.0,520.0)
(42.0,520.0)
(520.0,520.0)
(520.0,520.0)
(42.0,520.0)
(520.0,520.0)
(520.0,520.0)
(520.0,520.0)
(42.0,520.0)
(42.0,520.0)
(520.0,520.0)
(42.0,520.0)
(520.0,520.0)
(520.0,520.0)
(520.0,520.0)
(520.0,520.0)
(520.0,520.0)
(520.0,520.0)
(520.0,520.0)
(520.0,520.0)
(520.0,520.0)
(520.0,520.0)
(42.0,520.0)
(42.0,520.0)
(519.0,520.0)
(519.0,520.0)
(2.0,520.0)
(519.0,520.0)
(519.0,520.0)
(349.0,520.0)
(37.0,520.0)
(519.0,520.0)
(519.0,520.0)
(519.0,520.0)
(519.0,520.0)
(424.0,520.0)
(464.0,520.0)
(461.0,520.0)
(444.0,520.0)
(2.0,520.0)
(444.0,520.0)
(519.0,520.0)
(521.0,520.0)
(519.0,520.0)
(464.0,520.0)
(723.0,520.0)
(519.0,520.0)
(519.0,520.0)
(519.0,520.0)
(519.0,520.0)
(519.0,520.0)
(519.0,520.0)
(519.0,520.0)
(349.0,520.0)
(429.0,520.0)
(519.0,520.0)
(726.0,520.0)
(519.0,520.0)
(519.0,520.0)
(519.0,520.0)
(464.0,520.0)
(519.0,520.0)
(464.0,520.0)
(464.0,520.0)
(519.0,520.0)
(287.0,520.0)
(194.0,520.0)
(448.0,520.0)
(519.0,520.0)
(464.0,520.0)
(519.0,520.0)
(519.0,520.0)
(519.0,520.0)
(444.0,520.0)
(39.0,520.0)
(519.0,520.0)
(429.0,520.0)
(519.0,520.0)
(519.0,520.0)
(464.0,520.0)
(102.0,520.0)
(444.0,520.0)
(519.0,520.0)
(519.0,520.0)
(464.0,520.0)
(519.0,520.0)
(519.0,520.0)
(519.0,520.0)
(445.0,520.0)
(519.0,520.0)
(260.0,520.0)
(519.0,520.0)
(519.0,520.0)
(429.0,520.0)
(726.0,520.0)
(464.0,520.0)
(530.0,520.0)
(723.0,520.0)
(464.0,520.0)
(429.0,520.0)
(464.0,520.0)
(519.0,520.0)
(444.0,520.0)
(723.0,520.0)
(464.0,520.0)
(422.0,520.0)
(43.0,520.0)
(519.0,520.0)
(519.0,520.0)
(530.0,520.0)
(519.0,520.0)
(519.0,520.0)
(402.0,520.0)
(519.0,520.0)
(464.0,520.0)
(519.0,520.0)
(519.0,520.0)
(519.0,520.0)
(519.0,520.0)
(519.0,520.0)
(519.0,520.0)
(464.0,520.0)
(519.0,520.0)
(723.0,520.0)
(519.0,520.0)
(429.0,520.0)
(519.0,520.0)
(2.0,522.0)
(43.0,522.0)
(484.0,522.0)
(37.0,522.0)
(442.0,522.0)
(501.0,522.0)
(349.0,522.0)
(522.0,522.0)
(40.0,522.0)
(558.0,522.0)
(417.0,522.0)
(435.0,522.0)
(454.0,522.0)
(522.0,522.0)
(351.0,522.0)
(522.0,522.0)
(435.0,522.0)
(349.0,522.0)
(440.0,522.0)
(351.0,522.0)
(38.0,522.0)
(351.0,522.0)
(352.0,522.0)
(44.0,522.0)
(351.0,522.0)
(351.0,522.0)
(351.0,522.0)
(45.0,522.0)
(522.0,522.0)
(38.0,522.0)
(522.0,522.0)
(528.0,522.0)
(447.0,522.0)
(447.0,522.0)
(351.0,522.0)
(38.0,522.0)
(34.0,522.0)
(351.0,522.0)
(357.0,522.0)
(351.0,522.0)
(440.0,522.0)
(37.0,522.0)
(447.0,522.0)
(395.0,522.0)
(785.0,522.0)
(372.0,522.0)
(522.0,522.0)
(39.0,522.0)
(44.0,522.0)
(447.0,522.0)
(15.0,522.0)
(522.0,522.0)
(351.0,522.0)
(349.0,522.0)
(102.0,522.0)
(353.0,522.0)
(522.0,522.0)
(351.0,522.0)
(522.0,522.0)
(351.0,522.0)
(351.0,522.0)
(447.0,522.0)
(102.0,522.0)
(447.0,522.0)
(447.0,522.0)
(802.0,522.0)
(435.0,522.0)
(435.0,522.0)
(2.0,522.0)
(469.0,522.0)
(417.0,522.0)
(102.0,522.0)
(447.0,522.0)
(15.0,522.0)
(435.0,522.0)
(353.0,522.0)
(22.0,522.0)
(447.0,522.0)
(447.0,522.0)
(455.0,522.0)
(349.0,522.0)
(522.0,522.0)
(802.0,522.0)
(357.0,522.0)
(351.0,522.0)
(390.0,522.0)
(44.0,522.0)
(351.0,522.0)
(441.0,522.0)
(352.0,522.0)
(2.0,522.0)
(15.0,522.0)
(44.0,522.0)
(357.0,522.0)
(435.0,522.0)
(351.0,522.0)
(447.0,522.0)
(351.0,522.0)
(435.0,522.0)
(38.0,522.0)
(482.0,522.0)
(354.0,522.0)
(15.0,522.0)
(350.0,522.0)
(522.0,522.0)
(102.0,522.0)
(351.0,522.0)
(44.0,522.0)
(447.0,522.0)
(484.0,522.0)
(352.0,522.0)
(435.0,522.0)
(351.0,522.0)
(467.0,522.0)
(447.0,522.0)
(390.0,522.0)
(525.0,522.0)
(43.0,522.0)
(645.0,522.0)
(351.0,522.0)
(353.0,522.0)
(522.0,522.0)
(417.0,522.0)
(351.0,522.0)
(522.0,522.0)
(522.0,522.0)
(441.0,522.0)
(2.0,522.0)
(417.0,522.0)
(38.0,522.0)
(435.0,522.0)
(102.0,522.0)
(102.0,522.0)
(38.0,522.0)
(447.0,522.0)
(351.0,522.0)
(522.0,522.0)
(2.0,522.0)
(387.0,522.0)
(469.0,522.0)
(687.0,522.0)
(38.0,522.0)
(435.0,522.0)
(484.0,522.0)
(37.0,522.0)
(37.0,522.0)
(447.0,522.0)
(802.0,522.0)
(645.0,522.0)
(447.0,522.0)
(38.0,522.0)
(22.0,522.0)
(2.0,522.0)
(42.0,522.0)
(447.0,522.0)
(458.0,522.0)
(458.0,522.0)
(102.0,522.0)
(417.0,522.0)
(351.0,522.0)
(522.0,522.0)
(43.0,522.0)
(528.0,522.0)
(484.0,522.0)
(351.0,522.0)
(351.0,522.0)
(351.0,522.0)
(395.0,522.0)
(435.0,522.0)
(2.0,522.0)
(15.0,522.0)
(781.0,522.0)
(351.0,522.0)
(154.0,522.0)
(407.0,522.0)
(447.0,522.0)
(532.0,522.0)
(352.0,522.0)
(352.0,522.0)
(417.0,522.0)
(219.0,522.0)
(372.0,522.0)
(123.0,523.0)
(523.0,523.0)
(447.0,523.0)
(517.0,523.0)
(447.0,523.0)
(143.0,523.0)
(523.0,523.0)
(447.0,523.0)
(143.0,523.0)
(143.0,523.0)
(447.0,523.0)
(264.0,523.0)
(143.0,523.0)
(143.0,523.0)
(74.0,523.0)
(264.0,523.0)
(25.0,523.0)
(523.0,523.0)
(143.0,523.0)
(517.0,523.0)
(123.0,523.0)
(523.0,523.0)
(264.0,523.0)
(143.0,523.0)
(802.0,523.0)
(447.0,523.0)
(143.0,523.0)
(25.0,523.0)
(447.0,523.0)
(447.0,523.0)
(43.0,523.0)
(74.0,523.0)
(565.0,523.0)
(523.0,523.0)
(143.0,523.0)
(523.0,523.0)
(43.0,523.0)
(523.0,523.0)
(447.0,523.0)
(447.0,523.0)
(123.0,523.0)
(447.0,523.0)
(523.0,523.0)
(73.0,523.0)
(264.0,523.0)
(123.0,523.0)
(565.0,523.0)
(43.0,523.0)
(123.0,523.0)
(264.0,523.0)
(143.0,523.0)
(565.0,523.0)
(565.0,523.0)
(523.0,523.0)
(523.0,523.0)
(447.0,523.0)
(123.0,523.0)
(517.0,523.0)
(74.0,523.0)
(565.0,523.0)
(517.0,523.0)
(143.0,523.0)
(565.0,523.0)
(447.0,523.0)
(447.0,523.0)
(143.0,523.0)
(37.0,523.0)
(43.0,523.0)
(447.0,523.0)
(264.0,523.0)
(43.0,523.0)
(523.0,523.0)
(565.0,523.0)
(565.0,523.0)
(565.0,523.0)
(123.0,523.0)
(565.0,523.0)
(447.0,523.0)
(447.0,523.0)
(523.0,523.0)
(74.0,523.0)
(523.0,523.0)
(143.0,523.0)
(802.0,523.0)
(74.0,523.0)
(74.0,523.0)
(523.0,523.0)
(264.0,523.0)
(565.0,523.0)
(74.0,523.0)
(123.0,523.0)
(73.0,523.0)
(143.0,523.0)
(264.0,523.0)
(123.0,523.0)
(143.0,523.0)
(523.0,523.0)
(73.0,523.0)
(264.0,523.0)
(523.0,523.0)
(523.0,523.0)
(37.0,523.0)
(143.0,523.0)
(123.0,523.0)
(802.0,523.0)
(447.0,523.0)
(264.0,523.0)
(143.0,523.0)
(523.0,523.0)
(143.0,523.0)
(447.0,523.0)
(43.0,523.0)
(32.0,523.0)
(447.0,523.0)
(523.0,523.0)
(264.0,523.0)
(143.0,523.0)
(565.0,523.0)
(523.0,523.0)
(447.0,523.0)
(447.0,523.0)
(523.0,523.0)
(523.0,523.0)
(43.0,523.0)
(565.0,523.0)
(143.0,523.0)
(517.0,523.0)
(447.0,523.0)
(123.0,523.0)
(517.0,523.0)
(565.0,523.0)
(523.0,523.0)
(43.0,523.0)
(447.0,523.0)
(447.0,523.0)
(73.0,523.0)
(25.0,523.0)
(447.0,523.0)
(264.0,523.0)
(447.0,523.0)
(447.0,523.0)
(123.0,523.0)
(523.0,523.0)
(447.0,523.0)
(74.0,523.0)
(447.0,523.0)
(143.0,523.0)
(523.0,523.0)
(523.0,523.0)
(264.0,523.0)
(565.0,523.0)
(523.0,523.0)
(523.0,523.0)
(447.0,523.0)
(523.0,523.0)
(74.0,523.0)
(123.0,523.0)
(565.0,523.0)
(143.0,523.0)
(264.0,523.0)
(523.0,523.0)
(143.0,523.0)
(264.0,523.0)
(264.0,523.0)
(447.0,523.0)
(447.0,523.0)
(143.0,523.0)
(73.0,523.0)
(523.0,523.0)
(25.0,523.0)
(523.0,523.0)
(43.0,523.0)
(523.0,523.0)
(523.0,523.0)
(565.0,523.0)
(143.0,523.0)
(123.0,523.0)
(74.0,523.0)
(447.0,523.0)
(143.0,523.0)
(143.0,523.0)
(565.0,523.0)
(565.0,523.0)
(447.0,523.0)
(143.0,523.0)
(523.0,523.0)
(262.0,524.0)
(32.0,524.0)
(459.0,524.0)
(459.0,524.0)
(249.0,524.0)
(249.0,524.0)
(249.0,524.0)
(249.0,524.0)
(249.0,524.0)
(459.0,524.0)
(252.0,524.0)
(264.0,524.0)
(249.0,524.0)
(596.0,524.0)
(249.0,524.0)
(252.0,524.0)
(249.0,524.0)
(249.0,524.0)
(276.0,524.0)
(276.0,524.0)
(32.0,524.0)
(459.0,524.0)
(596.0,524.0)
(602.0,524.0)
(249.0,524.0)
(459.0,524.0)
(212.0,524.0)
(249.0,524.0)
(596.0,524.0)
(596.0,524.0)
(249.0,524.0)
(596.0,524.0)
(459.0,524.0)
(596.0,524.0)
(264.0,524.0)
(143.0,524.0)
(602.0,524.0)
(143.0,524.0)
(596.0,524.0)
(602.0,524.0)
(264.0,524.0)
(596.0,524.0)
(459.0,524.0)
(32.0,524.0)
(262.0,524.0)
(249.0,524.0)
(32.0,524.0)
(252.0,524.0)
(212.0,524.0)
(459.0,524.0)
(459.0,524.0)
(249.0,524.0)
(249.0,524.0)
(32.0,524.0)
(597.0,524.0)
(33.0,524.0)
(262.0,524.0)
(32.0,524.0)
(596.0,524.0)
(212.0,524.0)
(32.0,524.0)
(596.0,524.0)
(32.0,524.0)
(597.0,524.0)
(252.0,524.0)
(459.0,524.0)
(459.0,524.0)
(143.0,524.0)
(32.0,524.0)
(32.0,524.0)
(32.0,524.0)
(252.0,524.0)
(264.0,524.0)
(596.0,524.0)
(252.0,524.0)
(459.0,524.0)
(143.0,524.0)
(32.0,524.0)
(32.0,524.0)
(459.0,524.0)
(264.0,524.0)
(143.0,524.0)
(32.0,524.0)
(267.0,524.0)
(459.0,524.0)
(32.0,524.0)
(252.0,524.0)
(596.0,524.0)
(32.0,524.0)
(32.0,524.0)
(639.0,524.0)
(249.0,524.0)
(264.0,524.0)
(596.0,524.0)
(459.0,524.0)
(32.0,524.0)
(597.0,524.0)
(596.0,524.0)
(475.0,32.0)
(32.0,32.0)
(212.0,32.0)
(262.0,32.0)
(166.0,32.0)
(212.0,32.0)
(267.0,32.0)
(276.0,32.0)
(32.0,32.0)
(212.0,32.0)
(475.0,32.0)
(32.0,32.0)
(212.0,32.0)
(475.0,32.0)
(746.0,32.0)
(143.0,32.0)
(262.0,32.0)
(212.0,32.0)
(32.0,32.0)
(143.0,32.0)
(212.0,32.0)
(32.0,32.0)
(287.0,32.0)
(212.0,32.0)
(475.0,32.0)
(32.0,32.0)
(32.0,32.0)
(262.0,32.0)
(212.0,32.0)
(212.0,32.0)
(639.0,32.0)
(746.0,32.0)
(32.0,32.0)
(212.0,32.0)
(32.0,32.0)
(262.0,32.0)
(32.0,32.0)
(475.0,32.0)
(32.0,32.0)
(32.0,32.0)
(475.0,32.0)
(32.0,32.0)
(746.0,32.0)
(262.0,32.0)
(143.0,32.0)
(262.0,32.0)
(212.0,32.0)
(746.0,32.0)
(212.0,32.0)
(262.0,32.0)
(212.0,32.0)
(32.0,32.0)
(212.0,32.0)
(32.0,32.0)
(32.0,32.0)
(212.0,32.0)
(475.0,32.0)
(746.0,32.0)
(746.0,32.0)
(596.0,32.0)
(212.0,32.0)
(746.0,32.0)
(33.0,32.0)
(32.0,32.0)
(262.0,32.0)
(212.0,32.0)
(212.0,32.0)
(212.0,32.0)
(262.0,32.0)
(166.0,32.0)
(212.0,32.0)
(212.0,32.0)
(262.0,32.0)
(262.0,32.0)
(32.0,32.0)
(746.0,32.0)
(212.0,32.0)
(212.0,32.0)
(212.0,32.0)
(746.0,32.0)
(212.0,32.0)
(32.0,32.0)
(32.0,32.0)
(276.0,32.0)
(212.0,32.0)
(212.0,32.0)
(32.0,32.0)
(212.0,32.0)
(212.0,32.0)
(746.0,32.0)
(212.0,32.0)
(212.0,32.0)
(523.0,32.0)
(212.0,32.0)
(523.0,32.0)
(262.0,32.0)
(746.0,32.0)
(262.0,32.0)
(212.0,32.0)
(32.0,32.0)
(639.0,32.0)
(32.0,32.0)
(32.0,32.0)
(523.0,32.0)
(523.0,32.0)
(746.0,32.0)
(212.0,32.0)
(32.0,32.0)
(746.0,32.0)
(32.0,32.0)
(212.0,32.0)
(32.0,32.0)
(212.0,32.0)
(166.0,32.0)
(475.0,32.0)
(262.0,32.0)
(212.0,32.0)
(523.0,32.0)
(639.0,32.0)
(262.0,32.0)
(746.0,32.0)
(212.0,32.0)
(212.0,32.0)
(212.0,32.0)
(32.0,32.0)
(475.0,32.0)
(212.0,32.0)
(212.0,32.0)
(475.0,32.0)
(746.0,32.0)
(262.0,32.0)
(212.0,32.0)
(32.0,32.0)
(475.0,32.0)
(32.0,32.0)
(32.0,32.0)
(523.0,32.0)
(212.0,32.0)
(475.0,32.0)
(262.0,32.0)
(262.0,32.0)
(475.0,32.0)
(746.0,32.0)
(212.0,32.0)
(262.0,32.0)
(262.0,32.0)
(212.0,32.0)
(523.0,32.0)
(212.0,32.0)
(475.0,32.0)
(32.0,32.0)
(212.0,32.0)
(287.0,32.0)
(212.0,32.0)
(212.0,32.0)
(32.0,32.0)
(212.0,32.0)
(475.0,32.0)
(212.0,32.0)
(262.0,32.0)
(287.0,32.0)
(212.0,32.0)
(252.0,524.0)
(249.0,524.0)
(597.0,524.0)
(32.0,524.0)
(143.0,524.0)
(32.0,524.0)
(459.0,524.0)
(143.0,524.0)
(32.0,524.0)
(32.0,524.0)
(262.0,524.0)
(262.0,524.0)
(262.0,524.0)
(660.0,524.0)
(249.0,524.0)
(143.0,524.0)
(459.0,524.0)
(252.0,524.0)
(252.0,524.0)
(32.0,524.0)
(660.0,524.0)
(249.0,524.0)
(32.0,524.0)
(143.0,524.0)
(459.0,524.0)
(597.0,524.0)
(32.0,524.0)
(32.0,524.0)
(596.0,524.0)
(143.0,524.0)
(459.0,524.0)
(143.0,524.0)
(262.0,524.0)
(459.0,524.0)
(459.0,524.0)
(249.0,524.0)
(459.0,524.0)
(459.0,524.0)
(267.0,524.0)
(249.0,524.0)
(459.0,524.0)
(459.0,524.0)
(249.0,524.0)
(143.0,524.0)
(249.0,524.0)
(32.0,524.0)
(596.0,524.0)
(262.0,524.0)
(596.0,524.0)
(459.0,524.0)
(143.0,524.0)
(262.0,524.0)
(596.0,524.0)
(459.0,524.0)
(32.0,524.0)
(212.0,524.0)
(459.0,524.0)
(596.0,524.0)
(32.0,524.0)
(459.0,524.0)
(249.0,524.0)
(32.0,524.0)
(596.0,524.0)
(249.0,524.0)
(596.0,524.0)
(459.0,524.0)
(32.0,524.0)
(249.0,524.0)
(249.0,524.0)
(596.0,524.0)
(249.0,524.0)
(32.0,524.0)
(249.0,524.0)
(32.0,524.0)
(249.0,524.0)
(249.0,524.0)
(596.0,524.0)
(32.0,524.0)
(262.0,524.0)
(32.0,524.0)
(262.0,524.0)
(249.0,524.0)
(459.0,524.0)
(596.0,524.0)
(143.0,524.0)
(212.0,524.0)
(596.0,524.0)
(32.0,524.0)
(32.0,524.0)
(33.0,36.0)
(33.0,36.0)
(33.0,36.0)
(33.0,36.0)
(33.0,36.0)
(33.0,36.0)
(33.0,36.0)
(33.0,36.0)
(33.0,36.0)
(33.0,36.0)
(485.0,36.0)
(33.0,36.0)
(33.0,36.0)
(33.0,36.0)
(42.0,36.0)
(33.0,36.0)
(262.0,36.0)
(344.0,36.0)
(33.0,36.0)
(33.0,36.0)
(485.0,36.0)
(344.0,36.0)
(33.0,36.0)
(33.0,36.0)
(485.0,36.0)
(33.0,36.0)
(33.0,36.0)
(33.0,36.0)
(33.0,36.0)
(37.0,36.0)
(33.0,36.0)
(262.0,36.0)
(33.0,36.0)
(33.0,36.0)
(33.0,36.0)
(344.0,36.0)
(33.0,36.0)
(42.0,36.0)
(485.0,36.0)
(459.0,36.0)
(33.0,36.0)
(33.0,36.0)
(42.0,36.0)
(33.0,36.0)
(33.0,36.0)
(33.0,36.0)
(33.0,36.0)
(33.0,36.0)
(33.0,36.0)
(344.0,36.0)
(42.0,36.0)
(33.0,36.0)
(299.0,36.0)
(33.0,36.0)
(33.0,36.0)
(33.0,36.0)
(33.0,36.0)
(42.0,36.0)
(33.0,36.0)
(33.0,36.0)
(33.0,36.0)
(33.0,36.0)
(33.0,36.0)
(33.0,36.0)
(33.0,36.0)
(42.0,36.0)
(42.0,36.0)
(33.0,36.0)
(33.0,36.0)
(485.0,36.0)
(33.0,36.0)
(33.0,36.0)
(33.0,36.0)
(33.0,36.0)
(33.0,36.0)
(262.0,36.0)
(262.0,36.0)
(33.0,36.0)
(33.0,36.0)
(37.0,36.0)
(485.0,36.0)
(33.0,36.0)
(33.0,36.0)
(33.0,36.0)
(344.0,36.0)
(33.0,36.0)
(33.0,36.0)
(33.0,36.0)
(262.0,36.0)
(33.0,36.0)
(33.0,36.0)
(299.0,36.0)
(33.0,36.0)
(37.0,36.0)
(33.0,36.0)
(33.0,36.0)
(262.0,36.0)
(485.0,36.0)
(33.0,36.0)
(33.0,36.0)
(33.0,36.0)
(33.0,36.0)
(37.0,36.0)
(33.0,36.0)
(33.0,36.0)
(459.0,36.0)
(33.0,36.0)
(33.0,36.0)
(42.0,36.0)
(33.0,36.0)
(33.0,36.0)
(33.0,36.0)
(33.0,36.0)
(33.0,36.0)
(299.0,36.0)
(33.0,36.0)
(33.0,36.0)
(262.0,36.0)
(33.0,36.0)
(33.0,36.0)
(33.0,36.0)
(33.0,36.0)
(33.0,36.0)
(485.0,36.0)
(33.0,36.0)
(262.0,36.0)
(262.0,36.0)
(37.0,36.0)
(42.0,36.0)
(33.0,36.0)
(485.0,36.0)
(33.0,36.0)
(485.0,36.0)
(33.0,36.0)
(33.0,36.0)
(33.0,36.0)
(485.0,36.0)
(33.0,36.0)
(42.0,36.0)
(42.0,36.0)
(33.0,36.0)
(37.0,36.0)
(33.0,36.0)
(33.0,36.0)
(33.0,36.0)
(33.0,36.0)
(33.0,36.0)
(33.0,36.0)
(33.0,36.0)
(33.0,36.0)
(459.0,36.0)
(33.0,36.0)
(33.0,36.0)
(33.0,36.0)
(33.0,36.0)
(33.0,36.0)
(33.0,36.0)
(33.0,36.0)
(33.0,36.0)
(33.0,36.0)
(33.0,36.0)
(33.0,36.0)
(33.0,36.0)
(33.0,36.0)
(33.0,36.0)
(33.0,36.0)
(33.0,36.0)
(33.0,36.0)
(262.0,36.0)
(33.0,36.0)
(42.0,36.0)
(33.0,36.0)
(33.0,36.0)
(33.0,36.0)
(33.0,36.0)
(33.0,36.0)
(42.0,36.0)
(33.0,36.0)
(37.0,36.0)
(42.0,36.0)
(33.0,36.0)
(33.0,36.0)
(33.0,36.0)
(33.0,36.0)
(33.0,36.0)
(33.0,36.0)
(33.0,36.0)
(33.0,36.0)
(485.0,36.0)
(33.0,36.0)
(42.0,36.0)
(42.0,36.0)
(33.0,36.0)
(417.0,36.0)
(459.0,36.0)
(25.0,36.0)
(379.0,36.0)
(38.0,36.0)
(785.0,36.0)
(785.0,36.0)
(40.0,36.0)
(37.0,36.0)
(354.0,36.0)
(771.0,36.0)
(692.0,36.0)
(44.0,36.0)
(44.0,36.0)
(38.0,36.0)
(459.0,36.0)
(45.0,36.0)
(43.0,36.0)
(38.0,36.0)
(44.0,36.0)
(658.0,36.0)
(36.0,36.0)
(40.0,36.0)
(37.0,36.0)
(35.0,36.0)
(40.0,36.0)
(154.0,36.0)
(45.0,36.0)
(297.0,36.0)
(708.0,36.0)
(459.0,36.0)
(447.0,36.0)
(452.0,36.0)
(771.0,36.0)
(15.0,36.0)
(38.0,36.0)
(417.0,36.0)
(45.0,36.0)
(742.0,36.0)
(43.0,36.0)
(43.0,36.0)
(44.0,36.0)
(40.0,36.0)
(381.0,36.0)
(36.0,36.0)
(44.0,36.0)
(459.0,36.0)
(44.0,36.0)
(42.0,36.0)
(447.0,36.0)
(442.0,36.0)
(37.0,36.0)
(40.0,36.0)
(17.0,36.0)
(43.0,36.0)
(738.0,36.0)
(36.0,36.0)
(43.0,36.0)
(682.0,36.0)
(37.0,36.0)
(447.0,36.0)
(40.0,36.0)
(15.0,36.0)
(44.0,36.0)
(38.0,36.0)
(40.0,36.0)
(43.0,36.0)
(785.0,36.0)
(16.0,36.0)
(351.0,36.0)
(785.0,36.0)
(44.0,36.0)
(36.0,36.0)
(689.0,36.0)
(785.0,36.0)
(18.0,36.0)
(42.0,36.0)
(431.0,36.0)
(33.0,36.0)
(25.0,36.0)
(525.0,36.0)
(350.0,36.0)
(785.0,36.0)
(738.0,36.0)
(42.0,36.0)
(43.0,36.0)
(459.0,36.0)
(39.0,36.0)
(447.0,36.0)
(40.0,36.0)
(38.0,36.0)
(30.0,36.0)
(33.0,36.0)
(37.0,36.0)
(38.0,36.0)
(102.0,36.0)
(36.0,36.0)
(37.0,36.0)
(35.0,36.0)
(771.0,36.0)
(44.0,36.0)
(39.0,36.0)
(528.0,36.0)
(37.0,36.0)
(42.0,36.0)
(459.0,36.0)
(442.0,36.0)
(771.0,36.0)
(417.0,36.0)
(45.0,36.0)
(40.0,36.0)
(405.0,36.0)
(37.0,36.0)
(43.0,36.0)
(45.0,36.0)
(637.0,36.0)
(44.0,36.0)
(442.0,36.0)
(771.0,36.0)
(40.0,36.0)
(447.0,36.0)
(771.0,36.0)
(391.0,36.0)
(45.0,36.0)
(43.0,36.0)
(459.0,36.0)
(44.0,36.0)
(43.0,36.0)
(251.0,36.0)
(771.0,36.0)
(43.0,36.0)
(38.0,36.0)
(405.0,36.0)
(44.0,36.0)
(43.0,36.0)
(447.0,36.0)
(38.0,36.0)
(212.0,36.0)
(447.0,36.0)
(771.0,36.0)
(381.0,36.0)
(40.0,36.0)
(36.0,36.0)
(45.0,36.0)
(36.0,36.0)
(40.0,36.0)
(771.0,36.0)
(43.0,36.0)
(43.0,36.0)
(30.0,36.0)
(36.0,36.0)
(102.0,36.0)
(212.0,36.0)
(36.0,36.0)
(421.0,36.0)
(38.0,36.0)
(38.0,36.0)
(757.0,36.0)
(39.0,36.0)
(40.0,36.0)
(37.0,36.0)
(398.0,36.0)
(43.0,36.0)
(527.0,36.0)
(771.0,36.0)
(597.0,36.0)
(46.0,36.0)
(226.0,36.0)
(44.0,36.0)
(42.0,36.0)
(30.0,36.0)
(738.0,36.0)
(40.0,36.0)
(771.0,36.0)
(22.0,36.0)
(447.0,36.0)
(36.0,36.0)
(442.0,36.0)
(44.0,36.0)
(771.0,36.0)
(40.0,36.0)
(771.0,36.0)
(36.0,36.0)
(44.0,36.0)
(530.0,36.0)
(354.0,36.0)
(40.0,36.0)
(43.0,36.0)
(459.0,36.0)
(522.0,36.0)
(36.0,36.0)
(45.0,36.0)
(37.0,36.0)
(43.0,36.0)
(44.0,36.0)
(45.0,36.0)
(521.0,36.0)
(391.0,36.0)
(381.0,36.0)
(44.0,36.0)
(43.0,36.0)
(442.0,36.0)
(757.0,36.0)
(43.0,36.0)
(43.0,36.0)
(43.0,36.0)
(39.0,36.0)
(459.0,36.0)
(459.0,36.0)
(45.0,36.0)
(459.0,36.0)
(645.0,36.0)
(45.0,36.0)
(645.0,36.0)
(36.0,36.0)
(43.0,36.0)
(22.0,36.0)
(771.0,36.0)
(350.0,36.0)
(738.0,36.0)
(45.0,36.0)
(43.0,36.0)
(36.0,36.0)
(442.0,36.0)
(43.0,36.0)
(327.0,36.0)
(406.0,36.0)
(36.0,36.0)
(645.0,36.0)
(785.0,36.0)
(771.0,36.0)
(738.0,36.0)
(43.0,36.0)
(43.0,36.0)
(785.0,36.0)
(15.0,36.0)
(658.0,36.0)
(44.0,36.0)
(40.0,36.0)
(40.0,36.0)
(44.0,36.0)
(36.0,36.0)
(44.0,36.0)
(757.0,36.0)
(44.0,36.0)
(530.0,36.0)
(408.0,36.0)
(34.0,36.0)
(785.0,36.0)
(38.0,36.0)
(40.0,36.0)
(459.0,36.0)
(381.0,36.0)
(43.0,36.0)
(43.0,36.0)
(459.0,36.0)
(36.0,36.0)
(406.0,36.0)
(411.0,36.0)
(40.0,36.0)
(44.0,36.0)
(43.0,36.0)
(36.0,36.0)
(40.0,36.0)
(44.0,36.0)
(750.0,36.0)
(45.0,36.0)
(459.0,36.0)
(406.0,36.0)
(36.0,36.0)
(44.0,36.0)
(44.0,36.0)
(771.0,36.0)
(36.0,36.0)
(43.0,36.0)
(36.0,36.0)
(35.0,36.0)
(43.0,36.0)
(350.0,36.0)
(350.0,36.0)
(43.0,36.0)
(36.0,36.0)
(43.0,36.0)
(459.0,36.0)
(43.0,36.0)
(459.0,36.0)
(44.0,36.0)
(43.0,36.0)
(45.0,36.0)
(447.0,36.0)
(381.0,36.0)
(522.0,36.0)
(785.0,36.0)
(44.0,36.0)
(40.0,36.0)
(37.0,36.0)
(44.0,36.0)
(40.0,36.0)
(22.0,36.0)
(43.0,36.0)
(447.0,36.0)
(771.0,36.0)
(40.0,36.0)
(381.0,36.0)
(417.0,36.0)
(20.0,36.0)
(37.0,36.0)
(447.0,36.0)
(40.0,36.0)
(45.0,36.0)
(44.0,36.0)
(45.0,36.0)
(771.0,36.0)
(349.0,36.0)
(2.0,36.0)
(102.0,36.0)
(781.0,36.0)
(40.0,36.0)
(40.0,36.0)
(36.0,36.0)
(417.0,36.0)
(771.0,36.0)
(43.0,36.0)
(419.0,36.0)
(387.0,36.0)
(33.0,36.0)
(42.0,36.0)
(479.0,36.0)
(405.0,36.0)
(381.0,36.0)
(447.0,36.0)
(102.0,36.0)
(38.0,36.0)
(447.0,36.0)
(40.0,36.0)
(738.0,36.0)
(459.0,36.0)
(102.0,36.0)
(286.0,36.0)
(37.0,36.0)
(40.0,36.0)
(38.0,36.0)
(43.0,36.0)
(354.0,36.0)
(455.0,36.0)
(44.0,36.0)
(40.0,36.0)
(37.0,36.0)
(658.0,36.0)
(350.0,36.0)
(448.0,36.0)
(738.0,36.0)
(40.0,36.0)
(785.0,36.0)
(43.0,36.0)
(43.0,36.0)
(44.0,36.0)
(40.0,36.0)
(36.0,36.0)
(482.0,36.0)
(36.0,36.0)
(44.0,36.0)
(447.0,36.0)
(417.0,36.0)
(20.0,36.0)
(36.0,36.0)
(43.0,36.0)
(36.0,36.0)
(15.0,36.0)
(43.0,36.0)
(37.0,36.0)
(37.0,36.0)
(36.0,36.0)
(44.0,36.0)
(44.0,36.0)
(212.0,36.0)
(37.0,36.0)
(43.0,36.0)
(25.0,36.0)
(447.0,36.0)
(45.0,36.0)
(44.0,36.0)
(36.0,36.0)
(785.0,36.0)
(17.0,36.0)
(459.0,36.0)
(447.0,36.0)
(39.0,36.0)
(381.0,36.0)
(381.0,36.0)
(36.0,36.0)
(42.0,36.0)
(43.0,36.0)
(459.0,36.0)
(447.0,36.0)
(447.0,36.0)
(351.0,36.0)
(43.0,36.0)
(40.0,36.0)
(785.0,36.0)
(750.0,36.0)
(419.0,36.0)
(442.0,36.0)
(459.0,36.0)
(44.0,36.0)
(45.0,36.0)
(43.0,36.0)
(38.0,36.0)
(417.0,36.0)
(354.0,36.0)
(38.0,36.0)
(36.0,36.0)
(43.0,36.0)
(36.0,36.0)
(442.0,36.0)
(43.0,36.0)
(44.0,36.0)
(386.0,36.0)
(44.0,36.0)
(3.0,36.0)
(43.0,36.0)
(40.0,36.0)
(459.0,36.0)
(43.0,36.0)
(43.0,36.0)
(771.0,36.0)
(36.0,36.0)
(212.0,36.0)
(40.0,36.0)
(45.0,36.0)
(44.0,36.0)
(419.0,36.0)
(43.0,36.0)
(37.0,36.0)
(785.0,36.0)
(530.0,36.0)
(36.0,36.0)
(785.0,36.0)
(36.0,36.0)
(44.0,36.0)
(40.0,36.0)
(708.0,36.0)
(43.0,36.0)
(43.0,36.0)
(40.0,36.0)
(45.0,36.0)
(417.0,36.0)
(37.0,36.0)
(455.0,36.0)
(381.0,36.0)
(46.0,36.0)
(44.0,36.0)
(37.0,36.0)
(785.0,36.0)
(18.0,36.0)
(459.0,36.0)
(40.0,36.0)
(43.0,36.0)
(36.0,36.0)
(36.0,36.0)
(40.0,36.0)
(43.0,36.0)
(455.0,36.0)
(36.0,36.0)
(36.0,36.0)
(40.0,36.0)
(484.0,36.0)
(44.0,36.0)
(44.0,36.0)
(44.0,36.0)
(43.0,36.0)
(771.0,36.0)
(427.0,36.0)
(123.0,36.0)
(785.0,36.0)
(45.0,36.0)
(381.0,36.0)
(440.0,36.0)
(36.0,36.0)
(459.0,36.0)
(36.0,36.0)
(43.0,36.0)
(37.0,36.0)
(31.0,36.0)
(42.0,36.0)
(37.0,36.0)
(38.0,36.0)
(37.0,36.0)
(43.0,36.0)
(757.0,36.0)
(37.0,36.0)
(45.0,36.0)
(45.0,36.0)
(37.0,36.0)
(381.0,36.0)
(442.0,36.0)
(406.0,36.0)
(417.0,36.0)
(40.0,36.0)
(785.0,36.0)
(459.0,36.0)
(771.0,36.0)
(573.0,36.0)
(40.0,36.0)
(18.0,36.0)
(600.0,36.0)
(40.0,36.0)
(45.0,36.0)
(387.0,36.0)
(327.0,36.0)
(43.0,36.0)
(3.0,36.0)
(43.0,36.0)
(37.0,36.0)
(36.0,36.0)
(368.0,36.0)
(36.0,36.0)
(40.0,36.0)
(40.0,36.0)
(43.0,36.0)
(594.0,36.0)
(45.0,36.0)
(452.0,36.0)
(771.0,36.0)
(36.0,36.0)
(40.0,36.0)
(482.0,36.0)
(44.0,36.0)
(40.0,36.0)
(43.0,36.0)
(3.0,36.0)
(40.0,36.0)
(44.0,36.0)
(44.0,36.0)
(45.0,36.0)
(771.0,36.0)
(43.0,36.0)
(447.0,36.0)
(459.0,36.0)
(354.0,36.0)
(44.0,36.0)
(738.0,36.0)
(43.0,36.0)
(41.0,36.0)
(45.0,36.0)
(459.0,36.0)
(738.0,36.0)
(45.0,36.0)
(36.0,36.0)
(102.0,36.0)
(44.0,36.0)
(442.0,36.0)
(43.0,36.0)
(771.0,36.0)
(525.0,36.0)
(45.0,36.0)
(448.0,36.0)
(40.0,36.0)
(785.0,36.0)
(771.0,36.0)
(38.0,36.0)
(44.0,36.0)
(101.0,36.0)
(530.0,36.0)
(37.0,36.0)
(36.0,36.0)
(44.0,36.0)
(102.0,36.0)
(42.0,36.0)
(43.0,36.0)
(45.0,36.0)
(387.0,36.0)
(45.0,36.0)
(40.0,36.0)
(448.0,36.0)
(287.0,36.0)
(750.0,36.0)
(381.0,36.0)
(36.0,36.0)
(785.0,36.0)
(459.0,36.0)
(40.0,36.0)
(42.0,36.0)
(417.0,36.0)
(44.0,36.0)
(785.0,36.0)
(43.0,36.0)
(36.0,36.0)
(43.0,36.0)
(417.0,36.0)
(33.0,36.0)
(44.0,36.0)
(40.0,36.0)
(448.0,36.0)
(459.0,36.0)
(771.0,36.0)
(38.0,36.0)
(38.0,36.0)
(40.0,36.0)
(45.0,36.0)
(43.0,36.0)
(40.0,36.0)
(38.0,36.0)
(43.0,36.0)
(41.0,36.0)
(785.0,36.0)
(45.0,36.0)
(785.0,36.0)
(459.0,36.0)
(39.0,36.0)
(785.0,36.0)
(43.0,36.0)
(299.0,36.0)
(36.0,36.0)
(44.0,36.0)
(417.0,36.0)
(36.0,36.0)
(43.0,36.0)
(44.0,36.0)
(771.0,36.0)
(785.0,36.0)
(771.0,36.0)
(713.0,36.0)
(42.0,36.0)
(43.0,36.0)
(40.0,36.0)
(459.0,36.0)
(43.0,36.0)
(381.0,36.0)
(713.0,36.0)
(36.0,36.0)
(406.0,36.0)
(37.0,36.0)
(45.0,36.0)
(353.0,36.0)
(37.0,36.0)
(43.0,36.0)
(44.0,36.0)
(43.0,36.0)
(43.0,36.0)
(42.0,36.0)
(785.0,36.0)
(40.0,36.0)
(37.0,36.0)
(447.0,36.0)
(43.0,36.0)
(30.0,36.0)
(43.0,36.0)
(785.0,36.0)
(37.0,36.0)
(44.0,36.0)
(532.0,36.0)
(37.0,36.0)
(528.0,36.0)
(750.0,36.0)
(328.0,36.0)
(785.0,36.0)
(785.0,36.0)
(40.0,36.0)
(40.0,36.0)
(38.0,36.0)
(36.0,36.0)
(417.0,36.0)
(645.0,36.0)
(36.0,36.0)
(43.0,36.0)
(459.0,36.0)
(43.0,36.0)
(40.0,36.0)
(45.0,36.0)
(43.0,36.0)
(36.0,36.0)
(38.0,36.0)
(785.0,36.0)
(475.0,36.0)
(36.0,36.0)
(36.0,36.0)
(785.0,36.0)
(36.0,36.0)
(38.0,36.0)
(43.0,36.0)
(785.0,36.0)
(43.0,36.0)
(38.0,36.0)
(785.0,36.0)
(771.0,36.0)
(40.0,36.0)
(36.0,36.0)
(455.0,36.0)
(43.0,36.0)
(413.0,36.0)
(36.0,36.0)
(459.0,36.0)
(42.0,36.0)
(43.0,36.0)
(689.0,36.0)
(38.0,36.0)
(39.0,36.0)
(43.0,36.0)
(44.0,36.0)
(40.0,36.0)
(45.0,36.0)
(45.0,36.0)
(45.0,36.0)
(692.0,36.0)
(421.0,36.0)
(38.0,36.0)
(40.0,36.0)
(43.0,36.0)
(36.0,36.0)
(40.0,36.0)
(447.0,36.0)
(38.0,36.0)
(43.0,36.0)
(38.0,36.0)
(421.0,36.0)
(771.0,36.0)
(771.0,36.0)
(447.0,36.0)
(417.0,36.0)
(36.0,36.0)
(45.0,36.0)
(484.0,36.0)
(771.0,525.0)
(212.0,525.0)
(288.0,525.0)
(752.0,525.0)
(37.0,525.0)
(428.0,525.0)
(239.0,525.0)
(771.0,525.0)
(752.0,525.0)
(37.0,525.0)
(752.0,525.0)
(752.0,525.0)
(752.0,525.0)
(42.0,525.0)
(37.0,525.0)
(428.0,525.0)
(639.0,525.0)
(428.0,525.0)
(37.0,525.0)
(639.0,525.0)
(37.0,525.0)
(639.0,525.0)
(212.0,525.0)
(752.0,525.0)
(212.0,525.0)
(37.0,525.0)
(239.0,525.0)
(33.0,525.0)
(37.0,525.0)
(212.0,525.0)
(639.0,525.0)
(428.0,525.0)
(639.0,525.0)
(428.0,525.0)
(530.0,525.0)
(523.0,525.0)
(639.0,525.0)
(428.0,525.0)
(33.0,525.0)
(428.0,525.0)
(428.0,525.0)
(523.0,525.0)
(752.0,525.0)
(212.0,525.0)
(37.0,525.0)
(639.0,525.0)
(752.0,525.0)
(752.0,525.0)
(752.0,525.0)
(42.0,525.0)
(523.0,525.0)
(428.0,525.0)
(428.0,525.0)
(523.0,525.0)
(428.0,525.0)
(37.0,525.0)
(42.0,525.0)
(239.0,525.0)
(752.0,525.0)
(639.0,525.0)
(752.0,525.0)
(37.0,525.0)
(33.0,525.0)
(37.0,525.0)
(37.0,525.0)
(37.0,525.0)
(752.0,525.0)
(771.0,525.0)
(752.0,525.0)
(428.0,525.0)
(639.0,525.0)
(37.0,525.0)
(37.0,525.0)
(752.0,525.0)
(530.0,525.0)
(752.0,525.0)
(428.0,525.0)
(428.0,525.0)
(752.0,525.0)
(752.0,525.0)
(752.0,525.0)
(212.0,525.0)
(752.0,525.0)
(239.0,525.0)
(37.0,525.0)
(752.0,525.0)
(523.0,525.0)
(771.0,525.0)
(752.0,525.0)
(428.0,525.0)
(428.0,525.0)
(42.0,525.0)
(428.0,525.0)
(37.0,525.0)
(428.0,525.0)
(752.0,525.0)
(428.0,525.0)
(212.0,525.0)
(212.0,525.0)
(33.0,525.0)
(428.0,525.0)
(37.0,525.0)
(752.0,525.0)
(428.0,525.0)
(239.0,525.0)
(37.0,525.0)
(37.0,525.0)
(752.0,525.0)
(523.0,525.0)
(752.0,525.0)
(752.0,525.0)
(42.0,525.0)
(428.0,525.0)
(239.0,525.0)
(523.0,525.0)
(37.0,525.0)
(523.0,525.0)
(752.0,525.0)
(37.0,525.0)
(523.0,525.0)
(239.0,525.0)
(428.0,525.0)
(239.0,525.0)
(523.0,525.0)
(33.0,525.0)
(639.0,525.0)
(239.0,525.0)
(428.0,525.0)
(752.0,525.0)
(752.0,525.0)
(523.0,525.0)
(752.0,525.0)
(239.0,525.0)
(771.0,525.0)
(523.0,525.0)
(771.0,525.0)
(428.0,525.0)
(428.0,525.0)
(752.0,525.0)
(428.0,525.0)
(37.0,525.0)
(771.0,525.0)
(771.0,525.0)
(752.0,525.0)
(42.0,525.0)
(239.0,525.0)
(523.0,525.0)
(752.0,525.0)
(212.0,525.0)
(428.0,525.0)
(771.0,525.0)
(428.0,525.0)
(212.0,525.0)
(639.0,525.0)
(37.0,525.0)
(527.0,525.0)
(455.0,525.0)
(527.0,525.0)
(527.0,525.0)
(455.0,525.0)
(455.0,525.0)
(527.0,525.0)
(37.0,525.0)
(527.0,525.0)
(527.0,525.0)
(455.0,525.0)
(527.0,525.0)
(527.0,525.0)
(527.0,525.0)
(527.0,525.0)
(455.0,525.0)
(527.0,525.0)
(37.0,525.0)
(455.0,525.0)
(527.0,525.0)
(527.0,525.0)
(527.0,525.0)
(37.0,525.0)
(527.0,525.0)
(37.0,525.0)
(527.0,525.0)
(527.0,525.0)
(527.0,525.0)
(527.0,525.0)
(37.0,525.0)
(527.0,525.0)
(527.0,525.0)
(527.0,525.0)
(455.0,525.0)
(527.0,525.0)
(527.0,525.0)
(527.0,525.0)
(455.0,525.0)
(527.0,525.0)
(527.0,525.0)
(527.0,525.0)
(527.0,525.0)
(527.0,525.0)
(527.0,525.0)
(455.0,525.0)
(37.0,525.0)
(455.0,525.0)
(455.0,525.0)
(527.0,525.0)
(527.0,525.0)
(527.0,525.0)
(527.0,525.0)
(527.0,525.0)
(527.0,525.0)
(455.0,525.0)
(527.0,525.0)
(527.0,525.0)
(527.0,525.0)
(527.0,525.0)
(527.0,525.0)
(527.0,525.0)
(527.0,525.0)
(527.0,525.0)
(527.0,525.0)
(527.0,525.0)
(527.0,525.0)
(455.0,525.0)
(527.0,525.0)
(455.0,525.0)
(527.0,525.0)
(37.0,525.0)
(527.0,525.0)
(527.0,525.0)
(527.0,525.0)
(527.0,525.0)
(527.0,525.0)
(527.0,525.0)
(527.0,525.0)
(455.0,525.0)
(527.0,525.0)
(455.0,525.0)
(527.0,525.0)
(455.0,525.0)
(455.0,525.0)
(455.0,525.0)
(455.0,525.0)
(527.0,525.0)
(527.0,525.0)
(455.0,525.0)
(527.0,525.0)
(527.0,525.0)
(37.0,525.0)
(455.0,525.0)
(527.0,525.0)
(527.0,525.0)
(455.0,525.0)
(455.0,525.0)
(527.0,525.0)
(527.0,525.0)
(455.0,525.0)
(37.0,525.0)
(527.0,525.0)
(527.0,525.0)
(527.0,525.0)
(455.0,525.0)
(455.0,525.0)
(527.0,525.0)
(455.0,525.0)
(527.0,525.0)
(527.0,525.0)
(527.0,525.0)
(455.0,525.0)
(455.0,525.0)
(455.0,525.0)
(455.0,525.0)
(527.0,525.0)
(527.0,525.0)
(527.0,525.0)
(455.0,525.0)
(37.0,525.0)
(37.0,525.0)
(455.0,525.0)
(455.0,525.0)
(527.0,525.0)
(527.0,525.0)
(527.0,525.0)
(37.0,525.0)
(455.0,525.0)
(527.0,525.0)
(455.0,525.0)
(527.0,525.0)
(455.0,525.0)
(527.0,525.0)
(527.0,525.0)
(527.0,525.0)
(37.0,525.0)
(455.0,525.0)
(527.0,525.0)
(455.0,525.0)
(527.0,525.0)
(37.0,525.0)
(527.0,525.0)
(527.0,525.0)
(527.0,525.0)
(527.0,525.0)
(455.0,525.0)
(455.0,525.0)
(527.0,525.0)
(455.0,525.0)
(527.0,525.0)
(37.0,525.0)
(527.0,525.0)
(527.0,525.0)
(527.0,525.0)
(527.0,525.0)
(527.0,525.0)
(455.0,525.0)
(455.0,525.0)
(527.0,525.0)
(527.0,525.0)
(527.0,525.0)
(527.0,525.0)
(527.0,525.0)
(455.0,525.0)
(455.0,525.0)
(527.0,525.0)
(527.0,525.0)
(527.0,525.0)
(527.0,525.0)
(455.0,525.0)
(527.0,525.0)
(455.0,525.0)
(527.0,525.0)
(455.0,525.0)
(527.0,525.0)
(527.0,525.0)
(527.0,525.0)
(455.0,525.0)
(527.0,525.0)
(771.0,525.0)
(32.0,525.0)
(752.0,525.0)
(746.0,525.0)
(354.0,525.0)
(528.0,525.0)
(38.0,525.0)
(32.0,525.0)
(354.0,525.0)
(455.0,525.0)
(528.0,525.0)
(354.0,525.0)
(354.0,525.0)
(354.0,525.0)
(528.0,525.0)
(37.0,525.0)
(528.0,525.0)
(528.0,525.0)
(33.0,525.0)
(37.0,525.0)
(455.0,525.0)
(455.0,525.0)
(33.0,525.0)
(752.0,525.0)
(354.0,525.0)
(752.0,525.0)
(38.0,525.0)
(528.0,525.0)
(33.0,525.0)
(752.0,525.0)
(528.0,525.0)
(528.0,525.0)
(752.0,525.0)
(447.0,525.0)
(528.0,525.0)
(525.0,525.0)
(771.0,525.0)
(525.0,525.0)
(33.0,525.0)
(528.0,525.0)
(528.0,525.0)
(528.0,525.0)
(528.0,525.0)
(528.0,525.0)
(354.0,525.0)
(459.0,525.0)
(528.0,525.0)
(752.0,525.0)
(528.0,525.0)
(528.0,525.0)
(354.0,525.0)
(33.0,525.0)
(528.0,525.0)
(525.0,525.0)
(33.0,525.0)
(354.0,525.0)
(528.0,525.0)
(525.0,525.0)
(528.0,525.0)
(528.0,525.0)
(37.0,525.0)
(528.0,525.0)
(33.0,525.0)
(528.0,525.0)
(752.0,525.0)
(354.0,525.0)
(37.0,525.0)
(528.0,525.0)
(771.0,525.0)
(455.0,525.0)
(37.0,525.0)
(528.0,525.0)
(528.0,525.0)
(354.0,525.0)
(32.0,525.0)
(528.0,525.0)
(354.0,525.0)
(528.0,525.0)
(528.0,525.0)
(37.0,525.0)
(354.0,525.0)
(33.0,525.0)
(528.0,525.0)
(528.0,525.0)
(528.0,525.0)
(354.0,525.0)
(354.0,525.0)
(354.0,525.0)
(752.0,525.0)
(33.0,525.0)
(354.0,525.0)
(38.0,525.0)
(37.0,525.0)
(354.0,525.0)
(525.0,525.0)
(525.0,525.0)
(354.0,525.0)
(752.0,525.0)
(528.0,525.0)
(528.0,525.0)
(354.0,525.0)
(528.0,525.0)
(528.0,525.0)
(528.0,525.0)
(354.0,525.0)
(354.0,525.0)
(42.0,525.0)
(33.0,525.0)
(354.0,525.0)
(752.0,525.0)
(752.0,525.0)
(528.0,525.0)
(528.0,525.0)
(528.0,525.0)
(354.0,525.0)
(354.0,525.0)
(528.0,525.0)
(33.0,525.0)
(528.0,525.0)
(42.0,525.0)
(37.0,525.0)
(455.0,525.0)
(42.0,525.0)
(354.0,525.0)
(528.0,525.0)
(771.0,525.0)
(528.0,525.0)
(528.0,525.0)
(528.0,525.0)
(528.0,525.0)
(38.0,525.0)
(528.0,525.0)
(525.0,525.0)
(37.0,525.0)
(42.0,525.0)
(525.0,525.0)
(354.0,525.0)
(528.0,525.0)
(37.0,525.0)
(33.0,525.0)
(33.0,525.0)
(38.0,525.0)
(528.0,525.0)
(38.0,525.0)
(42.0,525.0)
(33.0,525.0)
(528.0,525.0)
(746.0,525.0)
(528.0,525.0)
(38.0,525.0)
(354.0,525.0)
(33.0,525.0)
(354.0,525.0)
(42.0,525.0)
(752.0,525.0)
(33.0,525.0)
(525.0,525.0)
(33.0,525.0)
(32.0,525.0)
(523.0,525.0)
(528.0,525.0)
(354.0,525.0)
(42.0,525.0)
(528.0,525.0)
(37.0,525.0)
(525.0,525.0)
(528.0,525.0)
(455.0,525.0)
(525.0,525.0)
(42.0,525.0)
(354.0,525.0)
(528.0,525.0)
(38.0,525.0)
(525.0,525.0)
(528.0,525.0)
(752.0,525.0)
(752.0,525.0)
(528.0,525.0)
(354.0,525.0)
(752.0,525.0)
(528.0,525.0)
(528.0,525.0)
(354.0,525.0)
(354.0,525.0)
(525.0,525.0)
(527.0,525.0)
(525.0,525.0)
(37.0,525.0)
(525.0,525.0)
(123.0,525.0)
(525.0,525.0)
(417.0,525.0)
(123.0,525.0)
(455.0,525.0)
(455.0,525.0)
(455.0,525.0)
(527.0,525.0)
(527.0,525.0)
(538.0,525.0)
(527.0,525.0)
(417.0,525.0)
(455.0,525.0)
(37.0,525.0)
(417.0,525.0)
(417.0,525.0)
(525.0,525.0)
(538.0,525.0)
(527.0,525.0)
(455.0,525.0)
(455.0,525.0)
(37.0,525.0)
(417.0,525.0)
(455.0,525.0)
(455.0,525.0)
(455.0,525.0)
(455.0,525.0)
(527.0,525.0)
(527.0,525.0)
(417.0,525.0)
(525.0,525.0)
(527.0,525.0)
(37.0,525.0)
(527.0,525.0)
(455.0,525.0)
(417.0,525.0)
(417.0,525.0)
(527.0,525.0)
(417.0,525.0)
(417.0,525.0)
(527.0,525.0)
(37.0,525.0)
(455.0,525.0)
(37.0,525.0)
(417.0,525.0)
(538.0,525.0)
(525.0,525.0)
(417.0,525.0)
(37.0,525.0)
(527.0,525.0)
(527.0,525.0)
(527.0,525.0)
(525.0,525.0)
(525.0,525.0)
(417.0,525.0)
(37.0,525.0)
(527.0,525.0)
(527.0,525.0)
(417.0,525.0)
(525.0,525.0)
(417.0,525.0)
(527.0,525.0)
(525.0,525.0)
(455.0,525.0)
(455.0,525.0)
(37.0,525.0)
(417.0,525.0)
(527.0,525.0)
(525.0,525.0)
(527.0,525.0)
(527.0,525.0)
(37.0,525.0)
(538.0,525.0)
(455.0,525.0)
(37.0,525.0)
(538.0,525.0)
(417.0,525.0)
(527.0,525.0)
(455.0,525.0)
(455.0,525.0)
(417.0,525.0)
(525.0,525.0)
(527.0,525.0)
(417.0,525.0)
(37.0,525.0)
(37.0,525.0)
(417.0,525.0)
(525.0,525.0)
(525.0,525.0)
(455.0,525.0)
(417.0,525.0)
(455.0,525.0)
(455.0,525.0)
(525.0,525.0)
(527.0,525.0)
(525.0,525.0)
(455.0,525.0)
(417.0,525.0)
(525.0,525.0)
(417.0,525.0)
(527.0,525.0)
(525.0,525.0)
(527.0,525.0)
(527.0,525.0)
(417.0,525.0)
(455.0,526.0)
(455.0,526.0)
(676.0,526.0)
(455.0,526.0)
(530.0,526.0)
(455.0,526.0)
(455.0,526.0)
(455.0,526.0)
(525.0,526.0)
(455.0,526.0)
(530.0,526.0)
(455.0,526.0)
(455.0,526.0)
(530.0,526.0)
(455.0,526.0)
(530.0,526.0)
(455.0,526.0)
(455.0,526.0)
(455.0,526.0)
(527.0,526.0)
(530.0,526.0)
(455.0,526.0)
(455.0,526.0)
(530.0,526.0)
(676.0,526.0)
(455.0,526.0)
(455.0,526.0)
(530.0,526.0)
(455.0,526.0)
(455.0,526.0)
(455.0,526.0)
(455.0,526.0)
(455.0,526.0)
(455.0,526.0)
(455.0,526.0)
(455.0,526.0)
(455.0,526.0)
(455.0,526.0)
(455.0,526.0)
(455.0,526.0)
(527.0,526.0)
(455.0,526.0)
(455.0,526.0)
(455.0,526.0)
(455.0,526.0)
(527.0,526.0)
(455.0,526.0)
(455.0,526.0)
(455.0,526.0)
(455.0,526.0)
(455.0,526.0)
(455.0,526.0)
(455.0,526.0)
(530.0,526.0)
(455.0,526.0)
(530.0,526.0)
(527.0,526.0)
(455.0,526.0)
(530.0,526.0)
(455.0,526.0)
(530.0,526.0)
(530.0,526.0)
(455.0,526.0)
(530.0,526.0)
(455.0,526.0)
(527.0,526.0)
(455.0,526.0)
(455.0,526.0)
(455.0,526.0)
(455.0,526.0)
(455.0,526.0)
(530.0,526.0)
(530.0,526.0)
(455.0,526.0)
(455.0,526.0)
(455.0,526.0)
(455.0,526.0)
(455.0,526.0)
(455.0,526.0)
(676.0,526.0)
(455.0,526.0)
(530.0,526.0)
(530.0,526.0)
(455.0,526.0)
(455.0,526.0)
(455.0,526.0)
(525.0,526.0)
(676.0,526.0)
(455.0,526.0)
(455.0,526.0)
(527.0,526.0)
(455.0,526.0)
(530.0,526.0)
(455.0,526.0)
(527.0,526.0)
(676.0,526.0)
(676.0,526.0)
(455.0,526.0)
(455.0,526.0)
(525.0,526.0)
(455.0,526.0)
(455.0,526.0)
(525.0,526.0)
(455.0,526.0)
(530.0,526.0)
(455.0,526.0)
(455.0,526.0)
(455.0,526.0)
(455.0,526.0)
(455.0,526.0)
(455.0,526.0)
(455.0,526.0)
(455.0,526.0)
(455.0,526.0)
(455.0,526.0)
(101.0,526.0)
(455.0,526.0)
(530.0,526.0)
(455.0,526.0)
(455.0,526.0)
(527.0,526.0)
(455.0,526.0)
(530.0,526.0)
(455.0,526.0)
(455.0,526.0)
(455.0,526.0)
(455.0,526.0)
(455.0,526.0)
(455.0,526.0)
(455.0,526.0)
(455.0,526.0)
(455.0,526.0)
(455.0,526.0)
(525.0,526.0)
(455.0,526.0)
(455.0,526.0)
(455.0,526.0)
(455.0,526.0)
(455.0,526.0)
(455.0,526.0)
(455.0,526.0)
(455.0,526.0)
(455.0,526.0)
(530.0,526.0)
(455.0,526.0)
(455.0,526.0)
(455.0,526.0)
(455.0,526.0)
(455.0,526.0)
(455.0,526.0)
(455.0,526.0)
(455.0,526.0)
(455.0,526.0)
(527.0,526.0)
(676.0,526.0)
(455.0,526.0)
(455.0,526.0)
(455.0,526.0)
(455.0,526.0)
(530.0,526.0)
(527.0,526.0)
(455.0,526.0)
(455.0,526.0)
(455.0,526.0)
(527.0,526.0)
(527.0,526.0)
(527.0,526.0)
(527.0,526.0)
(455.0,526.0)
(527.0,526.0)
(527.0,526.0)
(527.0,526.0)
(37.0,526.0)
(455.0,526.0)
(527.0,526.0)
(455.0,526.0)
(455.0,526.0)
(527.0,526.0)
(527.0,526.0)
(37.0,526.0)
(455.0,526.0)
(416.0,526.0)
(455.0,526.0)
(527.0,526.0)
(527.0,526.0)
(527.0,526.0)
(455.0,526.0)
(455.0,526.0)
(455.0,526.0)
(527.0,526.0)
(527.0,526.0)
(38.0,526.0)
(527.0,526.0)
(527.0,526.0)
(527.0,526.0)
(527.0,526.0)
(455.0,526.0)
(455.0,526.0)
(527.0,526.0)
(455.0,526.0)
(37.0,526.0)
(455.0,526.0)
(527.0,526.0)
(527.0,526.0)
(455.0,526.0)
(527.0,526.0)
(527.0,526.0)
(455.0,526.0)
(527.0,526.0)
(527.0,526.0)
(455.0,526.0)
(38.0,526.0)
(527.0,526.0)
(527.0,526.0)
(37.0,526.0)
(527.0,526.0)
(455.0,526.0)
(527.0,526.0)
(455.0,526.0)
(37.0,526.0)
(527.0,526.0)
(527.0,526.0)
(527.0,526.0)
(527.0,526.0)
(527.0,526.0)
(527.0,526.0)
(37.0,526.0)
(455.0,526.0)
(527.0,526.0)
(455.0,526.0)
(455.0,526.0)
(527.0,526.0)
(527.0,526.0)
(527.0,526.0)
(38.0,526.0)
(455.0,526.0)
(527.0,526.0)
(527.0,526.0)
(527.0,526.0)
(527.0,526.0)
(455.0,526.0)
(455.0,526.0)
(455.0,526.0)
(527.0,526.0)
(527.0,526.0)
(527.0,526.0)
(527.0,526.0)
(527.0,526.0)
(527.0,526.0)
(527.0,526.0)
(527.0,526.0)
(527.0,526.0)
(527.0,526.0)
(527.0,526.0)
(527.0,526.0)
(527.0,526.0)
(527.0,526.0)
(37.0,526.0)
(527.0,526.0)
(527.0,526.0)
(527.0,526.0)
(527.0,526.0)
(527.0,526.0)
(455.0,526.0)
(527.0,526.0)
(527.0,526.0)
(455.0,526.0)
(527.0,526.0)
(455.0,526.0)
(527.0,526.0)
(527.0,526.0)
(455.0,526.0)
(37.0,526.0)
(527.0,526.0)
(527.0,526.0)
(527.0,526.0)
(38.0,526.0)
(416.0,526.0)
(527.0,526.0)
(527.0,526.0)
(527.0,526.0)
(527.0,526.0)
(37.0,526.0)
(455.0,526.0)
(37.0,526.0)
(38.0,526.0)
(455.0,526.0)
(527.0,526.0)
(527.0,526.0)
(527.0,526.0)
(527.0,526.0)
(38.0,526.0)
(38.0,526.0)
(455.0,526.0)
(527.0,526.0)
(527.0,526.0)
(527.0,526.0)
(527.0,526.0)
(527.0,526.0)
(455.0,526.0)
(527.0,526.0)
(38.0,526.0)
(455.0,526.0)
(38.0,526.0)
(530.0,526.0)
(530.0,526.0)
(455.0,526.0)
(530.0,526.0)
(530.0,526.0)
(38.0,526.0)
(455.0,526.0)
(38.0,526.0)
(38.0,526.0)
(38.0,526.0)
(38.0,526.0)
(38.0,526.0)
(455.0,526.0)
(525.0,526.0)
(455.0,526.0)
(38.0,526.0)
(530.0,526.0)
(455.0,526.0)
(455.0,526.0)
(38.0,526.0)
(530.0,526.0)
(38.0,526.0)
(38.0,526.0)
(455.0,526.0)
(38.0,526.0)
(38.0,526.0)
(530.0,526.0)
(38.0,526.0)
(38.0,526.0)
(455.0,526.0)
(455.0,526.0)
(530.0,526.0)
(38.0,526.0)
(525.0,526.0)
(530.0,526.0)
(38.0,526.0)
(530.0,526.0)
(455.0,526.0)
(455.0,526.0)
(38.0,526.0)
(455.0,526.0)
(525.0,526.0)
(530.0,526.0)
(455.0,526.0)
(455.0,526.0)
(455.0,526.0)
(455.0,526.0)
(527.0,526.0)
(455.0,526.0)
(530.0,526.0)
(455.0,526.0)
(530.0,526.0)
(455.0,526.0)
(525.0,526.0)
(530.0,526.0)
(455.0,526.0)
(455.0,526.0)
(38.0,526.0)
(530.0,526.0)
(530.0,526.0)
(530.0,526.0)
(38.0,526.0)
(38.0,526.0)
(38.0,526.0)
(525.0,526.0)
(455.0,526.0)
(455.0,526.0)
(38.0,526.0)
(38.0,526.0)
(38.0,526.0)
(530.0,526.0)
(38.0,526.0)
(455.0,526.0)
(525.0,526.0)
(38.0,526.0)
(38.0,526.0)
(455.0,526.0)
(455.0,526.0)
(530.0,526.0)
(455.0,526.0)
(455.0,526.0)
(38.0,526.0)
(530.0,526.0)
(455.0,526.0)
(525.0,526.0)
(530.0,526.0)
(455.0,526.0)
(455.0,526.0)
(455.0,526.0)
(38.0,526.0)
(455.0,526.0)
(527.0,526.0)
(525.0,526.0)
(525.0,526.0)
(530.0,526.0)
(530.0,526.0)
(38.0,526.0)
(530.0,526.0)
(455.0,526.0)
(530.0,526.0)
(530.0,526.0)
(38.0,526.0)
(455.0,526.0)
(38.0,526.0)
(38.0,526.0)
(530.0,526.0)
(455.0,526.0)
(455.0,526.0)
(530.0,526.0)
(38.0,526.0)
(455.0,526.0)
(530.0,526.0)
(38.0,526.0)
(455.0,526.0)
(455.0,526.0)
(530.0,526.0)
(530.0,526.0)
(525.0,526.0)
(38.0,526.0)
(530.0,526.0)
(38.0,526.0)
(530.0,526.0)
(38.0,526.0)
(530.0,526.0)
(455.0,526.0)
(455.0,526.0)
(530.0,526.0)
(455.0,526.0)
(38.0,526.0)
(38.0,526.0)
(455.0,526.0)
(455.0,526.0)
(525.0,526.0)
(525.0,526.0)
(455.0,526.0)
(455.0,526.0)
(38.0,526.0)
(530.0,526.0)
(38.0,526.0)
(38.0,526.0)
(530.0,526.0)
(530.0,526.0)
(38.0,526.0)
(527.0,526.0)
(455.0,526.0)
(38.0,526.0)
(455.0,526.0)
(455.0,526.0)
(455.0,526.0)
(38.0,526.0)
(38.0,526.0)
(38.0,526.0)
(526.0,527.0)
(455.0,527.0)
(474.0,527.0)
(527.0,527.0)
(526.0,527.0)
(455.0,527.0)
(455.0,527.0)
(525.0,527.0)
(455.0,527.0)
(455.0,527.0)
(527.0,527.0)
(526.0,527.0)
(455.0,527.0)
(455.0,527.0)
(455.0,527.0)
(526.0,527.0)
(455.0,527.0)
(455.0,527.0)
(526.0,527.0)
(455.0,527.0)
(455.0,527.0)
(455.0,527.0)
(527.0,527.0)
(455.0,527.0)
(455.0,527.0)
(455.0,527.0)
(526.0,527.0)
(526.0,527.0)
(455.0,527.0)
(527.0,527.0)
(527.0,527.0)
(526.0,527.0)
(527.0,527.0)
(455.0,527.0)
(526.0,527.0)
(474.0,527.0)
(527.0,527.0)
(527.0,527.0)
(526.0,527.0)
(527.0,527.0)
(455.0,527.0)
(455.0,527.0)
(455.0,527.0)
(526.0,527.0)
(527.0,527.0)
(527.0,527.0)
(455.0,527.0)
(455.0,527.0)
(526.0,527.0)
(527.0,527.0)
(527.0,527.0)
(526.0,527.0)
(455.0,527.0)
(527.0,527.0)
(455.0,527.0)
(527.0,527.0)
(455.0,527.0)
(455.0,527.0)
(527.0,527.0)
(527.0,527.0)
(455.0,527.0)
(455.0,527.0)
(527.0,527.0)
(455.0,527.0)
(526.0,527.0)
(455.0,527.0)
(527.0,527.0)
(527.0,527.0)
(526.0,527.0)
(527.0,527.0)
(455.0,527.0)
(455.0,527.0)
(526.0,527.0)
(526.0,527.0)
(455.0,527.0)
(525.0,527.0)
(526.0,527.0)
(455.0,527.0)
(527.0,527.0)
(527.0,527.0)
(526.0,527.0)
(474.0,527.0)
(455.0,527.0)
(455.0,527.0)
(455.0,527.0)
(455.0,527.0)
(526.0,527.0)
(455.0,527.0)
(455.0,527.0)
(526.0,527.0)
(455.0,527.0)
(455.0,527.0)
(527.0,527.0)
(527.0,527.0)
(455.0,527.0)
(474.0,527.0)
(455.0,527.0)
(527.0,527.0)
(455.0,527.0)
(527.0,527.0)
(526.0,527.0)
(455.0,527.0)
(474.0,527.0)
(455.0,527.0)
(526.0,527.0)
(455.0,527.0)
(455.0,527.0)
(527.0,527.0)
(526.0,527.0)
(455.0,527.0)
(455.0,527.0)
(527.0,527.0)
(526.0,527.0)
(527.0,527.0)
(526.0,527.0)
(474.0,527.0)
(474.0,527.0)
(527.0,527.0)
(455.0,527.0)
(455.0,527.0)
(474.0,527.0)
(527.0,527.0)
(455.0,527.0)
(474.0,527.0)
(527.0,527.0)
(455.0,527.0)
(527.0,527.0)
(455.0,527.0)
(455.0,527.0)
(455.0,527.0)
(527.0,527.0)
(526.0,527.0)
(455.0,527.0)
(526.0,527.0)
(526.0,527.0)
(526.0,527.0)
(526.0,527.0)
(526.0,527.0)
(527.0,527.0)
(455.0,527.0)
(527.0,527.0)
(474.0,527.0)
(455.0,527.0)
(527.0,527.0)
(526.0,527.0)
(455.0,527.0)
(455.0,527.0)
(526.0,527.0)
(455.0,527.0)
(527.0,527.0)
(526.0,527.0)
(455.0,527.0)
(526.0,527.0)
(526.0,527.0)
(455.0,527.0)
(527.0,527.0)
(525.0,527.0)
(455.0,527.0)
(455.0,527.0)
(527.0,527.0)
(527.0,527.0)
(474.0,527.0)
(455.0,527.0)
(526.0,527.0)
(455.0,527.0)
(526.0,527.0)
(527.0,527.0)
(526.0,527.0)
(526.0,527.0)
(527.0,527.0)
(455.0,527.0)
(526.0,527.0)
(455.0,527.0)
(527.0,527.0)
(40.0,527.0)
(38.0,527.0)
(38.0,527.0)
(37.0,527.0)
(413.0,527.0)
(349.0,527.0)
(44.0,527.0)
(680.0,527.0)
(37.0,527.0)
(459.0,527.0)
(349.0,527.0)
(38.0,527.0)
(37.0,527.0)
(532.0,527.0)
(43.0,527.0)
(38.0,527.0)
(45.0,527.0)
(40.0,527.0)
(38.0,527.0)
(421.0,527.0)
(38.0,527.0)
(37.0,527.0)
(421.0,527.0)
(527.0,527.0)
(38.0,527.0)
(44.0,527.0)
(390.0,527.0)
(37.0,527.0)
(40.0,527.0)
(37.0,527.0)
(37.0,527.0)
(44.0,527.0)
(38.0,527.0)
(38.0,527.0)
(421.0,527.0)
(473.0,527.0)
(771.0,527.0)
(38.0,527.0)
(37.0,527.0)
(37.0,527.0)
(37.0,527.0)
(484.0,527.0)
(37.0,527.0)
(38.0,527.0)
(38.0,527.0)
(38.0,527.0)
(417.0,527.0)
(38.0,527.0)
(40.0,527.0)
(40.0,527.0)
(769.0,527.0)
(38.0,527.0)
(37.0,527.0)
(44.0,527.0)
(1.0,527.0)
(38.0,527.0)
(442.0,527.0)
(40.0,527.0)
(38.0,527.0)
(37.0,527.0)
(417.0,527.0)
(45.0,527.0)
(802.0,527.0)
(37.0,527.0)
(37.0,527.0)
(43.0,527.0)
(37.0,527.0)
(38.0,527.0)
(35.0,527.0)
(37.0,527.0)
(38.0,527.0)
(40.0,527.0)
(37.0,527.0)
(38.0,527.0)
(43.0,527.0)
(40.0,527.0)
(2.0,527.0)
(38.0,527.0)
(45.0,527.0)
(448.0,527.0)
(422.0,527.0)
(38.0,527.0)
(42.0,527.0)
(38.0,527.0)
(37.0,527.0)
(34.0,527.0)
(660.0,527.0)
(475.0,527.0)
(37.0,527.0)
(525.0,527.0)
(531.0,527.0)
(37.0,527.0)
(119.0,527.0)
(433.0,527.0)
(38.0,527.0)
(38.0,527.0)
(530.0,527.0)
(40.0,527.0)
(37.0,527.0)
(421.0,527.0)
(37.0,527.0)
(781.0,527.0)
(37.0,527.0)
(38.0,527.0)
(452.0,527.0)
(37.0,527.0)
(37.0,527.0)
(37.0,527.0)
(38.0,527.0)
(528.0,527.0)
(525.0,527.0)
(427.0,527.0)
(38.0,527.0)
(38.0,527.0)
(455.0,527.0)
(43.0,527.0)
(38.0,527.0)
(38.0,527.0)
(44.0,527.0)
(37.0,527.0)
(37.0,527.0)
(38.0,527.0)
(38.0,527.0)
(40.0,527.0)
(38.0,527.0)
(46.0,527.0)
(38.0,527.0)
(38.0,527.0)
(754.0,527.0)
(37.0,527.0)
(44.0,527.0)
(38.0,527.0)
(38.0,527.0)
(37.0,527.0)
(427.0,527.0)
(43.0,527.0)
(45.0,527.0)
(38.0,527.0)
(37.0,527.0)
(38.0,527.0)
(38.0,527.0)
(37.0,527.0)
(38.0,527.0)
(45.0,527.0)
(37.0,527.0)
(38.0,527.0)
(37.0,527.0)
(38.0,527.0)
(38.0,527.0)
(40.0,527.0)
(38.0,527.0)
(38.0,527.0)
(38.0,527.0)
(42.0,527.0)
(37.0,527.0)
(38.0,527.0)
(37.0,527.0)
(37.0,527.0)
(475.0,527.0)
(43.0,527.0)
(38.0,527.0)
(37.0,527.0)
(41.0,527.0)
(38.0,527.0)
(421.0,527.0)
(38.0,527.0)
(38.0,527.0)
(38.0,527.0)
(37.0,527.0)
(38.0,527.0)
(660.0,527.0)
(37.0,527.0)
(37.0,527.0)
(558.0,527.0)
(38.0,527.0)
(37.0,527.0)
(38.0,527.0)
(37.0,527.0)
(37.0,527.0)
(447.0,527.0)
(479.0,527.0)
(38.0,527.0)
(44.0,527.0)
(771.0,527.0)
(417.0,527.0)
(37.0,527.0)
(38.0,527.0)
(38.0,527.0)
(38.0,527.0)
(33.0,527.0)
(37.0,527.0)
(527.0,38.0)
(527.0,38.0)
(527.0,38.0)
(527.0,38.0)
(527.0,38.0)
(527.0,38.0)
(527.0,38.0)
(527.0,38.0)
(527.0,38.0)
(527.0,38.0)
(527.0,38.0)
(527.0,38.0)
(527.0,38.0)
(527.0,38.0)
(527.0,38.0)
(527.0,38.0)
(527.0,38.0)
(527.0,38.0)
(527.0,38.0)
(527.0,38.0)
(527.0,38.0)
(527.0,38.0)
(527.0,38.0)
(527.0,38.0)
(527.0,38.0)
(527.0,38.0)
(527.0,38.0)
(527.0,38.0)
(527.0,38.0)
(527.0,38.0)
(527.0,38.0)
(527.0,38.0)
(527.0,38.0)
(527.0,38.0)
(527.0,38.0)
(527.0,38.0)
(44.0,38.0)
(44.0,38.0)
(38.0,38.0)
(40.0,38.0)
(525.0,38.0)
(37.0,38.0)
(368.0,38.0)
(37.0,38.0)
(37.0,38.0)
(530.0,38.0)
(39.0,38.0)
(38.0,38.0)
(38.0,38.0)
(38.0,38.0)
(482.0,38.0)
(525.0,38.0)
(45.0,38.0)
(45.0,38.0)
(38.0,38.0)
(483.0,38.0)
(37.0,38.0)
(738.0,38.0)
(530.0,38.0)
(37.0,38.0)
(38.0,38.0)
(38.0,38.0)
(44.0,38.0)
(43.0,38.0)
(527.0,38.0)
(522.0,38.0)
(37.0,38.0)
(38.0,38.0)
(37.0,38.0)
(38.0,38.0)
(15.0,38.0)
(530.0,38.0)
(37.0,38.0)
(37.0,38.0)
(771.0,38.0)
(45.0,38.0)
(43.0,38.0)
(44.0,38.0)
(530.0,38.0)
(37.0,38.0)
(37.0,38.0)
(38.0,38.0)
(38.0,38.0)
(37.0,38.0)
(38.0,38.0)
(530.0,38.0)
(459.0,38.0)
(33.0,38.0)
(38.0,38.0)
(37.0,38.0)
(479.0,38.0)
(359.0,38.0)
(37.0,38.0)
(38.0,38.0)
(389.0,38.0)
(38.0,38.0)
(38.0,38.0)
(38.0,38.0)
(530.0,38.0)
(37.0,38.0)
(38.0,38.0)
(37.0,38.0)
(38.0,38.0)
(37.0,38.0)
(386.0,38.0)
(525.0,38.0)
(40.0,38.0)
(771.0,38.0)
(44.0,38.0)
(525.0,38.0)
(37.0,38.0)
(38.0,38.0)
(38.0,38.0)
(46.0,38.0)
(38.0,38.0)
(479.0,38.0)
(37.0,38.0)
(43.0,38.0)
(484.0,38.0)
(777.0,38.0)
(38.0,38.0)
(38.0,38.0)
(42.0,38.0)
(530.0,38.0)
(356.0,38.0)
(417.0,38.0)
(38.0,38.0)
(43.0,38.0)
(522.0,38.0)
(479.0,38.0)
(42.0,38.0)
(479.0,38.0)
(459.0,38.0)
(38.0,38.0)
(38.0,38.0)
(43.0,38.0)
(37.0,38.0)
(38.0,38.0)
(412.0,38.0)
(38.0,38.0)
(459.0,38.0)
(464.0,38.0)
(525.0,38.0)
(38.0,38.0)
(37.0,38.0)
(37.0,38.0)
(38.0,38.0)
(522.0,38.0)
(39.0,38.0)
(37.0,38.0)
(38.0,38.0)
(2.0,38.0)
(527.0,38.0)
(37.0,38.0)
(38.0,38.0)
(412.0,38.0)
(479.0,38.0)
(37.0,38.0)
(43.0,38.0)
(43.0,38.0)
(38.0,38.0)
(38.0,38.0)
(412.0,38.0)
(38.0,38.0)
(528.0,38.0)
(43.0,38.0)
(38.0,38.0)
(37.0,38.0)
(771.0,38.0)
(530.0,38.0)
(43.0,38.0)
(448.0,38.0)
(44.0,38.0)
(38.0,38.0)
(395.0,38.0)
(38.0,38.0)
(38.0,38.0)
(39.0,38.0)
(38.0,38.0)
(452.0,38.0)
(395.0,38.0)
(38.0,38.0)
(38.0,38.0)
(464.0,38.0)
(38.0,38.0)
(459.0,38.0)
(786.0,38.0)
(412.0,38.0)
(44.0,38.0)
(530.0,38.0)
(38.0,38.0)
(37.0,38.0)
(412.0,38.0)
(530.0,38.0)
(771.0,38.0)
(38.0,38.0)
(43.0,38.0)
(771.0,38.0)
(419.0,38.0)
(44.0,38.0)
(530.0,38.0)
(43.0,38.0)
(417.0,38.0)
(37.0,38.0)
(530.0,38.0)
