(165.0,160.0)
(123.0,160.0)
(344.0,160.0)
(344.0,160.0)
(165.0,160.0)
(165.0,160.0)
(165.0,160.0)
(164.0,160.0)
(164.0,160.0)
(164.0,160.0)
(165.0,160.0)
(165.0,160.0)
(344.0,160.0)
(344.0,160.0)
(165.0,160.0)
(165.0,160.0)
(344.0,160.0)
(344.0,160.0)
(164.0,160.0)
(344.0,160.0)
(165.0,160.0)
(164.0,160.0)
(164.0,160.0)
(344.0,160.0)
(165.0,160.0)
(164.0,160.0)
(165.0,160.0)
(344.0,160.0)
(165.0,160.0)
(165.0,160.0)
(165.0,160.0)
(559.0,160.0)
(165.0,160.0)
(165.0,160.0)
(165.0,160.0)
(165.0,160.0)
(165.0,160.0)
(165.0,160.0)
(165.0,160.0)
(165.0,160.0)
(165.0,160.0)
(165.0,160.0)
(344.0,160.0)
(165.0,160.0)
(165.0,160.0)
(164.0,160.0)
(344.0,160.0)
(344.0,160.0)
(165.0,160.0)
(165.0,160.0)
(559.0,160.0)
(164.0,160.0)
(165.0,160.0)
(164.0,160.0)
(165.0,160.0)
(165.0,160.0)
(164.0,160.0)
(165.0,160.0)
(344.0,160.0)
(165.0,160.0)
(165.0,160.0)
(165.0,160.0)
(165.0,160.0)
(165.0,160.0)
(559.0,160.0)
(164.0,160.0)
(165.0,160.0)
(165.0,160.0)
(165.0,160.0)
(164.0,160.0)
(559.0,160.0)
(164.0,160.0)
(164.0,160.0)
(165.0,160.0)
(165.0,160.0)
(164.0,160.0)
(123.0,160.0)
(165.0,160.0)
(165.0,160.0)
(164.0,160.0)
(344.0,160.0)
(165.0,160.0)
(165.0,160.0)
(165.0,160.0)
(165.0,160.0)
(165.0,160.0)
(344.0,160.0)
(164.0,160.0)
(165.0,160.0)
(165.0,160.0)
(161.0,160.0)
(164.0,160.0)
(141.0,160.0)
(164.0,160.0)
(161.0,160.0)
(165.0,160.0)
(146.0,160.0)
(141.0,160.0)
(141.0,160.0)
(161.0,160.0)
(141.0,160.0)
(165.0,160.0)
(161.0,160.0)
(165.0,160.0)
(160.0,160.0)
(165.0,160.0)
(165.0,160.0)
(165.0,160.0)
(164.0,160.0)
(141.0,160.0)
(164.0,160.0)
(165.0,160.0)
(164.0,160.0)
(161.0,160.0)
(141.0,160.0)
(141.0,160.0)
(146.0,160.0)
(164.0,160.0)
(161.0,160.0)
(164.0,160.0)
(167.0,160.0)
(161.0,160.0)
(141.0,160.0)
(161.0,160.0)
(165.0,160.0)
(161.0,160.0)
(141.0,160.0)
(141.0,160.0)
(141.0,160.0)
(164.0,160.0)
(165.0,160.0)
(161.0,160.0)
(161.0,160.0)
(141.0,160.0)
(165.0,160.0)
(161.0,160.0)
(164.0,160.0)
(161.0,160.0)
(164.0,160.0)
(165.0,160.0)
(165.0,160.0)
(164.0,160.0)
(141.0,160.0)
(164.0,160.0)
(141.0,160.0)
(164.0,160.0)
(165.0,160.0)
(141.0,160.0)
(141.0,160.0)
(165.0,160.0)
(165.0,160.0)
(165.0,160.0)
(164.0,160.0)
(164.0,160.0)
(165.0,160.0)
(165.0,160.0)
(164.0,160.0)
(146.0,160.0)
(161.0,160.0)
(161.0,160.0)
(141.0,160.0)
(161.0,160.0)
(164.0,160.0)
(161.0,160.0)
(164.0,160.0)
(164.0,160.0)
(141.0,160.0)
(165.0,160.0)
(161.0,160.0)
(141.0,160.0)
(164.0,160.0)
(165.0,160.0)
(161.0,160.0)
(164.0,160.0)
(164.0,160.0)
(141.0,160.0)
(160.0,160.0)
(161.0,160.0)
(161.0,160.0)
(161.0,160.0)
(146.0,160.0)
(165.0,160.0)
(165.0,160.0)
(165.0,160.0)
(164.0,160.0)
(164.0,160.0)
(165.0,160.0)
(161.0,160.0)
(161.0,160.0)
(141.0,160.0)
(161.0,160.0)
(141.0,160.0)
(164.0,160.0)
(161.0,160.0)
(160.0,160.0)
(141.0,160.0)
(164.0,160.0)
(164.0,160.0)
(164.0,160.0)
(161.0,160.0)
(164.0,160.0)
(160.0,160.0)
(141.0,160.0)
(141.0,160.0)
(165.0,160.0)
(164.0,160.0)
(165.0,160.0)
(161.0,160.0)
(141.0,160.0)
(141.0,160.0)
(164.0,160.0)
(164.0,160.0)
(165.0,160.0)
(160.0,160.0)
(165.0,160.0)
(141.0,160.0)
(165.0,160.0)
(141.0,160.0)
(141.0,160.0)
(164.0,160.0)
(164.0,160.0)
(161.0,160.0)
(161.0,160.0)
(161.0,160.0)
(164.0,160.0)
(165.0,160.0)
(164.0,160.0)
(161.0,160.0)
(146.0,160.0)
(160.0,160.0)
(165.0,160.0)
(165.0,160.0)
(161.0,160.0)
(164.0,160.0)
(164.0,160.0)
(141.0,160.0)
(141.0,160.0)
(161.0,160.0)
(164.0,160.0)
(164.0,160.0)
(146.0,160.0)
(164.0,160.0)
(165.0,160.0)
(141.0,160.0)
(165.0,160.0)
(165.0,160.0)
(160.0,160.0)
(165.0,160.0)
(164.0,160.0)
(165.0,160.0)
(161.0,160.0)
(164.0,160.0)
(164.0,160.0)
(164.0,160.0)
(165.0,160.0)
(165.0,160.0)
(164.0,160.0)
(141.0,160.0)
(141.0,160.0)
(161.0,160.0)
(160.0,160.0)
(141.0,160.0)
(165.0,160.0)
(165.0,160.0)
(165.0,160.0)
(161.0,160.0)
(165.0,160.0)
(164.0,160.0)
(165.0,160.0)
(165.0,160.0)
(165.0,160.0)
(164.0,160.0)
(141.0,160.0)
(165.0,160.0)
(165.0,160.0)
(161.0,160.0)
(164.0,160.0)
(165.0,160.0)
(165.0,160.0)
(161.0,160.0)
(141.0,160.0)
(161.0,160.0)
(161.0,160.0)
(141.0,160.0)
(141.0,160.0)
(141.0,160.0)
(164.0,160.0)
(165.0,160.0)
(161.0,160.0)
(164.0,160.0)
(165.0,158.0)
(158.0,158.0)
(417.0,158.0)
(158.0,158.0)
(158.0,158.0)
(158.0,158.0)
(158.0,158.0)
(165.0,158.0)
(158.0,158.0)
(158.0,158.0)
(158.0,158.0)
(158.0,158.0)
(158.0,158.0)
(164.0,158.0)
(158.0,158.0)
(158.0,158.0)
(165.0,158.0)
(158.0,158.0)
(673.0,158.0)
(158.0,158.0)
(158.0,158.0)
(158.0,158.0)
(158.0,158.0)
(158.0,158.0)
(725.0,158.0)
(158.0,158.0)
(158.0,158.0)
(158.0,158.0)
(158.0,158.0)
(589.0,158.0)
(158.0,158.0)
(165.0,158.0)
(158.0,158.0)
(158.0,158.0)
(158.0,158.0)
(589.0,158.0)
(158.0,158.0)
(158.0,158.0)
(158.0,158.0)
(158.0,158.0)
(158.0,158.0)
(165.0,158.0)
(158.0,158.0)
(158.0,158.0)
(158.0,158.0)
(158.0,158.0)
(158.0,158.0)
(435.0,158.0)
(158.0,158.0)
(417.0,158.0)
(158.0,158.0)
(158.0,158.0)
(43.0,158.0)
(158.0,158.0)
(158.0,158.0)
(158.0,158.0)
(158.0,158.0)
(158.0,158.0)
(158.0,158.0)
(158.0,158.0)
(158.0,158.0)
(158.0,158.0)
(158.0,158.0)
(158.0,158.0)
(158.0,158.0)
(158.0,158.0)
(158.0,158.0)
(417.0,158.0)
(158.0,158.0)
(158.0,158.0)
(158.0,158.0)
(158.0,158.0)
(158.0,158.0)
(158.0,158.0)
(158.0,158.0)
(158.0,158.0)
(158.0,158.0)
(435.0,158.0)
(158.0,158.0)
(158.0,158.0)
(158.0,158.0)
(725.0,158.0)
(387.0,158.0)
(158.0,158.0)
(158.0,158.0)
(158.0,158.0)
(158.0,158.0)
(417.0,158.0)
(158.0,158.0)
(158.0,158.0)
(158.0,158.0)
(417.0,158.0)
(158.0,158.0)
(158.0,158.0)
(158.0,158.0)
(165.0,158.0)
(435.0,158.0)
(158.0,158.0)
(417.0,158.0)
(673.0,158.0)
(158.0,158.0)
(158.0,158.0)
(589.0,158.0)
(158.0,158.0)
(158.0,158.0)
(165.0,158.0)
(387.0,158.0)
(158.0,158.0)
(344.0,158.0)
(158.0,158.0)
(158.0,158.0)
(174.0,158.0)
(158.0,158.0)
(417.0,158.0)
(417.0,158.0)
(158.0,158.0)
(158.0,158.0)
(165.0,158.0)
(158.0,158.0)
(158.0,158.0)
(158.0,158.0)
(158.0,158.0)
(165.0,158.0)
(158.0,158.0)
(158.0,158.0)
(589.0,158.0)
(589.0,158.0)
(158.0,158.0)
(158.0,158.0)
(158.0,158.0)
(158.0,158.0)
(673.0,158.0)
(158.0,158.0)
(417.0,158.0)
(158.0,158.0)
(158.0,158.0)
(164.0,158.0)
(158.0,158.0)
(158.0,158.0)
(725.0,158.0)
(158.0,158.0)
(158.0,158.0)
(158.0,158.0)
(158.0,158.0)
(165.0,158.0)
(158.0,158.0)
(158.0,158.0)
(417.0,158.0)
(158.0,158.0)
(165.0,158.0)
(417.0,158.0)
(158.0,158.0)
(158.0,158.0)
(158.0,158.0)
(158.0,158.0)
(158.0,158.0)
(673.0,158.0)
(417.0,158.0)
(158.0,158.0)
(158.0,158.0)
(158.0,158.0)
(158.0,158.0)
(158.0,158.0)
(165.0,158.0)
(164.0,158.0)
(165.0,158.0)
(43.0,158.0)
(158.0,158.0)
(417.0,158.0)
(165.0,158.0)
(158.0,158.0)
(165.0,158.0)
(158.0,158.0)
(158.0,158.0)
(158.0,158.0)
(158.0,158.0)
(158.0,158.0)
(158.0,158.0)
(165.0,158.0)
(158.0,158.0)
(158.0,158.0)
(158.0,158.0)
(158.0,158.0)
(158.0,158.0)
(158.0,158.0)
(164.0,158.0)
(158.0,158.0)
(158.0,158.0)
(158.0,158.0)
(417.0,158.0)
(158.0,158.0)
(158.0,158.0)
(164.0,158.0)
(554.0,158.0)
(158.0,158.0)
(165.0,158.0)
(158.0,158.0)
(43.0,158.0)
(165.0,158.0)
(417.0,158.0)
(159.0,159.0)
(159.0,159.0)
(159.0,159.0)
(159.0,159.0)
(159.0,159.0)
(159.0,159.0)
(164.0,159.0)
(159.0,159.0)
(159.0,159.0)
(159.0,159.0)
(159.0,159.0)
(159.0,159.0)
(159.0,159.0)
(159.0,159.0)
(159.0,159.0)
(159.0,159.0)
(159.0,159.0)
(159.0,159.0)
(159.0,159.0)
(159.0,159.0)
(159.0,159.0)
(159.0,159.0)
(159.0,159.0)
(159.0,159.0)
(159.0,159.0)
(159.0,159.0)
(159.0,159.0)
(159.0,159.0)
(159.0,159.0)
(159.0,159.0)
(159.0,159.0)
(159.0,159.0)
(159.0,159.0)
(159.0,159.0)
(159.0,159.0)
(159.0,159.0)
(159.0,159.0)
(159.0,159.0)
(159.0,159.0)
(159.0,159.0)
(159.0,159.0)
(159.0,159.0)
(159.0,159.0)
(159.0,159.0)
(159.0,159.0)
(159.0,159.0)
(159.0,159.0)
(159.0,159.0)
(159.0,159.0)
(159.0,159.0)
(159.0,159.0)
(159.0,159.0)
(159.0,159.0)
(159.0,159.0)
(159.0,159.0)
(159.0,159.0)
(159.0,159.0)
(159.0,159.0)
(159.0,159.0)
(159.0,159.0)
(159.0,159.0)
(164.0,159.0)
(159.0,159.0)
(159.0,159.0)
(159.0,159.0)
(159.0,159.0)
(164.0,159.0)
(159.0,159.0)
(159.0,159.0)
(159.0,159.0)
(159.0,159.0)
(159.0,159.0)
(159.0,159.0)
(159.0,159.0)
(159.0,159.0)
(159.0,159.0)
(159.0,159.0)
(159.0,159.0)
(159.0,159.0)
(159.0,159.0)
(159.0,159.0)
(159.0,159.0)
(159.0,159.0)
(159.0,159.0)
(159.0,159.0)
(159.0,159.0)
(159.0,159.0)
(159.0,159.0)
(159.0,159.0)
(159.0,159.0)
(159.0,159.0)
(159.0,159.0)
(159.0,159.0)
(159.0,159.0)
(159.0,159.0)
(159.0,159.0)
(159.0,159.0)
(159.0,159.0)
(159.0,159.0)
(159.0,159.0)
(159.0,159.0)
(159.0,159.0)
(159.0,159.0)
(159.0,159.0)
(159.0,159.0)
(159.0,159.0)
(159.0,159.0)
(159.0,159.0)
(159.0,159.0)
(159.0,159.0)
(159.0,159.0)
(159.0,159.0)
(159.0,159.0)
(159.0,159.0)
(159.0,159.0)
(159.0,159.0)
(159.0,159.0)
(159.0,159.0)
(159.0,159.0)
(159.0,159.0)
(159.0,159.0)
(159.0,159.0)
(159.0,159.0)
(159.0,159.0)
(159.0,159.0)
(159.0,159.0)
(159.0,159.0)
(159.0,159.0)
(159.0,159.0)
(159.0,159.0)
(159.0,159.0)
(159.0,159.0)
(159.0,159.0)
(159.0,159.0)
(159.0,159.0)
(159.0,159.0)
(159.0,159.0)
(159.0,159.0)
(159.0,159.0)
(159.0,159.0)
(159.0,159.0)
(159.0,159.0)
(159.0,159.0)
(159.0,159.0)
(159.0,159.0)
(159.0,159.0)
(159.0,159.0)
(159.0,159.0)
(159.0,159.0)
(159.0,159.0)
(159.0,159.0)
(159.0,159.0)
(159.0,159.0)
(159.0,159.0)
(159.0,159.0)
(159.0,159.0)
(159.0,159.0)
(159.0,159.0)
(159.0,159.0)
(161.0,161.0)
(161.0,161.0)
(161.0,161.0)
(161.0,161.0)
(417.0,161.0)
(161.0,161.0)
(417.0,161.0)
(161.0,161.0)
(161.0,161.0)
(161.0,161.0)
(161.0,161.0)
(161.0,161.0)
(161.0,161.0)
(161.0,161.0)
(161.0,161.0)
(417.0,161.0)
(161.0,161.0)
(161.0,161.0)
(417.0,161.0)
(417.0,161.0)
(161.0,161.0)
(161.0,161.0)
(417.0,161.0)
(161.0,161.0)
(161.0,161.0)
(161.0,161.0)
(161.0,161.0)
(161.0,161.0)
(161.0,161.0)
(161.0,161.0)
(161.0,161.0)
(161.0,161.0)
(161.0,161.0)
(161.0,161.0)
(161.0,161.0)
(161.0,161.0)
(161.0,161.0)
(417.0,161.0)
(417.0,161.0)
(161.0,161.0)
(161.0,161.0)
(161.0,161.0)
(417.0,161.0)
(417.0,161.0)
(161.0,161.0)
(417.0,161.0)
(417.0,161.0)
(161.0,161.0)
(417.0,161.0)
(161.0,161.0)
(417.0,161.0)
(161.0,161.0)
(161.0,161.0)
(161.0,161.0)
(161.0,161.0)
(161.0,161.0)
(417.0,161.0)
(161.0,161.0)
(161.0,161.0)
(161.0,161.0)
(417.0,161.0)
(161.0,161.0)
(161.0,161.0)
(161.0,161.0)
(161.0,161.0)
(161.0,161.0)
(161.0,161.0)
(417.0,161.0)
(161.0,161.0)
(417.0,161.0)
(417.0,161.0)
(161.0,161.0)
(161.0,161.0)
(161.0,161.0)
(161.0,161.0)
(417.0,161.0)
(161.0,161.0)
(161.0,161.0)
(161.0,161.0)
(417.0,161.0)
(161.0,161.0)
(161.0,161.0)
(161.0,161.0)
(161.0,161.0)
(417.0,161.0)
(161.0,161.0)
(161.0,161.0)
(161.0,161.0)
(417.0,161.0)
(161.0,161.0)
(161.0,161.0)
(417.0,161.0)
(161.0,161.0)
(161.0,161.0)
(161.0,161.0)
(161.0,161.0)
(161.0,161.0)
(417.0,161.0)
(161.0,161.0)
(161.0,161.0)
(161.0,161.0)
(161.0,161.0)
(161.0,161.0)
(161.0,161.0)
(161.0,161.0)
(161.0,161.0)
(161.0,161.0)
(417.0,161.0)
(161.0,161.0)
(161.0,161.0)
(161.0,161.0)
(161.0,161.0)
(161.0,161.0)
(161.0,161.0)
(417.0,161.0)
(161.0,161.0)
(161.0,161.0)
(161.0,161.0)
(417.0,161.0)
(161.0,161.0)
(161.0,161.0)
(161.0,161.0)
(417.0,161.0)
(161.0,161.0)
(161.0,161.0)
(161.0,161.0)
(771.0,161.0)
(161.0,161.0)
(161.0,161.0)
(161.0,161.0)
(771.0,161.0)
(771.0,161.0)
(161.0,161.0)
(161.0,161.0)
(161.0,161.0)
(771.0,161.0)
(771.0,161.0)
(161.0,161.0)
(161.0,161.0)
(161.0,161.0)
(161.0,161.0)
(161.0,161.0)
(161.0,161.0)
(161.0,161.0)
(161.0,161.0)
(161.0,161.0)
(161.0,161.0)
(161.0,161.0)
(161.0,161.0)
(161.0,161.0)
(161.0,161.0)
(161.0,161.0)
(161.0,161.0)
(161.0,161.0)
(771.0,161.0)
(161.0,161.0)
(161.0,161.0)
(161.0,161.0)
(771.0,161.0)
(771.0,161.0)
(161.0,161.0)
(161.0,161.0)
(161.0,161.0)
(161.0,161.0)
(771.0,161.0)
(161.0,161.0)
(771.0,161.0)
(161.0,161.0)
(771.0,161.0)
(161.0,161.0)
(161.0,161.0)
(161.0,161.0)
(161.0,161.0)
(161.0,161.0)
(161.0,161.0)
(161.0,161.0)
(161.0,161.0)
(161.0,161.0)
(161.0,161.0)
(771.0,161.0)
(161.0,161.0)
(161.0,161.0)
(161.0,161.0)
(161.0,161.0)
(161.0,161.0)
(161.0,161.0)
(161.0,161.0)
(161.0,161.0)
(771.0,161.0)
(161.0,161.0)
(771.0,161.0)
(161.0,161.0)
(161.0,161.0)
(161.0,161.0)
(771.0,161.0)
(161.0,161.0)
(161.0,161.0)
(161.0,161.0)
(161.0,161.0)
(161.0,161.0)
(161.0,161.0)
(161.0,161.0)
(161.0,161.0)
(161.0,161.0)
(771.0,161.0)
(161.0,161.0)
(771.0,161.0)
(161.0,161.0)
(161.0,161.0)
(161.0,161.0)
(161.0,161.0)
(161.0,161.0)
(161.0,161.0)
(161.0,161.0)
(161.0,161.0)
(771.0,161.0)
(161.0,161.0)
(161.0,161.0)
(161.0,161.0)
(161.0,161.0)
(161.0,161.0)
(161.0,161.0)
(161.0,161.0)
(771.0,161.0)
(161.0,161.0)
(161.0,161.0)
(161.0,161.0)
(161.0,161.0)
(161.0,161.0)
(161.0,161.0)
(161.0,161.0)
(161.0,161.0)
(771.0,161.0)
(771.0,161.0)
(161.0,161.0)
(161.0,161.0)
(161.0,161.0)
(161.0,161.0)
(161.0,161.0)
(161.0,161.0)
(161.0,161.0)
(771.0,161.0)
(161.0,161.0)
(161.0,161.0)
(771.0,161.0)
(161.0,161.0)
(771.0,161.0)
(771.0,161.0)
(161.0,161.0)
(161.0,161.0)
(161.0,161.0)
(161.0,161.0)
(161.0,161.0)
(161.0,161.0)
(161.0,161.0)
(161.0,161.0)
(161.0,161.0)
(161.0,161.0)
(161.0,161.0)
(771.0,161.0)
(161.0,161.0)
(161.0,161.0)
(161.0,161.0)
(161.0,161.0)
(161.0,161.0)
(771.0,161.0)
(161.0,161.0)
(161.0,161.0)
(161.0,161.0)
(161.0,161.0)
(161.0,161.0)
(161.0,161.0)
(161.0,161.0)
(161.0,161.0)
(161.0,161.0)
(161.0,161.0)
(161.0,161.0)
(161.0,161.0)
(161.0,161.0)
(161.0,161.0)
(161.0,161.0)
(161.0,161.0)
(161.0,161.0)
(161.0,161.0)
(161.0,161.0)
(771.0,161.0)
(161.0,161.0)
(771.0,161.0)
(161.0,161.0)
(161.0,161.0)
(161.0,161.0)
(161.0,161.0)
(161.0,161.0)
(161.0,161.0)
(771.0,161.0)
(161.0,161.0)
(771.0,161.0)
(161.0,161.0)
(161.0,161.0)
(161.0,161.0)
(161.0,161.0)
(161.0,161.0)
(161.0,161.0)
(161.0,161.0)
(161.0,161.0)
(161.0,161.0)
(161.0,161.0)
(161.0,161.0)
(161.0,161.0)
(161.0,161.0)
(161.0,161.0)
(161.0,161.0)
(161.0,161.0)
(161.0,161.0)
(161.0,161.0)
(161.0,161.0)
(161.0,161.0)
(161.0,161.0)
(161.0,161.0)
(161.0,161.0)
(161.0,161.0)
(161.0,161.0)
(161.0,161.0)
(161.0,161.0)
(161.0,161.0)
(161.0,161.0)
(161.0,161.0)
(161.0,161.0)
(161.0,161.0)
(161.0,161.0)
(161.0,161.0)
(161.0,161.0)
(161.0,161.0)
(161.0,161.0)
(161.0,161.0)
(161.0,161.0)
(161.0,161.0)
(161.0,161.0)
(161.0,161.0)
(161.0,161.0)
(161.0,161.0)
(161.0,161.0)
(161.0,161.0)
(161.0,161.0)
(161.0,161.0)
(161.0,161.0)
(161.0,161.0)
(161.0,161.0)
(161.0,161.0)
(161.0,161.0)
(161.0,161.0)
(161.0,161.0)
(161.0,161.0)
(161.0,161.0)
(161.0,161.0)
(161.0,161.0)
(161.0,161.0)
(161.0,161.0)
(161.0,161.0)
(161.0,161.0)
(161.0,161.0)
(161.0,161.0)
(161.0,161.0)
(161.0,161.0)
(161.0,161.0)
(161.0,161.0)
(161.0,161.0)
(161.0,161.0)
(161.0,161.0)
(161.0,161.0)
(161.0,161.0)
(161.0,161.0)
(161.0,161.0)
(161.0,161.0)
(161.0,161.0)
(161.0,161.0)
(161.0,161.0)
(161.0,161.0)
(161.0,161.0)
(161.0,161.0)
(161.0,161.0)
(161.0,161.0)
(161.0,161.0)
(161.0,161.0)
(161.0,161.0)
(161.0,161.0)
(161.0,161.0)
(161.0,161.0)
(161.0,161.0)
(161.0,161.0)
(161.0,161.0)
(161.0,161.0)
(161.0,161.0)
(161.0,161.0)
(161.0,161.0)
(161.0,161.0)
(161.0,161.0)
(161.0,161.0)
(161.0,161.0)
(161.0,161.0)
(161.0,161.0)
(161.0,161.0)
(161.0,161.0)
(161.0,161.0)
(161.0,161.0)
(161.0,161.0)
(161.0,161.0)
(161.0,161.0)
(161.0,161.0)
(161.0,161.0)
(161.0,161.0)
(161.0,161.0)
(161.0,161.0)
(161.0,161.0)
(161.0,161.0)
(161.0,161.0)
(161.0,161.0)
(161.0,161.0)
(161.0,161.0)
(161.0,161.0)
(161.0,161.0)
(161.0,161.0)
(161.0,161.0)
(161.0,161.0)
(161.0,161.0)
(161.0,161.0)
(161.0,161.0)
(161.0,161.0)
(161.0,161.0)
(161.0,161.0)
(161.0,161.0)
(161.0,161.0)
(161.0,161.0)
(161.0,161.0)
(161.0,161.0)
(161.0,161.0)
(161.0,161.0)
(161.0,161.0)
(161.0,161.0)
(161.0,161.0)
(161.0,161.0)
(161.0,161.0)
(161.0,161.0)
(161.0,161.0)
(161.0,161.0)
(161.0,161.0)
(161.0,161.0)
(161.0,161.0)
(161.0,161.0)
(161.0,161.0)
(161.0,161.0)
(161.0,161.0)
(161.0,161.0)
(161.0,161.0)
(161.0,161.0)
(161.0,161.0)
(161.0,161.0)
(161.0,161.0)
(161.0,161.0)
(161.0,161.0)
(161.0,161.0)
(161.0,161.0)
(161.0,161.0)
(161.0,161.0)
(161.0,161.0)
(161.0,161.0)
(161.0,161.0)
(161.0,161.0)
(161.0,161.0)
(161.0,161.0)
(161.0,161.0)
(161.0,161.0)
(161.0,161.0)
(161.0,161.0)
(161.0,161.0)
(161.0,161.0)
(161.0,161.0)
(161.0,161.0)
(161.0,161.0)
(161.0,161.0)
(161.0,161.0)
(161.0,161.0)
(161.0,161.0)
(161.0,161.0)
(161.0,161.0)
(161.0,161.0)
(161.0,161.0)
(161.0,161.0)
(161.0,161.0)
(161.0,161.0)
(161.0,161.0)
(161.0,161.0)
(161.0,161.0)
(161.0,161.0)
(161.0,161.0)
(161.0,161.0)
(161.0,161.0)
(161.0,161.0)
(161.0,161.0)
(161.0,161.0)
(161.0,161.0)
(161.0,161.0)
(161.0,161.0)
(161.0,161.0)
(161.0,161.0)
(161.0,161.0)
(161.0,161.0)
(161.0,161.0)
(161.0,161.0)
(161.0,161.0)
(161.0,161.0)
(161.0,161.0)
(161.0,161.0)
(161.0,161.0)
(161.0,161.0)
(161.0,161.0)
(161.0,161.0)
(161.0,161.0)
(161.0,161.0)
(161.0,161.0)
(161.0,161.0)
(161.0,161.0)
(161.0,161.0)
(161.0,161.0)
(161.0,161.0)
(161.0,161.0)
(161.0,161.0)
(161.0,161.0)
(161.0,161.0)
(161.0,161.0)
(161.0,161.0)
(161.0,161.0)
(161.0,161.0)
(161.0,161.0)
(161.0,161.0)
(161.0,161.0)
(161.0,161.0)
(161.0,161.0)
(161.0,161.0)
(161.0,161.0)
(161.0,161.0)
(161.0,161.0)
(161.0,161.0)
(161.0,161.0)
(161.0,161.0)
(161.0,161.0)
(161.0,161.0)
(161.0,161.0)
(161.0,161.0)
(161.0,161.0)
(161.0,161.0)
(161.0,161.0)
(161.0,161.0)
(161.0,161.0)
(161.0,161.0)
(161.0,161.0)
(161.0,161.0)
(161.0,161.0)
(161.0,161.0)
(161.0,161.0)
(161.0,161.0)
(161.0,161.0)
(161.0,161.0)
(161.0,161.0)
(161.0,161.0)
(161.0,161.0)
(161.0,161.0)
(161.0,161.0)
(161.0,161.0)
(161.0,161.0)
(161.0,161.0)
(161.0,161.0)
(161.0,161.0)
(161.0,161.0)
(161.0,161.0)
(161.0,161.0)
(161.0,161.0)
(161.0,161.0)
(161.0,161.0)
(161.0,161.0)
(161.0,161.0)
(161.0,161.0)
(161.0,161.0)
(161.0,161.0)
(161.0,161.0)
(161.0,161.0)
(161.0,161.0)
(161.0,161.0)
(161.0,161.0)
(161.0,161.0)
(161.0,161.0)
(161.0,161.0)
(161.0,161.0)
(161.0,161.0)
(161.0,161.0)
(161.0,161.0)
(161.0,161.0)
(161.0,161.0)
(161.0,161.0)
(161.0,161.0)
(161.0,161.0)
(161.0,161.0)
(161.0,161.0)
(161.0,161.0)
(161.0,161.0)
(161.0,161.0)
(161.0,161.0)
(161.0,161.0)
(161.0,161.0)
(161.0,161.0)
(161.0,161.0)
(161.0,161.0)
(161.0,161.0)
(161.0,161.0)
(161.0,161.0)
(161.0,161.0)
(161.0,161.0)
(161.0,161.0)
(161.0,161.0)
(161.0,161.0)
(161.0,161.0)
(161.0,161.0)
(161.0,161.0)
(161.0,161.0)
(161.0,161.0)
(161.0,161.0)
(161.0,161.0)
(287.0,161.0)
(161.0,161.0)
(161.0,161.0)
(161.0,161.0)
(161.0,161.0)
(161.0,161.0)
(161.0,161.0)
(161.0,161.0)
(161.0,161.0)
(161.0,161.0)
(161.0,161.0)
(161.0,161.0)
(161.0,161.0)
(161.0,161.0)
(161.0,161.0)
(161.0,161.0)
(161.0,161.0)
(161.0,161.0)
(161.0,161.0)
(161.0,161.0)
(161.0,161.0)
(161.0,161.0)
(161.0,161.0)
(161.0,161.0)
(161.0,161.0)
(161.0,161.0)
(161.0,161.0)
(161.0,161.0)
(161.0,161.0)
(161.0,161.0)
(161.0,161.0)
(161.0,161.0)
(161.0,161.0)
(161.0,161.0)
(78.0,161.0)
(161.0,161.0)
(161.0,161.0)
(157.0,161.0)
(161.0,161.0)
(78.0,161.0)
(160.0,161.0)
(161.0,161.0)
(161.0,161.0)
(161.0,161.0)
(78.0,161.0)
(78.0,161.0)
(161.0,161.0)
(161.0,161.0)
(161.0,161.0)
(161.0,161.0)
(78.0,161.0)
(161.0,161.0)
(161.0,161.0)
(78.0,161.0)
(161.0,161.0)
(161.0,161.0)
(145.0,161.0)
(78.0,161.0)
(161.0,161.0)
(161.0,161.0)
(161.0,161.0)
(161.0,161.0)
(161.0,161.0)
(78.0,161.0)
(161.0,161.0)
(78.0,161.0)
(161.0,161.0)
(161.0,161.0)
(161.0,161.0)
(160.0,161.0)
(78.0,161.0)
(340.0,161.0)
(78.0,161.0)
(161.0,161.0)
(161.0,161.0)
(78.0,161.0)
(161.0,161.0)
(160.0,161.0)
(78.0,161.0)
(161.0,161.0)
(78.0,161.0)
(161.0,161.0)
(145.0,161.0)
(161.0,161.0)
(161.0,161.0)
(340.0,161.0)
(161.0,161.0)
(145.0,161.0)
(161.0,161.0)
(161.0,161.0)
(161.0,161.0)
(161.0,161.0)
(161.0,161.0)
(160.0,161.0)
(161.0,161.0)
(161.0,161.0)
(78.0,161.0)
(340.0,161.0)
(161.0,161.0)
(78.0,161.0)
(161.0,161.0)
(161.0,161.0)
(145.0,161.0)
(78.0,161.0)
(78.0,161.0)
(157.0,161.0)
(160.0,161.0)
(161.0,161.0)
(160.0,161.0)
(161.0,161.0)
(161.0,161.0)
(340.0,161.0)
(78.0,161.0)
(78.0,161.0)
(161.0,161.0)
(161.0,161.0)
(161.0,161.0)
(161.0,161.0)
(78.0,161.0)
(78.0,161.0)
(161.0,161.0)
(161.0,161.0)
(340.0,161.0)
(161.0,161.0)
(78.0,161.0)
(161.0,161.0)
(160.0,161.0)
(340.0,161.0)
(161.0,161.0)
(161.0,161.0)
(161.0,161.0)
(161.0,161.0)
(161.0,161.0)
(161.0,161.0)
(161.0,161.0)
(160.0,161.0)
(161.0,161.0)
(161.0,161.0)
(161.0,161.0)
(161.0,161.0)
(340.0,161.0)
(340.0,161.0)
(161.0,161.0)
(160.0,161.0)
(161.0,161.0)
(161.0,161.0)
(161.0,161.0)
(161.0,161.0)
(161.0,161.0)
(161.0,161.0)
(161.0,161.0)
(161.0,161.0)
(160.0,161.0)
(78.0,161.0)
(340.0,161.0)
(161.0,161.0)
(145.0,161.0)
(161.0,161.0)
(161.0,161.0)
(161.0,161.0)
(161.0,161.0)
(161.0,161.0)
(78.0,161.0)
(161.0,161.0)
(161.0,161.0)
(160.0,161.0)
(161.0,161.0)
(78.0,161.0)
(161.0,161.0)
(160.0,161.0)
(78.0,161.0)
(161.0,161.0)
(161.0,161.0)
(145.0,161.0)
(161.0,161.0)
(157.0,161.0)
(161.0,161.0)
(78.0,161.0)
(161.0,161.0)
(161.0,161.0)
(78.0,161.0)
(161.0,161.0)
(161.0,161.0)
(161.0,161.0)
(161.0,161.0)
(78.0,161.0)
(161.0,161.0)
(340.0,161.0)
(161.0,161.0)
(161.0,161.0)
(145.0,161.0)
(161.0,161.0)
(78.0,161.0)
(145.0,161.0)
(161.0,161.0)
(161.0,161.0)
(161.0,161.0)
(78.0,161.0)
(161.0,161.0)
(161.0,161.0)
(161.0,161.0)
(340.0,161.0)
(161.0,161.0)
(161.0,161.0)
(161.0,161.0)
(161.0,161.0)
(161.0,161.0)
(161.0,161.0)
(161.0,161.0)
(161.0,161.0)
(340.0,161.0)
(161.0,161.0)
(145.0,161.0)
(161.0,161.0)
(78.0,161.0)
(161.0,161.0)
(78.0,161.0)
(161.0,161.0)
(145.0,161.0)
(161.0,161.0)
(161.0,161.0)
(161.0,161.0)
(161.0,161.0)
(78.0,161.0)
(161.0,161.0)
(78.0,161.0)
(78.0,161.0)
(161.0,161.0)
(78.0,161.0)
(161.0,161.0)
(161.0,161.0)
(161.0,161.0)
(161.0,161.0)
(161.0,161.0)
(161.0,161.0)
(161.0,161.0)
(161.0,161.0)
(161.0,161.0)
(161.0,161.0)
(161.0,161.0)
(161.0,161.0)
(161.0,161.0)
(161.0,161.0)
(161.0,161.0)
(161.0,161.0)
(161.0,161.0)
(161.0,161.0)
(161.0,161.0)
(161.0,161.0)
(161.0,161.0)
(161.0,161.0)
(161.0,161.0)
(161.0,161.0)
(161.0,161.0)
(161.0,161.0)
(161.0,161.0)
(161.0,161.0)
(161.0,161.0)
(161.0,161.0)
(161.0,161.0)
(161.0,161.0)
(161.0,161.0)
(161.0,161.0)
(161.0,161.0)
(161.0,161.0)
(161.0,161.0)
(161.0,161.0)
(161.0,161.0)
(161.0,161.0)
(161.0,161.0)
(161.0,161.0)
(161.0,161.0)
(161.0,161.0)
(161.0,161.0)
(161.0,161.0)
(161.0,161.0)
(161.0,161.0)
(161.0,161.0)
(161.0,161.0)
(161.0,161.0)
(161.0,161.0)
(161.0,161.0)
(161.0,161.0)
(161.0,161.0)
(161.0,161.0)
(161.0,161.0)
(161.0,161.0)
(161.0,161.0)
(161.0,161.0)
(161.0,161.0)
(161.0,161.0)
(161.0,161.0)
(161.0,161.0)
(161.0,161.0)
(161.0,161.0)
(161.0,161.0)
(161.0,161.0)
(161.0,161.0)
(161.0,161.0)
(161.0,161.0)
(161.0,161.0)
(161.0,161.0)
(161.0,161.0)
(161.0,161.0)
(161.0,161.0)
(161.0,161.0)
(161.0,161.0)
(161.0,161.0)
(161.0,161.0)
(161.0,161.0)
(161.0,161.0)
(161.0,161.0)
(161.0,161.0)
(161.0,161.0)
(161.0,161.0)
(161.0,161.0)
(161.0,161.0)
(161.0,161.0)
(161.0,161.0)
(161.0,161.0)
(161.0,161.0)
(161.0,161.0)
(161.0,161.0)
(161.0,161.0)
(161.0,161.0)
(161.0,161.0)
(161.0,161.0)
(161.0,161.0)
(161.0,161.0)
(161.0,161.0)
(161.0,161.0)
(161.0,161.0)
(161.0,161.0)
(161.0,161.0)
(161.0,161.0)
(161.0,161.0)
(161.0,161.0)
(161.0,161.0)
(161.0,161.0)
(161.0,161.0)
(161.0,161.0)
(161.0,161.0)
(161.0,161.0)
(161.0,161.0)
(161.0,161.0)
(161.0,161.0)
(161.0,161.0)
(161.0,161.0)
(161.0,161.0)
(161.0,161.0)
(161.0,161.0)
(161.0,161.0)
(161.0,161.0)
(161.0,161.0)
(161.0,161.0)
(161.0,161.0)
(161.0,161.0)
(161.0,161.0)
(161.0,161.0)
(161.0,161.0)
(161.0,161.0)
(161.0,161.0)
(161.0,161.0)
(161.0,161.0)
(161.0,161.0)
(161.0,161.0)
(161.0,161.0)
(161.0,161.0)
(161.0,161.0)
(161.0,161.0)
(161.0,161.0)
(161.0,161.0)
(161.0,161.0)
(161.0,161.0)
(161.0,161.0)
(161.0,161.0)
(161.0,161.0)
(161.0,161.0)
(161.0,161.0)
(161.0,161.0)
(161.0,161.0)
(161.0,161.0)
(161.0,161.0)
(161.0,161.0)
(161.0,161.0)
(161.0,161.0)
(161.0,161.0)
(161.0,161.0)
(161.0,161.0)
(161.0,161.0)
(161.0,161.0)
(161.0,161.0)
(161.0,161.0)
(161.0,161.0)
(161.0,161.0)
(161.0,161.0)
(161.0,161.0)
(161.0,161.0)
(161.0,161.0)
(161.0,161.0)
(161.0,161.0)
(161.0,161.0)
(161.0,161.0)
(161.0,161.0)
(161.0,161.0)
(161.0,161.0)
(161.0,161.0)
(161.0,161.0)
(161.0,161.0)
(161.0,161.0)
(161.0,161.0)
(161.0,161.0)
(161.0,161.0)
(161.0,161.0)
(161.0,161.0)
(161.0,161.0)
(161.0,161.0)
(161.0,161.0)
(161.0,161.0)
(161.0,161.0)
(161.0,161.0)
(161.0,161.0)
(161.0,161.0)
(161.0,161.0)
(161.0,161.0)
(161.0,161.0)
(161.0,161.0)
(161.0,161.0)
(161.0,161.0)
(161.0,161.0)
(161.0,161.0)
(161.0,161.0)
(161.0,161.0)
(161.0,161.0)
(161.0,161.0)
(161.0,161.0)
(161.0,161.0)
(161.0,161.0)
(161.0,161.0)
(161.0,161.0)
(161.0,161.0)
(161.0,161.0)
(161.0,161.0)
(161.0,161.0)
(161.0,161.0)
(161.0,161.0)
(161.0,161.0)
(161.0,161.0)
(161.0,161.0)
(161.0,161.0)
(161.0,161.0)
(161.0,161.0)
(161.0,161.0)
(161.0,161.0)
(161.0,161.0)
(161.0,161.0)
(161.0,161.0)
(161.0,161.0)
(161.0,161.0)
(161.0,161.0)
(161.0,161.0)
(161.0,161.0)
(161.0,161.0)
(161.0,161.0)
(161.0,161.0)
(161.0,161.0)
(161.0,161.0)
(161.0,161.0)
(161.0,161.0)
(161.0,161.0)
(161.0,161.0)
(161.0,161.0)
(161.0,161.0)
(161.0,161.0)
(161.0,161.0)
(161.0,161.0)
(161.0,161.0)
(161.0,161.0)
(161.0,161.0)
(161.0,161.0)
(161.0,161.0)
(161.0,161.0)
(161.0,161.0)
(161.0,161.0)
(161.0,161.0)
(161.0,161.0)
(161.0,161.0)
(161.0,161.0)
(161.0,161.0)
(161.0,161.0)
(161.0,161.0)
(161.0,161.0)
(161.0,161.0)
(161.0,161.0)
(161.0,161.0)
(161.0,161.0)
(161.0,161.0)
(161.0,161.0)
(161.0,161.0)
(161.0,161.0)
(161.0,161.0)
(161.0,161.0)
(161.0,161.0)
(161.0,161.0)
(161.0,161.0)
(161.0,161.0)
(161.0,161.0)
(161.0,161.0)
(161.0,161.0)
(161.0,161.0)
(161.0,161.0)
(161.0,161.0)
(161.0,161.0)
(161.0,161.0)
(161.0,161.0)
(161.0,161.0)
(161.0,161.0)
(161.0,161.0)
(161.0,161.0)
(161.0,161.0)
(161.0,161.0)
(161.0,161.0)
(161.0,161.0)
(161.0,161.0)
(161.0,161.0)
(161.0,161.0)
(161.0,161.0)
(161.0,161.0)
(161.0,161.0)
(161.0,161.0)
(161.0,161.0)
(161.0,161.0)
(161.0,161.0)
(161.0,161.0)
(161.0,161.0)
(161.0,161.0)
(161.0,161.0)
(161.0,161.0)
(161.0,161.0)
(161.0,161.0)
(161.0,161.0)
(161.0,161.0)
(161.0,161.0)
(161.0,161.0)
(161.0,161.0)
(161.0,161.0)
(161.0,161.0)
(161.0,161.0)
(161.0,161.0)
(161.0,161.0)
(161.0,161.0)
(161.0,161.0)
(161.0,161.0)
(161.0,161.0)
(161.0,161.0)
(161.0,161.0)
(161.0,161.0)
(161.0,161.0)
(161.0,161.0)
(161.0,161.0)
(161.0,161.0)
(161.0,161.0)
(161.0,161.0)
(161.0,161.0)
(161.0,161.0)
(161.0,161.0)
(161.0,161.0)
(161.0,161.0)
(161.0,161.0)
(161.0,161.0)
(161.0,161.0)
(161.0,161.0)
(161.0,161.0)
(161.0,161.0)
(161.0,161.0)
(161.0,161.0)
(161.0,161.0)
(161.0,161.0)
(164.0,162.0)
(119.0,162.0)
(165.0,162.0)
(544.0,162.0)
(165.0,162.0)
(165.0,162.0)
(165.0,162.0)
(119.0,162.0)
(119.0,162.0)
(164.0,162.0)
(559.0,162.0)
(180.0,162.0)
(119.0,162.0)
(119.0,162.0)
(124.0,162.0)
(165.0,162.0)
(119.0,162.0)
(119.0,162.0)
(164.0,162.0)
(165.0,162.0)
(168.0,162.0)
(119.0,162.0)
(165.0,162.0)
(559.0,162.0)
(119.0,162.0)
(164.0,162.0)
(165.0,162.0)
(165.0,162.0)
(164.0,162.0)
(559.0,162.0)
(559.0,162.0)
(180.0,162.0)
(164.0,162.0)
(119.0,162.0)
(559.0,162.0)
(164.0,162.0)
(164.0,162.0)
(164.0,162.0)
(119.0,162.0)
(168.0,162.0)
(168.0,162.0)
(119.0,162.0)
(164.0,162.0)
(544.0,162.0)
(165.0,162.0)
(164.0,162.0)
(119.0,162.0)
(544.0,162.0)
(119.0,162.0)
(556.0,162.0)
(164.0,162.0)
(165.0,162.0)
(544.0,162.0)
(119.0,162.0)
(119.0,162.0)
(119.0,162.0)
(119.0,162.0)
(119.0,162.0)
(164.0,162.0)
(119.0,162.0)
(164.0,162.0)
(164.0,162.0)
(168.0,162.0)
(165.0,162.0)
(165.0,162.0)
(165.0,162.0)
(165.0,162.0)
(168.0,162.0)
(559.0,162.0)
(164.0,162.0)
(165.0,162.0)
(165.0,162.0)
(119.0,162.0)
(164.0,162.0)
(124.0,162.0)
(119.0,162.0)
(165.0,162.0)
(124.0,162.0)
(124.0,162.0)
(180.0,162.0)
(168.0,162.0)
(164.0,162.0)
(544.0,162.0)
(119.0,162.0)
(164.0,162.0)
(164.0,162.0)
(164.0,162.0)
(119.0,162.0)
(164.0,162.0)
(164.0,162.0)
(180.0,162.0)
(168.0,162.0)
(165.0,162.0)
(119.0,162.0)
(119.0,162.0)
(164.0,162.0)
(165.0,162.0)
(165.0,162.0)
(164.0,162.0)
(119.0,162.0)
(124.0,162.0)
(164.0,162.0)
(164.0,162.0)
(165.0,162.0)
(119.0,162.0)
(165.0,162.0)
(165.0,162.0)
(165.0,162.0)
(119.0,162.0)
(119.0,162.0)
(165.0,162.0)
(180.0,162.0)
(164.0,162.0)
(165.0,162.0)
(165.0,162.0)
(164.0,162.0)
(164.0,162.0)
(544.0,162.0)
(165.0,162.0)
(164.0,162.0)
(119.0,162.0)
(165.0,162.0)
(124.0,162.0)
(119.0,162.0)
(165.0,162.0)
(180.0,162.0)
(165.0,162.0)
(165.0,162.0)
(544.0,162.0)
(165.0,162.0)
(559.0,162.0)
(168.0,162.0)
(119.0,162.0)
(168.0,162.0)
(119.0,162.0)
(544.0,162.0)
(180.0,162.0)
(544.0,162.0)
(124.0,162.0)
(164.0,162.0)
(165.0,162.0)
(556.0,162.0)
(559.0,162.0)
(165.0,162.0)
(168.0,162.0)
(164.0,162.0)
(180.0,162.0)
(164.0,162.0)
(544.0,162.0)
(124.0,162.0)
(164.0,162.0)
(544.0,162.0)
(165.0,162.0)
(124.0,162.0)
(119.0,162.0)
(559.0,162.0)
(119.0,162.0)
(119.0,162.0)
(165.0,162.0)
(164.0,162.0)
(119.0,162.0)
(124.0,162.0)
(119.0,162.0)
(164.0,162.0)
(180.0,162.0)
(119.0,162.0)
(119.0,162.0)
(164.0,162.0)
(164.0,162.0)
(124.0,162.0)
(124.0,162.0)
(164.0,162.0)
(559.0,162.0)
(544.0,162.0)
(119.0,162.0)
(168.0,162.0)
(165.0,162.0)
(165.0,162.0)
(119.0,162.0)
(544.0,162.0)
(178.0,163.0)
(162.0,163.0)
(161.0,163.0)
(162.0,163.0)
(161.0,163.0)
(178.0,163.0)
(164.0,163.0)
(161.0,163.0)
(664.0,163.0)
(162.0,163.0)
(178.0,163.0)
(162.0,163.0)
(344.0,163.0)
(664.0,163.0)
(162.0,163.0)
(162.0,163.0)
(161.0,163.0)
(161.0,163.0)
(162.0,163.0)
(161.0,163.0)
(178.0,163.0)
(164.0,163.0)
(161.0,163.0)
(162.0,163.0)
(178.0,163.0)
(162.0,163.0)
(164.0,163.0)
(161.0,163.0)
(162.0,163.0)
(162.0,163.0)
(162.0,163.0)
(664.0,163.0)
(162.0,163.0)
(344.0,163.0)
(164.0,163.0)
(664.0,163.0)
(162.0,163.0)
(178.0,163.0)
(164.0,163.0)
(178.0,163.0)
(162.0,163.0)
(162.0,163.0)
(178.0,163.0)
(162.0,163.0)
(164.0,163.0)
(162.0,163.0)
(161.0,163.0)
(178.0,163.0)
(162.0,163.0)
(162.0,163.0)
(162.0,163.0)
(162.0,163.0)
(164.0,163.0)
(161.0,163.0)
(162.0,163.0)
(664.0,163.0)
(664.0,163.0)
(162.0,163.0)
(162.0,163.0)
(664.0,163.0)
(164.0,163.0)
(161.0,163.0)
(664.0,163.0)
(178.0,163.0)
(164.0,163.0)
(164.0,163.0)
(164.0,163.0)
(162.0,163.0)
(161.0,163.0)
(161.0,163.0)
(162.0,163.0)
(164.0,163.0)
(162.0,163.0)
(164.0,163.0)
(161.0,163.0)
(164.0,163.0)
(162.0,163.0)
(664.0,163.0)
(164.0,163.0)
(178.0,163.0)
(162.0,163.0)
(161.0,163.0)
(162.0,163.0)
(161.0,163.0)
(162.0,163.0)
(178.0,163.0)
(344.0,163.0)
(161.0,163.0)
(162.0,163.0)
(164.0,163.0)
(164.0,163.0)
(178.0,163.0)
(162.0,163.0)
(164.0,163.0)
(164.0,163.0)
(161.0,163.0)
(162.0,163.0)
(664.0,163.0)
(664.0,163.0)
(162.0,163.0)
(161.0,163.0)
(161.0,163.0)
(164.0,163.0)
(162.0,163.0)
(162.0,163.0)
(164.0,163.0)
(161.0,163.0)
(164.0,163.0)
(164.0,163.0)
(162.0,163.0)
(164.0,163.0)
(161.0,163.0)
(161.0,163.0)
(162.0,163.0)
(162.0,163.0)
(161.0,163.0)
(344.0,163.0)
(164.0,163.0)
(161.0,163.0)
(164.0,163.0)
(178.0,163.0)
(164.0,163.0)
(161.0,163.0)
(162.0,163.0)
(161.0,163.0)
(164.0,163.0)
(664.0,163.0)
(161.0,163.0)
(162.0,163.0)
(664.0,163.0)
(178.0,163.0)
(344.0,163.0)
(162.0,163.0)
(164.0,163.0)
(162.0,163.0)
(164.0,163.0)
(162.0,163.0)
(164.0,163.0)
(162.0,163.0)
(161.0,163.0)
(162.0,163.0)
(162.0,163.0)
(664.0,163.0)
(162.0,163.0)
(344.0,163.0)
(162.0,163.0)
(161.0,163.0)
(162.0,163.0)
(178.0,163.0)
(161.0,163.0)
(161.0,163.0)
(161.0,163.0)
(162.0,163.0)
(162.0,163.0)
(161.0,163.0)
(164.0,163.0)
(344.0,163.0)
(164.0,163.0)
(162.0,163.0)
(162.0,163.0)
(178.0,163.0)
(162.0,163.0)
(161.0,163.0)
(162.0,163.0)
(162.0,163.0)
(162.0,163.0)
(161.0,163.0)
(162.0,163.0)
(162.0,163.0)
(161.0,163.0)
(164.0,163.0)
(162.0,163.0)
(162.0,163.0)
(664.0,163.0)
(161.0,163.0)
(344.0,163.0)
(162.0,163.0)
(161.0,163.0)
(161.0,163.0)
(164.0,163.0)
(164.0,163.0)
(162.0,163.0)
(162.0,163.0)
(178.0,163.0)
(161.0,163.0)
(162.0,163.0)
(161.0,163.0)
(162.0,163.0)
(162.0,163.0)
(161.0,163.0)
(161.0,163.0)
(664.0,163.0)
(162.0,163.0)
(664.0,163.0)
(178.0,163.0)
(162.0,163.0)
(161.0,163.0)
(178.0,163.0)
(664.0,163.0)
(162.0,163.0)
(165.0,164.0)
(141.0,164.0)
(164.0,164.0)
(165.0,164.0)
(165.0,164.0)
(141.0,164.0)
(164.0,164.0)
(164.0,164.0)
(165.0,164.0)
(165.0,164.0)
(164.0,164.0)
(164.0,164.0)
(164.0,164.0)
(165.0,164.0)
(141.0,164.0)
(141.0,164.0)
(165.0,164.0)
(165.0,164.0)
(165.0,164.0)
(164.0,164.0)
(164.0,164.0)
(141.0,164.0)
(165.0,164.0)
(165.0,164.0)
(165.0,164.0)
(164.0,164.0)
(165.0,164.0)
(165.0,164.0)
(164.0,164.0)
(164.0,164.0)
(165.0,164.0)
(165.0,164.0)
(165.0,164.0)
(141.0,164.0)
(165.0,164.0)
(141.0,164.0)
(165.0,164.0)
(141.0,164.0)
(165.0,164.0)
(164.0,164.0)
(165.0,164.0)
(141.0,164.0)
(164.0,164.0)
(141.0,164.0)
(164.0,164.0)
(165.0,164.0)
(164.0,164.0)
(164.0,164.0)
(164.0,164.0)
(141.0,164.0)
(141.0,164.0)
(164.0,164.0)
(165.0,164.0)
(164.0,164.0)
(165.0,164.0)
(165.0,164.0)
(165.0,164.0)
(165.0,164.0)
(141.0,164.0)
(165.0,164.0)
(165.0,164.0)
(165.0,164.0)
(165.0,164.0)
(165.0,164.0)
(165.0,164.0)
(165.0,164.0)
(164.0,164.0)
(165.0,164.0)
(141.0,164.0)
(164.0,164.0)
(164.0,164.0)
(164.0,164.0)
(164.0,164.0)
(165.0,164.0)
(165.0,164.0)
(164.0,164.0)
(141.0,164.0)
(164.0,164.0)
(165.0,164.0)
(165.0,164.0)
(165.0,164.0)
(164.0,164.0)
(165.0,164.0)
(165.0,164.0)
(165.0,164.0)
(165.0,164.0)
(141.0,164.0)
(164.0,164.0)
(165.0,164.0)
(165.0,164.0)
(141.0,164.0)
(164.0,164.0)
(165.0,164.0)
(165.0,164.0)
(165.0,164.0)
(164.0,164.0)
(164.0,164.0)
(164.0,164.0)
(165.0,164.0)
(165.0,164.0)
(165.0,164.0)
(164.0,164.0)
(165.0,164.0)
(165.0,164.0)
(164.0,164.0)
(165.0,164.0)
(165.0,164.0)
(164.0,164.0)
(164.0,164.0)
(164.0,164.0)
(165.0,164.0)
(164.0,164.0)
(165.0,164.0)
(164.0,164.0)
(165.0,164.0)
(164.0,164.0)
(165.0,164.0)
(164.0,164.0)
(165.0,164.0)
(164.0,164.0)
(164.0,164.0)
(164.0,164.0)
(141.0,164.0)
(164.0,164.0)
(165.0,164.0)
(141.0,164.0)
(164.0,164.0)
(164.0,164.0)
(165.0,164.0)
(165.0,164.0)
(165.0,164.0)
(165.0,164.0)
(164.0,164.0)
(164.0,164.0)
(165.0,164.0)
(164.0,164.0)
(164.0,164.0)
(164.0,164.0)
(164.0,164.0)
(141.0,164.0)
(164.0,164.0)
(164.0,164.0)
(165.0,164.0)
(165.0,164.0)
(141.0,164.0)
(164.0,164.0)
(164.0,164.0)
(165.0,164.0)
(141.0,164.0)
(141.0,164.0)
(165.0,164.0)
(165.0,164.0)
(164.0,164.0)
(164.0,164.0)
(165.0,164.0)
(165.0,164.0)
(164.0,164.0)
(141.0,164.0)
(165.0,164.0)
(165.0,164.0)
(164.0,164.0)
(164.0,164.0)
(165.0,165.0)
(165.0,165.0)
(165.0,165.0)
(165.0,165.0)
(165.0,165.0)
(158.0,165.0)
(164.0,165.0)
(165.0,165.0)
(165.0,165.0)
(158.0,165.0)
(165.0,165.0)
(158.0,165.0)
(165.0,165.0)
(158.0,165.0)
(164.0,165.0)
(164.0,165.0)
(158.0,165.0)
(165.0,165.0)
(165.0,165.0)
(165.0,165.0)
(165.0,165.0)
(164.0,165.0)
(165.0,165.0)
(165.0,165.0)
(165.0,165.0)
(165.0,165.0)
(164.0,165.0)
(165.0,165.0)
(158.0,165.0)
(164.0,165.0)
(178.0,165.0)
(165.0,165.0)
(165.0,165.0)
(165.0,165.0)
(158.0,165.0)
(158.0,165.0)
(165.0,165.0)
(165.0,165.0)
(164.0,165.0)
(164.0,165.0)
(165.0,165.0)
(165.0,165.0)
(164.0,165.0)
(165.0,165.0)
(165.0,165.0)
(165.0,165.0)
(165.0,165.0)
(165.0,165.0)
(165.0,165.0)
(165.0,165.0)
(165.0,165.0)
(165.0,165.0)
(165.0,165.0)
(165.0,165.0)
(165.0,165.0)
(165.0,165.0)
(165.0,165.0)
(165.0,165.0)
(165.0,165.0)
(165.0,165.0)
(165.0,165.0)
(158.0,165.0)
(158.0,165.0)
(164.0,165.0)
(164.0,165.0)
(164.0,165.0)
(164.0,165.0)
(165.0,165.0)
(165.0,165.0)
(164.0,165.0)
(165.0,165.0)
(165.0,165.0)
(165.0,165.0)
(165.0,165.0)
(165.0,165.0)
(158.0,165.0)
(165.0,165.0)
(165.0,165.0)
(165.0,165.0)
(165.0,165.0)
(165.0,165.0)
(165.0,165.0)
(158.0,165.0)
(158.0,165.0)
(165.0,165.0)
(158.0,165.0)
(158.0,165.0)
(164.0,165.0)
(165.0,165.0)
(165.0,165.0)
(158.0,165.0)
(164.0,165.0)
(164.0,165.0)
(165.0,165.0)
(164.0,165.0)
(165.0,165.0)
(158.0,165.0)
(165.0,165.0)
(165.0,165.0)
(158.0,165.0)
(165.0,165.0)
(165.0,165.0)
(164.0,165.0)
(165.0,165.0)
(165.0,165.0)
(165.0,165.0)
(164.0,165.0)
(165.0,165.0)
(165.0,165.0)
(164.0,165.0)
(164.0,165.0)
(164.0,165.0)
(164.0,165.0)
(165.0,165.0)
(164.0,165.0)
(165.0,165.0)
(164.0,165.0)
(165.0,165.0)
(165.0,165.0)
(165.0,165.0)
(165.0,165.0)
(158.0,165.0)
(165.0,165.0)
(158.0,165.0)
(158.0,165.0)
(165.0,165.0)
(165.0,165.0)
(165.0,165.0)
(165.0,165.0)
(164.0,165.0)
(165.0,165.0)
(164.0,165.0)
(165.0,165.0)
(165.0,165.0)
(158.0,165.0)
(165.0,165.0)
(165.0,165.0)
(165.0,165.0)
(158.0,165.0)
(165.0,165.0)
(158.0,165.0)
(164.0,165.0)
(164.0,165.0)
(165.0,165.0)
(164.0,165.0)
(165.0,165.0)
(165.0,165.0)
(165.0,165.0)
(165.0,165.0)
(165.0,165.0)
(158.0,165.0)
(165.0,165.0)
(164.0,165.0)
(164.0,165.0)
(165.0,165.0)
(164.0,165.0)
(165.0,165.0)
(164.0,165.0)
(165.0,165.0)
(165.0,165.0)
(165.0,165.0)
(165.0,165.0)
(165.0,165.0)
(165.0,165.0)
(165.0,165.0)
(165.0,165.0)
(165.0,165.0)
(158.0,165.0)
(158.0,165.0)
(165.0,165.0)
(165.0,165.0)
(165.0,165.0)
(165.0,165.0)
(165.0,165.0)
(158.0,165.0)
(165.0,165.0)
(158.0,165.0)
(165.0,165.0)
(165.0,165.0)
(165.0,165.0)
(158.0,165.0)
(165.0,165.0)
(165.0,165.0)
(164.0,165.0)
(165.0,165.0)
(165.0,165.0)
(165.0,165.0)
(158.0,165.0)
(158.0,165.0)
(165.0,165.0)
(165.0,165.0)
(164.0,165.0)
(165.0,165.0)
(164.0,165.0)
(165.0,165.0)
(165.0,165.0)
(165.0,165.0)
(165.0,165.0)
(165.0,165.0)
(165.0,165.0)
(165.0,166.0)
(165.0,166.0)
(165.0,166.0)
(143.0,166.0)
(143.0,166.0)
(141.0,166.0)
(165.0,166.0)
(174.0,166.0)
(165.0,166.0)
(143.0,166.0)
(165.0,166.0)
(143.0,166.0)
(143.0,166.0)
(143.0,166.0)
(143.0,166.0)
(165.0,166.0)
(141.0,166.0)
(143.0,166.0)
(165.0,166.0)
(165.0,166.0)
(165.0,166.0)
(143.0,166.0)
(143.0,166.0)
(164.0,166.0)
(165.0,166.0)
(165.0,166.0)
(165.0,166.0)
(143.0,166.0)
(143.0,166.0)
(165.0,166.0)
(141.0,166.0)
(141.0,166.0)
(143.0,166.0)
(165.0,166.0)
(165.0,166.0)
(141.0,166.0)
(143.0,166.0)
(165.0,166.0)
(165.0,166.0)
(165.0,166.0)
(143.0,166.0)
(141.0,166.0)
(164.0,166.0)
(143.0,166.0)
(165.0,166.0)
(165.0,166.0)
(143.0,166.0)
(143.0,166.0)
(143.0,166.0)
(143.0,166.0)
(165.0,166.0)
(165.0,166.0)
(165.0,166.0)
(165.0,166.0)
(165.0,166.0)
(143.0,166.0)
(165.0,166.0)
(165.0,166.0)
(164.0,166.0)
(143.0,166.0)
(143.0,166.0)
(143.0,166.0)
(143.0,166.0)
(143.0,166.0)
(165.0,166.0)
(165.0,166.0)
(143.0,166.0)
(165.0,166.0)
(165.0,166.0)
(143.0,166.0)
(164.0,166.0)
(143.0,166.0)
(165.0,166.0)
(143.0,166.0)
(165.0,166.0)
(165.0,166.0)
(164.0,166.0)
(143.0,166.0)
(143.0,166.0)
(143.0,166.0)
(141.0,166.0)
(165.0,166.0)
(143.0,166.0)
(143.0,166.0)
(164.0,166.0)
(165.0,166.0)
(165.0,166.0)
(141.0,166.0)
(165.0,166.0)
(143.0,166.0)
(143.0,166.0)
(165.0,166.0)
(143.0,166.0)
(141.0,166.0)
(165.0,166.0)
(165.0,166.0)
(143.0,166.0)
(165.0,166.0)
(165.0,166.0)
(143.0,166.0)
(165.0,166.0)
(165.0,166.0)
(143.0,166.0)
(143.0,166.0)
(165.0,166.0)
(165.0,166.0)
(165.0,166.0)
(174.0,166.0)
(165.0,166.0)
(143.0,166.0)
(165.0,166.0)
(143.0,166.0)
(143.0,166.0)
(143.0,166.0)
(143.0,166.0)
(165.0,166.0)
(143.0,166.0)
(143.0,166.0)
(165.0,166.0)
(164.0,166.0)
(165.0,166.0)
(164.0,166.0)
(143.0,166.0)
(165.0,166.0)
(143.0,166.0)
(141.0,166.0)
(143.0,166.0)
(165.0,166.0)
(143.0,166.0)
(164.0,166.0)
(165.0,166.0)
(143.0,166.0)
(165.0,166.0)
(143.0,166.0)
(143.0,166.0)
(165.0,166.0)
(143.0,166.0)
(143.0,166.0)
(165.0,166.0)
(165.0,166.0)
(165.0,166.0)
(165.0,166.0)
(165.0,166.0)
(141.0,166.0)
(164.0,166.0)
(165.0,168.0)
(561.0,168.0)
(165.0,168.0)
(165.0,168.0)
(165.0,168.0)
(561.0,168.0)
(561.0,168.0)
(165.0,168.0)
(561.0,168.0)
(165.0,168.0)
(165.0,168.0)
(165.0,168.0)
(143.0,168.0)
(165.0,168.0)
(165.0,168.0)
(165.0,168.0)
(180.0,168.0)
(561.0,168.0)
(180.0,168.0)
(165.0,168.0)
(165.0,168.0)
(561.0,168.0)
(561.0,168.0)
(165.0,168.0)
(165.0,168.0)
(165.0,168.0)
(561.0,168.0)
(165.0,168.0)
(165.0,168.0)
(561.0,168.0)
(561.0,168.0)
(561.0,168.0)
(165.0,168.0)
(165.0,168.0)
(165.0,168.0)
(561.0,168.0)
(165.0,168.0)
(165.0,168.0)
(180.0,168.0)
(165.0,168.0)
(165.0,168.0)
(165.0,168.0)
(561.0,168.0)
(561.0,168.0)
(165.0,168.0)
(561.0,168.0)
(561.0,168.0)
(165.0,168.0)
(165.0,168.0)
(165.0,168.0)
(165.0,168.0)
(165.0,168.0)
(165.0,168.0)
(165.0,168.0)
(165.0,168.0)
(561.0,168.0)
(165.0,168.0)
(165.0,168.0)
(143.0,168.0)
(180.0,168.0)
(561.0,168.0)
(165.0,168.0)
(165.0,168.0)
(561.0,168.0)
(180.0,168.0)
(165.0,168.0)
(165.0,168.0)
(561.0,168.0)
(143.0,168.0)
(165.0,168.0)
(165.0,168.0)
(165.0,168.0)
(165.0,168.0)
(165.0,168.0)
(165.0,168.0)
(165.0,168.0)
(165.0,168.0)
(165.0,168.0)
(165.0,168.0)
(561.0,168.0)
(165.0,168.0)
(165.0,168.0)
(180.0,168.0)
(165.0,168.0)
(143.0,168.0)
(561.0,168.0)
(180.0,168.0)
(165.0,168.0)
(143.0,168.0)
(561.0,168.0)
(561.0,168.0)
(165.0,168.0)
(165.0,168.0)
(165.0,168.0)
(165.0,168.0)
(561.0,168.0)
(561.0,168.0)
(180.0,168.0)
(178.0,168.0)
(165.0,168.0)
(143.0,168.0)
(165.0,168.0)
(561.0,168.0)
(165.0,168.0)
(561.0,168.0)
(561.0,168.0)
(180.0,168.0)
(165.0,168.0)
(165.0,168.0)
(165.0,168.0)
(165.0,168.0)
(180.0,168.0)
(165.0,168.0)
(165.0,168.0)
(143.0,168.0)
(165.0,168.0)
(165.0,168.0)
(165.0,168.0)
(143.0,168.0)
(561.0,168.0)
(561.0,168.0)
(165.0,168.0)
(165.0,168.0)
(178.0,168.0)
(165.0,168.0)
(561.0,168.0)
(165.0,168.0)
(165.0,168.0)
(143.0,168.0)
(165.0,168.0)
(165.0,168.0)
(165.0,168.0)
(165.0,168.0)
(165.0,168.0)
(180.0,168.0)
(561.0,168.0)
(165.0,168.0)
(165.0,168.0)
(143.0,168.0)
(561.0,168.0)
(165.0,168.0)
(165.0,168.0)
(165.0,168.0)
(165.0,168.0)
(165.0,168.0)
(165.0,168.0)
(165.0,168.0)
(165.0,168.0)
(165.0,168.0)
(165.0,168.0)
(180.0,168.0)
(165.0,168.0)
(165.0,168.0)
(165.0,168.0)
(165.0,168.0)
(561.0,168.0)
(165.0,168.0)
(165.0,168.0)
(561.0,168.0)
(561.0,168.0)
(165.0,168.0)
(165.0,168.0)
(165.0,168.0)
(165.0,168.0)
(85.0,167.0)
(85.0,167.0)
(167.0,167.0)
(167.0,167.0)
(167.0,167.0)
(633.0,167.0)
(167.0,167.0)
(167.0,167.0)
(167.0,167.0)
(167.0,167.0)
(167.0,167.0)
(633.0,167.0)
(167.0,167.0)
(167.0,167.0)
(85.0,167.0)
(633.0,167.0)
(167.0,167.0)
(167.0,167.0)
(167.0,167.0)
(633.0,167.0)
(633.0,167.0)
(167.0,167.0)
(633.0,167.0)
(85.0,167.0)
(85.0,167.0)
(167.0,167.0)
(174.0,167.0)
(167.0,167.0)
(167.0,167.0)
(167.0,167.0)
(167.0,167.0)
(167.0,167.0)
(85.0,167.0)
(167.0,167.0)
(85.0,167.0)
(633.0,167.0)
(85.0,167.0)
(167.0,167.0)
(174.0,167.0)
(167.0,167.0)
(167.0,167.0)
(167.0,167.0)
(167.0,167.0)
(167.0,167.0)
(633.0,167.0)
(85.0,167.0)
(167.0,167.0)
(673.0,167.0)
(633.0,167.0)
(167.0,167.0)
(167.0,167.0)
(167.0,167.0)
(633.0,167.0)
(85.0,167.0)
(174.0,167.0)
(167.0,167.0)
(167.0,167.0)
(167.0,167.0)
(167.0,167.0)
(167.0,167.0)
(167.0,167.0)
(174.0,167.0)
(633.0,167.0)
(167.0,167.0)
(167.0,167.0)
(167.0,167.0)
(167.0,167.0)
(85.0,167.0)
(633.0,167.0)
(167.0,167.0)
(85.0,167.0)
(167.0,167.0)
(167.0,167.0)
(167.0,167.0)
(633.0,167.0)
(167.0,167.0)
(167.0,167.0)
(167.0,167.0)
(167.0,167.0)
(167.0,167.0)
(167.0,167.0)
(167.0,167.0)
(633.0,167.0)
(167.0,167.0)
(167.0,167.0)
(633.0,167.0)
(167.0,167.0)
(633.0,167.0)
(167.0,167.0)
(167.0,167.0)
(85.0,167.0)
(167.0,167.0)
(167.0,167.0)
(167.0,167.0)
(167.0,167.0)
(167.0,167.0)
(167.0,167.0)
(174.0,167.0)
(167.0,167.0)
(167.0,167.0)
(167.0,167.0)
(167.0,167.0)
(673.0,167.0)
(633.0,167.0)
(85.0,167.0)
(125.0,169.0)
(125.0,169.0)
(125.0,169.0)
(125.0,169.0)
(125.0,169.0)
(125.0,169.0)
(125.0,169.0)
(125.0,169.0)
(125.0,169.0)
(125.0,169.0)
(125.0,169.0)
(125.0,169.0)
(125.0,169.0)
(137.0,169.0)
(125.0,169.0)
(125.0,169.0)
(141.0,169.0)
(125.0,169.0)
(125.0,169.0)
(125.0,169.0)
(141.0,169.0)
(125.0,169.0)
(125.0,169.0)
(125.0,169.0)
(125.0,169.0)
(125.0,169.0)
(125.0,169.0)
(125.0,169.0)
(141.0,169.0)
(125.0,169.0)
(125.0,169.0)
(125.0,169.0)
(125.0,169.0)
(125.0,169.0)
(125.0,169.0)
(125.0,169.0)
(125.0,169.0)
(125.0,169.0)
(125.0,169.0)
(125.0,169.0)
(125.0,169.0)
(125.0,169.0)
(125.0,169.0)
(125.0,169.0)
(125.0,169.0)
(125.0,169.0)
(125.0,169.0)
(125.0,169.0)
(125.0,169.0)
(141.0,169.0)
(125.0,169.0)
(125.0,169.0)
(125.0,169.0)
(125.0,169.0)
(125.0,169.0)
(125.0,169.0)
(125.0,169.0)
(125.0,169.0)
(125.0,169.0)
(125.0,169.0)
(125.0,169.0)
(125.0,169.0)
(141.0,169.0)
(125.0,169.0)
(125.0,169.0)
(125.0,169.0)
(125.0,169.0)
(141.0,169.0)
(125.0,169.0)
(125.0,169.0)
(125.0,169.0)
(125.0,169.0)
(125.0,169.0)
(125.0,169.0)
(125.0,169.0)
(125.0,169.0)
(125.0,169.0)
(125.0,169.0)
(125.0,169.0)
(125.0,169.0)
(125.0,169.0)
(125.0,169.0)
(125.0,169.0)
(125.0,169.0)
(125.0,169.0)
(125.0,169.0)
(125.0,169.0)
(141.0,169.0)
(125.0,169.0)
(125.0,169.0)
(125.0,169.0)
(125.0,169.0)
(141.0,169.0)
(125.0,169.0)
(125.0,169.0)
(125.0,169.0)
(125.0,169.0)
(125.0,169.0)
(125.0,169.0)
(125.0,169.0)
(125.0,169.0)
(125.0,169.0)
(125.0,169.0)
(125.0,169.0)
(125.0,169.0)
(125.0,169.0)
(125.0,169.0)
(125.0,169.0)
(125.0,169.0)
(125.0,169.0)
(125.0,169.0)
(125.0,169.0)
(125.0,169.0)
(125.0,169.0)
(125.0,169.0)
(125.0,169.0)
(125.0,169.0)
(137.0,169.0)
(125.0,169.0)
(141.0,169.0)
(125.0,169.0)
(125.0,169.0)
(125.0,169.0)
(125.0,169.0)
(125.0,169.0)
(125.0,169.0)
(125.0,169.0)
(125.0,169.0)
(125.0,169.0)
(125.0,169.0)
(137.0,169.0)
(125.0,169.0)
(125.0,169.0)
(125.0,169.0)
(141.0,169.0)
(125.0,169.0)
(125.0,169.0)
(125.0,169.0)
(125.0,169.0)
(141.0,169.0)
(125.0,169.0)
(125.0,169.0)
(125.0,169.0)
(125.0,169.0)
(125.0,169.0)
(125.0,169.0)
(125.0,169.0)
(141.0,169.0)
(125.0,169.0)
(125.0,169.0)
(125.0,169.0)
(125.0,169.0)
(125.0,169.0)
(125.0,169.0)
(125.0,169.0)
(125.0,169.0)
(125.0,169.0)
(551.0,170.0)
(474.0,170.0)
(593.0,170.0)
(593.0,170.0)
(551.0,170.0)
(143.0,170.0)
(593.0,170.0)
(503.0,170.0)
(503.0,170.0)
(551.0,170.0)
(503.0,170.0)
(503.0,170.0)
(673.0,170.0)
(170.0,170.0)
(551.0,170.0)
(551.0,170.0)
(503.0,170.0)
(170.0,170.0)
(551.0,170.0)
(673.0,170.0)
(551.0,170.0)
(170.0,170.0)
(503.0,170.0)
(503.0,170.0)
(503.0,170.0)
(503.0,170.0)
(503.0,170.0)
(503.0,170.0)
(551.0,170.0)
(551.0,170.0)
(551.0,170.0)
(170.0,170.0)
(503.0,170.0)
(551.0,170.0)
(673.0,170.0)
(143.0,170.0)
(170.0,170.0)
(551.0,170.0)
(170.0,170.0)
(673.0,170.0)
(503.0,170.0)
(83.0,170.0)
(170.0,170.0)
(503.0,170.0)
(503.0,170.0)
(673.0,170.0)
(673.0,170.0)
(503.0,170.0)
(143.0,170.0)
(170.0,170.0)
(503.0,170.0)
(551.0,170.0)
(551.0,170.0)
(551.0,170.0)
(551.0,170.0)
(593.0,170.0)
(551.0,170.0)
(170.0,170.0)
(503.0,170.0)
(503.0,170.0)
(551.0,170.0)
(551.0,170.0)
(593.0,170.0)
(673.0,170.0)
(551.0,170.0)
(673.0,170.0)
(551.0,170.0)
(593.0,170.0)
(503.0,170.0)
(551.0,170.0)
(551.0,170.0)
(551.0,170.0)
(503.0,170.0)
(143.0,170.0)
(551.0,170.0)
(593.0,170.0)
(503.0,170.0)
(503.0,170.0)
(503.0,170.0)
(305.0,170.0)
(593.0,170.0)
(593.0,170.0)
(143.0,170.0)
(503.0,170.0)
(503.0,170.0)
(551.0,170.0)
(170.0,170.0)
(83.0,170.0)
(551.0,170.0)
(503.0,170.0)
(593.0,170.0)
(593.0,170.0)
(503.0,170.0)
(503.0,170.0)
(593.0,170.0)
(551.0,170.0)
(170.0,170.0)
(551.0,170.0)
(551.0,170.0)
(170.0,170.0)
(551.0,170.0)
(503.0,170.0)
(593.0,170.0)
(305.0,170.0)
(503.0,170.0)
(551.0,170.0)
(551.0,170.0)
(551.0,170.0)
(593.0,170.0)
(503.0,170.0)
(503.0,170.0)
(503.0,170.0)
(503.0,170.0)
(551.0,170.0)
(503.0,170.0)
(503.0,170.0)
(593.0,170.0)
(170.0,170.0)
(593.0,170.0)
(503.0,170.0)
(503.0,170.0)
(83.0,170.0)
(551.0,170.0)
(551.0,170.0)
(503.0,170.0)
(551.0,170.0)
(593.0,170.0)
(503.0,170.0)
(503.0,170.0)
(593.0,170.0)
(503.0,170.0)
(503.0,170.0)
(551.0,170.0)
(503.0,170.0)
(503.0,170.0)
(503.0,170.0)
(551.0,170.0)
(551.0,170.0)
(83.0,170.0)
(551.0,170.0)
(503.0,170.0)
(503.0,170.0)
(83.0,170.0)
(170.0,170.0)
(170.0,170.0)
(673.0,170.0)
(551.0,170.0)
(593.0,170.0)
(503.0,170.0)
(503.0,170.0)
(551.0,170.0)
(170.0,170.0)
(83.0,170.0)
(503.0,170.0)
(503.0,170.0)
(170.0,170.0)
(551.0,170.0)
(551.0,170.0)
(170.0,170.0)
(551.0,170.0)
(503.0,170.0)
(305.0,170.0)
(503.0,170.0)
(267.0,171.0)
(276.0,171.0)
(276.0,171.0)
(267.0,171.0)
(267.0,171.0)
(276.0,171.0)
(447.0,171.0)
(276.0,171.0)
(267.0,171.0)
(31.0,171.0)
(276.0,171.0)
(276.0,171.0)
(276.0,171.0)
(276.0,171.0)
(276.0,171.0)
(276.0,171.0)
(267.0,171.0)
(267.0,171.0)
(31.0,171.0)
(267.0,171.0)
(276.0,171.0)
(267.0,171.0)
(276.0,171.0)
(276.0,171.0)
(276.0,171.0)
(31.0,171.0)
(276.0,171.0)
(31.0,171.0)
(267.0,171.0)
(447.0,171.0)
(31.0,171.0)
(267.0,171.0)
(267.0,171.0)
(267.0,171.0)
(276.0,171.0)
(276.0,171.0)
(267.0,171.0)
(276.0,171.0)
(267.0,171.0)
(31.0,171.0)
(276.0,171.0)
(267.0,171.0)
(276.0,171.0)
(645.0,171.0)
(276.0,171.0)
(276.0,171.0)
(267.0,171.0)
(276.0,171.0)
(31.0,171.0)
(276.0,171.0)
(276.0,171.0)
(276.0,171.0)
(276.0,171.0)
(276.0,171.0)
(267.0,171.0)
(447.0,171.0)
(276.0,171.0)
(267.0,171.0)
(267.0,171.0)
(267.0,171.0)
(267.0,171.0)
(176.0,171.0)
(645.0,171.0)
(31.0,171.0)
(267.0,171.0)
(143.0,171.0)
(31.0,171.0)
(276.0,171.0)
(267.0,171.0)
(276.0,171.0)
(447.0,171.0)
(267.0,171.0)
(267.0,171.0)
(31.0,171.0)
(276.0,171.0)
(267.0,171.0)
(276.0,171.0)
(267.0,171.0)
(31.0,171.0)
(276.0,171.0)
(276.0,171.0)
(267.0,171.0)
(267.0,171.0)
(267.0,171.0)
(276.0,171.0)
(267.0,171.0)
(267.0,171.0)
(276.0,171.0)
(447.0,171.0)
(447.0,171.0)
(276.0,171.0)
(267.0,171.0)
(276.0,171.0)
(276.0,171.0)
(267.0,171.0)
(276.0,171.0)
(267.0,171.0)
(267.0,171.0)
(276.0,171.0)
(267.0,171.0)
(276.0,171.0)
(276.0,171.0)
(267.0,171.0)
(276.0,171.0)
(267.0,171.0)
(267.0,171.0)
(267.0,171.0)
(276.0,171.0)
(31.0,171.0)
(267.0,171.0)
(276.0,171.0)
(276.0,171.0)
(447.0,171.0)
(267.0,171.0)
(276.0,171.0)
(267.0,171.0)
(276.0,171.0)
(267.0,171.0)
(31.0,171.0)
(267.0,171.0)
(31.0,171.0)
(276.0,171.0)
(645.0,171.0)
(276.0,171.0)
(31.0,171.0)
(31.0,171.0)
(276.0,171.0)
(276.0,171.0)
(267.0,171.0)
(276.0,171.0)
(276.0,171.0)
(276.0,171.0)
(276.0,171.0)
(31.0,171.0)
(267.0,171.0)
(267.0,171.0)
(31.0,171.0)
(276.0,171.0)
(267.0,171.0)
(31.0,171.0)
(276.0,171.0)
(276.0,171.0)
(31.0,171.0)
(276.0,171.0)
(276.0,171.0)
(276.0,171.0)
(267.0,171.0)
(276.0,171.0)
(276.0,171.0)
(447.0,171.0)
(267.0,171.0)
(276.0,171.0)
(276.0,171.0)
(276.0,171.0)
(267.0,171.0)
(267.0,171.0)
(276.0,171.0)
(276.0,171.0)
(267.0,171.0)
(276.0,171.0)
(31.0,171.0)
(276.0,171.0)
(645.0,171.0)
(447.0,171.0)
(447.0,171.0)
(31.0,171.0)
(276.0,171.0)
(267.0,171.0)
(31.0,171.0)
(276.0,171.0)
(267.0,171.0)
(447.0,171.0)
(447.0,171.0)
(276.0,171.0)
(267.0,171.0)
(219.0,171.0)
(264.0,171.0)
(31.0,171.0)
(267.0,171.0)
(267.0,171.0)
(475.0,171.0)
(31.0,171.0)
(267.0,171.0)
(177.0,171.0)
(264.0,171.0)
(31.0,171.0)
(31.0,171.0)
(645.0,171.0)
(645.0,171.0)
(219.0,171.0)
(219.0,171.0)
(267.0,171.0)
(177.0,171.0)
(645.0,171.0)
(171.0,171.0)
(267.0,171.0)
(219.0,171.0)
(267.0,171.0)
(31.0,171.0)
(31.0,171.0)
(177.0,171.0)
(475.0,171.0)
(31.0,171.0)
(264.0,171.0)
(177.0,171.0)
(475.0,171.0)
(177.0,171.0)
(267.0,171.0)
(267.0,171.0)
(267.0,171.0)
(219.0,171.0)
(31.0,171.0)
(267.0,171.0)
(219.0,171.0)
(267.0,171.0)
(171.0,171.0)
(267.0,171.0)
(219.0,171.0)
(171.0,171.0)
(219.0,171.0)
(31.0,171.0)
(267.0,171.0)
(171.0,171.0)
(31.0,171.0)
(171.0,171.0)
(219.0,171.0)
(219.0,171.0)
(31.0,171.0)
(267.0,171.0)
(475.0,171.0)
(267.0,171.0)
(267.0,171.0)
(267.0,171.0)
(267.0,171.0)
(171.0,171.0)
(171.0,171.0)
(177.0,171.0)
(267.0,171.0)
(31.0,171.0)
(31.0,171.0)
(645.0,171.0)
(31.0,171.0)
(475.0,171.0)
(267.0,171.0)
(267.0,171.0)
(177.0,171.0)
(264.0,171.0)
(219.0,171.0)
(177.0,171.0)
(219.0,171.0)
(267.0,171.0)
(171.0,171.0)
(31.0,171.0)
(267.0,171.0)
(177.0,171.0)
(267.0,171.0)
(31.0,171.0)
(267.0,171.0)
(267.0,171.0)
(264.0,171.0)
(31.0,171.0)
(31.0,171.0)
(475.0,171.0)
(219.0,171.0)
(264.0,171.0)
(264.0,171.0)
(267.0,171.0)
(219.0,171.0)
(31.0,171.0)
(267.0,171.0)
(219.0,171.0)
(267.0,171.0)
(267.0,171.0)
(31.0,171.0)
(267.0,171.0)
(31.0,171.0)
(475.0,171.0)
(264.0,171.0)
(177.0,171.0)
(267.0,171.0)
(267.0,171.0)
(267.0,171.0)
(171.0,171.0)
(267.0,171.0)
(475.0,171.0)
(264.0,171.0)
(31.0,171.0)
(31.0,171.0)
(267.0,171.0)
(645.0,171.0)
(267.0,171.0)
(267.0,171.0)
(31.0,171.0)
(267.0,171.0)
(177.0,171.0)
(264.0,171.0)
(219.0,171.0)
(171.0,171.0)
(475.0,171.0)
(177.0,171.0)
(264.0,171.0)
(171.0,171.0)
(31.0,171.0)
(267.0,171.0)
(219.0,171.0)
(31.0,171.0)
(31.0,171.0)
(645.0,171.0)
(267.0,171.0)
(264.0,171.0)
(177.0,171.0)
(31.0,171.0)
(31.0,171.0)
(267.0,171.0)
(31.0,171.0)
(31.0,171.0)
(171.0,171.0)
(177.0,171.0)
(31.0,171.0)
(31.0,171.0)
(645.0,171.0)
(267.0,171.0)
(219.0,171.0)
(31.0,171.0)
(475.0,171.0)
(177.0,171.0)
(645.0,171.0)
(219.0,171.0)
(219.0,171.0)
(219.0,171.0)
(267.0,171.0)
(177.0,171.0)
(31.0,171.0)
(239.0,171.0)
(267.0,171.0)
(219.0,171.0)
(177.0,171.0)
(219.0,171.0)
(171.0,171.0)
(219.0,171.0)
(645.0,171.0)
(475.0,171.0)
(177.0,171.0)
(475.0,171.0)
(267.0,171.0)
(171.0,171.0)
(267.0,171.0)
(31.0,171.0)
(31.0,171.0)
(219.0,171.0)
(267.0,172.0)
(267.0,172.0)
(172.0,172.0)
(267.0,172.0)
(267.0,172.0)
(172.0,172.0)
(172.0,172.0)
(684.0,172.0)
(172.0,172.0)
(172.0,172.0)
(172.0,172.0)
(172.0,172.0)
(172.0,172.0)
(267.0,172.0)
(172.0,172.0)
(172.0,172.0)
(172.0,172.0)
(267.0,172.0)
(172.0,172.0)
(172.0,172.0)
(172.0,172.0)
(172.0,172.0)
(684.0,172.0)
(172.0,172.0)
(684.0,172.0)
(267.0,172.0)
(172.0,172.0)
(267.0,172.0)
(172.0,172.0)
(267.0,172.0)
(267.0,172.0)
(172.0,172.0)
(172.0,172.0)
(172.0,172.0)
(267.0,172.0)
(172.0,172.0)
(172.0,172.0)
(172.0,172.0)
(172.0,172.0)
(172.0,172.0)
(172.0,172.0)
(267.0,172.0)
(172.0,172.0)
(172.0,172.0)
(267.0,172.0)
(172.0,172.0)
(172.0,172.0)
(172.0,172.0)
(684.0,172.0)
(267.0,172.0)
(172.0,172.0)
(172.0,172.0)
(172.0,172.0)
(172.0,172.0)
(267.0,172.0)
(172.0,172.0)
(172.0,172.0)
(172.0,172.0)
(267.0,172.0)
(172.0,172.0)
(172.0,172.0)
(172.0,172.0)
(172.0,172.0)
(172.0,172.0)
(172.0,172.0)
(267.0,172.0)
(267.0,172.0)
(172.0,172.0)
(172.0,172.0)
(267.0,172.0)
(172.0,172.0)
(684.0,172.0)
(267.0,172.0)
(267.0,172.0)
(172.0,172.0)
(172.0,172.0)
(267.0,172.0)
(267.0,172.0)
(684.0,172.0)
(267.0,172.0)
(172.0,172.0)
(172.0,172.0)
(267.0,172.0)
(172.0,172.0)
(172.0,172.0)
(267.0,172.0)
(172.0,172.0)
(267.0,172.0)
(172.0,172.0)
(172.0,172.0)
(172.0,172.0)
(172.0,172.0)
(172.0,172.0)
(172.0,172.0)
(172.0,172.0)
(267.0,172.0)
(172.0,172.0)
(267.0,172.0)
(267.0,172.0)
(267.0,172.0)
(172.0,172.0)
(172.0,172.0)
(172.0,172.0)
(172.0,172.0)
(172.0,172.0)
(172.0,172.0)
(267.0,172.0)
(172.0,172.0)
(172.0,172.0)
(172.0,172.0)
(267.0,172.0)
(172.0,172.0)
(172.0,172.0)
(172.0,172.0)
(172.0,172.0)
(172.0,172.0)
(267.0,172.0)
(267.0,172.0)
(267.0,172.0)
(172.0,172.0)
(172.0,172.0)
(267.0,172.0)
(684.0,172.0)
(267.0,172.0)
(172.0,172.0)
(267.0,172.0)
(267.0,172.0)
(172.0,172.0)
(172.0,172.0)
(172.0,172.0)
(172.0,172.0)
(267.0,172.0)
(172.0,172.0)
(172.0,172.0)
(267.0,172.0)
(172.0,172.0)
(172.0,172.0)
(172.0,172.0)
(172.0,172.0)
(172.0,172.0)
(172.0,172.0)
(172.0,172.0)
(172.0,172.0)
(172.0,172.0)
(172.0,172.0)
(172.0,172.0)
(172.0,172.0)
(172.0,172.0)
(172.0,172.0)
(172.0,172.0)
(172.0,172.0)
(172.0,172.0)
(172.0,172.0)
(172.0,172.0)
(617.0,172.0)
(172.0,172.0)
(172.0,172.0)
(172.0,172.0)
(172.0,172.0)
(172.0,172.0)
(172.0,172.0)
(172.0,172.0)
(172.0,172.0)
(172.0,172.0)
(172.0,172.0)
(172.0,172.0)
(172.0,172.0)
(172.0,172.0)
(172.0,172.0)
(172.0,172.0)
(172.0,172.0)
(172.0,172.0)
(172.0,172.0)
(172.0,172.0)
(172.0,172.0)
(172.0,172.0)
(172.0,172.0)
(172.0,172.0)
(172.0,172.0)
(172.0,172.0)
(172.0,172.0)
(172.0,172.0)
(172.0,172.0)
(172.0,172.0)
(172.0,172.0)
(172.0,172.0)
(172.0,172.0)
(172.0,172.0)
(172.0,172.0)
(172.0,172.0)
(172.0,172.0)
(172.0,172.0)
(172.0,172.0)
(172.0,172.0)
(172.0,172.0)
(172.0,172.0)
(172.0,172.0)
(172.0,172.0)
(172.0,172.0)
(172.0,172.0)
(172.0,172.0)
(172.0,172.0)
(172.0,172.0)
(172.0,172.0)
(172.0,172.0)
(172.0,172.0)
(172.0,172.0)
(172.0,172.0)
(172.0,172.0)
(172.0,172.0)
(172.0,172.0)
(172.0,172.0)
(617.0,172.0)
(172.0,172.0)
(172.0,172.0)
(172.0,172.0)
(172.0,172.0)
(172.0,172.0)
(172.0,172.0)
(172.0,172.0)
(172.0,172.0)
(172.0,172.0)
(172.0,172.0)
(172.0,172.0)
(172.0,172.0)
(172.0,172.0)
(172.0,172.0)
(172.0,172.0)
(172.0,172.0)
(172.0,172.0)
(172.0,172.0)
(172.0,172.0)
(172.0,172.0)
(172.0,172.0)
(172.0,172.0)
(172.0,172.0)
(172.0,172.0)
(172.0,172.0)
(172.0,172.0)
(172.0,172.0)
(172.0,172.0)
(172.0,172.0)
(172.0,172.0)
(172.0,172.0)
(172.0,172.0)
(172.0,172.0)
(559.0,173.0)
(559.0,173.0)
(559.0,173.0)
(559.0,173.0)
(559.0,173.0)
(158.0,173.0)
(278.0,173.0)
(559.0,173.0)
(559.0,173.0)
(559.0,173.0)
(278.0,173.0)
(559.0,173.0)
(559.0,173.0)
(559.0,173.0)
(277.0,173.0)
(559.0,173.0)
(559.0,173.0)
(158.0,173.0)
(277.0,173.0)
(559.0,173.0)
(278.0,173.0)
(278.0,173.0)
(559.0,173.0)
(559.0,173.0)
(559.0,173.0)
(559.0,173.0)
(559.0,173.0)
(559.0,173.0)
(278.0,173.0)
(559.0,173.0)
(278.0,173.0)
(559.0,173.0)
(559.0,173.0)
(278.0,173.0)
(559.0,173.0)
(559.0,173.0)
(278.0,173.0)
(278.0,173.0)
(559.0,173.0)
(559.0,173.0)
(278.0,173.0)
(559.0,173.0)
(559.0,173.0)
(559.0,173.0)
(559.0,173.0)
(559.0,173.0)
(278.0,173.0)
(559.0,173.0)
(278.0,173.0)
(277.0,173.0)
(278.0,173.0)
(158.0,173.0)
(559.0,173.0)
(559.0,173.0)
(559.0,173.0)
(559.0,173.0)
(559.0,173.0)
(278.0,173.0)
(559.0,173.0)
(278.0,173.0)
(559.0,173.0)
(559.0,173.0)
(559.0,173.0)
(559.0,173.0)
(158.0,173.0)
(277.0,173.0)
(559.0,173.0)
(278.0,173.0)
(559.0,173.0)
(559.0,173.0)
(559.0,173.0)
(559.0,173.0)
(165.0,173.0)
(559.0,173.0)
(559.0,173.0)
(559.0,173.0)
(559.0,173.0)
(158.0,173.0)
(559.0,173.0)
(278.0,173.0)
(559.0,173.0)
(559.0,173.0)
(559.0,173.0)
(278.0,173.0)
(158.0,173.0)
(277.0,173.0)
(559.0,173.0)
(559.0,173.0)
(278.0,173.0)
(559.0,173.0)
(559.0,173.0)
(277.0,173.0)
(165.0,173.0)
(559.0,173.0)
(559.0,173.0)
(559.0,173.0)
(278.0,173.0)
(277.0,173.0)
(559.0,173.0)
(559.0,173.0)
(559.0,173.0)
(559.0,173.0)
(559.0,173.0)
(172.0,172.0)
(172.0,172.0)
(172.0,172.0)
(172.0,172.0)
(172.0,172.0)
(172.0,172.0)
(172.0,172.0)
(172.0,172.0)
(172.0,172.0)
(172.0,172.0)
(172.0,172.0)
(172.0,172.0)
(172.0,172.0)
(172.0,172.0)
(172.0,172.0)
(172.0,172.0)
(267.0,172.0)
(172.0,172.0)
(172.0,172.0)
(172.0,172.0)
(267.0,172.0)
(172.0,172.0)
(172.0,172.0)
(172.0,172.0)
(172.0,172.0)
(172.0,172.0)
(172.0,172.0)
(172.0,172.0)
(172.0,172.0)
(172.0,172.0)
(172.0,172.0)
(172.0,172.0)
(172.0,172.0)
(172.0,172.0)
(267.0,172.0)
(172.0,172.0)
(172.0,172.0)
(172.0,172.0)
(172.0,172.0)
(267.0,172.0)
(172.0,172.0)
(172.0,172.0)
(172.0,172.0)
(172.0,172.0)
(172.0,172.0)
(172.0,172.0)
(172.0,172.0)
(267.0,172.0)
(172.0,172.0)
(172.0,172.0)
(172.0,172.0)
(172.0,172.0)
(172.0,172.0)
(172.0,172.0)
(172.0,172.0)
(267.0,172.0)
(172.0,172.0)
(172.0,172.0)
(172.0,172.0)
(172.0,172.0)
(172.0,172.0)
(172.0,172.0)
(172.0,172.0)
(172.0,172.0)
(172.0,172.0)
(172.0,172.0)
(172.0,172.0)
(172.0,172.0)
(172.0,172.0)
(172.0,172.0)
(172.0,172.0)
(172.0,172.0)
(172.0,172.0)
(172.0,172.0)
(172.0,172.0)
(172.0,172.0)
(172.0,172.0)
(172.0,172.0)
(267.0,172.0)
(172.0,172.0)
(172.0,172.0)
(267.0,172.0)
(172.0,172.0)
(172.0,172.0)
(172.0,172.0)
(172.0,172.0)
(172.0,172.0)
(617.0,172.0)
(172.0,172.0)
(267.0,172.0)
(172.0,172.0)
(172.0,172.0)
(172.0,172.0)
(172.0,172.0)
(172.0,172.0)
(172.0,172.0)
(267.0,172.0)
(172.0,172.0)
(267.0,172.0)
(172.0,172.0)
(172.0,172.0)
(172.0,172.0)
(172.0,172.0)
(172.0,172.0)
(172.0,172.0)
(172.0,172.0)
(172.0,172.0)
(172.0,172.0)
(172.0,172.0)
(172.0,172.0)
(172.0,172.0)
(172.0,172.0)
(267.0,172.0)
(267.0,172.0)
(172.0,172.0)
(172.0,172.0)
(172.0,172.0)
(172.0,172.0)
(172.0,172.0)
(172.0,172.0)
(172.0,172.0)
(172.0,172.0)
(267.0,172.0)
(172.0,172.0)
(172.0,172.0)
(172.0,172.0)
(172.0,172.0)
(172.0,172.0)
(172.0,172.0)
(172.0,172.0)
(172.0,172.0)
(172.0,172.0)
(172.0,172.0)
(172.0,172.0)
(172.0,172.0)
(267.0,172.0)
(172.0,172.0)
(172.0,172.0)
(172.0,172.0)
(172.0,172.0)
(172.0,172.0)
(267.0,172.0)
(172.0,172.0)
(172.0,172.0)
(172.0,172.0)
(172.0,172.0)
(172.0,172.0)
(172.0,172.0)
(172.0,172.0)
(172.0,172.0)
(267.0,172.0)
(172.0,172.0)
(172.0,172.0)
(172.0,172.0)
(74.0,175.0)
(74.0,175.0)
(74.0,175.0)
(74.0,175.0)
(74.0,175.0)
(74.0,175.0)
(74.0,175.0)
(74.0,175.0)
(74.0,175.0)
(74.0,175.0)
(74.0,175.0)
(74.0,175.0)
(74.0,175.0)
(74.0,175.0)
(74.0,175.0)
(74.0,175.0)
(74.0,175.0)
(74.0,175.0)
(74.0,175.0)
(74.0,175.0)
(74.0,175.0)
(74.0,175.0)
(74.0,175.0)
(74.0,175.0)
(74.0,175.0)
(74.0,175.0)
(74.0,175.0)
(74.0,175.0)
(74.0,175.0)
(74.0,175.0)
(74.0,175.0)
(74.0,175.0)
(74.0,175.0)
(74.0,175.0)
(74.0,175.0)
(74.0,175.0)
(74.0,175.0)
(74.0,175.0)
(74.0,175.0)
(74.0,175.0)
(74.0,175.0)
(74.0,175.0)
(74.0,175.0)
(74.0,175.0)
(74.0,175.0)
(74.0,175.0)
(74.0,175.0)
(74.0,175.0)
(74.0,175.0)
(74.0,175.0)
(74.0,175.0)
(74.0,175.0)
(74.0,175.0)
(74.0,175.0)
(74.0,175.0)
(74.0,175.0)
(74.0,175.0)
(74.0,175.0)
(74.0,175.0)
(74.0,175.0)
(74.0,175.0)
(74.0,175.0)
(74.0,175.0)
(74.0,175.0)
(74.0,175.0)
(74.0,175.0)
(74.0,175.0)
(74.0,175.0)
(74.0,175.0)
(74.0,175.0)
(74.0,175.0)
(74.0,175.0)
(74.0,175.0)
(74.0,175.0)
(74.0,175.0)
(74.0,175.0)
(74.0,175.0)
(74.0,175.0)
(74.0,175.0)
(74.0,175.0)
(74.0,175.0)
(74.0,175.0)
(74.0,175.0)
(74.0,175.0)
(74.0,175.0)
(74.0,175.0)
(74.0,175.0)
(74.0,175.0)
(74.0,175.0)
(74.0,175.0)
(74.0,175.0)
(74.0,175.0)
(74.0,175.0)
(74.0,175.0)
(74.0,175.0)
(74.0,175.0)
(74.0,175.0)
(74.0,175.0)
(74.0,175.0)
(74.0,175.0)
(74.0,175.0)
(74.0,175.0)
(74.0,175.0)
(74.0,175.0)
(74.0,175.0)
(74.0,175.0)
(74.0,175.0)
(74.0,175.0)
(74.0,175.0)
(74.0,175.0)
(74.0,175.0)
(74.0,175.0)
(74.0,175.0)
(74.0,175.0)
(74.0,175.0)
(74.0,175.0)
(74.0,175.0)
(74.0,175.0)
(74.0,175.0)
(74.0,175.0)
(74.0,175.0)
(74.0,175.0)
(74.0,175.0)
(554.0,174.0)
(536.0,174.0)
(554.0,174.0)
(536.0,174.0)
(554.0,174.0)
(536.0,174.0)
(85.0,174.0)
(536.0,174.0)
(536.0,174.0)
(536.0,174.0)
(536.0,174.0)
(554.0,174.0)
(536.0,174.0)
(554.0,174.0)
(536.0,174.0)
(536.0,174.0)
(536.0,174.0)
(536.0,174.0)
(536.0,174.0)
(536.0,174.0)
(85.0,174.0)
(536.0,174.0)
(536.0,174.0)
(536.0,174.0)
(554.0,174.0)
(536.0,174.0)
(85.0,174.0)
(85.0,174.0)
(536.0,174.0)
(554.0,174.0)
(85.0,174.0)
(536.0,174.0)
(536.0,174.0)
(85.0,174.0)
(536.0,174.0)
(536.0,174.0)
(536.0,174.0)
(536.0,174.0)
(536.0,174.0)
(536.0,174.0)
(85.0,174.0)
(536.0,174.0)
(554.0,174.0)
(554.0,174.0)
(85.0,174.0)
(536.0,174.0)
(536.0,174.0)
(554.0,174.0)
(536.0,174.0)
(554.0,174.0)
(536.0,174.0)
(85.0,174.0)
(85.0,174.0)
(536.0,174.0)
(536.0,174.0)
(536.0,174.0)
(536.0,174.0)
(554.0,174.0)
(536.0,174.0)
(85.0,174.0)
(85.0,174.0)
(536.0,174.0)
(536.0,174.0)
(536.0,174.0)
(536.0,174.0)
(536.0,174.0)
(536.0,174.0)
(536.0,174.0)
(536.0,174.0)
(85.0,174.0)
(536.0,174.0)
(536.0,174.0)
(536.0,174.0)
(554.0,174.0)
(85.0,174.0)
(536.0,174.0)
(536.0,174.0)
(554.0,174.0)
(536.0,174.0)
(554.0,174.0)
(554.0,174.0)
(536.0,174.0)
(85.0,174.0)
(536.0,174.0)
(536.0,174.0)
(85.0,174.0)
(536.0,174.0)
(536.0,174.0)
(554.0,174.0)
(554.0,174.0)
(536.0,174.0)
(536.0,174.0)
(536.0,174.0)
(554.0,174.0)
(536.0,174.0)
(536.0,174.0)
(536.0,174.0)
(554.0,174.0)
(262.0,174.0)
(554.0,174.0)
(536.0,174.0)
(536.0,174.0)
(536.0,174.0)
(85.0,174.0)
(536.0,174.0)
(85.0,174.0)
(536.0,174.0)
(536.0,174.0)
(536.0,174.0)
(536.0,174.0)
(536.0,174.0)
(554.0,174.0)
(536.0,174.0)
(536.0,174.0)
(536.0,174.0)
(536.0,174.0)
(536.0,174.0)
(536.0,174.0)
(85.0,174.0)
(536.0,174.0)
(554.0,174.0)
(85.0,174.0)
(85.0,174.0)
(536.0,174.0)
(536.0,174.0)
(536.0,174.0)
(536.0,174.0)
(85.0,174.0)
(536.0,174.0)
(536.0,174.0)
(536.0,174.0)
(554.0,174.0)
(536.0,174.0)
(536.0,174.0)
(85.0,174.0)
(554.0,174.0)
(536.0,174.0)
(536.0,174.0)
(536.0,174.0)
(536.0,174.0)
(536.0,174.0)
(85.0,174.0)
(536.0,174.0)
(554.0,174.0)
(536.0,174.0)
(536.0,174.0)
(85.0,174.0)
(85.0,174.0)
(85.0,174.0)
(554.0,174.0)
(554.0,174.0)
(536.0,174.0)
(554.0,174.0)
(536.0,174.0)
(536.0,174.0)
(536.0,174.0)
(536.0,174.0)
(85.0,174.0)
(536.0,174.0)
(536.0,174.0)
(536.0,174.0)
(554.0,174.0)
(536.0,174.0)
(554.0,174.0)
(536.0,174.0)
(536.0,174.0)
(536.0,174.0)
(554.0,174.0)
(536.0,174.0)
(536.0,174.0)
(536.0,174.0)
(85.0,174.0)
(536.0,174.0)
(536.0,174.0)
(85.0,174.0)
(536.0,174.0)
(85.0,174.0)
(554.0,174.0)
(536.0,174.0)
(536.0,174.0)
(536.0,174.0)
(85.0,174.0)
(536.0,174.0)
(536.0,174.0)
(554.0,174.0)
(536.0,174.0)
(536.0,174.0)
(536.0,174.0)
(536.0,174.0)
(85.0,174.0)
(536.0,174.0)
(536.0,174.0)
(536.0,174.0)
(536.0,174.0)
(536.0,174.0)
(554.0,174.0)
(536.0,174.0)
(85.0,174.0)
(554.0,174.0)
(536.0,174.0)
(219.0,177.0)
(176.0,177.0)
(176.0,177.0)
(177.0,177.0)
(219.0,177.0)
(219.0,177.0)
(176.0,177.0)
(176.0,177.0)
(176.0,177.0)
(219.0,177.0)
(219.0,177.0)
(176.0,177.0)
(176.0,177.0)
(176.0,177.0)
(176.0,177.0)
(176.0,177.0)
(219.0,177.0)
(219.0,177.0)
(212.0,177.0)
(219.0,177.0)
(176.0,177.0)
(219.0,177.0)
(176.0,177.0)
(176.0,177.0)
(219.0,177.0)
(177.0,177.0)
(219.0,177.0)
(176.0,177.0)
(219.0,177.0)
(219.0,177.0)
(219.0,177.0)
(219.0,177.0)
(176.0,177.0)
(219.0,177.0)
(176.0,177.0)
(219.0,177.0)
(177.0,177.0)
(219.0,177.0)
(176.0,177.0)
(176.0,177.0)
(176.0,177.0)
(219.0,177.0)
(177.0,177.0)
(176.0,177.0)
(176.0,177.0)
(176.0,177.0)
(176.0,177.0)
(176.0,177.0)
(219.0,177.0)
(176.0,177.0)
(176.0,177.0)
(219.0,177.0)
(219.0,177.0)
(219.0,177.0)
(219.0,177.0)
(176.0,177.0)
(219.0,177.0)
(219.0,177.0)
(219.0,177.0)
(176.0,177.0)
(219.0,177.0)
(176.0,177.0)
(219.0,177.0)
(219.0,177.0)
(219.0,177.0)
(176.0,177.0)
(176.0,177.0)
(219.0,177.0)
(176.0,177.0)
(219.0,177.0)
(176.0,177.0)
(176.0,177.0)
(219.0,177.0)
(219.0,177.0)
(219.0,177.0)
(219.0,177.0)
(219.0,177.0)
(176.0,177.0)
(176.0,177.0)
(176.0,177.0)
(176.0,177.0)
(176.0,177.0)
(176.0,177.0)
(219.0,177.0)
(176.0,177.0)
(219.0,177.0)
(176.0,177.0)
(219.0,177.0)
(219.0,177.0)
(176.0,177.0)
(219.0,177.0)
(177.0,177.0)
(176.0,177.0)
(176.0,177.0)
(176.0,177.0)
(176.0,177.0)
(176.0,177.0)
(219.0,177.0)
(177.0,177.0)
(219.0,177.0)
(219.0,177.0)
(219.0,177.0)
(212.0,177.0)
(219.0,177.0)
(176.0,177.0)
(176.0,177.0)
(176.0,177.0)
(219.0,177.0)
(212.0,177.0)
(176.0,177.0)
(219.0,177.0)
(176.0,177.0)
(219.0,177.0)
(219.0,177.0)
(219.0,177.0)
(176.0,177.0)
(176.0,177.0)
(176.0,177.0)
(176.0,177.0)
(176.0,177.0)
(219.0,177.0)
(177.0,177.0)
(176.0,177.0)
(176.0,177.0)
(219.0,177.0)
(176.0,177.0)
(219.0,177.0)
(176.0,177.0)
(219.0,177.0)
(219.0,177.0)
(177.0,177.0)
(176.0,177.0)
(219.0,177.0)
(176.0,177.0)
(176.0,177.0)
(176.0,177.0)
(219.0,177.0)
(176.0,177.0)
(176.0,177.0)
(219.0,177.0)
(177.0,177.0)
(176.0,177.0)
(176.0,177.0)
(176.0,177.0)
(219.0,177.0)
(219.0,177.0)
(219.0,177.0)
(176.0,177.0)
(219.0,177.0)
(176.0,177.0)
(176.0,177.0)
(219.0,177.0)
(176.0,177.0)
(176.0,177.0)
(176.0,177.0)
(219.0,177.0)
(177.0,177.0)
(219.0,177.0)
(176.0,177.0)
(176.0,177.0)
(176.0,177.0)
(176.0,177.0)
(219.0,177.0)
(305.0,177.0)
(354.0,177.0)
(455.0,177.0)
(417.0,177.0)
(386.0,177.0)
(38.0,177.0)
(413.0,177.0)
(455.0,177.0)
(785.0,177.0)
(447.0,177.0)
(305.0,177.0)
(455.0,177.0)
(455.0,177.0)
(447.0,177.0)
(305.0,177.0)
(447.0,177.0)
(338.0,177.0)
(38.0,177.0)
(417.0,177.0)
(713.0,177.0)
(455.0,177.0)
(22.0,177.0)
(37.0,177.0)
(455.0,177.0)
(417.0,177.0)
(713.0,177.0)
(479.0,177.0)
(45.0,177.0)
(483.0,177.0)
(38.0,177.0)
(277.0,177.0)
(43.0,177.0)
(447.0,177.0)
(455.0,177.0)
(85.0,177.0)
(405.0,177.0)
(340.0,177.0)
(447.0,177.0)
(405.0,177.0)
(417.0,177.0)
(44.0,177.0)
(334.0,177.0)
(267.0,177.0)
(417.0,177.0)
(785.0,177.0)
(447.0,177.0)
(613.0,177.0)
(119.0,177.0)
(455.0,177.0)
(395.0,177.0)
(417.0,177.0)
(22.0,177.0)
(421.0,177.0)
(37.0,177.0)
(455.0,177.0)
(482.0,177.0)
(219.0,177.0)
(689.0,177.0)
(267.0,177.0)
(212.0,177.0)
(32.0,177.0)
(219.0,177.0)
(689.0,177.0)
(219.0,177.0)
(219.0,177.0)
(267.0,177.0)
(689.0,177.0)
(219.0,177.0)
(219.0,177.0)
(212.0,177.0)
(219.0,177.0)
(219.0,177.0)
(264.0,177.0)
(219.0,177.0)
(267.0,177.0)
(219.0,177.0)
(219.0,177.0)
(219.0,177.0)
(219.0,177.0)
(219.0,177.0)
(689.0,177.0)
(219.0,177.0)
(689.0,177.0)
(32.0,177.0)
(212.0,177.0)
(219.0,177.0)
(689.0,177.0)
(219.0,177.0)
(212.0,177.0)
(32.0,177.0)
(264.0,177.0)
(219.0,177.0)
(219.0,177.0)
(219.0,177.0)
(219.0,177.0)
(212.0,177.0)
(219.0,177.0)
(219.0,177.0)
(219.0,177.0)
(264.0,177.0)
(219.0,177.0)
(219.0,177.0)
(219.0,177.0)
(219.0,177.0)
(212.0,177.0)
(219.0,177.0)
(219.0,177.0)
(689.0,177.0)
(219.0,177.0)
(219.0,177.0)
(219.0,177.0)
(32.0,177.0)
(219.0,177.0)
(267.0,177.0)
(212.0,177.0)
(267.0,177.0)
(32.0,177.0)
(219.0,177.0)
(689.0,177.0)
(219.0,177.0)
(219.0,177.0)
(219.0,177.0)
(212.0,177.0)
(212.0,177.0)
(212.0,177.0)
(212.0,177.0)
(219.0,177.0)
(212.0,177.0)
(219.0,177.0)
(219.0,177.0)
(219.0,177.0)
(212.0,177.0)
(219.0,177.0)
(212.0,177.0)
(219.0,177.0)
(212.0,177.0)
(689.0,177.0)
(219.0,177.0)
(689.0,177.0)
(32.0,177.0)
