(599.0,439.0)
(599.0,439.0)
(599.0,439.0)
(599.0,439.0)
(599.0,439.0)
(599.0,439.0)
(599.0,439.0)
(599.0,439.0)
(599.0,439.0)
(599.0,439.0)
(599.0,439.0)
(350.0,439.0)
(599.0,439.0)
(599.0,439.0)
(599.0,439.0)
(599.0,439.0)
(599.0,439.0)
(599.0,439.0)
(599.0,439.0)
(599.0,439.0)
(599.0,439.0)
(599.0,439.0)
(599.0,439.0)
(436.0,436.0)
(436.0,436.0)
(436.0,436.0)
(424.0,436.0)
(424.0,436.0)
(384.0,436.0)
(427.0,436.0)
(424.0,436.0)
(448.0,436.0)
(424.0,436.0)
(386.0,436.0)
(424.0,436.0)
(434.0,436.0)
(416.0,436.0)
(384.0,436.0)
(424.0,436.0)
(436.0,436.0)
(384.0,436.0)
(424.0,436.0)
(468.0,436.0)
(424.0,436.0)
(427.0,436.0)
(435.0,436.0)
(424.0,436.0)
(424.0,436.0)
(436.0,436.0)
(436.0,436.0)
(424.0,436.0)
(448.0,436.0)
(427.0,436.0)
(427.0,436.0)
(381.0,436.0)
(384.0,436.0)
(436.0,436.0)
(424.0,436.0)
(436.0,436.0)
(384.0,436.0)
(417.0,436.0)
(384.0,436.0)
(436.0,436.0)
(386.0,436.0)
(424.0,436.0)
(436.0,436.0)
(424.0,436.0)
(427.0,436.0)
(424.0,436.0)
(761.0,436.0)
(459.0,436.0)
(427.0,436.0)
(424.0,436.0)
(424.0,436.0)
(436.0,436.0)
(427.0,436.0)
(461.0,436.0)
(424.0,436.0)
(427.0,436.0)
(424.0,436.0)
(479.0,436.0)
(452.0,436.0)
(384.0,436.0)
(384.0,436.0)
(771.0,436.0)
(427.0,436.0)
(424.0,436.0)
(771.0,436.0)
(799.0,436.0)
(434.0,436.0)
(424.0,436.0)
(424.0,436.0)
(353.0,436.0)
(434.0,436.0)
(386.0,436.0)
(424.0,436.0)
(436.0,436.0)
(436.0,436.0)
(424.0,436.0)
(436.0,436.0)
(416.0,436.0)
(402.0,436.0)
(424.0,436.0)
(519.0,436.0)
(424.0,436.0)
(436.0,436.0)
(424.0,436.0)
(424.0,436.0)
(424.0,436.0)
(461.0,436.0)
(424.0,436.0)
(446.0,436.0)
(412.0,436.0)
(402.0,436.0)
(424.0,436.0)
(424.0,436.0)
(416.0,436.0)
(798.0,436.0)
(436.0,436.0)
(436.0,436.0)
(467.0,436.0)
(427.0,436.0)
(424.0,436.0)
(424.0,436.0)
(386.0,436.0)
(424.0,436.0)
(459.0,436.0)
(771.0,436.0)
(436.0,436.0)
(434.0,436.0)
(436.0,436.0)
(436.0,436.0)
(427.0,436.0)
(483.0,436.0)
(436.0,436.0)
(436.0,436.0)
(436.0,436.0)
(446.0,436.0)
(436.0,436.0)
(436.0,436.0)
(386.0,436.0)
(436.0,436.0)
(424.0,436.0)
(416.0,436.0)
(384.0,436.0)
(436.0,436.0)
(424.0,436.0)
(384.0,436.0)
(384.0,436.0)
(424.0,436.0)
(416.0,436.0)
(436.0,436.0)
(436.0,436.0)
(436.0,436.0)
(459.0,436.0)
(386.0,436.0)
(386.0,436.0)
(402.0,436.0)
(434.0,436.0)
(424.0,436.0)
(468.0,436.0)
(434.0,436.0)
(398.0,436.0)
(386.0,436.0)
(435.0,436.0)
(386.0,436.0)
(427.0,436.0)
(424.0,436.0)
(436.0,436.0)
(424.0,436.0)
(386.0,436.0)
(771.0,436.0)
(436.0,436.0)
(424.0,436.0)
(467.0,436.0)
(435.0,436.0)
(436.0,436.0)
(436.0,436.0)
(436.0,436.0)
(386.0,436.0)
(434.0,436.0)
(427.0,436.0)
(427.0,436.0)
(424.0,436.0)
(384.0,436.0)
(384.0,436.0)
(434.0,436.0)
(386.0,436.0)
(436.0,436.0)
(785.0,436.0)
(436.0,436.0)
(427.0,436.0)
(434.0,436.0)
(467.0,436.0)
(436.0,436.0)
(386.0,436.0)
(381.0,436.0)
(386.0,436.0)
(384.0,436.0)
(386.0,436.0)
(436.0,436.0)
(424.0,436.0)
(384.0,436.0)
(427.0,436.0)
(427.0,436.0)
(479.0,436.0)
(436.0,436.0)
(416.0,436.0)
(381.0,436.0)
(424.0,436.0)
(424.0,436.0)
(436.0,436.0)
(424.0,436.0)
(436.0,436.0)
(771.0,436.0)
(424.0,436.0)
(435.0,436.0)
(459.0,437.0)
(395.0,437.0)
(786.0,437.0)
(455.0,437.0)
(395.0,437.0)
(396.0,437.0)
(396.0,437.0)
(447.0,437.0)
(396.0,437.0)
(396.0,437.0)
(395.0,437.0)
(396.0,437.0)
(437.0,437.0)
(396.0,437.0)
(396.0,437.0)
(786.0,437.0)
(435.0,437.0)
(459.0,437.0)
(396.0,437.0)
(396.0,437.0)
(396.0,437.0)
(395.0,437.0)
(786.0,437.0)
(481.0,437.0)
(395.0,437.0)
(447.0,437.0)
(395.0,437.0)
(395.0,437.0)
(396.0,437.0)
(471.0,437.0)
(437.0,437.0)
(471.0,437.0)
(435.0,437.0)
(430.0,437.0)
(396.0,437.0)
(435.0,437.0)
(793.0,437.0)
(481.0,437.0)
(786.0,437.0)
(396.0,437.0)
(435.0,437.0)
(396.0,437.0)
(396.0,437.0)
(430.0,437.0)
(396.0,437.0)
(354.0,437.0)
(410.0,437.0)
(395.0,437.0)
(102.0,437.0)
(396.0,437.0)
(427.0,437.0)
(396.0,437.0)
(447.0,437.0)
(784.0,437.0)
(447.0,437.0)
(395.0,437.0)
(396.0,437.0)
(447.0,437.0)
(435.0,437.0)
(435.0,437.0)
(437.0,437.0)
(435.0,437.0)
(395.0,437.0)
(437.0,437.0)
(396.0,437.0)
(437.0,437.0)
(396.0,437.0)
(396.0,437.0)
(396.0,437.0)
(435.0,437.0)
(396.0,437.0)
(786.0,437.0)
(435.0,437.0)
(437.0,437.0)
(396.0,437.0)
(395.0,437.0)
(395.0,437.0)
(437.0,437.0)
(435.0,437.0)
(437.0,437.0)
(387.0,437.0)
(437.0,437.0)
(396.0,437.0)
(435.0,437.0)
(396.0,437.0)
(435.0,437.0)
(396.0,437.0)
(413.0,437.0)
(22.0,437.0)
(771.0,437.0)
(427.0,437.0)
(395.0,437.0)
(396.0,437.0)
(396.0,437.0)
(437.0,437.0)
(435.0,437.0)
(771.0,437.0)
(396.0,437.0)
(396.0,437.0)
(396.0,437.0)
(396.0,437.0)
(396.0,437.0)
(395.0,437.0)
(396.0,437.0)
(396.0,437.0)
(471.0,437.0)
(781.0,437.0)
(396.0,437.0)
(396.0,437.0)
(435.0,437.0)
(396.0,437.0)
(396.0,437.0)
(396.0,437.0)
(395.0,437.0)
(43.0,437.0)
(396.0,437.0)
(396.0,437.0)
(459.0,437.0)
(435.0,437.0)
(396.0,437.0)
(786.0,437.0)
(396.0,437.0)
(437.0,437.0)
(435.0,437.0)
(437.0,437.0)
(786.0,437.0)
(396.0,437.0)
(437.0,437.0)
(396.0,437.0)
(396.0,437.0)
(396.0,437.0)
(435.0,437.0)
(31.0,437.0)
(786.0,437.0)
(786.0,437.0)
(786.0,437.0)
(426.0,437.0)
(396.0,437.0)
(786.0,437.0)
(437.0,437.0)
(396.0,437.0)
(396.0,437.0)
(37.0,437.0)
(396.0,437.0)
(396.0,437.0)
(437.0,437.0)
(396.0,437.0)
(437.0,437.0)
(3.0,437.0)
(786.0,437.0)
(395.0,437.0)
(786.0,437.0)
(396.0,437.0)
(395.0,437.0)
(481.0,437.0)
(38.0,437.0)
(435.0,437.0)
(481.0,437.0)
(471.0,437.0)
(421.0,437.0)
(437.0,437.0)
(447.0,437.0)
(406.0,437.0)
(396.0,437.0)
(395.0,437.0)
(396.0,437.0)
(437.0,437.0)
(435.0,437.0)
(396.0,437.0)
(395.0,437.0)
(395.0,437.0)
(396.0,437.0)
(471.0,437.0)
(459.0,437.0)
(396.0,437.0)
(396.0,437.0)
(396.0,437.0)
(396.0,437.0)
(395.0,437.0)
(396.0,437.0)
(396.0,437.0)
(396.0,437.0)
(459.0,437.0)
(396.0,437.0)
(435.0,435.0)
(455.0,435.0)
(435.0,435.0)
(435.0,435.0)
(435.0,435.0)
(435.0,435.0)
(435.0,435.0)
(435.0,435.0)
(435.0,435.0)
(435.0,435.0)
(435.0,435.0)
(435.0,435.0)
(435.0,435.0)
(435.0,435.0)
(435.0,435.0)
(435.0,435.0)
(435.0,435.0)
(435.0,435.0)
(435.0,435.0)
(435.0,435.0)
(435.0,435.0)
(435.0,435.0)
(435.0,435.0)
(435.0,435.0)
(435.0,435.0)
(435.0,435.0)
(435.0,435.0)
(435.0,435.0)
(417.0,435.0)
(435.0,435.0)
(753.0,435.0)
(435.0,435.0)
(435.0,435.0)
(435.0,435.0)
(435.0,435.0)
(447.0,435.0)
(447.0,435.0)
(435.0,435.0)
(435.0,435.0)
(455.0,435.0)
(435.0,435.0)
(435.0,435.0)
(435.0,435.0)
(435.0,435.0)
(435.0,435.0)
(435.0,435.0)
(447.0,435.0)
(435.0,435.0)
(435.0,435.0)
(435.0,435.0)
(435.0,435.0)
(435.0,435.0)
(435.0,435.0)
(435.0,435.0)
(435.0,435.0)
(441.0,435.0)
(435.0,435.0)
(413.0,435.0)
(435.0,435.0)
(435.0,435.0)
(435.0,435.0)
(435.0,435.0)
(435.0,435.0)
(447.0,435.0)
(435.0,435.0)
(435.0,435.0)
(435.0,435.0)
(435.0,435.0)
(435.0,435.0)
(435.0,435.0)
(435.0,435.0)
(435.0,435.0)
(435.0,435.0)
(435.0,435.0)
(435.0,435.0)
(447.0,435.0)
(435.0,435.0)
(435.0,435.0)
(435.0,435.0)
(435.0,435.0)
(435.0,435.0)
(435.0,435.0)
(435.0,435.0)
(435.0,435.0)
(416.0,435.0)
(435.0,435.0)
(435.0,435.0)
(435.0,435.0)
(455.0,435.0)
(435.0,435.0)
(435.0,435.0)
(435.0,435.0)
(435.0,435.0)
(435.0,435.0)
(435.0,435.0)
(435.0,435.0)
(435.0,435.0)
(435.0,435.0)
(435.0,435.0)
(417.0,435.0)
(435.0,435.0)
(435.0,435.0)
(435.0,435.0)
(447.0,435.0)
(435.0,435.0)
(435.0,435.0)
(435.0,435.0)
(447.0,435.0)
(435.0,435.0)
(435.0,435.0)
(435.0,435.0)
(435.0,435.0)
(435.0,435.0)
(435.0,435.0)
(435.0,435.0)
(435.0,435.0)
(435.0,435.0)
(786.0,435.0)
(435.0,435.0)
(435.0,435.0)
(435.0,435.0)
(435.0,435.0)
(447.0,435.0)
(435.0,435.0)
(435.0,435.0)
(435.0,435.0)
(435.0,435.0)
(435.0,435.0)
(435.0,435.0)
(435.0,435.0)
(435.0,435.0)
(447.0,435.0)
(455.0,435.0)
(435.0,435.0)
(435.0,435.0)
(435.0,435.0)
(435.0,435.0)
(435.0,435.0)
(435.0,435.0)
(435.0,435.0)
(435.0,435.0)
(435.0,435.0)
(435.0,435.0)
(435.0,435.0)
(435.0,435.0)
(435.0,435.0)
(435.0,435.0)
(435.0,435.0)
(417.0,435.0)
(404.0,435.0)
(447.0,435.0)
(435.0,435.0)
(435.0,435.0)
(455.0,435.0)
(435.0,435.0)
(447.0,435.0)
(435.0,435.0)
(435.0,435.0)
(435.0,435.0)
(447.0,435.0)
(435.0,435.0)
(435.0,435.0)
(413.0,435.0)
(435.0,435.0)
(435.0,435.0)
(435.0,435.0)
(435.0,435.0)
(435.0,435.0)
(435.0,435.0)
(786.0,435.0)
(435.0,435.0)
(417.0,435.0)
(435.0,435.0)
(435.0,435.0)
(435.0,435.0)
(435.0,435.0)
(455.0,435.0)
(435.0,435.0)
(435.0,435.0)
(447.0,435.0)
(435.0,435.0)
(435.0,435.0)
(435.0,435.0)
(455.0,435.0)
(435.0,435.0)
(435.0,435.0)
(435.0,435.0)
(435.0,435.0)
(455.0,435.0)
(435.0,435.0)
(435.0,435.0)
(435.0,435.0)
(435.0,435.0)
(435.0,435.0)
(784.0,435.0)
(435.0,435.0)
(435.0,435.0)
(435.0,435.0)
(435.0,435.0)
(435.0,435.0)
(435.0,435.0)
(435.0,435.0)
(435.0,435.0)
(435.0,435.0)
(435.0,435.0)
(435.0,435.0)
(435.0,435.0)
(435.0,435.0)
(435.0,435.0)
(786.0,435.0)
(435.0,435.0)
(435.0,435.0)
(404.0,435.0)
(435.0,435.0)
(435.0,435.0)
(435.0,435.0)
(435.0,435.0)
(435.0,435.0)
(435.0,435.0)
(435.0,435.0)
(435.0,435.0)
(435.0,435.0)
(435.0,435.0)
(435.0,435.0)
(786.0,435.0)
(435.0,435.0)
(786.0,435.0)
(435.0,435.0)
(786.0,435.0)
(435.0,435.0)
(435.0,435.0)
(435.0,435.0)
(435.0,435.0)
(435.0,435.0)
(435.0,435.0)
(435.0,435.0)
(435.0,435.0)
(435.0,435.0)
(435.0,435.0)
(435.0,435.0)
(435.0,435.0)
(435.0,435.0)
(435.0,435.0)
(435.0,435.0)
(435.0,435.0)
(435.0,435.0)
(426.0,435.0)
(435.0,435.0)
(447.0,435.0)
(435.0,435.0)
(435.0,435.0)
(435.0,435.0)
(435.0,435.0)
(435.0,435.0)
(435.0,435.0)
(435.0,435.0)
(435.0,435.0)
(435.0,435.0)
(435.0,435.0)
(435.0,435.0)
(435.0,435.0)
(435.0,435.0)
(435.0,435.0)
(435.0,435.0)
(435.0,435.0)
(435.0,435.0)
(435.0,435.0)
(435.0,435.0)
(435.0,435.0)
(435.0,435.0)
(435.0,435.0)
(435.0,435.0)
(435.0,435.0)
(435.0,435.0)
(435.0,435.0)
(435.0,435.0)
(435.0,435.0)
(435.0,435.0)
(447.0,435.0)
(435.0,435.0)
(435.0,435.0)
(435.0,435.0)
(435.0,435.0)
(435.0,435.0)
(435.0,435.0)
(435.0,435.0)
(435.0,435.0)
(427.0,435.0)
(435.0,435.0)
(435.0,435.0)
(435.0,435.0)
(435.0,435.0)
(435.0,435.0)
(435.0,435.0)
(435.0,435.0)
(435.0,435.0)
(435.0,435.0)
(435.0,435.0)
(435.0,435.0)
(435.0,435.0)
(459.0,435.0)
(435.0,435.0)
(426.0,435.0)
(435.0,435.0)
(435.0,435.0)
(435.0,435.0)
(435.0,435.0)
(435.0,435.0)
(435.0,435.0)
(447.0,435.0)
(435.0,435.0)
(435.0,435.0)
(435.0,435.0)
(435.0,435.0)
(417.0,435.0)
(435.0,435.0)
(435.0,435.0)
(455.0,435.0)
(435.0,435.0)
(435.0,435.0)
(435.0,435.0)
(435.0,435.0)
(435.0,435.0)
(435.0,435.0)
(435.0,435.0)
(435.0,435.0)
(435.0,435.0)
(463.0,435.0)
(786.0,435.0)
(786.0,435.0)
(435.0,435.0)
(435.0,435.0)
(435.0,435.0)
(447.0,435.0)
(435.0,435.0)
(435.0,435.0)
(435.0,435.0)
(435.0,435.0)
(435.0,435.0)
(426.0,435.0)
(474.0,435.0)
(435.0,435.0)
(786.0,435.0)
(435.0,435.0)
(435.0,435.0)
(435.0,435.0)
(435.0,435.0)
(435.0,435.0)
(435.0,435.0)
(435.0,435.0)
(435.0,435.0)
(435.0,435.0)
(455.0,435.0)
(435.0,435.0)
(435.0,435.0)
(435.0,435.0)
(435.0,435.0)
(435.0,435.0)
(435.0,435.0)
(435.0,435.0)
(435.0,435.0)
(435.0,435.0)
(435.0,435.0)
(435.0,435.0)
(435.0,435.0)
(435.0,435.0)
(435.0,435.0)
(435.0,435.0)
(435.0,435.0)
(435.0,435.0)
(435.0,435.0)
(786.0,435.0)
(427.0,435.0)
(435.0,435.0)
(435.0,435.0)
(435.0,435.0)
(435.0,435.0)
(435.0,435.0)
(435.0,435.0)
(435.0,435.0)
(435.0,435.0)
(435.0,435.0)
(406.0,435.0)
(435.0,435.0)
(435.0,435.0)
(431.0,435.0)
(435.0,435.0)
(435.0,435.0)
(435.0,435.0)
(435.0,435.0)
(435.0,435.0)
(435.0,435.0)
(435.0,435.0)
(435.0,435.0)
(786.0,435.0)
(435.0,435.0)
(435.0,435.0)
(435.0,435.0)
(431.0,435.0)
(435.0,435.0)
(435.0,435.0)
(435.0,435.0)
(435.0,435.0)
(435.0,435.0)
(435.0,435.0)
(435.0,435.0)
(435.0,435.0)
(435.0,435.0)
(435.0,435.0)
(435.0,435.0)
(435.0,435.0)
(435.0,435.0)
(435.0,435.0)
(435.0,435.0)
(435.0,435.0)
(413.0,435.0)
(435.0,435.0)
(435.0,435.0)
(781.0,435.0)
(435.0,435.0)
(786.0,435.0)
(403.0,435.0)
(435.0,435.0)
(435.0,435.0)
(435.0,435.0)
(435.0,435.0)
(435.0,435.0)
(435.0,435.0)
(435.0,435.0)
(435.0,435.0)
(447.0,435.0)
(435.0,435.0)
(435.0,435.0)
(435.0,435.0)
(435.0,435.0)
(365.0,435.0)
(435.0,435.0)
(435.0,435.0)
(435.0,435.0)
(786.0,435.0)
(435.0,435.0)
(435.0,435.0)
(365.0,435.0)
(465.0,435.0)
(435.0,435.0)
(435.0,435.0)
(435.0,435.0)
(786.0,435.0)
(435.0,435.0)
(435.0,435.0)
(404.0,435.0)
(386.0,435.0)
(435.0,435.0)
(435.0,435.0)
(435.0,435.0)
(786.0,435.0)
(435.0,435.0)
(786.0,435.0)
(413.0,435.0)
(435.0,435.0)
(435.0,435.0)
(753.0,435.0)
(404.0,435.0)
(435.0,435.0)
(455.0,435.0)
(435.0,435.0)
(435.0,435.0)
(435.0,435.0)
(435.0,435.0)
(365.0,435.0)
(435.0,435.0)
(435.0,435.0)
(435.0,435.0)
(435.0,435.0)
(435.0,435.0)
(435.0,435.0)
(435.0,435.0)
(435.0,435.0)
(435.0,435.0)
(435.0,435.0)
(435.0,435.0)
(435.0,435.0)
(447.0,435.0)
(435.0,435.0)
(435.0,435.0)
(417.0,435.0)
(435.0,435.0)
(435.0,435.0)
(435.0,435.0)
(435.0,435.0)
(413.0,435.0)
(435.0,435.0)
(435.0,435.0)
(435.0,435.0)
(435.0,435.0)
(435.0,435.0)
(447.0,435.0)
(365.0,435.0)
(435.0,435.0)
(435.0,435.0)
(413.0,435.0)
(435.0,435.0)
(435.0,435.0)
(435.0,435.0)
(435.0,435.0)
(455.0,435.0)
(365.0,435.0)
(435.0,435.0)
(455.0,435.0)
(403.0,435.0)
(435.0,435.0)
(435.0,435.0)
(435.0,435.0)
(435.0,435.0)
(435.0,435.0)
(401.0,435.0)
(786.0,435.0)
(435.0,435.0)
(455.0,435.0)
(435.0,435.0)
(435.0,435.0)
(435.0,435.0)
(435.0,435.0)
(435.0,435.0)
(435.0,435.0)
(435.0,435.0)
(435.0,435.0)
(435.0,435.0)
(435.0,435.0)
(435.0,435.0)
(413.0,435.0)
(435.0,435.0)
(435.0,435.0)
(435.0,435.0)
(435.0,435.0)
(435.0,435.0)
(435.0,435.0)
(435.0,435.0)
(435.0,435.0)
(435.0,435.0)
(786.0,435.0)
(435.0,435.0)
(447.0,435.0)
(435.0,435.0)
(435.0,435.0)
(435.0,435.0)
(435.0,435.0)
(435.0,435.0)
(435.0,435.0)
(435.0,435.0)
(435.0,435.0)
(435.0,435.0)
(435.0,435.0)
(435.0,435.0)
(435.0,435.0)
(435.0,435.0)
(435.0,435.0)
(435.0,435.0)
(435.0,435.0)
(435.0,435.0)
(435.0,435.0)
(455.0,435.0)
(447.0,435.0)
(786.0,435.0)
(435.0,435.0)
(786.0,435.0)
(435.0,435.0)
(435.0,435.0)
(365.0,435.0)
(435.0,435.0)
(435.0,435.0)
(435.0,435.0)
(435.0,435.0)
(435.0,435.0)
(435.0,435.0)
(435.0,435.0)
(435.0,435.0)
(435.0,435.0)
(435.0,435.0)
(435.0,435.0)
(435.0,435.0)
(435.0,435.0)
(401.0,435.0)
(435.0,435.0)
(435.0,435.0)
(435.0,435.0)
(435.0,435.0)
(435.0,435.0)
(435.0,435.0)
(435.0,435.0)
(435.0,435.0)
(435.0,435.0)
(435.0,435.0)
(435.0,435.0)
(435.0,435.0)
(435.0,435.0)
(435.0,435.0)
(435.0,435.0)
(435.0,435.0)
(435.0,435.0)
(435.0,435.0)
(435.0,435.0)
(435.0,435.0)
(435.0,435.0)
(435.0,435.0)
(435.0,435.0)
(435.0,435.0)
(435.0,435.0)
(786.0,435.0)
(435.0,435.0)
(435.0,435.0)
(435.0,435.0)
(435.0,435.0)
(435.0,435.0)
(787.0,435.0)
(435.0,435.0)
(435.0,435.0)
(435.0,435.0)
(435.0,435.0)
(435.0,435.0)
(435.0,435.0)
(435.0,435.0)
(455.0,435.0)
(435.0,435.0)
(435.0,435.0)
(435.0,435.0)
(435.0,435.0)
(435.0,435.0)
(435.0,435.0)
(435.0,435.0)
(435.0,435.0)
(435.0,435.0)
(435.0,435.0)
(435.0,435.0)
(447.0,435.0)
(435.0,435.0)
(435.0,435.0)
(435.0,435.0)
(435.0,435.0)
(435.0,435.0)
(435.0,435.0)
(435.0,435.0)
(435.0,435.0)
(435.0,435.0)
(435.0,435.0)
(435.0,435.0)
(435.0,435.0)
(435.0,435.0)
(435.0,435.0)
(435.0,435.0)
(435.0,435.0)
(435.0,435.0)
(435.0,435.0)
(435.0,435.0)
(435.0,435.0)
(404.0,435.0)
(435.0,435.0)
(435.0,435.0)
(435.0,435.0)
(435.0,435.0)
(435.0,435.0)
(435.0,435.0)
(435.0,435.0)
(435.0,435.0)
(435.0,435.0)
(435.0,435.0)
(435.0,435.0)
(435.0,435.0)
(435.0,435.0)
(435.0,435.0)
(435.0,435.0)
(435.0,435.0)
(435.0,435.0)
(435.0,435.0)
(435.0,435.0)
(435.0,435.0)
(435.0,435.0)
(435.0,435.0)
(435.0,435.0)
(447.0,435.0)
(435.0,435.0)
(435.0,435.0)
(435.0,435.0)
(435.0,435.0)
(435.0,435.0)
(435.0,435.0)
(435.0,435.0)
(435.0,435.0)
(435.0,435.0)
(435.0,435.0)
(435.0,435.0)
(435.0,435.0)
(435.0,435.0)
(435.0,435.0)
(435.0,435.0)
(435.0,435.0)
(435.0,435.0)
(435.0,435.0)
(435.0,435.0)
(435.0,435.0)
(435.0,435.0)
(435.0,435.0)
(435.0,435.0)
(435.0,435.0)
(435.0,435.0)
(435.0,435.0)
(435.0,435.0)
(435.0,435.0)
(435.0,435.0)
(435.0,435.0)
(413.0,435.0)
(435.0,435.0)
(435.0,435.0)
(435.0,435.0)
(435.0,435.0)
(404.0,435.0)
(435.0,435.0)
(435.0,435.0)
(447.0,435.0)
(435.0,435.0)
(435.0,435.0)
(435.0,435.0)
(435.0,435.0)
(435.0,435.0)
(435.0,435.0)
(435.0,435.0)
(435.0,435.0)
(435.0,435.0)
(435.0,435.0)
(435.0,435.0)
(435.0,435.0)
(435.0,435.0)
(447.0,435.0)
(435.0,435.0)
(435.0,435.0)
(435.0,435.0)
(435.0,435.0)
(435.0,435.0)
(435.0,435.0)
(435.0,435.0)
(435.0,435.0)
(435.0,435.0)
(435.0,435.0)
(435.0,435.0)
(435.0,435.0)
(435.0,435.0)
(435.0,435.0)
(435.0,435.0)
(435.0,435.0)
(435.0,435.0)
(435.0,435.0)
(435.0,435.0)
(435.0,435.0)
(435.0,435.0)
(435.0,435.0)
(435.0,435.0)
(435.0,435.0)
(435.0,435.0)
(435.0,435.0)
(435.0,435.0)
(435.0,435.0)
(435.0,435.0)
(435.0,435.0)
(435.0,435.0)
(435.0,435.0)
(435.0,435.0)
(435.0,435.0)
(435.0,435.0)
(435.0,435.0)
(435.0,435.0)
(435.0,435.0)
(435.0,435.0)
(435.0,435.0)
(435.0,435.0)
(435.0,435.0)
(435.0,435.0)
(435.0,435.0)
(435.0,435.0)
(435.0,435.0)
(435.0,435.0)
(435.0,435.0)
(435.0,435.0)
(435.0,435.0)
(435.0,435.0)
(435.0,435.0)
(435.0,435.0)
(435.0,435.0)
(785.0,435.0)
(435.0,435.0)
(435.0,435.0)
(435.0,435.0)
(435.0,435.0)
(435.0,435.0)
(435.0,435.0)
(435.0,435.0)
(421.0,435.0)
(435.0,435.0)
(435.0,435.0)
(435.0,435.0)
(786.0,435.0)
(395.0,435.0)
(435.0,435.0)
(395.0,435.0)
(435.0,435.0)
(435.0,435.0)
(435.0,435.0)
(435.0,435.0)
(435.0,435.0)
(37.0,435.0)
(435.0,435.0)
(435.0,435.0)
(417.0,435.0)
(435.0,435.0)
(435.0,435.0)
(395.0,435.0)
(435.0,435.0)
(435.0,435.0)
(435.0,435.0)
(435.0,435.0)
(435.0,435.0)
(435.0,435.0)
(435.0,435.0)
(435.0,435.0)
(435.0,435.0)
(435.0,435.0)
(435.0,435.0)
(435.0,435.0)
(435.0,435.0)
(421.0,435.0)
(435.0,435.0)
(395.0,435.0)
(435.0,435.0)
(435.0,435.0)
(435.0,435.0)
(435.0,435.0)
(435.0,435.0)
(435.0,435.0)
(435.0,435.0)
(435.0,435.0)
(435.0,435.0)
(435.0,435.0)
(435.0,435.0)
(435.0,435.0)
(435.0,435.0)
(435.0,435.0)
(435.0,435.0)
(435.0,435.0)
(785.0,435.0)
(435.0,435.0)
(435.0,435.0)
(435.0,435.0)
(435.0,435.0)
(435.0,435.0)
(435.0,435.0)
(435.0,435.0)
(435.0,435.0)
(435.0,435.0)
(435.0,435.0)
(435.0,435.0)
(435.0,435.0)
(435.0,435.0)
(435.0,435.0)
(435.0,435.0)
(435.0,435.0)
(435.0,435.0)
(435.0,435.0)
(435.0,435.0)
(435.0,435.0)
(435.0,435.0)
(435.0,435.0)
(435.0,435.0)
(435.0,435.0)
(435.0,435.0)
(435.0,435.0)
(435.0,435.0)
(435.0,435.0)
(435.0,435.0)
(435.0,435.0)
(435.0,435.0)
(435.0,435.0)
(435.0,435.0)
(435.0,435.0)
(435.0,435.0)
(435.0,435.0)
(435.0,435.0)
(435.0,435.0)
(435.0,435.0)
(435.0,435.0)
(435.0,435.0)
(435.0,435.0)
(435.0,435.0)
(435.0,435.0)
(435.0,435.0)
(435.0,435.0)
(435.0,435.0)
(395.0,435.0)
(435.0,435.0)
(435.0,435.0)
(435.0,435.0)
(435.0,435.0)
(435.0,435.0)
(435.0,435.0)
(435.0,435.0)
(435.0,435.0)
(435.0,435.0)
(435.0,435.0)
(435.0,435.0)
(435.0,435.0)
(435.0,435.0)
(435.0,435.0)
(435.0,435.0)
(395.0,435.0)
(435.0,435.0)
(435.0,435.0)
(435.0,435.0)
(435.0,435.0)
(435.0,435.0)
(435.0,435.0)
(435.0,435.0)
(435.0,435.0)
(435.0,435.0)
(435.0,435.0)
(435.0,435.0)
(435.0,435.0)
(435.0,435.0)
(435.0,435.0)
(435.0,435.0)
(435.0,435.0)
(435.0,435.0)
(435.0,435.0)
(435.0,435.0)
(435.0,435.0)
(435.0,435.0)
(435.0,435.0)
(435.0,435.0)
(435.0,435.0)
(396.0,435.0)
(435.0,435.0)
(435.0,435.0)
(435.0,435.0)
(435.0,435.0)
(435.0,435.0)
(435.0,435.0)
(435.0,435.0)
(435.0,435.0)
(435.0,435.0)
(435.0,435.0)
(395.0,435.0)
(435.0,435.0)
(396.0,435.0)
(435.0,435.0)
(435.0,435.0)
(435.0,435.0)
(417.0,435.0)
(435.0,435.0)
(435.0,435.0)
(421.0,435.0)
(435.0,435.0)
(435.0,435.0)
(435.0,435.0)
(435.0,435.0)
(435.0,435.0)
(435.0,435.0)
(435.0,435.0)
(435.0,435.0)
(435.0,435.0)
(435.0,435.0)
(455.0,435.0)
(447.0,435.0)
(435.0,435.0)
(396.0,435.0)
(395.0,435.0)
(435.0,435.0)
(435.0,435.0)
(435.0,435.0)
(435.0,435.0)
(435.0,435.0)
(435.0,435.0)
(435.0,435.0)
(435.0,435.0)
(435.0,435.0)
(435.0,435.0)
(435.0,435.0)
(435.0,435.0)
(435.0,435.0)
(435.0,435.0)
(435.0,435.0)
(435.0,435.0)
(435.0,435.0)
(435.0,435.0)
(435.0,435.0)
(435.0,435.0)
(435.0,435.0)
(435.0,435.0)
(435.0,435.0)
(395.0,435.0)
(435.0,435.0)
(435.0,435.0)
(435.0,435.0)
(435.0,435.0)
(435.0,435.0)
(435.0,435.0)
(435.0,435.0)
(435.0,435.0)
(435.0,435.0)
(435.0,435.0)
(435.0,435.0)
(435.0,435.0)
(435.0,435.0)
(435.0,435.0)
(435.0,435.0)
(435.0,435.0)
(435.0,435.0)
(435.0,435.0)
(435.0,435.0)
(435.0,435.0)
(435.0,435.0)
(435.0,435.0)
(435.0,435.0)
(435.0,435.0)
(435.0,435.0)
(435.0,435.0)
(435.0,435.0)
(435.0,435.0)
(435.0,435.0)
(435.0,435.0)
(435.0,435.0)
(435.0,435.0)
(435.0,435.0)
(435.0,435.0)
(435.0,435.0)
(435.0,435.0)
(435.0,435.0)
(435.0,435.0)
(435.0,435.0)
(435.0,435.0)
(435.0,435.0)
(435.0,435.0)
(787.0,435.0)
(435.0,435.0)
(435.0,435.0)
(435.0,435.0)
(435.0,435.0)
(435.0,435.0)
(435.0,435.0)
(435.0,435.0)
(435.0,435.0)
(435.0,435.0)
(435.0,435.0)
(435.0,435.0)
(435.0,435.0)
(435.0,435.0)
(435.0,435.0)
(435.0,435.0)
(435.0,435.0)
(435.0,435.0)
(435.0,435.0)
(435.0,435.0)
(435.0,435.0)
(435.0,435.0)
(435.0,435.0)
(435.0,435.0)
(435.0,435.0)
(435.0,435.0)
(396.0,435.0)
(395.0,435.0)
(435.0,435.0)
(435.0,435.0)
(482.0,435.0)
(785.0,435.0)
(435.0,435.0)
(435.0,435.0)
(483.0,435.0)
(435.0,435.0)
(435.0,435.0)
(435.0,435.0)
(435.0,435.0)
(435.0,435.0)
(37.0,435.0)
(435.0,435.0)
(435.0,435.0)
(435.0,435.0)
(396.0,435.0)
(435.0,435.0)
(483.0,435.0)
(396.0,435.0)
(435.0,435.0)
(435.0,435.0)
(435.0,435.0)
(435.0,435.0)
(435.0,435.0)
(435.0,435.0)
(435.0,435.0)
(435.0,435.0)
(435.0,435.0)
(435.0,435.0)
(435.0,435.0)
(396.0,435.0)
(483.0,435.0)
(435.0,435.0)
(435.0,435.0)
(435.0,435.0)
(435.0,435.0)
(435.0,435.0)
(435.0,435.0)
(396.0,435.0)
(435.0,435.0)
(435.0,435.0)
(435.0,435.0)
(435.0,435.0)
(435.0,435.0)
(435.0,435.0)
(435.0,435.0)
(786.0,435.0)
(435.0,435.0)
(435.0,435.0)
(435.0,435.0)
(435.0,435.0)
(435.0,435.0)
(435.0,435.0)
(435.0,435.0)
(435.0,435.0)
(435.0,435.0)
(435.0,435.0)
(435.0,435.0)
(435.0,435.0)
(435.0,435.0)
(435.0,435.0)
(435.0,435.0)
(435.0,435.0)
(435.0,435.0)
(435.0,435.0)
(435.0,435.0)
(435.0,435.0)
(435.0,435.0)
(435.0,435.0)
(435.0,435.0)
(417.0,435.0)
(435.0,435.0)
(435.0,435.0)
(435.0,435.0)
(435.0,435.0)
(435.0,435.0)
(435.0,435.0)
(435.0,435.0)
(435.0,435.0)
(435.0,435.0)
(435.0,435.0)
(435.0,435.0)
(435.0,435.0)
(435.0,435.0)
(435.0,435.0)
(435.0,435.0)
(435.0,435.0)
(395.0,435.0)
(435.0,435.0)
(447.0,435.0)
(435.0,435.0)
(435.0,435.0)
(435.0,435.0)
(435.0,435.0)
(435.0,435.0)
(435.0,435.0)
(435.0,435.0)
(435.0,435.0)
(435.0,435.0)
(435.0,435.0)
(786.0,435.0)
(435.0,435.0)
(435.0,435.0)
(435.0,435.0)
(435.0,435.0)
(786.0,435.0)
(413.0,435.0)
(435.0,435.0)
(435.0,435.0)
(435.0,435.0)
(435.0,435.0)
(435.0,435.0)
(435.0,435.0)
(435.0,435.0)
(435.0,435.0)
(435.0,435.0)
(435.0,435.0)
(435.0,435.0)
(435.0,435.0)
(435.0,435.0)
(435.0,435.0)
(435.0,435.0)
(435.0,435.0)
(435.0,435.0)
(435.0,435.0)
(435.0,435.0)
(435.0,435.0)
(435.0,435.0)
(435.0,435.0)
(435.0,435.0)
(435.0,435.0)
(435.0,435.0)
(435.0,435.0)
(435.0,435.0)
(435.0,435.0)
(435.0,435.0)
(435.0,435.0)
(435.0,435.0)
(435.0,435.0)
(417.0,435.0)
(435.0,435.0)
(435.0,435.0)
(435.0,435.0)
(435.0,435.0)
(435.0,435.0)
(435.0,435.0)
(435.0,435.0)
(785.0,435.0)
(435.0,435.0)
(435.0,435.0)
(435.0,435.0)
(435.0,435.0)
(435.0,435.0)
(435.0,435.0)
(435.0,435.0)
(435.0,435.0)
(786.0,435.0)
(435.0,435.0)
(435.0,435.0)
(435.0,435.0)
(435.0,435.0)
(435.0,435.0)
(435.0,435.0)
(435.0,435.0)
(435.0,435.0)
(435.0,435.0)
(435.0,435.0)
(435.0,435.0)
(435.0,435.0)
(435.0,435.0)
(435.0,435.0)
(435.0,435.0)
(435.0,435.0)
(435.0,435.0)
(435.0,435.0)
(435.0,435.0)
(435.0,435.0)
(435.0,435.0)
(435.0,435.0)
(435.0,435.0)
(435.0,435.0)
(435.0,435.0)
(435.0,435.0)
(435.0,435.0)
(435.0,435.0)
(435.0,435.0)
(435.0,435.0)
(435.0,435.0)
(435.0,435.0)
(435.0,435.0)
(435.0,435.0)
(435.0,435.0)
(435.0,435.0)
(435.0,435.0)
(435.0,435.0)
(435.0,435.0)
(417.0,435.0)
(435.0,435.0)
(435.0,435.0)
(435.0,435.0)
(435.0,435.0)
(435.0,435.0)
(435.0,435.0)
(435.0,435.0)
(435.0,435.0)
(435.0,435.0)
(435.0,435.0)
(435.0,435.0)
(435.0,435.0)
(435.0,435.0)
(435.0,435.0)
(435.0,435.0)
(435.0,435.0)
(435.0,435.0)
(435.0,435.0)
(435.0,435.0)
(435.0,435.0)
(435.0,435.0)
(435.0,435.0)
(435.0,435.0)
(435.0,435.0)
(435.0,435.0)
(435.0,435.0)
(435.0,435.0)
(435.0,435.0)
(435.0,435.0)
(435.0,435.0)
(435.0,435.0)
(435.0,435.0)
(435.0,435.0)
(435.0,435.0)
(435.0,435.0)
(435.0,435.0)
(435.0,435.0)
(435.0,435.0)
(435.0,435.0)
(435.0,435.0)
(435.0,435.0)
(435.0,435.0)
(435.0,435.0)
(435.0,435.0)
(435.0,435.0)
(435.0,435.0)
(435.0,435.0)
(435.0,435.0)
(435.0,435.0)
(435.0,435.0)
(435.0,435.0)
(435.0,435.0)
(435.0,435.0)
(435.0,435.0)
(435.0,435.0)
(435.0,435.0)
(435.0,435.0)
(482.0,435.0)
(435.0,435.0)
(435.0,435.0)
(413.0,435.0)
(435.0,435.0)
(435.0,435.0)
(435.0,435.0)
(435.0,435.0)
(435.0,435.0)
(435.0,435.0)
(435.0,435.0)
(435.0,435.0)
(435.0,435.0)
(435.0,435.0)
(435.0,435.0)
(435.0,435.0)
(435.0,435.0)
(435.0,435.0)
(435.0,435.0)
(435.0,435.0)
(435.0,435.0)
(435.0,435.0)
(786.0,435.0)
(435.0,435.0)
(435.0,435.0)
(435.0,435.0)
(435.0,435.0)
(435.0,435.0)
(435.0,435.0)
(786.0,435.0)
(447.0,435.0)
(435.0,435.0)
(435.0,435.0)
(435.0,435.0)
(435.0,435.0)
(435.0,435.0)
(435.0,435.0)
(435.0,435.0)
(435.0,435.0)
(435.0,435.0)
(404.0,435.0)
(435.0,435.0)
(435.0,435.0)
(435.0,435.0)
(435.0,435.0)
(435.0,435.0)
(435.0,435.0)
(435.0,435.0)
(435.0,435.0)
(435.0,435.0)
(435.0,435.0)
(435.0,435.0)
(435.0,435.0)
(435.0,435.0)
(435.0,435.0)
(435.0,435.0)
(435.0,435.0)
(417.0,435.0)
(435.0,435.0)
(435.0,435.0)
(435.0,435.0)
(435.0,435.0)
(435.0,435.0)
(435.0,435.0)
(435.0,435.0)
(435.0,435.0)
(435.0,435.0)
(435.0,435.0)
(435.0,435.0)
(435.0,435.0)
(435.0,435.0)
(435.0,435.0)
(435.0,435.0)
(435.0,435.0)
(435.0,435.0)
(435.0,435.0)
(435.0,435.0)
(435.0,435.0)
(435.0,435.0)
(435.0,435.0)
(435.0,435.0)
(435.0,435.0)
(435.0,435.0)
(435.0,435.0)
(435.0,435.0)
(435.0,435.0)
(435.0,435.0)
(435.0,435.0)
(435.0,435.0)
(435.0,435.0)
(435.0,435.0)
(435.0,435.0)
(435.0,435.0)
(435.0,435.0)
(376.0,435.0)
(435.0,435.0)
(435.0,435.0)
(435.0,435.0)
(435.0,435.0)
(435.0,435.0)
(435.0,435.0)
(435.0,435.0)
(435.0,435.0)
(435.0,435.0)
(435.0,435.0)
(435.0,435.0)
(435.0,435.0)
(786.0,435.0)
(435.0,435.0)
(435.0,435.0)
(435.0,435.0)
(435.0,435.0)
(435.0,435.0)
(435.0,435.0)
(435.0,435.0)
(435.0,435.0)
(435.0,435.0)
(435.0,435.0)
(435.0,435.0)
(435.0,435.0)
(435.0,435.0)
(435.0,435.0)
(435.0,435.0)
(435.0,435.0)
(435.0,435.0)
(447.0,435.0)
(435.0,435.0)
(435.0,435.0)
(435.0,435.0)
(435.0,435.0)
(435.0,435.0)
(435.0,435.0)
(435.0,435.0)
(435.0,435.0)
(435.0,435.0)
(435.0,435.0)
(435.0,435.0)
(435.0,435.0)
(435.0,435.0)
(435.0,435.0)
(435.0,435.0)
(435.0,435.0)
(435.0,435.0)
(435.0,435.0)
(435.0,435.0)
(435.0,435.0)
(435.0,435.0)
(435.0,435.0)
(435.0,435.0)
(435.0,435.0)
(435.0,435.0)
(435.0,435.0)
(435.0,435.0)
(786.0,435.0)
(786.0,435.0)
(435.0,435.0)
(435.0,435.0)
(435.0,435.0)
(435.0,435.0)
(435.0,435.0)
(435.0,435.0)
(435.0,435.0)
(435.0,435.0)
(435.0,435.0)
(435.0,435.0)
(435.0,435.0)
(435.0,435.0)
(435.0,435.0)
(435.0,435.0)
(435.0,435.0)
(435.0,435.0)
(435.0,435.0)
(435.0,435.0)
(435.0,435.0)
(435.0,435.0)
(435.0,435.0)
(435.0,435.0)
(435.0,435.0)
(435.0,435.0)
(435.0,435.0)
(435.0,435.0)
(435.0,435.0)
(435.0,435.0)
(435.0,435.0)
(435.0,435.0)
(435.0,435.0)
(435.0,435.0)
(435.0,435.0)
(435.0,435.0)
(435.0,435.0)
(435.0,435.0)
(435.0,435.0)
(435.0,435.0)
(522.0,435.0)
(435.0,435.0)
(435.0,435.0)
(435.0,435.0)
(435.0,435.0)
(435.0,435.0)
(435.0,435.0)
(435.0,435.0)
(435.0,435.0)
(435.0,435.0)
(435.0,435.0)
(435.0,435.0)
(435.0,435.0)
(435.0,435.0)
(435.0,435.0)
(435.0,435.0)
(435.0,435.0)
(435.0,435.0)
(435.0,435.0)
(435.0,435.0)
(435.0,435.0)
(435.0,435.0)
(435.0,435.0)
(435.0,435.0)
(435.0,435.0)
(435.0,435.0)
(435.0,435.0)
(435.0,435.0)
(435.0,435.0)
(435.0,435.0)
(435.0,435.0)
(435.0,435.0)
(435.0,435.0)
(435.0,435.0)
(435.0,435.0)
(435.0,435.0)
(435.0,435.0)
(435.0,435.0)
(435.0,435.0)
(447.0,435.0)
(435.0,435.0)
(435.0,435.0)
(435.0,435.0)
(435.0,435.0)
(435.0,435.0)
(435.0,435.0)
(435.0,435.0)
(435.0,435.0)
(435.0,435.0)
(435.0,435.0)
(435.0,435.0)
(435.0,435.0)
(435.0,435.0)
(435.0,435.0)
(435.0,435.0)
(435.0,435.0)
(435.0,435.0)
(435.0,435.0)
(395.0,435.0)
(435.0,435.0)
(435.0,435.0)
(435.0,435.0)
(435.0,435.0)
(435.0,435.0)
(435.0,435.0)
(435.0,435.0)
(435.0,435.0)
(435.0,435.0)
(435.0,435.0)
(447.0,435.0)
(426.0,435.0)
(435.0,435.0)
(435.0,435.0)
(435.0,435.0)
(435.0,435.0)
(435.0,435.0)
(435.0,435.0)
(435.0,435.0)
(447.0,435.0)
(435.0,435.0)
(435.0,435.0)
(435.0,435.0)
(396.0,435.0)
(435.0,435.0)
(435.0,435.0)
(435.0,435.0)
(435.0,435.0)
(435.0,435.0)
(435.0,435.0)
(435.0,435.0)
(435.0,435.0)
(482.0,435.0)
(435.0,435.0)
(435.0,435.0)
(435.0,435.0)
(435.0,435.0)
(435.0,435.0)
(435.0,435.0)
(435.0,435.0)
(435.0,435.0)
(435.0,435.0)
(435.0,435.0)
(435.0,435.0)
(435.0,435.0)
(435.0,435.0)
(435.0,435.0)
(435.0,435.0)
(435.0,435.0)
(427.0,435.0)
(435.0,435.0)
(435.0,435.0)
(435.0,435.0)
(435.0,435.0)
(435.0,435.0)
(435.0,435.0)
(435.0,435.0)
(435.0,435.0)
(435.0,435.0)
(435.0,435.0)
(351.0,435.0)
(435.0,435.0)
(435.0,435.0)
(435.0,435.0)
(435.0,435.0)
(435.0,435.0)
(435.0,435.0)
(447.0,435.0)
(435.0,435.0)
(435.0,435.0)
(435.0,435.0)
(455.0,435.0)
(435.0,435.0)
(435.0,435.0)
(482.0,435.0)
(435.0,435.0)
(435.0,435.0)
(435.0,435.0)
(435.0,435.0)
(435.0,435.0)
(417.0,435.0)
(435.0,435.0)
(435.0,435.0)
(426.0,435.0)
(482.0,435.0)
(435.0,435.0)
(435.0,435.0)
(435.0,435.0)
(455.0,435.0)
(435.0,435.0)
(417.0,435.0)
(435.0,435.0)
(435.0,435.0)
(435.0,435.0)
(435.0,435.0)
(435.0,435.0)
(435.0,435.0)
(482.0,435.0)
(435.0,435.0)
(435.0,435.0)
(435.0,435.0)
(435.0,435.0)
(435.0,435.0)
(435.0,435.0)
(435.0,435.0)
(435.0,435.0)
(435.0,435.0)
(435.0,435.0)
(435.0,435.0)
(455.0,435.0)
(435.0,435.0)
(435.0,435.0)
(435.0,435.0)
(435.0,435.0)
(471.0,435.0)
(483.0,435.0)
(435.0,435.0)
(435.0,435.0)
(435.0,435.0)
(435.0,435.0)
(435.0,435.0)
(435.0,435.0)
(435.0,435.0)
(435.0,435.0)
(421.0,435.0)
(435.0,435.0)
(435.0,435.0)
(435.0,435.0)
(435.0,435.0)
(435.0,435.0)
(435.0,435.0)
(435.0,435.0)
(435.0,435.0)
(435.0,435.0)
(435.0,435.0)
(435.0,435.0)
(435.0,435.0)
(395.0,435.0)
(435.0,435.0)
(435.0,435.0)
(435.0,435.0)
(435.0,435.0)
(435.0,435.0)
(435.0,435.0)
(435.0,435.0)
(435.0,435.0)
(435.0,435.0)
(435.0,435.0)
(435.0,435.0)
(435.0,435.0)
(431.0,435.0)
(435.0,435.0)
(435.0,435.0)
(447.0,435.0)
(395.0,435.0)
(435.0,435.0)
(435.0,435.0)
(396.0,435.0)
(435.0,435.0)
(435.0,435.0)
(435.0,435.0)
(435.0,435.0)
(435.0,435.0)
(435.0,435.0)
(435.0,435.0)
(435.0,435.0)
(435.0,435.0)
(435.0,435.0)
(435.0,435.0)
(435.0,435.0)
(435.0,435.0)
(787.0,435.0)
(435.0,435.0)
(435.0,435.0)
(786.0,435.0)
(435.0,435.0)
(435.0,435.0)
(435.0,435.0)
(435.0,435.0)
(435.0,435.0)
(435.0,435.0)
(435.0,435.0)
(435.0,435.0)
(435.0,435.0)
(435.0,435.0)
(435.0,435.0)
(435.0,435.0)
(435.0,435.0)
(435.0,435.0)
(435.0,435.0)
(435.0,435.0)
(435.0,435.0)
(435.0,435.0)
(435.0,435.0)
(435.0,435.0)
(786.0,435.0)
(435.0,435.0)
(427.0,435.0)
(427.0,435.0)
(435.0,435.0)
(435.0,435.0)
(435.0,435.0)
(435.0,435.0)
(435.0,435.0)
(435.0,435.0)
(786.0,435.0)
(435.0,435.0)
(435.0,435.0)
(15.0,435.0)
(435.0,435.0)
(435.0,435.0)
(435.0,435.0)
(427.0,435.0)
(786.0,435.0)
(435.0,435.0)
(435.0,435.0)
(435.0,435.0)
(786.0,435.0)
(435.0,435.0)
(786.0,435.0)
(435.0,435.0)
(435.0,435.0)
(786.0,435.0)
(427.0,435.0)
(382.0,435.0)
(435.0,435.0)
(435.0,435.0)
(787.0,435.0)
(435.0,435.0)
(786.0,435.0)
(786.0,435.0)
(435.0,435.0)
(435.0,435.0)
(435.0,435.0)
(435.0,435.0)
(786.0,435.0)
(786.0,435.0)
(435.0,435.0)
(435.0,435.0)
(435.0,435.0)
(435.0,435.0)
(435.0,435.0)
(435.0,435.0)
(435.0,435.0)
(435.0,435.0)
(787.0,435.0)
(435.0,435.0)
(435.0,435.0)
(786.0,435.0)
(435.0,435.0)
(786.0,435.0)
(435.0,435.0)
(435.0,435.0)
(435.0,435.0)
(435.0,435.0)
(435.0,435.0)
(435.0,435.0)
(435.0,435.0)
(435.0,435.0)
(435.0,435.0)
(427.0,435.0)
(435.0,435.0)
(435.0,435.0)
(435.0,435.0)
(435.0,435.0)
(15.0,435.0)
(435.0,435.0)
(435.0,435.0)
(435.0,435.0)
(786.0,435.0)
(435.0,435.0)
(435.0,435.0)
(435.0,435.0)
(787.0,435.0)
(435.0,435.0)
(427.0,435.0)
(435.0,435.0)
(427.0,435.0)
(435.0,435.0)
(435.0,435.0)
(435.0,435.0)
(802.0,435.0)
(435.0,435.0)
(786.0,435.0)
(435.0,435.0)
(435.0,435.0)
(427.0,435.0)
(435.0,435.0)
(435.0,435.0)
(787.0,435.0)
(435.0,435.0)
(435.0,435.0)
(435.0,435.0)
(435.0,435.0)
(435.0,435.0)
(435.0,435.0)
(435.0,435.0)
(435.0,435.0)
(435.0,435.0)
(435.0,435.0)
(435.0,435.0)
(786.0,435.0)
(786.0,435.0)
(435.0,435.0)
(427.0,435.0)
(427.0,435.0)
(435.0,435.0)
(435.0,435.0)
(435.0,435.0)
(435.0,435.0)
(435.0,435.0)
(435.0,435.0)
(435.0,435.0)
(435.0,435.0)
(435.0,435.0)
(435.0,435.0)
(427.0,435.0)
(435.0,435.0)
(786.0,435.0)
(435.0,435.0)
(435.0,435.0)
(435.0,435.0)
(435.0,435.0)
(435.0,435.0)
(435.0,435.0)
(427.0,435.0)
(426.0,435.0)
(435.0,435.0)
(435.0,435.0)
(435.0,435.0)
(786.0,435.0)
(427.0,435.0)
(793.0,435.0)
(435.0,435.0)
(435.0,435.0)
(435.0,435.0)
(427.0,435.0)
(435.0,435.0)
(435.0,435.0)
(435.0,435.0)
(435.0,435.0)
(435.0,435.0)
(435.0,435.0)
(435.0,435.0)
(435.0,435.0)
(435.0,435.0)
(435.0,435.0)
(435.0,435.0)
(435.0,435.0)
(786.0,435.0)
(435.0,435.0)
(435.0,435.0)
(435.0,435.0)
(435.0,435.0)
(787.0,435.0)
(435.0,435.0)
(435.0,435.0)
(786.0,435.0)
(435.0,435.0)
(435.0,435.0)
(435.0,435.0)
(435.0,435.0)
(435.0,435.0)
(435.0,435.0)
(435.0,435.0)
(395.0,435.0)
(435.0,435.0)
(395.0,435.0)
(435.0,435.0)
(435.0,435.0)
(435.0,435.0)
(435.0,435.0)
(435.0,435.0)
(435.0,435.0)
(435.0,435.0)
(395.0,435.0)
(435.0,435.0)
(435.0,435.0)
(435.0,435.0)
(435.0,435.0)
(435.0,435.0)
(435.0,435.0)
(435.0,435.0)
(42.0,435.0)
(435.0,435.0)
(435.0,435.0)
(435.0,435.0)
(395.0,435.0)
(435.0,435.0)
(435.0,435.0)
(435.0,435.0)
(435.0,435.0)
(435.0,435.0)
(435.0,435.0)
(435.0,435.0)
(435.0,435.0)
(786.0,435.0)
(435.0,435.0)
(395.0,435.0)
(395.0,435.0)
(482.0,435.0)
(435.0,435.0)
(435.0,435.0)
(435.0,435.0)
(435.0,435.0)
(435.0,435.0)
(395.0,435.0)
(435.0,435.0)
(435.0,435.0)
(435.0,435.0)
(435.0,435.0)
(435.0,435.0)
(435.0,435.0)
(447.0,435.0)
(482.0,435.0)
(417.0,435.0)
(435.0,435.0)
(435.0,435.0)
(435.0,435.0)
(435.0,435.0)
(435.0,435.0)
(417.0,435.0)
(435.0,435.0)
(435.0,435.0)
(396.0,435.0)
(435.0,435.0)
(435.0,435.0)
(435.0,435.0)
(435.0,435.0)
(435.0,435.0)
(435.0,435.0)
(435.0,435.0)
(435.0,435.0)
(435.0,435.0)
(435.0,435.0)
(435.0,435.0)
(435.0,435.0)
(435.0,435.0)
(435.0,435.0)
(435.0,435.0)
(368.0,435.0)
(435.0,435.0)
(435.0,435.0)
(435.0,435.0)
(435.0,435.0)
(435.0,435.0)
(435.0,435.0)
(435.0,435.0)
(435.0,435.0)
(38.0,435.0)
(455.0,435.0)
(435.0,435.0)
(435.0,435.0)
(435.0,435.0)
(447.0,435.0)
(435.0,435.0)
(786.0,435.0)
(435.0,435.0)
(435.0,435.0)
(427.0,435.0)
(435.0,435.0)
(395.0,435.0)
(435.0,435.0)
(435.0,435.0)
(435.0,435.0)
(435.0,435.0)
(435.0,435.0)
(435.0,435.0)
(435.0,435.0)
(427.0,435.0)
(435.0,435.0)
(482.0,435.0)
(435.0,435.0)
(447.0,435.0)
(435.0,435.0)
(435.0,435.0)
(435.0,435.0)
(435.0,435.0)
(435.0,435.0)
(435.0,435.0)
(435.0,435.0)
(435.0,435.0)
(482.0,435.0)
(435.0,435.0)
(426.0,435.0)
(435.0,435.0)
(435.0,435.0)
(435.0,435.0)
(435.0,435.0)
(435.0,435.0)
(435.0,435.0)
(435.0,435.0)
(435.0,435.0)
(435.0,435.0)
(435.0,435.0)
(435.0,435.0)
(435.0,435.0)
(435.0,435.0)
(435.0,435.0)
(435.0,435.0)
(435.0,435.0)
(435.0,435.0)
(435.0,435.0)
(435.0,435.0)
(435.0,435.0)
(435.0,435.0)
(435.0,435.0)
(435.0,435.0)
(435.0,435.0)
(435.0,435.0)
(435.0,435.0)
(435.0,435.0)
(435.0,435.0)
(435.0,435.0)
(435.0,435.0)
(435.0,435.0)
(435.0,435.0)
(455.0,435.0)
(435.0,435.0)
(435.0,435.0)
(435.0,435.0)
(417.0,435.0)
(435.0,435.0)
(435.0,435.0)
(435.0,435.0)
(435.0,435.0)
(435.0,435.0)
(435.0,435.0)
(435.0,435.0)
(435.0,435.0)
(435.0,435.0)
(396.0,435.0)
(435.0,435.0)
(435.0,435.0)
(435.0,435.0)
(435.0,435.0)
(435.0,435.0)
(435.0,435.0)
(786.0,435.0)
(435.0,435.0)
(435.0,435.0)
(435.0,435.0)
(435.0,435.0)
(435.0,435.0)
(435.0,435.0)
(435.0,435.0)
(435.0,435.0)
(435.0,435.0)
(785.0,435.0)
(786.0,435.0)
(435.0,435.0)
(435.0,435.0)
(786.0,435.0)
(435.0,435.0)
(435.0,435.0)
(435.0,435.0)
(435.0,435.0)
(363.0,435.0)
(435.0,435.0)
(435.0,435.0)
(435.0,435.0)
(435.0,435.0)
(435.0,435.0)
(435.0,435.0)
(455.0,435.0)
(435.0,435.0)
(435.0,435.0)
(435.0,435.0)
(435.0,435.0)
(435.0,435.0)
(435.0,435.0)
(455.0,435.0)
(435.0,435.0)
(435.0,435.0)
(435.0,435.0)
(435.0,435.0)
(435.0,435.0)
(435.0,435.0)
(435.0,435.0)
(435.0,435.0)
(435.0,435.0)
(435.0,435.0)
(447.0,435.0)
(435.0,435.0)
(435.0,435.0)
(427.0,435.0)
(435.0,435.0)
(435.0,435.0)
(435.0,435.0)
(435.0,435.0)
(404.0,435.0)
(435.0,435.0)
(417.0,435.0)
(447.0,435.0)
(435.0,435.0)
(435.0,435.0)
(435.0,435.0)
(435.0,435.0)
(435.0,435.0)
(435.0,435.0)
(435.0,435.0)
(435.0,435.0)
(435.0,435.0)
(435.0,435.0)
(455.0,435.0)
(435.0,435.0)
(435.0,435.0)
(455.0,435.0)
(455.0,435.0)
(435.0,435.0)
(435.0,435.0)
(435.0,435.0)
(435.0,435.0)
(455.0,435.0)
(435.0,435.0)
(435.0,435.0)
(435.0,435.0)
(427.0,435.0)
(447.0,435.0)
(435.0,435.0)
(435.0,435.0)
(447.0,435.0)
(435.0,435.0)
(435.0,435.0)
(435.0,435.0)
(417.0,435.0)
(435.0,435.0)
(435.0,435.0)
(435.0,435.0)
(435.0,435.0)
(435.0,435.0)
(455.0,435.0)
(455.0,435.0)
(435.0,435.0)
(455.0,435.0)
(435.0,435.0)
(435.0,435.0)
(435.0,435.0)
(455.0,435.0)
(447.0,435.0)
(780.0,435.0)
(435.0,435.0)
(435.0,435.0)
(435.0,435.0)
(455.0,435.0)
(455.0,435.0)
(435.0,435.0)
(435.0,435.0)
(435.0,435.0)
(435.0,435.0)
(435.0,435.0)
(435.0,435.0)
(435.0,435.0)
(421.0,435.0)
(435.0,435.0)
(435.0,435.0)
(435.0,435.0)
(447.0,435.0)
(435.0,435.0)
(435.0,435.0)
(435.0,435.0)
(435.0,435.0)
(435.0,435.0)
(447.0,435.0)
(435.0,435.0)
(435.0,435.0)
(435.0,435.0)
(435.0,435.0)
(455.0,435.0)
(435.0,435.0)
(435.0,435.0)
(455.0,435.0)
(435.0,435.0)
(435.0,435.0)
(435.0,435.0)
(435.0,435.0)
(447.0,435.0)
(435.0,435.0)
(435.0,435.0)
(435.0,435.0)
(435.0,435.0)
(435.0,435.0)
(435.0,435.0)
(435.0,435.0)
(435.0,435.0)
(435.0,435.0)
(435.0,435.0)
(413.0,435.0)
(435.0,435.0)
(447.0,435.0)
(435.0,435.0)
(435.0,435.0)
(455.0,435.0)
(435.0,435.0)
(435.0,435.0)
(435.0,435.0)
(447.0,435.0)
(447.0,435.0)
(435.0,435.0)
(435.0,435.0)
(435.0,435.0)
(435.0,435.0)
(435.0,435.0)
(435.0,435.0)
(435.0,435.0)
(435.0,435.0)
(435.0,435.0)
(435.0,435.0)
(435.0,435.0)
(435.0,435.0)
(435.0,435.0)
(435.0,435.0)
(435.0,435.0)
(435.0,435.0)
(435.0,435.0)
(435.0,435.0)
(435.0,435.0)
(435.0,435.0)
(435.0,435.0)
(404.0,435.0)
(435.0,435.0)
(435.0,435.0)
(447.0,435.0)
(435.0,435.0)
(435.0,435.0)
(435.0,435.0)
(455.0,435.0)
(435.0,435.0)
(435.0,435.0)
(435.0,435.0)
(435.0,435.0)
(435.0,435.0)
(435.0,435.0)
(435.0,435.0)
(435.0,435.0)
(435.0,435.0)
(435.0,435.0)
(447.0,435.0)
(435.0,435.0)
(435.0,435.0)
(455.0,435.0)
(435.0,435.0)
(435.0,435.0)
(435.0,435.0)
(435.0,435.0)
(435.0,435.0)
(435.0,435.0)
(387.0,435.0)
(435.0,435.0)
(447.0,435.0)
(435.0,435.0)
(417.0,435.0)
(455.0,435.0)
(435.0,435.0)
(455.0,435.0)
(435.0,435.0)
(435.0,435.0)
(435.0,435.0)
(435.0,435.0)
(435.0,435.0)
(435.0,435.0)
(435.0,435.0)
(435.0,435.0)
(786.0,435.0)
(435.0,435.0)
(435.0,435.0)
(435.0,435.0)
(435.0,435.0)
(435.0,435.0)
(435.0,435.0)
(435.0,435.0)
(455.0,435.0)
(435.0,435.0)
(435.0,435.0)
(435.0,435.0)
(417.0,435.0)
(435.0,435.0)
(455.0,435.0)
(435.0,435.0)
(435.0,435.0)
(435.0,435.0)
(435.0,435.0)
(435.0,435.0)
(435.0,435.0)
(435.0,435.0)
(435.0,435.0)
(435.0,435.0)
(435.0,435.0)
(435.0,435.0)
(447.0,435.0)
(455.0,435.0)
(455.0,435.0)
(435.0,435.0)
(435.0,435.0)
(447.0,435.0)
(435.0,435.0)
(435.0,435.0)
(435.0,435.0)
(479.0,435.0)
(435.0,435.0)
(435.0,435.0)
(435.0,435.0)
(435.0,435.0)
(417.0,435.0)
(435.0,435.0)
(435.0,435.0)
(435.0,435.0)
(435.0,435.0)
(435.0,435.0)
(435.0,435.0)
(435.0,435.0)
(417.0,435.0)
(455.0,435.0)
(435.0,435.0)
(455.0,435.0)
(435.0,435.0)
(435.0,435.0)
(435.0,435.0)
(435.0,435.0)
(435.0,435.0)
(435.0,435.0)
(435.0,435.0)
(435.0,435.0)
(435.0,435.0)
(435.0,435.0)
(447.0,435.0)
(435.0,435.0)
(435.0,435.0)
(435.0,435.0)
(435.0,435.0)
(455.0,435.0)
(447.0,435.0)
(455.0,435.0)
(435.0,435.0)
(435.0,435.0)
(435.0,435.0)
(417.0,435.0)
(435.0,435.0)
(455.0,435.0)
(435.0,435.0)
(786.0,435.0)
(421.0,435.0)
(455.0,435.0)
(435.0,435.0)
(435.0,435.0)
(435.0,435.0)
(435.0,435.0)
(435.0,435.0)
(447.0,435.0)
(435.0,435.0)
(435.0,435.0)
(455.0,435.0)
(435.0,435.0)
(435.0,435.0)
(435.0,435.0)
(435.0,435.0)
(435.0,435.0)
(435.0,435.0)
(435.0,435.0)
(786.0,435.0)
(435.0,435.0)
(435.0,435.0)
(435.0,435.0)
(435.0,435.0)
(435.0,435.0)
(455.0,435.0)
(435.0,435.0)
(435.0,435.0)
(435.0,435.0)
(435.0,435.0)
(435.0,435.0)
(435.0,435.0)
(435.0,435.0)
(435.0,435.0)
(435.0,435.0)
(435.0,435.0)
(413.0,435.0)
(455.0,435.0)
(435.0,435.0)
(435.0,435.0)
(455.0,435.0)
(435.0,435.0)
(435.0,435.0)
(435.0,435.0)
(455.0,435.0)
(455.0,435.0)
(435.0,435.0)
(435.0,435.0)
(413.0,435.0)
(435.0,435.0)
(435.0,435.0)
(435.0,435.0)
(435.0,435.0)
(435.0,435.0)
(435.0,435.0)
(435.0,435.0)
(455.0,435.0)
(435.0,435.0)
(435.0,435.0)
(435.0,435.0)
(455.0,435.0)
(435.0,435.0)
(435.0,435.0)
(435.0,435.0)
(435.0,435.0)
(38.0,435.0)
(435.0,435.0)
(435.0,435.0)
(435.0,435.0)
(435.0,435.0)
(435.0,435.0)
(435.0,435.0)
(435.0,435.0)
(435.0,435.0)
(435.0,435.0)
(435.0,435.0)
(455.0,435.0)
(455.0,435.0)
(435.0,435.0)
(435.0,435.0)
(435.0,435.0)
(435.0,435.0)
(435.0,435.0)
(435.0,435.0)
(435.0,435.0)
(447.0,435.0)
(435.0,435.0)
(435.0,435.0)
(435.0,435.0)
(435.0,435.0)
(435.0,435.0)
(435.0,435.0)
(435.0,435.0)
(435.0,435.0)
(435.0,435.0)
(435.0,435.0)
(435.0,435.0)
(455.0,435.0)
(435.0,435.0)
(786.0,435.0)
(435.0,435.0)
(435.0,435.0)
(435.0,435.0)
(435.0,435.0)
(435.0,435.0)
(435.0,435.0)
(435.0,435.0)
(435.0,435.0)
(435.0,435.0)
(435.0,435.0)
(435.0,435.0)
(435.0,435.0)
(435.0,435.0)
(435.0,435.0)
(435.0,435.0)
(417.0,435.0)
(435.0,435.0)
(435.0,435.0)
(435.0,435.0)
(435.0,435.0)
(435.0,435.0)
(435.0,435.0)
(435.0,435.0)
(435.0,435.0)
(435.0,435.0)
(435.0,435.0)
(455.0,435.0)
(435.0,435.0)
(435.0,435.0)
(435.0,435.0)
(435.0,435.0)
(435.0,435.0)
(435.0,435.0)
(435.0,435.0)
(781.0,435.0)
(447.0,435.0)
(435.0,435.0)
(435.0,435.0)
(435.0,435.0)
(435.0,435.0)
(435.0,435.0)
(435.0,435.0)
(435.0,435.0)
(435.0,435.0)
(435.0,435.0)
(435.0,435.0)
(455.0,435.0)
(435.0,435.0)
(435.0,435.0)
(435.0,435.0)
(435.0,435.0)
(435.0,435.0)
(435.0,435.0)
(435.0,435.0)
(435.0,435.0)
(435.0,435.0)
(435.0,435.0)
(435.0,435.0)
(435.0,435.0)
(435.0,435.0)
(435.0,435.0)
(435.0,435.0)
(435.0,435.0)
(435.0,435.0)
(447.0,435.0)
(435.0,435.0)
(435.0,435.0)
(435.0,435.0)
(435.0,435.0)
(435.0,435.0)
(435.0,435.0)
(435.0,435.0)
(435.0,435.0)
(435.0,435.0)
(435.0,435.0)
(435.0,435.0)
(435.0,435.0)
(435.0,435.0)
(435.0,435.0)
(435.0,435.0)
(435.0,435.0)
(435.0,435.0)
(435.0,435.0)
(435.0,435.0)
(435.0,435.0)
(455.0,435.0)
(435.0,435.0)
(435.0,435.0)
(455.0,435.0)
(435.0,435.0)
(435.0,435.0)
(435.0,435.0)
(435.0,435.0)
(435.0,435.0)
(435.0,435.0)
(435.0,435.0)
(786.0,435.0)
(435.0,435.0)
(435.0,435.0)
(435.0,435.0)
(435.0,435.0)
(435.0,435.0)
(455.0,435.0)
(435.0,435.0)
(455.0,435.0)
(435.0,435.0)
(435.0,435.0)
(435.0,435.0)
(435.0,435.0)
(435.0,435.0)
(455.0,435.0)
(435.0,435.0)
(435.0,435.0)
(435.0,435.0)
(435.0,435.0)
(435.0,435.0)
(435.0,435.0)
(435.0,435.0)
(455.0,435.0)
(435.0,435.0)
(435.0,435.0)
(455.0,435.0)
(435.0,435.0)
(435.0,435.0)
(435.0,435.0)
(435.0,435.0)
(435.0,435.0)
(435.0,435.0)
(435.0,435.0)
(435.0,435.0)
(435.0,435.0)
(435.0,435.0)
(435.0,435.0)
(435.0,435.0)
(435.0,435.0)
(435.0,435.0)
(435.0,435.0)
(421.0,435.0)
(435.0,435.0)
(435.0,435.0)
(435.0,435.0)
(435.0,435.0)
(435.0,435.0)
(435.0,435.0)
(786.0,435.0)
(435.0,435.0)
(435.0,435.0)
(435.0,435.0)
(435.0,435.0)
(435.0,435.0)
(435.0,435.0)
(435.0,435.0)
(435.0,435.0)
(435.0,435.0)
(435.0,435.0)
(435.0,435.0)
(455.0,435.0)
(404.0,435.0)
(435.0,435.0)
(435.0,435.0)
(435.0,435.0)
(435.0,435.0)
(435.0,435.0)
(435.0,435.0)
(435.0,435.0)
(435.0,435.0)
(435.0,435.0)
(435.0,435.0)
(435.0,435.0)
(435.0,435.0)
(435.0,435.0)
(435.0,435.0)
(447.0,435.0)
(435.0,435.0)
(435.0,435.0)
(435.0,435.0)
(435.0,435.0)
(435.0,435.0)
(435.0,435.0)
(455.0,435.0)
(435.0,435.0)
(435.0,435.0)
(435.0,435.0)
(435.0,435.0)
(435.0,435.0)
(435.0,435.0)
(455.0,435.0)
(435.0,435.0)
(435.0,435.0)
(435.0,435.0)
(417.0,435.0)
(455.0,435.0)
(786.0,435.0)
(435.0,435.0)
(435.0,435.0)
(435.0,435.0)
(435.0,435.0)
(435.0,435.0)
(435.0,435.0)
(435.0,435.0)
(435.0,435.0)
(435.0,435.0)
(427.0,435.0)
(435.0,435.0)
(435.0,435.0)
(435.0,435.0)
(435.0,435.0)
(435.0,435.0)
(435.0,435.0)
(435.0,435.0)
(435.0,435.0)
(435.0,435.0)
(435.0,435.0)
(435.0,435.0)
(22.0,435.0)
(435.0,435.0)
(435.0,435.0)
(435.0,435.0)
(435.0,435.0)
(435.0,435.0)
(435.0,435.0)
(435.0,435.0)
(435.0,435.0)
(435.0,435.0)
(787.0,435.0)
(435.0,435.0)
(435.0,435.0)
(435.0,435.0)
(435.0,435.0)
(435.0,435.0)
(435.0,435.0)
(435.0,435.0)
(417.0,435.0)
(435.0,435.0)
(435.0,435.0)
(435.0,435.0)
(435.0,435.0)
(435.0,435.0)
(435.0,435.0)
(435.0,435.0)
(435.0,435.0)
(474.0,435.0)
(435.0,435.0)
(435.0,435.0)
(435.0,435.0)
(435.0,435.0)
(435.0,435.0)
(435.0,435.0)
(435.0,435.0)
(743.0,435.0)
(435.0,435.0)
(786.0,435.0)
(435.0,435.0)
(435.0,435.0)
(435.0,435.0)
(435.0,435.0)
(435.0,435.0)
(435.0,435.0)
(435.0,435.0)
(435.0,435.0)
(435.0,435.0)
(426.0,435.0)
(435.0,435.0)
(435.0,435.0)
(435.0,435.0)
(435.0,435.0)
(435.0,435.0)
(435.0,435.0)
(435.0,435.0)
(435.0,435.0)
(435.0,435.0)
(435.0,435.0)
(435.0,435.0)
(417.0,435.0)
(435.0,435.0)
(435.0,435.0)
(435.0,435.0)
(435.0,435.0)
(435.0,435.0)
(435.0,435.0)
(435.0,435.0)
(810.0,435.0)
(435.0,435.0)
(435.0,435.0)
(435.0,435.0)
(435.0,435.0)
(786.0,435.0)
(426.0,435.0)
(435.0,435.0)
(435.0,435.0)
(386.0,435.0)
(787.0,435.0)
(435.0,435.0)
(435.0,435.0)
(786.0,435.0)
(435.0,435.0)
(435.0,435.0)
(435.0,435.0)
(435.0,435.0)
(435.0,435.0)
(426.0,435.0)
(435.0,435.0)
(435.0,435.0)
(435.0,435.0)
(435.0,435.0)
(435.0,435.0)
(435.0,435.0)
(435.0,435.0)
(435.0,435.0)
(435.0,435.0)
(435.0,435.0)
(435.0,435.0)
(435.0,435.0)
(435.0,435.0)
(435.0,435.0)
(417.0,435.0)
(435.0,435.0)
(435.0,435.0)
(435.0,435.0)
(786.0,435.0)
(435.0,435.0)
(435.0,435.0)
(435.0,435.0)
(435.0,435.0)
(435.0,435.0)
(435.0,435.0)
(435.0,435.0)
(435.0,435.0)
(435.0,435.0)
(447.0,435.0)
(435.0,435.0)
(435.0,435.0)
(435.0,435.0)
(435.0,435.0)
(435.0,435.0)
(435.0,435.0)
(435.0,435.0)
(737.0,435.0)
(435.0,435.0)
(435.0,435.0)
(435.0,435.0)
(427.0,435.0)
(435.0,435.0)
(435.0,435.0)
(435.0,435.0)
(435.0,435.0)
(435.0,435.0)
(31.0,435.0)
(435.0,435.0)
(435.0,435.0)
(435.0,435.0)
(435.0,435.0)
(435.0,435.0)
(435.0,435.0)
(435.0,435.0)
(786.0,435.0)
(435.0,435.0)
(435.0,435.0)
(435.0,435.0)
(435.0,435.0)
(435.0,435.0)
(435.0,435.0)
(354.0,435.0)
(786.0,435.0)
(435.0,435.0)
(435.0,435.0)
(435.0,435.0)
(406.0,435.0)
(786.0,435.0)
(435.0,435.0)
(417.0,435.0)
(435.0,435.0)
(435.0,435.0)
(427.0,435.0)
(417.0,435.0)
(435.0,435.0)
(743.0,435.0)
(435.0,435.0)
(435.0,435.0)
(435.0,435.0)
(435.0,435.0)
(435.0,435.0)
(474.0,435.0)
(435.0,435.0)
(435.0,435.0)
(435.0,435.0)
(417.0,435.0)
(435.0,435.0)
(435.0,435.0)
(435.0,435.0)
(435.0,435.0)
(435.0,435.0)
(435.0,435.0)
(435.0,435.0)
(447.0,435.0)
(786.0,435.0)
(435.0,435.0)
(435.0,435.0)
(435.0,435.0)
(435.0,435.0)
(435.0,435.0)
(435.0,435.0)
(354.0,435.0)
(435.0,435.0)
(435.0,435.0)
(435.0,435.0)
(435.0,435.0)
(435.0,435.0)
(435.0,435.0)
(435.0,435.0)
(435.0,435.0)
(435.0,435.0)
(435.0,435.0)
(435.0,435.0)
(435.0,435.0)
(435.0,435.0)
(435.0,435.0)
(435.0,435.0)
(435.0,435.0)
(435.0,435.0)
(447.0,435.0)
(435.0,435.0)
(435.0,435.0)
(435.0,435.0)
(435.0,435.0)
(435.0,435.0)
(435.0,435.0)
(435.0,435.0)
(435.0,435.0)
(435.0,435.0)
(381.0,435.0)
(435.0,435.0)
(435.0,435.0)
(435.0,435.0)
(435.0,435.0)
(435.0,435.0)
(435.0,435.0)
(435.0,435.0)
(435.0,435.0)
(435.0,435.0)
(435.0,435.0)
(802.0,435.0)
(435.0,435.0)
(435.0,435.0)
(810.0,435.0)
(427.0,435.0)
(427.0,435.0)
(435.0,435.0)
(435.0,435.0)
(435.0,435.0)
(381.0,435.0)
(435.0,435.0)
(435.0,435.0)
(435.0,435.0)
(435.0,435.0)
(435.0,435.0)
(435.0,435.0)
(435.0,435.0)
(435.0,435.0)
(435.0,435.0)
(427.0,435.0)
(435.0,435.0)
(435.0,435.0)
(435.0,435.0)
(479.0,435.0)
(435.0,435.0)
(435.0,435.0)
(426.0,435.0)
(435.0,435.0)
(435.0,435.0)
(435.0,435.0)
(435.0,435.0)
(435.0,435.0)
(435.0,435.0)
(417.0,435.0)
(435.0,435.0)
(435.0,435.0)
(435.0,435.0)
(435.0,435.0)
(435.0,435.0)
(435.0,435.0)
(435.0,435.0)
(435.0,435.0)
(435.0,435.0)
(435.0,435.0)
(435.0,435.0)
(435.0,435.0)
(435.0,435.0)
(435.0,435.0)
(435.0,435.0)
(435.0,435.0)
(435.0,435.0)
(435.0,435.0)
(435.0,435.0)
(435.0,435.0)
(435.0,435.0)
(435.0,435.0)
(435.0,435.0)
(459.0,435.0)
(435.0,435.0)
(435.0,435.0)
(435.0,435.0)
(435.0,435.0)
(435.0,435.0)
(435.0,435.0)
(435.0,435.0)
(435.0,435.0)
(435.0,435.0)
(435.0,435.0)
(435.0,435.0)
(435.0,435.0)
(435.0,435.0)
(435.0,435.0)
(435.0,435.0)
(417.0,435.0)
(435.0,435.0)
(435.0,435.0)
(435.0,435.0)
(435.0,435.0)
(435.0,435.0)
(435.0,435.0)
(435.0,435.0)
(435.0,435.0)
(435.0,435.0)
(435.0,435.0)
(435.0,435.0)
(426.0,435.0)
(435.0,435.0)
(435.0,435.0)
(435.0,435.0)
(435.0,435.0)
(427.0,435.0)
(435.0,435.0)
(435.0,435.0)
(435.0,435.0)
(435.0,435.0)
(435.0,435.0)
(435.0,435.0)
(435.0,435.0)
(435.0,435.0)
(447.0,435.0)
(435.0,435.0)
(435.0,435.0)
(435.0,435.0)
(435.0,435.0)
(435.0,435.0)
(435.0,435.0)
(435.0,435.0)
(435.0,435.0)
(459.0,435.0)
(435.0,435.0)
(427.0,435.0)
(771.0,435.0)
(435.0,435.0)
(435.0,435.0)
(435.0,435.0)
(435.0,435.0)
(435.0,435.0)
(435.0,435.0)
(435.0,435.0)
(435.0,435.0)
(435.0,435.0)
(435.0,435.0)
(435.0,435.0)
(435.0,435.0)
(435.0,435.0)
(435.0,435.0)
(435.0,435.0)
(435.0,435.0)
(787.0,435.0)
(435.0,435.0)
(435.0,435.0)
(435.0,435.0)
(435.0,435.0)
(786.0,435.0)
(435.0,435.0)
(435.0,435.0)
(435.0,435.0)
(435.0,435.0)
(427.0,435.0)
(435.0,435.0)
(435.0,435.0)
(435.0,435.0)
(435.0,435.0)
(435.0,435.0)
(435.0,435.0)
(435.0,435.0)
(435.0,435.0)
(435.0,435.0)
(435.0,435.0)
(435.0,435.0)
(435.0,435.0)
(435.0,435.0)
(435.0,435.0)
(435.0,435.0)
(435.0,435.0)
(435.0,435.0)
(447.0,435.0)
(435.0,435.0)
(435.0,435.0)
(435.0,435.0)
(435.0,435.0)
(435.0,435.0)
(435.0,435.0)
(435.0,435.0)
(435.0,435.0)
(435.0,435.0)
(435.0,435.0)
(425.0,435.0)
(435.0,435.0)
(435.0,435.0)
(435.0,435.0)
(435.0,435.0)
(435.0,435.0)
(435.0,435.0)
(435.0,435.0)
(435.0,435.0)
(435.0,435.0)
(435.0,435.0)
(417.0,435.0)
(435.0,435.0)
(435.0,435.0)
(417.0,435.0)
(435.0,435.0)
(435.0,435.0)
(435.0,435.0)
(435.0,435.0)
(435.0,435.0)
(435.0,435.0)
(435.0,435.0)
(435.0,435.0)
(435.0,435.0)
(435.0,435.0)
(435.0,435.0)
(435.0,435.0)
(435.0,435.0)
(455.0,435.0)
(435.0,435.0)
(435.0,435.0)
(435.0,435.0)
(435.0,435.0)
(435.0,435.0)
(435.0,435.0)
(435.0,435.0)
(435.0,435.0)
(435.0,435.0)
(435.0,435.0)
(435.0,435.0)
(435.0,435.0)
(435.0,435.0)
(435.0,435.0)
(435.0,435.0)
(417.0,435.0)
(447.0,435.0)
(435.0,435.0)
(435.0,435.0)
(435.0,435.0)
(435.0,435.0)
(425.0,435.0)
(435.0,435.0)
(435.0,435.0)
(435.0,435.0)
(435.0,435.0)
(435.0,435.0)
(435.0,435.0)
(435.0,435.0)
(435.0,435.0)
(435.0,435.0)
(435.0,435.0)
(435.0,435.0)
(435.0,435.0)
(435.0,435.0)
(435.0,435.0)
(447.0,435.0)
(435.0,435.0)
(435.0,435.0)
(435.0,435.0)
(435.0,435.0)
(435.0,435.0)
(435.0,435.0)
(435.0,435.0)
(435.0,435.0)
(435.0,435.0)
(435.0,435.0)
(435.0,435.0)
(435.0,435.0)
(435.0,435.0)
(435.0,435.0)
(435.0,435.0)
(435.0,435.0)
(435.0,435.0)
(435.0,435.0)
(435.0,435.0)
(435.0,435.0)
(435.0,435.0)
(447.0,435.0)
(435.0,435.0)
(435.0,435.0)
(435.0,435.0)
(435.0,435.0)
(435.0,435.0)
(435.0,435.0)
(435.0,435.0)
(435.0,435.0)
(435.0,435.0)
(435.0,435.0)
(435.0,435.0)
(435.0,435.0)
(435.0,435.0)
(435.0,435.0)
(435.0,435.0)
(435.0,435.0)
(435.0,435.0)
(435.0,435.0)
(435.0,435.0)
(435.0,435.0)
(435.0,435.0)
(435.0,435.0)
(435.0,435.0)
(435.0,435.0)
(435.0,435.0)
(435.0,435.0)
(435.0,435.0)
(435.0,435.0)
(435.0,435.0)
(435.0,435.0)
(435.0,435.0)
(413.0,435.0)
(435.0,435.0)
(435.0,435.0)
(435.0,435.0)
(435.0,435.0)
(435.0,435.0)
(435.0,435.0)
(435.0,435.0)
(435.0,435.0)
(417.0,435.0)
(455.0,435.0)
(435.0,435.0)
(435.0,435.0)
(435.0,435.0)
(435.0,435.0)
(435.0,435.0)
(435.0,435.0)
(435.0,435.0)
(435.0,435.0)
(435.0,435.0)
(435.0,435.0)
(435.0,435.0)
(435.0,435.0)
(435.0,435.0)
(435.0,435.0)
(435.0,435.0)
(435.0,435.0)
(435.0,435.0)
(435.0,435.0)
(435.0,435.0)
(435.0,435.0)
(435.0,435.0)
(435.0,435.0)
(435.0,435.0)
(435.0,435.0)
(435.0,435.0)
(435.0,435.0)
(435.0,435.0)
(435.0,435.0)
(435.0,435.0)
(435.0,435.0)
(435.0,435.0)
(435.0,435.0)
(435.0,435.0)
(435.0,435.0)
(435.0,435.0)
(435.0,435.0)
(435.0,435.0)
(435.0,435.0)
(435.0,435.0)
(435.0,435.0)
(455.0,435.0)
(435.0,435.0)
(435.0,435.0)
(435.0,435.0)
(455.0,435.0)
(455.0,435.0)
(435.0,435.0)
(435.0,435.0)
(455.0,435.0)
(435.0,435.0)
(435.0,435.0)
(417.0,435.0)
(435.0,435.0)
(743.0,435.0)
(435.0,435.0)
(455.0,435.0)
(435.0,435.0)
(435.0,435.0)
(435.0,435.0)
(435.0,435.0)
(455.0,435.0)
(455.0,435.0)
(786.0,435.0)
(455.0,435.0)
(435.0,435.0)
(417.0,435.0)
(786.0,435.0)
(435.0,435.0)
(435.0,435.0)
(435.0,435.0)
(447.0,435.0)
(435.0,435.0)
(447.0,435.0)
(463.0,435.0)
(435.0,435.0)
(435.0,435.0)
(435.0,435.0)
(455.0,435.0)
(435.0,435.0)
(435.0,435.0)
(427.0,435.0)
(447.0,435.0)
(435.0,435.0)
(455.0,435.0)
(786.0,435.0)
(435.0,435.0)
(435.0,435.0)
(435.0,435.0)
(435.0,435.0)
(435.0,435.0)
(435.0,435.0)
(435.0,435.0)
(435.0,435.0)
(435.0,435.0)
(435.0,435.0)
(455.0,435.0)
(435.0,435.0)
(435.0,435.0)
(435.0,435.0)
(435.0,435.0)
(435.0,435.0)
(435.0,435.0)
(435.0,435.0)
(435.0,435.0)
(435.0,435.0)
(435.0,435.0)
(455.0,435.0)
(477.0,435.0)
(455.0,435.0)
(435.0,435.0)
(435.0,435.0)
(435.0,435.0)
(435.0,435.0)
(455.0,435.0)
(455.0,435.0)
(417.0,435.0)
(764.0,435.0)
(447.0,435.0)
(455.0,435.0)
(435.0,435.0)
(435.0,435.0)
(435.0,435.0)
(435.0,435.0)
(435.0,435.0)
(435.0,435.0)
(455.0,435.0)
(363.0,435.0)
(455.0,435.0)
(435.0,435.0)
(455.0,435.0)
(743.0,435.0)
(435.0,435.0)
(743.0,435.0)
(435.0,435.0)
(435.0,435.0)
(435.0,435.0)
(435.0,435.0)
(787.0,435.0)
(792.0,435.0)
(435.0,435.0)
(435.0,435.0)
(435.0,435.0)
(435.0,435.0)
(435.0,435.0)
(435.0,435.0)
(455.0,435.0)
(447.0,435.0)
(786.0,435.0)
(435.0,435.0)
(435.0,435.0)
(435.0,435.0)
(427.0,435.0)
(435.0,435.0)
(435.0,435.0)
(435.0,435.0)
(435.0,435.0)
(455.0,435.0)
(435.0,435.0)
(435.0,435.0)
(435.0,435.0)
(417.0,435.0)
(435.0,435.0)
(435.0,435.0)
(417.0,435.0)
(434.0,435.0)
(435.0,435.0)
(435.0,435.0)
(447.0,435.0)
(455.0,435.0)
(787.0,435.0)
(435.0,435.0)
(435.0,435.0)
(435.0,435.0)
(435.0,435.0)
(435.0,435.0)
(447.0,435.0)
(435.0,435.0)
(435.0,435.0)
(435.0,435.0)
(435.0,435.0)
(447.0,435.0)
(455.0,435.0)
(435.0,435.0)
(435.0,435.0)
(435.0,435.0)
(435.0,435.0)
(435.0,435.0)
(435.0,435.0)
(435.0,435.0)
(435.0,435.0)
(435.0,435.0)
(455.0,435.0)
(455.0,435.0)
(435.0,435.0)
(435.0,435.0)
(455.0,435.0)
(435.0,435.0)
(435.0,435.0)
(435.0,435.0)
(435.0,435.0)
(435.0,435.0)
(435.0,435.0)
(427.0,435.0)
(435.0,435.0)
(435.0,435.0)
(435.0,435.0)
(435.0,435.0)
(435.0,435.0)
(792.0,435.0)
(435.0,435.0)
(435.0,435.0)
(435.0,435.0)
(435.0,435.0)
(455.0,435.0)
(465.0,435.0)
(435.0,435.0)
(435.0,435.0)
(435.0,435.0)
(435.0,435.0)
(435.0,435.0)
(435.0,435.0)
(455.0,435.0)
(435.0,435.0)
(435.0,435.0)
(435.0,435.0)
(455.0,435.0)
(435.0,435.0)
(447.0,435.0)
(455.0,435.0)
(435.0,435.0)
(455.0,435.0)
(416.0,435.0)
(455.0,435.0)
(421.0,435.0)
(435.0,435.0)
(435.0,435.0)
(435.0,435.0)
(435.0,435.0)
(435.0,435.0)
(435.0,435.0)
(435.0,435.0)
(435.0,435.0)
(455.0,435.0)
(435.0,435.0)
(435.0,435.0)
(435.0,435.0)
(435.0,435.0)
(455.0,435.0)
(435.0,435.0)
(435.0,435.0)
(455.0,435.0)
(455.0,435.0)
(447.0,435.0)
(413.0,435.0)
(435.0,435.0)
(455.0,435.0)
(455.0,435.0)
(435.0,435.0)
(447.0,435.0)
(435.0,435.0)
(435.0,435.0)
(435.0,435.0)
(447.0,435.0)
(435.0,435.0)
(435.0,435.0)
(417.0,435.0)
(435.0,435.0)
(435.0,435.0)
(435.0,435.0)
(435.0,435.0)
(455.0,435.0)
(447.0,435.0)
(455.0,435.0)
(435.0,435.0)
(435.0,435.0)
(447.0,435.0)
(435.0,435.0)
(435.0,435.0)
(435.0,435.0)
(435.0,435.0)
(455.0,435.0)
(435.0,435.0)
(435.0,435.0)
(435.0,435.0)
(435.0,435.0)
(435.0,435.0)
(435.0,435.0)
(435.0,435.0)
(435.0,435.0)
(455.0,435.0)
(435.0,435.0)
(435.0,435.0)
(435.0,435.0)
(447.0,435.0)
(435.0,435.0)
(435.0,435.0)
(435.0,435.0)
(435.0,435.0)
(447.0,435.0)
(435.0,435.0)
(435.0,435.0)
(435.0,435.0)
(435.0,435.0)
(435.0,435.0)
(435.0,435.0)
(435.0,435.0)
(455.0,435.0)
(455.0,435.0)
(427.0,435.0)
(435.0,435.0)
(435.0,435.0)
(435.0,435.0)
(435.0,435.0)
(435.0,435.0)
(435.0,435.0)
(447.0,435.0)
(435.0,435.0)
(447.0,435.0)
(435.0,435.0)
(435.0,435.0)
(435.0,435.0)
(435.0,435.0)
(447.0,435.0)
(435.0,435.0)
(435.0,435.0)
(435.0,435.0)
(435.0,435.0)
(435.0,435.0)
(435.0,435.0)
(435.0,435.0)
(435.0,435.0)
(435.0,435.0)
(455.0,435.0)
(435.0,435.0)
(447.0,435.0)
(435.0,435.0)
(447.0,435.0)
(435.0,435.0)
(435.0,435.0)
(455.0,435.0)
(447.0,435.0)
(435.0,435.0)
(435.0,435.0)
(455.0,435.0)
(435.0,435.0)
(435.0,435.0)
(435.0,435.0)
(435.0,435.0)
(792.0,435.0)
(435.0,435.0)
(435.0,435.0)
(435.0,435.0)
(481.0,435.0)
(481.0,435.0)
(435.0,435.0)
(743.0,435.0)
(435.0,435.0)
(435.0,435.0)
(435.0,435.0)
(455.0,435.0)
(435.0,435.0)
(435.0,435.0)
(435.0,435.0)
(435.0,435.0)
(455.0,435.0)
(435.0,435.0)
(421.0,435.0)
(435.0,435.0)
(455.0,435.0)
(435.0,435.0)
(435.0,435.0)
(435.0,435.0)
(435.0,435.0)
(455.0,435.0)
(435.0,435.0)
(435.0,435.0)
(435.0,435.0)
(427.0,435.0)
(435.0,435.0)
(435.0,435.0)
(455.0,435.0)
(417.0,435.0)
(435.0,435.0)
(22.0,435.0)
(435.0,435.0)
(435.0,435.0)
(435.0,435.0)
(435.0,435.0)
(435.0,435.0)
(435.0,435.0)
(435.0,435.0)
(435.0,435.0)
(435.0,435.0)
(435.0,435.0)
(435.0,435.0)
(435.0,435.0)
(435.0,435.0)
(435.0,435.0)
(435.0,435.0)
(786.0,435.0)
(435.0,435.0)
(447.0,435.0)
(447.0,435.0)
(435.0,435.0)
(435.0,435.0)
(435.0,435.0)
(435.0,435.0)
(447.0,435.0)
(435.0,435.0)
(435.0,435.0)
(455.0,435.0)
(435.0,435.0)
(455.0,435.0)
(435.0,435.0)
(455.0,435.0)
(435.0,435.0)
(447.0,435.0)
(435.0,435.0)
(435.0,435.0)
(435.0,435.0)
(435.0,435.0)
(435.0,435.0)
(435.0,435.0)
(435.0,435.0)
(435.0,435.0)
(435.0,435.0)
(435.0,435.0)
(417.0,435.0)
(435.0,435.0)
(435.0,435.0)
(435.0,435.0)
(435.0,435.0)
(435.0,435.0)
(417.0,435.0)
(447.0,435.0)
(455.0,435.0)
(435.0,435.0)
(435.0,435.0)
(435.0,435.0)
(435.0,435.0)
(435.0,435.0)
(435.0,435.0)
(435.0,435.0)
(435.0,435.0)
(435.0,435.0)
(435.0,435.0)
(465.0,435.0)
(435.0,435.0)
(435.0,435.0)
(435.0,435.0)
(435.0,435.0)
(435.0,435.0)
(435.0,435.0)
(435.0,435.0)
(435.0,435.0)
(435.0,435.0)
(435.0,435.0)
(435.0,435.0)
(417.0,435.0)
(455.0,435.0)
(435.0,435.0)
(435.0,435.0)
(435.0,435.0)
(435.0,435.0)
(435.0,435.0)
(435.0,435.0)
(435.0,435.0)
(435.0,435.0)
(435.0,435.0)
(447.0,435.0)
(435.0,435.0)
(417.0,435.0)
(435.0,435.0)
(435.0,435.0)
(435.0,435.0)
(435.0,435.0)
(435.0,435.0)
(435.0,435.0)
(435.0,435.0)
(435.0,435.0)
(335.0,435.0)
(435.0,435.0)
(435.0,435.0)
(435.0,435.0)
(435.0,435.0)
(435.0,435.0)
(416.0,435.0)
(435.0,435.0)
(435.0,435.0)
(435.0,435.0)
(435.0,435.0)
(435.0,435.0)
(455.0,435.0)
(435.0,435.0)
(447.0,435.0)
(435.0,435.0)
(435.0,435.0)
(435.0,435.0)
(417.0,435.0)
(455.0,435.0)
(447.0,435.0)
(435.0,435.0)
(435.0,435.0)
(435.0,435.0)
(435.0,435.0)
(435.0,435.0)
(435.0,435.0)
(455.0,435.0)
(435.0,435.0)
(435.0,435.0)
(447.0,435.0)
(435.0,435.0)
(435.0,435.0)
(435.0,435.0)
(447.0,435.0)
(435.0,435.0)
(435.0,435.0)
(447.0,435.0)
(435.0,435.0)
(435.0,435.0)
(435.0,435.0)
(435.0,435.0)
(435.0,435.0)
(455.0,435.0)
(435.0,435.0)
(435.0,435.0)
(455.0,435.0)
(435.0,435.0)
(435.0,435.0)
(435.0,435.0)
(435.0,435.0)
(435.0,435.0)
(435.0,435.0)
(435.0,435.0)
(435.0,435.0)
(435.0,435.0)
(435.0,435.0)
(435.0,435.0)
(435.0,435.0)
(435.0,435.0)
(435.0,435.0)
(435.0,435.0)
(435.0,435.0)
(455.0,435.0)
(435.0,435.0)
(435.0,435.0)
(435.0,435.0)
(435.0,435.0)
(435.0,435.0)
(435.0,435.0)
(435.0,435.0)
(435.0,435.0)
(435.0,435.0)
(455.0,435.0)
(435.0,435.0)
(435.0,435.0)
(435.0,435.0)
(435.0,435.0)
(455.0,435.0)
(435.0,435.0)
(435.0,435.0)
(435.0,435.0)
(447.0,435.0)
(435.0,435.0)
(455.0,435.0)
(435.0,435.0)
(455.0,435.0)
(435.0,435.0)
(435.0,435.0)
(447.0,435.0)
(435.0,435.0)
(435.0,435.0)
(792.0,435.0)
(435.0,435.0)
(435.0,435.0)
(435.0,435.0)
(435.0,435.0)
(435.0,435.0)
(447.0,435.0)
(435.0,435.0)
(435.0,435.0)
(435.0,435.0)
(435.0,435.0)
(435.0,435.0)
(455.0,435.0)
(435.0,435.0)
(435.0,435.0)
(786.0,435.0)
(435.0,435.0)
(435.0,435.0)
(435.0,435.0)
(455.0,435.0)
(447.0,435.0)
(447.0,435.0)
(417.0,435.0)
(435.0,435.0)
(455.0,435.0)
(435.0,435.0)
(435.0,435.0)
(435.0,435.0)
(435.0,435.0)
(435.0,435.0)
(435.0,435.0)
(417.0,435.0)
(743.0,435.0)
(447.0,435.0)
(401.0,435.0)
(435.0,435.0)
(447.0,435.0)
(435.0,435.0)
(435.0,435.0)
(435.0,435.0)
(435.0,435.0)
(435.0,435.0)
(435.0,435.0)
(435.0,435.0)
(435.0,435.0)
(435.0,435.0)
(435.0,435.0)
(435.0,435.0)
(404.0,435.0)
(435.0,435.0)
(786.0,435.0)
(435.0,435.0)
(435.0,435.0)
(435.0,435.0)
(435.0,435.0)
(435.0,435.0)
(435.0,435.0)
(463.0,435.0)
(435.0,435.0)
(435.0,435.0)
(435.0,435.0)
(435.0,435.0)
(447.0,435.0)
(435.0,435.0)
(435.0,435.0)
(435.0,435.0)
(435.0,435.0)
(435.0,435.0)
(435.0,435.0)
(435.0,435.0)
(435.0,435.0)
(435.0,435.0)
(435.0,435.0)
(376.0,435.0)
(435.0,435.0)
(435.0,435.0)
(435.0,435.0)
(435.0,435.0)
(435.0,435.0)
(435.0,435.0)
(455.0,435.0)
(435.0,435.0)
(435.0,435.0)
(435.0,435.0)
(435.0,435.0)
(435.0,435.0)
(435.0,435.0)
(435.0,435.0)
(435.0,435.0)
(435.0,435.0)
(455.0,435.0)
(435.0,435.0)
(435.0,435.0)
(435.0,435.0)
(455.0,435.0)
(435.0,435.0)
(435.0,435.0)
(435.0,435.0)
(435.0,435.0)
(435.0,435.0)
(435.0,435.0)
(435.0,435.0)
(435.0,435.0)
(455.0,435.0)
(435.0,435.0)
(435.0,435.0)
(435.0,435.0)
(435.0,435.0)
(435.0,435.0)
(435.0,435.0)
(435.0,435.0)
(435.0,435.0)
(435.0,435.0)
(435.0,435.0)
(435.0,435.0)
(435.0,435.0)
(435.0,435.0)
(435.0,435.0)
(435.0,435.0)
(435.0,435.0)
(435.0,435.0)
(435.0,435.0)
(435.0,435.0)
(435.0,435.0)
(435.0,435.0)
(435.0,435.0)
(435.0,435.0)
(455.0,435.0)
(435.0,435.0)
(435.0,435.0)
(435.0,435.0)
(435.0,435.0)
(435.0,435.0)
(435.0,435.0)
(435.0,435.0)
(435.0,435.0)
(435.0,435.0)
(435.0,435.0)
(435.0,435.0)
(435.0,435.0)
(435.0,435.0)
(435.0,435.0)
(435.0,435.0)
(435.0,435.0)
(435.0,435.0)
(435.0,435.0)
(435.0,435.0)
(455.0,435.0)
(435.0,435.0)
(435.0,435.0)
(435.0,435.0)
(435.0,435.0)
(435.0,435.0)
(435.0,435.0)
(435.0,435.0)
(435.0,435.0)
(435.0,435.0)
(435.0,435.0)
(435.0,435.0)
(435.0,435.0)
(435.0,435.0)
(435.0,435.0)
(435.0,435.0)
(435.0,435.0)
(417.0,435.0)
(435.0,435.0)
(435.0,435.0)
(435.0,435.0)
(435.0,435.0)
(435.0,435.0)
(435.0,435.0)
(435.0,435.0)
(435.0,435.0)
(435.0,435.0)
(435.0,435.0)
(435.0,435.0)
(455.0,435.0)
(435.0,435.0)
(435.0,435.0)
(435.0,435.0)
(455.0,435.0)
(435.0,435.0)
(435.0,435.0)
(435.0,435.0)
(435.0,435.0)
(435.0,435.0)
(435.0,435.0)
(435.0,435.0)
(435.0,435.0)
(435.0,435.0)
(435.0,435.0)
(435.0,435.0)
(435.0,435.0)
(435.0,435.0)
(435.0,435.0)
(435.0,435.0)
(435.0,435.0)
(435.0,435.0)
(435.0,435.0)
(435.0,435.0)
(435.0,435.0)
(435.0,435.0)
(435.0,435.0)
(435.0,435.0)
(435.0,435.0)
(435.0,435.0)
(435.0,435.0)
(435.0,435.0)
(413.0,435.0)
(435.0,435.0)
(435.0,435.0)
(435.0,435.0)
(435.0,435.0)
(435.0,435.0)
(435.0,435.0)
(786.0,435.0)
(435.0,435.0)
(435.0,435.0)
(435.0,435.0)
(435.0,435.0)
(435.0,435.0)
(435.0,435.0)
(435.0,435.0)
(435.0,435.0)
(435.0,435.0)
(435.0,435.0)
(435.0,435.0)
(435.0,435.0)
(435.0,435.0)
(435.0,435.0)
(435.0,435.0)
(435.0,435.0)
(435.0,435.0)
(435.0,435.0)
(435.0,435.0)
(435.0,435.0)
(435.0,435.0)
(435.0,435.0)
(435.0,435.0)
(435.0,435.0)
(435.0,435.0)
(435.0,435.0)
(435.0,435.0)
(435.0,435.0)
(454.0,435.0)
(435.0,435.0)
(435.0,435.0)
(435.0,435.0)
(435.0,435.0)
(435.0,435.0)
(435.0,435.0)
(435.0,435.0)
(435.0,435.0)
(435.0,435.0)
(435.0,435.0)
(435.0,435.0)
(435.0,435.0)
(435.0,435.0)
(435.0,435.0)
(413.0,435.0)
(435.0,435.0)
(435.0,435.0)
(435.0,435.0)
(435.0,435.0)
(435.0,435.0)
(435.0,435.0)
(435.0,435.0)
(435.0,435.0)
(435.0,435.0)
(435.0,435.0)
(435.0,435.0)
(435.0,435.0)
(435.0,435.0)
(435.0,435.0)
(435.0,435.0)
(435.0,435.0)
(435.0,435.0)
(435.0,435.0)
(435.0,435.0)
(435.0,435.0)
(447.0,435.0)
(435.0,435.0)
(435.0,435.0)
(435.0,435.0)
(435.0,435.0)
(435.0,435.0)
(435.0,435.0)
(435.0,435.0)
(435.0,435.0)
(435.0,435.0)
(435.0,435.0)
(435.0,435.0)
(435.0,435.0)
(435.0,435.0)
(435.0,435.0)
(435.0,435.0)
(435.0,435.0)
(435.0,435.0)
(435.0,435.0)
(435.0,435.0)
(435.0,435.0)
(435.0,435.0)
(435.0,435.0)
(435.0,435.0)
(435.0,435.0)
(786.0,435.0)
(435.0,435.0)
(435.0,435.0)
(435.0,435.0)
(435.0,435.0)
(435.0,435.0)
(435.0,435.0)
(435.0,435.0)
(435.0,435.0)
(786.0,435.0)
(435.0,435.0)
(435.0,435.0)
(435.0,435.0)
(435.0,435.0)
(435.0,435.0)
(435.0,435.0)
(435.0,435.0)
(435.0,435.0)
(435.0,435.0)
(435.0,435.0)
(427.0,435.0)
(435.0,435.0)
(435.0,435.0)
(435.0,435.0)
(435.0,435.0)
(435.0,435.0)
(435.0,435.0)
(435.0,435.0)
(435.0,435.0)
(435.0,435.0)
(435.0,435.0)
(435.0,435.0)
(435.0,435.0)
(435.0,435.0)
(435.0,435.0)
(435.0,435.0)
(435.0,435.0)
(435.0,435.0)
(435.0,435.0)
(435.0,435.0)
(435.0,435.0)
(435.0,435.0)
(435.0,435.0)
(435.0,435.0)
(435.0,435.0)
(435.0,435.0)
(435.0,435.0)
(435.0,435.0)
(435.0,435.0)
(435.0,435.0)
(435.0,435.0)
(435.0,435.0)
(435.0,435.0)
(435.0,435.0)
(435.0,435.0)
(435.0,435.0)
(435.0,435.0)
(435.0,435.0)
(435.0,435.0)
(435.0,435.0)
(435.0,435.0)
(435.0,435.0)
(435.0,435.0)
(435.0,435.0)
(435.0,435.0)
(435.0,435.0)
(435.0,435.0)
(435.0,435.0)
(435.0,435.0)
(435.0,435.0)
(435.0,435.0)
(435.0,435.0)
(435.0,435.0)
(435.0,435.0)
(435.0,435.0)
(435.0,435.0)
(435.0,435.0)
(435.0,435.0)
(435.0,435.0)
(435.0,435.0)
(435.0,435.0)
(435.0,435.0)
(435.0,435.0)
(435.0,435.0)
(435.0,435.0)
(435.0,435.0)
(435.0,435.0)
(435.0,435.0)
(435.0,435.0)
(435.0,435.0)
(435.0,435.0)
(435.0,435.0)
(435.0,435.0)
(435.0,435.0)
(435.0,435.0)
(435.0,435.0)
(435.0,435.0)
(435.0,435.0)
(435.0,435.0)
(435.0,435.0)
(435.0,435.0)
(435.0,435.0)
(435.0,435.0)
(435.0,435.0)
(435.0,435.0)
(435.0,435.0)
(435.0,435.0)
(435.0,435.0)
(435.0,435.0)
(435.0,435.0)
(435.0,435.0)
(435.0,435.0)
(435.0,435.0)
(435.0,435.0)
(435.0,435.0)
(435.0,435.0)
(435.0,435.0)
(435.0,435.0)
(786.0,435.0)
(435.0,435.0)
(435.0,435.0)
(435.0,435.0)
(435.0,435.0)
(435.0,435.0)
(435.0,435.0)
(435.0,435.0)
(435.0,435.0)
(435.0,435.0)
(435.0,435.0)
(459.0,440.0)
(809.0,440.0)
(482.0,440.0)
(472.0,440.0)
(440.0,440.0)
(440.0,440.0)
(809.0,440.0)
(440.0,440.0)
(431.0,440.0)
(440.0,440.0)
(479.0,440.0)
(471.0,440.0)
(479.0,440.0)
(471.0,440.0)
(809.0,440.0)
(474.0,440.0)
(440.0,440.0)
(440.0,440.0)
(413.0,440.0)
(440.0,440.0)
(459.0,440.0)
(391.0,440.0)
(809.0,440.0)
(440.0,440.0)
(416.0,440.0)
(471.0,440.0)
(471.0,440.0)
(809.0,440.0)
(471.0,440.0)
(742.0,440.0)
(440.0,440.0)
(459.0,440.0)
(459.0,440.0)
(809.0,440.0)
(440.0,440.0)
(474.0,440.0)
(809.0,440.0)
(440.0,440.0)
(440.0,440.0)
(477.0,440.0)
(482.0,440.0)
(440.0,440.0)
(387.0,440.0)
(440.0,440.0)
(447.0,440.0)
(440.0,440.0)
(440.0,440.0)
(741.0,440.0)
(809.0,440.0)
(471.0,440.0)
(756.0,440.0)
(440.0,440.0)
(368.0,440.0)
(809.0,440.0)
(472.0,440.0)
(809.0,440.0)
(440.0,440.0)
(809.0,440.0)
(809.0,440.0)
(809.0,440.0)
(378.0,440.0)
(471.0,440.0)
(440.0,440.0)
(440.0,440.0)
(477.0,440.0)
(483.0,440.0)
(440.0,440.0)
(440.0,440.0)
(482.0,440.0)
(471.0,440.0)
(477.0,440.0)
(354.0,440.0)
(440.0,440.0)
(808.0,440.0)
(483.0,440.0)
(442.0,440.0)
(459.0,440.0)
