(481.0,377.0)
(417.0,377.0)
(481.0,377.0)
(376.0,377.0)
(455.0,377.0)
(481.0,377.0)
(376.0,377.0)
(481.0,377.0)
(481.0,377.0)
(481.0,377.0)
(481.0,377.0)
(481.0,377.0)
(455.0,377.0)
(481.0,377.0)
(481.0,377.0)
(455.0,377.0)
(481.0,377.0)
(481.0,377.0)
(376.0,377.0)
(481.0,377.0)
(481.0,377.0)
(413.0,377.0)
(481.0,377.0)
(417.0,377.0)
(417.0,377.0)
(395.0,377.0)
(412.0,377.0)
(481.0,377.0)
(376.0,377.0)
(376.0,377.0)
(381.0,377.0)
(395.0,377.0)
(481.0,377.0)
(481.0,377.0)
(481.0,377.0)
(481.0,377.0)
(481.0,377.0)
(376.0,377.0)
(481.0,377.0)
(413.0,377.0)
(481.0,377.0)
(481.0,377.0)
(376.0,377.0)
(481.0,377.0)
(417.0,377.0)
(376.0,377.0)
(481.0,377.0)
(376.0,377.0)
(481.0,377.0)
(376.0,377.0)
(376.0,377.0)
(376.0,377.0)
(376.0,377.0)
(481.0,377.0)
(376.0,377.0)
(376.0,377.0)
(376.0,377.0)
(376.0,377.0)
(377.0,377.0)
(376.0,377.0)
(377.0,377.0)
(376.0,377.0)
(376.0,377.0)
(376.0,377.0)
(481.0,377.0)
(481.0,377.0)
(376.0,377.0)
(413.0,377.0)
(481.0,377.0)
(376.0,377.0)
(377.0,377.0)
(417.0,377.0)
(376.0,377.0)
(376.0,377.0)
(376.0,377.0)
(376.0,377.0)
(376.0,377.0)
(395.0,377.0)
(376.0,377.0)
(377.0,377.0)
(376.0,377.0)
(376.0,377.0)
(376.0,377.0)
(381.0,377.0)
(376.0,377.0)
(376.0,377.0)
(376.0,377.0)
(376.0,377.0)
(376.0,377.0)
(376.0,377.0)
(376.0,377.0)
(376.0,377.0)
(376.0,377.0)
(376.0,377.0)
(376.0,377.0)
(376.0,377.0)
(376.0,377.0)
(376.0,377.0)
(376.0,377.0)
(376.0,377.0)
(481.0,377.0)
(376.0,377.0)
(376.0,377.0)
(376.0,377.0)
(376.0,377.0)
(376.0,377.0)
(376.0,377.0)
(376.0,377.0)
(378.0,377.0)
(376.0,377.0)
(376.0,377.0)
(377.0,377.0)
(376.0,377.0)
(376.0,377.0)
(37.0,377.0)
(376.0,377.0)
(377.0,377.0)
(376.0,377.0)
(481.0,377.0)
(377.0,377.0)
(417.0,377.0)
(376.0,377.0)
(376.0,377.0)
(376.0,377.0)
(376.0,377.0)
(376.0,377.0)
(755.0,377.0)
(481.0,377.0)
(413.0,377.0)
(376.0,377.0)
(376.0,377.0)
(376.0,377.0)
(377.0,377.0)
(376.0,377.0)
(376.0,377.0)
(376.0,377.0)
(376.0,377.0)
(376.0,377.0)
(376.0,377.0)
(376.0,377.0)
(376.0,377.0)
(376.0,377.0)
(417.0,377.0)
(376.0,377.0)
(376.0,377.0)
(376.0,377.0)
(376.0,377.0)
(376.0,377.0)
(376.0,377.0)
(376.0,377.0)
(376.0,377.0)
(376.0,377.0)
(376.0,377.0)
(377.0,377.0)
(377.0,377.0)
(376.0,377.0)
(157.0,377.0)
(376.0,377.0)
(376.0,377.0)
(376.0,377.0)
(376.0,377.0)
(376.0,377.0)
(376.0,377.0)
(395.0,377.0)
(481.0,377.0)
(376.0,377.0)
(351.0,377.0)
(376.0,377.0)
(376.0,377.0)
(377.0,377.0)
(376.0,377.0)
(376.0,377.0)
(376.0,377.0)
(481.0,377.0)
(376.0,377.0)
(376.0,377.0)
(396.0,377.0)
(376.0,377.0)
(376.0,377.0)
(376.0,377.0)
(376.0,377.0)
(376.0,377.0)
(376.0,377.0)
(376.0,377.0)
(376.0,377.0)
(376.0,377.0)
(481.0,377.0)
(376.0,377.0)
(376.0,377.0)
(376.0,377.0)
(376.0,377.0)
(376.0,377.0)
(376.0,377.0)
(376.0,377.0)
(376.0,377.0)
(376.0,377.0)
(376.0,377.0)
(376.0,377.0)
(376.0,377.0)
(376.0,377.0)
(376.0,377.0)
(376.0,377.0)
(376.0,377.0)
(376.0,377.0)
(377.0,377.0)
(481.0,377.0)
(481.0,377.0)
(376.0,377.0)
(401.0,377.0)
(376.0,377.0)
(376.0,377.0)
(376.0,377.0)
(376.0,377.0)
(376.0,377.0)
(377.0,377.0)
(376.0,377.0)
(481.0,377.0)
(481.0,377.0)
(376.0,377.0)
(376.0,377.0)
(376.0,377.0)
(376.0,377.0)
(481.0,377.0)
(376.0,377.0)
(376.0,377.0)
(376.0,377.0)
(376.0,377.0)
(377.0,377.0)
(376.0,377.0)
(358.0,377.0)
(376.0,377.0)
(412.0,377.0)
(481.0,377.0)
(376.0,377.0)
(376.0,377.0)
(376.0,377.0)
(376.0,377.0)
(376.0,377.0)
(376.0,377.0)
(376.0,377.0)
(376.0,377.0)
(481.0,377.0)
(377.0,377.0)
(376.0,377.0)
(376.0,377.0)
(376.0,377.0)
(376.0,377.0)
(376.0,377.0)
(377.0,377.0)
(377.0,377.0)
(376.0,377.0)
(376.0,377.0)
(376.0,377.0)
(376.0,377.0)
(377.0,377.0)
(376.0,377.0)
(417.0,377.0)
(357.0,377.0)
(376.0,377.0)
(71.0,377.0)
(376.0,377.0)
(395.0,377.0)
(376.0,377.0)
(417.0,377.0)
(417.0,377.0)
(376.0,377.0)
(376.0,377.0)
(377.0,377.0)
(395.0,377.0)
(376.0,377.0)
(417.0,377.0)
(376.0,377.0)
(376.0,377.0)
(376.0,377.0)
(386.0,377.0)
(376.0,377.0)
(377.0,377.0)
(376.0,377.0)
(377.0,377.0)
(376.0,377.0)
(376.0,377.0)
(357.0,377.0)
(376.0,377.0)
(417.0,377.0)
(377.0,377.0)
(377.0,377.0)
(376.0,377.0)
(376.0,377.0)
(377.0,377.0)
(377.0,377.0)
(376.0,377.0)
(376.0,377.0)
(376.0,377.0)
(417.0,377.0)
(376.0,377.0)
(376.0,377.0)
(376.0,377.0)
(376.0,377.0)
(376.0,377.0)
(376.0,377.0)
(481.0,377.0)
(376.0,377.0)
(376.0,377.0)
(376.0,377.0)
(376.0,377.0)
(376.0,377.0)
(376.0,377.0)
(376.0,377.0)
(376.0,377.0)
(376.0,377.0)
(376.0,377.0)
(376.0,377.0)
(376.0,377.0)
(417.0,377.0)
(376.0,377.0)
(376.0,377.0)
(376.0,377.0)
(376.0,377.0)
(417.0,377.0)
(377.0,377.0)
(472.0,377.0)
(376.0,377.0)
(376.0,377.0)
(417.0,377.0)
(377.0,377.0)
(376.0,377.0)
(376.0,377.0)
(376.0,377.0)
(376.0,377.0)
(377.0,377.0)
(376.0,377.0)
(376.0,377.0)
(376.0,377.0)
(376.0,377.0)
(377.0,377.0)
(376.0,377.0)
(377.0,377.0)
(483.0,377.0)
(376.0,377.0)
(376.0,377.0)
(376.0,377.0)
(395.0,377.0)
(377.0,377.0)
(755.0,377.0)
(377.0,377.0)
(376.0,377.0)
(376.0,377.0)
(376.0,377.0)
(377.0,377.0)
(377.0,377.0)
(455.0,377.0)
(376.0,377.0)
(377.0,377.0)
(377.0,377.0)
(376.0,377.0)
(413.0,377.0)
(377.0,377.0)
(376.0,377.0)
(417.0,377.0)
(377.0,377.0)
(481.0,377.0)
(377.0,377.0)
(376.0,377.0)
(376.0,377.0)
(454.0,377.0)
(376.0,377.0)
(376.0,377.0)
(376.0,377.0)
(377.0,377.0)
(377.0,377.0)
(376.0,377.0)
(377.0,377.0)
(377.0,377.0)
(395.0,377.0)
(376.0,377.0)
(377.0,377.0)
(376.0,377.0)
(417.0,377.0)
(376.0,377.0)
(376.0,377.0)
(376.0,377.0)
(377.0,377.0)
(395.0,377.0)
(376.0,377.0)
(376.0,377.0)
(376.0,377.0)
(376.0,377.0)
(376.0,377.0)
(377.0,377.0)
(377.0,377.0)
(376.0,377.0)
(474.0,377.0)
(376.0,377.0)
(376.0,377.0)
(376.0,377.0)
(376.0,377.0)
(376.0,377.0)
(376.0,377.0)
(376.0,377.0)
(376.0,377.0)
(376.0,377.0)
(377.0,377.0)
(376.0,377.0)
(376.0,377.0)
(376.0,377.0)
(376.0,377.0)
(376.0,377.0)
(376.0,377.0)
(377.0,377.0)
(417.0,377.0)
(377.0,377.0)
(376.0,377.0)
(376.0,377.0)
(417.0,377.0)
(376.0,377.0)
(376.0,377.0)
(413.0,377.0)
(376.0,377.0)
(376.0,377.0)
(377.0,377.0)
(376.0,377.0)
(377.0,377.0)
(376.0,377.0)
(377.0,377.0)
(376.0,377.0)
(376.0,377.0)
(481.0,377.0)
(376.0,377.0)
(366.0,377.0)
(417.0,377.0)
(377.0,377.0)
(377.0,377.0)
(376.0,377.0)
(376.0,377.0)
(378.0,377.0)
(377.0,377.0)
(376.0,377.0)
(374.0,377.0)
(377.0,377.0)
(376.0,377.0)
(440.0,756.0)
(756.0,756.0)
(381.0,756.0)
(381.0,756.0)
(756.0,756.0)
(381.0,756.0)
(381.0,756.0)
(756.0,756.0)
(756.0,756.0)
(381.0,756.0)
(756.0,756.0)
(474.0,756.0)
(756.0,756.0)
(756.0,756.0)
(756.0,756.0)
(381.0,756.0)
(381.0,756.0)
(381.0,756.0)
(475.0,756.0)
(756.0,756.0)
(381.0,756.0)
(756.0,756.0)
(756.0,756.0)
(756.0,756.0)
(379.0,756.0)
(381.0,756.0)
(756.0,756.0)
(756.0,756.0)
(756.0,756.0)
(440.0,756.0)
(381.0,756.0)
(381.0,756.0)
(381.0,756.0)
(756.0,756.0)
(382.0,756.0)
(756.0,756.0)
(756.0,756.0)
(447.0,756.0)
(756.0,756.0)
(756.0,756.0)
(756.0,756.0)
(381.0,756.0)
(756.0,756.0)
(756.0,756.0)
(756.0,756.0)
(381.0,756.0)
(756.0,756.0)
(756.0,756.0)
(387.0,756.0)
(440.0,756.0)
(756.0,756.0)
(757.0,756.0)
(756.0,756.0)
(756.0,756.0)
(756.0,756.0)
(475.0,756.0)
(758.0,756.0)
(756.0,756.0)
(381.0,756.0)
(756.0,756.0)
(756.0,756.0)
(756.0,756.0)
(756.0,756.0)
(756.0,756.0)
(756.0,756.0)
(756.0,756.0)
(756.0,756.0)
(756.0,756.0)
(756.0,756.0)
(756.0,756.0)
(381.0,756.0)
(756.0,756.0)
(381.0,756.0)
(368.0,756.0)
(381.0,756.0)
(381.0,756.0)
(381.0,756.0)
(756.0,756.0)
(756.0,756.0)
(756.0,756.0)
(756.0,756.0)
(447.0,756.0)
(756.0,756.0)
(756.0,756.0)
(756.0,756.0)
(756.0,756.0)
(382.0,756.0)
(381.0,756.0)
(381.0,756.0)
(756.0,756.0)
(404.0,756.0)
(756.0,756.0)
(756.0,756.0)
(756.0,756.0)
(756.0,756.0)
(381.0,756.0)
(479.0,756.0)
(756.0,756.0)
(756.0,756.0)
(756.0,756.0)
(756.0,756.0)
(756.0,756.0)
(381.0,756.0)
(447.0,756.0)
(756.0,756.0)
(756.0,756.0)
(756.0,756.0)
(756.0,756.0)
(440.0,756.0)
(406.0,756.0)
(381.0,756.0)
(756.0,756.0)
(756.0,756.0)
(381.0,756.0)
(381.0,756.0)
(756.0,756.0)
(381.0,756.0)
(756.0,756.0)
(479.0,756.0)
(381.0,756.0)
(756.0,756.0)
(756.0,756.0)
(475.0,756.0)
(756.0,756.0)
(754.0,756.0)
(382.0,756.0)
(756.0,756.0)
(381.0,756.0)
(459.0,756.0)
(756.0,756.0)
(756.0,756.0)
(756.0,756.0)
(756.0,756.0)
(381.0,756.0)
(381.0,756.0)
(756.0,756.0)
(756.0,756.0)
(756.0,756.0)
(756.0,756.0)
(756.0,756.0)
(756.0,756.0)
(756.0,756.0)
(381.0,756.0)
(756.0,756.0)
(381.0,756.0)
(756.0,756.0)
(756.0,756.0)
(756.0,756.0)
(479.0,756.0)
(386.0,756.0)
(756.0,756.0)
(756.0,756.0)
(381.0,756.0)
(756.0,756.0)
(479.0,756.0)
(756.0,756.0)
(382.0,756.0)
(479.0,756.0)
(756.0,756.0)
(381.0,756.0)
(22.0,756.0)
(756.0,756.0)
(756.0,756.0)
(387.0,756.0)
(452.0,756.0)
(756.0,756.0)
(382.0,756.0)
(756.0,756.0)
(381.0,756.0)
(756.0,756.0)
(756.0,756.0)
(756.0,756.0)
(475.0,756.0)
(756.0,756.0)
(756.0,756.0)
(440.0,756.0)
(475.0,756.0)
(756.0,756.0)
(483.0,756.0)
(756.0,756.0)
(442.0,756.0)
(382.0,756.0)
(382.0,756.0)
(756.0,756.0)
(756.0,756.0)
(756.0,756.0)
(756.0,756.0)
(756.0,756.0)
(756.0,756.0)
(780.0,756.0)
(756.0,756.0)
(756.0,756.0)
(391.0,756.0)
(756.0,756.0)
(756.0,756.0)
(756.0,756.0)
(756.0,756.0)
(382.0,756.0)
(756.0,756.0)
(756.0,756.0)
(756.0,756.0)
(756.0,756.0)
(756.0,756.0)
(756.0,756.0)
(756.0,756.0)
(756.0,756.0)
(756.0,756.0)
(756.0,756.0)
(479.0,756.0)
(756.0,756.0)
(382.0,756.0)
(756.0,756.0)
(756.0,756.0)
(756.0,756.0)
(756.0,756.0)
(756.0,756.0)
(756.0,756.0)
(382.0,756.0)
(756.0,756.0)
(756.0,756.0)
(756.0,756.0)
(756.0,756.0)
(459.0,756.0)
(756.0,756.0)
(756.0,756.0)
(756.0,756.0)
(784.0,756.0)
(756.0,756.0)
(756.0,756.0)
(756.0,756.0)
(417.0,756.0)
(382.0,756.0)
(756.0,756.0)
(756.0,756.0)
(756.0,756.0)
(756.0,756.0)
(756.0,756.0)
(391.0,756.0)
(756.0,756.0)
(756.0,756.0)
(756.0,756.0)
(756.0,756.0)
(756.0,756.0)
(756.0,756.0)
(756.0,756.0)
(756.0,756.0)
(756.0,756.0)
(756.0,756.0)
(756.0,756.0)
(756.0,756.0)
(756.0,756.0)
(756.0,756.0)
(756.0,756.0)
(756.0,756.0)
(756.0,756.0)
(756.0,756.0)
(756.0,756.0)
(756.0,756.0)
(756.0,756.0)
(461.0,756.0)
(756.0,756.0)
(756.0,756.0)
(756.0,756.0)
(756.0,756.0)
(756.0,756.0)
(756.0,756.0)
(756.0,756.0)
(391.0,756.0)
(756.0,756.0)
(756.0,756.0)
(756.0,756.0)
(379.0,756.0)
(387.0,756.0)
(756.0,756.0)
(756.0,756.0)
(756.0,756.0)
(756.0,756.0)
(756.0,756.0)
(391.0,756.0)
(756.0,756.0)
(391.0,756.0)
(756.0,756.0)
(756.0,756.0)
(756.0,756.0)
(756.0,756.0)
(756.0,756.0)
(475.0,756.0)
(382.0,756.0)
(756.0,756.0)
(391.0,756.0)
(756.0,756.0)
(756.0,756.0)
(435.0,756.0)
(756.0,756.0)
(756.0,756.0)
(756.0,756.0)
(756.0,756.0)
(382.0,756.0)
(756.0,756.0)
(391.0,756.0)
(756.0,756.0)
(756.0,756.0)
(382.0,756.0)
(756.0,756.0)
(756.0,756.0)
(756.0,756.0)
(756.0,756.0)
(756.0,756.0)
(756.0,756.0)
(756.0,756.0)
(756.0,756.0)
(447.0,756.0)
(756.0,756.0)
(756.0,756.0)
(756.0,756.0)
(382.0,756.0)
(756.0,756.0)
(756.0,756.0)
(756.0,756.0)
(756.0,756.0)
(756.0,756.0)
(756.0,756.0)
(756.0,756.0)
(756.0,756.0)
(382.0,756.0)
(756.0,756.0)
(756.0,756.0)
(756.0,756.0)
(756.0,756.0)
(738.0,756.0)
(756.0,756.0)
(756.0,756.0)
(479.0,756.0)
(756.0,756.0)
(756.0,756.0)
(756.0,756.0)
(391.0,756.0)
(756.0,756.0)
(756.0,756.0)
(756.0,756.0)
(757.0,756.0)
(483.0,756.0)
(756.0,756.0)
(756.0,756.0)
(417.0,756.0)
(756.0,756.0)
(756.0,756.0)
(756.0,756.0)
(367.0,756.0)
(391.0,756.0)
(756.0,756.0)
(756.0,756.0)
(756.0,756.0)
(786.0,756.0)
(756.0,756.0)
(756.0,756.0)
(756.0,756.0)
(756.0,756.0)
(382.0,756.0)
(756.0,756.0)
(391.0,756.0)
(756.0,756.0)
(756.0,756.0)
(756.0,756.0)
(756.0,756.0)
(756.0,756.0)
(756.0,756.0)
(756.0,756.0)
(756.0,756.0)
(756.0,756.0)
(756.0,756.0)
(428.0,756.0)
(382.0,756.0)
(386.0,756.0)
(382.0,756.0)
(387.0,756.0)
(391.0,756.0)
(756.0,756.0)
(382.0,756.0)
(479.0,756.0)
(756.0,756.0)
(756.0,756.0)
(382.0,756.0)
(382.0,756.0)
(756.0,756.0)
(382.0,756.0)
(756.0,756.0)
(756.0,756.0)
(756.0,756.0)
(756.0,756.0)
(756.0,756.0)
(417.0,756.0)
(756.0,756.0)
(756.0,756.0)
(756.0,756.0)
(756.0,756.0)
(756.0,756.0)
(756.0,756.0)
(756.0,756.0)
(756.0,756.0)
(447.0,756.0)
(756.0,756.0)
(756.0,756.0)
(475.0,756.0)
(756.0,756.0)
(447.0,756.0)
(756.0,756.0)
(756.0,756.0)
(756.0,756.0)
(756.0,756.0)
(756.0,756.0)
(756.0,756.0)
(756.0,756.0)
(756.0,756.0)
(756.0,756.0)
(447.0,756.0)
(756.0,756.0)
(417.0,756.0)
(756.0,756.0)
(756.0,756.0)
(787.0,756.0)
(756.0,756.0)
(756.0,756.0)
(406.0,756.0)
(435.0,756.0)
(756.0,756.0)
(417.0,756.0)
(756.0,756.0)
(756.0,756.0)
(756.0,756.0)
(756.0,756.0)
(756.0,756.0)
(756.0,756.0)
(756.0,756.0)
(756.0,756.0)
(382.0,756.0)
(756.0,756.0)
(756.0,756.0)
(756.0,756.0)
(756.0,756.0)
(756.0,756.0)
(756.0,756.0)
(756.0,756.0)
(432.0,756.0)
(756.0,756.0)
(379.0,756.0)
(756.0,756.0)
(756.0,756.0)
(382.0,756.0)
(756.0,756.0)
(756.0,756.0)
(756.0,756.0)
(756.0,756.0)
(382.0,756.0)
(756.0,756.0)
(756.0,756.0)
(756.0,756.0)
(756.0,756.0)
(756.0,756.0)
(756.0,756.0)
(756.0,756.0)
(756.0,756.0)
(756.0,756.0)
(756.0,756.0)
(756.0,756.0)
(756.0,756.0)
(756.0,756.0)
(756.0,756.0)
(756.0,756.0)
(756.0,756.0)
(756.0,756.0)
(433.0,756.0)
(756.0,756.0)
(756.0,756.0)
(756.0,756.0)
(756.0,756.0)
(475.0,756.0)
(756.0,756.0)
(756.0,756.0)
(756.0,756.0)
(756.0,756.0)
(756.0,756.0)
(756.0,756.0)
(756.0,756.0)
(756.0,756.0)
(756.0,756.0)
(756.0,756.0)
(756.0,756.0)
(756.0,756.0)
(756.0,756.0)
(479.0,756.0)
(756.0,756.0)
(756.0,756.0)
(386.0,756.0)
(756.0,756.0)
(756.0,756.0)
(756.0,756.0)
(379.0,756.0)
(382.0,756.0)
(756.0,756.0)
(756.0,756.0)
(756.0,756.0)
(756.0,756.0)
(756.0,756.0)
(756.0,756.0)
(756.0,756.0)
(413.0,756.0)
(756.0,756.0)
(756.0,756.0)
(756.0,756.0)
(756.0,756.0)
(756.0,756.0)
(756.0,756.0)
(756.0,756.0)
(756.0,756.0)
(756.0,756.0)
(756.0,756.0)
(756.0,756.0)
(756.0,756.0)
(756.0,756.0)
(756.0,756.0)
(756.0,756.0)
(756.0,756.0)
(756.0,756.0)
(756.0,756.0)
(756.0,756.0)
(433.0,756.0)
(756.0,756.0)
(756.0,756.0)
(756.0,756.0)
(756.0,756.0)
(756.0,756.0)
(398.0,756.0)
(756.0,756.0)
(756.0,756.0)
(756.0,756.0)
(756.0,756.0)
(756.0,756.0)
(756.0,756.0)
(756.0,756.0)
(756.0,756.0)
(756.0,756.0)
(756.0,756.0)
(756.0,756.0)
(756.0,756.0)
(756.0,756.0)
(756.0,756.0)
(756.0,756.0)
(756.0,756.0)
(756.0,756.0)
(756.0,756.0)
(756.0,756.0)
(756.0,756.0)
(756.0,756.0)
(756.0,756.0)
(433.0,756.0)
(756.0,756.0)
(756.0,756.0)
(756.0,756.0)
(756.0,756.0)
(756.0,756.0)
(386.0,756.0)
(380.0,756.0)
(756.0,756.0)
(475.0,756.0)
(756.0,756.0)
(756.0,756.0)
(756.0,756.0)
(756.0,756.0)
(756.0,756.0)
(756.0,756.0)
(756.0,756.0)
(406.0,756.0)
(417.0,756.0)
(447.0,756.0)
(756.0,756.0)
(756.0,756.0)
(756.0,756.0)
(756.0,756.0)
(756.0,756.0)
(756.0,756.0)
(756.0,756.0)
(756.0,756.0)
(756.0,756.0)
(382.0,756.0)
(756.0,756.0)
(756.0,756.0)
(756.0,756.0)
(756.0,756.0)
(756.0,756.0)
(756.0,756.0)
(756.0,756.0)
(756.0,756.0)
(379.0,756.0)
(756.0,756.0)
(756.0,756.0)
(756.0,756.0)
(756.0,756.0)
(756.0,756.0)
(756.0,756.0)
(756.0,756.0)
(756.0,756.0)
(756.0,756.0)
(756.0,756.0)
(368.0,756.0)
(756.0,756.0)
(433.0,756.0)
(756.0,756.0)
(756.0,756.0)
(417.0,756.0)
(756.0,756.0)
(756.0,756.0)
(756.0,756.0)
(756.0,756.0)
(756.0,756.0)
(756.0,756.0)
(756.0,756.0)
(756.0,756.0)
(756.0,756.0)
(756.0,756.0)
(756.0,756.0)
(756.0,756.0)
(756.0,756.0)
(756.0,756.0)
(756.0,756.0)
(756.0,756.0)
(756.0,756.0)
(756.0,756.0)
(756.0,756.0)
(756.0,756.0)
(756.0,756.0)
(756.0,756.0)
(756.0,756.0)
(756.0,756.0)
(483.0,756.0)
(756.0,756.0)
(756.0,756.0)
(756.0,756.0)
(756.0,756.0)
(756.0,756.0)
(756.0,756.0)
(756.0,756.0)
(756.0,756.0)
(475.0,756.0)
(756.0,756.0)
(756.0,756.0)
(756.0,756.0)
(756.0,756.0)
(756.0,756.0)
(756.0,756.0)
(771.0,756.0)
(756.0,756.0)
(756.0,756.0)
(756.0,756.0)
(756.0,756.0)
(756.0,756.0)
(756.0,756.0)
(756.0,756.0)
(784.0,756.0)
(756.0,756.0)
(756.0,756.0)
(756.0,756.0)
(756.0,756.0)
(756.0,756.0)
(756.0,756.0)
(756.0,756.0)
(756.0,756.0)
(756.0,756.0)
(756.0,756.0)
(756.0,756.0)
(756.0,756.0)
(756.0,756.0)
(479.0,756.0)
(756.0,756.0)
(756.0,756.0)
(756.0,756.0)
(756.0,756.0)
(756.0,756.0)
(756.0,756.0)
(756.0,756.0)
(756.0,756.0)
(756.0,756.0)
(756.0,756.0)
(756.0,756.0)
(756.0,756.0)
(756.0,756.0)
(386.0,756.0)
(756.0,756.0)
(756.0,756.0)
(756.0,756.0)
(756.0,756.0)
(417.0,756.0)
(756.0,756.0)
(756.0,756.0)
(756.0,756.0)
(756.0,756.0)
(756.0,756.0)
(756.0,756.0)
(756.0,756.0)
(756.0,756.0)
(756.0,756.0)
(756.0,756.0)
(756.0,756.0)
(756.0,756.0)
(756.0,756.0)
(756.0,756.0)
(756.0,756.0)
(756.0,756.0)
(756.0,756.0)
(756.0,756.0)
(756.0,756.0)
(756.0,756.0)
(756.0,756.0)
(756.0,756.0)
(756.0,756.0)
(756.0,756.0)
(756.0,756.0)
(756.0,756.0)
(756.0,756.0)
(756.0,756.0)
(756.0,756.0)
(756.0,756.0)
(382.0,756.0)
(756.0,756.0)
(756.0,756.0)
(756.0,756.0)
(756.0,756.0)
(756.0,756.0)
(756.0,756.0)
(417.0,756.0)
(756.0,756.0)
(756.0,756.0)
(756.0,756.0)
(756.0,756.0)
(756.0,756.0)
(756.0,756.0)
(756.0,756.0)
(756.0,756.0)
(756.0,756.0)
(756.0,756.0)
(479.0,756.0)
(756.0,756.0)
(756.0,756.0)
(756.0,756.0)
(756.0,756.0)
(756.0,756.0)
(756.0,756.0)
(756.0,756.0)
(756.0,756.0)
(475.0,756.0)
(756.0,756.0)
(756.0,756.0)
(417.0,756.0)
(756.0,756.0)
(756.0,756.0)
(756.0,756.0)
(756.0,756.0)
(756.0,756.0)
(417.0,756.0)
(756.0,756.0)
(756.0,756.0)
(756.0,756.0)
(756.0,756.0)
(756.0,756.0)
(756.0,756.0)
(756.0,756.0)
(479.0,756.0)
(756.0,756.0)
(756.0,756.0)
(756.0,756.0)
(756.0,756.0)
(756.0,756.0)
(756.0,756.0)
(756.0,756.0)
(756.0,756.0)
(756.0,756.0)
(756.0,756.0)
(756.0,756.0)
(756.0,756.0)
(756.0,756.0)
(756.0,756.0)
(756.0,756.0)
(756.0,756.0)
(756.0,756.0)
(756.0,756.0)
(756.0,756.0)
(756.0,756.0)
(756.0,756.0)
(379.0,756.0)
(756.0,756.0)
(756.0,756.0)
(756.0,756.0)
(756.0,756.0)
(756.0,756.0)
(368.0,756.0)
(387.0,756.0)
(756.0,756.0)
(756.0,756.0)
(441.0,756.0)
(756.0,756.0)
(756.0,756.0)
(756.0,756.0)
(756.0,756.0)
(756.0,756.0)
(756.0,756.0)
(756.0,756.0)
(387.0,756.0)
(756.0,756.0)
(756.0,756.0)
(756.0,756.0)
(398.0,756.0)
(413.0,756.0)
(756.0,756.0)
(756.0,756.0)
(756.0,756.0)
(756.0,756.0)
(756.0,756.0)
(756.0,756.0)
(756.0,756.0)
(756.0,756.0)
(756.0,756.0)
(756.0,756.0)
(756.0,756.0)
(756.0,756.0)
(756.0,756.0)
(756.0,756.0)
(756.0,756.0)
(756.0,756.0)
(756.0,756.0)
(756.0,756.0)
(433.0,756.0)
(354.0,756.0)
(756.0,756.0)
(756.0,756.0)
(756.0,756.0)
(756.0,756.0)
(756.0,756.0)
(756.0,756.0)
(756.0,756.0)
(368.0,756.0)
(756.0,756.0)
(417.0,756.0)
(756.0,756.0)
(756.0,756.0)
(756.0,756.0)
(756.0,756.0)
(756.0,756.0)
(756.0,756.0)
(756.0,756.0)
(756.0,756.0)
(756.0,756.0)
(413.0,756.0)
(756.0,756.0)
(756.0,756.0)
(756.0,756.0)
(756.0,756.0)
(756.0,756.0)
(756.0,756.0)
(756.0,756.0)
(756.0,756.0)
(756.0,756.0)
(756.0,756.0)
(756.0,756.0)
(756.0,756.0)
(756.0,756.0)
(756.0,756.0)
(756.0,756.0)
(756.0,756.0)
(756.0,756.0)
(756.0,756.0)
(756.0,756.0)
(756.0,756.0)
(756.0,756.0)
(756.0,756.0)
(403.0,756.0)
(756.0,756.0)
(756.0,756.0)
(379.0,756.0)
(756.0,756.0)
(756.0,756.0)
(756.0,756.0)
(756.0,756.0)
(756.0,756.0)
(756.0,756.0)
(756.0,756.0)
(756.0,756.0)
(756.0,756.0)
(756.0,756.0)
(756.0,756.0)
(756.0,756.0)
(428.0,756.0)
(417.0,756.0)
(756.0,756.0)
(756.0,756.0)
(756.0,756.0)
(756.0,756.0)
(756.0,756.0)
(756.0,756.0)
(756.0,756.0)
(756.0,756.0)
(756.0,756.0)
(367.0,756.0)
(756.0,756.0)
(756.0,756.0)
(756.0,756.0)
(756.0,756.0)
(756.0,756.0)
(433.0,756.0)
(756.0,756.0)
(756.0,756.0)
(756.0,756.0)
(756.0,756.0)
(756.0,756.0)
(756.0,756.0)
(756.0,756.0)
(433.0,756.0)
(756.0,756.0)
(756.0,756.0)
(756.0,756.0)
(417.0,756.0)
(756.0,756.0)
(756.0,756.0)
(756.0,756.0)
(756.0,756.0)
(756.0,756.0)
(445.0,756.0)
(756.0,756.0)
(756.0,756.0)
(756.0,756.0)
(410.0,756.0)
(368.0,756.0)
(756.0,756.0)
(756.0,756.0)
(756.0,756.0)
(756.0,756.0)
(756.0,756.0)
(756.0,756.0)
(781.0,756.0)
(756.0,756.0)
(756.0,756.0)
(756.0,756.0)
(756.0,756.0)
(756.0,756.0)
(756.0,756.0)
(756.0,756.0)
(756.0,756.0)
(756.0,756.0)
(756.0,756.0)
(756.0,756.0)
(756.0,756.0)
(756.0,756.0)
(756.0,756.0)
(756.0,756.0)
(756.0,756.0)
(382.0,756.0)
(756.0,756.0)
(756.0,756.0)
(756.0,756.0)
(756.0,756.0)
(479.0,756.0)
(475.0,756.0)
(756.0,756.0)
(756.0,756.0)
(756.0,756.0)
(756.0,756.0)
(756.0,756.0)
(756.0,756.0)
(756.0,756.0)
(756.0,756.0)
(433.0,756.0)
(756.0,756.0)
(381.0,756.0)
(756.0,756.0)
(756.0,756.0)
(381.0,756.0)
(442.0,756.0)
(756.0,756.0)
(756.0,756.0)
(756.0,756.0)
(756.0,756.0)
(756.0,756.0)
(475.0,756.0)
(756.0,756.0)
(475.0,756.0)
(381.0,756.0)
(381.0,756.0)
(756.0,756.0)
(756.0,756.0)
(440.0,756.0)
(381.0,756.0)
(756.0,756.0)
(398.0,756.0)
(756.0,756.0)
(756.0,756.0)
(756.0,756.0)
(756.0,756.0)
(381.0,756.0)
(386.0,756.0)
(756.0,756.0)
(475.0,756.0)
(756.0,756.0)
(368.0,756.0)
(756.0,756.0)
(756.0,756.0)
(427.0,756.0)
(756.0,756.0)
(756.0,756.0)
(479.0,756.0)
(475.0,756.0)
(756.0,756.0)
(756.0,756.0)
(381.0,756.0)
(756.0,756.0)
(756.0,756.0)
(382.0,756.0)
(442.0,756.0)
(380.0,756.0)
(756.0,756.0)
(756.0,756.0)
(756.0,756.0)
(756.0,756.0)
(381.0,756.0)
(756.0,756.0)
(756.0,756.0)
(756.0,756.0)
(756.0,756.0)
(756.0,756.0)
(382.0,756.0)
(756.0,756.0)
(756.0,756.0)
(483.0,756.0)
(756.0,756.0)
(756.0,756.0)
(756.0,756.0)
(756.0,756.0)
(381.0,756.0)
(756.0,756.0)
(756.0,756.0)
(756.0,756.0)
(756.0,756.0)
(381.0,756.0)
(756.0,756.0)
(459.0,756.0)
(380.0,756.0)
(381.0,756.0)
(756.0,756.0)
(756.0,756.0)
(756.0,756.0)
(756.0,756.0)
(382.0,756.0)
(440.0,756.0)
(427.0,756.0)
(756.0,756.0)
(756.0,756.0)
(756.0,756.0)
(479.0,756.0)
(381.0,756.0)
(756.0,756.0)
(381.0,756.0)
(756.0,756.0)
(756.0,756.0)
(756.0,756.0)
(756.0,756.0)
(442.0,756.0)
(756.0,756.0)
(756.0,756.0)
(381.0,756.0)
(756.0,756.0)
(756.0,756.0)
(381.0,756.0)
(756.0,756.0)
(756.0,756.0)
(387.0,756.0)
(381.0,756.0)
(381.0,756.0)
(756.0,756.0)
(756.0,756.0)
(756.0,756.0)
(756.0,756.0)
(381.0,756.0)
(756.0,756.0)
(479.0,756.0)
(756.0,756.0)
(756.0,756.0)
(756.0,756.0)
(381.0,756.0)
(475.0,756.0)
(382.0,756.0)
(381.0,756.0)
(479.0,756.0)
(440.0,756.0)
(756.0,756.0)
(756.0,756.0)
(442.0,756.0)
(381.0,756.0)
(802.0,756.0)
(381.0,756.0)
(756.0,756.0)
(756.0,756.0)
(756.0,756.0)
(381.0,756.0)
(771.0,756.0)
(382.0,756.0)
(381.0,756.0)
(756.0,756.0)
(756.0,756.0)
(756.0,756.0)
(479.0,756.0)
(440.0,756.0)
(381.0,756.0)
(756.0,756.0)
(475.0,756.0)
(756.0,756.0)
(756.0,756.0)
(756.0,756.0)
(381.0,756.0)
(381.0,756.0)
(756.0,756.0)
(381.0,756.0)
(381.0,756.0)
(381.0,756.0)
(756.0,756.0)
(354.0,756.0)
(756.0,756.0)
(757.0,756.0)
(756.0,756.0)
(756.0,756.0)
(756.0,756.0)
(756.0,756.0)
(756.0,756.0)
(756.0,756.0)
(756.0,756.0)
(435.0,756.0)
(756.0,756.0)
(756.0,756.0)
(756.0,756.0)
(756.0,756.0)
(756.0,756.0)
(381.0,756.0)
(756.0,756.0)
(756.0,756.0)
(756.0,756.0)
(756.0,756.0)
(771.0,756.0)
(756.0,756.0)
(387.0,756.0)
(381.0,756.0)
(440.0,756.0)
(756.0,756.0)
(381.0,756.0)
(387.0,756.0)
(479.0,756.0)
(427.0,756.0)
(756.0,756.0)
(756.0,756.0)
(756.0,756.0)
(756.0,756.0)
(756.0,756.0)
(756.0,756.0)
(440.0,756.0)
(756.0,756.0)
(756.0,756.0)
(756.0,756.0)
(382.0,756.0)
(417.0,756.0)
(756.0,756.0)
(756.0,756.0)
(447.0,757.0)
(757.0,757.0)
(387.0,757.0)
(379.0,757.0)
(757.0,757.0)
(387.0,757.0)
(475.0,757.0)
(757.0,757.0)
(387.0,757.0)
(757.0,757.0)
(757.0,757.0)
(387.0,757.0)
(448.0,757.0)
(417.0,757.0)
(756.0,757.0)
(408.0,757.0)
(469.0,757.0)
(408.0,757.0)
(379.0,757.0)
(409.0,757.0)
(386.0,757.0)
(475.0,757.0)
(757.0,757.0)
(409.0,757.0)
(417.0,757.0)
(386.0,757.0)
(757.0,757.0)
(379.0,757.0)
(409.0,757.0)
(417.0,757.0)
(757.0,757.0)
(769.0,757.0)
(379.0,757.0)
(757.0,757.0)
(409.0,757.0)
(417.0,757.0)
(387.0,757.0)
(364.0,757.0)
(387.0,757.0)
(757.0,757.0)
(757.0,757.0)
(409.0,757.0)
(757.0,757.0)
(757.0,757.0)
(757.0,757.0)
(757.0,757.0)
(409.0,757.0)
(757.0,757.0)
(409.0,757.0)
(409.0,757.0)
(417.0,757.0)
(412.0,757.0)
(409.0,757.0)
(417.0,757.0)
(789.0,757.0)
(408.0,757.0)
(409.0,757.0)
(409.0,757.0)
(387.0,757.0)
(387.0,757.0)
(412.0,757.0)
(412.0,757.0)
(387.0,757.0)
(387.0,757.0)
(387.0,757.0)
(757.0,757.0)
(417.0,757.0)
(387.0,757.0)
(409.0,757.0)
(417.0,757.0)
(417.0,757.0)
(409.0,757.0)
(379.0,757.0)
(387.0,757.0)
(44.0,757.0)
(387.0,757.0)
(379.0,757.0)
(417.0,757.0)
(398.0,757.0)
(398.0,757.0)
(382.0,757.0)
(387.0,757.0)
(409.0,757.0)
(417.0,757.0)
(386.0,757.0)
(757.0,757.0)
(387.0,757.0)
(757.0,757.0)
(760.0,757.0)
(382.0,757.0)
(387.0,757.0)
(757.0,757.0)
(417.0,757.0)
(379.0,757.0)
(757.0,757.0)
(409.0,757.0)
(760.0,757.0)
(757.0,757.0)
(409.0,757.0)
(757.0,757.0)
(387.0,757.0)
(379.0,757.0)
(409.0,757.0)
(757.0,757.0)
(409.0,757.0)
(409.0,757.0)
(757.0,757.0)
(757.0,757.0)
(757.0,757.0)
(401.0,757.0)
(417.0,757.0)
(757.0,757.0)
(387.0,757.0)
(475.0,757.0)
(387.0,757.0)
(408.0,757.0)
(386.0,757.0)
(757.0,757.0)
(417.0,757.0)
(409.0,757.0)
(409.0,757.0)
(760.0,757.0)
(379.0,757.0)
(757.0,757.0)
(757.0,757.0)
(417.0,757.0)
(757.0,757.0)
(349.0,757.0)
(757.0,757.0)
(757.0,757.0)
(386.0,757.0)
(379.0,757.0)
(412.0,757.0)
(398.0,757.0)
(379.0,757.0)
(757.0,757.0)
(387.0,757.0)
(387.0,757.0)
(417.0,757.0)
(387.0,757.0)
(398.0,757.0)
(757.0,757.0)
(386.0,757.0)
(757.0,757.0)
(757.0,757.0)
(379.0,757.0)
(479.0,757.0)
(757.0,757.0)
(756.0,757.0)
(475.0,757.0)
(757.0,757.0)
(757.0,757.0)
(409.0,757.0)
(409.0,757.0)
(387.0,757.0)
(387.0,757.0)
(757.0,757.0)
(757.0,757.0)
(757.0,757.0)
(757.0,757.0)
(379.0,757.0)
(387.0,757.0)
(409.0,757.0)
(387.0,757.0)
(398.0,757.0)
(409.0,757.0)
(757.0,757.0)
(387.0,757.0)
(757.0,757.0)
(757.0,757.0)
(409.0,757.0)
(379.0,757.0)
(417.0,757.0)
(398.0,757.0)
(409.0,757.0)
(387.0,757.0)
(409.0,757.0)
(417.0,757.0)
(409.0,757.0)
(387.0,757.0)
(757.0,757.0)
(757.0,757.0)
(387.0,757.0)
(387.0,757.0)
(387.0,757.0)
(421.0,757.0)
(409.0,757.0)
(757.0,757.0)
(417.0,757.0)
(757.0,757.0)
(417.0,757.0)
(386.0,757.0)
(757.0,757.0)
(757.0,757.0)
(387.0,757.0)
(757.0,757.0)
(393.0,383.0)
(466.0,383.0)
(383.0,383.0)
(383.0,383.0)
(745.0,383.0)
(393.0,383.0)
(393.0,383.0)
(375.0,383.0)
(393.0,383.0)
(393.0,383.0)
(453.0,383.0)
(393.0,383.0)
(443.0,383.0)
(383.0,383.0)
(393.0,383.0)
(383.0,383.0)
(385.0,383.0)
(393.0,383.0)
(383.0,383.0)
(797.0,383.0)
(393.0,383.0)
(393.0,383.0)
(393.0,383.0)
(801.0,383.0)
(393.0,383.0)
(383.0,383.0)
(801.0,383.0)
(393.0,383.0)
(464.0,383.0)
(393.0,383.0)
(393.0,383.0)
(801.0,383.0)
(424.0,383.0)
(393.0,383.0)
(798.0,383.0)
(393.0,383.0)
(464.0,383.0)
(398.0,383.0)
(383.0,383.0)
(393.0,383.0)
(464.0,383.0)
(383.0,383.0)
(801.0,383.0)
(464.0,383.0)
(446.0,383.0)
(393.0,383.0)
(393.0,383.0)
(393.0,383.0)
(801.0,383.0)
(393.0,383.0)
(393.0,383.0)
(464.0,383.0)
(459.0,383.0)
(383.0,383.0)
(393.0,383.0)
(800.0,383.0)
(393.0,383.0)
(385.0,383.0)
(393.0,383.0)
(399.0,383.0)
(393.0,383.0)
(393.0,383.0)
(801.0,383.0)
(383.0,383.0)
(799.0,383.0)
(464.0,383.0)
(393.0,383.0)
(801.0,383.0)
(393.0,383.0)
(443.0,383.0)
(393.0,383.0)
(393.0,383.0)
(383.0,383.0)
(393.0,383.0)
(759.0,383.0)
(393.0,383.0)
(393.0,383.0)
(464.0,383.0)
(449.0,383.0)
(798.0,383.0)
(360.0,383.0)
(800.0,383.0)
(443.0,383.0)
(393.0,383.0)
(393.0,383.0)
(393.0,383.0)
(393.0,383.0)
(797.0,383.0)
(393.0,383.0)
(464.0,383.0)
(393.0,383.0)
(393.0,383.0)
(771.0,383.0)
(464.0,383.0)
(393.0,383.0)
(801.0,383.0)
(383.0,383.0)
(801.0,383.0)
(393.0,383.0)
(464.0,383.0)
(466.0,383.0)
(393.0,383.0)
(393.0,383.0)
(393.0,383.0)
(443.0,383.0)
(393.0,383.0)
(771.0,383.0)
(464.0,383.0)
(464.0,383.0)
(353.0,383.0)
(383.0,383.0)
(393.0,383.0)
(797.0,383.0)
(393.0,383.0)
(393.0,383.0)
(383.0,383.0)
(798.0,383.0)
(801.0,383.0)
(393.0,383.0)
(771.0,383.0)
(383.0,383.0)
(464.0,383.0)
(383.0,383.0)
(801.0,383.0)
(393.0,383.0)
(771.0,383.0)
(466.0,383.0)
(464.0,383.0)
(383.0,383.0)
(386.0,383.0)
(393.0,383.0)
(393.0,383.0)
(771.0,383.0)
(393.0,383.0)
(393.0,383.0)
(393.0,383.0)
(412.0,383.0)
(383.0,383.0)
(461.0,383.0)
(801.0,383.0)
(393.0,383.0)
(445.0,383.0)
(393.0,383.0)
(388.0,383.0)
(453.0,383.0)
(383.0,383.0)
(386.0,383.0)
(393.0,383.0)
(388.0,383.0)
(383.0,383.0)
(466.0,383.0)
(393.0,383.0)
(393.0,383.0)
(393.0,383.0)
(801.0,383.0)
(393.0,383.0)
(383.0,383.0)
(448.0,383.0)
(801.0,383.0)
(443.0,383.0)
(799.0,383.0)
(464.0,383.0)
(393.0,383.0)
(800.0,383.0)
(393.0,383.0)
(436.0,383.0)
(393.0,383.0)
(383.0,383.0)
(383.0,383.0)
(393.0,383.0)
(393.0,383.0)
(393.0,383.0)
(383.0,383.0)
(393.0,383.0)
(393.0,383.0)
(464.0,383.0)
(393.0,383.0)
(794.0,383.0)
(391.0,383.0)
(783.0,383.0)
(801.0,383.0)
(785.0,383.0)
(434.0,383.0)
(388.0,383.0)
(393.0,383.0)
(464.0,383.0)
(393.0,383.0)
(383.0,383.0)
(398.0,383.0)
(383.0,383.0)
(393.0,383.0)
(383.0,383.0)
(383.0,383.0)
(393.0,383.0)
(446.0,383.0)
(393.0,383.0)
(383.0,383.0)
(393.0,383.0)
(393.0,383.0)
(393.0,383.0)
(393.0,383.0)
(393.0,383.0)
(810.0,383.0)
(771.0,383.0)
(385.0,383.0)
(393.0,383.0)
(383.0,383.0)
(383.0,383.0)
(798.0,383.0)
(393.0,383.0)
(383.0,383.0)
(393.0,383.0)
(388.0,383.0)
(393.0,383.0)
(383.0,383.0)
(798.0,383.0)
(393.0,383.0)
(383.0,383.0)
(798.0,383.0)
(393.0,383.0)
(393.0,383.0)
(388.0,383.0)
(785.0,383.0)
(383.0,383.0)
(393.0,383.0)
(386.0,383.0)
(393.0,383.0)
(466.0,383.0)
(383.0,383.0)
(383.0,383.0)
(383.0,383.0)
(393.0,383.0)
(388.0,383.0)
(798.0,383.0)
(798.0,383.0)
(393.0,383.0)
(393.0,383.0)
(466.0,383.0)
(801.0,383.0)
(383.0,383.0)
(383.0,383.0)
(383.0,383.0)
(383.0,383.0)
(798.0,383.0)
(393.0,383.0)
(797.0,383.0)
(449.0,383.0)
(393.0,383.0)
(798.0,383.0)
(393.0,383.0)
(383.0,383.0)
(393.0,383.0)
(393.0,383.0)
(798.0,383.0)
(798.0,383.0)
(393.0,383.0)
(393.0,383.0)
(393.0,383.0)
(464.0,383.0)
(443.0,383.0)
(464.0,383.0)
(385.0,383.0)
(797.0,383.0)
(744.0,383.0)
(393.0,383.0)
(801.0,383.0)
(798.0,383.0)
(383.0,383.0)
(798.0,383.0)
(448.0,383.0)
(393.0,383.0)
(393.0,383.0)
(771.0,383.0)
(800.0,383.0)
(383.0,383.0)
(383.0,383.0)
(466.0,383.0)
(393.0,383.0)
(383.0,383.0)
(383.0,383.0)
(393.0,383.0)
(393.0,383.0)
(386.0,383.0)
(383.0,383.0)
(383.0,383.0)
(466.0,383.0)
(393.0,383.0)
(385.0,383.0)
(383.0,383.0)
(798.0,383.0)
(759.0,383.0)
(393.0,383.0)
(383.0,383.0)
(443.0,383.0)
(798.0,383.0)
(393.0,383.0)
(393.0,383.0)
(383.0,383.0)
(798.0,383.0)
(383.0,383.0)
(466.0,383.0)
(383.0,383.0)
(393.0,383.0)
(801.0,383.0)
(801.0,383.0)
(393.0,383.0)
(393.0,383.0)
(801.0,383.0)
(393.0,383.0)
(393.0,383.0)
(393.0,383.0)
(453.0,383.0)
(383.0,383.0)
(464.0,383.0)
(393.0,383.0)
(797.0,383.0)
(798.0,383.0)
(383.0,383.0)
(393.0,383.0)
(393.0,383.0)
(393.0,383.0)
(383.0,383.0)
(393.0,383.0)
(383.0,383.0)
(386.0,383.0)
(393.0,383.0)
(393.0,383.0)
(451.0,383.0)
(393.0,383.0)
(393.0,383.0)
(466.0,383.0)
(393.0,383.0)
(349.0,383.0)
(744.0,383.0)
(393.0,383.0)
(383.0,383.0)
(393.0,383.0)
(383.0,383.0)
(393.0,383.0)
(443.0,383.0)
(393.0,383.0)
(393.0,383.0)
(393.0,383.0)
(388.0,383.0)
(383.0,383.0)
(393.0,383.0)
(388.0,383.0)
(393.0,383.0)
(453.0,383.0)
(385.0,383.0)
(759.0,383.0)
(399.0,383.0)
(393.0,383.0)
(393.0,383.0)
(464.0,383.0)
(393.0,383.0)
(798.0,383.0)
(383.0,383.0)
(464.0,383.0)
(745.0,383.0)
(393.0,383.0)
(393.0,383.0)
(393.0,383.0)
(464.0,383.0)
(798.0,383.0)
(383.0,383.0)
(801.0,383.0)
(447.0,383.0)
(383.0,383.0)
(393.0,383.0)
(466.0,383.0)
(393.0,383.0)
(386.0,383.0)
(383.0,383.0)
(393.0,383.0)
(464.0,383.0)
(393.0,383.0)
(450.0,383.0)
(393.0,383.0)
(384.0,384.0)
(464.0,384.0)
(385.0,384.0)
(385.0,384.0)
(464.0,384.0)
(464.0,384.0)
(464.0,384.0)
(385.0,384.0)
(385.0,384.0)
(385.0,384.0)
(436.0,384.0)
(385.0,384.0)
(385.0,384.0)
(464.0,384.0)
(385.0,384.0)
(464.0,384.0)
(464.0,384.0)
(385.0,384.0)
(464.0,384.0)
(464.0,384.0)
(464.0,384.0)
(448.0,384.0)
(385.0,384.0)
(381.0,384.0)
(385.0,384.0)
(385.0,384.0)
(385.0,384.0)
(464.0,384.0)
(436.0,384.0)
(385.0,384.0)
(385.0,384.0)
(464.0,384.0)
(385.0,384.0)
(449.0,384.0)
(385.0,384.0)
(385.0,384.0)
(464.0,384.0)
(385.0,384.0)
(464.0,384.0)
(385.0,384.0)
(385.0,384.0)
(449.0,384.0)
(464.0,384.0)
(464.0,384.0)
(385.0,384.0)
(385.0,384.0)
(464.0,384.0)
(385.0,384.0)
(20.0,384.0)
(384.0,384.0)
(464.0,384.0)
(402.0,384.0)
(385.0,384.0)
(464.0,384.0)
(381.0,384.0)
(385.0,384.0)
(385.0,384.0)
(385.0,384.0)
(385.0,384.0)
(385.0,384.0)
(385.0,384.0)
(464.0,384.0)
(757.0,384.0)
(385.0,384.0)
(444.0,384.0)
(444.0,384.0)
(383.0,384.0)
(464.0,384.0)
(385.0,384.0)
(385.0,384.0)
(385.0,384.0)
(385.0,384.0)
(464.0,384.0)
(464.0,384.0)
(464.0,384.0)
(385.0,384.0)
(385.0,384.0)
(444.0,384.0)
(385.0,384.0)
(385.0,384.0)
(385.0,384.0)
(424.0,384.0)
(461.0,384.0)
(385.0,384.0)
(385.0,384.0)
(385.0,384.0)
(385.0,384.0)
(384.0,384.0)
(444.0,384.0)
(385.0,384.0)
(385.0,384.0)
(385.0,384.0)
(449.0,384.0)
(444.0,384.0)
(385.0,384.0)
(449.0,384.0)
(385.0,384.0)
(449.0,384.0)
(444.0,384.0)
(385.0,384.0)
(385.0,384.0)
(385.0,384.0)
(385.0,384.0)
(464.0,384.0)
(385.0,384.0)
(464.0,384.0)
(385.0,384.0)
(385.0,384.0)
(385.0,384.0)
(385.0,384.0)
(464.0,384.0)
(385.0,384.0)
(385.0,384.0)
(385.0,384.0)
(385.0,384.0)
(385.0,384.0)
(385.0,384.0)
(449.0,384.0)
(464.0,384.0)
(384.0,384.0)
(385.0,384.0)
(385.0,384.0)
(385.0,384.0)
(385.0,384.0)
(464.0,384.0)
(464.0,384.0)
(449.0,384.0)
(385.0,384.0)
(799.0,384.0)
(385.0,384.0)
(385.0,384.0)
(385.0,384.0)
(464.0,384.0)
(385.0,384.0)
(464.0,384.0)
(385.0,384.0)
(464.0,384.0)
(464.0,384.0)
(385.0,384.0)
(449.0,384.0)
(385.0,384.0)
(384.0,384.0)
(385.0,384.0)
(464.0,384.0)
(449.0,384.0)
(384.0,384.0)
(385.0,384.0)
(459.0,384.0)
(385.0,384.0)
(385.0,384.0)
(385.0,384.0)
(385.0,384.0)
(449.0,384.0)
(385.0,384.0)
(385.0,384.0)
(385.0,384.0)
(385.0,384.0)
(385.0,384.0)
(385.0,384.0)
(449.0,384.0)
(444.0,384.0)
(464.0,384.0)
(389.0,384.0)
(385.0,384.0)
(745.0,384.0)
(385.0,384.0)
(385.0,384.0)
(464.0,384.0)
(385.0,384.0)
(385.0,384.0)
(464.0,384.0)
(385.0,384.0)
(440.0,384.0)
(385.0,384.0)
(385.0,384.0)
(385.0,384.0)
(464.0,384.0)
(444.0,384.0)
(385.0,384.0)
(385.0,384.0)
(464.0,384.0)
(385.0,384.0)
(464.0,384.0)
(452.0,384.0)
(429.0,384.0)
(452.0,384.0)
(464.0,384.0)
(452.0,384.0)
(449.0,384.0)
(385.0,384.0)
(429.0,384.0)
(464.0,384.0)
(429.0,384.0)
(449.0,384.0)
(464.0,384.0)
(464.0,384.0)
(393.0,384.0)
(449.0,384.0)
(449.0,384.0)
(464.0,384.0)
(385.0,384.0)
(385.0,384.0)
(771.0,384.0)
(449.0,384.0)
(452.0,384.0)
(464.0,384.0)
(429.0,384.0)
(385.0,384.0)
(449.0,384.0)
(452.0,384.0)
(464.0,384.0)
(449.0,384.0)
(385.0,384.0)
(464.0,384.0)
(384.0,384.0)
(464.0,384.0)
(464.0,384.0)
(464.0,384.0)
(429.0,384.0)
(385.0,384.0)
(385.0,384.0)
(452.0,384.0)
(449.0,384.0)
(464.0,384.0)
(464.0,384.0)
(385.0,384.0)
(464.0,384.0)
(464.0,384.0)
(771.0,384.0)
(464.0,384.0)
(452.0,384.0)
(464.0,384.0)
(464.0,384.0)
(452.0,384.0)
(385.0,384.0)
(452.0,384.0)
(429.0,384.0)
(452.0,384.0)
(452.0,384.0)
(384.0,384.0)
(384.0,384.0)
(449.0,384.0)
(449.0,384.0)
(449.0,384.0)
(452.0,384.0)
(449.0,384.0)
(449.0,384.0)
(464.0,384.0)
(452.0,384.0)
(449.0,384.0)
(464.0,384.0)
(464.0,384.0)
(384.0,384.0)
(464.0,384.0)
(452.0,384.0)
(464.0,384.0)
(452.0,384.0)
(385.0,384.0)
(385.0,384.0)
(385.0,384.0)
(452.0,384.0)
(452.0,384.0)
(464.0,384.0)
(464.0,384.0)
(452.0,384.0)
(464.0,384.0)
(452.0,384.0)
(449.0,384.0)
(464.0,384.0)
(464.0,384.0)
(464.0,384.0)
(452.0,384.0)
(449.0,384.0)
(464.0,384.0)
(449.0,384.0)
(464.0,384.0)
(464.0,384.0)
(385.0,384.0)
(452.0,384.0)
(464.0,384.0)
(429.0,384.0)
(452.0,384.0)
(449.0,384.0)
(464.0,384.0)
(464.0,384.0)
(385.0,384.0)
(449.0,384.0)
(452.0,384.0)
(393.0,384.0)
(449.0,384.0)
(452.0,384.0)
(449.0,384.0)
(452.0,384.0)
(452.0,384.0)
(385.0,384.0)
(385.0,384.0)
(464.0,384.0)
(449.0,384.0)
(449.0,384.0)
(385.0,384.0)
(464.0,384.0)
(464.0,384.0)
(449.0,384.0)
(464.0,384.0)
(452.0,384.0)
(452.0,384.0)
(449.0,384.0)
(429.0,384.0)
(464.0,384.0)
(385.0,384.0)
(384.0,384.0)
(385.0,384.0)
(452.0,384.0)
(464.0,384.0)
(464.0,384.0)
(464.0,384.0)
(452.0,384.0)
(464.0,384.0)
(385.0,384.0)
(464.0,384.0)
(449.0,384.0)
(452.0,384.0)
(464.0,384.0)
(449.0,384.0)
(464.0,384.0)
(393.0,384.0)
(452.0,384.0)
(384.0,384.0)
(429.0,384.0)
(464.0,384.0)
(452.0,384.0)
(452.0,384.0)
(449.0,384.0)
(385.0,384.0)
(449.0,384.0)
(384.0,384.0)
(449.0,384.0)
(464.0,384.0)
(452.0,384.0)
(464.0,384.0)
(452.0,384.0)
(464.0,384.0)
(464.0,384.0)
(452.0,384.0)
(452.0,384.0)
(452.0,384.0)
(385.0,384.0)
(464.0,384.0)
(771.0,384.0)
(429.0,384.0)
(385.0,384.0)
(464.0,384.0)
(385.0,384.0)
(464.0,384.0)
(464.0,384.0)
(464.0,384.0)
(385.0,384.0)
(385.0,384.0)
(464.0,384.0)
(464.0,384.0)
(452.0,384.0)
(385.0,384.0)
(449.0,384.0)
(464.0,384.0)
(452.0,384.0)
(385.0,384.0)
(464.0,384.0)
(464.0,384.0)
(464.0,384.0)
(452.0,384.0)
(452.0,384.0)
(449.0,384.0)
(464.0,384.0)
(429.0,384.0)
(464.0,384.0)
(464.0,384.0)
(429.0,384.0)
(385.0,384.0)
(385.0,384.0)
(452.0,384.0)
(452.0,384.0)
(464.0,384.0)
(464.0,384.0)
(385.0,384.0)
(385.0,384.0)
(385.0,384.0)
(385.0,384.0)
(385.0,384.0)
(385.0,384.0)
(464.0,384.0)
(384.0,384.0)
(385.0,384.0)
(464.0,384.0)
(383.0,384.0)
(385.0,384.0)
(464.0,384.0)
(464.0,384.0)
(385.0,384.0)
(381.0,384.0)
(464.0,384.0)
(385.0,384.0)
(464.0,384.0)
(385.0,384.0)
(385.0,384.0)
(436.0,384.0)
(519.0,384.0)
(464.0,384.0)
(385.0,384.0)
(385.0,384.0)
(385.0,384.0)
(381.0,384.0)
(452.0,384.0)
(385.0,384.0)
(385.0,384.0)
(385.0,384.0)
(464.0,384.0)
(385.0,384.0)
(464.0,384.0)
(464.0,384.0)
(385.0,384.0)
(385.0,384.0)
(383.0,384.0)
(385.0,384.0)
(464.0,384.0)
(464.0,384.0)
(464.0,384.0)
(464.0,384.0)
(385.0,384.0)
(385.0,384.0)
(385.0,384.0)
(385.0,384.0)
(385.0,384.0)
(412.0,384.0)
(385.0,384.0)
(385.0,384.0)
(385.0,384.0)
(464.0,384.0)
(464.0,384.0)
(464.0,384.0)
(448.0,384.0)
(385.0,384.0)
(464.0,384.0)
(385.0,384.0)
(464.0,384.0)
(383.0,384.0)
(464.0,384.0)
(385.0,384.0)
(385.0,384.0)
(393.0,384.0)
(385.0,384.0)
(385.0,384.0)
(464.0,384.0)
(385.0,384.0)
(385.0,384.0)
(385.0,384.0)
(385.0,384.0)
(464.0,384.0)
(464.0,384.0)
(385.0,384.0)
(464.0,384.0)
(385.0,384.0)
(464.0,384.0)
(444.0,384.0)
(464.0,384.0)
(464.0,384.0)
(385.0,384.0)
(385.0,384.0)
(385.0,384.0)
(384.0,384.0)
(385.0,384.0)
(464.0,384.0)
(464.0,384.0)
(385.0,384.0)
(385.0,384.0)
(448.0,384.0)
(385.0,384.0)
(464.0,384.0)
(385.0,384.0)
(448.0,384.0)
(464.0,384.0)
(381.0,384.0)
(444.0,384.0)
(799.0,384.0)
(464.0,384.0)
(385.0,384.0)
(385.0,384.0)
(464.0,384.0)
(464.0,384.0)
(385.0,384.0)
(385.0,384.0)
(464.0,384.0)
(464.0,384.0)
(429.0,384.0)
(385.0,384.0)
(385.0,384.0)
(385.0,384.0)
(464.0,384.0)
(385.0,384.0)
(385.0,384.0)
(385.0,384.0)
(385.0,384.0)
(448.0,384.0)
(464.0,384.0)
(448.0,384.0)
(385.0,384.0)
(464.0,384.0)
(385.0,384.0)
(464.0,384.0)
(384.0,384.0)
(385.0,384.0)
(385.0,384.0)
(385.0,384.0)
(384.0,384.0)
(448.0,384.0)
(385.0,384.0)
(769.0,384.0)
(385.0,384.0)
(464.0,384.0)
(385.0,384.0)
(464.0,384.0)
(474.0,384.0)
(464.0,384.0)
(385.0,384.0)
(385.0,384.0)
(464.0,384.0)
(464.0,384.0)
(464.0,384.0)
(385.0,384.0)
(464.0,384.0)
(385.0,384.0)
(385.0,384.0)
(385.0,384.0)
(464.0,384.0)
(385.0,384.0)
(385.0,384.0)
(385.0,384.0)
(452.0,384.0)
(464.0,384.0)
(464.0,384.0)
(464.0,384.0)
(464.0,384.0)
(385.0,384.0)
(464.0,384.0)
(436.0,384.0)
(385.0,384.0)
(464.0,384.0)
(385.0,384.0)
(464.0,384.0)
(383.0,384.0)
(385.0,384.0)
(385.0,384.0)
(464.0,384.0)
(385.0,384.0)
(385.0,384.0)
(464.0,384.0)
(464.0,384.0)
(464.0,384.0)
(385.0,384.0)
(464.0,384.0)
(464.0,384.0)
(385.0,384.0)
(385.0,384.0)
(464.0,384.0)
(464.0,384.0)
(385.0,384.0)
(464.0,384.0)
(385.0,384.0)
(385.0,384.0)
(385.0,384.0)
(385.0,384.0)
(448.0,384.0)
(385.0,384.0)
(381.0,384.0)
(385.0,384.0)
(385.0,384.0)
(444.0,384.0)
(385.0,384.0)
(464.0,384.0)
(464.0,384.0)
(385.0,384.0)
(385.0,384.0)
(464.0,384.0)
(464.0,384.0)
(464.0,384.0)
(464.0,384.0)
(464.0,384.0)
(385.0,384.0)
(385.0,384.0)
(385.0,384.0)
(464.0,384.0)
(464.0,384.0)
(464.0,384.0)
(385.0,384.0)
(385.0,384.0)
(384.0,384.0)
(385.0,384.0)
(385.0,384.0)
(386.0,384.0)
(464.0,384.0)
(385.0,384.0)
(385.0,384.0)
(449.0,384.0)
(448.0,384.0)
(385.0,384.0)
(384.0,384.0)
(464.0,384.0)
(385.0,384.0)
(436.0,384.0)
(464.0,384.0)
(385.0,384.0)
(385.0,384.0)
(448.0,384.0)
(464.0,384.0)
(464.0,384.0)
(448.0,384.0)
(385.0,384.0)
(383.0,384.0)
(412.0,384.0)
(385.0,384.0)
(464.0,384.0)
(464.0,384.0)
(385.0,384.0)
(464.0,384.0)
(464.0,384.0)
(464.0,384.0)
(464.0,384.0)
(385.0,384.0)
(464.0,384.0)
(464.0,384.0)
(444.0,384.0)
(385.0,384.0)
(464.0,384.0)
(464.0,384.0)
(464.0,384.0)
(381.0,384.0)
(448.0,384.0)
(464.0,384.0)
(464.0,384.0)
(385.0,384.0)
(464.0,384.0)
(385.0,384.0)
(464.0,384.0)
(436.0,384.0)
(444.0,384.0)
(381.0,384.0)
(464.0,384.0)
(384.0,384.0)
(385.0,384.0)
(464.0,384.0)
(448.0,384.0)
(385.0,384.0)
(385.0,384.0)
(385.0,384.0)
(384.0,384.0)
(350.0,384.0)
(464.0,384.0)
(349.0,384.0)
(385.0,384.0)
(385.0,384.0)
(479.0,384.0)
(464.0,384.0)
(464.0,384.0)
(464.0,384.0)
(385.0,384.0)
(464.0,384.0)
(464.0,384.0)
(444.0,384.0)
(464.0,384.0)
(448.0,384.0)
(448.0,384.0)
(385.0,384.0)
(385.0,384.0)
(464.0,384.0)
(385.0,384.0)
(464.0,384.0)
(464.0,384.0)
(385.0,384.0)
(384.0,384.0)
(385.0,384.0)
(384.0,384.0)
(436.0,384.0)
(381.0,384.0)
(385.0,384.0)
(385.0,384.0)
(464.0,384.0)
(385.0,384.0)
(383.0,384.0)
(385.0,384.0)
(444.0,384.0)
(385.0,384.0)
(384.0,384.0)
(464.0,384.0)
(464.0,384.0)
(464.0,384.0)
(384.0,384.0)
(464.0,384.0)
(464.0,384.0)
(447.0,384.0)
(464.0,384.0)
(385.0,384.0)
(464.0,384.0)
(385.0,384.0)
(385.0,384.0)
(384.0,384.0)
(464.0,384.0)
(464.0,384.0)
(385.0,384.0)
(385.0,384.0)
(464.0,384.0)
(385.0,384.0)
(385.0,384.0)
(385.0,384.0)
(381.0,384.0)
(385.0,384.0)
(384.0,384.0)
(464.0,384.0)
(464.0,384.0)
(464.0,384.0)
(444.0,384.0)
(444.0,384.0)
(448.0,384.0)
(384.0,384.0)
(464.0,384.0)
(385.0,384.0)
(385.0,384.0)
(464.0,384.0)
(385.0,384.0)
(385.0,384.0)
(464.0,384.0)
(385.0,384.0)
(385.0,384.0)
(464.0,384.0)
(464.0,384.0)
(444.0,384.0)
(464.0,384.0)
(385.0,384.0)
(385.0,384.0)
(448.0,384.0)
(448.0,384.0)
(385.0,384.0)
(385.0,384.0)
(385.0,384.0)
(464.0,384.0)
(464.0,384.0)
(385.0,384.0)
(464.0,384.0)
(780.0,384.0)
(385.0,384.0)
(385.0,384.0)
(464.0,384.0)
(385.0,384.0)
(381.0,384.0)
(464.0,384.0)
(385.0,384.0)
(464.0,384.0)
(385.0,384.0)
(771.0,384.0)
(464.0,384.0)
(464.0,384.0)
(384.0,384.0)
(385.0,384.0)
(385.0,384.0)
(385.0,384.0)
(464.0,384.0)
(385.0,384.0)
(448.0,384.0)
(385.0,384.0)
(385.0,384.0)
(385.0,384.0)
(381.0,384.0)
(385.0,384.0)
(385.0,384.0)
(385.0,384.0)
(444.0,384.0)
(452.0,384.0)
(448.0,384.0)
(385.0,384.0)
(757.0,384.0)
(464.0,384.0)
(464.0,384.0)
(385.0,384.0)
(449.0,384.0)
(803.0,384.0)
(464.0,384.0)
(385.0,384.0)
(385.0,384.0)
(384.0,384.0)
(385.0,384.0)
(385.0,384.0)
(384.0,384.0)
(384.0,384.0)
(464.0,384.0)
(464.0,384.0)
(385.0,384.0)
(384.0,384.0)
(385.0,384.0)
(464.0,384.0)
(385.0,384.0)
(385.0,384.0)
(444.0,384.0)
(385.0,384.0)
(385.0,384.0)
(466.0,384.0)
(451.0,384.0)
(351.0,384.0)
(385.0,384.0)
(464.0,384.0)
(464.0,384.0)
(385.0,384.0)
(385.0,384.0)
(385.0,384.0)
(385.0,384.0)
(479.0,384.0)
(448.0,384.0)
(464.0,384.0)
(452.0,384.0)
(385.0,384.0)
(385.0,384.0)
(385.0,384.0)
(393.0,384.0)
(384.0,384.0)
(385.0,384.0)
(385.0,384.0)
(385.0,384.0)
(759.0,384.0)
(385.0,384.0)
(385.0,384.0)
(449.0,384.0)
(385.0,384.0)
(385.0,384.0)
(464.0,384.0)
(464.0,384.0)
(444.0,384.0)
(385.0,384.0)
(385.0,384.0)
(385.0,384.0)
(385.0,384.0)
(385.0,384.0)
(385.0,384.0)
(449.0,384.0)
(385.0,384.0)
(44.0,384.0)
(385.0,384.0)
(385.0,384.0)
(385.0,384.0)
(385.0,384.0)
(460.0,384.0)
(385.0,384.0)
(385.0,384.0)
(464.0,384.0)
(385.0,384.0)
(449.0,384.0)
(464.0,384.0)
(385.0,384.0)
(749.0,384.0)
(444.0,384.0)
(385.0,384.0)
(385.0,384.0)
(464.0,384.0)
(448.0,384.0)
(385.0,384.0)
(385.0,384.0)
(464.0,384.0)
(464.0,384.0)
(385.0,384.0)
(385.0,384.0)
(464.0,384.0)
(464.0,384.0)
(449.0,384.0)
(464.0,384.0)
(385.0,384.0)
(385.0,384.0)
(385.0,384.0)
(464.0,384.0)
(44.0,384.0)
(464.0,384.0)
(385.0,384.0)
(464.0,384.0)
(384.0,384.0)
(385.0,384.0)
(448.0,384.0)
(385.0,384.0)
(464.0,384.0)
(385.0,384.0)
(384.0,384.0)
(383.0,384.0)
(385.0,384.0)
(436.0,384.0)
(385.0,384.0)
(464.0,384.0)
(444.0,384.0)
(385.0,384.0)
(385.0,384.0)
(385.0,384.0)
(451.0,384.0)
(464.0,384.0)
(385.0,384.0)
(386.0,384.0)
(385.0,384.0)
(384.0,384.0)
(385.0,384.0)
(448.0,384.0)
(385.0,384.0)
(464.0,384.0)
(464.0,384.0)
(464.0,384.0)
(385.0,384.0)
(464.0,384.0)
(436.0,384.0)
(385.0,384.0)
(385.0,384.0)
(464.0,384.0)
(385.0,384.0)
(385.0,384.0)
(444.0,384.0)
(385.0,384.0)
(349.0,384.0)
(759.0,384.0)
(436.0,384.0)
(385.0,384.0)
(466.0,384.0)
(385.0,384.0)
(449.0,384.0)
(385.0,384.0)
(385.0,384.0)
(385.0,384.0)
(385.0,384.0)
(385.0,384.0)
(385.0,384.0)
(385.0,384.0)
(385.0,384.0)
(384.0,384.0)
(385.0,384.0)
(385.0,384.0)
(385.0,384.0)
(385.0,384.0)
(464.0,384.0)
(385.0,384.0)
(385.0,384.0)
(385.0,384.0)
(464.0,384.0)
(464.0,384.0)
(385.0,384.0)
(464.0,384.0)
(385.0,384.0)
(385.0,384.0)
(464.0,384.0)
(444.0,384.0)
(385.0,384.0)
(464.0,384.0)
(464.0,384.0)
(464.0,384.0)
(464.0,384.0)
(464.0,384.0)
(464.0,384.0)
(384.0,384.0)
(464.0,384.0)
(464.0,384.0)
(448.0,384.0)
(385.0,384.0)
(464.0,384.0)
(464.0,384.0)
(384.0,384.0)
(385.0,384.0)
(464.0,384.0)
(385.0,384.0)
(448.0,384.0)
(385.0,384.0)
(385.0,384.0)
(464.0,384.0)
(464.0,384.0)
(444.0,384.0)
(436.0,384.0)
(436.0,384.0)
(464.0,384.0)
(464.0,384.0)
(448.0,384.0)
(464.0,384.0)
(381.0,384.0)
(385.0,384.0)
(448.0,384.0)
(385.0,384.0)
(356.0,384.0)
(385.0,384.0)
(385.0,384.0)
(444.0,384.0)
(448.0,384.0)
(464.0,384.0)
(479.0,384.0)
(748.0,384.0)
(385.0,384.0)
(385.0,384.0)
(385.0,384.0)
(464.0,384.0)
(385.0,384.0)
(464.0,384.0)
(448.0,384.0)
(385.0,384.0)
(448.0,384.0)
(436.0,384.0)
(464.0,384.0)
(464.0,384.0)
(385.0,384.0)
(464.0,384.0)
(805.0,384.0)
(464.0,384.0)
(448.0,384.0)
(464.0,384.0)
(384.0,384.0)
(385.0,384.0)
(464.0,384.0)
(464.0,384.0)
(464.0,384.0)
(452.0,384.0)
(464.0,384.0)
(385.0,384.0)
(385.0,384.0)
(385.0,384.0)
(385.0,384.0)
(385.0,384.0)
(385.0,384.0)
(464.0,384.0)
(384.0,384.0)
(385.0,384.0)
(448.0,384.0)
(464.0,384.0)
(464.0,384.0)
(444.0,384.0)
(383.0,384.0)
(464.0,384.0)
(464.0,384.0)
(464.0,384.0)
(464.0,384.0)
(416.0,384.0)
(464.0,384.0)
(464.0,384.0)
(436.0,384.0)
(385.0,384.0)
(385.0,384.0)
(464.0,384.0)
(464.0,384.0)
(464.0,384.0)
(464.0,384.0)
(385.0,384.0)
(464.0,384.0)
(464.0,384.0)
(384.0,384.0)
(464.0,384.0)
(381.0,384.0)
(464.0,384.0)
(388.0,384.0)
(448.0,384.0)
(448.0,384.0)
(385.0,384.0)
(464.0,384.0)
(464.0,384.0)
(385.0,384.0)
(385.0,384.0)
(464.0,384.0)
(448.0,384.0)
(464.0,384.0)
(464.0,384.0)
(522.0,384.0)
(448.0,384.0)
(464.0,384.0)
(464.0,384.0)
(464.0,384.0)
(385.0,384.0)
(464.0,384.0)
(385.0,384.0)
(464.0,384.0)
(464.0,384.0)
(385.0,384.0)
(464.0,384.0)
(385.0,384.0)
(464.0,384.0)
(385.0,384.0)
(448.0,384.0)
(385.0,384.0)
(464.0,384.0)
(464.0,384.0)
(385.0,384.0)
(464.0,384.0)
(385.0,384.0)
(464.0,384.0)
(464.0,384.0)
(448.0,384.0)
(464.0,384.0)
(385.0,384.0)
(464.0,384.0)
(384.0,384.0)
(464.0,384.0)
(384.0,384.0)
(466.0,384.0)
(461.0,384.0)
(464.0,384.0)
(385.0,384.0)
(385.0,384.0)
(383.0,384.0)
(464.0,384.0)
(385.0,384.0)
(464.0,384.0)
(384.0,384.0)
(444.0,384.0)
(464.0,384.0)
(381.0,384.0)
(464.0,384.0)
(385.0,384.0)
(464.0,384.0)
(375.0,384.0)
(384.0,384.0)
(464.0,384.0)
(444.0,384.0)
(799.0,384.0)
(384.0,384.0)
(464.0,384.0)
(464.0,384.0)
(385.0,384.0)
(464.0,384.0)
(429.0,384.0)
(444.0,384.0)
(385.0,384.0)
(464.0,384.0)
(464.0,384.0)
(384.0,384.0)
(464.0,384.0)
(385.0,384.0)
(381.0,384.0)
(385.0,384.0)
(385.0,384.0)
(385.0,384.0)
(449.0,384.0)
(464.0,384.0)
(464.0,384.0)
(464.0,384.0)
(350.0,384.0)
(385.0,384.0)
(448.0,384.0)
(448.0,384.0)
(385.0,384.0)
(385.0,384.0)
(385.0,384.0)
(385.0,384.0)
(464.0,384.0)
(464.0,384.0)
(449.0,384.0)
(429.0,384.0)
(464.0,384.0)
(464.0,384.0)
(464.0,384.0)
(464.0,384.0)
(448.0,384.0)
(385.0,384.0)
(384.0,384.0)
(464.0,384.0)
(385.0,384.0)
(464.0,384.0)
(385.0,384.0)
(464.0,384.0)
(464.0,384.0)
(464.0,384.0)
(464.0,384.0)
(385.0,384.0)
(464.0,384.0)
(464.0,384.0)
(464.0,384.0)
(464.0,384.0)
(417.0,384.0)
(385.0,384.0)
(464.0,384.0)
(448.0,384.0)
(464.0,384.0)
(464.0,384.0)
(385.0,384.0)
(385.0,384.0)
(464.0,384.0)
(384.0,384.0)
(385.0,384.0)
(385.0,384.0)
(464.0,384.0)
(429.0,384.0)
(464.0,384.0)
(448.0,384.0)
(464.0,384.0)
(440.0,384.0)
(445.0,384.0)
(452.0,384.0)
(464.0,384.0)
(452.0,384.0)
(385.0,384.0)
(464.0,384.0)
(464.0,384.0)
(448.0,384.0)
(464.0,384.0)
(464.0,384.0)
(464.0,384.0)
(464.0,384.0)
(385.0,384.0)
(385.0,384.0)
(448.0,384.0)
(464.0,384.0)
(385.0,384.0)
(464.0,384.0)
(799.0,384.0)
(464.0,384.0)
(385.0,384.0)
(464.0,384.0)
(385.0,384.0)
(385.0,384.0)
(464.0,384.0)
(448.0,384.0)
(464.0,384.0)
(385.0,384.0)
(464.0,384.0)
(385.0,384.0)
(444.0,384.0)
(771.0,384.0)
(448.0,384.0)
(385.0,384.0)
(385.0,384.0)
(464.0,384.0)
(791.0,384.0)
(464.0,384.0)
(384.0,384.0)
(464.0,384.0)
(388.0,384.0)
(385.0,384.0)
(448.0,384.0)
(464.0,384.0)
(464.0,384.0)
(464.0,384.0)
(448.0,384.0)
(385.0,384.0)
(464.0,384.0)
(385.0,384.0)
(464.0,384.0)
(466.0,384.0)
(464.0,384.0)
(384.0,384.0)
(448.0,384.0)
(464.0,384.0)
(385.0,384.0)
(385.0,384.0)
(464.0,384.0)
(385.0,384.0)
(448.0,384.0)
(448.0,384.0)
(448.0,384.0)
(452.0,384.0)
(464.0,384.0)
(464.0,384.0)
(464.0,384.0)
(385.0,384.0)
(385.0,384.0)
(385.0,384.0)
(448.0,384.0)
(385.0,384.0)
(381.0,384.0)
(464.0,384.0)
(385.0,384.0)
(464.0,384.0)
(448.0,384.0)
(464.0,384.0)
(385.0,384.0)
(464.0,384.0)
(385.0,384.0)
(412.0,384.0)
(464.0,384.0)
(464.0,384.0)
(385.0,384.0)
(464.0,384.0)
(464.0,384.0)
(385.0,384.0)
(464.0,384.0)
(464.0,384.0)
(448.0,384.0)
(464.0,384.0)
(385.0,384.0)
(464.0,384.0)
(385.0,384.0)
(444.0,384.0)
(385.0,384.0)
(464.0,384.0)
(385.0,384.0)
(385.0,384.0)
(464.0,384.0)
(417.0,384.0)
(384.0,384.0)
(464.0,384.0)
(385.0,384.0)
(385.0,384.0)
(385.0,384.0)
(385.0,384.0)
(448.0,384.0)
(464.0,384.0)
(385.0,384.0)
(385.0,384.0)
(519.0,384.0)
(385.0,384.0)
(448.0,384.0)
(464.0,384.0)
(384.0,384.0)
(464.0,384.0)
(385.0,384.0)
(466.0,384.0)
(464.0,384.0)
(464.0,384.0)
(464.0,384.0)
(464.0,384.0)
(43.0,384.0)
(464.0,384.0)
(384.0,384.0)
(464.0,384.0)
(436.0,384.0)
(464.0,384.0)
(464.0,384.0)
(464.0,384.0)
(385.0,384.0)
(444.0,384.0)
(464.0,384.0)
(464.0,384.0)
(464.0,384.0)
(464.0,384.0)
(385.0,384.0)
(384.0,384.0)
(385.0,384.0)
(381.0,384.0)
(444.0,384.0)
(464.0,384.0)
(385.0,384.0)
(464.0,384.0)
(444.0,384.0)
(385.0,384.0)
(464.0,384.0)
(464.0,384.0)
(408.0,384.0)
(464.0,384.0)
(464.0,384.0)
(464.0,384.0)
(385.0,384.0)
(464.0,384.0)
(464.0,384.0)
(448.0,384.0)
(384.0,384.0)
(385.0,384.0)
(464.0,384.0)
(464.0,384.0)
(464.0,384.0)
(464.0,384.0)
(385.0,384.0)
(448.0,384.0)
(464.0,384.0)
(464.0,384.0)
(464.0,384.0)
(464.0,384.0)
(385.0,384.0)
(385.0,384.0)
(385.0,384.0)
(464.0,384.0)
(464.0,384.0)
(448.0,384.0)
(464.0,384.0)
(464.0,384.0)
(464.0,384.0)
(464.0,384.0)
(464.0,384.0)
(464.0,384.0)
(381.0,384.0)
(383.0,384.0)
(385.0,384.0)
(448.0,384.0)
(444.0,384.0)
(464.0,384.0)
(384.0,384.0)
(444.0,384.0)
(381.0,384.0)
(461.0,384.0)
(381.0,384.0)
(464.0,384.0)
(384.0,384.0)
(464.0,384.0)
(464.0,384.0)
(464.0,384.0)
(464.0,384.0)
(384.0,384.0)
(385.0,384.0)
(464.0,384.0)
(385.0,384.0)
(385.0,384.0)
(385.0,384.0)
(381.0,384.0)
(381.0,384.0)
(385.0,384.0)
(464.0,384.0)
(385.0,384.0)
(759.0,384.0)
(384.0,384.0)
(385.0,384.0)
(385.0,384.0)
(385.0,384.0)
(464.0,384.0)
(464.0,384.0)
(385.0,384.0)
(464.0,384.0)
(448.0,384.0)
(464.0,384.0)
(464.0,384.0)
(385.0,384.0)
(385.0,384.0)
(448.0,384.0)
(803.0,384.0)
(448.0,384.0)
(385.0,384.0)
(385.0,384.0)
(385.0,384.0)
(449.0,384.0)
(464.0,384.0)
(452.0,384.0)
(464.0,384.0)
(385.0,384.0)
(385.0,384.0)
(385.0,384.0)
(464.0,384.0)
(464.0,384.0)
(464.0,384.0)
(385.0,384.0)
(384.0,384.0)
(385.0,384.0)
(464.0,384.0)
(385.0,384.0)
(448.0,384.0)
(464.0,384.0)
(385.0,384.0)
(449.0,384.0)
(464.0,384.0)
(446.0,384.0)
(464.0,384.0)
(464.0,384.0)
(464.0,384.0)
(464.0,384.0)
(381.0,384.0)
(436.0,384.0)
(464.0,384.0)
(464.0,384.0)
(385.0,384.0)
(464.0,384.0)
(448.0,384.0)
(464.0,384.0)
(448.0,384.0)
(385.0,384.0)
(385.0,384.0)
(464.0,384.0)
(464.0,384.0)
(385.0,384.0)
(464.0,384.0)
(444.0,384.0)
(385.0,384.0)
(464.0,384.0)
(385.0,384.0)
(350.0,384.0)
(385.0,384.0)
(436.0,384.0)
(385.0,384.0)
(384.0,384.0)
(464.0,384.0)
(745.0,384.0)
(385.0,384.0)
(464.0,384.0)
(449.0,384.0)
(464.0,384.0)
(464.0,384.0)
(385.0,384.0)
(464.0,384.0)
(464.0,384.0)
(464.0,384.0)
(464.0,384.0)
(464.0,384.0)
(464.0,384.0)
(385.0,384.0)
(464.0,384.0)
(385.0,384.0)
(464.0,384.0)
(464.0,384.0)
(385.0,384.0)
(464.0,384.0)
(464.0,384.0)
(464.0,384.0)
(464.0,384.0)
(385.0,384.0)
(464.0,384.0)
(448.0,384.0)
(385.0,384.0)
(384.0,384.0)
(385.0,384.0)
(452.0,384.0)
(385.0,384.0)
(464.0,384.0)
(464.0,384.0)
(464.0,384.0)
(464.0,384.0)
(429.0,384.0)
(385.0,384.0)
(464.0,384.0)
(464.0,384.0)
(464.0,384.0)
(448.0,384.0)
(384.0,384.0)
(399.0,400.0)
(409.0,400.0)
(400.0,400.0)
(400.0,400.0)
(399.0,400.0)
(398.0,400.0)
(400.0,400.0)
(399.0,400.0)
(398.0,400.0)
(400.0,400.0)
(399.0,400.0)
(400.0,400.0)
(398.0,400.0)
(398.0,400.0)
(392.0,400.0)
(398.0,400.0)
(398.0,400.0)
(399.0,400.0)
(399.0,400.0)
(400.0,400.0)
(392.0,400.0)
(398.0,400.0)
(391.0,400.0)
(399.0,400.0)
(399.0,400.0)
(399.0,400.0)
(399.0,400.0)
(398.0,400.0)
(399.0,400.0)
(400.0,400.0)
(398.0,400.0)
(399.0,400.0)
(399.0,400.0)
(398.0,400.0)
(400.0,400.0)
(392.0,400.0)
(400.0,400.0)
(399.0,400.0)
(392.0,400.0)
(399.0,400.0)
(389.0,400.0)
(392.0,400.0)
(392.0,400.0)
(400.0,400.0)
(392.0,400.0)
(399.0,400.0)
(399.0,400.0)
(399.0,400.0)
(400.0,400.0)
(392.0,400.0)
(399.0,400.0)
(399.0,400.0)
(400.0,400.0)
(392.0,400.0)
(400.0,400.0)
(399.0,400.0)
(398.0,400.0)
(400.0,400.0)
(392.0,400.0)
(399.0,400.0)
(399.0,400.0)
(399.0,400.0)
(393.0,400.0)
(388.0,400.0)
(398.0,400.0)
(400.0,400.0)
(399.0,400.0)
(398.0,400.0)
(399.0,400.0)
(400.0,400.0)
(398.0,400.0)
(399.0,400.0)
(399.0,400.0)
(400.0,400.0)
(399.0,400.0)
(399.0,400.0)
(400.0,400.0)
(400.0,400.0)
(399.0,400.0)
(400.0,400.0)
(392.0,400.0)
(400.0,400.0)
(392.0,400.0)
(392.0,400.0)
(392.0,400.0)
(398.0,400.0)
(399.0,400.0)
(400.0,400.0)
(399.0,400.0)
(392.0,400.0)
(399.0,400.0)
(399.0,400.0)
(398.0,400.0)
(400.0,400.0)
(399.0,400.0)
(398.0,400.0)
(461.0,400.0)
(392.0,400.0)
(400.0,400.0)
(400.0,400.0)
(400.0,400.0)
(389.0,400.0)
(399.0,400.0)
(399.0,400.0)
(399.0,400.0)
(399.0,400.0)
(399.0,400.0)
(399.0,400.0)
(400.0,400.0)
(399.0,400.0)
(400.0,400.0)
(392.0,400.0)
(399.0,400.0)
(399.0,400.0)
(399.0,400.0)
(400.0,400.0)
(398.0,400.0)
(398.0,400.0)
(392.0,400.0)
(400.0,400.0)
(399.0,400.0)
(392.0,400.0)
(399.0,400.0)
(399.0,400.0)
(399.0,400.0)
(389.0,400.0)
(761.0,400.0)
(399.0,400.0)
(398.0,400.0)
(400.0,400.0)
(398.0,400.0)
(398.0,400.0)
(399.0,400.0)
(400.0,400.0)
(399.0,400.0)
(392.0,400.0)
(392.0,400.0)
(398.0,400.0)
(399.0,400.0)
(399.0,400.0)
(400.0,400.0)
(399.0,400.0)
(399.0,400.0)
(400.0,400.0)
(392.0,400.0)
(392.0,400.0)
(398.0,400.0)
(399.0,400.0)
(399.0,400.0)
(392.0,400.0)
(388.0,400.0)
(398.0,400.0)
(399.0,400.0)
(399.0,400.0)
(399.0,400.0)
(399.0,400.0)
(392.0,400.0)
(398.0,400.0)
(398.0,400.0)
(398.0,400.0)
(392.0,400.0)
(399.0,400.0)
(399.0,400.0)
(399.0,400.0)
(399.0,400.0)
(399.0,400.0)
(399.0,400.0)
(399.0,400.0)
(398.0,400.0)
(400.0,400.0)
(398.0,400.0)
(400.0,400.0)
(399.0,400.0)
(400.0,400.0)
(400.0,400.0)
(400.0,400.0)
(400.0,400.0)
(399.0,400.0)
(400.0,400.0)
(400.0,400.0)
(399.0,400.0)
(400.0,400.0)
(400.0,400.0)
(392.0,400.0)
(399.0,400.0)
(399.0,400.0)
(400.0,400.0)
(400.0,400.0)
(400.0,400.0)
(400.0,400.0)
(399.0,400.0)
(399.0,400.0)
(392.0,400.0)
(399.0,400.0)
(399.0,400.0)
(399.0,400.0)
(398.0,400.0)
(399.0,400.0)
(399.0,400.0)
(399.0,400.0)
(400.0,400.0)
(399.0,400.0)
(417.0,400.0)
(399.0,400.0)
(399.0,400.0)
(399.0,400.0)
(399.0,400.0)
(400.0,400.0)
(399.0,400.0)
(399.0,400.0)
(399.0,400.0)
(399.0,400.0)
(399.0,400.0)
(399.0,400.0)
(399.0,400.0)
(400.0,400.0)
(400.0,400.0)
(399.0,400.0)
(399.0,400.0)
(399.0,400.0)
(399.0,400.0)
(399.0,400.0)
(398.0,400.0)
(399.0,400.0)
(398.0,400.0)
(398.0,400.0)
(398.0,400.0)
(399.0,400.0)
(399.0,400.0)
(399.0,400.0)
(398.0,400.0)
(398.0,400.0)
(398.0,400.0)
(399.0,400.0)
(399.0,400.0)
(399.0,400.0)
(399.0,400.0)
(400.0,400.0)
(399.0,400.0)
(399.0,400.0)
(399.0,400.0)
(399.0,400.0)
(399.0,400.0)
(398.0,400.0)
(399.0,400.0)
(399.0,400.0)
(399.0,400.0)
(398.0,400.0)
(398.0,400.0)
(399.0,400.0)
(398.0,400.0)
(400.0,400.0)
(398.0,400.0)
(400.0,400.0)
(399.0,400.0)
(399.0,400.0)
(399.0,400.0)
(399.0,400.0)
(399.0,400.0)
(398.0,400.0)
(398.0,400.0)
(399.0,400.0)
(400.0,400.0)
(399.0,400.0)
(399.0,400.0)
(399.0,400.0)
(400.0,400.0)
(398.0,400.0)
(398.0,400.0)
(399.0,400.0)
(399.0,400.0)
(399.0,400.0)
(399.0,400.0)
(399.0,400.0)
(399.0,400.0)
(399.0,400.0)
(399.0,400.0)
(399.0,400.0)
(399.0,400.0)
(398.0,400.0)
(399.0,400.0)
(399.0,400.0)
(400.0,400.0)
(399.0,400.0)
(398.0,400.0)
(400.0,400.0)
(399.0,400.0)
(399.0,400.0)
(399.0,400.0)
(399.0,400.0)
(398.0,400.0)
(398.0,400.0)
(398.0,400.0)
(399.0,400.0)
(399.0,400.0)
(399.0,400.0)
(400.0,400.0)
(399.0,400.0)
(399.0,400.0)
(399.0,400.0)
(392.0,400.0)
(399.0,400.0)
(399.0,400.0)
(399.0,400.0)
(399.0,400.0)
(399.0,400.0)
(399.0,400.0)
(399.0,400.0)
(398.0,400.0)
(399.0,400.0)
(399.0,400.0)
(399.0,400.0)
(399.0,400.0)
(399.0,400.0)
(399.0,400.0)
(399.0,400.0)
(398.0,400.0)
(399.0,400.0)
(399.0,400.0)
(398.0,400.0)
(398.0,400.0)
(399.0,400.0)
(399.0,400.0)
(399.0,400.0)
(399.0,400.0)
(400.0,400.0)
(398.0,400.0)
(400.0,400.0)
(399.0,400.0)
(399.0,400.0)
(399.0,400.0)
(399.0,400.0)
(399.0,400.0)
(399.0,400.0)
(399.0,400.0)
(399.0,400.0)
(400.0,400.0)
(399.0,400.0)
(398.0,400.0)
(399.0,400.0)
(399.0,400.0)
(399.0,400.0)
(417.0,400.0)
(399.0,400.0)
(399.0,400.0)
(398.0,400.0)
(398.0,400.0)
(398.0,400.0)
(398.0,400.0)
(400.0,400.0)
(398.0,400.0)
(399.0,400.0)
(399.0,400.0)
(400.0,400.0)
(399.0,400.0)
(399.0,400.0)
(399.0,400.0)
(399.0,400.0)
(399.0,400.0)
(399.0,400.0)
(399.0,400.0)
(399.0,400.0)
(399.0,400.0)
(399.0,400.0)
(399.0,400.0)
(399.0,400.0)
(399.0,400.0)
(398.0,400.0)
(399.0,400.0)
(399.0,400.0)
(400.0,400.0)
(398.0,400.0)
(398.0,400.0)
(398.0,400.0)
(400.0,400.0)
(399.0,400.0)
(398.0,400.0)
(399.0,400.0)
(400.0,400.0)
(400.0,400.0)
(399.0,400.0)
(398.0,400.0)
(399.0,400.0)
(398.0,400.0)
(400.0,400.0)
(400.0,400.0)
(400.0,400.0)
(399.0,400.0)
(399.0,400.0)
(399.0,400.0)
(400.0,400.0)
(400.0,400.0)
(400.0,400.0)
(399.0,400.0)
(399.0,400.0)
(399.0,400.0)
(400.0,400.0)
(399.0,400.0)
(399.0,400.0)
(400.0,400.0)
(400.0,400.0)
(399.0,400.0)
(400.0,400.0)
(399.0,400.0)
(399.0,400.0)
(400.0,400.0)
(400.0,400.0)
(399.0,400.0)
(398.0,400.0)
(400.0,400.0)
(399.0,400.0)
(387.0,400.0)
(400.0,400.0)
(400.0,400.0)
(399.0,400.0)
(400.0,400.0)
(399.0,400.0)
(399.0,400.0)
(388.0,400.0)
(399.0,400.0)
(399.0,400.0)
(391.0,400.0)
(399.0,400.0)
(424.0,400.0)
(400.0,400.0)
(399.0,400.0)
(399.0,400.0)
(400.0,400.0)
(399.0,400.0)
(399.0,400.0)
(400.0,400.0)
(399.0,400.0)
(399.0,400.0)
(399.0,400.0)
(387.0,400.0)
(398.0,400.0)
(400.0,400.0)
(399.0,400.0)
(400.0,400.0)
(399.0,400.0)
(399.0,400.0)
(399.0,400.0)
(389.0,400.0)
(400.0,400.0)
(400.0,400.0)
(400.0,400.0)
(400.0,400.0)
(400.0,400.0)
(400.0,400.0)
(399.0,400.0)
(400.0,400.0)
(399.0,400.0)
(400.0,400.0)
(387.0,400.0)
(398.0,400.0)
(399.0,400.0)
(388.0,400.0)
(400.0,400.0)
(400.0,400.0)
(400.0,400.0)
(399.0,400.0)
(400.0,400.0)
(400.0,400.0)
(399.0,400.0)
(400.0,400.0)
(399.0,400.0)
(399.0,400.0)
(400.0,400.0)
(400.0,400.0)
(399.0,400.0)
(399.0,400.0)
(399.0,400.0)
(400.0,400.0)
(399.0,400.0)
(400.0,400.0)
(398.0,400.0)
(399.0,400.0)
(398.0,400.0)
(399.0,400.0)
(412.0,400.0)
(399.0,400.0)
(400.0,400.0)
(399.0,400.0)
(398.0,400.0)
(387.0,400.0)
(399.0,400.0)
(399.0,400.0)
(400.0,400.0)
(392.0,400.0)
(399.0,400.0)
(400.0,400.0)
(400.0,400.0)
(400.0,400.0)
(399.0,400.0)
(387.0,400.0)
(400.0,400.0)
(399.0,400.0)
(399.0,400.0)
(399.0,400.0)
(400.0,400.0)
(400.0,400.0)
(399.0,400.0)
(399.0,400.0)
(399.0,400.0)
(399.0,400.0)
(399.0,400.0)
(400.0,400.0)
(399.0,400.0)
(399.0,400.0)
(400.0,400.0)
(399.0,400.0)
(399.0,400.0)
(400.0,400.0)
(399.0,400.0)
(399.0,400.0)
(399.0,400.0)
(400.0,400.0)
(399.0,400.0)
(399.0,400.0)
(400.0,400.0)
(399.0,400.0)
(400.0,400.0)
(399.0,400.0)
(399.0,400.0)
(399.0,400.0)
(399.0,400.0)
(399.0,400.0)
(398.0,400.0)
(400.0,400.0)
(399.0,400.0)
(399.0,400.0)
(399.0,400.0)
(399.0,400.0)
(388.0,400.0)
(398.0,400.0)
(399.0,400.0)
(400.0,400.0)
(398.0,400.0)
(400.0,400.0)
(399.0,400.0)
(399.0,400.0)
(399.0,400.0)
(400.0,400.0)
(400.0,400.0)
(400.0,400.0)
(400.0,400.0)
(399.0,400.0)
(399.0,400.0)
(400.0,400.0)
(399.0,400.0)
(400.0,400.0)
(400.0,400.0)
(400.0,400.0)
(389.0,400.0)
(400.0,400.0)
(400.0,400.0)
(399.0,400.0)
(399.0,400.0)
(398.0,400.0)
(399.0,400.0)
(399.0,400.0)
(399.0,400.0)
(399.0,400.0)
(400.0,400.0)
(399.0,400.0)
(400.0,400.0)
(399.0,400.0)
(398.0,400.0)
(399.0,400.0)
(400.0,400.0)
(387.0,400.0)
(399.0,400.0)
(399.0,400.0)
(400.0,400.0)
(399.0,400.0)
(400.0,400.0)
(399.0,400.0)
(400.0,400.0)
(399.0,400.0)
(399.0,400.0)
(387.0,387.0)
(387.0,387.0)
(387.0,387.0)
(387.0,387.0)
(387.0,387.0)
(398.0,387.0)
(398.0,387.0)
(386.0,387.0)
(387.0,387.0)
(398.0,387.0)
(387.0,387.0)
(387.0,387.0)
(387.0,387.0)
(387.0,387.0)
(387.0,387.0)
(387.0,387.0)
(387.0,387.0)
(387.0,387.0)
(387.0,387.0)
(387.0,387.0)
(387.0,387.0)
(387.0,387.0)
(387.0,387.0)
(400.0,387.0)
(387.0,387.0)
(387.0,387.0)
(387.0,387.0)
(391.0,387.0)
(387.0,387.0)
(387.0,387.0)
(387.0,387.0)
(435.0,387.0)
(387.0,387.0)
(387.0,387.0)
(387.0,387.0)
(387.0,387.0)
(387.0,387.0)
(474.0,387.0)
(387.0,387.0)
(389.0,387.0)
(387.0,387.0)
(387.0,387.0)
(387.0,387.0)
(387.0,387.0)
(387.0,387.0)
(387.0,387.0)
(387.0,387.0)
(387.0,387.0)
(387.0,387.0)
(483.0,387.0)
(387.0,387.0)
(387.0,387.0)
(387.0,387.0)
(387.0,387.0)
(387.0,387.0)
(417.0,387.0)
(387.0,387.0)
(387.0,387.0)
(417.0,387.0)
(387.0,387.0)
(387.0,387.0)
(387.0,387.0)
(387.0,387.0)
(387.0,387.0)
(387.0,387.0)
(387.0,387.0)
(387.0,387.0)
(409.0,387.0)
(387.0,387.0)
(387.0,387.0)
(387.0,387.0)
(387.0,387.0)
(387.0,387.0)
(387.0,387.0)
(387.0,387.0)
(387.0,387.0)
(387.0,387.0)
(387.0,387.0)
(387.0,387.0)
(387.0,387.0)
(387.0,387.0)
(387.0,387.0)
(391.0,387.0)
(387.0,387.0)
(483.0,387.0)
(398.0,387.0)
(387.0,387.0)
(387.0,387.0)
(387.0,387.0)
(387.0,387.0)
(387.0,387.0)
(398.0,387.0)
(387.0,387.0)
(387.0,387.0)
(387.0,387.0)
(387.0,387.0)
(387.0,387.0)
(387.0,387.0)
(387.0,387.0)
(387.0,387.0)
(387.0,387.0)
(387.0,387.0)
(387.0,387.0)
(387.0,387.0)
(387.0,387.0)
(387.0,387.0)
(438.0,387.0)
(387.0,387.0)
(387.0,387.0)
(387.0,387.0)
(387.0,387.0)
(387.0,387.0)
(387.0,387.0)
(387.0,387.0)
(387.0,387.0)
(387.0,387.0)
(387.0,387.0)
(387.0,387.0)
(387.0,387.0)
(387.0,387.0)
(386.0,387.0)
(387.0,387.0)
(387.0,387.0)
(387.0,387.0)
(387.0,387.0)
(387.0,387.0)
(387.0,387.0)
(387.0,387.0)
(387.0,387.0)
(391.0,387.0)
(387.0,387.0)
(389.0,387.0)
(387.0,387.0)
(387.0,387.0)
(387.0,387.0)
(758.0,387.0)
(387.0,387.0)
(387.0,387.0)
(386.0,387.0)
(391.0,387.0)
(387.0,387.0)
(387.0,387.0)
(387.0,387.0)
(387.0,387.0)
(387.0,387.0)
(387.0,387.0)
(387.0,387.0)
(387.0,387.0)
(387.0,387.0)
(387.0,387.0)
(387.0,387.0)
(387.0,387.0)
(438.0,387.0)
(387.0,387.0)
(387.0,387.0)
(387.0,387.0)
(387.0,387.0)
(387.0,387.0)
(387.0,387.0)
(387.0,387.0)
(387.0,387.0)
(387.0,387.0)
(387.0,387.0)
(387.0,387.0)
(387.0,387.0)
(387.0,387.0)
(387.0,387.0)
(387.0,387.0)
(387.0,387.0)
(438.0,387.0)
(387.0,387.0)
(387.0,387.0)
(387.0,387.0)
(387.0,387.0)
(416.0,387.0)
(387.0,387.0)
(387.0,387.0)
(387.0,387.0)
(387.0,387.0)
(387.0,387.0)
(387.0,387.0)
(387.0,387.0)
(399.0,387.0)
(387.0,387.0)
(398.0,387.0)
(386.0,387.0)
(387.0,387.0)
(387.0,387.0)
(387.0,387.0)
(387.0,387.0)
(387.0,387.0)
(387.0,387.0)
(387.0,387.0)
(387.0,387.0)
(387.0,387.0)
(387.0,387.0)
(387.0,387.0)
(387.0,387.0)
(387.0,387.0)
(387.0,387.0)
(387.0,387.0)
(387.0,387.0)
(387.0,387.0)
(387.0,387.0)
(387.0,387.0)
(387.0,387.0)
(386.0,387.0)
(387.0,387.0)
(387.0,387.0)
(387.0,387.0)
(387.0,387.0)
(387.0,387.0)
(387.0,387.0)
(387.0,387.0)
(387.0,387.0)
(387.0,387.0)
(387.0,387.0)
(386.0,387.0)
(446.0,387.0)
(387.0,387.0)
(387.0,387.0)
(387.0,387.0)
(410.0,387.0)
(387.0,387.0)
(387.0,387.0)
(387.0,387.0)
(386.0,387.0)
(387.0,387.0)
(387.0,387.0)
(387.0,387.0)
(387.0,387.0)
(387.0,387.0)
(387.0,387.0)
(387.0,387.0)
(387.0,387.0)
(379.0,387.0)
(387.0,387.0)
(393.0,387.0)
(387.0,387.0)
(386.0,387.0)
(387.0,387.0)
(387.0,387.0)
(417.0,387.0)
(387.0,387.0)
(387.0,387.0)
(398.0,387.0)
(387.0,387.0)
(387.0,387.0)
(387.0,387.0)
(398.0,387.0)
(387.0,387.0)
(387.0,387.0)
(386.0,387.0)
(387.0,387.0)
(387.0,387.0)
(445.0,387.0)
(387.0,387.0)
(387.0,387.0)
(387.0,387.0)
(387.0,387.0)
(416.0,387.0)
(387.0,387.0)
(387.0,387.0)
(387.0,387.0)
(387.0,387.0)
(387.0,387.0)
(387.0,387.0)
(387.0,387.0)
(387.0,387.0)
(387.0,387.0)
(387.0,387.0)
(387.0,387.0)
(387.0,387.0)
(387.0,387.0)
(387.0,387.0)
(387.0,387.0)
(387.0,387.0)
(423.0,387.0)
(387.0,387.0)
(387.0,387.0)
(387.0,387.0)
(387.0,387.0)
(387.0,387.0)
(387.0,387.0)
(387.0,387.0)
(387.0,387.0)
(387.0,387.0)
(387.0,387.0)
(387.0,387.0)
(398.0,387.0)
(387.0,387.0)
(387.0,387.0)
(387.0,387.0)
(387.0,387.0)
(387.0,387.0)
(387.0,387.0)
(387.0,387.0)
(387.0,387.0)
(387.0,387.0)
(398.0,387.0)
(387.0,387.0)
(387.0,387.0)
(387.0,387.0)
(387.0,387.0)
(421.0,387.0)
(387.0,387.0)
(387.0,387.0)
(387.0,387.0)
(387.0,387.0)
(387.0,387.0)
(387.0,387.0)
(417.0,387.0)
(387.0,387.0)
(387.0,387.0)
(387.0,387.0)
(387.0,387.0)
(387.0,387.0)
(387.0,387.0)
(387.0,387.0)
(387.0,387.0)
(387.0,387.0)
(387.0,387.0)
(387.0,387.0)
(387.0,387.0)
(387.0,387.0)
(387.0,387.0)
(387.0,387.0)
(387.0,387.0)
(387.0,387.0)
(386.0,387.0)
(387.0,387.0)
(387.0,387.0)
(387.0,387.0)
(387.0,387.0)
(387.0,387.0)
(387.0,387.0)
(387.0,387.0)
(387.0,387.0)
(386.0,387.0)
(387.0,387.0)
(387.0,387.0)
(387.0,387.0)
(387.0,387.0)
(387.0,387.0)
(387.0,387.0)
(387.0,387.0)
(387.0,387.0)
(387.0,387.0)
(387.0,387.0)
(387.0,387.0)
(387.0,387.0)
(387.0,387.0)
(387.0,387.0)
(387.0,387.0)
(387.0,387.0)
(387.0,387.0)
(387.0,387.0)
(379.0,387.0)
(387.0,387.0)
(387.0,387.0)
(387.0,387.0)
(417.0,387.0)
(386.0,387.0)
(387.0,387.0)
(387.0,387.0)
(391.0,387.0)
(387.0,387.0)
(387.0,387.0)
(386.0,387.0)
(387.0,387.0)
(387.0,387.0)
(387.0,387.0)
(387.0,387.0)
(387.0,387.0)
(387.0,387.0)
(387.0,387.0)
(386.0,387.0)
(387.0,387.0)
(387.0,387.0)
(387.0,387.0)
(387.0,387.0)
(386.0,387.0)
(387.0,387.0)
(398.0,387.0)
(387.0,387.0)
(387.0,387.0)
(464.0,387.0)
(391.0,387.0)
(391.0,387.0)
(387.0,387.0)
(398.0,387.0)
(398.0,387.0)
(386.0,387.0)
(398.0,387.0)
(387.0,387.0)
(391.0,387.0)
(387.0,387.0)
(386.0,387.0)
(391.0,387.0)
(386.0,387.0)
(391.0,387.0)
(387.0,387.0)
(391.0,387.0)
(398.0,387.0)
(387.0,387.0)
(387.0,387.0)
(387.0,387.0)
(391.0,387.0)
(391.0,387.0)
(397.0,387.0)
(387.0,387.0)
(398.0,387.0)
(387.0,387.0)
(393.0,387.0)
(386.0,387.0)
(391.0,387.0)
(391.0,387.0)
(387.0,387.0)
(386.0,387.0)
(387.0,387.0)
(387.0,387.0)
(391.0,387.0)
(387.0,387.0)
(398.0,387.0)
(448.0,387.0)
(387.0,387.0)
(391.0,387.0)
(398.0,387.0)
(391.0,387.0)
(757.0,387.0)
(391.0,387.0)
(391.0,387.0)
(398.0,387.0)
(387.0,387.0)
(387.0,387.0)
(391.0,387.0)
(398.0,387.0)
(387.0,387.0)
(391.0,387.0)
(391.0,387.0)
(398.0,387.0)
(391.0,387.0)
(391.0,387.0)
(391.0,387.0)
(387.0,387.0)
(391.0,387.0)
(391.0,387.0)
(391.0,387.0)
(387.0,387.0)
(757.0,387.0)
(389.0,387.0)
(391.0,387.0)
(387.0,387.0)
(757.0,387.0)
(386.0,387.0)
(387.0,387.0)
(387.0,387.0)
(391.0,387.0)
(388.0,387.0)
(387.0,387.0)
(409.0,387.0)
(391.0,387.0)
(386.0,387.0)
