(804.0,804.0)
(804.0,804.0)
(804.0,804.0)
(447.0,804.0)
(455.0,804.0)
(804.0,804.0)
(804.0,804.0)
(447.0,804.0)
(455.0,804.0)
(804.0,804.0)
(804.0,804.0)
(804.0,804.0)
(417.0,804.0)
(804.0,804.0)
(804.0,804.0)
(804.0,804.0)
(804.0,804.0)
(447.0,804.0)
(804.0,804.0)
(804.0,804.0)
(447.0,804.0)
(804.0,804.0)
(804.0,804.0)
(804.0,804.0)
(435.0,804.0)
(804.0,804.0)
(804.0,804.0)
(804.0,804.0)
(455.0,804.0)
(804.0,804.0)
(804.0,804.0)
(804.0,804.0)
(804.0,804.0)
(804.0,804.0)
(804.0,804.0)
(804.0,804.0)
(804.0,804.0)
(447.0,804.0)
(804.0,804.0)
(804.0,804.0)
(479.0,804.0)
(455.0,804.0)
(804.0,804.0)
(481.0,804.0)
(447.0,804.0)
(455.0,804.0)
(455.0,804.0)
(804.0,804.0)
(676.0,804.0)
(455.0,804.0)
(804.0,804.0)
(804.0,804.0)
(804.0,804.0)
(455.0,804.0)
(804.0,804.0)
(455.0,804.0)
(804.0,804.0)
(455.0,804.0)
(455.0,804.0)
(447.0,804.0)
(804.0,804.0)
(447.0,804.0)
(455.0,804.0)
(455.0,804.0)
(447.0,804.0)
(447.0,804.0)
(804.0,804.0)
(804.0,804.0)
(804.0,804.0)
(455.0,804.0)
(804.0,804.0)
(804.0,804.0)
(804.0,804.0)
(771.0,804.0)
(365.0,804.0)
(804.0,804.0)
(804.0,804.0)
(804.0,804.0)
(455.0,804.0)
(804.0,804.0)
(804.0,804.0)
(455.0,804.0)
(804.0,804.0)
(804.0,804.0)
(804.0,804.0)
(804.0,804.0)
(804.0,804.0)
(804.0,804.0)
(804.0,804.0)
(804.0,804.0)
(804.0,804.0)
(455.0,804.0)
(804.0,804.0)
(804.0,804.0)
(804.0,804.0)
(804.0,804.0)
(417.0,804.0)
(804.0,804.0)
(455.0,804.0)
(447.0,804.0)
(804.0,804.0)
(447.0,804.0)
(804.0,804.0)
(804.0,804.0)
(455.0,804.0)
(804.0,804.0)
(804.0,804.0)
(804.0,804.0)
(804.0,804.0)
(413.0,804.0)
(455.0,804.0)
(471.0,804.0)
(455.0,804.0)
(804.0,804.0)
(481.0,804.0)
(447.0,804.0)
(447.0,804.0)
(447.0,804.0)
(804.0,804.0)
(804.0,804.0)
(804.0,804.0)
(753.0,804.0)
(447.0,804.0)
(447.0,804.0)
(804.0,804.0)
(447.0,804.0)
(804.0,804.0)
(447.0,804.0)
(483.0,804.0)
(462.0,804.0)
(483.0,804.0)
(447.0,804.0)
(465.0,804.0)
(447.0,804.0)
(447.0,804.0)
(447.0,804.0)
(804.0,804.0)
(465.0,804.0)
(447.0,804.0)
(376.0,804.0)
(804.0,804.0)
(447.0,804.0)
(447.0,804.0)
(447.0,804.0)
(447.0,804.0)
(447.0,804.0)
(804.0,804.0)
(804.0,804.0)
(447.0,804.0)
(447.0,804.0)
(447.0,804.0)
(804.0,804.0)
(435.0,804.0)
(447.0,804.0)
(447.0,804.0)
(447.0,804.0)
(465.0,804.0)
(804.0,804.0)
(447.0,804.0)
(447.0,804.0)
(447.0,804.0)
(447.0,804.0)
(447.0,804.0)
(447.0,804.0)
(417.0,804.0)
(804.0,804.0)
(804.0,804.0)
(804.0,804.0)
(447.0,804.0)
(483.0,804.0)
(447.0,804.0)
(804.0,804.0)
(441.0,804.0)
(447.0,804.0)
(447.0,804.0)
(447.0,804.0)
(455.0,804.0)
(804.0,804.0)
(447.0,804.0)
(447.0,804.0)
(447.0,804.0)
(447.0,804.0)
(447.0,804.0)
(447.0,804.0)
(404.0,804.0)
(447.0,804.0)
(447.0,804.0)
(447.0,804.0)
(447.0,804.0)
(471.0,804.0)
(376.0,804.0)
(804.0,804.0)
(447.0,804.0)
(376.0,804.0)
(447.0,804.0)
(447.0,804.0)
(447.0,804.0)
(447.0,804.0)
(447.0,804.0)
(404.0,804.0)
(447.0,804.0)
(447.0,804.0)
(447.0,804.0)
(447.0,804.0)
(441.0,804.0)
(447.0,804.0)
(447.0,804.0)
(804.0,804.0)
(447.0,804.0)
(447.0,804.0)
(447.0,804.0)
(804.0,804.0)
(447.0,804.0)
(417.0,804.0)
(483.0,804.0)
(483.0,804.0)
(447.0,804.0)
(447.0,804.0)
(447.0,804.0)
(447.0,804.0)
(447.0,804.0)
(455.0,804.0)
(447.0,804.0)
(447.0,804.0)
(804.0,804.0)
(804.0,804.0)
(447.0,804.0)
(447.0,804.0)
(447.0,804.0)
(447.0,804.0)
(447.0,804.0)
(447.0,804.0)
(447.0,804.0)
(804.0,804.0)
(447.0,804.0)
(447.0,804.0)
(804.0,804.0)
(441.0,804.0)
(753.0,804.0)
(404.0,804.0)
(447.0,804.0)
(804.0,804.0)
(447.0,804.0)
(804.0,804.0)
(753.0,804.0)
(447.0,804.0)
(447.0,804.0)
(804.0,804.0)
(465.0,804.0)
(404.0,804.0)
(804.0,804.0)
(447.0,804.0)
(447.0,804.0)
(447.0,804.0)
(447.0,804.0)
(447.0,804.0)
(804.0,804.0)
(447.0,804.0)
(447.0,804.0)
(447.0,804.0)
(471.0,804.0)
(447.0,804.0)
(447.0,804.0)
(471.0,804.0)
(455.0,804.0)
(447.0,804.0)
(447.0,804.0)
(465.0,804.0)
(447.0,804.0)
(447.0,804.0)
(447.0,804.0)
(447.0,804.0)
(447.0,804.0)
(465.0,804.0)
(447.0,804.0)
(483.0,804.0)
(804.0,804.0)
(447.0,804.0)
(447.0,804.0)
(447.0,804.0)
(804.0,804.0)
(483.0,804.0)
(447.0,804.0)
(447.0,804.0)
(447.0,804.0)
(804.0,804.0)
(447.0,804.0)
(447.0,804.0)
(447.0,804.0)
(804.0,804.0)
(447.0,804.0)
(407.0,804.0)
(447.0,804.0)
(447.0,804.0)
(447.0,804.0)
(447.0,804.0)
(455.0,804.0)
(447.0,804.0)
(804.0,804.0)
(455.0,804.0)
(804.0,804.0)
(447.0,804.0)
(804.0,804.0)
(447.0,804.0)
(447.0,804.0)
(447.0,804.0)
(447.0,804.0)
(465.0,804.0)
(447.0,804.0)
(804.0,804.0)
(447.0,804.0)
(447.0,804.0)
(447.0,804.0)
(447.0,804.0)
(447.0,804.0)
(447.0,804.0)
(455.0,804.0)
(804.0,804.0)
(482.0,804.0)
(804.0,804.0)
(804.0,804.0)
(804.0,804.0)
(804.0,804.0)
(386.0,804.0)
(804.0,804.0)
(804.0,804.0)
(804.0,804.0)
(804.0,804.0)
(804.0,804.0)
(804.0,804.0)
(479.0,804.0)
(804.0,804.0)
(804.0,804.0)
(804.0,804.0)
(804.0,804.0)
(804.0,804.0)
(804.0,804.0)
(483.0,804.0)
(804.0,804.0)
(804.0,804.0)
(804.0,804.0)
(804.0,804.0)
(804.0,804.0)
(804.0,804.0)
(482.0,804.0)
(804.0,804.0)
(479.0,804.0)
(482.0,804.0)
(455.0,804.0)
(447.0,804.0)
(482.0,804.0)
(804.0,804.0)
(804.0,804.0)
(804.0,804.0)
(804.0,804.0)
(804.0,804.0)
(482.0,804.0)
(804.0,804.0)
(804.0,804.0)
(804.0,804.0)
(804.0,804.0)
(804.0,804.0)
(479.0,804.0)
(804.0,804.0)
(804.0,804.0)
(804.0,804.0)
(482.0,804.0)
(804.0,804.0)
(804.0,804.0)
(804.0,804.0)
(804.0,804.0)
(804.0,804.0)
(804.0,804.0)
(447.0,804.0)
(455.0,804.0)
(804.0,804.0)
(479.0,804.0)
(804.0,804.0)
(804.0,804.0)
(804.0,804.0)
(483.0,804.0)
(804.0,804.0)
(804.0,804.0)
(804.0,804.0)
(804.0,804.0)
(804.0,804.0)
(804.0,804.0)
(455.0,804.0)
(525.0,804.0)
(804.0,804.0)
(455.0,804.0)
(804.0,804.0)
(804.0,804.0)
(804.0,804.0)
(804.0,804.0)
(479.0,804.0)
(804.0,804.0)
(804.0,804.0)
(455.0,804.0)
(413.0,804.0)
(804.0,804.0)
(804.0,804.0)
(804.0,804.0)
(804.0,804.0)
(435.0,804.0)
(483.0,804.0)
(804.0,804.0)
(804.0,804.0)
(804.0,804.0)
(804.0,804.0)
(804.0,804.0)
(447.0,804.0)
(804.0,804.0)
(804.0,804.0)
(804.0,804.0)
(447.0,804.0)
(804.0,804.0)
(804.0,804.0)
(804.0,804.0)
(804.0,804.0)
(804.0,804.0)
(386.0,804.0)
(804.0,804.0)
(804.0,804.0)
(804.0,804.0)
(804.0,804.0)
(804.0,804.0)
(482.0,804.0)
(804.0,804.0)
(804.0,804.0)
(804.0,804.0)
(455.0,804.0)
(455.0,804.0)
(804.0,804.0)
(804.0,804.0)
(804.0,804.0)
(804.0,804.0)
(804.0,804.0)
(804.0,804.0)
(804.0,804.0)
(479.0,804.0)
(804.0,804.0)
(447.0,804.0)
(804.0,804.0)
(804.0,804.0)
(455.0,804.0)
(804.0,804.0)
(804.0,804.0)
(413.0,804.0)
(804.0,804.0)
(404.0,804.0)
(482.0,804.0)
(804.0,804.0)
(455.0,804.0)
(404.0,804.0)
(482.0,804.0)
(804.0,804.0)
(479.0,804.0)
(804.0,804.0)
(804.0,804.0)
(804.0,804.0)
(804.0,804.0)
(447.0,804.0)
(804.0,804.0)
(483.0,804.0)
(479.0,804.0)
(447.0,804.0)
(804.0,804.0)
(804.0,804.0)
(804.0,804.0)
(804.0,804.0)
(804.0,804.0)
(804.0,804.0)
(804.0,804.0)
(804.0,804.0)
(804.0,804.0)
(804.0,804.0)
(482.0,804.0)
(804.0,804.0)
(804.0,804.0)
(804.0,804.0)
(482.0,804.0)
(804.0,804.0)
(804.0,804.0)
(804.0,804.0)
(804.0,804.0)
(455.0,804.0)
(479.0,804.0)
(804.0,804.0)
(455.0,804.0)
(482.0,804.0)
(447.0,804.0)
(482.0,804.0)
(455.0,804.0)
(804.0,804.0)
(804.0,804.0)
(804.0,804.0)
(804.0,804.0)
(804.0,804.0)
(804.0,804.0)
(804.0,804.0)
(804.0,804.0)
(804.0,804.0)
(804.0,804.0)
(804.0,804.0)
(804.0,804.0)
(804.0,804.0)
(804.0,804.0)
(804.0,804.0)
(455.0,804.0)
(804.0,804.0)
(804.0,804.0)
(804.0,804.0)
(804.0,804.0)
(804.0,804.0)
(804.0,804.0)
(455.0,804.0)
(804.0,804.0)
(804.0,804.0)
(447.0,804.0)
(455.0,804.0)
(455.0,804.0)
(804.0,804.0)
(804.0,804.0)
(804.0,804.0)
(804.0,804.0)
(804.0,804.0)
(455.0,804.0)
(455.0,804.0)
(804.0,804.0)
(447.0,804.0)
(804.0,804.0)
(753.0,804.0)
(804.0,804.0)
(804.0,804.0)
(804.0,804.0)
(804.0,804.0)
(471.0,804.0)
(447.0,804.0)
(481.0,804.0)
(455.0,804.0)
(447.0,804.0)
(804.0,804.0)
(804.0,804.0)
(804.0,804.0)
(455.0,804.0)
(804.0,804.0)
(804.0,804.0)
(447.0,804.0)
(802.0,804.0)
(804.0,804.0)
(804.0,804.0)
(804.0,804.0)
(447.0,804.0)
(804.0,804.0)
(804.0,804.0)
(804.0,804.0)
(804.0,804.0)
(804.0,804.0)
(804.0,804.0)
(455.0,804.0)
(804.0,804.0)
(455.0,804.0)
(455.0,804.0)
(455.0,804.0)
(804.0,804.0)
(804.0,804.0)
(419.0,804.0)
(804.0,804.0)
(455.0,804.0)
(455.0,804.0)
(479.0,804.0)
(804.0,804.0)
(804.0,804.0)
(455.0,804.0)
(804.0,804.0)
(455.0,804.0)
(455.0,804.0)
(804.0,804.0)
(804.0,804.0)
(804.0,804.0)
(455.0,804.0)
(447.0,804.0)
(804.0,804.0)
(804.0,804.0)
(455.0,804.0)
(804.0,804.0)
(804.0,804.0)
(804.0,804.0)
(804.0,804.0)
(804.0,804.0)
(804.0,804.0)
(804.0,804.0)
(804.0,804.0)
(482.0,804.0)
(804.0,804.0)
(804.0,804.0)
(804.0,804.0)
(804.0,804.0)
(447.0,804.0)
(804.0,804.0)
(455.0,804.0)
(417.0,804.0)
(481.0,804.0)
(455.0,804.0)
(455.0,804.0)
(804.0,804.0)
(455.0,804.0)
(455.0,804.0)
(804.0,804.0)
(417.0,804.0)
(804.0,804.0)
(804.0,804.0)
(804.0,804.0)
(481.0,804.0)
(804.0,804.0)
(804.0,804.0)
(804.0,804.0)
(447.0,804.0)
(804.0,804.0)
(804.0,804.0)
(804.0,804.0)
(804.0,804.0)
(804.0,804.0)
(804.0,804.0)
(455.0,804.0)
(804.0,804.0)
(447.0,804.0)
(455.0,804.0)
(804.0,804.0)
(804.0,804.0)
(804.0,804.0)
(804.0,804.0)
(804.0,804.0)
(804.0,804.0)
(455.0,804.0)
(804.0,804.0)
(359.0,804.0)
(447.0,804.0)
(804.0,804.0)
(455.0,804.0)
(804.0,804.0)
(374.0,804.0)
(804.0,804.0)
(455.0,804.0)
(804.0,804.0)
(804.0,804.0)
(804.0,804.0)
(804.0,804.0)
(482.0,804.0)
(804.0,804.0)
(447.0,804.0)
(447.0,804.0)
(455.0,804.0)
(804.0,804.0)
(804.0,804.0)
(483.0,804.0)
(447.0,804.0)
(804.0,804.0)
(483.0,804.0)
(804.0,804.0)
(447.0,804.0)
(431.0,804.0)
(804.0,804.0)
(804.0,804.0)
(804.0,804.0)
(455.0,804.0)
(804.0,804.0)
(481.0,804.0)
(447.0,804.0)
(804.0,804.0)
(804.0,804.0)
(804.0,804.0)
(447.0,804.0)
(447.0,804.0)
(804.0,804.0)
(455.0,804.0)
(804.0,804.0)
(447.0,804.0)
(804.0,804.0)
(804.0,804.0)
(472.0,804.0)
(753.0,804.0)
(804.0,804.0)
(455.0,804.0)
(455.0,804.0)
(804.0,804.0)
(804.0,804.0)
(804.0,804.0)
(804.0,804.0)
(455.0,804.0)
(455.0,804.0)
(447.0,804.0)
(804.0,804.0)
(455.0,804.0)
(804.0,804.0)
(804.0,804.0)
(455.0,804.0)
(804.0,804.0)
(804.0,804.0)
(804.0,804.0)
(481.0,804.0)
(804.0,804.0)
(474.0,804.0)
(455.0,804.0)
(396.0,804.0)
(455.0,804.0)
(421.0,804.0)
(455.0,804.0)
(455.0,804.0)
(474.0,804.0)
(474.0,804.0)
(474.0,804.0)
(753.0,804.0)
(483.0,804.0)
(474.0,804.0)
(474.0,804.0)
(396.0,804.0)
(455.0,804.0)
(753.0,804.0)
(753.0,804.0)
(455.0,804.0)
(753.0,804.0)
(753.0,804.0)
(483.0,804.0)
(753.0,804.0)
(753.0,804.0)
(753.0,804.0)
(753.0,804.0)
(474.0,804.0)
(753.0,804.0)
(396.0,804.0)
(447.0,804.0)
(447.0,804.0)
(753.0,804.0)
(482.0,804.0)
(455.0,804.0)
(483.0,804.0)
(753.0,804.0)
(455.0,804.0)
(455.0,804.0)
(421.0,804.0)
(455.0,804.0)
(753.0,804.0)
(483.0,804.0)
(483.0,804.0)
(455.0,804.0)
(804.0,804.0)
(753.0,804.0)
(753.0,804.0)
(753.0,804.0)
(404.0,804.0)
(482.0,804.0)
(753.0,804.0)
(753.0,804.0)
(753.0,804.0)
(447.0,804.0)
(753.0,804.0)
(483.0,804.0)
(483.0,804.0)
(455.0,804.0)
(483.0,804.0)
(483.0,804.0)
(447.0,804.0)
(483.0,804.0)
(753.0,804.0)
(753.0,804.0)
(753.0,804.0)
(481.0,804.0)
(753.0,804.0)
(753.0,804.0)
(387.0,804.0)
(753.0,804.0)
(455.0,804.0)
(482.0,804.0)
(474.0,804.0)
(753.0,804.0)
(753.0,804.0)
(474.0,804.0)
(447.0,804.0)
(474.0,804.0)
(804.0,804.0)
(474.0,804.0)
(753.0,804.0)
(753.0,804.0)
(413.0,804.0)
(753.0,804.0)
(417.0,804.0)
(474.0,804.0)
(753.0,804.0)
(483.0,804.0)
(447.0,804.0)
(481.0,804.0)
(753.0,804.0)
(482.0,804.0)
(753.0,804.0)
(482.0,804.0)
(481.0,804.0)
(483.0,804.0)
(474.0,804.0)
(753.0,804.0)
(455.0,804.0)
(753.0,804.0)
(417.0,804.0)
(753.0,804.0)
(753.0,804.0)
(455.0,804.0)
(753.0,804.0)
(753.0,804.0)
(753.0,804.0)
(447.0,804.0)
(753.0,804.0)
(483.0,804.0)
(455.0,804.0)
(447.0,804.0)
(447.0,804.0)
(753.0,804.0)
(753.0,804.0)
(483.0,804.0)
(483.0,804.0)
(455.0,804.0)
(753.0,804.0)
(481.0,804.0)
(753.0,804.0)
(455.0,804.0)
(474.0,804.0)
(474.0,804.0)
(474.0,804.0)
(753.0,804.0)
(753.0,804.0)
(447.0,804.0)
(483.0,804.0)
(455.0,804.0)
(753.0,804.0)
(471.0,804.0)
(474.0,804.0)
(753.0,804.0)
(455.0,804.0)
(421.0,804.0)
(753.0,804.0)
(447.0,804.0)
(421.0,804.0)
(481.0,804.0)
(447.0,804.0)
(753.0,804.0)
(359.0,804.0)
(753.0,804.0)
(455.0,804.0)
(807.0,804.0)
(474.0,804.0)
(753.0,804.0)
(753.0,804.0)
(483.0,804.0)
(753.0,804.0)
(753.0,804.0)
(455.0,804.0)
(421.0,804.0)
(753.0,804.0)
(474.0,804.0)
(753.0,804.0)
(743.0,804.0)
(753.0,804.0)
(753.0,804.0)
(447.0,804.0)
(753.0,804.0)
(474.0,804.0)
(753.0,804.0)
(474.0,804.0)
(455.0,804.0)
(483.0,804.0)
(421.0,804.0)
(455.0,804.0)
(447.0,804.0)
(447.0,804.0)
(753.0,804.0)
(753.0,804.0)
(483.0,804.0)
(447.0,804.0)
(474.0,804.0)
(753.0,804.0)
(753.0,804.0)
(447.0,804.0)
(365.0,804.0)
(359.0,804.0)
(421.0,804.0)
(753.0,804.0)
(804.0,804.0)
(753.0,804.0)
(447.0,804.0)
(474.0,804.0)
(455.0,804.0)
(804.0,804.0)
(753.0,804.0)
(447.0,804.0)
(753.0,804.0)
(753.0,804.0)
(771.0,804.0)
(474.0,804.0)
(455.0,804.0)
(483.0,804.0)
(804.0,804.0)
(455.0,804.0)
(753.0,804.0)
(753.0,804.0)
(753.0,804.0)
(804.0,804.0)
(417.0,804.0)
(447.0,804.0)
(804.0,804.0)
(483.0,804.0)
(753.0,804.0)
(753.0,804.0)
(804.0,804.0)
(483.0,804.0)
(455.0,804.0)
(804.0,804.0)
(753.0,804.0)
(743.0,804.0)
(753.0,804.0)
(481.0,804.0)
(386.0,804.0)
(481.0,804.0)
(804.0,804.0)
(455.0,804.0)
(455.0,804.0)
(455.0,804.0)
(753.0,804.0)
(447.0,804.0)
(455.0,804.0)
(447.0,804.0)
(455.0,804.0)
(804.0,804.0)
(753.0,804.0)
(753.0,804.0)
(753.0,804.0)
(753.0,804.0)
(804.0,804.0)
(455.0,804.0)
(455.0,804.0)
(753.0,804.0)
(447.0,804.0)
(447.0,804.0)
(753.0,804.0)
(447.0,804.0)
(481.0,804.0)
(743.0,804.0)
(743.0,804.0)
(753.0,804.0)
(753.0,804.0)
(483.0,804.0)
(455.0,804.0)
(753.0,804.0)
(753.0,804.0)
(753.0,804.0)
(455.0,804.0)
(447.0,804.0)
(481.0,804.0)
(417.0,804.0)
(413.0,804.0)
(753.0,804.0)
(447.0,804.0)
(481.0,804.0)
(804.0,804.0)
(804.0,804.0)
(417.0,804.0)
(753.0,804.0)
(753.0,804.0)
(447.0,804.0)
(481.0,804.0)
(455.0,804.0)
(455.0,804.0)
(455.0,804.0)
(447.0,804.0)
(455.0,804.0)
(447.0,804.0)
(753.0,804.0)
(455.0,804.0)
(481.0,804.0)
(447.0,804.0)
(455.0,804.0)
(447.0,804.0)
(447.0,804.0)
(455.0,804.0)
(479.0,804.0)
(455.0,804.0)
(447.0,804.0)
(417.0,804.0)
(417.0,804.0)
(753.0,804.0)
(483.0,804.0)
(447.0,804.0)
(743.0,804.0)
(753.0,804.0)
(455.0,804.0)
(804.0,804.0)
(804.0,804.0)
(455.0,804.0)
(753.0,804.0)
(804.0,804.0)
(753.0,804.0)
(753.0,804.0)
(753.0,804.0)
(753.0,804.0)
(447.0,804.0)
(447.0,804.0)
(804.0,804.0)
(753.0,804.0)
(753.0,804.0)
(474.0,804.0)
(753.0,804.0)
(753.0,804.0)
(455.0,804.0)
(753.0,804.0)
(455.0,804.0)
(804.0,804.0)
(447.0,804.0)
(447.0,804.0)
(753.0,804.0)
(447.0,804.0)
(753.0,804.0)
(455.0,804.0)
(753.0,804.0)
(455.0,804.0)
(474.0,804.0)
(447.0,804.0)
(455.0,804.0)
(481.0,804.0)
(753.0,804.0)
(455.0,804.0)
(753.0,804.0)
(804.0,804.0)
(455.0,804.0)
(753.0,804.0)
(804.0,804.0)
(447.0,804.0)
(481.0,804.0)
(753.0,804.0)
(447.0,804.0)
(455.0,804.0)
(455.0,804.0)
(804.0,804.0)
(455.0,804.0)
(753.0,804.0)
(455.0,804.0)
(753.0,804.0)
(447.0,804.0)
(753.0,804.0)
(455.0,804.0)
(483.0,804.0)
(804.0,804.0)
(753.0,804.0)
(753.0,804.0)
(481.0,804.0)
(804.0,804.0)
(753.0,804.0)
(455.0,804.0)
(447.0,804.0)
(753.0,804.0)
(753.0,804.0)
(753.0,804.0)
(447.0,804.0)
(455.0,804.0)
(753.0,804.0)
(483.0,804.0)
(753.0,804.0)
(483.0,804.0)
(447.0,804.0)
(455.0,804.0)
(455.0,804.0)
(455.0,804.0)
(753.0,804.0)
(804.0,804.0)
(753.0,804.0)
(753.0,804.0)
(475.0,804.0)
(753.0,804.0)
(455.0,804.0)
(481.0,804.0)
(455.0,804.0)
(455.0,804.0)
(753.0,804.0)
(753.0,804.0)
(455.0,804.0)
(447.0,804.0)
(455.0,804.0)
(455.0,804.0)
(421.0,804.0)
(447.0,804.0)
(483.0,804.0)
(447.0,804.0)
(753.0,804.0)
(804.0,804.0)
(804.0,804.0)
(804.0,804.0)
(804.0,804.0)
(804.0,804.0)
(804.0,804.0)
(804.0,804.0)
(804.0,804.0)
(804.0,804.0)
(804.0,804.0)
(804.0,804.0)
(804.0,804.0)
(804.0,804.0)
(804.0,804.0)
(804.0,804.0)
(804.0,804.0)
(804.0,804.0)
(479.0,804.0)
(804.0,804.0)
(804.0,804.0)
(804.0,804.0)
(804.0,804.0)
(455.0,804.0)
(804.0,804.0)
(804.0,804.0)
(804.0,804.0)
(482.0,804.0)
(804.0,804.0)
(804.0,804.0)
(455.0,804.0)
(804.0,804.0)
(804.0,804.0)
(804.0,804.0)
(804.0,804.0)
(804.0,804.0)
(804.0,804.0)
(455.0,804.0)
(804.0,804.0)
(804.0,804.0)
(804.0,804.0)
(804.0,804.0)
(804.0,804.0)
(804.0,804.0)
(804.0,804.0)
(804.0,804.0)
(804.0,804.0)
(804.0,804.0)
(804.0,804.0)
(804.0,804.0)
(804.0,804.0)
(804.0,804.0)
(804.0,804.0)
(804.0,804.0)
(804.0,804.0)
(804.0,804.0)
(804.0,804.0)
(447.0,804.0)
(804.0,804.0)
(804.0,804.0)
(804.0,804.0)
(804.0,804.0)
(435.0,804.0)
(804.0,804.0)
(447.0,804.0)
(447.0,804.0)
(447.0,804.0)
(804.0,804.0)
(804.0,804.0)
(804.0,804.0)
(804.0,804.0)
(804.0,804.0)
(804.0,804.0)
(804.0,804.0)
(804.0,804.0)
(804.0,804.0)
(804.0,804.0)
(804.0,804.0)
(804.0,804.0)
(804.0,804.0)
(804.0,804.0)
(804.0,804.0)
(804.0,804.0)
(804.0,804.0)
(455.0,804.0)
(804.0,804.0)
(804.0,804.0)
(447.0,804.0)
(804.0,804.0)
(804.0,804.0)
(413.0,804.0)
(804.0,804.0)
(804.0,804.0)
(804.0,804.0)
(804.0,804.0)
(804.0,804.0)
(447.0,804.0)
(804.0,804.0)
(804.0,804.0)
(804.0,804.0)
(447.0,804.0)
(804.0,804.0)
(804.0,804.0)
(804.0,804.0)
(804.0,804.0)
(804.0,804.0)
(482.0,804.0)
(804.0,804.0)
(479.0,804.0)
(804.0,804.0)
(804.0,804.0)
(447.0,804.0)
(455.0,804.0)
(447.0,804.0)
(804.0,804.0)
(46.0,804.0)
(804.0,804.0)
(804.0,804.0)
(804.0,804.0)
(804.0,804.0)
(804.0,804.0)
(804.0,804.0)
(804.0,804.0)
(804.0,804.0)
(804.0,804.0)
(804.0,804.0)
(804.0,804.0)
(804.0,804.0)
(804.0,804.0)
(804.0,804.0)
(482.0,804.0)
(455.0,804.0)
(804.0,804.0)
(804.0,804.0)
(804.0,804.0)
(804.0,804.0)
(804.0,804.0)
(804.0,804.0)
(804.0,804.0)
(804.0,804.0)
(447.0,804.0)
(804.0,804.0)
(804.0,804.0)
(804.0,804.0)
(482.0,804.0)
(804.0,804.0)
(447.0,804.0)
(804.0,804.0)
(804.0,804.0)
(482.0,804.0)
(804.0,804.0)
(804.0,804.0)
(447.0,804.0)
(804.0,804.0)
(804.0,804.0)
(804.0,804.0)
(804.0,804.0)
(804.0,804.0)
(447.0,804.0)
(804.0,804.0)
(804.0,804.0)
(804.0,804.0)
(804.0,804.0)
(804.0,804.0)
(804.0,804.0)
(804.0,804.0)
(804.0,804.0)
(804.0,804.0)
(804.0,804.0)
(804.0,804.0)
(804.0,804.0)
(804.0,804.0)
(804.0,804.0)
(804.0,804.0)
(804.0,804.0)
(804.0,804.0)
(804.0,804.0)
(804.0,804.0)
(804.0,804.0)
(804.0,804.0)
(804.0,804.0)
(483.0,804.0)
(804.0,804.0)
(804.0,804.0)
(804.0,804.0)
(804.0,804.0)
(804.0,804.0)
(447.0,804.0)
(455.0,804.0)
(471.0,804.0)
(804.0,804.0)
(804.0,804.0)
(804.0,804.0)
(804.0,804.0)
(804.0,804.0)
(455.0,804.0)
(804.0,804.0)
(804.0,804.0)
(804.0,804.0)
(804.0,804.0)
(804.0,804.0)
(804.0,804.0)
(804.0,804.0)
(455.0,804.0)
(804.0,804.0)
(804.0,804.0)
(804.0,804.0)
(804.0,804.0)
(804.0,804.0)
(804.0,804.0)
(804.0,804.0)
(804.0,804.0)
(447.0,804.0)
(804.0,804.0)
(804.0,804.0)
(804.0,804.0)
(804.0,804.0)
(804.0,804.0)
(804.0,804.0)
(455.0,804.0)
(804.0,804.0)
(804.0,804.0)
(455.0,804.0)
(447.0,804.0)
(804.0,804.0)
(804.0,804.0)
(435.0,804.0)
(804.0,804.0)
(804.0,804.0)
(804.0,804.0)
(804.0,804.0)
(804.0,804.0)
(804.0,804.0)
(804.0,804.0)
(455.0,804.0)
(804.0,804.0)
(447.0,804.0)
(471.0,804.0)
(455.0,804.0)
(413.0,804.0)
(804.0,804.0)
(804.0,804.0)
(804.0,804.0)
(804.0,804.0)
(447.0,804.0)
(804.0,804.0)
(804.0,804.0)
(804.0,804.0)
(804.0,804.0)
(804.0,804.0)
(804.0,804.0)
(804.0,804.0)
(804.0,804.0)
(804.0,804.0)
(804.0,804.0)
(804.0,804.0)
(455.0,804.0)
(455.0,804.0)
(455.0,804.0)
(804.0,804.0)
(465.0,804.0)
(455.0,804.0)
(455.0,804.0)
(804.0,804.0)
(447.0,804.0)
(455.0,804.0)
(804.0,804.0)
(483.0,804.0)
(804.0,804.0)
(804.0,804.0)
(804.0,804.0)
(804.0,804.0)
(455.0,804.0)
(804.0,804.0)
(455.0,804.0)
(804.0,804.0)
(447.0,804.0)
(804.0,804.0)
(417.0,804.0)
(804.0,804.0)
(804.0,804.0)
(804.0,804.0)
(804.0,804.0)
(455.0,804.0)
(804.0,804.0)
(455.0,804.0)
(804.0,804.0)
(804.0,804.0)
(804.0,804.0)
(447.0,804.0)
(804.0,804.0)
(804.0,804.0)
(804.0,804.0)
(455.0,804.0)
(455.0,804.0)
(804.0,804.0)
(455.0,804.0)
(804.0,804.0)
(804.0,804.0)
(447.0,804.0)
(365.0,804.0)
(804.0,804.0)
(804.0,804.0)
(462.0,804.0)
(804.0,804.0)
(804.0,804.0)
(804.0,804.0)
(447.0,804.0)
(804.0,804.0)
(447.0,804.0)
(804.0,804.0)
(447.0,804.0)
(804.0,804.0)
(804.0,804.0)
(804.0,804.0)
(804.0,804.0)
(804.0,804.0)
(365.0,804.0)
(804.0,804.0)
(804.0,804.0)
(804.0,804.0)
(804.0,804.0)
(804.0,804.0)
(804.0,804.0)
(804.0,804.0)
(417.0,804.0)
(804.0,804.0)
(804.0,804.0)
(447.0,804.0)
(804.0,804.0)
(804.0,804.0)
(804.0,804.0)
(804.0,804.0)
(804.0,804.0)
(804.0,804.0)
(804.0,804.0)
(804.0,804.0)
(447.0,804.0)
(804.0,804.0)
(804.0,804.0)
(455.0,804.0)
(455.0,804.0)
(447.0,804.0)
(804.0,804.0)
(430.0,804.0)
(804.0,804.0)
(804.0,804.0)
(804.0,804.0)
(804.0,804.0)
(804.0,804.0)
(804.0,804.0)
(804.0,804.0)
(804.0,804.0)
(804.0,804.0)
(455.0,804.0)
(804.0,804.0)
(455.0,804.0)
(430.0,804.0)
(471.0,804.0)
(804.0,804.0)
(804.0,804.0)
(455.0,804.0)
(804.0,804.0)
(455.0,804.0)
(447.0,804.0)
(455.0,804.0)
(804.0,804.0)
(804.0,804.0)
(804.0,804.0)
(804.0,804.0)
(804.0,804.0)
(804.0,804.0)
(804.0,804.0)
(447.0,804.0)
(804.0,804.0)
(447.0,804.0)
(447.0,804.0)
(804.0,804.0)
(804.0,804.0)
(804.0,804.0)
(804.0,804.0)
(804.0,804.0)
(483.0,804.0)
(804.0,804.0)
(455.0,804.0)
(804.0,804.0)
(455.0,804.0)
(447.0,804.0)
(804.0,804.0)
(804.0,804.0)
(455.0,804.0)
(804.0,804.0)
(804.0,804.0)
(804.0,804.0)
(455.0,804.0)
(479.0,804.0)
(804.0,804.0)
(455.0,804.0)
(804.0,804.0)
(455.0,804.0)
(804.0,804.0)
(804.0,804.0)
(804.0,804.0)
(479.0,804.0)
(804.0,804.0)
(447.0,804.0)
(804.0,804.0)
(804.0,804.0)
(804.0,804.0)
(481.0,804.0)
(365.0,804.0)
(804.0,804.0)
(804.0,804.0)
(447.0,804.0)
(804.0,804.0)
(483.0,804.0)
(447.0,804.0)
(455.0,804.0)
(753.0,804.0)
(804.0,804.0)
(447.0,804.0)
(804.0,804.0)
(435.0,804.0)
(804.0,804.0)
(804.0,804.0)
(804.0,804.0)
(471.0,804.0)
(804.0,804.0)
(804.0,804.0)
(804.0,804.0)
(447.0,804.0)
(479.0,804.0)
(804.0,804.0)
(804.0,804.0)
(804.0,804.0)
(804.0,804.0)
(365.0,804.0)
(804.0,804.0)
(804.0,804.0)
(804.0,804.0)
(804.0,804.0)
(804.0,804.0)
(804.0,804.0)
(804.0,804.0)
(447.0,804.0)
(804.0,804.0)
(804.0,804.0)
(804.0,804.0)
(479.0,804.0)
(804.0,804.0)
(804.0,804.0)
(804.0,804.0)
(804.0,804.0)
(804.0,804.0)
(455.0,804.0)
(804.0,804.0)
(804.0,804.0)
(455.0,804.0)
(455.0,804.0)
(804.0,804.0)
(804.0,804.0)
(804.0,804.0)
(804.0,804.0)
(465.0,804.0)
(804.0,804.0)
(455.0,804.0)
(804.0,804.0)
(455.0,804.0)
(804.0,804.0)
(804.0,804.0)
(471.0,804.0)
(479.0,804.0)
(804.0,804.0)
(753.0,804.0)
(447.0,804.0)
(804.0,804.0)
(804.0,804.0)
(455.0,804.0)
(804.0,804.0)
(455.0,804.0)
(804.0,804.0)
(804.0,804.0)
(483.0,804.0)
(447.0,804.0)
(804.0,804.0)
(804.0,804.0)
(804.0,804.0)
(804.0,804.0)
(483.0,804.0)
(804.0,804.0)
(479.0,804.0)
(804.0,804.0)
(804.0,804.0)
(804.0,804.0)
(804.0,804.0)
(804.0,804.0)
(474.0,804.0)
(447.0,804.0)
(804.0,804.0)
(804.0,804.0)
(455.0,804.0)
(804.0,804.0)
(804.0,804.0)
(804.0,804.0)
(483.0,804.0)
(447.0,804.0)
(804.0,804.0)
(804.0,804.0)
(804.0,804.0)
(447.0,804.0)
(804.0,804.0)
(804.0,804.0)
(481.0,804.0)
(455.0,804.0)
(804.0,804.0)
(455.0,804.0)
(804.0,804.0)
(455.0,804.0)
(804.0,804.0)
(447.0,804.0)
(479.0,804.0)
(753.0,804.0)
(804.0,804.0)
(455.0,804.0)
(804.0,804.0)
(804.0,804.0)
(455.0,804.0)
(804.0,804.0)
(804.0,804.0)
(804.0,804.0)
(483.0,804.0)
(482.0,804.0)
(447.0,804.0)
(804.0,804.0)
(804.0,804.0)
(455.0,804.0)
(804.0,804.0)
(804.0,804.0)
(447.0,804.0)
(447.0,804.0)
(804.0,804.0)
(804.0,804.0)
(804.0,804.0)
(804.0,804.0)
(804.0,804.0)
(455.0,804.0)
(417.0,804.0)
(455.0,804.0)
(804.0,804.0)
(804.0,804.0)
(804.0,804.0)
(804.0,804.0)
(447.0,804.0)
(804.0,804.0)
(804.0,804.0)
(804.0,804.0)
(804.0,804.0)
(804.0,804.0)
(804.0,804.0)
(804.0,804.0)
(804.0,804.0)
(804.0,804.0)
(804.0,804.0)
(804.0,804.0)
(455.0,804.0)
(804.0,804.0)
(804.0,804.0)
(804.0,804.0)
(479.0,804.0)
(804.0,804.0)
(804.0,804.0)
(804.0,804.0)
(455.0,804.0)
(804.0,804.0)
(804.0,804.0)
(804.0,804.0)
(804.0,804.0)
(804.0,804.0)
(804.0,804.0)
(804.0,804.0)
(804.0,804.0)
(447.0,804.0)
(804.0,804.0)
(455.0,804.0)
(804.0,804.0)
(804.0,804.0)
(804.0,804.0)
(455.0,804.0)
(804.0,804.0)
(804.0,804.0)
(455.0,804.0)
(804.0,804.0)
(804.0,804.0)
(804.0,804.0)
(804.0,804.0)
(455.0,804.0)
(479.0,804.0)
(455.0,804.0)
(804.0,804.0)
(804.0,804.0)
(804.0,804.0)
(455.0,804.0)
(455.0,804.0)
(804.0,804.0)
(455.0,804.0)
(804.0,804.0)
(804.0,804.0)
(804.0,804.0)
(447.0,804.0)
(804.0,804.0)
(804.0,804.0)
(455.0,804.0)
(804.0,804.0)
(804.0,804.0)
(804.0,804.0)
(804.0,804.0)
(455.0,804.0)
(804.0,804.0)
(804.0,804.0)
(479.0,804.0)
(804.0,804.0)
(482.0,804.0)
(804.0,804.0)
(455.0,804.0)
(482.0,804.0)
(804.0,804.0)
(455.0,804.0)
(804.0,804.0)
(455.0,804.0)
(804.0,804.0)
(455.0,804.0)
(455.0,804.0)
(804.0,804.0)
(804.0,804.0)
(447.0,804.0)
(447.0,804.0)
(455.0,804.0)
(804.0,804.0)
(481.0,804.0)
(804.0,804.0)
(804.0,804.0)
(447.0,804.0)
(804.0,804.0)
(481.0,804.0)
(804.0,804.0)
(455.0,804.0)
(481.0,804.0)
(804.0,804.0)
(804.0,804.0)
(804.0,804.0)
(417.0,804.0)
(804.0,804.0)
(804.0,804.0)
(804.0,804.0)
(804.0,804.0)
(447.0,804.0)
(455.0,804.0)
(455.0,804.0)
(804.0,804.0)
(804.0,804.0)
(804.0,804.0)
(804.0,804.0)
(804.0,804.0)
(455.0,804.0)
(804.0,804.0)
(455.0,804.0)
(455.0,804.0)
(455.0,804.0)
(804.0,804.0)
(455.0,804.0)
(455.0,804.0)
(804.0,804.0)
(455.0,804.0)
(447.0,804.0)
(455.0,804.0)
(804.0,804.0)
(804.0,804.0)
(804.0,804.0)
(482.0,804.0)
(804.0,804.0)
(804.0,804.0)
(483.0,804.0)
(804.0,804.0)
(455.0,804.0)
(804.0,804.0)
(804.0,804.0)
(804.0,804.0)
(417.0,804.0)
(804.0,804.0)
(455.0,804.0)
(804.0,804.0)
(804.0,804.0)
(804.0,804.0)
(455.0,804.0)
(447.0,804.0)
(804.0,804.0)
(455.0,804.0)
(455.0,804.0)
(804.0,804.0)
(804.0,804.0)
(804.0,804.0)
(804.0,804.0)
(479.0,804.0)
(804.0,804.0)
(804.0,804.0)
(804.0,804.0)
(804.0,804.0)
(447.0,804.0)
(447.0,804.0)
(804.0,804.0)
(804.0,804.0)
(804.0,804.0)
(804.0,804.0)
(753.0,804.0)
(455.0,804.0)
(804.0,804.0)
(804.0,804.0)
(447.0,804.0)
(753.0,804.0)
(804.0,804.0)
(804.0,804.0)
(804.0,804.0)
(804.0,804.0)
(479.0,804.0)
(804.0,804.0)
(804.0,804.0)
(455.0,804.0)
(447.0,804.0)
(804.0,804.0)
(804.0,804.0)
(455.0,804.0)
(447.0,804.0)
(455.0,804.0)
(804.0,804.0)
(804.0,804.0)
(804.0,804.0)
(455.0,804.0)
(804.0,804.0)
(804.0,804.0)
(804.0,804.0)
(804.0,804.0)
(455.0,804.0)
(753.0,804.0)
(455.0,804.0)
(804.0,804.0)
(804.0,804.0)
(804.0,804.0)
(804.0,804.0)
(804.0,804.0)
(482.0,804.0)
(804.0,804.0)
(804.0,804.0)
(447.0,804.0)
(804.0,804.0)
(804.0,804.0)
(804.0,804.0)
(447.0,804.0)
(804.0,804.0)
(804.0,804.0)
(447.0,804.0)
(804.0,804.0)
(804.0,804.0)
(804.0,804.0)
(804.0,804.0)
(447.0,804.0)
(804.0,804.0)
(804.0,804.0)
(455.0,804.0)
(455.0,804.0)
(447.0,804.0)
(804.0,804.0)
(804.0,804.0)
(804.0,804.0)
(455.0,804.0)
(804.0,804.0)
(804.0,804.0)
(455.0,804.0)
(804.0,804.0)
(804.0,804.0)
(455.0,804.0)
(455.0,804.0)
(455.0,804.0)
(804.0,804.0)
(804.0,804.0)
(455.0,804.0)
(804.0,804.0)
(804.0,804.0)
(804.0,804.0)
(455.0,804.0)
(804.0,804.0)
(804.0,804.0)
(455.0,804.0)
(804.0,804.0)
(455.0,804.0)
(804.0,804.0)
(804.0,804.0)
(455.0,804.0)
(804.0,804.0)
(804.0,804.0)
(804.0,804.0)
(804.0,804.0)
(804.0,804.0)
(804.0,804.0)
(479.0,804.0)
(804.0,804.0)
(455.0,804.0)
(804.0,804.0)
(804.0,804.0)
(804.0,804.0)
(804.0,804.0)
(455.0,804.0)
(455.0,804.0)
(417.0,804.0)
(804.0,804.0)
(804.0,804.0)
(804.0,804.0)
(804.0,804.0)
(804.0,804.0)
(455.0,804.0)
(804.0,804.0)
(804.0,804.0)
(455.0,804.0)
(455.0,804.0)
(804.0,804.0)
(804.0,804.0)
(804.0,804.0)
(455.0,804.0)
(804.0,804.0)
(804.0,804.0)
(804.0,804.0)
(447.0,804.0)
(804.0,804.0)
(804.0,804.0)
(447.0,804.0)
(455.0,804.0)
(804.0,804.0)
(455.0,804.0)
(804.0,804.0)
(455.0,804.0)
(455.0,804.0)
(804.0,804.0)
(455.0,804.0)
(804.0,804.0)
(804.0,804.0)
(804.0,804.0)
(417.0,804.0)
(804.0,804.0)
(804.0,804.0)
(447.0,804.0)
(804.0,804.0)
(455.0,804.0)
(804.0,804.0)
(804.0,804.0)
(804.0,804.0)
(804.0,804.0)
(455.0,804.0)
(804.0,804.0)
(780.0,804.0)
(455.0,804.0)
(804.0,804.0)
(804.0,804.0)
(804.0,804.0)
(804.0,804.0)
(804.0,804.0)
(804.0,804.0)
(804.0,804.0)
(481.0,804.0)
(804.0,804.0)
(447.0,804.0)
(804.0,804.0)
(481.0,804.0)
(804.0,804.0)
(804.0,804.0)
(447.0,804.0)
(455.0,804.0)
(804.0,804.0)
(447.0,804.0)
(804.0,804.0)
(804.0,804.0)
(455.0,804.0)
(804.0,804.0)
(455.0,804.0)
(447.0,804.0)
(455.0,804.0)
(804.0,804.0)
(479.0,804.0)
(804.0,804.0)
(804.0,804.0)
(447.0,804.0)
(455.0,804.0)
(804.0,804.0)
(804.0,804.0)
(455.0,804.0)
(804.0,804.0)
(804.0,804.0)
(804.0,804.0)
(804.0,804.0)
(455.0,804.0)
(804.0,804.0)
(804.0,804.0)
(804.0,804.0)
(455.0,804.0)
(804.0,804.0)
(455.0,804.0)
(804.0,804.0)
(804.0,804.0)
(804.0,804.0)
(455.0,804.0)
(804.0,804.0)
(481.0,804.0)
(804.0,804.0)
(804.0,804.0)
(804.0,804.0)
(804.0,804.0)
(455.0,804.0)
(804.0,804.0)
(421.0,804.0)
(455.0,804.0)
(804.0,804.0)
(804.0,804.0)
(804.0,804.0)
(804.0,804.0)
(804.0,804.0)
(455.0,804.0)
(447.0,804.0)
(804.0,804.0)
(804.0,804.0)
(455.0,804.0)
(804.0,804.0)
(447.0,804.0)
(417.0,804.0)
(804.0,804.0)
(447.0,804.0)
(753.0,804.0)
(479.0,804.0)
(804.0,804.0)
(804.0,804.0)
(804.0,804.0)
(804.0,804.0)
(455.0,804.0)
(804.0,804.0)
(804.0,804.0)
(804.0,804.0)
(804.0,804.0)
(804.0,804.0)
(455.0,804.0)
(804.0,804.0)
(804.0,804.0)
(455.0,804.0)
(804.0,804.0)
(804.0,804.0)
(758.0,804.0)
(804.0,804.0)
(804.0,804.0)
(804.0,804.0)
(804.0,804.0)
(804.0,804.0)
(804.0,804.0)
(804.0,804.0)
(804.0,804.0)
(455.0,804.0)
(804.0,804.0)
(804.0,804.0)
(804.0,804.0)
(455.0,804.0)
(455.0,462.0)
(459.0,462.0)
(447.0,462.0)
(804.0,462.0)
(455.0,462.0)
(455.0,462.0)
(455.0,462.0)
(802.0,462.0)
(459.0,462.0)
(447.0,462.0)
(455.0,462.0)
(802.0,462.0)
(455.0,462.0)
(455.0,462.0)
(455.0,462.0)
(804.0,462.0)
(455.0,462.0)
(459.0,462.0)
(804.0,462.0)
(462.0,462.0)
(804.0,462.0)
(802.0,462.0)
(455.0,462.0)
(441.0,462.0)
(804.0,462.0)
(806.0,462.0)
(804.0,462.0)
(455.0,462.0)
(804.0,462.0)
(417.0,462.0)
(806.0,462.0)
(455.0,462.0)
(447.0,462.0)
(804.0,462.0)
(447.0,462.0)
(455.0,462.0)
(802.0,462.0)
(462.0,462.0)
(447.0,462.0)
(802.0,462.0)
(804.0,462.0)
(447.0,462.0)
(447.0,462.0)
(447.0,462.0)
(447.0,462.0)
(802.0,462.0)
(802.0,462.0)
(802.0,462.0)
(447.0,462.0)
(804.0,462.0)
(459.0,462.0)
(462.0,462.0)
(455.0,462.0)
(455.0,462.0)
(417.0,462.0)
(417.0,462.0)
(447.0,462.0)
(447.0,462.0)
(459.0,462.0)
(447.0,462.0)
(455.0,462.0)
(804.0,462.0)
(447.0,462.0)
(455.0,462.0)
(447.0,462.0)
(462.0,462.0)
(447.0,462.0)
(455.0,462.0)
(455.0,462.0)
(802.0,462.0)
(455.0,462.0)
(806.0,462.0)
(804.0,462.0)
(804.0,462.0)
(455.0,462.0)
(447.0,462.0)
(802.0,462.0)
(455.0,462.0)
(455.0,462.0)
(455.0,462.0)
(455.0,462.0)
(802.0,462.0)
(806.0,462.0)
(462.0,462.0)
(462.0,462.0)
(447.0,462.0)
(447.0,462.0)
(480.0,462.0)
(447.0,462.0)
(455.0,462.0)
(455.0,462.0)
(447.0,462.0)
(447.0,462.0)
(462.0,462.0)
(806.0,462.0)
(447.0,462.0)
(455.0,462.0)
(447.0,462.0)
(802.0,462.0)
(455.0,462.0)
(462.0,462.0)
(806.0,462.0)
(455.0,462.0)
(804.0,462.0)
(806.0,462.0)
(447.0,462.0)
(455.0,462.0)
(447.0,462.0)
(455.0,462.0)
(455.0,462.0)
(455.0,462.0)
(447.0,462.0)
(804.0,462.0)
(455.0,462.0)
(483.0,462.0)
(447.0,462.0)
(447.0,462.0)
(462.0,462.0)
(804.0,462.0)
(447.0,462.0)
(805.0,462.0)
(447.0,462.0)
(804.0,462.0)
(447.0,462.0)
(802.0,462.0)
(802.0,462.0)
(447.0,462.0)
(455.0,462.0)
(441.0,462.0)
(806.0,462.0)
(802.0,462.0)
(802.0,462.0)
(804.0,462.0)
(806.0,462.0)
(455.0,462.0)
(804.0,462.0)
(806.0,462.0)
(806.0,462.0)
(802.0,462.0)
(447.0,462.0)
(447.0,462.0)
(802.0,462.0)
(455.0,462.0)
(447.0,462.0)
(462.0,462.0)
(459.0,462.0)
(459.0,462.0)
(447.0,462.0)
(459.0,462.0)
(447.0,462.0)
(802.0,462.0)
(455.0,462.0)
(455.0,462.0)
(804.0,462.0)
(455.0,462.0)
(804.0,462.0)
(455.0,462.0)
(806.0,462.0)
(454.0,462.0)
(455.0,462.0)
(447.0,462.0)
(802.0,462.0)
(447.0,462.0)
(455.0,462.0)
(447.0,462.0)
(447.0,462.0)
(802.0,462.0)
(462.0,462.0)
(806.0,462.0)
(806.0,462.0)
(804.0,462.0)
(459.0,462.0)
(455.0,462.0)
(459.0,462.0)
(806.0,462.0)
(447.0,462.0)
(447.0,462.0)
(462.0,462.0)
(447.0,462.0)
(462.0,462.0)
(447.0,462.0)
(806.0,462.0)
(455.0,462.0)
(802.0,462.0)
(802.0,462.0)
(806.0,462.0)
(447.0,462.0)
(447.0,462.0)
(802.0,462.0)
(447.0,462.0)
(455.0,462.0)
(459.0,462.0)
(802.0,462.0)
(447.0,462.0)
(447.0,462.0)
(462.0,462.0)
(462.0,462.0)
(447.0,462.0)
(457.0,462.0)
(447.0,462.0)
(447.0,462.0)
(802.0,462.0)
(479.0,462.0)
(462.0,462.0)
(462.0,462.0)
(802.0,462.0)
(462.0,462.0)
(802.0,462.0)
(447.0,462.0)
(462.0,462.0)
(462.0,462.0)
(447.0,462.0)
(447.0,462.0)
(462.0,462.0)
(802.0,462.0)
(802.0,462.0)
(802.0,462.0)
(447.0,462.0)
(802.0,462.0)
(447.0,462.0)
(447.0,462.0)
(802.0,462.0)
(802.0,462.0)
(447.0,462.0)
(462.0,462.0)
(802.0,462.0)
(462.0,462.0)
(802.0,462.0)
(802.0,462.0)
(447.0,462.0)
(462.0,462.0)
(462.0,462.0)
(447.0,462.0)
(462.0,462.0)
(447.0,462.0)
(458.0,462.0)
(802.0,462.0)
(802.0,462.0)
(462.0,462.0)
(447.0,462.0)
(462.0,462.0)
(462.0,462.0)
(447.0,462.0)
(455.0,462.0)
(462.0,462.0)
(802.0,462.0)
(368.0,462.0)
(802.0,462.0)
(462.0,462.0)
(455.0,462.0)
(462.0,462.0)
(455.0,462.0)
(448.0,462.0)
(462.0,462.0)
(447.0,462.0)
(462.0,462.0)
(462.0,462.0)
(462.0,462.0)
(447.0,462.0)
(802.0,462.0)
(455.0,462.0)
(802.0,462.0)
(457.0,462.0)
(802.0,462.0)
(462.0,462.0)
(802.0,462.0)
(462.0,462.0)
(447.0,462.0)
(462.0,462.0)
(447.0,462.0)
(802.0,462.0)
(447.0,462.0)
(462.0,462.0)
(802.0,462.0)
(802.0,462.0)
(462.0,462.0)
(802.0,462.0)
(802.0,462.0)
(447.0,462.0)
(802.0,462.0)
(462.0,462.0)
(475.0,462.0)
(462.0,462.0)
(802.0,462.0)
(802.0,462.0)
(802.0,462.0)
(802.0,462.0)
(462.0,462.0)
(462.0,462.0)
(462.0,462.0)
(462.0,462.0)
(802.0,462.0)
(447.0,462.0)
(802.0,462.0)
(802.0,462.0)
(455.0,462.0)
(802.0,462.0)
(802.0,462.0)
(447.0,462.0)
(802.0,462.0)
(802.0,462.0)
(447.0,462.0)
(802.0,462.0)
(447.0,462.0)
(447.0,462.0)
(462.0,462.0)
(802.0,462.0)
(462.0,462.0)
(447.0,462.0)
(447.0,462.0)
(802.0,462.0)
(462.0,462.0)
(802.0,462.0)
(447.0,462.0)
(462.0,462.0)
(802.0,462.0)
(462.0,462.0)
(802.0,462.0)
(802.0,462.0)
(447.0,462.0)
(802.0,462.0)
(802.0,462.0)
(462.0,462.0)
(447.0,462.0)
(447.0,462.0)
(462.0,462.0)
(462.0,462.0)
(462.0,462.0)
(447.0,462.0)
(447.0,462.0)
(802.0,462.0)
(462.0,462.0)
(802.0,462.0)
(802.0,462.0)
(447.0,462.0)
(462.0,462.0)
(447.0,462.0)
(802.0,462.0)
(447.0,462.0)
(802.0,462.0)
(447.0,462.0)
(802.0,462.0)
(447.0,462.0)
(462.0,462.0)
(435.0,462.0)
(462.0,462.0)
(462.0,462.0)
(802.0,462.0)
(462.0,462.0)
(802.0,462.0)
(802.0,462.0)
(447.0,462.0)
(447.0,462.0)
(447.0,462.0)
(802.0,462.0)
(447.0,462.0)
(802.0,462.0)
(447.0,462.0)
(462.0,462.0)
(447.0,462.0)
(447.0,462.0)
(802.0,462.0)
(802.0,462.0)
(802.0,462.0)
(447.0,462.0)
(802.0,462.0)
(802.0,462.0)
(447.0,462.0)
(447.0,462.0)
(447.0,462.0)
(447.0,462.0)
(447.0,462.0)
(447.0,462.0)
(462.0,462.0)
(447.0,462.0)
(447.0,462.0)
(461.0,462.0)
(802.0,462.0)
(447.0,462.0)
(447.0,462.0)
(447.0,462.0)
(462.0,462.0)
(447.0,462.0)
(462.0,462.0)
(802.0,462.0)
(802.0,462.0)
(802.0,462.0)
(447.0,462.0)
(802.0,462.0)
(462.0,462.0)
(802.0,462.0)
(806.0,806.0)
(806.0,806.0)
(806.0,806.0)
(806.0,806.0)
(434.0,806.0)
(806.0,806.0)
(434.0,806.0)
(806.0,806.0)
(806.0,806.0)
(806.0,806.0)
(806.0,806.0)
(806.0,806.0)
(806.0,806.0)
(806.0,806.0)
(806.0,806.0)
(806.0,806.0)
(806.0,806.0)
(758.0,806.0)
(806.0,806.0)
(409.0,806.0)
(806.0,806.0)
(806.0,806.0)
(806.0,806.0)
(806.0,806.0)
(806.0,806.0)
(771.0,806.0)
(806.0,806.0)
(806.0,806.0)
(806.0,806.0)
(806.0,806.0)
(806.0,806.0)
(806.0,806.0)
(806.0,806.0)
(806.0,806.0)
(462.0,806.0)
(475.0,806.0)
(806.0,806.0)
(806.0,806.0)
(475.0,806.0)
(475.0,806.0)
(758.0,806.0)
(806.0,806.0)
(806.0,806.0)
(806.0,806.0)
(447.0,806.0)
(806.0,806.0)
(806.0,806.0)
(212.0,806.0)
(455.0,806.0)
(806.0,806.0)
(771.0,806.0)
(806.0,806.0)
(806.0,806.0)
(758.0,806.0)
(454.0,806.0)
(806.0,806.0)
(447.0,806.0)
(806.0,806.0)
(434.0,806.0)
(806.0,806.0)
(806.0,806.0)
(806.0,806.0)
(806.0,806.0)
(806.0,806.0)
(434.0,806.0)
(806.0,806.0)
(806.0,806.0)
(806.0,806.0)
(758.0,806.0)
(434.0,806.0)
(459.0,806.0)
(454.0,806.0)
(806.0,806.0)
(806.0,806.0)
(413.0,806.0)
(806.0,806.0)
(806.0,806.0)
(806.0,806.0)
(806.0,806.0)
(806.0,806.0)
(806.0,806.0)
(806.0,806.0)
(806.0,806.0)
(401.0,806.0)
(806.0,806.0)
(806.0,806.0)
(806.0,806.0)
(771.0,806.0)
(806.0,806.0)
(806.0,806.0)
(806.0,806.0)
(793.0,806.0)
(806.0,806.0)
(806.0,806.0)
(447.0,806.0)
(806.0,806.0)
(806.0,806.0)
(806.0,806.0)
(475.0,806.0)
(409.0,806.0)
(806.0,806.0)
(806.0,806.0)
(806.0,806.0)
(771.0,806.0)
(806.0,806.0)
(447.0,806.0)
(806.0,806.0)
(806.0,806.0)
(806.0,806.0)
(806.0,806.0)
(806.0,806.0)
(806.0,806.0)
(806.0,806.0)
(806.0,806.0)
(806.0,806.0)
(806.0,806.0)
(806.0,806.0)
(806.0,806.0)
(806.0,806.0)
(806.0,806.0)
(806.0,806.0)
(806.0,806.0)
(475.0,806.0)
(409.0,806.0)
(771.0,806.0)
(806.0,806.0)
(454.0,806.0)
(806.0,806.0)
(413.0,806.0)
(806.0,806.0)
(462.0,806.0)
(806.0,806.0)
(805.0,806.0)
(409.0,806.0)
(806.0,806.0)
(806.0,806.0)
(413.0,806.0)
(806.0,806.0)
(806.0,806.0)
(806.0,806.0)
(793.0,806.0)
(806.0,806.0)
(806.0,806.0)
(806.0,806.0)
(454.0,806.0)
(806.0,806.0)
(806.0,806.0)
(42.0,806.0)
(454.0,806.0)
(806.0,806.0)
(758.0,806.0)
(806.0,806.0)
(806.0,806.0)
(806.0,806.0)
(806.0,806.0)
(806.0,806.0)
(806.0,806.0)
(806.0,806.0)
(806.0,806.0)
(806.0,806.0)
(462.0,806.0)
(425.0,806.0)
(441.0,806.0)
(806.0,806.0)
(758.0,806.0)
(806.0,806.0)
(806.0,806.0)
(806.0,806.0)
(806.0,806.0)
(455.0,806.0)
(806.0,806.0)
(806.0,806.0)
(758.0,806.0)
(806.0,806.0)
(806.0,806.0)
(806.0,806.0)
(806.0,806.0)
(806.0,806.0)
(806.0,806.0)
(454.0,806.0)
(806.0,806.0)
(806.0,806.0)
(406.0,806.0)
(31.0,806.0)
(462.0,806.0)
(806.0,806.0)
(806.0,806.0)
(462.0,808.0)
(413.0,808.0)
(809.0,808.0)
(409.0,808.0)
(743.0,808.0)
(807.0,808.0)
(396.0,808.0)
(462.0,808.0)
(804.0,808.0)
(409.0,808.0)
(743.0,808.0)
(475.0,808.0)
(807.0,808.0)
(809.0,808.0)
(376.0,808.0)
(462.0,808.0)
(462.0,808.0)
(454.0,808.0)
(455.0,808.0)
(362.0,808.0)
(442.0,808.0)
(362.0,808.0)
(417.0,808.0)
(455.0,808.0)
(743.0,808.0)
(362.0,808.0)
(743.0,808.0)
(413.0,808.0)
(362.0,808.0)
(406.0,808.0)
(809.0,808.0)
(807.0,808.0)
(416.0,808.0)
(462.0,808.0)
(417.0,808.0)
(362.0,808.0)
(462.0,808.0)
(362.0,808.0)
(413.0,808.0)
(454.0,808.0)
(807.0,808.0)
(417.0,808.0)
(455.0,808.0)
(480.0,808.0)
(462.0,808.0)
(809.0,808.0)
(462.0,808.0)
(417.0,808.0)
(417.0,808.0)
(406.0,808.0)
(417.0,808.0)
(462.0,808.0)
(462.0,808.0)
(743.0,808.0)
(376.0,808.0)
(435.0,808.0)
(376.0,808.0)
(406.0,808.0)
(396.0,808.0)
(447.0,808.0)
(374.0,808.0)
(363.0,808.0)
(362.0,808.0)
(807.0,808.0)
(470.0,808.0)
(417.0,808.0)
(376.0,808.0)
(462.0,808.0)
(374.0,808.0)
(743.0,808.0)
(362.0,808.0)
(743.0,808.0)
(475.0,808.0)
(409.0,808.0)
(807.0,808.0)
(362.0,808.0)
(462.0,808.0)
(807.0,808.0)
(417.0,808.0)
(462.0,808.0)
(413.0,808.0)
(413.0,808.0)
(462.0,808.0)
(743.0,808.0)
(743.0,808.0)
(743.0,808.0)
(362.0,808.0)
(743.0,808.0)
(462.0,808.0)
(809.0,808.0)
(413.0,808.0)
(487.0,808.0)
(462.0,808.0)
(362.0,808.0)
(447.0,808.0)
(807.0,808.0)
(739.0,808.0)
(462.0,808.0)
(387.0,808.0)
(462.0,808.0)
(369.0,808.0)
(362.0,808.0)
(485.0,808.0)
(454.0,808.0)
(435.0,808.0)
(462.0,808.0)
(376.0,808.0)
(362.0,808.0)
(376.0,808.0)
(362.0,808.0)
(417.0,808.0)
(462.0,808.0)
(376.0,808.0)
(807.0,808.0)
(413.0,808.0)
(807.0,808.0)
(413.0,808.0)
(743.0,808.0)
(462.0,808.0)
(807.0,808.0)
(374.0,808.0)
(413.0,808.0)
(478.0,808.0)
(413.0,808.0)
(743.0,808.0)
(810.0,808.0)
(413.0,808.0)
(362.0,808.0)
(376.0,808.0)
(417.0,808.0)
(454.0,808.0)
(807.0,808.0)
(362.0,808.0)
(808.0,808.0)
(743.0,808.0)
(809.0,808.0)
(808.0,808.0)
(362.0,808.0)
(413.0,808.0)
(807.0,808.0)
(363.0,808.0)
(739.0,808.0)
(807.0,808.0)
(413.0,808.0)
(417.0,808.0)
(362.0,808.0)
(807.0,808.0)
(454.0,808.0)
(362.0,808.0)
(435.0,808.0)
(406.0,808.0)
(362.0,808.0)
(376.0,808.0)
(807.0,808.0)
(462.0,808.0)
(462.0,808.0)
(362.0,808.0)
(462.0,808.0)
(376.0,808.0)
(417.0,808.0)
(743.0,808.0)
(807.0,808.0)
(455.0,808.0)
(462.0,808.0)
(462.0,808.0)
(435.0,808.0)
(462.0,808.0)
(455.0,808.0)
(807.0,808.0)
(753.0,808.0)
(809.0,808.0)
(480.0,808.0)
(807.0,808.0)
(462.0,808.0)
(406.0,808.0)
(376.0,808.0)
(809.0,808.0)
(808.0,808.0)
(807.0,808.0)
(462.0,808.0)
(462.0,808.0)
(417.0,808.0)
(413.0,808.0)
(743.0,808.0)
(435.0,808.0)
(417.0,808.0)
(362.0,808.0)
(404.0,808.0)
(376.0,808.0)
(362.0,808.0)
(809.0,808.0)
(732.0,808.0)
(413.0,808.0)
(806.0,808.0)
(447.0,808.0)
(743.0,808.0)
(362.0,808.0)
(435.0,808.0)
(743.0,808.0)
(743.0,808.0)
(743.0,808.0)
(743.0,808.0)
(362.0,808.0)
(417.0,808.0)
(754.0,808.0)
(406.0,808.0)
(809.0,808.0)
(417.0,808.0)
(462.0,808.0)
(743.0,808.0)
(462.0,808.0)
(807.0,808.0)
(426.0,808.0)
(447.0,808.0)
(473.0,808.0)
(417.0,808.0)
(474.0,808.0)
(362.0,808.0)
(807.0,808.0)
(413.0,808.0)
(474.0,808.0)
(455.0,808.0)
(435.0,808.0)
(417.0,808.0)
(474.0,808.0)
(743.0,808.0)
(417.0,808.0)
(743.0,808.0)
(743.0,808.0)
(426.0,808.0)
(362.0,808.0)
(474.0,808.0)
(475.0,808.0)
(435.0,808.0)
(362.0,808.0)
(474.0,808.0)
(417.0,808.0)
(474.0,808.0)
(417.0,808.0)
(417.0,808.0)
(474.0,808.0)
(454.0,808.0)
(743.0,808.0)
(455.0,808.0)
(362.0,808.0)
(743.0,808.0)
(435.0,808.0)
(417.0,808.0)
(809.0,808.0)
(755.0,808.0)
(474.0,808.0)
(743.0,808.0)
(475.0,808.0)
(387.0,808.0)
(786.0,808.0)
(807.0,808.0)
(426.0,808.0)
(743.0,808.0)
(743.0,808.0)
(417.0,808.0)
(362.0,808.0)
(474.0,808.0)
(743.0,808.0)
(406.0,808.0)
(474.0,808.0)
(769.0,808.0)
(359.0,808.0)
(362.0,808.0)
(362.0,808.0)
(362.0,808.0)
(739.0,808.0)
(743.0,808.0)
(743.0,808.0)
(417.0,808.0)
(743.0,808.0)
(455.0,808.0)
(43.0,808.0)
(417.0,808.0)
(454.0,808.0)
(435.0,808.0)
(447.0,808.0)
(362.0,808.0)
(362.0,808.0)
(462.0,808.0)
(462.0,808.0)
(417.0,808.0)
(382.0,808.0)
(743.0,808.0)
(362.0,808.0)
(474.0,808.0)
(417.0,808.0)
(474.0,808.0)
(743.0,808.0)
(454.0,808.0)
(809.0,808.0)
(743.0,808.0)
(447.0,808.0)
(417.0,808.0)
(755.0,808.0)
(743.0,808.0)
(743.0,808.0)
(413.0,808.0)
(362.0,808.0)
(743.0,808.0)
(363.0,808.0)
(743.0,808.0)
(743.0,808.0)
(435.0,808.0)
(417.0,808.0)
(447.0,808.0)
(743.0,808.0)
(743.0,808.0)
(743.0,808.0)
(417.0,808.0)
(374.0,808.0)
(362.0,808.0)
(743.0,808.0)
(743.0,808.0)
(808.0,808.0)
(743.0,808.0)
(809.0,808.0)
(475.0,808.0)
(809.0,808.0)
(417.0,808.0)
(362.0,808.0)
(474.0,808.0)
(807.0,808.0)
(743.0,808.0)
(435.0,808.0)
(786.0,808.0)
(363.0,808.0)
(754.0,808.0)
(417.0,808.0)
(743.0,808.0)
(362.0,808.0)
(362.0,808.0)
(43.0,808.0)
(743.0,808.0)
(455.0,808.0)
(743.0,808.0)
(743.0,808.0)
(455.0,808.0)
(474.0,808.0)
(471.0,808.0)
(474.0,808.0)
(362.0,808.0)
(808.0,808.0)
(462.0,808.0)
(417.0,808.0)
(417.0,808.0)
(447.0,808.0)
(743.0,808.0)
(475.0,808.0)
(363.0,808.0)
(426.0,808.0)
(462.0,808.0)
(387.0,808.0)
(804.0,808.0)
(804.0,808.0)
(363.0,808.0)
(474.0,808.0)
(413.0,808.0)
(455.0,808.0)
(483.0,808.0)
(743.0,808.0)
(474.0,808.0)
(362.0,808.0)
(743.0,808.0)
(362.0,808.0)
(475.0,808.0)
(743.0,808.0)
(362.0,808.0)
(474.0,808.0)
(362.0,808.0)
(417.0,808.0)
(474.0,808.0)
(743.0,808.0)
(743.0,808.0)
(809.0,808.0)
(743.0,808.0)
(362.0,808.0)
(474.0,808.0)
(743.0,808.0)
(755.0,808.0)
(743.0,808.0)
(739.0,808.0)
(462.0,808.0)
(474.0,808.0)
(362.0,808.0)
(743.0,808.0)
(740.0,808.0)
(462.0,808.0)
(743.0,808.0)
(474.0,808.0)
(447.0,808.0)
(807.0,807.0)
(474.0,807.0)
(474.0,807.0)
(417.0,807.0)
(474.0,807.0)
(807.0,807.0)
(455.0,807.0)
(474.0,807.0)
(362.0,807.0)
(474.0,807.0)
(807.0,807.0)
(474.0,807.0)
(474.0,807.0)
(474.0,807.0)
(807.0,807.0)
(474.0,807.0)
(474.0,807.0)
(807.0,807.0)
(474.0,807.0)
(809.0,807.0)
(474.0,807.0)
(474.0,807.0)
(807.0,807.0)
(807.0,807.0)
(455.0,807.0)
(474.0,807.0)
(475.0,807.0)
(807.0,807.0)
(482.0,807.0)
(475.0,807.0)
(462.0,807.0)
(417.0,807.0)
(474.0,807.0)
(475.0,807.0)
(417.0,807.0)
(743.0,807.0)
(474.0,807.0)
(482.0,807.0)
(474.0,807.0)
(474.0,807.0)
(396.0,807.0)
(471.0,807.0)
(474.0,807.0)
(474.0,807.0)
(475.0,807.0)
(474.0,807.0)
(474.0,807.0)
(475.0,807.0)
(474.0,807.0)
(474.0,807.0)
(474.0,807.0)
(474.0,807.0)
(474.0,807.0)
(474.0,807.0)
(807.0,807.0)
(474.0,807.0)
(482.0,807.0)
(474.0,807.0)
(362.0,807.0)
(474.0,807.0)
(474.0,807.0)
(474.0,807.0)
(807.0,807.0)
(483.0,807.0)
(474.0,807.0)
(474.0,807.0)
(474.0,807.0)
(808.0,807.0)
(471.0,807.0)
(474.0,807.0)
(786.0,807.0)
(474.0,807.0)
(474.0,807.0)
(474.0,807.0)
(807.0,807.0)
(462.0,807.0)
(362.0,807.0)
(475.0,807.0)
(769.0,807.0)
(354.0,807.0)
(371.0,807.0)
(474.0,807.0)
(474.0,807.0)
(807.0,807.0)
(784.0,807.0)
(808.0,807.0)
(474.0,807.0)
(474.0,807.0)
(474.0,807.0)
(474.0,807.0)
(435.0,807.0)
(807.0,807.0)
(371.0,807.0)
(475.0,807.0)
(474.0,807.0)
(807.0,807.0)
(474.0,807.0)
(475.0,807.0)
(807.0,807.0)
(474.0,807.0)
(754.0,807.0)
(474.0,807.0)
(475.0,807.0)
(475.0,807.0)
(474.0,807.0)
(435.0,807.0)
(807.0,807.0)
(809.0,807.0)
(474.0,807.0)
(807.0,807.0)
(474.0,807.0)
(474.0,807.0)
(474.0,807.0)
(474.0,807.0)
(474.0,807.0)
(474.0,807.0)
(807.0,807.0)
(474.0,807.0)
(474.0,807.0)
(807.0,807.0)
(474.0,807.0)
(474.0,807.0)
(474.0,807.0)
(409.0,807.0)
(810.0,807.0)
(474.0,807.0)
(474.0,807.0)
(474.0,807.0)
(475.0,807.0)
(807.0,807.0)
(474.0,807.0)
(447.0,807.0)
(804.0,807.0)
(474.0,807.0)
(807.0,807.0)
(475.0,807.0)
(474.0,807.0)
(474.0,807.0)
(809.0,807.0)
(462.0,807.0)
(459.0,807.0)
(747.0,807.0)
(474.0,807.0)
(474.0,807.0)
(474.0,807.0)
(474.0,807.0)
(474.0,807.0)
(809.0,807.0)
(474.0,807.0)
(474.0,807.0)
(455.0,807.0)
(771.0,807.0)
(483.0,807.0)
(807.0,807.0)
(409.0,807.0)
(474.0,807.0)
(474.0,807.0)
(474.0,807.0)
(807.0,807.0)
(807.0,807.0)
(471.0,807.0)
(475.0,807.0)
(483.0,807.0)
(475.0,807.0)
(474.0,807.0)
(807.0,807.0)
(807.0,807.0)
(474.0,807.0)
(435.0,807.0)
(427.0,807.0)
(474.0,807.0)
(474.0,807.0)
(786.0,807.0)
(475.0,807.0)
(474.0,807.0)
(481.0,807.0)
(421.0,807.0)
(474.0,807.0)
(807.0,807.0)
(474.0,807.0)
(474.0,807.0)
(786.0,807.0)
(474.0,807.0)
(807.0,807.0)
(455.0,807.0)
(474.0,807.0)
(807.0,807.0)
(371.0,807.0)
(475.0,807.0)
(474.0,807.0)
(786.0,807.0)
(807.0,807.0)
(474.0,807.0)
(474.0,807.0)
(435.0,807.0)
(474.0,807.0)
(475.0,807.0)
(786.0,808.0)
(474.0,808.0)
(809.0,808.0)
(743.0,808.0)
(472.0,808.0)
(743.0,808.0)
(809.0,808.0)
(470.0,808.0)
(362.0,808.0)
(417.0,808.0)
(743.0,808.0)
(417.0,808.0)
(376.0,808.0)
(809.0,808.0)
(462.0,808.0)
(786.0,808.0)
(743.0,808.0)
(743.0,808.0)
(474.0,808.0)
(470.0,808.0)
(474.0,808.0)
(743.0,808.0)
(455.0,808.0)
(362.0,808.0)
(480.0,808.0)
(406.0,808.0)
(786.0,808.0)
(426.0,808.0)
(455.0,808.0)
(807.0,808.0)
(417.0,808.0)
(413.0,808.0)
(807.0,808.0)
(786.0,808.0)
(455.0,808.0)
(372.0,808.0)
(474.0,808.0)
(417.0,808.0)
(474.0,808.0)
(435.0,808.0)
(807.0,808.0)
(743.0,808.0)
(362.0,808.0)
(474.0,808.0)
(417.0,808.0)
(362.0,808.0)
(417.0,808.0)
(472.0,808.0)
(417.0,808.0)
(417.0,808.0)
(474.0,808.0)
(743.0,808.0)
(417.0,808.0)
(362.0,808.0)
(475.0,808.0)
(455.0,808.0)
(417.0,808.0)
(743.0,808.0)
(455.0,808.0)
(474.0,808.0)
(807.0,808.0)
(474.0,808.0)
(417.0,808.0)
(474.0,808.0)
(417.0,808.0)
(417.0,808.0)
(474.0,808.0)
(366.0,808.0)
(362.0,808.0)
(807.0,808.0)
(417.0,808.0)
(413.0,808.0)
(417.0,808.0)
(743.0,808.0)
(417.0,808.0)
(807.0,808.0)
(751.0,808.0)
(479.0,808.0)
(417.0,808.0)
(808.0,808.0)
(743.0,808.0)
(743.0,808.0)
(417.0,808.0)
(786.0,808.0)
(417.0,808.0)
(417.0,808.0)
(483.0,808.0)
(809.0,808.0)
(755.0,808.0)
(755.0,808.0)
(755.0,808.0)
(363.0,808.0)
(808.0,808.0)
(474.0,808.0)
(417.0,808.0)
(417.0,808.0)
(474.0,808.0)
(470.0,808.0)
(417.0,808.0)
(362.0,808.0)
(755.0,808.0)
(483.0,808.0)
(417.0,808.0)
(480.0,808.0)
(462.0,808.0)
(417.0,808.0)
(474.0,808.0)
(474.0,808.0)
(809.0,808.0)
(809.0,808.0)
(743.0,808.0)
(454.0,808.0)
(417.0,808.0)
(363.0,808.0)
(743.0,808.0)
(743.0,808.0)
(483.0,808.0)
(743.0,808.0)
(474.0,808.0)
(786.0,808.0)
(786.0,808.0)
(396.0,808.0)
(808.0,808.0)
(474.0,808.0)
(417.0,808.0)
(743.0,808.0)
(479.0,808.0)
(471.0,808.0)
(474.0,808.0)
(515.0,808.0)
(417.0,808.0)
(786.0,808.0)
(755.0,808.0)
(474.0,808.0)
(435.0,808.0)
(809.0,808.0)
(808.0,808.0)
(787.0,808.0)
(462.0,808.0)
(743.0,808.0)
(743.0,808.0)
(363.0,808.0)
(362.0,808.0)
(417.0,808.0)
(435.0,808.0)
(755.0,808.0)
(807.0,808.0)
(473.0,808.0)
(363.0,808.0)
(472.0,808.0)
(743.0,808.0)
(474.0,808.0)
(809.0,808.0)
(472.0,808.0)
(786.0,808.0)
(743.0,808.0)
(362.0,808.0)
(743.0,808.0)
(743.0,808.0)
(417.0,808.0)
(417.0,808.0)
(413.0,808.0)
(786.0,808.0)
(417.0,808.0)
(743.0,808.0)
(755.0,808.0)
(475.0,808.0)
(809.0,808.0)
(417.0,808.0)
(743.0,808.0)
(743.0,808.0)
(786.0,808.0)
(426.0,808.0)
(474.0,808.0)
(809.0,808.0)
(809.0,808.0)
(786.0,808.0)
(743.0,808.0)
(755.0,808.0)
(474.0,808.0)
(743.0,808.0)
(809.0,808.0)
(807.0,808.0)
(809.0,808.0)
(417.0,808.0)
(387.0,808.0)
(786.0,808.0)
(417.0,808.0)
(376.0,808.0)
(455.0,808.0)
(743.0,808.0)
(435.0,808.0)
(786.0,808.0)
(474.0,808.0)
(417.0,808.0)
(743.0,808.0)
(809.0,809.0)
(475.0,809.0)
(809.0,809.0)
(360.0,809.0)
(479.0,809.0)
(810.0,809.0)
(757.0,809.0)
(810.0,809.0)
(757.0,809.0)
(387.0,809.0)
(475.0,809.0)
(757.0,809.0)
(475.0,809.0)
(440.0,809.0)
(757.0,809.0)
(368.0,809.0)
(757.0,809.0)
(757.0,809.0)
(475.0,809.0)
(475.0,809.0)
(354.0,809.0)
(354.0,809.0)
(447.0,809.0)
(475.0,809.0)
(475.0,809.0)
(757.0,809.0)
(757.0,809.0)
(757.0,809.0)
(435.0,809.0)
(756.0,809.0)
(809.0,809.0)
(757.0,809.0)
(757.0,809.0)
(475.0,809.0)
(475.0,809.0)
(475.0,809.0)
(479.0,809.0)
(809.0,809.0)
(475.0,809.0)
(809.0,809.0)
(440.0,809.0)
(757.0,809.0)
(483.0,809.0)
(809.0,809.0)
(757.0,809.0)
(475.0,809.0)
(809.0,809.0)
(743.0,809.0)
(475.0,809.0)
(757.0,809.0)
(475.0,809.0)
(412.0,809.0)
(475.0,809.0)
(757.0,809.0)
(757.0,809.0)
(417.0,809.0)
(809.0,809.0)
(354.0,809.0)
(757.0,809.0)
(475.0,809.0)
(757.0,809.0)
(757.0,809.0)
(809.0,809.0)
(475.0,809.0)
(475.0,809.0)
(757.0,809.0)
(757.0,809.0)
(475.0,809.0)
(475.0,809.0)
(809.0,809.0)
(757.0,809.0)
(475.0,809.0)
(757.0,809.0)
(483.0,809.0)
(409.0,809.0)
(757.0,809.0)
(475.0,809.0)
(809.0,809.0)
(475.0,809.0)
(440.0,809.0)
(448.0,809.0)
(757.0,809.0)
(757.0,809.0)
(757.0,809.0)
(757.0,809.0)
(757.0,809.0)
(757.0,809.0)
(447.0,809.0)
(475.0,809.0)
(360.0,809.0)
(475.0,809.0)
(479.0,809.0)
(479.0,809.0)
(809.0,809.0)
(757.0,809.0)
(757.0,809.0)
(757.0,809.0)
(757.0,809.0)
(757.0,809.0)
(757.0,809.0)
(757.0,809.0)
(757.0,809.0)
(757.0,809.0)
(757.0,809.0)
(475.0,809.0)
(757.0,809.0)
(757.0,809.0)
(810.0,809.0)
(467.0,809.0)
(475.0,809.0)
(757.0,809.0)
(757.0,809.0)
(475.0,809.0)
(475.0,809.0)
(757.0,809.0)
(757.0,809.0)
(757.0,809.0)
(479.0,809.0)
(757.0,809.0)
(482.0,809.0)
(757.0,809.0)
(757.0,809.0)
(475.0,809.0)
(475.0,809.0)
(474.0,809.0)
(757.0,809.0)
(475.0,809.0)
(809.0,809.0)
(757.0,809.0)
(757.0,809.0)
(757.0,809.0)
(757.0,809.0)
(475.0,809.0)
(757.0,809.0)
(809.0,809.0)
(757.0,809.0)
(757.0,809.0)
(479.0,809.0)
(757.0,809.0)
(754.0,809.0)
(475.0,809.0)
(479.0,809.0)
(757.0,809.0)
(757.0,809.0)
(809.0,809.0)
(475.0,809.0)
(757.0,809.0)
(354.0,809.0)
(475.0,809.0)
(757.0,809.0)
(475.0,809.0)
(809.0,809.0)
(757.0,809.0)
(757.0,809.0)
(757.0,809.0)
(757.0,809.0)
(323.0,809.0)
(475.0,809.0)
(757.0,809.0)
(475.0,809.0)
(809.0,809.0)
(757.0,809.0)
(757.0,809.0)
(475.0,809.0)
(757.0,809.0)
(475.0,809.0)
(809.0,809.0)
(475.0,809.0)
(440.0,809.0)
(459.0,809.0)
(757.0,809.0)
(757.0,809.0)
(810.0,809.0)
(809.0,809.0)
(475.0,809.0)
(757.0,809.0)
(354.0,809.0)
(757.0,809.0)
(474.0,809.0)
(367.0,809.0)
(757.0,809.0)
(809.0,809.0)
(440.0,809.0)
(482.0,809.0)
(475.0,809.0)
(757.0,809.0)
(809.0,809.0)
(475.0,809.0)
(810.0,809.0)
(757.0,809.0)
(757.0,809.0)
(809.0,809.0)
(757.0,809.0)
(757.0,809.0)
(459.0,809.0)
(757.0,809.0)
(475.0,809.0)
(475.0,809.0)
(475.0,809.0)
(475.0,809.0)
(475.0,809.0)
(475.0,809.0)
(475.0,809.0)
(475.0,809.0)
(475.0,809.0)
(379.0,809.0)
(475.0,809.0)
(771.0,809.0)
(809.0,809.0)
(475.0,809.0)
(810.0,809.0)
(810.0,809.0)
(809.0,809.0)
(809.0,809.0)
(475.0,809.0)
(475.0,809.0)
(475.0,809.0)
(475.0,809.0)
(475.0,809.0)
(475.0,809.0)
(809.0,809.0)
(475.0,809.0)
(475.0,809.0)
(475.0,809.0)
(417.0,809.0)
(475.0,809.0)
(475.0,809.0)
(475.0,809.0)
(475.0,809.0)
(475.0,809.0)
(475.0,809.0)
(475.0,809.0)
(475.0,809.0)
(475.0,809.0)
(475.0,809.0)
(475.0,809.0)
(809.0,809.0)
(475.0,809.0)
(475.0,809.0)
(475.0,809.0)
(475.0,809.0)
(809.0,809.0)
(475.0,809.0)
(475.0,809.0)
(475.0,809.0)
(475.0,809.0)
(475.0,809.0)
(475.0,809.0)
(810.0,809.0)
(810.0,809.0)
(475.0,809.0)
(809.0,809.0)
(475.0,809.0)
(810.0,809.0)
(809.0,809.0)
(475.0,809.0)
(475.0,809.0)
(808.0,809.0)
(475.0,809.0)
(475.0,809.0)
(475.0,809.0)
(475.0,809.0)
(475.0,809.0)
(475.0,809.0)
(475.0,809.0)
(471.0,809.0)
(475.0,809.0)
(475.0,809.0)
(809.0,809.0)
(475.0,809.0)
(809.0,809.0)
(475.0,809.0)
(475.0,809.0)
(447.0,809.0)
(475.0,809.0)
(475.0,809.0)
(809.0,809.0)
(475.0,809.0)
(475.0,809.0)
(475.0,809.0)
(809.0,809.0)
(475.0,809.0)
(475.0,809.0)
(810.0,809.0)
(757.0,809.0)
(475.0,809.0)
(475.0,809.0)
(475.0,809.0)
(475.0,809.0)
(475.0,809.0)
(475.0,809.0)
(475.0,809.0)
(475.0,809.0)
(475.0,809.0)
(809.0,809.0)
(475.0,809.0)
(475.0,809.0)
(471.0,809.0)
(475.0,809.0)
(475.0,809.0)
(475.0,809.0)
(475.0,809.0)
(475.0,809.0)
(475.0,809.0)
(810.0,809.0)
(475.0,809.0)
(475.0,809.0)
(417.0,809.0)
(809.0,809.0)
(475.0,809.0)
(475.0,809.0)
(475.0,809.0)
(809.0,809.0)
(475.0,809.0)
(475.0,809.0)
(475.0,809.0)
(475.0,809.0)
(809.0,809.0)
(475.0,809.0)
(475.0,809.0)
(475.0,809.0)
(475.0,809.0)
(475.0,809.0)
(475.0,809.0)
(809.0,809.0)
(475.0,809.0)
(791.0,809.0)
(475.0,809.0)
(475.0,809.0)
(475.0,809.0)
(475.0,809.0)
(475.0,809.0)
(475.0,809.0)
(417.0,809.0)
(475.0,809.0)
(756.0,809.0)
(475.0,809.0)
(475.0,809.0)
(810.0,809.0)
(475.0,809.0)
(757.0,809.0)
(475.0,809.0)
(475.0,809.0)
(475.0,809.0)
(475.0,809.0)
(475.0,809.0)
(475.0,809.0)
(475.0,809.0)
(475.0,809.0)
(809.0,809.0)
(475.0,809.0)
(475.0,809.0)
(475.0,809.0)
(387.0,809.0)
(475.0,809.0)
(475.0,809.0)
(475.0,809.0)
(475.0,809.0)
(475.0,809.0)
(475.0,809.0)
(475.0,809.0)
(475.0,809.0)
(475.0,809.0)
(475.0,809.0)
(475.0,809.0)
(809.0,809.0)
(810.0,809.0)
(475.0,809.0)
(475.0,809.0)
(475.0,809.0)
(810.0,809.0)
(475.0,809.0)
(757.0,809.0)
(809.0,809.0)
(475.0,809.0)
(475.0,809.0)
(475.0,809.0)
(475.0,809.0)
(475.0,809.0)
(475.0,809.0)
(475.0,809.0)
(475.0,809.0)
(475.0,809.0)
(475.0,809.0)
(809.0,809.0)
(475.0,809.0)
(810.0,809.0)
(475.0,809.0)
(475.0,809.0)
(475.0,809.0)
(475.0,809.0)
(475.0,809.0)
(475.0,809.0)
(475.0,809.0)
(387.0,809.0)
(809.0,809.0)
(421.0,809.0)
(475.0,809.0)
(475.0,809.0)
(475.0,809.0)
(475.0,809.0)
(475.0,809.0)
(475.0,809.0)
(475.0,809.0)
(475.0,809.0)
(475.0,809.0)
(809.0,809.0)
(471.0,809.0)
(475.0,809.0)
(475.0,809.0)
(475.0,809.0)
(475.0,809.0)
(810.0,809.0)
(475.0,809.0)
(475.0,809.0)
(475.0,809.0)
(475.0,809.0)
(475.0,809.0)
(810.0,809.0)
(475.0,809.0)
(757.0,809.0)
(475.0,809.0)
(475.0,809.0)
(475.0,809.0)
(475.0,809.0)
(475.0,809.0)
(475.0,809.0)
(475.0,809.0)
(475.0,809.0)
(475.0,809.0)
(809.0,809.0)
(475.0,809.0)
(475.0,809.0)
(475.0,809.0)
(475.0,809.0)
(475.0,809.0)
(475.0,809.0)
(810.0,809.0)
(810.0,809.0)
(475.0,809.0)
(475.0,809.0)
(475.0,809.0)
(475.0,809.0)
(475.0,809.0)
(475.0,809.0)
(475.0,809.0)
(809.0,809.0)
(475.0,809.0)
(387.0,809.0)
(475.0,809.0)
(475.0,809.0)
(475.0,809.0)
(475.0,809.0)
(475.0,809.0)
(459.0,809.0)
(475.0,809.0)
(475.0,809.0)
(479.0,809.0)
(475.0,809.0)
(809.0,809.0)
(380.0,809.0)
(809.0,809.0)
(448.0,809.0)
(475.0,809.0)
(475.0,809.0)
(809.0,809.0)
(475.0,809.0)
(475.0,809.0)
(475.0,809.0)
(475.0,809.0)
(475.0,809.0)
(475.0,809.0)
(475.0,809.0)
(475.0,809.0)
(471.0,809.0)
(475.0,809.0)
(475.0,809.0)
(380.0,809.0)
(475.0,809.0)
(475.0,809.0)
(809.0,809.0)
(475.0,809.0)
(475.0,809.0)
(475.0,809.0)
(475.0,809.0)
(475.0,809.0)
(475.0,809.0)
(475.0,809.0)
(475.0,809.0)
(475.0,809.0)
(809.0,809.0)
(809.0,809.0)
(475.0,809.0)
(382.0,809.0)
(475.0,809.0)
(475.0,809.0)
(809.0,809.0)
(809.0,809.0)
(475.0,809.0)
(475.0,809.0)
(596.0,809.0)
(475.0,809.0)
(809.0,809.0)
(475.0,809.0)
(475.0,809.0)
(475.0,809.0)
(475.0,809.0)
(475.0,809.0)
(475.0,809.0)
(475.0,809.0)
(475.0,809.0)
(475.0,809.0)
(475.0,809.0)
(475.0,809.0)
(475.0,809.0)
(475.0,809.0)
(475.0,809.0)
(475.0,809.0)
(756.0,809.0)
(475.0,809.0)
(475.0,809.0)
(475.0,809.0)
(417.0,809.0)
(475.0,809.0)
(475.0,809.0)
(756.0,809.0)
(475.0,809.0)
(810.0,809.0)
(809.0,809.0)
(475.0,809.0)
(479.0,809.0)
(475.0,809.0)
(475.0,809.0)
(475.0,809.0)
(809.0,809.0)
(475.0,809.0)
(350.0,809.0)
(475.0,809.0)
(475.0,809.0)
(791.0,809.0)
(475.0,809.0)
(475.0,809.0)
(475.0,809.0)
(475.0,809.0)
(809.0,809.0)
(408.0,809.0)
(483.0,809.0)
(475.0,809.0)
(475.0,809.0)
(809.0,809.0)
(475.0,809.0)
(475.0,809.0)
(475.0,809.0)
(475.0,809.0)
(455.0,809.0)
(475.0,809.0)
(809.0,809.0)
(475.0,809.0)
(475.0,809.0)
(475.0,809.0)
(475.0,809.0)
(475.0,809.0)
(475.0,809.0)
(475.0,809.0)
(810.0,809.0)
(475.0,809.0)
(475.0,809.0)
(475.0,809.0)
(475.0,809.0)
(475.0,809.0)
(475.0,809.0)
(475.0,809.0)
(379.0,809.0)
(757.0,809.0)
(809.0,809.0)
(475.0,809.0)
(475.0,809.0)
(475.0,809.0)
(475.0,809.0)
(476.0,809.0)
(475.0,809.0)
(475.0,809.0)
(475.0,809.0)
(475.0,809.0)
(475.0,809.0)
(809.0,809.0)
(475.0,809.0)
(475.0,809.0)
(459.0,809.0)
(770.0,810.0)
(479.0,810.0)
(457.0,810.0)
(770.0,810.0)
(770.0,810.0)
(409.0,810.0)
(475.0,810.0)
(790.0,810.0)
(809.0,810.0)
(810.0,810.0)
(447.0,810.0)
(475.0,810.0)
(475.0,810.0)
(475.0,810.0)
(475.0,810.0)
(475.0,810.0)
(475.0,810.0)
(475.0,810.0)
(475.0,810.0)
(479.0,810.0)
(475.0,810.0)
(810.0,810.0)
(475.0,810.0)
(479.0,810.0)
(789.0,810.0)
(479.0,810.0)
(412.0,810.0)
(475.0,810.0)
(475.0,810.0)
(483.0,810.0)
(483.0,810.0)
(475.0,810.0)
(479.0,810.0)
(475.0,810.0)
(475.0,810.0)
(475.0,810.0)
(475.0,810.0)
(475.0,810.0)
(479.0,810.0)
(483.0,810.0)
(479.0,810.0)
(475.0,810.0)
(475.0,810.0)
(483.0,810.0)
(809.0,810.0)
(479.0,810.0)
(475.0,810.0)
(475.0,810.0)
(483.0,810.0)
(447.0,810.0)
(479.0,810.0)
(447.0,810.0)
(475.0,810.0)
(483.0,810.0)
(475.0,810.0)
(475.0,810.0)
(417.0,810.0)
(475.0,810.0)
(475.0,810.0)
(810.0,810.0)
(475.0,810.0)
(475.0,810.0)
(475.0,810.0)
(447.0,810.0)
(475.0,810.0)
(475.0,810.0)
(483.0,810.0)
(483.0,810.0)
(475.0,810.0)
(757.0,810.0)
(475.0,810.0)
(479.0,810.0)
(482.0,810.0)
(483.0,810.0)
(475.0,810.0)
(475.0,810.0)
(382.0,810.0)
(475.0,810.0)
(475.0,810.0)
(475.0,810.0)
(475.0,810.0)
(475.0,810.0)
(447.0,810.0)
(483.0,810.0)
(809.0,810.0)
(475.0,810.0)
(482.0,810.0)
(483.0,810.0)
(475.0,810.0)
(483.0,810.0)
(459.0,810.0)
(471.0,810.0)
(417.0,810.0)
(770.0,810.0)
(482.0,810.0)
(475.0,810.0)
(409.0,810.0)
(447.0,810.0)
(809.0,810.0)
(483.0,810.0)
(787.0,810.0)
(479.0,810.0)
(483.0,810.0)
(447.0,810.0)
(479.0,810.0)
(770.0,810.0)
(475.0,810.0)
(475.0,810.0)
(475.0,810.0)
(754.0,810.0)
(475.0,810.0)
(479.0,810.0)
(475.0,810.0)
(475.0,810.0)
(479.0,810.0)
(406.0,810.0)
(475.0,810.0)
(483.0,810.0)
(483.0,810.0)
(475.0,810.0)
(475.0,810.0)
(475.0,810.0)
(483.0,810.0)
(483.0,810.0)
(475.0,810.0)
(475.0,810.0)
(475.0,810.0)
(475.0,810.0)
(475.0,810.0)
(475.0,810.0)
(475.0,810.0)
(475.0,810.0)
(479.0,810.0)
(475.0,810.0)
(475.0,810.0)
(475.0,810.0)
(483.0,810.0)
(475.0,810.0)
(417.0,810.0)
(770.0,810.0)
(475.0,810.0)
(475.0,810.0)
(483.0,810.0)
(483.0,810.0)
(475.0,810.0)
(483.0,810.0)
(810.0,810.0)
(483.0,810.0)
(417.0,810.0)
(475.0,810.0)
(810.0,810.0)
(479.0,810.0)
(475.0,810.0)
(475.0,810.0)
(475.0,810.0)
(479.0,810.0)
(483.0,810.0)
(757.0,810.0)
(475.0,810.0)
(483.0,810.0)
(483.0,810.0)
(483.0,810.0)
(382.0,810.0)
(475.0,810.0)
(483.0,810.0)
(475.0,810.0)
(482.0,810.0)
(757.0,810.0)
(475.0,810.0)
(475.0,810.0)
(475.0,810.0)
(471.0,810.0)
(475.0,810.0)
(475.0,810.0)
(475.0,810.0)
(417.0,810.0)
(475.0,810.0)
(475.0,810.0)
(483.0,810.0)
(475.0,810.0)
(475.0,810.0)
(483.0,810.0)
(475.0,810.0)
(475.0,810.0)
(483.0,810.0)
(475.0,810.0)
(366.0,810.0)
(475.0,810.0)
(475.0,810.0)
(475.0,810.0)
(475.0,810.0)
(475.0,810.0)
(809.0,810.0)
(483.0,810.0)
(475.0,810.0)
(483.0,810.0)
(475.0,810.0)
(475.0,810.0)
(475.0,810.0)
(482.0,483.0)
(455.0,483.0)
(474.0,483.0)
(482.0,483.0)
(483.0,483.0)
(474.0,483.0)
(483.0,483.0)
(471.0,483.0)
(479.0,483.0)
(474.0,483.0)
(479.0,483.0)
(483.0,483.0)
(482.0,483.0)
(483.0,483.0)
(482.0,483.0)
(482.0,483.0)
(479.0,483.0)
(479.0,483.0)
(474.0,483.0)
(474.0,483.0)
(479.0,483.0)
(483.0,483.0)
(455.0,483.0)
(481.0,483.0)
(479.0,483.0)
(447.0,483.0)
(435.0,483.0)
(447.0,483.0)
(755.0,483.0)
(483.0,483.0)
(483.0,483.0)
(435.0,483.0)
(479.0,483.0)
(483.0,483.0)
(483.0,483.0)
(362.0,483.0)
(483.0,483.0)
(482.0,483.0)
(479.0,483.0)
(482.0,483.0)
(474.0,483.0)
(482.0,483.0)
(474.0,483.0)
(483.0,483.0)
(479.0,483.0)
(471.0,483.0)
(482.0,483.0)
(455.0,483.0)
(479.0,483.0)
(455.0,483.0)
(471.0,483.0)
(455.0,483.0)
(455.0,483.0)
(743.0,483.0)
(455.0,483.0)
(483.0,483.0)
(483.0,483.0)
(481.0,483.0)
(482.0,483.0)
(479.0,483.0)
(483.0,483.0)
(474.0,483.0)
(455.0,483.0)
(471.0,483.0)
(455.0,483.0)
(455.0,483.0)
(482.0,483.0)
(417.0,483.0)
(483.0,483.0)
(483.0,483.0)
(455.0,483.0)
(479.0,483.0)
(474.0,483.0)
(474.0,483.0)
(479.0,483.0)
(483.0,483.0)
(482.0,483.0)
(471.0,483.0)
(471.0,483.0)
(455.0,483.0)
(447.0,483.0)
(479.0,483.0)
(455.0,483.0)
(755.0,483.0)
(483.0,483.0)
(482.0,483.0)
(479.0,483.0)
(481.0,483.0)
(479.0,483.0)
(455.0,483.0)
(455.0,483.0)
(368.0,483.0)
(482.0,483.0)
(483.0,483.0)
(474.0,483.0)
(481.0,483.0)
(482.0,483.0)
(804.0,483.0)
(479.0,483.0)
(471.0,483.0)
(479.0,483.0)
(354.0,483.0)
(482.0,483.0)
(482.0,483.0)
(482.0,483.0)
(474.0,483.0)
(483.0,483.0)
(482.0,483.0)
(455.0,483.0)
(471.0,483.0)
(474.0,483.0)
(482.0,483.0)
(479.0,483.0)
(481.0,483.0)
(455.0,483.0)
(483.0,483.0)
(455.0,483.0)
(480.0,483.0)
(809.0,483.0)
(479.0,483.0)
(482.0,483.0)
(483.0,483.0)
(474.0,483.0)
(482.0,483.0)
(479.0,483.0)
(482.0,483.0)
(809.0,483.0)
(479.0,483.0)
(481.0,483.0)
(455.0,483.0)
(483.0,483.0)
(481.0,483.0)
(482.0,483.0)
(482.0,483.0)
(483.0,483.0)
(471.0,483.0)
(474.0,483.0)
(482.0,483.0)
(482.0,483.0)
(471.0,483.0)
(471.0,483.0)
(479.0,483.0)
(482.0,483.0)
(483.0,483.0)
(483.0,483.0)
(481.0,483.0)
(481.0,483.0)
(455.0,483.0)
(481.0,483.0)
(482.0,483.0)
(481.0,483.0)
(479.0,483.0)
(474.0,483.0)
(455.0,483.0)
(482.0,483.0)
(482.0,483.0)
(455.0,483.0)
(455.0,483.0)
(743.0,483.0)
(481.0,483.0)
(483.0,483.0)
(482.0,483.0)
(482.0,483.0)
(481.0,483.0)
(455.0,483.0)
(471.0,483.0)
(455.0,483.0)
(455.0,483.0)
(474.0,483.0)
(455.0,483.0)
(455.0,483.0)
(455.0,483.0)
(474.0,483.0)
(471.0,483.0)
(481.0,483.0)
(479.0,483.0)
(471.0,483.0)
(483.0,483.0)
(483.0,483.0)
(481.0,483.0)
(474.0,483.0)
(482.0,483.0)
(481.0,483.0)
(480.0,483.0)
(482.0,483.0)
(455.0,483.0)
(474.0,483.0)
(472.0,483.0)
(479.0,483.0)
(455.0,483.0)
(479.0,483.0)
(455.0,483.0)
(481.0,483.0)
(483.0,483.0)
(481.0,483.0)
(483.0,483.0)
(479.0,483.0)
(482.0,483.0)
(479.0,483.0)
(475.0,475.0)
(475.0,475.0)
(479.0,475.0)
(475.0,475.0)
(459.0,475.0)
(459.0,475.0)
(475.0,475.0)
(459.0,475.0)
(785.0,475.0)
(447.0,475.0)
(475.0,475.0)
(426.0,475.0)
(475.0,475.0)
(447.0,475.0)
(810.0,475.0)
(475.0,475.0)
(475.0,475.0)
(459.0,475.0)
(447.0,475.0)
(475.0,475.0)
(475.0,475.0)
(459.0,475.0)
(377.0,475.0)
(475.0,475.0)
(447.0,475.0)
(809.0,475.0)
(447.0,475.0)
(459.0,475.0)
(459.0,475.0)
(806.0,475.0)
(479.0,475.0)
(366.0,475.0)
(475.0,475.0)
(475.0,475.0)
(475.0,475.0)
(459.0,475.0)
(475.0,475.0)
(447.0,475.0)
(482.0,475.0)
(459.0,475.0)
(475.0,475.0)
(459.0,475.0)
(447.0,475.0)
(785.0,475.0)
(475.0,475.0)
(459.0,475.0)
(475.0,475.0)
(482.0,475.0)
(459.0,475.0)
(475.0,475.0)
(471.0,475.0)
(475.0,475.0)
(447.0,475.0)
(475.0,475.0)
(471.0,475.0)
(810.0,475.0)
(447.0,475.0)
(479.0,475.0)
(435.0,475.0)
(475.0,475.0)
(475.0,475.0)
(475.0,475.0)
(475.0,475.0)
(475.0,475.0)
(406.0,475.0)
(475.0,475.0)
(447.0,475.0)
(475.0,475.0)
(471.0,475.0)
(809.0,475.0)
(471.0,475.0)
(459.0,475.0)
(377.0,475.0)
(475.0,475.0)
(785.0,475.0)
(475.0,475.0)
(475.0,475.0)
(475.0,475.0)
(475.0,475.0)
(475.0,475.0)
(475.0,475.0)
(447.0,475.0)
(417.0,475.0)
(482.0,475.0)
(475.0,475.0)
(471.0,475.0)
(475.0,475.0)
(459.0,475.0)
(499.0,475.0)
(475.0,475.0)
(475.0,475.0)
(479.0,475.0)
(459.0,475.0)
(471.0,475.0)
(475.0,475.0)
(475.0,475.0)
(475.0,475.0)
(475.0,475.0)
(482.0,475.0)
(475.0,475.0)
(475.0,475.0)
(459.0,475.0)
(483.0,475.0)
(447.0,475.0)
(447.0,475.0)
(475.0,475.0)
(459.0,475.0)
(475.0,475.0)
(387.0,475.0)
(810.0,475.0)
(810.0,475.0)
(475.0,475.0)
(475.0,475.0)
(442.0,475.0)
(475.0,475.0)
(475.0,475.0)
(459.0,475.0)
(475.0,475.0)
(482.0,475.0)
(471.0,475.0)
(377.0,475.0)
(459.0,475.0)
(475.0,475.0)
(459.0,475.0)
(370.0,475.0)
(459.0,475.0)
(459.0,475.0)
(459.0,475.0)
(475.0,475.0)
(447.0,475.0)
(471.0,475.0)
(475.0,475.0)
(475.0,475.0)
(475.0,475.0)
(447.0,475.0)
(459.0,475.0)
(471.0,475.0)
(475.0,475.0)
(809.0,475.0)
(785.0,475.0)
(475.0,475.0)
(455.0,475.0)
(483.0,475.0)
(459.0,475.0)
(475.0,475.0)
(475.0,475.0)
(475.0,475.0)
(810.0,475.0)
(475.0,475.0)
(475.0,475.0)
(475.0,475.0)
(459.0,475.0)
(475.0,475.0)
(474.0,475.0)
(475.0,475.0)
(475.0,475.0)
(475.0,475.0)
(370.0,475.0)
(475.0,475.0)
(474.0,475.0)
(447.0,475.0)
(475.0,475.0)
(447.0,475.0)
(459.0,475.0)
(475.0,475.0)
(459.0,475.0)
(459.0,475.0)
(475.0,475.0)
(475.0,475.0)
(459.0,475.0)
(475.0,475.0)
(475.0,475.0)
(785.0,475.0)
(459.0,475.0)
(447.0,475.0)
(475.0,475.0)
(382.0,475.0)
(475.0,475.0)
(475.0,475.0)
(447.0,475.0)
(475.0,475.0)
(459.0,475.0)
(475.0,475.0)
(475.0,475.0)
(479.0,475.0)
(475.0,475.0)
(459.0,475.0)
(475.0,475.0)
(806.0,475.0)
(368.0,475.0)
(475.0,475.0)
(475.0,475.0)
(447.0,475.0)
(475.0,475.0)
(475.0,475.0)
(459.0,475.0)
(475.0,475.0)
(447.0,475.0)
(475.0,475.0)
(459.0,475.0)
(447.0,475.0)
(475.0,475.0)
(475.0,475.0)
(475.0,475.0)
(459.0,475.0)
(459.0,475.0)
(447.0,475.0)
(475.0,475.0)
(475.0,475.0)
(459.0,475.0)
(447.0,475.0)
(459.0,475.0)
(475.0,475.0)
(447.0,475.0)
(447.0,475.0)
(441.0,475.0)
(459.0,475.0)
(804.0,475.0)
(447.0,475.0)
(459.0,475.0)
(474.0,475.0)
(354.0,475.0)
(447.0,475.0)
(459.0,475.0)
(447.0,475.0)
(447.0,475.0)
(457.0,475.0)
(475.0,475.0)
(447.0,475.0)
(471.0,475.0)
(421.0,475.0)
(475.0,475.0)
(447.0,475.0)
(447.0,475.0)
(459.0,475.0)
(459.0,475.0)
(447.0,475.0)
(447.0,475.0)
(475.0,475.0)
(459.0,475.0)
(447.0,475.0)
(447.0,475.0)
(447.0,475.0)
(475.0,475.0)
(459.0,475.0)
(447.0,475.0)
(459.0,475.0)
(475.0,475.0)
(471.0,475.0)
(459.0,475.0)
(459.0,475.0)
(447.0,475.0)
(459.0,475.0)
(471.0,475.0)
(805.0,475.0)
(413.0,475.0)
(447.0,475.0)
(459.0,475.0)
(471.0,475.0)
(459.0,475.0)
(406.0,475.0)
(475.0,475.0)
(447.0,475.0)
(802.0,475.0)
(459.0,475.0)
(475.0,475.0)
(447.0,475.0)
(472.0,475.0)
(459.0,475.0)
(447.0,475.0)
(447.0,475.0)
(417.0,475.0)
(447.0,475.0)
(447.0,475.0)
(802.0,475.0)
(739.0,475.0)
(369.0,475.0)
(475.0,475.0)
(447.0,475.0)
(474.0,475.0)
(475.0,475.0)
(459.0,475.0)
(447.0,475.0)
(455.0,475.0)
(475.0,475.0)
(789.0,475.0)
(447.0,475.0)
(475.0,475.0)
(447.0,475.0)
(475.0,475.0)
(474.0,475.0)
(482.0,475.0)
(459.0,475.0)
(455.0,475.0)
(447.0,475.0)
(475.0,475.0)
(447.0,475.0)
(475.0,475.0)
(447.0,475.0)
(475.0,475.0)
(459.0,475.0)
(459.0,475.0)
(459.0,475.0)
(447.0,475.0)
(447.0,475.0)
(447.0,475.0)
(459.0,475.0)
(475.0,475.0)
(459.0,475.0)
(447.0,475.0)
(455.0,475.0)
(471.0,475.0)
(377.0,475.0)
