(809.0,361.0)
(746.0,361.0)
(473.0,361.0)
(368.0,361.0)
(809.0,361.0)
(746.0,361.0)
(809.0,361.0)
(473.0,361.0)
(809.0,361.0)
(746.0,361.0)
(809.0,361.0)
(809.0,361.0)
(417.0,361.0)
(143.0,361.0)
(809.0,361.0)
(435.0,361.0)
(808.0,361.0)
(435.0,361.0)
(746.0,361.0)
(809.0,361.0)
(746.0,361.0)
(746.0,361.0)
(435.0,361.0)
(435.0,361.0)
(809.0,361.0)
(809.0,361.0)
(435.0,361.0)
(435.0,361.0)
(809.0,361.0)
(809.0,361.0)
(809.0,361.0)
(475.0,361.0)
(746.0,361.0)
(746.0,361.0)
(809.0,361.0)
(435.0,361.0)
(809.0,361.0)
(475.0,361.0)
(809.0,361.0)
(746.0,361.0)
(809.0,361.0)
(435.0,361.0)
(746.0,361.0)
(746.0,361.0)
(746.0,361.0)
(809.0,361.0)
(475.0,361.0)
(746.0,361.0)
(746.0,361.0)
(746.0,361.0)
(809.0,361.0)
(746.0,361.0)
(808.0,361.0)
(361.0,361.0)
(746.0,361.0)
(809.0,361.0)
(435.0,361.0)
(746.0,361.0)
(809.0,361.0)
(809.0,361.0)
(417.0,361.0)
(354.0,361.0)
(746.0,361.0)
(435.0,361.0)
(746.0,361.0)
(435.0,361.0)
(435.0,361.0)
(435.0,361.0)
(809.0,361.0)
(809.0,361.0)
(746.0,361.0)
(435.0,361.0)
(435.0,361.0)
(746.0,361.0)
(417.0,361.0)
(361.0,361.0)
(754.0,361.0)
(809.0,361.0)
(475.0,361.0)
(746.0,361.0)
(417.0,361.0)
(404.0,361.0)
(809.0,361.0)
(746.0,361.0)
(755.0,361.0)
(435.0,361.0)
(479.0,361.0)
(435.0,361.0)
(809.0,361.0)
(809.0,361.0)
(809.0,361.0)
(809.0,361.0)
(809.0,361.0)
(809.0,361.0)
(809.0,361.0)
(809.0,361.0)
(809.0,361.0)
(362.0,361.0)
(362.0,361.0)
(362.0,361.0)
(435.0,361.0)
(361.0,361.0)
(362.0,361.0)
(362.0,361.0)
(435.0,361.0)
(746.0,361.0)
(362.0,361.0)
(809.0,361.0)
(362.0,361.0)
(809.0,361.0)
(435.0,361.0)
(739.0,361.0)
(362.0,361.0)
(362.0,361.0)
(755.0,361.0)
(809.0,361.0)
(435.0,361.0)
(435.0,361.0)
(362.0,361.0)
(809.0,361.0)
(435.0,361.0)
(809.0,361.0)
(755.0,361.0)
(746.0,361.0)
(435.0,361.0)
(809.0,361.0)
(362.0,361.0)
(376.0,361.0)
(809.0,361.0)
(740.0,361.0)
(417.0,361.0)
(809.0,361.0)
(809.0,361.0)
(435.0,361.0)
(743.0,361.0)
(362.0,361.0)
(809.0,361.0)
(809.0,361.0)
(809.0,361.0)
(809.0,361.0)
(362.0,361.0)
(362.0,361.0)
(809.0,361.0)
(362.0,361.0)
(362.0,361.0)
(362.0,361.0)
(809.0,361.0)
(743.0,361.0)
(361.0,361.0)
(809.0,361.0)
(362.0,361.0)
(754.0,361.0)
(809.0,361.0)
(755.0,361.0)
(809.0,361.0)
(809.0,361.0)
(809.0,361.0)
(809.0,361.0)
(809.0,361.0)
(809.0,361.0)
(809.0,361.0)
(809.0,361.0)
(746.0,361.0)
(809.0,361.0)
(743.0,361.0)
(362.0,361.0)
(435.0,361.0)
(362.0,361.0)
(362.0,361.0)
(809.0,361.0)
(435.0,361.0)
(755.0,361.0)
(362.0,361.0)
(809.0,361.0)
(362.0,361.0)
(362.0,361.0)
(362.0,361.0)
(435.0,361.0)
(361.0,361.0)
(809.0,361.0)
(435.0,361.0)
(362.0,361.0)
(413.0,361.0)
(362.0,361.0)
(362.0,361.0)
(435.0,361.0)
(376.0,361.0)
(747.0,361.0)
(809.0,361.0)
(743.0,361.0)
(435.0,361.0)
(362.0,361.0)
(809.0,361.0)
(369.0,361.0)
(474.0,361.0)
(435.0,361.0)
(362.0,361.0)
(809.0,361.0)
(755.0,361.0)
(435.0,361.0)
(435.0,361.0)
(809.0,361.0)
(435.0,361.0)
(809.0,361.0)
(362.0,361.0)
(751.0,361.0)
(362.0,361.0)
(809.0,361.0)
(755.0,361.0)
(809.0,361.0)
(809.0,361.0)
(447.0,361.0)
(362.0,361.0)
(809.0,361.0)
(362.0,361.0)
(361.0,361.0)
(362.0,361.0)
(362.0,361.0)
(362.0,361.0)
(362.0,361.0)
(743.0,361.0)
(809.0,361.0)
(809.0,361.0)
(362.0,361.0)
(435.0,361.0)
(809.0,361.0)
(362.0,361.0)
(362.0,361.0)
(366.0,361.0)
(362.0,361.0)
(809.0,361.0)
(809.0,361.0)
(435.0,361.0)
(809.0,361.0)
(747.0,361.0)
(435.0,361.0)
(435.0,361.0)
(809.0,361.0)
(362.0,361.0)
(739.0,361.0)
(809.0,361.0)
(747.0,361.0)
(809.0,361.0)
(809.0,361.0)
(362.0,361.0)
(362.0,361.0)
(435.0,361.0)
(743.0,361.0)
(362.0,361.0)
(361.0,361.0)
(362.0,361.0)
(435.0,361.0)
(362.0,361.0)
(809.0,361.0)
(809.0,361.0)
(755.0,361.0)
(362.0,361.0)
(809.0,361.0)
(809.0,361.0)
(809.0,361.0)
(435.0,361.0)
(809.0,361.0)
(376.0,361.0)
(809.0,361.0)
(362.0,361.0)
(809.0,361.0)
(362.0,361.0)
(362.0,361.0)
(362.0,361.0)
(809.0,361.0)
(362.0,361.0)
(809.0,361.0)
(809.0,361.0)
(362.0,361.0)
(474.0,361.0)
(478.0,361.0)
(362.0,361.0)
(376.0,361.0)
(809.0,361.0)
(362.0,361.0)
(809.0,361.0)
(362.0,361.0)
(751.0,361.0)
(809.0,361.0)
(809.0,361.0)
(376.0,361.0)
(809.0,361.0)
(755.0,361.0)
(747.0,361.0)
(809.0,361.0)
(362.0,361.0)
(362.0,361.0)
(809.0,361.0)
(755.0,361.0)
(362.0,361.0)
(809.0,361.0)
(739.0,361.0)
(809.0,361.0)
(809.0,361.0)
(743.0,361.0)
(809.0,361.0)
(809.0,361.0)
(362.0,361.0)
(362.0,361.0)
(362.0,361.0)
(809.0,361.0)
(362.0,361.0)
(809.0,361.0)
(755.0,361.0)
(376.0,361.0)
(809.0,361.0)
(362.0,361.0)
(362.0,361.0)
(376.0,361.0)
(809.0,361.0)
(435.0,361.0)
(362.0,361.0)
(362.0,361.0)
(362.0,361.0)
(755.0,361.0)
(809.0,361.0)
(809.0,361.0)
(786.0,361.0)
(809.0,361.0)
(362.0,361.0)
(362.0,361.0)
(362.0,361.0)
(362.0,361.0)
(809.0,361.0)
(747.0,361.0)
(755.0,361.0)
(362.0,361.0)
(809.0,361.0)
(362.0,361.0)
(743.0,361.0)
(755.0,361.0)
(362.0,361.0)
(361.0,361.0)
(362.0,361.0)
(376.0,361.0)
(361.0,361.0)
(362.0,361.0)
(362.0,361.0)
(809.0,361.0)
(809.0,361.0)
(751.0,361.0)
(755.0,361.0)
(751.0,361.0)
(362.0,361.0)
(362.0,361.0)
(809.0,361.0)
(362.0,361.0)
(362.0,361.0)
(435.0,361.0)
(362.0,361.0)
(362.0,361.0)
(362.0,361.0)
(809.0,361.0)
(809.0,361.0)
(362.0,361.0)
(435.0,361.0)
(809.0,361.0)
(499.0,361.0)
(809.0,361.0)
(362.0,361.0)
(755.0,361.0)
(362.0,361.0)
(362.0,361.0)
(376.0,361.0)
(362.0,361.0)
(809.0,361.0)
(809.0,361.0)
(809.0,361.0)
(362.0,361.0)
(755.0,361.0)
(362.0,361.0)
(362.0,361.0)
(809.0,361.0)
(747.0,361.0)
(809.0,361.0)
(755.0,361.0)
(809.0,361.0)
(786.0,361.0)
(809.0,361.0)
(809.0,361.0)
(362.0,361.0)
(362.0,361.0)
(809.0,361.0)
(362.0,361.0)
(751.0,361.0)
(362.0,361.0)
(746.0,361.0)
(809.0,361.0)
(809.0,361.0)
(362.0,361.0)
(473.0,361.0)
(362.0,361.0)
(362.0,361.0)
(473.0,361.0)
(809.0,361.0)
(755.0,361.0)
(362.0,361.0)
(435.0,361.0)
(809.0,361.0)
(362.0,361.0)
(754.0,361.0)
(809.0,361.0)
(755.0,361.0)
(754.0,361.0)
(362.0,361.0)
(362.0,361.0)
(362.0,361.0)
(809.0,361.0)
(755.0,361.0)
(809.0,361.0)
(755.0,361.0)
(362.0,361.0)
(776.0,361.0)
(746.0,361.0)
(755.0,361.0)
(475.0,361.0)
(362.0,361.0)
(362.0,361.0)
(362.0,361.0)
(809.0,361.0)
(809.0,361.0)
(747.0,361.0)
(480.0,361.0)
(362.0,361.0)
(362.0,361.0)
(755.0,361.0)
(809.0,361.0)
(746.0,361.0)
(809.0,361.0)
(755.0,361.0)
(362.0,361.0)
(809.0,361.0)
(362.0,361.0)
(362.0,361.0)
(739.0,361.0)
(809.0,361.0)
(746.0,361.0)
(809.0,361.0)
(755.0,361.0)
(362.0,361.0)
(809.0,361.0)
(809.0,361.0)
(362.0,361.0)
(362.0,361.0)
(38.0,361.0)
(755.0,361.0)
(755.0,361.0)
(754.0,361.0)
(362.0,361.0)
(362.0,361.0)
(435.0,361.0)
(809.0,361.0)
(362.0,361.0)
(362.0,361.0)
(809.0,361.0)
(809.0,361.0)
(362.0,361.0)
(809.0,361.0)
(435.0,361.0)
(809.0,361.0)
(809.0,361.0)
(435.0,361.0)
(435.0,361.0)
(362.0,361.0)
(447.0,361.0)
(755.0,361.0)
(746.0,361.0)
(809.0,361.0)
(362.0,361.0)
(435.0,361.0)
(809.0,361.0)
(809.0,361.0)
(435.0,361.0)
(754.0,361.0)
(474.0,362.0)
(417.0,362.0)
(474.0,362.0)
(481.0,362.0)
(483.0,362.0)
(474.0,362.0)
(455.0,362.0)
(474.0,362.0)
(474.0,362.0)
(743.0,362.0)
(481.0,362.0)
(474.0,362.0)
(474.0,362.0)
(481.0,362.0)
(474.0,362.0)
(417.0,362.0)
(474.0,362.0)
(362.0,362.0)
(474.0,362.0)
(362.0,362.0)
(482.0,362.0)
(474.0,362.0)
(474.0,362.0)
(743.0,362.0)
(481.0,362.0)
(362.0,362.0)
(481.0,362.0)
(455.0,362.0)
(474.0,362.0)
(474.0,362.0)
(743.0,362.0)
(362.0,362.0)
(474.0,362.0)
(474.0,362.0)
(362.0,362.0)
(474.0,362.0)
(474.0,362.0)
(363.0,362.0)
(474.0,362.0)
(743.0,362.0)
(362.0,362.0)
(474.0,362.0)
(417.0,362.0)
(474.0,362.0)
(362.0,362.0)
(474.0,362.0)
(474.0,362.0)
(417.0,362.0)
(362.0,362.0)
(474.0,362.0)
(481.0,362.0)
(481.0,362.0)
(474.0,362.0)
(474.0,362.0)
(362.0,362.0)
(474.0,362.0)
(435.0,362.0)
(474.0,362.0)
(455.0,362.0)
(447.0,362.0)
(474.0,362.0)
(474.0,362.0)
(435.0,362.0)
(362.0,362.0)
(474.0,362.0)
(474.0,362.0)
(474.0,362.0)
(435.0,362.0)
(362.0,362.0)
(362.0,362.0)
(362.0,362.0)
(743.0,362.0)
(474.0,362.0)
(474.0,362.0)
(474.0,362.0)
(474.0,362.0)
(474.0,362.0)
(362.0,362.0)
(474.0,362.0)
(743.0,362.0)
(474.0,362.0)
(435.0,362.0)
(362.0,362.0)
(474.0,362.0)
(474.0,362.0)
(474.0,362.0)
(481.0,362.0)
(481.0,362.0)
(480.0,362.0)
(474.0,362.0)
(474.0,362.0)
(481.0,362.0)
(362.0,362.0)
(362.0,362.0)
(474.0,362.0)
(481.0,362.0)
(362.0,362.0)
(474.0,362.0)
(417.0,362.0)
(474.0,362.0)
(362.0,362.0)
(474.0,362.0)
(474.0,362.0)
(474.0,362.0)
(362.0,362.0)
(362.0,362.0)
(474.0,362.0)
(474.0,362.0)
(363.0,362.0)
(474.0,362.0)
(474.0,362.0)
(474.0,362.0)
(362.0,362.0)
(474.0,362.0)
(474.0,362.0)
(474.0,362.0)
(474.0,362.0)
(474.0,362.0)
(435.0,362.0)
(435.0,362.0)
(474.0,362.0)
(474.0,362.0)
(435.0,362.0)
(474.0,362.0)
(435.0,362.0)
(435.0,362.0)
(474.0,362.0)
(362.0,362.0)
(362.0,362.0)
(474.0,362.0)
(362.0,362.0)
(474.0,362.0)
(474.0,362.0)
(362.0,362.0)
(362.0,362.0)
(481.0,362.0)
(363.0,362.0)
(362.0,362.0)
(474.0,362.0)
(362.0,362.0)
(362.0,362.0)
(474.0,362.0)
(474.0,362.0)
(474.0,362.0)
(743.0,362.0)
(417.0,362.0)
(362.0,362.0)
(362.0,362.0)
(447.0,362.0)
(481.0,362.0)
(474.0,362.0)
(474.0,362.0)
(474.0,362.0)
(455.0,362.0)
(474.0,362.0)
(474.0,362.0)
(474.0,362.0)
(455.0,362.0)
(740.0,362.0)
(474.0,362.0)
(474.0,362.0)
(807.0,362.0)
(474.0,362.0)
(474.0,362.0)
(474.0,362.0)
(474.0,362.0)
(474.0,362.0)
(474.0,362.0)
(362.0,362.0)
(474.0,362.0)
(421.0,362.0)
(474.0,362.0)
(435.0,362.0)
(474.0,362.0)
(474.0,362.0)
(363.0,362.0)
(474.0,362.0)
(435.0,362.0)
(474.0,362.0)
(474.0,362.0)
(474.0,362.0)
(474.0,362.0)
(474.0,362.0)
(474.0,362.0)
(743.0,362.0)
(474.0,362.0)
(474.0,362.0)
(474.0,362.0)
(474.0,362.0)
(426.0,362.0)
(474.0,362.0)
(362.0,362.0)
(474.0,362.0)
(417.0,364.0)
(417.0,364.0)
(471.0,364.0)
(368.0,364.0)
(417.0,364.0)
(417.0,364.0)
(417.0,364.0)
(417.0,364.0)
(404.0,364.0)
(417.0,364.0)
(368.0,364.0)
(447.0,364.0)
(395.0,364.0)
(402.0,364.0)
(417.0,364.0)
(395.0,364.0)
(417.0,364.0)
(417.0,364.0)
(391.0,364.0)
(471.0,364.0)
(367.0,364.0)
(407.0,364.0)
(417.0,364.0)
(412.0,364.0)
(447.0,364.0)
(404.0,364.0)
(432.0,364.0)
(367.0,364.0)
(386.0,364.0)
(447.0,364.0)
(404.0,364.0)
(447.0,364.0)
(417.0,364.0)
(417.0,364.0)
(395.0,364.0)
(417.0,364.0)
(417.0,364.0)
(417.0,364.0)
(422.0,364.0)
(417.0,364.0)
(441.0,364.0)
(417.0,364.0)
(413.0,364.0)
(789.0,364.0)
(417.0,364.0)
(805.0,364.0)
(417.0,364.0)
(417.0,364.0)
(417.0,364.0)
(770.0,364.0)
(417.0,364.0)
(399.0,364.0)
(412.0,364.0)
(417.0,364.0)
(399.0,364.0)
(427.0,364.0)
(405.0,364.0)
(405.0,364.0)
(412.0,364.0)
(417.0,364.0)
(386.0,364.0)
(417.0,364.0)
(404.0,364.0)
(412.0,364.0)
(430.0,364.0)
(417.0,364.0)
(430.0,364.0)
(387.0,364.0)
(262.0,364.0)
(405.0,364.0)
(404.0,364.0)
(368.0,364.0)
(447.0,364.0)
(412.0,364.0)
(417.0,364.0)
(417.0,364.0)
(441.0,364.0)
(386.0,364.0)
(417.0,364.0)
(417.0,364.0)
(412.0,364.0)
(771.0,364.0)
(479.0,364.0)
(417.0,364.0)
(789.0,364.0)
(416.0,364.0)
(471.0,364.0)
(483.0,364.0)
(789.0,364.0)
(402.0,364.0)
(456.0,364.0)
(412.0,364.0)
(422.0,364.0)
(417.0,364.0)
(757.0,364.0)
(405.0,364.0)
(471.0,364.0)
(471.0,364.0)
(471.0,364.0)
(771.0,364.0)
(424.0,364.0)
(785.0,364.0)
(441.0,364.0)
(417.0,364.0)
(417.0,364.0)
(428.0,364.0)
(422.0,364.0)
(467.0,364.0)
(447.0,364.0)
(441.0,364.0)
(757.0,364.0)
(417.0,364.0)
(471.0,364.0)
(757.0,364.0)
(369.0,364.0)
(789.0,364.0)
(404.0,364.0)
(417.0,364.0)
(417.0,364.0)
(771.0,364.0)
(417.0,364.0)
(417.0,364.0)
(417.0,364.0)
(417.0,364.0)
(456.0,364.0)
(417.0,364.0)
(479.0,364.0)
(404.0,364.0)
(368.0,364.0)
(417.0,364.0)
(789.0,364.0)
(405.0,364.0)
(458.0,364.0)
(417.0,364.0)
(471.0,364.0)
(288.0,364.0)
(262.0,364.0)
(368.0,364.0)
(417.0,364.0)
(802.0,364.0)
(417.0,364.0)
(471.0,364.0)
(412.0,364.0)
(416.0,364.0)
(417.0,364.0)
(404.0,364.0)
(417.0,364.0)
(417.0,364.0)
(757.0,364.0)
(417.0,364.0)
(367.0,364.0)
(367.0,364.0)
(417.0,364.0)
(447.0,364.0)
(422.0,364.0)
(787.0,364.0)
(757.0,364.0)
(417.0,364.0)
(789.0,364.0)
(417.0,364.0)
(405.0,364.0)
(386.0,364.0)
(373.0,364.0)
(438.0,364.0)
(412.0,364.0)
(405.0,364.0)
(412.0,364.0)
(382.0,364.0)
(430.0,364.0)
(417.0,364.0)
(398.0,364.0)
(405.0,364.0)
(417.0,364.0)
(377.0,364.0)
(472.0,364.0)
(417.0,364.0)
(404.0,364.0)
(456.0,364.0)
(431.0,364.0)
(432.0,364.0)
(427.0,364.0)
(417.0,364.0)
(412.0,364.0)
(409.0,364.0)
(417.0,364.0)
(377.0,364.0)
(767.0,364.0)
(386.0,364.0)
(387.0,364.0)
(771.0,364.0)
(412.0,364.0)
(471.0,364.0)
(417.0,364.0)
(417.0,364.0)
(456.0,364.0)
(481.0,366.0)
(479.0,366.0)
(363.0,366.0)
(368.0,366.0)
(472.0,366.0)
(417.0,366.0)
(455.0,366.0)
(483.0,366.0)
(481.0,366.0)
(481.0,366.0)
(790.0,366.0)
(481.0,366.0)
(479.0,366.0)
(395.0,366.0)
(417.0,366.0)
(481.0,366.0)
(447.0,366.0)
(417.0,366.0)
(481.0,366.0)
(430.0,366.0)
(481.0,366.0)
(483.0,366.0)
(753.0,366.0)
(483.0,366.0)
(481.0,366.0)
(481.0,366.0)
(481.0,366.0)
(481.0,366.0)
(481.0,366.0)
(483.0,366.0)
(481.0,366.0)
(471.0,366.0)
(483.0,366.0)
(481.0,366.0)
(472.0,366.0)
(483.0,366.0)
(447.0,366.0)
(417.0,366.0)
(479.0,366.0)
(481.0,366.0)
(417.0,366.0)
(483.0,366.0)
(481.0,366.0)
(481.0,366.0)
(483.0,366.0)
(395.0,366.0)
(483.0,366.0)
(479.0,366.0)
(481.0,366.0)
(483.0,366.0)
(483.0,366.0)
(481.0,366.0)
(483.0,366.0)
(483.0,366.0)
(481.0,366.0)
(470.0,366.0)
(483.0,366.0)
(417.0,366.0)
(481.0,366.0)
(479.0,366.0)
(483.0,366.0)
(481.0,366.0)
(447.0,366.0)
(483.0,366.0)
(481.0,366.0)
(481.0,366.0)
(481.0,366.0)
(447.0,366.0)
(470.0,366.0)
(479.0,366.0)
(479.0,366.0)
(481.0,366.0)
(395.0,366.0)
(381.0,366.0)
(479.0,366.0)
(483.0,366.0)
(417.0,366.0)
(377.0,366.0)
(395.0,366.0)
(481.0,366.0)
(483.0,366.0)
(483.0,366.0)
(481.0,366.0)
(481.0,366.0)
(413.0,366.0)
(483.0,366.0)
(483.0,366.0)
(481.0,366.0)
(481.0,366.0)
(479.0,366.0)
(481.0,366.0)
(483.0,366.0)
(395.0,366.0)
(381.0,366.0)
(481.0,366.0)
(483.0,366.0)
(472.0,366.0)
(455.0,366.0)
(455.0,366.0)
(470.0,366.0)
(395.0,366.0)
(417.0,366.0)
(483.0,366.0)
(481.0,366.0)
(386.0,366.0)
(481.0,366.0)
(386.0,366.0)
(481.0,366.0)
(455.0,366.0)
(483.0,366.0)
(386.0,366.0)
(481.0,366.0)
(481.0,366.0)
(479.0,366.0)
(481.0,366.0)
(479.0,366.0)
(481.0,366.0)
(417.0,366.0)
(483.0,366.0)
(366.0,366.0)
(483.0,366.0)
(479.0,366.0)
(417.0,366.0)
(743.0,366.0)
(483.0,366.0)
(481.0,366.0)
(483.0,366.0)
(481.0,366.0)
(790.0,366.0)
(363.0,366.0)
(381.0,366.0)
(455.0,366.0)
(481.0,366.0)
(417.0,366.0)
(481.0,366.0)
(483.0,366.0)
(483.0,366.0)
(417.0,366.0)
(753.0,366.0)
(471.0,366.0)
(481.0,366.0)
(395.0,366.0)
(430.0,366.0)
(483.0,366.0)
(470.0,366.0)
(483.0,366.0)
(481.0,366.0)
(455.0,366.0)
(413.0,366.0)
(386.0,366.0)
(483.0,366.0)
(481.0,366.0)
(481.0,366.0)
(481.0,366.0)
(395.0,366.0)
(481.0,366.0)
(481.0,366.0)
(483.0,366.0)
(483.0,366.0)
(413.0,366.0)
(483.0,366.0)
(483.0,366.0)
(455.0,366.0)
(472.0,366.0)
(481.0,366.0)
(743.0,366.0)
(483.0,366.0)
(455.0,366.0)
(479.0,366.0)
(479.0,366.0)
(395.0,366.0)
(483.0,366.0)
(483.0,366.0)
(483.0,366.0)
(755.0,366.0)
(481.0,366.0)
(455.0,366.0)
(483.0,366.0)
(413.0,366.0)
(481.0,366.0)
(483.0,366.0)
(483.0,366.0)
(483.0,366.0)
(481.0,366.0)
(455.0,366.0)
(481.0,366.0)
(479.0,366.0)
(790.0,366.0)
(417.0,366.0)
(483.0,366.0)
(743.0,366.0)
(366.0,366.0)
(417.0,366.0)
(376.0,366.0)
(447.0,366.0)
(455.0,366.0)
(378.0,366.0)
(743.0,366.0)
(417.0,366.0)
(447.0,366.0)
(753.0,366.0)
(455.0,366.0)
(417.0,366.0)
(447.0,366.0)
(472.0,366.0)
(455.0,366.0)
(376.0,366.0)
(786.0,366.0)
(472.0,366.0)
(754.0,366.0)
(455.0,366.0)
(447.0,366.0)
(366.0,366.0)
(417.0,366.0)
(472.0,366.0)
(455.0,366.0)
(482.0,366.0)
(743.0,366.0)
(417.0,366.0)
(483.0,366.0)
(378.0,366.0)
(378.0,366.0)
(447.0,366.0)
(483.0,366.0)
(411.0,366.0)
(809.0,366.0)
(483.0,366.0)
(489.0,366.0)
(417.0,366.0)
(472.0,366.0)
(472.0,366.0)
(740.0,366.0)
(455.0,366.0)
(472.0,366.0)
(809.0,366.0)
(809.0,366.0)
(472.0,366.0)
(472.0,366.0)
(753.0,366.0)
(447.0,366.0)
(483.0,366.0)
(361.0,366.0)
(417.0,366.0)
(472.0,366.0)
(455.0,366.0)
(786.0,366.0)
(474.0,366.0)
(447.0,366.0)
(417.0,366.0)
(447.0,366.0)
(472.0,366.0)
(447.0,366.0)
(472.0,366.0)
(472.0,366.0)
(755.0,366.0)
(472.0,366.0)
(417.0,366.0)
(472.0,366.0)
(472.0,366.0)
(753.0,366.0)
(455.0,366.0)
(472.0,366.0)
(751.0,366.0)
(447.0,366.0)
(455.0,366.0)
(483.0,366.0)
(472.0,366.0)
(435.0,366.0)
(378.0,366.0)
(472.0,366.0)
(738.0,366.0)
(376.0,366.0)
(455.0,366.0)
(753.0,366.0)
(417.0,366.0)
(455.0,366.0)
(447.0,366.0)
(401.0,366.0)
(455.0,366.0)
(455.0,366.0)
(455.0,366.0)
(472.0,366.0)
(472.0,366.0)
(474.0,366.0)
(809.0,366.0)
(455.0,366.0)
(417.0,366.0)
(743.0,366.0)
(472.0,366.0)
(743.0,366.0)
(754.0,366.0)
(417.0,366.0)
(363.0,366.0)
(743.0,366.0)
(447.0,366.0)
(786.0,366.0)
(754.0,366.0)
(417.0,366.0)
(417.0,366.0)
(435.0,366.0)
(417.0,366.0)
(455.0,366.0)
(786.0,366.0)
(417.0,366.0)
(447.0,366.0)
(809.0,366.0)
(472.0,366.0)
(747.0,366.0)
(417.0,366.0)
(743.0,366.0)
(447.0,366.0)
(417.0,366.0)
(417.0,366.0)
(417.0,366.0)
(417.0,366.0)
(472.0,366.0)
(472.0,366.0)
(455.0,366.0)
(417.0,366.0)
(775.0,366.0)
(472.0,366.0)
(366.0,366.0)
(743.0,366.0)
(472.0,366.0)
(447.0,366.0)
(472.0,366.0)
(417.0,366.0)
(472.0,366.0)
(395.0,366.0)
(455.0,366.0)
(455.0,366.0)
(472.0,366.0)
(483.0,366.0)
(809.0,366.0)
(455.0,366.0)
(378.0,366.0)
(475.0,366.0)
(447.0,366.0)
(417.0,366.0)
(472.0,366.0)
(472.0,366.0)
(472.0,366.0)
(483.0,366.0)
(447.0,366.0)
(455.0,366.0)
(417.0,366.0)
(447.0,366.0)
(751.0,366.0)
(447.0,366.0)
(472.0,366.0)
(417.0,366.0)
(363.0,366.0)
(756.0,366.0)
(472.0,366.0)
(417.0,366.0)
(751.0,366.0)
(751.0,366.0)
(753.0,366.0)
(417.0,366.0)
(417.0,366.0)
(472.0,366.0)
(751.0,366.0)
(472.0,366.0)
(455.0,366.0)
(455.0,366.0)
(417.0,366.0)
(363.0,366.0)
(417.0,366.0)
(417.0,366.0)
(447.0,366.0)
(753.0,366.0)
(378.0,366.0)
(447.0,366.0)
(378.0,366.0)
(447.0,366.0)
(743.0,366.0)
(366.0,366.0)
(435.0,366.0)
(472.0,366.0)
(417.0,366.0)
(472.0,366.0)
(447.0,366.0)
(377.0,369.0)
(459.0,369.0)
(435.0,369.0)
(376.0,369.0)
(471.0,369.0)
(447.0,369.0)
(447.0,369.0)
(459.0,369.0)
(809.0,369.0)
(376.0,369.0)
(376.0,369.0)
(369.0,369.0)
(369.0,369.0)
(447.0,369.0)
(406.0,369.0)
(369.0,369.0)
(376.0,369.0)
(369.0,369.0)
(396.0,369.0)
(413.0,369.0)
(482.0,369.0)
(369.0,369.0)
(369.0,369.0)
(376.0,369.0)
(376.0,369.0)
(369.0,369.0)
(377.0,369.0)
(369.0,369.0)
(426.0,369.0)
(447.0,369.0)
(369.0,369.0)
(447.0,369.0)
(376.0,369.0)
(471.0,369.0)
(369.0,369.0)
(471.0,369.0)
(396.0,369.0)
(376.0,369.0)
(396.0,369.0)
(447.0,369.0)
(638.0,369.0)
(396.0,369.0)
(369.0,369.0)
(369.0,369.0)
(377.0,369.0)
(376.0,369.0)
(369.0,369.0)
(369.0,369.0)
(377.0,369.0)
(376.0,369.0)
(376.0,369.0)
(370.0,369.0)
(369.0,369.0)
(377.0,369.0)
(376.0,369.0)
(406.0,369.0)
(369.0,369.0)
(31.0,369.0)
(31.0,369.0)
(447.0,369.0)
(447.0,369.0)
(426.0,369.0)
(376.0,369.0)
(376.0,369.0)
(377.0,369.0)
(376.0,369.0)
(369.0,369.0)
(435.0,369.0)
(354.0,369.0)
(447.0,369.0)
(369.0,369.0)
(434.0,369.0)
(396.0,369.0)
(377.0,369.0)
(369.0,369.0)
(459.0,369.0)
(396.0,369.0)
(406.0,369.0)
(369.0,369.0)
(369.0,369.0)
(377.0,369.0)
(369.0,369.0)
(376.0,369.0)
(369.0,369.0)
(369.0,369.0)
(369.0,369.0)
(369.0,369.0)
(369.0,369.0)
(369.0,369.0)
(376.0,369.0)
(406.0,369.0)
(426.0,369.0)
(369.0,369.0)
(406.0,369.0)
(369.0,369.0)
(809.0,369.0)
(369.0,369.0)
(409.0,369.0)
(376.0,369.0)
(376.0,369.0)
(767.0,369.0)
(377.0,369.0)
(426.0,369.0)
(406.0,369.0)
(377.0,369.0)
(369.0,369.0)
(638.0,369.0)
(376.0,369.0)
(435.0,369.0)
(447.0,369.0)
(369.0,369.0)
(369.0,369.0)
(376.0,369.0)
(471.0,369.0)
(435.0,369.0)
(377.0,369.0)
(426.0,369.0)
(471.0,369.0)
(376.0,369.0)
(471.0,369.0)
(369.0,369.0)
(471.0,369.0)
(376.0,369.0)
(376.0,369.0)
(377.0,369.0)
(369.0,369.0)
(406.0,369.0)
(447.0,369.0)
(435.0,369.0)
(793.0,369.0)
(809.0,369.0)
(471.0,369.0)
(471.0,369.0)
(377.0,369.0)
(409.0,369.0)
(376.0,369.0)
(809.0,369.0)
(369.0,369.0)
(471.0,369.0)
(376.0,369.0)
(377.0,369.0)
(376.0,369.0)
(406.0,369.0)
(369.0,369.0)
(369.0,369.0)
(447.0,369.0)
(775.0,369.0)
(376.0,369.0)
(471.0,369.0)
(369.0,369.0)
(376.0,369.0)
(31.0,369.0)
(471.0,369.0)
(427.0,369.0)
(427.0,369.0)
(406.0,369.0)
(369.0,369.0)
(376.0,369.0)
(406.0,369.0)
(369.0,369.0)
(459.0,369.0)
(406.0,369.0)
(417.0,369.0)
(447.0,369.0)
(376.0,369.0)
(376.0,369.0)
(413.0,369.0)
(369.0,369.0)
(376.0,369.0)
(369.0,369.0)
(369.0,369.0)
(369.0,369.0)
(809.0,369.0)
(369.0,369.0)
(369.0,369.0)
(376.0,369.0)
(417.0,369.0)
(793.0,369.0)
(471.0,369.0)
(369.0,369.0)
(376.0,369.0)
(377.0,369.0)
(377.0,369.0)
(369.0,369.0)
(376.0,369.0)
(406.0,369.0)
(377.0,369.0)
(372.0,369.0)
(370.0,369.0)
(376.0,369.0)
(396.0,369.0)
(376.0,369.0)
(376.0,369.0)
(369.0,369.0)
(369.0,369.0)
(785.0,369.0)
(369.0,369.0)
(369.0,369.0)
(376.0,369.0)
(447.0,369.0)
(809.0,369.0)
(406.0,369.0)
(376.0,369.0)
(809.0,369.0)
(396.0,369.0)
(406.0,369.0)
(376.0,369.0)
(471.0,369.0)
(369.0,369.0)
(31.0,369.0)
(406.0,369.0)
(369.0,369.0)
(447.0,369.0)
(471.0,369.0)
(354.0,369.0)
(377.0,369.0)
(370.0,369.0)
(447.0,369.0)
(369.0,369.0)
(370.0,369.0)
(376.0,369.0)
(31.0,369.0)
(376.0,369.0)
(369.0,369.0)
(447.0,369.0)
(437.0,369.0)
(369.0,369.0)
(376.0,369.0)
(459.0,369.0)
(369.0,369.0)
(396.0,369.0)
(369.0,369.0)
(768.0,369.0)
(376.0,369.0)
(793.0,369.0)
(369.0,369.0)
(369.0,369.0)
(369.0,369.0)
(376.0,369.0)
(369.0,369.0)
(417.0,369.0)
(406.0,369.0)
(369.0,369.0)
(370.0,369.0)
(387.0,369.0)
(369.0,369.0)
(427.0,369.0)
(376.0,369.0)
(376.0,369.0)
(638.0,369.0)
(406.0,369.0)
(369.0,369.0)
(447.0,369.0)
(369.0,369.0)
(369.0,369.0)
(369.0,369.0)
(376.0,369.0)
(369.0,369.0)
(427.0,369.0)
(471.0,369.0)
(369.0,369.0)
(377.0,369.0)
(785.0,369.0)
(369.0,369.0)
(406.0,369.0)
(786.0,369.0)
(369.0,369.0)
(376.0,369.0)
(406.0,369.0)
(809.0,369.0)
(376.0,369.0)
(396.0,369.0)
(417.0,369.0)
(376.0,369.0)
(369.0,369.0)
(785.0,369.0)
(369.0,369.0)
(376.0,369.0)
(471.0,369.0)
(376.0,369.0)
(377.0,369.0)
(406.0,369.0)
(369.0,369.0)
(369.0,369.0)
(373.0,369.0)
(369.0,369.0)
(376.0,369.0)
(357.0,369.0)
(471.0,369.0)
(447.0,369.0)
(767.0,369.0)
(427.0,369.0)
(377.0,369.0)
(376.0,369.0)
(369.0,369.0)
(399.0,369.0)
(369.0,369.0)
(369.0,369.0)
(809.0,369.0)
(31.0,369.0)
(376.0,369.0)
(376.0,369.0)
(376.0,369.0)
(377.0,369.0)
(471.0,369.0)
(369.0,369.0)
(377.0,369.0)
(399.0,369.0)
(471.0,369.0)
(414.0,369.0)
(447.0,369.0)
(369.0,369.0)
(369.0,369.0)
(369.0,369.0)
(370.0,369.0)
(362.0,369.0)
(471.0,369.0)
(371.0,369.0)
(376.0,369.0)
(376.0,369.0)
(426.0,369.0)
(638.0,369.0)
(369.0,369.0)
(370.0,369.0)
(435.0,369.0)
(376.0,369.0)
(785.0,369.0)
(376.0,369.0)
(369.0,369.0)
(376.0,369.0)
(31.0,369.0)
(369.0,369.0)
(369.0,369.0)
(377.0,369.0)
(376.0,369.0)
(377.0,369.0)
(369.0,369.0)
(369.0,369.0)
(369.0,369.0)
(369.0,369.0)
(369.0,369.0)
(471.0,369.0)
(399.0,369.0)
(414.0,369.0)
(406.0,369.0)
(471.0,369.0)
(809.0,369.0)
(406.0,369.0)
(447.0,369.0)
(396.0,369.0)
(406.0,369.0)
(406.0,369.0)
(369.0,369.0)
(447.0,369.0)
(413.0,369.0)
(370.0,369.0)
(376.0,369.0)
(399.0,369.0)
(471.0,369.0)
(785.0,369.0)
(793.0,369.0)
(409.0,369.0)
(369.0,369.0)
(809.0,369.0)
(377.0,369.0)
(475.0,369.0)
(377.0,369.0)
(396.0,369.0)
(376.0,369.0)
(376.0,369.0)
(494.0,369.0)
(386.0,369.0)
(638.0,369.0)
(396.0,369.0)
(369.0,369.0)
(378.0,369.0)
(376.0,369.0)
(407.0,369.0)
(376.0,369.0)
(369.0,369.0)
(369.0,369.0)
(377.0,369.0)
(396.0,369.0)
(376.0,369.0)
(376.0,369.0)
(376.0,369.0)
(369.0,369.0)
(376.0,369.0)
(369.0,369.0)
(471.0,369.0)
(376.0,369.0)
(638.0,369.0)
(638.0,369.0)
(793.0,369.0)
(427.0,369.0)
(471.0,369.0)
(471.0,369.0)
(361.0,369.0)
(369.0,369.0)
(447.0,369.0)
(369.0,369.0)
(376.0,369.0)
(369.0,369.0)
(369.0,369.0)
(447.0,369.0)
(369.0,369.0)
(376.0,369.0)
(369.0,369.0)
(376.0,369.0)
(471.0,369.0)
(771.0,369.0)
(409.0,369.0)
(406.0,369.0)
(377.0,369.0)
(459.0,369.0)
(369.0,369.0)
(369.0,369.0)
(376.0,369.0)
(471.0,369.0)
(369.0,369.0)
(376.0,369.0)
(369.0,369.0)
(471.0,369.0)
(376.0,369.0)
(459.0,369.0)
(793.0,369.0)
(369.0,369.0)
(369.0,369.0)
(417.0,369.0)
(447.0,369.0)
(373.0,369.0)
(793.0,369.0)
(376.0,369.0)
(376.0,369.0)
(471.0,369.0)
(376.0,369.0)
(376.0,369.0)
(793.0,369.0)
(809.0,369.0)
(376.0,369.0)
(482.0,369.0)
(396.0,369.0)
(369.0,369.0)
(396.0,369.0)
(396.0,369.0)
(459.0,369.0)
(471.0,369.0)
(369.0,369.0)
(471.0,369.0)
(376.0,369.0)
(31.0,369.0)
(369.0,369.0)
(369.0,369.0)
(31.0,369.0)
(376.0,369.0)
(369.0,369.0)
(369.0,369.0)
(471.0,369.0)
(31.0,369.0)
(396.0,369.0)
(406.0,369.0)
(376.0,369.0)
(369.0,369.0)
(369.0,369.0)
(377.0,369.0)
(427.0,369.0)
(376.0,369.0)
(369.0,369.0)
(785.0,369.0)
(459.0,369.0)
(376.0,369.0)
(376.0,369.0)
(376.0,369.0)
(369.0,369.0)
(376.0,369.0)
(471.0,369.0)
(471.0,369.0)
(369.0,369.0)
(426.0,369.0)
(771.0,369.0)
(377.0,369.0)
(369.0,369.0)
(376.0,369.0)
(471.0,369.0)
(377.0,369.0)
(369.0,369.0)
(31.0,369.0)
(369.0,369.0)
(471.0,369.0)
(447.0,369.0)
(426.0,369.0)
(369.0,369.0)
(376.0,369.0)
(369.0,369.0)
(376.0,369.0)
(31.0,369.0)
(768.0,369.0)
(377.0,369.0)
(369.0,369.0)
(369.0,369.0)
(417.0,369.0)
(369.0,369.0)
(376.0,369.0)
(413.0,369.0)
(471.0,369.0)
(471.0,369.0)
(376.0,369.0)
(406.0,369.0)
(396.0,369.0)
(369.0,369.0)
(376.0,369.0)
(376.0,369.0)
(370.0,369.0)
(377.0,369.0)
(377.0,369.0)
(376.0,369.0)
(369.0,369.0)
(809.0,369.0)
(406.0,369.0)
(369.0,369.0)
(417.0,369.0)
(373.0,369.0)
(793.0,369.0)
(376.0,369.0)
(767.0,369.0)
(369.0,369.0)
(376.0,369.0)
(406.0,369.0)
(376.0,369.0)
(377.0,369.0)
(447.0,369.0)
(369.0,369.0)
(471.0,369.0)
(369.0,369.0)
(369.0,369.0)
(471.0,369.0)
(369.0,369.0)
(409.0,369.0)
(447.0,370.0)
(370.0,370.0)
(370.0,370.0)
(370.0,370.0)
(447.0,370.0)
(370.0,370.0)
(386.0,370.0)
(369.0,370.0)
(447.0,370.0)
(370.0,370.0)
(370.0,370.0)
(447.0,370.0)
(417.0,370.0)
(370.0,370.0)
(370.0,370.0)
(447.0,370.0)
(370.0,370.0)
(447.0,370.0)
(447.0,370.0)
(370.0,370.0)
(370.0,370.0)
(370.0,370.0)
(447.0,370.0)
(370.0,370.0)
(447.0,370.0)
(370.0,370.0)
(370.0,370.0)
(370.0,370.0)
(370.0,370.0)
(370.0,370.0)
(370.0,370.0)
(370.0,370.0)
(370.0,370.0)
(370.0,370.0)
(370.0,370.0)
(370.0,370.0)
(447.0,370.0)
(447.0,370.0)
(369.0,370.0)
(370.0,370.0)
(370.0,370.0)
(370.0,370.0)
(447.0,370.0)
(370.0,370.0)
(370.0,370.0)
(369.0,370.0)
(447.0,370.0)
(370.0,370.0)
(370.0,370.0)
(370.0,370.0)
(370.0,370.0)
(370.0,370.0)
(370.0,370.0)
(370.0,370.0)
(447.0,370.0)
(370.0,370.0)
(447.0,370.0)
(370.0,370.0)
(370.0,370.0)
(369.0,370.0)
(447.0,370.0)
(370.0,370.0)
(447.0,370.0)
(447.0,370.0)
(377.0,370.0)
(370.0,370.0)
(370.0,370.0)
(447.0,370.0)
(369.0,370.0)
(447.0,370.0)
(447.0,370.0)
(370.0,370.0)
(447.0,370.0)
(370.0,370.0)
(370.0,370.0)
(370.0,370.0)
(370.0,370.0)
(370.0,370.0)
(370.0,370.0)
(447.0,370.0)
(417.0,370.0)
(370.0,370.0)
(370.0,370.0)
(417.0,370.0)
(447.0,370.0)
(381.0,370.0)
(370.0,370.0)
(447.0,370.0)
(785.0,370.0)
(417.0,370.0)
(370.0,370.0)
(370.0,370.0)
(447.0,370.0)
(377.0,370.0)
(370.0,370.0)
(370.0,370.0)
(370.0,370.0)
(370.0,370.0)
(386.0,370.0)
(370.0,370.0)
(370.0,370.0)
(368.0,370.0)
(370.0,370.0)
(447.0,370.0)
(447.0,370.0)
(377.0,370.0)
(370.0,370.0)
(370.0,370.0)
(370.0,370.0)
(370.0,370.0)
(447.0,370.0)
(370.0,370.0)
(785.0,370.0)
(377.0,370.0)
(370.0,370.0)
(370.0,370.0)
(447.0,370.0)
(370.0,370.0)
(370.0,370.0)
(370.0,370.0)
(447.0,370.0)
(447.0,370.0)
(370.0,370.0)
(447.0,370.0)
(370.0,370.0)
(369.0,370.0)
(370.0,370.0)
(370.0,370.0)
(417.0,370.0)
(370.0,370.0)
(785.0,370.0)
(370.0,370.0)
(370.0,370.0)
(370.0,370.0)
(370.0,370.0)
(370.0,370.0)
(715.0,370.0)
(447.0,370.0)
(377.0,370.0)
(447.0,370.0)
(447.0,370.0)
(370.0,370.0)
(377.0,370.0)
(490.0,370.0)
(370.0,370.0)
(370.0,370.0)
(370.0,370.0)
(370.0,370.0)
(370.0,370.0)
(370.0,370.0)
(370.0,370.0)
(370.0,370.0)
(370.0,370.0)
(785.0,370.0)
(447.0,370.0)
(362.0,370.0)
(370.0,370.0)
(369.0,370.0)
(370.0,370.0)
(370.0,370.0)
(447.0,370.0)
(370.0,370.0)
(370.0,370.0)
(447.0,370.0)
(370.0,370.0)
(370.0,370.0)
(370.0,370.0)
(370.0,370.0)
(370.0,370.0)
(370.0,370.0)
(447.0,370.0)
(369.0,370.0)
(370.0,370.0)
(377.0,370.0)
(370.0,370.0)
(447.0,370.0)
(370.0,370.0)
(370.0,370.0)
(370.0,370.0)
(370.0,370.0)
(370.0,370.0)
(377.0,370.0)
(370.0,370.0)
(370.0,370.0)
(370.0,370.0)
(370.0,370.0)
(368.0,370.0)
(447.0,370.0)
(370.0,370.0)
(370.0,370.0)
(370.0,370.0)
(447.0,370.0)
(370.0,370.0)
(370.0,370.0)
(447.0,370.0)
(447.0,370.0)
(370.0,370.0)
(370.0,370.0)
(369.0,370.0)
(447.0,370.0)
(370.0,370.0)
(370.0,370.0)
(447.0,370.0)
(417.0,370.0)
(370.0,370.0)
(370.0,370.0)
(447.0,370.0)
(370.0,370.0)
(447.0,370.0)
(447.0,370.0)
(370.0,370.0)
(370.0,370.0)
(370.0,370.0)
(447.0,370.0)
(370.0,370.0)
(447.0,370.0)
(370.0,370.0)
(370.0,370.0)
(370.0,370.0)
(370.0,370.0)
(370.0,370.0)
(370.0,370.0)
(370.0,370.0)
(370.0,370.0)
(370.0,370.0)
(370.0,370.0)
(370.0,370.0)
(447.0,370.0)
(447.0,370.0)
(369.0,370.0)
(370.0,370.0)
(370.0,370.0)
(370.0,370.0)
(447.0,370.0)
(370.0,370.0)
(370.0,370.0)
(369.0,370.0)
(447.0,370.0)
(370.0,370.0)
(370.0,370.0)
(370.0,370.0)
(370.0,370.0)
(370.0,370.0)
(370.0,370.0)
(370.0,370.0)
(447.0,370.0)
(370.0,370.0)
(447.0,370.0)
(370.0,370.0)
(370.0,370.0)
(369.0,370.0)
(447.0,370.0)
(370.0,370.0)
(447.0,370.0)
(370.0,370.0)
(370.0,370.0)
(370.0,370.0)
(370.0,370.0)
(447.0,370.0)
(369.0,370.0)
(447.0,370.0)
(447.0,370.0)
(370.0,370.0)
(447.0,370.0)
(370.0,370.0)
(370.0,370.0)
(370.0,370.0)
(370.0,370.0)
(370.0,370.0)
(370.0,370.0)
(447.0,370.0)
(417.0,370.0)
(370.0,370.0)
(370.0,370.0)
(417.0,370.0)
(447.0,370.0)
(381.0,370.0)
(370.0,370.0)
(447.0,370.0)
(785.0,370.0)
(447.0,370.0)
(370.0,370.0)
(370.0,370.0)
(447.0,370.0)
(377.0,370.0)
(370.0,370.0)
(370.0,370.0)
(370.0,370.0)
(386.0,370.0)
(370.0,370.0)
(368.0,370.0)
(370.0,370.0)
(370.0,370.0)
(447.0,370.0)
(447.0,370.0)
(377.0,370.0)
(370.0,370.0)
(370.0,370.0)
(370.0,370.0)
(370.0,370.0)
(447.0,370.0)
(370.0,370.0)
(785.0,370.0)
(377.0,370.0)
(370.0,370.0)
(370.0,370.0)
(447.0,370.0)
(368.0,370.0)
(381.0,370.0)
(370.0,370.0)
(447.0,370.0)
(447.0,370.0)
(370.0,370.0)
(447.0,370.0)
(370.0,370.0)
(369.0,370.0)
(370.0,370.0)
(370.0,370.0)
(417.0,370.0)
(370.0,370.0)
(785.0,370.0)
(370.0,370.0)
(370.0,370.0)
(370.0,370.0)
(370.0,370.0)
(370.0,370.0)
(715.0,370.0)
(370.0,370.0)
(377.0,370.0)
(447.0,370.0)
(447.0,370.0)
(370.0,370.0)
(377.0,370.0)
(370.0,370.0)
(490.0,370.0)
(447.0,370.0)
(370.0,370.0)
(370.0,370.0)
(370.0,370.0)
(370.0,370.0)
(370.0,370.0)
(370.0,370.0)
(370.0,370.0)
(482.0,370.0)
(15.0,370.0)
(447.0,370.0)
(369.0,370.0)
(370.0,370.0)
(370.0,370.0)
(447.0,370.0)
(370.0,370.0)
(370.0,370.0)
(447.0,370.0)
(370.0,370.0)
(370.0,370.0)
(370.0,370.0)
(370.0,370.0)
(370.0,370.0)
(370.0,370.0)
(442.0,370.0)
(447.0,370.0)
(369.0,370.0)
(370.0,370.0)
(377.0,370.0)
(370.0,370.0)
(447.0,370.0)
(370.0,370.0)
(370.0,370.0)
(370.0,370.0)
(370.0,370.0)
(370.0,370.0)
(370.0,370.0)
(377.0,370.0)
(370.0,370.0)
(370.0,370.0)
(370.0,370.0)
(370.0,370.0)
(368.0,370.0)
(447.0,370.0)
(370.0,370.0)
(370.0,370.0)
(377.0,370.0)
(370.0,370.0)
(370.0,370.0)
(370.0,370.0)
(369.0,370.0)
(442.0,370.0)
(377.0,370.0)
(447.0,370.0)
(386.0,370.0)
(370.0,370.0)
(370.0,370.0)
(370.0,370.0)
(370.0,370.0)
(370.0,370.0)
(370.0,370.0)
(370.0,370.0)
(447.0,370.0)
(377.0,370.0)
(370.0,370.0)
(368.0,370.0)
(447.0,370.0)
(370.0,370.0)
(370.0,370.0)
(377.0,370.0)
(442.0,370.0)
(447.0,370.0)
(370.0,370.0)
(370.0,370.0)
(370.0,370.0)
(447.0,370.0)
(370.0,370.0)
(447.0,370.0)
(370.0,370.0)
(370.0,370.0)
(447.0,370.0)
(370.0,370.0)
(377.0,370.0)
(369.0,370.0)
(447.0,370.0)
(417.0,370.0)
(447.0,370.0)
(370.0,370.0)
(370.0,370.0)
(368.0,370.0)
(370.0,370.0)
(370.0,370.0)
(370.0,370.0)
(370.0,370.0)
(370.0,370.0)
(370.0,370.0)
(354.0,370.0)
(370.0,370.0)
(447.0,370.0)
(447.0,370.0)
(447.0,370.0)
(370.0,370.0)
(370.0,370.0)
(370.0,370.0)
(370.0,370.0)
(369.0,370.0)
(417.0,370.0)
(370.0,370.0)
(447.0,370.0)
(447.0,370.0)
(370.0,370.0)
(370.0,370.0)
(447.0,370.0)
(370.0,370.0)
(370.0,370.0)
(370.0,370.0)
(370.0,370.0)
(447.0,370.0)
(370.0,370.0)
(370.0,370.0)
(370.0,370.0)
(370.0,370.0)
(370.0,370.0)
(377.0,370.0)
(370.0,370.0)
(370.0,370.0)
(370.0,370.0)
(370.0,370.0)
(370.0,370.0)
(370.0,370.0)
(370.0,370.0)
(370.0,370.0)
(370.0,370.0)
(417.0,370.0)
(370.0,370.0)
(447.0,370.0)
(447.0,370.0)
(370.0,370.0)
(395.0,370.0)
(417.0,370.0)
(370.0,370.0)
(370.0,370.0)
(370.0,370.0)
(370.0,370.0)
(370.0,370.0)
(370.0,370.0)
(370.0,370.0)
(370.0,370.0)
(370.0,370.0)
(447.0,370.0)
(370.0,370.0)
(368.0,370.0)
(370.0,370.0)
(369.0,370.0)
(447.0,370.0)
(370.0,370.0)
(370.0,370.0)
(370.0,370.0)
(370.0,370.0)
(368.0,370.0)
(370.0,370.0)
(447.0,370.0)
(370.0,370.0)
(370.0,370.0)
(370.0,370.0)
(370.0,370.0)
(447.0,370.0)
(417.0,370.0)
(370.0,370.0)
(370.0,370.0)
(417.0,370.0)
(369.0,370.0)
(370.0,370.0)
(370.0,370.0)
(370.0,370.0)
(370.0,370.0)
(370.0,370.0)
(447.0,370.0)
(369.0,370.0)
(369.0,370.0)
(370.0,370.0)
(370.0,370.0)
(447.0,370.0)
(370.0,370.0)
(369.0,370.0)
(370.0,370.0)
(370.0,370.0)
(370.0,370.0)
(447.0,370.0)
(370.0,370.0)
(482.0,370.0)
(369.0,370.0)
(370.0,370.0)
(370.0,370.0)
(447.0,370.0)
(447.0,370.0)
(370.0,370.0)
(370.0,370.0)
(370.0,370.0)
(447.0,370.0)
(447.0,370.0)
(370.0,370.0)
(369.0,370.0)
(447.0,370.0)
(370.0,370.0)
(369.0,370.0)
(447.0,370.0)
(370.0,370.0)
(370.0,370.0)
(370.0,370.0)
(370.0,370.0)
(370.0,370.0)
(370.0,370.0)
(370.0,370.0)
(381.0,370.0)
(447.0,370.0)
(377.0,370.0)
(377.0,370.0)
(368.0,370.0)
(442.0,370.0)
(370.0,370.0)
(370.0,370.0)
(370.0,370.0)
(442.0,370.0)
(370.0,370.0)
(362.0,370.0)
(370.0,370.0)
(447.0,370.0)
(370.0,370.0)
(447.0,370.0)
(370.0,370.0)
(370.0,370.0)
(370.0,370.0)
(370.0,370.0)
(370.0,370.0)
(370.0,370.0)
(370.0,370.0)
(370.0,370.0)
(370.0,370.0)
(447.0,370.0)
(370.0,370.0)
(370.0,370.0)
(447.0,370.0)
(370.0,370.0)
(370.0,370.0)
(370.0,370.0)
(369.0,370.0)
(447.0,370.0)
(370.0,370.0)
(370.0,370.0)
(369.0,370.0)
(417.0,370.0)
(370.0,370.0)
(370.0,370.0)
(785.0,370.0)
(370.0,370.0)
(447.0,370.0)
(447.0,370.0)
(370.0,370.0)
(370.0,370.0)
(377.0,370.0)
(447.0,370.0)
(447.0,370.0)
(447.0,370.0)
(370.0,370.0)
(370.0,370.0)
(370.0,370.0)
(370.0,370.0)
(370.0,370.0)
(370.0,370.0)
(370.0,370.0)
(370.0,370.0)
(370.0,370.0)
(447.0,370.0)
(370.0,370.0)
(447.0,370.0)
(447.0,370.0)
(369.0,370.0)
(370.0,370.0)
(370.0,370.0)
(370.0,370.0)
(447.0,370.0)
(370.0,370.0)
(370.0,370.0)
(369.0,370.0)
(447.0,370.0)
(370.0,370.0)
(370.0,370.0)
(370.0,370.0)
(370.0,370.0)
(370.0,370.0)
(370.0,370.0)
(370.0,370.0)
(447.0,370.0)
(370.0,370.0)
(447.0,370.0)
(370.0,370.0)
(370.0,370.0)
(369.0,370.0)
(447.0,370.0)
(370.0,370.0)
(447.0,370.0)
(370.0,370.0)
(377.0,370.0)
(370.0,370.0)
(370.0,370.0)
(447.0,370.0)
(370.0,370.0)
(447.0,370.0)
(447.0,370.0)
(370.0,370.0)
(447.0,370.0)
(370.0,370.0)
(370.0,370.0)
(370.0,370.0)
(370.0,370.0)
(370.0,370.0)
(370.0,370.0)
(447.0,370.0)
(370.0,370.0)
(370.0,370.0)
(417.0,370.0)
(447.0,370.0)
(381.0,370.0)
(370.0,370.0)
(447.0,370.0)
(785.0,370.0)
(447.0,370.0)
(370.0,370.0)
(370.0,370.0)
(447.0,370.0)
(377.0,370.0)
(370.0,370.0)
(370.0,370.0)
(370.0,370.0)
(482.0,370.0)
(370.0,370.0)
(370.0,370.0)
(370.0,370.0)
(370.0,370.0)
(447.0,370.0)
(447.0,370.0)
(377.0,370.0)
(370.0,370.0)
(370.0,370.0)
(370.0,370.0)
(447.0,370.0)
(370.0,370.0)
(785.0,370.0)
(377.0,370.0)
(370.0,370.0)
(370.0,370.0)
(447.0,370.0)
(370.0,370.0)
(381.0,370.0)
(370.0,370.0)
(447.0,370.0)
(447.0,370.0)
(370.0,370.0)
(447.0,370.0)
(370.0,370.0)
(369.0,370.0)
(370.0,370.0)
(370.0,370.0)
(417.0,370.0)
(370.0,370.0)
(785.0,370.0)
(370.0,370.0)
(370.0,370.0)
(370.0,370.0)
(370.0,370.0)
(370.0,370.0)
(370.0,370.0)
(447.0,370.0)
(377.0,370.0)
(447.0,370.0)
(447.0,370.0)
(370.0,370.0)
(377.0,370.0)
(490.0,370.0)
(447.0,370.0)
(370.0,370.0)
(370.0,370.0)
(370.0,370.0)
(370.0,370.0)
(370.0,370.0)
(370.0,370.0)
(370.0,370.0)
(482.0,370.0)
(15.0,370.0)
(447.0,370.0)
(369.0,370.0)
(370.0,370.0)
(370.0,370.0)
(447.0,370.0)
(370.0,370.0)
(370.0,370.0)
(447.0,370.0)
(370.0,370.0)
(370.0,370.0)
(370.0,370.0)
(370.0,370.0)
(370.0,370.0)
(442.0,370.0)
(447.0,370.0)
(369.0,370.0)
(370.0,370.0)
(377.0,370.0)
(370.0,370.0)
(447.0,370.0)
(447.0,370.0)
(370.0,370.0)
(370.0,370.0)
(482.0,370.0)
(370.0,370.0)
(370.0,370.0)
(377.0,370.0)
(370.0,370.0)
(370.0,370.0)
(370.0,370.0)
(482.0,370.0)
(482.0,370.0)
(447.0,370.0)
(370.0,370.0)
(370.0,370.0)
(370.0,370.0)
(370.0,370.0)
(370.0,370.0)
(370.0,370.0)
(369.0,370.0)
(442.0,370.0)
(377.0,370.0)
(447.0,370.0)
(370.0,370.0)
(370.0,370.0)
(354.0,370.0)
(370.0,370.0)
(370.0,370.0)
(370.0,370.0)
(370.0,370.0)
(370.0,370.0)
(377.0,370.0)
(377.0,370.0)
(370.0,370.0)
(370.0,370.0)
(447.0,370.0)
(370.0,370.0)
(370.0,370.0)
(370.0,370.0)
(377.0,370.0)
(442.0,370.0)
(370.0,370.0)
(370.0,370.0)
(370.0,370.0)
(370.0,370.0)
(447.0,370.0)
(370.0,370.0)
(370.0,370.0)
(370.0,370.0)
(447.0,370.0)
(370.0,370.0)
(386.0,370.0)
(377.0,370.0)
(369.0,370.0)
(447.0,370.0)
(370.0,370.0)
(447.0,370.0)
(370.0,370.0)
(370.0,370.0)
(370.0,370.0)
(370.0,370.0)
(370.0,370.0)
(370.0,370.0)
(447.0,370.0)
(370.0,370.0)
(370.0,370.0)
(370.0,370.0)
(447.0,370.0)
(447.0,370.0)
(785.0,370.0)
(370.0,370.0)
(370.0,370.0)
(370.0,370.0)
(370.0,370.0)
(369.0,370.0)
(370.0,370.0)
(447.0,370.0)
(715.0,370.0)
(370.0,370.0)
(370.0,370.0)
(377.0,370.0)
(447.0,370.0)
(435.0,370.0)
(370.0,370.0)
(370.0,370.0)
(417.0,370.0)
(370.0,370.0)
(370.0,370.0)
(370.0,370.0)
(370.0,370.0)
(370.0,370.0)
(370.0,370.0)
(377.0,370.0)
(370.0,370.0)
(370.0,370.0)
(370.0,370.0)
(370.0,370.0)
(370.0,370.0)
(370.0,370.0)
(370.0,370.0)
(370.0,370.0)
(370.0,370.0)
(417.0,370.0)
(370.0,370.0)
(447.0,370.0)
(370.0,370.0)
(447.0,370.0)
(370.0,370.0)
(395.0,370.0)
(417.0,370.0)
(370.0,370.0)
(370.0,370.0)
(370.0,370.0)
(370.0,370.0)
(370.0,370.0)
(370.0,370.0)
(785.0,370.0)
(370.0,370.0)
(370.0,370.0)
(447.0,370.0)
(368.0,370.0)
(368.0,370.0)
(370.0,370.0)
(370.0,370.0)
(447.0,370.0)
(370.0,370.0)
(370.0,370.0)
(370.0,370.0)
(370.0,370.0)
(370.0,370.0)
(370.0,370.0)
(447.0,370.0)
(370.0,370.0)
(370.0,370.0)
(370.0,370.0)
(370.0,370.0)
(447.0,370.0)
(417.0,370.0)
(370.0,370.0)
(370.0,370.0)
(370.0,370.0)
(370.0,370.0)
(370.0,370.0)
(370.0,370.0)
(370.0,370.0)
(370.0,370.0)
(370.0,370.0)
(447.0,370.0)
(369.0,370.0)
(369.0,370.0)
(370.0,370.0)
(370.0,370.0)
(370.0,370.0)
(370.0,370.0)
(447.0,370.0)
(370.0,370.0)
(370.0,370.0)
(370.0,370.0)
(447.0,370.0)
(370.0,370.0)
(447.0,370.0)
(369.0,370.0)
(370.0,370.0)
(370.0,370.0)
(370.0,370.0)
(447.0,370.0)
(447.0,370.0)
(370.0,370.0)
(370.0,370.0)
(447.0,370.0)
(447.0,370.0)
(370.0,370.0)
(447.0,370.0)
(447.0,370.0)
(370.0,370.0)
(369.0,370.0)
(447.0,370.0)
(370.0,370.0)
(370.0,370.0)
(370.0,370.0)
(370.0,370.0)
(370.0,370.0)
(370.0,370.0)
(370.0,370.0)
(447.0,370.0)
(447.0,370.0)
(785.0,370.0)
(377.0,370.0)
(368.0,370.0)
(442.0,370.0)
(370.0,370.0)
(370.0,370.0)
(370.0,370.0)
(482.0,370.0)
(370.0,370.0)
(447.0,370.0)
(370.0,370.0)
(370.0,370.0)
(370.0,370.0)
(370.0,370.0)
(370.0,370.0)
(370.0,370.0)
(370.0,370.0)
(370.0,370.0)
(447.0,370.0)
(370.0,370.0)
(370.0,370.0)
(370.0,370.0)
(370.0,370.0)
(377.0,370.0)
(369.0,370.0)
(406.0,370.0)
(377.0,370.0)
(447.0,370.0)
(369.0,370.0)
(377.0,370.0)
(369.0,370.0)
(406.0,370.0)
(369.0,370.0)
(369.0,370.0)
(369.0,370.0)
(413.0,370.0)
(519.0,370.0)
(369.0,370.0)
(413.0,370.0)
(369.0,370.0)
(369.0,370.0)
(369.0,370.0)
(406.0,370.0)
(369.0,370.0)
(368.0,370.0)
(369.0,370.0)
(386.0,370.0)
(471.0,370.0)
(447.0,370.0)
(406.0,370.0)
(369.0,370.0)
(369.0,370.0)
(406.0,370.0)
(406.0,370.0)
(377.0,370.0)
(369.0,370.0)
(369.0,370.0)
(369.0,370.0)
(369.0,370.0)
(369.0,370.0)
(369.0,370.0)
(413.0,370.0)
(406.0,370.0)
(413.0,370.0)
(377.0,370.0)
(406.0,370.0)
(369.0,370.0)
(369.0,370.0)
(369.0,370.0)
(417.0,370.0)
(369.0,370.0)
(369.0,370.0)
(369.0,370.0)
(369.0,370.0)
(369.0,370.0)
(406.0,370.0)
(406.0,370.0)
(406.0,370.0)
(785.0,370.0)
(369.0,370.0)
(406.0,370.0)
(369.0,370.0)
(369.0,370.0)
(369.0,370.0)
(369.0,370.0)
(377.0,370.0)
(377.0,370.0)
(406.0,370.0)
(369.0,370.0)
(413.0,370.0)
(413.0,370.0)
(369.0,370.0)
(413.0,370.0)
(369.0,370.0)
(369.0,370.0)
(369.0,370.0)
(447.0,370.0)
(387.0,370.0)
(369.0,370.0)
(455.0,370.0)
(369.0,370.0)
(369.0,370.0)
(369.0,370.0)
(369.0,370.0)
(368.0,370.0)
(369.0,370.0)
(447.0,370.0)
(447.0,370.0)
(377.0,370.0)
(369.0,370.0)
(369.0,370.0)
(369.0,370.0)
(369.0,370.0)
(369.0,370.0)
(369.0,370.0)
(369.0,370.0)
(369.0,370.0)
(369.0,370.0)
(447.0,370.0)
(386.0,370.0)
(406.0,370.0)
(369.0,370.0)
(417.0,370.0)
(369.0,370.0)
(369.0,370.0)
(406.0,370.0)
(369.0,370.0)
(377.0,370.0)
(369.0,370.0)
(471.0,370.0)
(369.0,370.0)
(369.0,370.0)
(406.0,370.0)
(413.0,370.0)
(369.0,370.0)
(369.0,370.0)
(369.0,370.0)
(377.0,370.0)
(434.0,370.0)
(406.0,370.0)
(369.0,370.0)
(369.0,370.0)
(406.0,370.0)
(369.0,370.0)
(390.0,370.0)
(369.0,370.0)
(406.0,370.0)
(406.0,370.0)
(406.0,370.0)
(17.0,370.0)
(369.0,370.0)
(369.0,370.0)
(390.0,370.0)
(406.0,370.0)
(462.0,370.0)
(447.0,370.0)
(447.0,370.0)
(369.0,370.0)
(369.0,370.0)
(462.0,370.0)
(369.0,370.0)
(406.0,370.0)
(369.0,370.0)
(406.0,370.0)
(377.0,370.0)
(369.0,370.0)
(406.0,370.0)
(377.0,370.0)
(369.0,370.0)
(369.0,370.0)
(377.0,370.0)
(369.0,370.0)
(369.0,370.0)
(369.0,370.0)
(369.0,370.0)
(369.0,370.0)
(369.0,370.0)
(369.0,370.0)
(369.0,370.0)
(369.0,370.0)
(457.0,370.0)
(369.0,370.0)
(369.0,370.0)
(369.0,370.0)
(406.0,370.0)
(406.0,370.0)
(369.0,370.0)
(390.0,370.0)
(406.0,370.0)
(369.0,370.0)
(369.0,370.0)
(406.0,370.0)
(417.0,370.0)
(377.0,370.0)
(435.0,370.0)
(406.0,370.0)
(369.0,370.0)
(377.0,370.0)
(369.0,370.0)
(369.0,370.0)
(421.0,370.0)
(369.0,370.0)
(369.0,370.0)
(406.0,370.0)
(369.0,370.0)
(406.0,370.0)
(369.0,370.0)
(369.0,370.0)
(369.0,370.0)
(369.0,370.0)
(369.0,370.0)
(369.0,370.0)
(369.0,370.0)
(369.0,370.0)
(447.0,370.0)
(369.0,370.0)
(455.0,370.0)
(377.0,370.0)
(369.0,370.0)
(447.0,370.0)
(519.0,370.0)
(377.0,370.0)
(370.0,370.0)
(370.0,370.0)
(370.0,370.0)
(369.0,370.0)
(442.0,370.0)
(377.0,370.0)
(447.0,370.0)
(386.0,370.0)
(370.0,370.0)
(370.0,370.0)
(370.0,370.0)
(370.0,370.0)
(370.0,370.0)
(370.0,370.0)
(370.0,370.0)
(377.0,370.0)
(377.0,370.0)
(368.0,370.0)
(368.0,370.0)
(447.0,370.0)
(370.0,370.0)
(370.0,370.0)
(370.0,370.0)
(377.0,370.0)
(447.0,370.0)
(447.0,370.0)
(370.0,370.0)
(377.0,370.0)
(447.0,370.0)
(447.0,370.0)
(370.0,370.0)
(370.0,370.0)
(370.0,370.0)
(370.0,370.0)
(447.0,370.0)
(370.0,370.0)
(370.0,370.0)
(369.0,370.0)
(370.0,370.0)
(417.0,370.0)
(447.0,370.0)
(370.0,370.0)
(370.0,370.0)
(368.0,370.0)
(370.0,370.0)
(370.0,370.0)
(370.0,370.0)
(370.0,370.0)
(370.0,370.0)
(370.0,370.0)
(354.0,370.0)
(370.0,370.0)
(447.0,370.0)
(447.0,370.0)
(785.0,370.0)
(370.0,370.0)
(370.0,370.0)
(370.0,370.0)
(370.0,370.0)
(369.0,370.0)
(417.0,370.0)
(370.0,370.0)
(715.0,370.0)
(447.0,370.0)
(370.0,370.0)
(370.0,370.0)
(370.0,370.0)
(447.0,370.0)
(370.0,370.0)
(370.0,370.0)
(370.0,370.0)
(370.0,370.0)
(447.0,370.0)
(370.0,370.0)
(370.0,370.0)
(370.0,370.0)
(370.0,370.0)
(370.0,370.0)
(377.0,370.0)
(370.0,370.0)
(370.0,370.0)
(370.0,370.0)
(370.0,370.0)
(368.0,370.0)
(370.0,370.0)
(370.0,370.0)
(370.0,370.0)
(447.0,370.0)
(417.0,370.0)
(370.0,370.0)
(447.0,370.0)
(447.0,370.0)
(370.0,370.0)
(370.0,370.0)
(417.0,370.0)
(370.0,370.0)
(370.0,370.0)
(370.0,370.0)
(370.0,370.0)
(370.0,370.0)
(370.0,370.0)
(370.0,370.0)
(370.0,370.0)
(370.0,370.0)
(447.0,370.0)
(447.0,370.0)
(368.0,370.0)
(370.0,370.0)
(369.0,370.0)
(447.0,370.0)
(370.0,370.0)
(370.0,370.0)
(370.0,370.0)
(370.0,370.0)
(368.0,370.0)
(370.0,370.0)
(370.0,370.0)
(370.0,370.0)
(370.0,370.0)
(370.0,370.0)
(370.0,370.0)
(447.0,370.0)
(417.0,370.0)
(370.0,370.0)
(370.0,370.0)
(370.0,370.0)
(369.0,370.0)
(370.0,370.0)
(370.0,370.0)
(370.0,370.0)
(370.0,370.0)
(370.0,370.0)
(447.0,370.0)
(370.0,370.0)
(369.0,370.0)
(370.0,370.0)
(370.0,370.0)
(447.0,370.0)
(370.0,370.0)
(369.0,370.0)
(370.0,370.0)
(370.0,370.0)
(417.0,370.0)
(447.0,370.0)
(370.0,370.0)
(370.0,370.0)
(369.0,370.0)
(370.0,370.0)
(370.0,370.0)
(447.0,370.0)
(447.0,370.0)
(370.0,370.0)
(370.0,370.0)
(370.0,370.0)
(447.0,370.0)
(447.0,370.0)
(370.0,370.0)
(369.0,370.0)
(447.0,370.0)
(370.0,370.0)
(369.0,370.0)
(370.0,370.0)
(370.0,370.0)
(370.0,370.0)
(370.0,370.0)
(370.0,370.0)
(370.0,370.0)
(370.0,370.0)
(370.0,370.0)
(381.0,370.0)
(447.0,370.0)
(785.0,370.0)
(377.0,370.0)
(368.0,370.0)
(442.0,370.0)
(370.0,370.0)
(370.0,370.0)
(370.0,370.0)
(482.0,370.0)
(370.0,370.0)
(417.0,370.0)
(370.0,370.0)
(447.0,370.0)
(370.0,370.0)
(447.0,370.0)
(370.0,370.0)
(370.0,370.0)
(370.0,370.0)
(370.0,370.0)
(447.0,370.0)
(370.0,370.0)
(370.0,370.0)
(370.0,370.0)
(370.0,370.0)
(447.0,370.0)
(370.0,370.0)
(370.0,370.0)
(447.0,370.0)
(447.0,370.0)
(370.0,370.0)
(386.0,370.0)
(369.0,370.0)
(370.0,370.0)
(447.0,370.0)
(370.0,370.0)
(370.0,370.0)
(447.0,370.0)
(417.0,370.0)
(370.0,370.0)
(370.0,370.0)
(785.0,370.0)
(370.0,370.0)
(447.0,370.0)
(447.0,370.0)
(370.0,370.0)
(370.0,370.0)
(377.0,370.0)
(447.0,370.0)
(447.0,370.0)
(447.0,370.0)
(370.0,370.0)
(368.0,370.0)
(370.0,370.0)
(370.0,370.0)
(370.0,370.0)
(370.0,370.0)
(370.0,370.0)
(370.0,370.0)
(370.0,370.0)
(447.0,370.0)
(370.0,370.0)
(447.0,370.0)
(785.0,370.0)
(369.0,370.0)
(370.0,370.0)
(370.0,370.0)
(370.0,370.0)
(447.0,370.0)
(370.0,370.0)
(370.0,370.0)
(369.0,370.0)
(447.0,370.0)
(370.0,370.0)
(370.0,370.0)
(370.0,370.0)
(370.0,370.0)
(370.0,370.0)
(370.0,370.0)
(370.0,370.0)
(447.0,370.0)
(370.0,370.0)
(447.0,370.0)
(370.0,370.0)
(370.0,370.0)
(369.0,370.0)
(447.0,370.0)
(370.0,370.0)
(447.0,370.0)
(370.0,370.0)
(386.0,370.0)
(370.0,370.0)
(370.0,370.0)
(447.0,370.0)
(370.0,370.0)
(447.0,370.0)
(447.0,370.0)
(370.0,370.0)
(447.0,370.0)
(370.0,370.0)
(370.0,370.0)
(370.0,370.0)
(370.0,370.0)
(370.0,370.0)
(370.0,370.0)
(447.0,370.0)
(370.0,370.0)
(370.0,370.0)
(417.0,370.0)
(447.0,370.0)
(381.0,370.0)
(370.0,370.0)
(447.0,370.0)
(785.0,370.0)
(370.0,370.0)
(370.0,370.0)
(447.0,370.0)
(377.0,370.0)
(370.0,370.0)
(370.0,370.0)
(370.0,370.0)
(482.0,370.0)
(370.0,370.0)
(785.0,370.0)
(447.0,370.0)
(370.0,370.0)
(447.0,370.0)
(447.0,370.0)
(377.0,370.0)
(370.0,370.0)
(370.0,370.0)
(370.0,370.0)
(447.0,370.0)
(370.0,370.0)
(370.0,370.0)
(785.0,370.0)
(377.0,370.0)
(370.0,370.0)
(370.0,370.0)
(447.0,370.0)
(370.0,370.0)
(370.0,370.0)
(370.0,370.0)
(447.0,370.0)
(447.0,370.0)
(370.0,370.0)
(447.0,370.0)
(370.0,370.0)
(369.0,370.0)
(370.0,370.0)
(370.0,370.0)
(417.0,370.0)
(370.0,370.0)
(785.0,370.0)
(370.0,370.0)
(370.0,370.0)
(370.0,370.0)
(370.0,370.0)
(370.0,370.0)
(354.0,370.0)
(377.0,370.0)
(447.0,370.0)
(447.0,370.0)
(370.0,370.0)
(377.0,370.0)
(447.0,370.0)
(490.0,370.0)
(447.0,370.0)
(370.0,370.0)
(370.0,370.0)
(370.0,370.0)
(370.0,370.0)
(369.0,370.0)
(370.0,370.0)
(370.0,370.0)
(370.0,370.0)
(785.0,370.0)
(15.0,370.0)
(447.0,370.0)
(370.0,370.0)
(369.0,370.0)
(370.0,370.0)
(370.0,370.0)
(447.0,370.0)
(370.0,370.0)
(370.0,370.0)
(447.0,370.0)
(370.0,370.0)
(370.0,370.0)
(370.0,370.0)
(370.0,370.0)
(370.0,370.0)
(370.0,370.0)
(447.0,370.0)
(369.0,370.0)
(370.0,370.0)
(370.0,370.0)
(370.0,370.0)
(447.0,370.0)
(447.0,370.0)
(370.0,370.0)
(370.0,370.0)
(370.0,370.0)
(370.0,370.0)
(377.0,370.0)
(370.0,370.0)
(370.0,370.0)
(370.0,370.0)
(482.0,370.0)
(482.0,370.0)
(447.0,370.0)
(370.0,370.0)
(370.0,370.0)
(447.0,370.0)
(370.0,370.0)
(370.0,370.0)
(370.0,370.0)
(447.0,370.0)
(370.0,370.0)
(370.0,370.0)
(369.0,370.0)
(370.0,370.0)
(447.0,370.0)
(370.0,370.0)
(370.0,370.0)
(369.0,370.0)
(447.0,370.0)
(370.0,370.0)
(370.0,370.0)
(447.0,370.0)
(370.0,370.0)
(447.0,370.0)
(447.0,370.0)
(370.0,370.0)
(370.0,370.0)
(377.0,370.0)
(447.0,370.0)
(370.0,370.0)
(447.0,370.0)
(370.0,370.0)
(370.0,370.0)
(370.0,370.0)
(370.0,370.0)
(370.0,370.0)
(370.0,370.0)
(370.0,370.0)
(370.0,370.0)
(370.0,370.0)
(447.0,370.0)
(370.0,370.0)
(447.0,370.0)
(447.0,370.0)
(369.0,370.0)
(370.0,370.0)
(370.0,370.0)
(370.0,370.0)
(447.0,370.0)
(370.0,370.0)
(370.0,370.0)
(369.0,370.0)
(447.0,370.0)
(370.0,370.0)
(370.0,370.0)
(370.0,370.0)
(370.0,370.0)
(370.0,370.0)
(370.0,370.0)
(370.0,370.0)
(447.0,370.0)
(370.0,370.0)
(447.0,370.0)
(370.0,370.0)
(370.0,370.0)
(369.0,370.0)
(447.0,370.0)
(370.0,370.0)
(447.0,370.0)
(447.0,370.0)
(377.0,370.0)
(370.0,370.0)
(370.0,370.0)
(447.0,370.0)
(370.0,370.0)
(447.0,370.0)
(447.0,370.0)
(370.0,370.0)
(447.0,370.0)
(370.0,370.0)
(370.0,370.0)
(370.0,370.0)
(370.0,370.0)
(370.0,370.0)
(370.0,370.0)
(447.0,370.0)
(370.0,370.0)
(370.0,370.0)
(417.0,370.0)
(447.0,370.0)
(381.0,370.0)
(370.0,370.0)
(447.0,370.0)
(785.0,370.0)
(417.0,370.0)
(370.0,370.0)
(370.0,370.0)
(447.0,370.0)
(377.0,370.0)
(370.0,370.0)
(370.0,370.0)
(370.0,370.0)
(482.0,370.0)
(370.0,370.0)
(370.0,370.0)
(447.0,370.0)
(370.0,370.0)
(447.0,370.0)
(447.0,370.0)
(377.0,370.0)
(370.0,370.0)
(370.0,370.0)
(370.0,370.0)
(447.0,370.0)
(447.0,370.0)
(370.0,370.0)
(785.0,370.0)
(377.0,370.0)
(370.0,370.0)
(370.0,370.0)
(447.0,370.0)
(370.0,370.0)
(370.0,370.0)
(370.0,370.0)
(447.0,370.0)
(447.0,370.0)
(370.0,370.0)
(447.0,370.0)
(370.0,370.0)
(369.0,370.0)
(370.0,370.0)
(370.0,370.0)
(417.0,370.0)
(370.0,370.0)
(785.0,370.0)
(370.0,370.0)
(370.0,370.0)
(370.0,370.0)
(370.0,370.0)
(370.0,370.0)
(435.0,370.0)
(447.0,370.0)
(377.0,370.0)
(447.0,370.0)
(447.0,370.0)
(370.0,370.0)
(377.0,370.0)
(447.0,370.0)
(490.0,370.0)
(370.0,370.0)
(370.0,370.0)
(370.0,370.0)
(370.0,370.0)
(370.0,370.0)
(369.0,370.0)
(370.0,370.0)
(370.0,370.0)
(370.0,370.0)
(482.0,370.0)
(447.0,370.0)
(370.0,370.0)
(370.0,370.0)
(369.0,370.0)
(370.0,370.0)
(370.0,370.0)
(447.0,370.0)
(370.0,370.0)
(370.0,370.0)
(447.0,370.0)
(370.0,370.0)
(370.0,370.0)
(370.0,370.0)
(370.0,370.0)
(370.0,370.0)
(447.0,370.0)
(369.0,370.0)
(370.0,370.0)
(370.0,370.0)
(370.0,370.0)
(447.0,370.0)
(447.0,370.0)
(370.0,370.0)
(370.0,370.0)
(370.0,370.0)
(370.0,370.0)
(377.0,370.0)
(370.0,370.0)
(370.0,370.0)
(370.0,370.0)
(482.0,370.0)
(368.0,370.0)
(447.0,370.0)
(370.0,370.0)
(370.0,370.0)
(370.0,370.0)
(370.0,370.0)
(370.0,370.0)
(381.0,370.0)
(370.0,370.0)
(442.0,370.0)
(370.0,370.0)
(370.0,370.0)
(370.0,370.0)
(370.0,370.0)
(370.0,370.0)
(370.0,370.0)
(370.0,370.0)
(370.0,370.0)
(370.0,370.0)
(370.0,370.0)
(370.0,370.0)
(370.0,370.0)
(370.0,370.0)
(370.0,370.0)
(370.0,370.0)
(417.0,370.0)
(370.0,370.0)
(370.0,370.0)
(370.0,370.0)
(370.0,370.0)
(370.0,370.0)
(370.0,370.0)
(442.0,370.0)
(785.0,370.0)
(370.0,370.0)
(370.0,370.0)
(370.0,370.0)
(370.0,370.0)
(447.0,370.0)
(370.0,370.0)
(370.0,370.0)
(370.0,370.0)
(785.0,370.0)
(369.0,370.0)
(482.0,370.0)
(370.0,370.0)
(370.0,370.0)
(370.0,370.0)
(370.0,370.0)
(370.0,370.0)
(370.0,370.0)
(370.0,370.0)
(370.0,370.0)
(370.0,370.0)
(370.0,370.0)
(370.0,370.0)
(370.0,370.0)
(370.0,370.0)
(370.0,370.0)
(447.0,370.0)
(370.0,370.0)
(370.0,370.0)
(370.0,370.0)
(370.0,370.0)
(370.0,370.0)
(434.0,370.0)
(370.0,370.0)
(370.0,370.0)
(370.0,370.0)
(370.0,370.0)
(370.0,370.0)
(785.0,370.0)
(370.0,370.0)
(370.0,370.0)
(370.0,370.0)
(370.0,370.0)
(370.0,370.0)
(482.0,370.0)
(370.0,370.0)
(370.0,370.0)
(370.0,370.0)
(370.0,370.0)
(370.0,370.0)
(370.0,370.0)
(370.0,370.0)
(447.0,370.0)
(370.0,370.0)
(354.0,370.0)
(370.0,370.0)
(377.0,370.0)
(370.0,370.0)
(370.0,370.0)
(370.0,370.0)
(370.0,370.0)
(370.0,370.0)
(370.0,370.0)
(370.0,370.0)
(370.0,370.0)
(370.0,370.0)
(447.0,370.0)
(370.0,370.0)
(370.0,370.0)
(370.0,370.0)
(370.0,370.0)
(369.0,370.0)
(370.0,370.0)
(370.0,370.0)
(370.0,370.0)
(370.0,370.0)
(370.0,370.0)
(370.0,370.0)
(370.0,370.0)
(370.0,370.0)
(369.0,370.0)
(370.0,370.0)
(370.0,370.0)
(370.0,370.0)
(370.0,370.0)
(370.0,370.0)
(370.0,370.0)
(370.0,370.0)
(370.0,370.0)
(370.0,370.0)
(370.0,370.0)
(370.0,370.0)
(370.0,370.0)
(370.0,370.0)
(370.0,370.0)
(447.0,370.0)
(370.0,370.0)
(370.0,370.0)
(370.0,370.0)
(370.0,370.0)
(370.0,370.0)
(370.0,370.0)
(370.0,370.0)
(370.0,370.0)
(370.0,370.0)
(370.0,370.0)
(370.0,370.0)
(370.0,370.0)
(370.0,370.0)
(369.0,370.0)
(369.0,370.0)
(370.0,370.0)
(370.0,370.0)
(370.0,370.0)
(370.0,370.0)
(370.0,370.0)
(370.0,370.0)
(370.0,370.0)
(370.0,370.0)
(447.0,370.0)
(370.0,370.0)
(370.0,370.0)
(370.0,370.0)
(370.0,370.0)
(370.0,370.0)
(370.0,370.0)
(370.0,370.0)
(370.0,370.0)
(370.0,370.0)
(370.0,370.0)
(370.0,370.0)
(465.0,370.0)
(370.0,370.0)
(370.0,370.0)
(354.0,370.0)
(370.0,370.0)
(447.0,370.0)
(447.0,370.0)
(370.0,370.0)
(370.0,370.0)
(370.0,370.0)
(370.0,370.0)
(447.0,370.0)
(370.0,370.0)
(370.0,370.0)
(447.0,370.0)
(785.0,370.0)
(369.0,370.0)
(370.0,370.0)
(370.0,370.0)
(370.0,370.0)
(370.0,370.0)
(370.0,370.0)
(370.0,370.0)
(370.0,370.0)
(370.0,370.0)
(370.0,370.0)
(370.0,370.0)
(370.0,370.0)
(370.0,370.0)
(370.0,370.0)
(442.0,370.0)
(370.0,370.0)
(370.0,370.0)
(370.0,370.0)
(370.0,370.0)
(370.0,370.0)
(435.0,370.0)
(370.0,370.0)
(370.0,370.0)
(370.0,370.0)
(386.0,370.0)
(370.0,370.0)
(369.0,370.0)
(370.0,370.0)
(370.0,370.0)
(370.0,370.0)
(370.0,370.0)
(370.0,370.0)
(370.0,370.0)
(370.0,370.0)
(370.0,370.0)
(370.0,370.0)
(370.0,370.0)
(370.0,370.0)
(370.0,370.0)
(370.0,370.0)
(370.0,370.0)
(370.0,370.0)
(447.0,370.0)
(370.0,370.0)
(370.0,370.0)
(370.0,370.0)
(370.0,370.0)
(370.0,370.0)
(369.0,370.0)
(370.0,370.0)
(377.0,370.0)
(370.0,370.0)
(370.0,370.0)
(370.0,370.0)
(417.0,370.0)
(370.0,370.0)
(447.0,370.0)
(370.0,370.0)
(370.0,370.0)
(370.0,370.0)
(370.0,370.0)
(369.0,370.0)
(370.0,370.0)
(370.0,370.0)
(370.0,370.0)
(370.0,370.0)
(370.0,370.0)
(370.0,370.0)
(370.0,370.0)
(369.0,370.0)
(370.0,370.0)
(482.0,370.0)
(370.0,370.0)
(370.0,370.0)
(447.0,370.0)
(377.0,370.0)
(370.0,370.0)
(370.0,370.0)
(435.0,370.0)
(370.0,370.0)
(370.0,370.0)
(370.0,370.0)
(370.0,370.0)
(370.0,370.0)
(370.0,370.0)
(370.0,370.0)
(447.0,370.0)
(447.0,370.0)
(370.0,370.0)
(370.0,370.0)
(370.0,370.0)
(370.0,370.0)
(785.0,370.0)
(370.0,370.0)
(370.0,370.0)
(447.0,370.0)
(370.0,370.0)
(370.0,370.0)
(370.0,370.0)
(370.0,370.0)
(370.0,370.0)
(370.0,370.0)
(370.0,370.0)
(370.0,370.0)
(370.0,370.0)
(370.0,370.0)
(370.0,370.0)
(370.0,370.0)
(370.0,370.0)
(370.0,370.0)
(370.0,370.0)
(370.0,370.0)
(370.0,370.0)
(370.0,370.0)
(370.0,370.0)
(370.0,370.0)
(370.0,370.0)
(417.0,370.0)
(447.0,370.0)
(370.0,370.0)
(370.0,370.0)
(370.0,370.0)
(370.0,370.0)
(370.0,370.0)
(370.0,370.0)
(370.0,370.0)
(370.0,370.0)
(370.0,370.0)
(370.0,370.0)
(370.0,370.0)
(370.0,370.0)
(370.0,370.0)
(370.0,370.0)
(370.0,370.0)
(370.0,370.0)
(370.0,370.0)
(370.0,370.0)
(370.0,370.0)
(370.0,370.0)
(447.0,370.0)
(370.0,370.0)
(435.0,370.0)
(370.0,370.0)
(370.0,370.0)
(370.0,370.0)
(370.0,370.0)
(370.0,370.0)
(370.0,370.0)
(370.0,370.0)
(370.0,370.0)
(369.0,370.0)
(369.0,370.0)
(370.0,370.0)
(370.0,370.0)
(370.0,370.0)
(370.0,370.0)
(370.0,370.0)
(370.0,370.0)
(370.0,370.0)
(442.0,370.0)
(370.0,370.0)
(370.0,370.0)
(370.0,370.0)
(370.0,370.0)
(370.0,370.0)
(370.0,370.0)
(370.0,370.0)
(370.0,370.0)
(370.0,370.0)
(370.0,370.0)
(370.0,370.0)
(370.0,370.0)
(369.0,370.0)
(370.0,370.0)
(370.0,370.0)
(370.0,370.0)
(370.0,370.0)
(370.0,370.0)
(370.0,370.0)
(370.0,370.0)
(370.0,370.0)
(370.0,370.0)
(370.0,370.0)
(370.0,370.0)
(370.0,370.0)
(370.0,370.0)
(370.0,370.0)
(785.0,370.0)
(370.0,370.0)
(370.0,370.0)
(370.0,370.0)
(370.0,370.0)
(370.0,370.0)
(370.0,370.0)
(370.0,370.0)
(785.0,370.0)
(370.0,370.0)
(370.0,370.0)
(370.0,370.0)
(370.0,370.0)
(370.0,370.0)
(737.0,370.0)
(370.0,370.0)
(370.0,370.0)
(370.0,370.0)
(370.0,370.0)
(370.0,370.0)
(370.0,370.0)
(785.0,370.0)
(370.0,370.0)
(369.0,370.0)
(370.0,370.0)
(370.0,370.0)
(370.0,370.0)
(370.0,370.0)
(370.0,370.0)
(370.0,370.0)
(370.0,370.0)
(447.0,370.0)
(370.0,370.0)
(370.0,370.0)
(370.0,370.0)
(370.0,370.0)
(447.0,370.0)
(370.0,370.0)
(369.0,370.0)
(435.0,370.0)
(377.0,370.0)
(370.0,370.0)
(370.0,370.0)
(370.0,370.0)
(370.0,370.0)
(370.0,370.0)
(370.0,370.0)
(370.0,370.0)
(370.0,370.0)
(447.0,370.0)
(370.0,370.0)
(370.0,370.0)
(370.0,370.0)
(370.0,370.0)
(370.0,370.0)
(370.0,370.0)
(370.0,370.0)
(370.0,370.0)
(370.0,370.0)
(370.0,370.0)
(370.0,370.0)
(447.0,370.0)
(447.0,370.0)
(370.0,370.0)
(370.0,370.0)
(370.0,370.0)
(369.0,370.0)
(377.0,370.0)
(370.0,370.0)
(370.0,370.0)
(370.0,370.0)
(370.0,370.0)
(370.0,370.0)
(370.0,370.0)
(370.0,370.0)
(369.0,370.0)
(370.0,370.0)
(377.0,370.0)
(370.0,370.0)
(785.0,370.0)
(370.0,370.0)
(370.0,370.0)
(370.0,370.0)
(370.0,370.0)
(370.0,370.0)
(370.0,370.0)
(370.0,370.0)
(370.0,370.0)
(370.0,370.0)
(370.0,370.0)
(370.0,370.0)
(370.0,370.0)
(370.0,370.0)
(370.0,370.0)
(785.0,370.0)
(370.0,370.0)
(370.0,370.0)
(370.0,370.0)
(370.0,370.0)
(370.0,370.0)
(370.0,370.0)
(370.0,370.0)
(370.0,370.0)
(370.0,370.0)
(370.0,370.0)
(370.0,370.0)
(370.0,370.0)
(370.0,370.0)
(417.0,370.0)
(785.0,370.0)
(370.0,370.0)
(370.0,370.0)
(354.0,370.0)
(370.0,370.0)
(370.0,370.0)
(370.0,370.0)
(785.0,370.0)
(370.0,370.0)
(370.0,370.0)
(370.0,370.0)
(370.0,370.0)
(370.0,370.0)
(442.0,370.0)
(370.0,370.0)
(447.0,370.0)
(370.0,370.0)
(369.0,370.0)
(370.0,370.0)
(370.0,370.0)
(370.0,370.0)
(370.0,370.0)
(370.0,370.0)
(370.0,370.0)
(370.0,370.0)
(370.0,370.0)
(370.0,370.0)
(370.0,370.0)
(370.0,370.0)
(785.0,370.0)
(370.0,370.0)
(369.0,370.0)
(370.0,370.0)
(370.0,370.0)
(370.0,370.0)
(370.0,370.0)
(370.0,370.0)
(370.0,370.0)
(370.0,370.0)
(370.0,370.0)
(442.0,370.0)
(370.0,370.0)
(370.0,370.0)
(370.0,370.0)
(370.0,370.0)
(370.0,370.0)
(370.0,370.0)
(370.0,370.0)
(370.0,370.0)
(370.0,370.0)
(369.0,370.0)
(370.0,370.0)
(370.0,370.0)
(370.0,370.0)
(370.0,370.0)
(370.0,370.0)
(447.0,370.0)
(447.0,370.0)
(370.0,370.0)
(370.0,370.0)
(370.0,370.0)
(370.0,370.0)
(370.0,370.0)
(370.0,370.0)
(370.0,370.0)
(370.0,370.0)
(370.0,370.0)
(370.0,370.0)
(370.0,370.0)
(370.0,370.0)
(370.0,370.0)
(370.0,370.0)
(370.0,370.0)
(370.0,370.0)
(785.0,370.0)
(370.0,370.0)
(370.0,370.0)
(370.0,370.0)
(370.0,370.0)
(370.0,370.0)
(370.0,370.0)
(370.0,370.0)
(370.0,370.0)
(370.0,370.0)
(370.0,370.0)
(370.0,370.0)
(447.0,370.0)
(370.0,370.0)
(370.0,370.0)
(370.0,370.0)
(370.0,370.0)
(370.0,370.0)
(370.0,370.0)
(370.0,370.0)
(370.0,370.0)
(370.0,370.0)
(370.0,370.0)
(370.0,370.0)
(370.0,370.0)
(370.0,370.0)
(370.0,370.0)
(370.0,370.0)
(370.0,370.0)
(370.0,370.0)
(370.0,370.0)
(370.0,370.0)
(370.0,370.0)
(370.0,370.0)
(370.0,370.0)
(370.0,370.0)
(370.0,370.0)
(370.0,370.0)
(370.0,370.0)
(413.0,370.0)
(370.0,370.0)
(370.0,370.0)
(435.0,370.0)
(370.0,370.0)
(369.0,370.0)
(370.0,370.0)
(370.0,370.0)
(370.0,370.0)
(447.0,370.0)
(370.0,370.0)
(370.0,370.0)
(370.0,370.0)
(370.0,370.0)
(370.0,370.0)
(785.0,370.0)
(370.0,370.0)
(370.0,370.0)
(370.0,370.0)
(370.0,370.0)
(370.0,370.0)
(447.0,370.0)
(370.0,370.0)
(370.0,370.0)
(370.0,370.0)
(370.0,370.0)
(370.0,370.0)
(370.0,370.0)
(370.0,370.0)
(370.0,370.0)
(370.0,370.0)
(370.0,370.0)
(370.0,370.0)
(447.0,370.0)
(370.0,370.0)
(369.0,370.0)
(370.0,370.0)
(370.0,370.0)
(447.0,370.0)
(370.0,370.0)
(370.0,370.0)
(370.0,370.0)
(370.0,370.0)
(370.0,370.0)
(370.0,370.0)
(370.0,370.0)
(370.0,370.0)
(370.0,370.0)
(370.0,370.0)
(370.0,370.0)
(370.0,370.0)
(370.0,370.0)
(370.0,370.0)
(370.0,370.0)
(370.0,370.0)
(354.0,370.0)
(370.0,370.0)
(370.0,370.0)
(370.0,370.0)
(370.0,370.0)
(370.0,370.0)
(370.0,370.0)
(370.0,370.0)
(447.0,370.0)
(370.0,370.0)
(370.0,370.0)
(370.0,370.0)
(435.0,370.0)
(370.0,370.0)
(370.0,370.0)
(370.0,370.0)
(370.0,370.0)
(785.0,370.0)
(370.0,370.0)
(370.0,370.0)
(459.0,370.0)
(447.0,370.0)
(370.0,370.0)
(370.0,370.0)
(370.0,370.0)
(435.0,370.0)
(370.0,370.0)
(370.0,370.0)
(370.0,370.0)
(370.0,370.0)
(370.0,370.0)
(370.0,370.0)
(370.0,370.0)
(370.0,370.0)
(370.0,370.0)
(370.0,370.0)
(370.0,370.0)
(370.0,370.0)
(370.0,370.0)
(370.0,370.0)
(370.0,370.0)
(370.0,370.0)
(370.0,370.0)
(417.0,370.0)
(447.0,370.0)
(370.0,370.0)
(370.0,370.0)
(370.0,370.0)
(370.0,370.0)
(370.0,370.0)
(370.0,370.0)
(435.0,370.0)
(370.0,370.0)
(370.0,370.0)
(370.0,370.0)
(370.0,370.0)
(370.0,370.0)
(447.0,370.0)
(370.0,370.0)
(370.0,370.0)
(370.0,370.0)
(370.0,370.0)
(370.0,370.0)
(370.0,370.0)
(447.0,370.0)
(370.0,370.0)
(354.0,370.0)
(370.0,370.0)
(370.0,370.0)
(370.0,370.0)
(370.0,370.0)
(370.0,370.0)
(370.0,370.0)
(370.0,370.0)
(370.0,370.0)
(369.0,370.0)
(369.0,370.0)
(370.0,370.0)
(785.0,370.0)
(369.0,370.0)
(370.0,370.0)
(370.0,370.0)
(370.0,370.0)
(370.0,370.0)
(370.0,370.0)
(370.0,370.0)
(370.0,370.0)
(370.0,370.0)
(370.0,370.0)
(370.0,370.0)
(370.0,370.0)
(370.0,370.0)
(370.0,370.0)
(370.0,370.0)
(370.0,370.0)
(370.0,370.0)
(370.0,370.0)
(369.0,370.0)
(370.0,370.0)
(370.0,370.0)
(370.0,370.0)
(370.0,370.0)
(370.0,370.0)
(370.0,370.0)
(370.0,370.0)
(370.0,370.0)
(370.0,370.0)
(370.0,370.0)
(370.0,370.0)
(370.0,370.0)
(370.0,370.0)
(370.0,370.0)
(370.0,370.0)
(370.0,370.0)
(370.0,370.0)
(370.0,370.0)
(370.0,370.0)
(370.0,370.0)
(370.0,370.0)
(370.0,370.0)
(370.0,370.0)
(370.0,370.0)
(370.0,370.0)
(370.0,370.0)
(370.0,370.0)
(370.0,370.0)
(370.0,370.0)
(370.0,370.0)
(370.0,370.0)
(370.0,370.0)
(370.0,370.0)
(370.0,370.0)
(370.0,370.0)
(370.0,370.0)
(370.0,370.0)
(370.0,370.0)
(370.0,370.0)
(737.0,370.0)
(370.0,370.0)
(370.0,370.0)
(370.0,370.0)
(370.0,370.0)
(370.0,370.0)
(370.0,370.0)
(370.0,370.0)
(370.0,370.0)
(370.0,370.0)
(370.0,370.0)
(370.0,370.0)
(370.0,370.0)
(370.0,370.0)
(785.0,370.0)
(370.0,370.0)
(370.0,370.0)
(370.0,370.0)
(369.0,370.0)
(447.0,370.0)
(785.0,370.0)
(370.0,370.0)
(370.0,370.0)
(370.0,370.0)
(370.0,370.0)
(413.0,370.0)
(370.0,370.0)
(370.0,370.0)
(350.0,370.0)
(370.0,370.0)
(370.0,370.0)
(370.0,370.0)
(370.0,370.0)
(370.0,370.0)
(370.0,370.0)
(369.0,370.0)
(370.0,370.0)
(370.0,370.0)
(370.0,370.0)
(370.0,370.0)
(370.0,370.0)
(370.0,370.0)
(370.0,370.0)
(370.0,370.0)
(370.0,370.0)
(785.0,370.0)
(370.0,370.0)
(370.0,370.0)
(370.0,370.0)
(370.0,370.0)
(435.0,370.0)
(370.0,370.0)
(370.0,370.0)
(370.0,370.0)
(370.0,370.0)
(370.0,370.0)
(447.0,370.0)
(370.0,370.0)
(370.0,370.0)
(370.0,370.0)
(785.0,370.0)
(370.0,370.0)
(370.0,370.0)
(370.0,370.0)
(370.0,370.0)
(370.0,370.0)
(370.0,370.0)
(377.0,370.0)
(370.0,370.0)
(370.0,370.0)
(370.0,370.0)
(370.0,370.0)
(370.0,370.0)
(370.0,370.0)
(370.0,370.0)
(370.0,370.0)
(370.0,370.0)
(370.0,370.0)
(354.0,370.0)
(370.0,370.0)
(370.0,370.0)
(370.0,370.0)
(370.0,370.0)
(370.0,370.0)
(370.0,370.0)
(370.0,370.0)
(370.0,370.0)
(370.0,370.0)
(447.0,370.0)
(370.0,370.0)
(417.0,370.0)
(370.0,370.0)
(370.0,370.0)
(370.0,370.0)
(435.0,370.0)
(370.0,370.0)
(370.0,370.0)
(370.0,370.0)
(370.0,370.0)
(370.0,370.0)
(370.0,370.0)
(370.0,370.0)
(413.0,370.0)
(369.0,370.0)
(370.0,370.0)
(370.0,370.0)
(370.0,370.0)
(370.0,370.0)
(370.0,370.0)
(370.0,370.0)
(370.0,370.0)
(354.0,370.0)
(370.0,370.0)
(370.0,370.0)
(370.0,370.0)
(370.0,370.0)
(447.0,370.0)
(370.0,370.0)
(370.0,370.0)
(370.0,370.0)
(370.0,370.0)
(370.0,370.0)
(785.0,370.0)
(370.0,370.0)
(370.0,370.0)
(370.0,370.0)
(370.0,370.0)
(370.0,370.0)
(369.0,370.0)
(370.0,370.0)
(482.0,370.0)
(482.0,370.0)
(370.0,370.0)
(370.0,370.0)
(785.0,370.0)
(370.0,370.0)
(370.0,370.0)
(370.0,370.0)
(370.0,370.0)
(370.0,370.0)
(370.0,370.0)
(370.0,370.0)
(370.0,370.0)
(370.0,370.0)
(370.0,370.0)
(369.0,370.0)
(370.0,370.0)
(370.0,370.0)
(370.0,370.0)
(370.0,370.0)
(370.0,370.0)
(370.0,370.0)
(370.0,370.0)
(370.0,370.0)
(370.0,370.0)
(370.0,370.0)
(370.0,370.0)
(417.0,370.0)
(370.0,370.0)
(413.0,370.0)
(370.0,370.0)
(370.0,370.0)
(370.0,370.0)
(370.0,370.0)
(370.0,370.0)
(370.0,370.0)
(370.0,370.0)
(370.0,370.0)
(370.0,370.0)
(370.0,370.0)
(370.0,370.0)
(370.0,370.0)
(370.0,370.0)
(370.0,370.0)
(370.0,370.0)
(370.0,370.0)
(370.0,370.0)
(370.0,370.0)
(417.0,370.0)
(370.0,370.0)
(370.0,370.0)
(370.0,370.0)
(370.0,370.0)
(370.0,370.0)
(370.0,370.0)
(370.0,370.0)
(370.0,370.0)
(370.0,370.0)
(442.0,370.0)
(370.0,370.0)
(370.0,370.0)
(370.0,370.0)
(447.0,370.0)
(370.0,370.0)
(370.0,370.0)
(370.0,370.0)
(417.0,370.0)
(370.0,370.0)
(370.0,370.0)
(447.0,370.0)
(370.0,370.0)
(370.0,370.0)
(370.0,370.0)
(370.0,370.0)
(447.0,370.0)
(370.0,370.0)
(369.0,370.0)
(435.0,370.0)
(377.0,370.0)
(370.0,370.0)
(370.0,370.0)
(370.0,370.0)
(370.0,370.0)
(370.0,370.0)
(370.0,370.0)
(370.0,370.0)
(370.0,370.0)
(369.0,370.0)
(370.0,370.0)
(370.0,370.0)
(370.0,370.0)
(370.0,370.0)
(370.0,370.0)
(370.0,370.0)
(370.0,370.0)
(370.0,370.0)
(370.0,370.0)
(370.0,370.0)
(370.0,370.0)
(447.0,370.0)
(370.0,370.0)
(370.0,370.0)
(370.0,370.0)
(370.0,370.0)
(369.0,370.0)
(377.0,370.0)
(370.0,370.0)
(370.0,370.0)
(370.0,370.0)
(370.0,370.0)
(370.0,370.0)
(370.0,370.0)
(370.0,370.0)
(369.0,370.0)
(370.0,370.0)
(370.0,370.0)
(370.0,370.0)
(785.0,370.0)
(370.0,370.0)
(370.0,370.0)
(370.0,370.0)
(370.0,370.0)
(370.0,370.0)
(370.0,370.0)
(370.0,370.0)
(370.0,370.0)
(370.0,370.0)
(370.0,370.0)
(370.0,370.0)
(370.0,370.0)
(370.0,370.0)
(370.0,370.0)
(785.0,370.0)
(370.0,370.0)
(370.0,370.0)
(370.0,370.0)
(370.0,370.0)
(370.0,370.0)
(370.0,370.0)
(370.0,370.0)
(370.0,370.0)
(370.0,370.0)
(370.0,370.0)
(370.0,370.0)
(370.0,370.0)
(370.0,370.0)
(417.0,370.0)
(370.0,370.0)
(370.0,370.0)
(370.0,370.0)
(354.0,370.0)
(370.0,370.0)
(370.0,370.0)
(370.0,370.0)
(785.0,370.0)
(785.0,370.0)
(370.0,370.0)
(370.0,370.0)
(370.0,370.0)
(370.0,370.0)
(442.0,370.0)
(370.0,370.0)
(447.0,370.0)
(370.0,370.0)
(369.0,370.0)
(370.0,370.0)
(447.0,370.0)
(370.0,370.0)
(370.0,370.0)
(370.0,370.0)
(370.0,370.0)
(370.0,370.0)
(370.0,370.0)
(370.0,370.0)
(370.0,370.0)
(785.0,370.0)
(370.0,370.0)
(369.0,370.0)
(370.0,370.0)
(370.0,370.0)
(370.0,370.0)
(370.0,370.0)
(370.0,370.0)
(370.0,370.0)
(370.0,370.0)
(370.0,370.0)
(785.0,370.0)
(370.0,370.0)
(370.0,370.0)
(370.0,370.0)
(370.0,370.0)
(370.0,370.0)
(370.0,370.0)
(370.0,370.0)
(370.0,370.0)
(370.0,370.0)
(369.0,370.0)
(370.0,370.0)
(370.0,370.0)
(370.0,370.0)
(370.0,370.0)
(370.0,370.0)
(447.0,370.0)
(447.0,370.0)
(370.0,370.0)
(447.0,370.0)
(370.0,370.0)
(370.0,370.0)
(370.0,370.0)
(370.0,370.0)
(370.0,370.0)
(370.0,370.0)
(370.0,370.0)
(370.0,370.0)
(370.0,370.0)
(370.0,370.0)
(370.0,370.0)
(370.0,370.0)
(370.0,370.0)
(370.0,370.0)
(785.0,370.0)
(370.0,370.0)
(370.0,370.0)
(370.0,370.0)
(370.0,370.0)
(370.0,370.0)
(370.0,370.0)
(370.0,370.0)
(370.0,370.0)
(370.0,370.0)
(370.0,370.0)
(370.0,370.0)
(447.0,370.0)
(370.0,370.0)
(370.0,370.0)
(370.0,370.0)
(370.0,370.0)
(370.0,370.0)
(370.0,370.0)
(370.0,370.0)
(370.0,370.0)
(370.0,370.0)
(370.0,370.0)
(370.0,370.0)
(370.0,370.0)
(370.0,370.0)
(370.0,370.0)
(370.0,370.0)
(370.0,370.0)
(370.0,370.0)
(370.0,370.0)
(370.0,370.0)
(370.0,370.0)
(370.0,370.0)
(370.0,370.0)
(370.0,370.0)
(370.0,370.0)
(370.0,370.0)
(370.0,370.0)
(413.0,370.0)
(370.0,370.0)
(370.0,370.0)
(447.0,370.0)
(417.0,370.0)
(417.0,370.0)
(370.0,370.0)
(447.0,370.0)
(370.0,370.0)
(370.0,370.0)
(417.0,370.0)
(447.0,370.0)
(370.0,370.0)
(435.0,370.0)
(447.0,370.0)
(417.0,370.0)
(370.0,370.0)
(370.0,370.0)
(370.0,370.0)
(417.0,370.0)
(370.0,370.0)
(417.0,370.0)
(370.0,370.0)
(370.0,370.0)
(370.0,370.0)
(370.0,370.0)
(417.0,370.0)
(370.0,370.0)
(785.0,370.0)
(370.0,370.0)
(370.0,370.0)
(417.0,370.0)
(370.0,370.0)
(370.0,370.0)
(417.0,370.0)
(447.0,370.0)
(370.0,370.0)
(447.0,370.0)
(370.0,370.0)
(417.0,370.0)
(447.0,370.0)
(417.0,370.0)
(370.0,370.0)
(370.0,370.0)
(370.0,370.0)
(370.0,370.0)
(370.0,370.0)
(447.0,370.0)
(406.0,370.0)
(370.0,370.0)
(417.0,370.0)
(487.0,370.0)
(370.0,370.0)
(370.0,370.0)
(370.0,370.0)
(370.0,370.0)
(370.0,370.0)
(370.0,370.0)
(370.0,370.0)
