(399.0,424.0)
(763.0,424.0)
(424.0,424.0)
(424.0,424.0)
(388.0,424.0)
(763.0,424.0)
(424.0,424.0)
(399.0,424.0)
(386.0,424.0)
(388.0,424.0)
(388.0,424.0)
(386.0,424.0)
(388.0,424.0)
(424.0,424.0)
(763.0,424.0)
(424.0,424.0)
(763.0,424.0)
(424.0,424.0)
(424.0,424.0)
(763.0,424.0)
(798.0,424.0)
(388.0,424.0)
(399.0,424.0)
(763.0,424.0)
(388.0,424.0)
(388.0,424.0)
(388.0,424.0)
(388.0,424.0)
(424.0,424.0)
(417.0,424.0)
(763.0,424.0)
(424.0,424.0)
(763.0,424.0)
(763.0,424.0)
(417.0,424.0)
(388.0,424.0)
(417.0,424.0)
(763.0,424.0)
(763.0,424.0)
(763.0,424.0)
(763.0,424.0)
(388.0,424.0)
(388.0,424.0)
(424.0,424.0)
(417.0,424.0)
(424.0,424.0)
(388.0,424.0)
(763.0,424.0)
(388.0,424.0)
(763.0,424.0)
(424.0,424.0)
(424.0,424.0)
(424.0,424.0)
(424.0,424.0)
(424.0,424.0)
(763.0,424.0)
(424.0,424.0)
(424.0,424.0)
(388.0,424.0)
(424.0,424.0)
(424.0,424.0)
(388.0,424.0)
(388.0,424.0)
(386.0,424.0)
(424.0,424.0)
(388.0,424.0)
(388.0,424.0)
(388.0,424.0)
(388.0,424.0)
(459.0,424.0)
(388.0,424.0)
(763.0,424.0)
(388.0,424.0)
(388.0,424.0)
(388.0,424.0)
(763.0,424.0)
(388.0,424.0)
(424.0,424.0)
(386.0,424.0)
(388.0,424.0)
(763.0,424.0)
(388.0,424.0)
(388.0,424.0)
(424.0,424.0)
(763.0,424.0)
(763.0,424.0)
(399.0,424.0)
(763.0,424.0)
(388.0,424.0)
(763.0,424.0)
(388.0,424.0)
(388.0,424.0)
(424.0,424.0)
(763.0,424.0)
(771.0,424.0)
(388.0,424.0)
(424.0,424.0)
(424.0,424.0)
(399.0,424.0)
(424.0,424.0)
(424.0,424.0)
(763.0,424.0)
(388.0,424.0)
(388.0,424.0)
(399.0,424.0)
(763.0,424.0)
(424.0,424.0)
(424.0,424.0)
(771.0,424.0)
(386.0,424.0)
(424.0,424.0)
(424.0,424.0)
(763.0,424.0)
(424.0,424.0)
(388.0,424.0)
(763.0,424.0)
(424.0,424.0)
(417.0,424.0)
(424.0,424.0)
(763.0,424.0)
(388.0,424.0)
(763.0,424.0)
(388.0,424.0)
(424.0,424.0)
(763.0,424.0)
(424.0,424.0)
(386.0,424.0)
(388.0,424.0)
(388.0,424.0)
(763.0,424.0)
(424.0,424.0)
(388.0,424.0)
(424.0,424.0)
(763.0,424.0)
(424.0,424.0)
(763.0,424.0)
(424.0,424.0)
(424.0,424.0)
(763.0,424.0)
(763.0,424.0)
(388.0,424.0)
(388.0,424.0)
(424.0,424.0)
(424.0,424.0)
(424.0,424.0)
(388.0,424.0)
(424.0,424.0)
(763.0,424.0)
(388.0,424.0)
(388.0,424.0)
(763.0,424.0)
(763.0,424.0)
(424.0,424.0)
(388.0,424.0)
(763.0,424.0)
(763.0,424.0)
(424.0,424.0)
(763.0,424.0)
(763.0,424.0)
(763.0,424.0)
(424.0,424.0)
(386.0,424.0)
(424.0,424.0)
(388.0,424.0)
(388.0,424.0)
(386.0,424.0)
(763.0,424.0)
(763.0,424.0)
(386.0,424.0)
(391.0,424.0)
(386.0,424.0)
(386.0,424.0)
(388.0,424.0)
(417.0,424.0)
(424.0,424.0)
(763.0,424.0)
(424.0,424.0)
(424.0,424.0)
(424.0,424.0)
(763.0,424.0)
(388.0,424.0)
(763.0,424.0)
(388.0,424.0)
(424.0,424.0)
(424.0,424.0)
(798.0,424.0)
(424.0,424.0)
(424.0,424.0)
(424.0,424.0)
(763.0,424.0)
(424.0,424.0)
(424.0,424.0)
(763.0,424.0)
(386.0,424.0)
(388.0,424.0)
(388.0,424.0)
(386.0,424.0)
(386.0,424.0)
(763.0,424.0)
(763.0,424.0)
(424.0,424.0)
(763.0,424.0)
(386.0,424.0)
(763.0,424.0)
(388.0,424.0)
(763.0,424.0)
(763.0,424.0)
(763.0,424.0)
(388.0,424.0)
(424.0,424.0)
(763.0,424.0)
(424.0,424.0)
(424.0,424.0)
(438.0,424.0)
(388.0,424.0)
(763.0,424.0)
(424.0,424.0)
(424.0,424.0)
(386.0,424.0)
(798.0,424.0)
(424.0,424.0)
(386.0,424.0)
(417.0,424.0)
(763.0,424.0)
(402.0,424.0)
(424.0,424.0)
(399.0,424.0)
(763.0,424.0)
(763.0,424.0)
(388.0,424.0)
(424.0,424.0)
(763.0,424.0)
(399.0,424.0)
(430.0,424.0)
(763.0,424.0)
(424.0,424.0)
(763.0,424.0)
(763.0,424.0)
(424.0,424.0)
(388.0,424.0)
(424.0,424.0)
(388.0,424.0)
(388.0,424.0)
(424.0,424.0)
(388.0,424.0)
(771.0,424.0)
(763.0,424.0)
(386.0,424.0)
(388.0,424.0)
(424.0,424.0)
(388.0,424.0)
(424.0,424.0)
(386.0,424.0)
(424.0,424.0)
(763.0,424.0)
(388.0,424.0)
(399.0,424.0)
(386.0,424.0)
(388.0,424.0)
(390.0,424.0)
(424.0,424.0)
(424.0,424.0)
(388.0,424.0)
(388.0,424.0)
(798.0,424.0)
(399.0,424.0)
(388.0,424.0)
(763.0,424.0)
(399.0,424.0)
(763.0,424.0)
(424.0,424.0)
(424.0,424.0)
(388.0,424.0)
(424.0,424.0)
(424.0,424.0)
(388.0,424.0)
(424.0,424.0)
(398.0,424.0)
(424.0,424.0)
(402.0,424.0)
(388.0,424.0)
(386.0,424.0)
(461.0,424.0)
(386.0,424.0)
(386.0,424.0)
(798.0,424.0)
(424.0,424.0)
(763.0,424.0)
(438.0,424.0)
(763.0,424.0)
(763.0,424.0)
(403.0,424.0)
(388.0,424.0)
(424.0,424.0)
(763.0,424.0)
(388.0,424.0)
(424.0,424.0)
(388.0,424.0)
(424.0,424.0)
(388.0,424.0)
(763.0,424.0)
(763.0,424.0)
(388.0,424.0)
(386.0,424.0)
(388.0,424.0)
(430.0,424.0)
(424.0,424.0)
(424.0,424.0)
(424.0,424.0)
(798.0,424.0)
(763.0,424.0)
(388.0,424.0)
(424.0,424.0)
(763.0,424.0)
(386.0,424.0)
(763.0,424.0)
(399.0,424.0)
(386.0,424.0)
(424.0,424.0)
(424.0,424.0)
(424.0,424.0)
(763.0,424.0)
(763.0,424.0)
(424.0,424.0)
(388.0,424.0)
(417.0,424.0)
(763.0,424.0)
(424.0,424.0)
(424.0,424.0)
(424.0,424.0)
(424.0,424.0)
(386.0,424.0)
(388.0,424.0)
(388.0,424.0)
(424.0,424.0)
(388.0,424.0)
(763.0,424.0)
(424.0,424.0)
(388.0,424.0)
(402.0,424.0)
(424.0,424.0)
(763.0,424.0)
(763.0,424.0)
(763.0,424.0)
(402.0,424.0)
(424.0,424.0)
(386.0,424.0)
(763.0,424.0)
(763.0,424.0)
(388.0,424.0)
(402.0,424.0)
(388.0,424.0)
(390.0,424.0)
(763.0,424.0)
(763.0,424.0)
(763.0,424.0)
(448.0,424.0)
(388.0,424.0)
(424.0,424.0)
(402.0,424.0)
(798.0,424.0)
(424.0,424.0)
(388.0,424.0)
(763.0,424.0)
(798.0,424.0)
(763.0,424.0)
(424.0,424.0)
(388.0,424.0)
(424.0,424.0)
(763.0,424.0)
(388.0,424.0)
(424.0,424.0)
(424.0,424.0)
(763.0,424.0)
(388.0,424.0)
(424.0,424.0)
(424.0,424.0)
(388.0,424.0)
(388.0,424.0)
(763.0,424.0)
(388.0,424.0)
(763.0,424.0)
(763.0,424.0)
(798.0,424.0)
(388.0,424.0)
(763.0,424.0)
(388.0,424.0)
(424.0,424.0)
(388.0,424.0)
(424.0,424.0)
(763.0,424.0)
(424.0,424.0)
(424.0,424.0)
(424.0,424.0)
(388.0,424.0)
(763.0,424.0)
(388.0,424.0)
(388.0,424.0)
(424.0,424.0)
(388.0,424.0)
(763.0,424.0)
(388.0,424.0)
(763.0,424.0)
(388.0,424.0)
(424.0,424.0)
(386.0,424.0)
(388.0,424.0)
(763.0,424.0)
(424.0,424.0)
(386.0,424.0)
(417.0,424.0)
(388.0,424.0)
(390.0,424.0)
(424.0,424.0)
(424.0,424.0)
(763.0,424.0)
(802.0,424.0)
(763.0,424.0)
(424.0,424.0)
(424.0,424.0)
(763.0,424.0)
(424.0,424.0)
(424.0,424.0)
(424.0,424.0)
(388.0,424.0)
(388.0,424.0)
(424.0,424.0)
(388.0,424.0)
(763.0,424.0)
(424.0,424.0)
(388.0,424.0)
(388.0,424.0)
(424.0,424.0)
(388.0,424.0)
(388.0,424.0)
(388.0,424.0)
(763.0,424.0)
(417.0,424.0)
(388.0,424.0)
(763.0,424.0)
(417.0,424.0)
(763.0,424.0)
(388.0,424.0)
(417.0,424.0)
(763.0,424.0)
(388.0,424.0)
(386.0,424.0)
(399.0,424.0)
(388.0,424.0)
(388.0,424.0)
(763.0,424.0)
(763.0,424.0)
(424.0,424.0)
(388.0,424.0)
(388.0,424.0)
(424.0,424.0)
(424.0,424.0)
(424.0,424.0)
(424.0,424.0)
(400.0,424.0)
(763.0,424.0)
(424.0,424.0)
(388.0,424.0)
(424.0,424.0)
(399.0,424.0)
(763.0,424.0)
(388.0,424.0)
(424.0,424.0)
(763.0,424.0)
(424.0,424.0)
(430.0,424.0)
(388.0,424.0)
(763.0,424.0)
(763.0,424.0)
(388.0,424.0)
(424.0,424.0)
(763.0,424.0)
(386.0,424.0)
(763.0,424.0)
(388.0,424.0)
(763.0,424.0)
(763.0,424.0)
(763.0,424.0)
(759.0,424.0)
(424.0,424.0)
(461.0,424.0)
(386.0,424.0)
(388.0,424.0)
(424.0,424.0)
(424.0,424.0)
(388.0,424.0)
(424.0,424.0)
(388.0,424.0)
(424.0,424.0)
(388.0,424.0)
(763.0,424.0)
(388.0,424.0)
(386.0,424.0)
(424.0,424.0)
(388.0,424.0)
(763.0,424.0)
(424.0,424.0)
(424.0,424.0)
(424.0,424.0)
(388.0,424.0)
(763.0,424.0)
(388.0,424.0)
(388.0,424.0)
(399.0,424.0)
(388.0,424.0)
(386.0,424.0)
(399.0,424.0)
(386.0,424.0)
(388.0,424.0)
(424.0,424.0)
(424.0,424.0)
(424.0,424.0)
(424.0,424.0)
(430.0,424.0)
(763.0,424.0)
(802.0,424.0)
(763.0,424.0)
(424.0,424.0)
(424.0,424.0)
(424.0,424.0)
(388.0,424.0)
(388.0,424.0)
(388.0,424.0)
(424.0,424.0)
(424.0,424.0)
(388.0,424.0)
(763.0,424.0)
(771.0,424.0)
(763.0,424.0)
(388.0,424.0)
(424.0,424.0)
(424.0,424.0)
(424.0,424.0)
(424.0,424.0)
(388.0,424.0)
(388.0,424.0)
(388.0,424.0)
(763.0,424.0)
(424.0,424.0)
(390.0,424.0)
(388.0,424.0)
(424.0,424.0)
(424.0,424.0)
(798.0,424.0)
(388.0,424.0)
(388.0,424.0)
(424.0,424.0)
(388.0,424.0)
(388.0,424.0)
(763.0,424.0)
(424.0,424.0)
(424.0,424.0)
(388.0,424.0)
(390.0,424.0)
(798.0,424.0)
(424.0,424.0)
(388.0,424.0)
(386.0,424.0)
(386.0,424.0)
(388.0,424.0)
(424.0,424.0)
(388.0,424.0)
(386.0,424.0)
(763.0,424.0)
(763.0,424.0)
(386.0,424.0)
(798.0,424.0)
(386.0,424.0)
(388.0,424.0)
(771.0,424.0)
(424.0,424.0)
(424.0,424.0)
(763.0,424.0)
(763.0,424.0)
(763.0,424.0)
(417.0,424.0)
(424.0,424.0)
(388.0,424.0)
(424.0,424.0)
(424.0,424.0)
(417.0,424.0)
(763.0,424.0)
(424.0,424.0)
(763.0,424.0)
(424.0,424.0)
(424.0,424.0)
(388.0,424.0)
(424.0,424.0)
(424.0,424.0)
(388.0,424.0)
(424.0,424.0)
(424.0,424.0)
(763.0,424.0)
(424.0,424.0)
(424.0,424.0)
(402.0,424.0)
(763.0,424.0)
(386.0,424.0)
(424.0,424.0)
(424.0,424.0)
(424.0,424.0)
(388.0,424.0)
(424.0,424.0)
(386.0,424.0)
(461.0,424.0)
(388.0,424.0)
(424.0,424.0)
(798.0,424.0)
(424.0,424.0)
(424.0,424.0)
(424.0,424.0)
(763.0,424.0)
(424.0,424.0)
(424.0,424.0)
(424.0,424.0)
(424.0,424.0)
(763.0,424.0)
(388.0,424.0)
(424.0,424.0)
(424.0,424.0)
(388.0,424.0)
(399.0,424.0)
(386.0,424.0)
(424.0,424.0)
(391.0,424.0)
(388.0,424.0)
(461.0,424.0)
(424.0,424.0)
(388.0,424.0)
(388.0,424.0)
(763.0,424.0)
(399.0,424.0)
(424.0,424.0)
(424.0,424.0)
(763.0,424.0)
(386.0,424.0)
(424.0,424.0)
(386.0,424.0)
(763.0,424.0)
(424.0,424.0)
(763.0,424.0)
(386.0,424.0)
(763.0,424.0)
(424.0,424.0)
(388.0,424.0)
(798.0,424.0)
(798.0,424.0)
(424.0,424.0)
(386.0,424.0)
(424.0,424.0)
(388.0,424.0)
(424.0,424.0)
(388.0,424.0)
(388.0,424.0)
(390.0,424.0)
(763.0,424.0)
(388.0,424.0)
(388.0,424.0)
(424.0,424.0)
(422.0,424.0)
(424.0,424.0)
(763.0,424.0)
(424.0,424.0)
(763.0,424.0)
(424.0,424.0)
(424.0,424.0)
(763.0,424.0)
(388.0,424.0)
(417.0,424.0)
(424.0,424.0)
(399.0,424.0)
(424.0,424.0)
(763.0,424.0)
(424.0,424.0)
(424.0,424.0)
(763.0,424.0)
(386.0,424.0)
(424.0,424.0)
(763.0,424.0)
(763.0,424.0)
(386.0,424.0)
(424.0,424.0)
(386.0,424.0)
(424.0,424.0)
(388.0,424.0)
(763.0,424.0)
(763.0,424.0)
(424.0,424.0)
(424.0,424.0)
(763.0,424.0)
(388.0,424.0)
(763.0,424.0)
(424.0,424.0)
(388.0,424.0)
(424.0,424.0)
(388.0,424.0)
(424.0,424.0)
(763.0,424.0)
(388.0,424.0)
(388.0,424.0)
(424.0,424.0)
(424.0,424.0)
(424.0,424.0)
(388.0,424.0)
(424.0,424.0)
(763.0,424.0)
(763.0,424.0)
(388.0,424.0)
(424.0,424.0)
(388.0,424.0)
(763.0,424.0)
(763.0,424.0)
(424.0,424.0)
(763.0,424.0)
(386.0,424.0)
(390.0,424.0)
(763.0,424.0)
(424.0,424.0)
(388.0,424.0)
(388.0,424.0)
(424.0,424.0)
(388.0,424.0)
(424.0,424.0)
(424.0,424.0)
(388.0,424.0)
(424.0,424.0)
(388.0,424.0)
(763.0,424.0)
(424.0,424.0)
(388.0,424.0)
(424.0,424.0)
(763.0,424.0)
(763.0,424.0)
(388.0,424.0)
(424.0,424.0)
(763.0,424.0)
(424.0,424.0)
(763.0,424.0)
(430.0,424.0)
(424.0,424.0)
(388.0,424.0)
(763.0,424.0)
(424.0,424.0)
(424.0,424.0)
(388.0,424.0)
(424.0,424.0)
(388.0,424.0)
(388.0,424.0)
(388.0,424.0)
(424.0,424.0)
(424.0,424.0)
(417.0,424.0)
(424.0,424.0)
(402.0,424.0)
(386.0,424.0)
(424.0,424.0)
(424.0,424.0)
(763.0,424.0)
(388.0,424.0)
(424.0,424.0)
(388.0,424.0)
(424.0,424.0)
(424.0,424.0)
(424.0,424.0)
(763.0,424.0)
(763.0,424.0)
(424.0,424.0)
(424.0,424.0)
(763.0,424.0)
(763.0,424.0)
(763.0,424.0)
(763.0,424.0)
(388.0,424.0)
(424.0,424.0)
(388.0,424.0)
(424.0,424.0)
(424.0,424.0)
(424.0,424.0)
(388.0,424.0)
(388.0,424.0)
(763.0,424.0)
(424.0,424.0)
(424.0,424.0)
(763.0,424.0)
(388.0,424.0)
(388.0,424.0)
(424.0,424.0)
(388.0,424.0)
(386.0,424.0)
(388.0,424.0)
(388.0,424.0)
(763.0,424.0)
(388.0,424.0)
(763.0,424.0)
(424.0,424.0)
(424.0,424.0)
(424.0,424.0)
(763.0,424.0)
(388.0,424.0)
(763.0,424.0)
(460.0,424.0)
(388.0,424.0)
(388.0,424.0)
(424.0,424.0)
(388.0,424.0)
(424.0,424.0)
(388.0,424.0)
(424.0,424.0)
(424.0,424.0)
(424.0,424.0)
(424.0,424.0)
(763.0,424.0)
(424.0,424.0)
(424.0,424.0)
(763.0,424.0)
(388.0,424.0)
(424.0,424.0)
(424.0,424.0)
(763.0,424.0)
(424.0,424.0)
(388.0,424.0)
(763.0,424.0)
(388.0,424.0)
(388.0,424.0)
(448.0,424.0)
(424.0,424.0)
(424.0,424.0)
(424.0,424.0)
(388.0,424.0)
(424.0,424.0)
(763.0,424.0)
(386.0,424.0)
(388.0,424.0)
(798.0,424.0)
(763.0,424.0)
(763.0,424.0)
(763.0,424.0)
(424.0,424.0)
(424.0,424.0)
(390.0,424.0)
(390.0,424.0)
(763.0,424.0)
(388.0,424.0)
(424.0,424.0)
(763.0,424.0)
(424.0,424.0)
(763.0,424.0)
(798.0,424.0)
(388.0,424.0)
(763.0,424.0)
(388.0,424.0)
(388.0,424.0)
(424.0,424.0)
(388.0,424.0)
(763.0,424.0)
(763.0,424.0)
(388.0,424.0)
(424.0,424.0)
(386.0,424.0)
(417.0,424.0)
(424.0,424.0)
(424.0,424.0)
(424.0,424.0)
(424.0,424.0)
(349.0,424.0)
(424.0,424.0)
(388.0,424.0)
(424.0,424.0)
(763.0,424.0)
(424.0,424.0)
(388.0,424.0)
(388.0,424.0)
(424.0,424.0)
(763.0,424.0)
(763.0,424.0)
(424.0,424.0)
(424.0,424.0)
(388.0,424.0)
(388.0,424.0)
(424.0,424.0)
(763.0,424.0)
(763.0,424.0)
(763.0,424.0)
(424.0,424.0)
(386.0,424.0)
(424.0,424.0)
(424.0,424.0)
(424.0,424.0)
(424.0,424.0)
(386.0,424.0)
(424.0,424.0)
(435.0,424.0)
(388.0,424.0)
(424.0,424.0)
(424.0,424.0)
(424.0,424.0)
(424.0,424.0)
(424.0,424.0)
(763.0,424.0)
(763.0,424.0)
(424.0,424.0)
(386.0,424.0)
(424.0,424.0)
(424.0,424.0)
(763.0,424.0)
(763.0,424.0)
(388.0,424.0)
(388.0,424.0)
(763.0,424.0)
(763.0,424.0)
(388.0,424.0)
(424.0,424.0)
(388.0,424.0)
(763.0,424.0)
(388.0,424.0)
(388.0,424.0)
(763.0,424.0)
(402.0,424.0)
(424.0,424.0)
(424.0,424.0)
(424.0,424.0)
(763.0,424.0)
(763.0,424.0)
(388.0,424.0)
(388.0,424.0)
(424.0,424.0)
(763.0,424.0)
(763.0,424.0)
(388.0,424.0)
(386.0,424.0)
(763.0,424.0)
(388.0,424.0)
(424.0,424.0)
(388.0,424.0)
(424.0,424.0)
(763.0,424.0)
(785.0,785.0)
(785.0,785.0)
(785.0,785.0)
(428.0,785.0)
(459.0,785.0)
(785.0,785.0)
(785.0,785.0)
(459.0,785.0)
(785.0,785.0)
(785.0,785.0)
(785.0,785.0)
(785.0,785.0)
(785.0,785.0)
(785.0,785.0)
(459.0,785.0)
(785.0,785.0)
(785.0,785.0)
(785.0,785.0)
(785.0,785.0)
(447.0,785.0)
(459.0,785.0)
(785.0,785.0)
(785.0,785.0)
(785.0,785.0)
(785.0,785.0)
(785.0,785.0)
(785.0,785.0)
(459.0,785.0)
(785.0,785.0)
(785.0,785.0)
(785.0,785.0)
(785.0,785.0)
(431.0,785.0)
(785.0,785.0)
(785.0,785.0)
(785.0,785.0)
(785.0,785.0)
(431.0,785.0)
(785.0,785.0)
(785.0,785.0)
(785.0,785.0)
(785.0,785.0)
(785.0,785.0)
(785.0,785.0)
(785.0,785.0)
(785.0,785.0)
(428.0,785.0)
(785.0,785.0)
(785.0,785.0)
(785.0,785.0)
(785.0,785.0)
(447.0,785.0)
(459.0,785.0)
(785.0,785.0)
(785.0,785.0)
(785.0,785.0)
(785.0,785.0)
(785.0,785.0)
(785.0,785.0)
(785.0,785.0)
(785.0,785.0)
(428.0,785.0)
(785.0,785.0)
(785.0,785.0)
(785.0,785.0)
(785.0,785.0)
(459.0,785.0)
(785.0,785.0)
(785.0,785.0)
(785.0,785.0)
(785.0,785.0)
(785.0,785.0)
(428.0,785.0)
(785.0,785.0)
(431.0,785.0)
(785.0,785.0)
(785.0,785.0)
(785.0,785.0)
(459.0,785.0)
(785.0,785.0)
(785.0,785.0)
(785.0,785.0)
(785.0,785.0)
(785.0,785.0)
(785.0,785.0)
(785.0,785.0)
(785.0,785.0)
(785.0,785.0)
(431.0,785.0)
(785.0,785.0)
(459.0,785.0)
(431.0,785.0)
(785.0,785.0)
(417.0,785.0)
(785.0,785.0)
(785.0,785.0)
(785.0,785.0)
(428.0,785.0)
(427.0,785.0)
(785.0,785.0)
(785.0,785.0)
(785.0,785.0)
(785.0,785.0)
(785.0,785.0)
(479.0,785.0)
(785.0,785.0)
(459.0,785.0)
(785.0,785.0)
(785.0,785.0)
(786.0,785.0)
(786.0,785.0)
(785.0,785.0)
(785.0,785.0)
(785.0,785.0)
(785.0,785.0)
(785.0,785.0)
(435.0,785.0)
(785.0,785.0)
(785.0,785.0)
(785.0,785.0)
(785.0,785.0)
(785.0,785.0)
(785.0,785.0)
(459.0,785.0)
(785.0,785.0)
(785.0,785.0)
(785.0,785.0)
(785.0,785.0)
(785.0,785.0)
(785.0,785.0)
(459.0,785.0)
(785.0,785.0)
(785.0,785.0)
(785.0,785.0)
(785.0,785.0)
(428.0,785.0)
(785.0,785.0)
(785.0,785.0)
(785.0,785.0)
(785.0,785.0)
(785.0,785.0)
(785.0,785.0)
(785.0,785.0)
(785.0,785.0)
(428.0,785.0)
(785.0,785.0)
(785.0,785.0)
(785.0,785.0)
(459.0,785.0)
(447.0,785.0)
(785.0,785.0)
(785.0,785.0)
(785.0,785.0)
(785.0,785.0)
(785.0,785.0)
(785.0,785.0)
(785.0,785.0)
(785.0,785.0)
(785.0,785.0)
(785.0,785.0)
(785.0,785.0)
(482.0,785.0)
(428.0,785.0)
(785.0,785.0)
(785.0,785.0)
(785.0,785.0)
(785.0,785.0)
(785.0,785.0)
(785.0,785.0)
(785.0,785.0)
(785.0,785.0)
(785.0,785.0)
(786.0,785.0)
(785.0,785.0)
(785.0,785.0)
(785.0,785.0)
(785.0,785.0)
(785.0,785.0)
(447.0,785.0)
(785.0,785.0)
(785.0,785.0)
(785.0,785.0)
(785.0,785.0)
(785.0,785.0)
(785.0,785.0)
(447.0,785.0)
(785.0,785.0)
(785.0,785.0)
(785.0,785.0)
(785.0,785.0)
(785.0,785.0)
(417.0,785.0)
(785.0,785.0)
(785.0,785.0)
(785.0,785.0)
(785.0,785.0)
(459.0,785.0)
(785.0,785.0)
(785.0,785.0)
(447.0,785.0)
(459.0,785.0)
(785.0,785.0)
(785.0,785.0)
(459.0,785.0)
(785.0,785.0)
(785.0,785.0)
(785.0,785.0)
(785.0,785.0)
(785.0,785.0)
(785.0,785.0)
(785.0,785.0)
(455.0,785.0)
(785.0,785.0)
(785.0,785.0)
(785.0,785.0)
(785.0,785.0)
(785.0,785.0)
(785.0,785.0)
(785.0,785.0)
(785.0,785.0)
(785.0,785.0)
(785.0,785.0)
(785.0,785.0)
(785.0,785.0)
(435.0,785.0)
(785.0,785.0)
(785.0,785.0)
(459.0,785.0)
(785.0,785.0)
(428.0,785.0)
(785.0,785.0)
(785.0,785.0)
(785.0,785.0)
(785.0,785.0)
(785.0,785.0)
(785.0,785.0)
(785.0,785.0)
(459.0,785.0)
(785.0,785.0)
(785.0,785.0)
(785.0,785.0)
(785.0,785.0)
(785.0,785.0)
(785.0,785.0)
(785.0,785.0)
(431.0,785.0)
(785.0,785.0)
(785.0,785.0)
(431.0,785.0)
(785.0,785.0)
(785.0,785.0)
(785.0,785.0)
(459.0,785.0)
(785.0,785.0)
(455.0,785.0)
(785.0,785.0)
(785.0,785.0)
(785.0,785.0)
(785.0,785.0)
(785.0,785.0)
(785.0,785.0)
(431.0,785.0)
(785.0,785.0)
(785.0,785.0)
(785.0,785.0)
(785.0,785.0)
(785.0,785.0)
(785.0,785.0)
(785.0,785.0)
(785.0,785.0)
(37.0,785.0)
(785.0,785.0)
(785.0,785.0)
(785.0,785.0)
(785.0,785.0)
(785.0,785.0)
(785.0,785.0)
(785.0,785.0)
(428.0,785.0)
(459.0,785.0)
(785.0,785.0)
(785.0,785.0)
(785.0,785.0)
(428.0,785.0)
(785.0,785.0)
(785.0,785.0)
(459.0,785.0)
(785.0,785.0)
(785.0,785.0)
(785.0,785.0)
(785.0,785.0)
(785.0,785.0)
(785.0,785.0)
(459.0,785.0)
(785.0,785.0)
(785.0,785.0)
(785.0,785.0)
(785.0,785.0)
(785.0,785.0)
(391.0,785.0)
(785.0,785.0)
(785.0,785.0)
(785.0,785.0)
(785.0,785.0)
(785.0,785.0)
(459.0,785.0)
(785.0,785.0)
(785.0,785.0)
(785.0,785.0)
(785.0,785.0)
(785.0,785.0)
(482.0,785.0)
(785.0,785.0)
(785.0,785.0)
(785.0,785.0)
(428.0,785.0)
(785.0,785.0)
(785.0,785.0)
(785.0,785.0)
(785.0,785.0)
(459.0,785.0)
(785.0,785.0)
(785.0,785.0)
(459.0,785.0)
(431.0,785.0)
(785.0,785.0)
(785.0,785.0)
(785.0,785.0)
(785.0,785.0)
(785.0,785.0)
(804.0,785.0)
(785.0,785.0)
(386.0,785.0)
(785.0,785.0)
(459.0,785.0)
(785.0,785.0)
(483.0,785.0)
(785.0,785.0)
(785.0,785.0)
(785.0,785.0)
(785.0,785.0)
(785.0,785.0)
(785.0,785.0)
(785.0,785.0)
(459.0,785.0)
(785.0,785.0)
(785.0,785.0)
(785.0,785.0)
(785.0,785.0)
(785.0,785.0)
(785.0,785.0)
(459.0,785.0)
(785.0,785.0)
(785.0,785.0)
(785.0,785.0)
(785.0,785.0)
(785.0,785.0)
(785.0,785.0)
(459.0,785.0)
(785.0,785.0)
(785.0,785.0)
(785.0,785.0)
(428.0,785.0)
(447.0,785.0)
(435.0,785.0)
(785.0,785.0)
(479.0,785.0)
(785.0,785.0)
(785.0,785.0)
(459.0,785.0)
(785.0,785.0)
(459.0,785.0)
(785.0,785.0)
(785.0,785.0)
(785.0,785.0)
(785.0,785.0)
(459.0,785.0)
(785.0,785.0)
(785.0,785.0)
(785.0,785.0)
(785.0,785.0)
(785.0,785.0)
(459.0,785.0)
(459.0,785.0)
(785.0,785.0)
(785.0,785.0)
(785.0,785.0)
(785.0,785.0)
(785.0,785.0)
(785.0,785.0)
(785.0,785.0)
(785.0,785.0)
(431.0,785.0)
(785.0,785.0)
(786.0,785.0)
(785.0,785.0)
(479.0,785.0)
(785.0,785.0)
(785.0,785.0)
(785.0,785.0)
(785.0,785.0)
(447.0,785.0)
(785.0,785.0)
(785.0,785.0)
(785.0,785.0)
(785.0,785.0)
(785.0,785.0)
(785.0,785.0)
(785.0,785.0)
(785.0,785.0)
(785.0,785.0)
(785.0,785.0)
(459.0,785.0)
(447.0,785.0)
(785.0,785.0)
(428.0,785.0)
(785.0,785.0)
(785.0,785.0)
(785.0,785.0)
(786.0,785.0)
(785.0,785.0)
(459.0,785.0)
(785.0,785.0)
(785.0,785.0)
(785.0,785.0)
(785.0,785.0)
(785.0,785.0)
(785.0,785.0)
(785.0,785.0)
(428.0,785.0)
(785.0,785.0)
(785.0,785.0)
(459.0,785.0)
(785.0,785.0)
(785.0,785.0)
(785.0,785.0)
(431.0,785.0)
(785.0,785.0)
(785.0,785.0)
(785.0,785.0)
(785.0,785.0)
(785.0,785.0)
(785.0,785.0)
(785.0,785.0)
(785.0,785.0)
(785.0,785.0)
(459.0,785.0)
(785.0,785.0)
(785.0,785.0)
(785.0,785.0)
(785.0,785.0)
(455.0,785.0)
(785.0,785.0)
(428.0,785.0)
(785.0,785.0)
(785.0,785.0)
(785.0,785.0)
(785.0,785.0)
(785.0,785.0)
(785.0,785.0)
(785.0,785.0)
(785.0,785.0)
(435.0,785.0)
(785.0,785.0)
(785.0,785.0)
(785.0,785.0)
(421.0,785.0)
(785.0,785.0)
(785.0,785.0)
(422.0,785.0)
(785.0,785.0)
(785.0,785.0)
(785.0,785.0)
(785.0,785.0)
(459.0,785.0)
(785.0,785.0)
(785.0,785.0)
(785.0,785.0)
(447.0,785.0)
(785.0,785.0)
(785.0,785.0)
(431.0,785.0)
(368.0,785.0)
(785.0,785.0)
(785.0,785.0)
(785.0,785.0)
(785.0,785.0)
(431.0,785.0)
(785.0,785.0)
(785.0,785.0)
(785.0,785.0)
(785.0,785.0)
(785.0,785.0)
(785.0,785.0)
(785.0,785.0)
(785.0,785.0)
(431.0,785.0)
(785.0,785.0)
(785.0,785.0)
(785.0,785.0)
(459.0,785.0)
(785.0,785.0)
(785.0,785.0)
(459.0,785.0)
(459.0,785.0)
(785.0,785.0)
(784.0,785.0)
(785.0,785.0)
(785.0,785.0)
(408.0,785.0)
(459.0,785.0)
(785.0,785.0)
(785.0,785.0)
(785.0,785.0)
(459.0,785.0)
(785.0,785.0)
(785.0,785.0)
(459.0,785.0)
(785.0,785.0)
(785.0,785.0)
(785.0,785.0)
(785.0,785.0)
(785.0,785.0)
(785.0,785.0)
(785.0,785.0)
(785.0,785.0)
(431.0,785.0)
(431.0,785.0)
(785.0,785.0)
(785.0,785.0)
(785.0,785.0)
(459.0,785.0)
(785.0,785.0)
(785.0,785.0)
(785.0,785.0)
(785.0,785.0)
(785.0,785.0)
(459.0,785.0)
(785.0,785.0)
(785.0,785.0)
(785.0,785.0)
(785.0,785.0)
(785.0,785.0)
(785.0,785.0)
(431.0,785.0)
(459.0,785.0)
(785.0,785.0)
(785.0,785.0)
(785.0,785.0)
(785.0,785.0)
(785.0,785.0)
(431.0,785.0)
(785.0,785.0)
(785.0,785.0)
(785.0,785.0)
(479.0,785.0)
(785.0,785.0)
(785.0,785.0)
(785.0,785.0)
(785.0,785.0)
(785.0,785.0)
(785.0,785.0)
(785.0,785.0)
(785.0,785.0)
(459.0,785.0)
(431.0,785.0)
(785.0,785.0)
(785.0,785.0)
(785.0,785.0)
(785.0,785.0)
(785.0,785.0)
(786.0,785.0)
(785.0,785.0)
(785.0,785.0)
(431.0,785.0)
(785.0,785.0)
(785.0,785.0)
(459.0,785.0)
(785.0,785.0)
(459.0,785.0)
(785.0,785.0)
(785.0,785.0)
(459.0,785.0)
(785.0,785.0)
(785.0,785.0)
(785.0,785.0)
(785.0,785.0)
(785.0,785.0)
(785.0,785.0)
(785.0,785.0)
(785.0,785.0)
(785.0,785.0)
(785.0,785.0)
(785.0,785.0)
(431.0,785.0)
(785.0,785.0)
(459.0,785.0)
(785.0,785.0)
(785.0,785.0)
(428.0,785.0)
(785.0,785.0)
(785.0,785.0)
(785.0,785.0)
(459.0,785.0)
(459.0,785.0)
(431.0,785.0)
(785.0,785.0)
(785.0,785.0)
(447.0,785.0)
(785.0,785.0)
(785.0,785.0)
(459.0,785.0)
(785.0,785.0)
(785.0,785.0)
(785.0,785.0)
(785.0,785.0)
(785.0,785.0)
(785.0,785.0)
(785.0,785.0)
(785.0,785.0)
(785.0,785.0)
(785.0,785.0)
(428.0,785.0)
(785.0,785.0)
(785.0,785.0)
(785.0,785.0)
(459.0,785.0)
(785.0,785.0)
(785.0,785.0)
(785.0,785.0)
(785.0,785.0)
(431.0,785.0)
(785.0,785.0)
(785.0,785.0)
(459.0,785.0)
(785.0,785.0)
(785.0,785.0)
(431.0,785.0)
(785.0,785.0)
(785.0,785.0)
(431.0,785.0)
(785.0,785.0)
(785.0,785.0)
(459.0,785.0)
(785.0,785.0)
(428.0,785.0)
(459.0,785.0)
(785.0,785.0)
(459.0,785.0)
(785.0,785.0)
(785.0,785.0)
(785.0,785.0)
(785.0,785.0)
(785.0,785.0)
(785.0,785.0)
(785.0,785.0)
(785.0,785.0)
(428.0,785.0)
(785.0,785.0)
(428.0,785.0)
(459.0,785.0)
(459.0,785.0)
(785.0,785.0)
(428.0,785.0)
(785.0,785.0)
(785.0,785.0)
(785.0,785.0)
(785.0,785.0)
(785.0,785.0)
(785.0,785.0)
(785.0,785.0)
(785.0,785.0)
(785.0,785.0)
(785.0,785.0)
(459.0,785.0)
(785.0,785.0)
(785.0,785.0)
(785.0,785.0)
(785.0,785.0)
(785.0,785.0)
(447.0,785.0)
(428.0,785.0)
(785.0,785.0)
(785.0,785.0)
(447.0,785.0)
(785.0,785.0)
(785.0,785.0)
(785.0,785.0)
(459.0,785.0)
(459.0,785.0)
(785.0,785.0)
(785.0,785.0)
(785.0,785.0)
(785.0,785.0)
(785.0,785.0)
(785.0,785.0)
(785.0,785.0)
(785.0,785.0)
(431.0,785.0)
(431.0,785.0)
(785.0,785.0)
(785.0,785.0)
(785.0,785.0)
(785.0,785.0)
(785.0,785.0)
(785.0,785.0)
(785.0,785.0)
(479.0,785.0)
(785.0,785.0)
(785.0,785.0)
(785.0,785.0)
(785.0,785.0)
(785.0,785.0)
(785.0,785.0)
(785.0,785.0)
(785.0,785.0)
(785.0,785.0)
(785.0,785.0)
(785.0,785.0)
(431.0,785.0)
(785.0,785.0)
(785.0,785.0)
(785.0,785.0)
(785.0,785.0)
(785.0,785.0)
(784.0,785.0)
(785.0,785.0)
(785.0,785.0)
(459.0,785.0)
(785.0,785.0)
(785.0,785.0)
(785.0,785.0)
(471.0,785.0)
(785.0,785.0)
(459.0,785.0)
(785.0,785.0)
(785.0,785.0)
(785.0,785.0)
(785.0,785.0)
(785.0,785.0)
(785.0,785.0)
(785.0,785.0)
(785.0,785.0)
(785.0,785.0)
(785.0,785.0)
(785.0,785.0)
(785.0,785.0)
(785.0,785.0)
(785.0,785.0)
(785.0,785.0)
(459.0,785.0)
(785.0,785.0)
(785.0,785.0)
(785.0,785.0)
(785.0,785.0)
(459.0,785.0)
(785.0,785.0)
(785.0,785.0)
(785.0,785.0)
(785.0,785.0)
(785.0,785.0)
(785.0,785.0)
(785.0,785.0)
(785.0,785.0)
(428.0,785.0)
(785.0,785.0)
(483.0,785.0)
(459.0,785.0)
(785.0,785.0)
(785.0,785.0)
(785.0,785.0)
(459.0,785.0)
(785.0,785.0)
(785.0,785.0)
(785.0,785.0)
(785.0,785.0)
(785.0,785.0)
(428.0,785.0)
(785.0,785.0)
(479.0,785.0)
(785.0,785.0)
(785.0,785.0)
(785.0,785.0)
(785.0,785.0)
(785.0,785.0)
(785.0,785.0)
(431.0,785.0)
(479.0,785.0)
(785.0,785.0)
(431.0,785.0)
(785.0,785.0)
(785.0,785.0)
(785.0,785.0)
(785.0,785.0)
(459.0,785.0)
(785.0,785.0)
(785.0,785.0)
(785.0,785.0)
(431.0,785.0)
(785.0,785.0)
(459.0,785.0)
(459.0,785.0)
(785.0,785.0)
(785.0,785.0)
(785.0,785.0)
(431.0,785.0)
(785.0,785.0)
(785.0,785.0)
(785.0,785.0)
(785.0,785.0)
(785.0,785.0)
(785.0,785.0)
(459.0,785.0)
(785.0,785.0)
(431.0,785.0)
(431.0,785.0)
(785.0,785.0)
(785.0,785.0)
(785.0,785.0)
(785.0,785.0)
(785.0,785.0)
(785.0,785.0)
(785.0,785.0)
(785.0,785.0)
(785.0,785.0)
(785.0,785.0)
(431.0,785.0)
(785.0,785.0)
(785.0,785.0)
(785.0,785.0)
(785.0,785.0)
(785.0,785.0)
(37.0,785.0)
(37.0,785.0)
(785.0,785.0)
(427.0,785.0)
(435.0,785.0)
(785.0,785.0)
(785.0,785.0)
(785.0,785.0)
(785.0,785.0)
(459.0,785.0)
(785.0,785.0)
(785.0,785.0)
(785.0,785.0)
(433.0,785.0)
(785.0,785.0)
(431.0,785.0)
(785.0,785.0)
(459.0,785.0)
(785.0,785.0)
(459.0,785.0)
(433.0,785.0)
(785.0,785.0)
(431.0,785.0)
(785.0,785.0)
(785.0,785.0)
(785.0,785.0)
(785.0,785.0)
(785.0,785.0)
(785.0,785.0)
(459.0,785.0)
(431.0,785.0)
(459.0,785.0)
(785.0,785.0)
(785.0,785.0)
(785.0,785.0)
(785.0,785.0)
(785.0,785.0)
(785.0,785.0)
(785.0,785.0)
(785.0,785.0)
(785.0,785.0)
(785.0,785.0)
(785.0,785.0)
(785.0,785.0)
(459.0,785.0)
(455.0,785.0)
(785.0,785.0)
(479.0,785.0)
(785.0,785.0)
(785.0,785.0)
(785.0,785.0)
(785.0,785.0)
(785.0,785.0)
(459.0,785.0)
(354.0,785.0)
(785.0,785.0)
(785.0,785.0)
(785.0,785.0)
(785.0,785.0)
(459.0,785.0)
(785.0,785.0)
(785.0,785.0)
(785.0,785.0)
(785.0,785.0)
(785.0,785.0)
(785.0,785.0)
(404.0,785.0)
(785.0,785.0)
(785.0,785.0)
(785.0,785.0)
(785.0,785.0)
(435.0,785.0)
(785.0,785.0)
(785.0,785.0)
(428.0,785.0)
(785.0,785.0)
(785.0,785.0)
(785.0,785.0)
(431.0,785.0)
(785.0,785.0)
(785.0,785.0)
(785.0,785.0)
(785.0,785.0)
(459.0,785.0)
(785.0,785.0)
(785.0,785.0)
(431.0,785.0)
(785.0,785.0)
(459.0,785.0)
(785.0,785.0)
(785.0,785.0)
(785.0,785.0)
(431.0,785.0)
(785.0,785.0)
(785.0,785.0)
(785.0,785.0)
(459.0,785.0)
(785.0,785.0)
(459.0,785.0)
(785.0,785.0)
(354.0,785.0)
(785.0,785.0)
(431.0,785.0)
(785.0,785.0)
(431.0,785.0)
(785.0,785.0)
(417.0,785.0)
(447.0,785.0)
(785.0,785.0)
(431.0,785.0)
(459.0,785.0)
(431.0,785.0)
(786.0,785.0)
(435.0,785.0)
(785.0,785.0)
(785.0,785.0)
(785.0,785.0)
(785.0,785.0)
(459.0,785.0)
(785.0,785.0)
(785.0,785.0)
(785.0,785.0)
(785.0,785.0)
(785.0,785.0)
(459.0,785.0)
(459.0,785.0)
(785.0,785.0)
(785.0,785.0)
(785.0,785.0)
(785.0,785.0)
(792.0,785.0)
(785.0,785.0)
(431.0,785.0)
(785.0,785.0)
(785.0,785.0)
(785.0,785.0)
(785.0,785.0)
(785.0,785.0)
(785.0,785.0)
(785.0,785.0)
(459.0,785.0)
(459.0,785.0)
(459.0,785.0)
(785.0,785.0)
(785.0,785.0)
(785.0,785.0)
(483.0,785.0)
(785.0,785.0)
(785.0,785.0)
(459.0,785.0)
(785.0,785.0)
(785.0,785.0)
(785.0,785.0)
(431.0,785.0)
(785.0,785.0)
(785.0,785.0)
(785.0,785.0)
(785.0,785.0)
(785.0,785.0)
(785.0,785.0)
(785.0,785.0)
(785.0,785.0)
(785.0,785.0)
(785.0,785.0)
(785.0,785.0)
(428.0,785.0)
(428.0,785.0)
(785.0,785.0)
(785.0,785.0)
(785.0,785.0)
(785.0,785.0)
(459.0,785.0)
(459.0,785.0)
(785.0,785.0)
(431.0,785.0)
(785.0,785.0)
(785.0,785.0)
(785.0,785.0)
(785.0,785.0)
(381.0,785.0)
(431.0,785.0)
(785.0,785.0)
(431.0,785.0)
(785.0,785.0)
(431.0,785.0)
(785.0,785.0)
(785.0,785.0)
(785.0,785.0)
(785.0,785.0)
(785.0,785.0)
(785.0,785.0)
(785.0,785.0)
(785.0,785.0)
(785.0,785.0)
(785.0,785.0)
(459.0,785.0)
(785.0,785.0)
(785.0,785.0)
(785.0,785.0)
(785.0,785.0)
(431.0,785.0)
(785.0,785.0)
(435.0,785.0)
(459.0,785.0)
(785.0,785.0)
(785.0,785.0)
(785.0,785.0)
(785.0,785.0)
(785.0,785.0)
(785.0,785.0)
(785.0,785.0)
(785.0,785.0)
(785.0,785.0)
(459.0,785.0)
(785.0,785.0)
(37.0,785.0)
(459.0,785.0)
(417.0,785.0)
(428.0,785.0)
(785.0,785.0)
(785.0,785.0)
(459.0,785.0)
(459.0,785.0)
(785.0,785.0)
(787.0,785.0)
(368.0,785.0)
(459.0,785.0)
(785.0,785.0)
(428.0,785.0)
(785.0,785.0)
(785.0,785.0)
(785.0,785.0)
(785.0,785.0)
(785.0,785.0)
(785.0,785.0)
(785.0,785.0)
(435.0,785.0)
(785.0,785.0)
(785.0,785.0)
(785.0,785.0)
(354.0,785.0)
(785.0,785.0)
(459.0,785.0)
(431.0,785.0)
(459.0,785.0)
(785.0,785.0)
(785.0,785.0)
(785.0,785.0)
(771.0,785.0)
(785.0,785.0)
(785.0,785.0)
(785.0,785.0)
(459.0,785.0)
(785.0,785.0)
(785.0,785.0)
(785.0,785.0)
(428.0,785.0)
(785.0,785.0)
(785.0,785.0)
(785.0,785.0)
(435.0,785.0)
(459.0,785.0)
(459.0,785.0)
(459.0,785.0)
(785.0,785.0)
(785.0,785.0)
(459.0,785.0)
(785.0,785.0)
(785.0,785.0)
(785.0,785.0)
(785.0,785.0)
(786.0,785.0)
(785.0,785.0)
(428.0,785.0)
(785.0,785.0)
(785.0,785.0)
(459.0,785.0)
(785.0,785.0)
(785.0,785.0)
(459.0,785.0)
(785.0,785.0)
(785.0,785.0)
(785.0,785.0)
(431.0,785.0)
(771.0,785.0)
(431.0,785.0)
(785.0,785.0)
(785.0,785.0)
(785.0,785.0)
(479.0,785.0)
(785.0,785.0)
(785.0,785.0)
(785.0,785.0)
(785.0,785.0)
(785.0,785.0)
(785.0,785.0)
(785.0,785.0)
(785.0,785.0)
(785.0,785.0)
(431.0,785.0)
(377.0,785.0)
(785.0,785.0)
(785.0,785.0)
(785.0,785.0)
(785.0,785.0)
(785.0,785.0)
(785.0,785.0)
(785.0,785.0)
(785.0,785.0)
(785.0,785.0)
(785.0,785.0)
(431.0,785.0)
(785.0,785.0)
(785.0,785.0)
(785.0,785.0)
(785.0,785.0)
(785.0,785.0)
(785.0,785.0)
(785.0,785.0)
(785.0,785.0)
(785.0,785.0)
(785.0,785.0)
(785.0,785.0)
(785.0,785.0)
(785.0,785.0)
(459.0,785.0)
(785.0,785.0)
(459.0,785.0)
(785.0,785.0)
(785.0,785.0)
(785.0,785.0)
(785.0,785.0)
(785.0,785.0)
(785.0,785.0)
(785.0,785.0)
(785.0,785.0)
(431.0,785.0)
(785.0,785.0)
(785.0,785.0)
(785.0,785.0)
(428.0,785.0)
(785.0,785.0)
(786.0,785.0)
(785.0,785.0)
(785.0,785.0)
(785.0,785.0)
(785.0,785.0)
(785.0,785.0)
(459.0,785.0)
(377.0,785.0)
(785.0,785.0)
(428.0,785.0)
(431.0,785.0)
(785.0,785.0)
(785.0,785.0)
(447.0,785.0)
(785.0,785.0)
(785.0,785.0)
(459.0,785.0)
(447.0,785.0)
(785.0,785.0)
(785.0,785.0)
(785.0,785.0)
(785.0,785.0)
(785.0,785.0)
(431.0,785.0)
(459.0,785.0)
(785.0,785.0)
(785.0,785.0)
(431.0,785.0)
(428.0,785.0)
(431.0,785.0)
(459.0,785.0)
(785.0,785.0)
(785.0,785.0)
(785.0,785.0)
(785.0,785.0)
(428.0,785.0)
(459.0,785.0)
(431.0,785.0)
(463.0,785.0)
(431.0,785.0)
(785.0,785.0)
(785.0,785.0)
(785.0,785.0)
(785.0,785.0)
(785.0,785.0)
(785.0,785.0)
(431.0,785.0)
(459.0,785.0)
(428.0,785.0)
(785.0,785.0)
(785.0,785.0)
(785.0,785.0)
(785.0,785.0)
(459.0,785.0)
(785.0,785.0)
(785.0,785.0)
(785.0,785.0)
(785.0,785.0)
(785.0,785.0)
(785.0,785.0)
(785.0,785.0)
(459.0,785.0)
(785.0,785.0)
(428.0,785.0)
(785.0,785.0)
(785.0,785.0)
(785.0,785.0)
(785.0,785.0)
(785.0,785.0)
(785.0,785.0)
(459.0,785.0)
(785.0,785.0)
(785.0,785.0)
(459.0,785.0)
(785.0,785.0)
(785.0,785.0)
(785.0,785.0)
(459.0,785.0)
(785.0,785.0)
(785.0,785.0)
(785.0,785.0)
(354.0,785.0)
(459.0,785.0)
(785.0,785.0)
(785.0,785.0)
(785.0,785.0)
(785.0,785.0)
(785.0,785.0)
(785.0,785.0)
(785.0,785.0)
(785.0,785.0)
(785.0,785.0)
(785.0,785.0)
(785.0,785.0)
(785.0,785.0)
(785.0,785.0)
(785.0,785.0)
(785.0,785.0)
(785.0,785.0)
(785.0,785.0)
(785.0,785.0)
(459.0,785.0)
(785.0,785.0)
(785.0,785.0)
(785.0,785.0)
(785.0,785.0)
(785.0,785.0)
(447.0,785.0)
(459.0,785.0)
(785.0,785.0)
(785.0,785.0)
(431.0,785.0)
(786.0,785.0)
(447.0,785.0)
(785.0,785.0)
(785.0,785.0)
(785.0,785.0)
(785.0,785.0)
(785.0,785.0)
(785.0,785.0)
(785.0,785.0)
(459.0,785.0)
(785.0,785.0)
(785.0,785.0)
(459.0,785.0)
(785.0,785.0)
(785.0,785.0)
(431.0,785.0)
(785.0,785.0)
(785.0,785.0)
(431.0,785.0)
(435.0,785.0)
(785.0,785.0)
(785.0,785.0)
(785.0,785.0)
(785.0,785.0)
(785.0,785.0)
(447.0,785.0)
(785.0,785.0)
(431.0,785.0)
(428.0,785.0)
(431.0,785.0)
(785.0,785.0)
(431.0,785.0)
(785.0,785.0)
(785.0,785.0)
(785.0,785.0)
(459.0,785.0)
(785.0,785.0)
(785.0,785.0)
(785.0,785.0)
(431.0,785.0)
(431.0,785.0)
(785.0,785.0)
(785.0,785.0)
(785.0,785.0)
(785.0,785.0)
(431.0,785.0)
(785.0,785.0)
(785.0,785.0)
(785.0,785.0)
(459.0,785.0)
(459.0,785.0)
(785.0,785.0)
(447.0,785.0)
(459.0,785.0)
(785.0,785.0)
(785.0,785.0)
(428.0,785.0)
(785.0,785.0)
(785.0,785.0)
(785.0,785.0)
(785.0,785.0)
(785.0,785.0)
(785.0,785.0)
(785.0,785.0)
(785.0,785.0)
(431.0,785.0)
(785.0,785.0)
(431.0,785.0)
(785.0,785.0)
(428.0,785.0)
(471.0,785.0)
(785.0,785.0)
(417.0,785.0)
(785.0,785.0)
(785.0,785.0)
(785.0,785.0)
(459.0,785.0)
(785.0,785.0)
(431.0,785.0)
(785.0,785.0)
(785.0,785.0)
(428.0,785.0)
(785.0,785.0)
(785.0,785.0)
(785.0,785.0)
(29.0,785.0)
(785.0,785.0)
(785.0,785.0)
(785.0,785.0)
(459.0,785.0)
(785.0,785.0)
(785.0,785.0)
(785.0,785.0)
(785.0,785.0)
(785.0,785.0)
(785.0,785.0)
(785.0,785.0)
(785.0,785.0)
(785.0,785.0)
(785.0,785.0)
(785.0,785.0)
(785.0,785.0)
(785.0,785.0)
(785.0,785.0)
(785.0,785.0)
(459.0,785.0)
(459.0,785.0)
(785.0,785.0)
(785.0,785.0)
(785.0,785.0)
(785.0,785.0)
(785.0,785.0)
(785.0,785.0)
(785.0,785.0)
(785.0,785.0)
(459.0,785.0)
(785.0,785.0)
(785.0,785.0)
(785.0,785.0)
(785.0,785.0)
(785.0,785.0)
(459.0,785.0)
(785.0,785.0)
(459.0,785.0)
(785.0,785.0)
(459.0,785.0)
(785.0,785.0)
(428.0,785.0)
(785.0,785.0)
(785.0,785.0)
(785.0,785.0)
(785.0,785.0)
(431.0,785.0)
(459.0,785.0)
(785.0,785.0)
(431.0,785.0)
(785.0,785.0)
(431.0,785.0)
(785.0,785.0)
(785.0,785.0)
(785.0,785.0)
(447.0,785.0)
(785.0,785.0)
(785.0,785.0)
(785.0,785.0)
(785.0,785.0)
(785.0,785.0)
(785.0,785.0)
(785.0,785.0)
(785.0,785.0)
(431.0,785.0)
(785.0,785.0)
(785.0,785.0)
(785.0,785.0)
(785.0,785.0)
(785.0,785.0)
(785.0,785.0)
(785.0,785.0)
(785.0,785.0)
(785.0,785.0)
(417.0,785.0)
(785.0,785.0)
(459.0,785.0)
(785.0,785.0)
(785.0,785.0)
(785.0,785.0)
(459.0,785.0)
(459.0,785.0)
(785.0,785.0)
(785.0,785.0)
(785.0,785.0)
(785.0,785.0)
(785.0,785.0)
(785.0,785.0)
(785.0,785.0)
(785.0,785.0)
(785.0,785.0)
(785.0,785.0)
(785.0,785.0)
(479.0,785.0)
(785.0,785.0)
(785.0,785.0)
(435.0,785.0)
(785.0,785.0)
(459.0,785.0)
(785.0,785.0)
(785.0,785.0)
(785.0,785.0)
(785.0,785.0)
(785.0,785.0)
(785.0,785.0)
(785.0,785.0)
(785.0,785.0)
(447.0,785.0)
(785.0,785.0)
(459.0,785.0)
(785.0,785.0)
(785.0,785.0)
(785.0,785.0)
(785.0,785.0)
(785.0,785.0)
(785.0,785.0)
(459.0,785.0)
(483.0,785.0)
(404.0,785.0)
(771.0,785.0)
(428.0,785.0)
(785.0,785.0)
(785.0,785.0)
(785.0,785.0)
(785.0,785.0)
(785.0,785.0)
(785.0,785.0)
(459.0,785.0)
(785.0,785.0)
(428.0,785.0)
(455.0,785.0)
(431.0,785.0)
(785.0,785.0)
(428.0,785.0)
(785.0,785.0)
(785.0,785.0)
(785.0,785.0)
(785.0,785.0)
(785.0,785.0)
(785.0,785.0)
(785.0,785.0)
(785.0,785.0)
(785.0,785.0)
(785.0,785.0)
(785.0,785.0)
(785.0,785.0)
(785.0,785.0)
(785.0,785.0)
(431.0,785.0)
(785.0,785.0)
(427.0,785.0)
(785.0,785.0)
(785.0,785.0)
(447.0,785.0)
(785.0,785.0)
(785.0,785.0)
(785.0,785.0)
(459.0,785.0)
(785.0,785.0)
(785.0,785.0)
(431.0,785.0)
(459.0,785.0)
(785.0,785.0)
(785.0,785.0)
(427.0,785.0)
(785.0,785.0)
(785.0,785.0)
(459.0,785.0)
(785.0,785.0)
(785.0,785.0)
(459.0,785.0)
(785.0,785.0)
(785.0,785.0)
(785.0,785.0)
(459.0,785.0)
(428.0,785.0)
(785.0,785.0)
(785.0,785.0)
(785.0,785.0)
(785.0,785.0)
(785.0,785.0)
(785.0,785.0)
(428.0,785.0)
(785.0,785.0)
(785.0,785.0)
(459.0,785.0)
(459.0,785.0)
(785.0,785.0)
(479.0,785.0)
(785.0,785.0)
(785.0,785.0)
(785.0,785.0)
(785.0,785.0)
(459.0,785.0)
(431.0,785.0)
(459.0,785.0)
(785.0,785.0)
(785.0,785.0)
(785.0,785.0)
(785.0,785.0)
(785.0,785.0)
(785.0,785.0)
(785.0,785.0)
(459.0,785.0)
(459.0,785.0)
(431.0,785.0)
(785.0,785.0)
(469.0,785.0)
(785.0,785.0)
(785.0,785.0)
(785.0,785.0)
(433.0,785.0)
(785.0,785.0)
(785.0,785.0)
(368.0,785.0)
(785.0,785.0)
(785.0,785.0)
(459.0,785.0)
(785.0,785.0)
(459.0,785.0)
(785.0,785.0)
(785.0,785.0)
(435.0,785.0)
(785.0,785.0)
(785.0,785.0)
(785.0,785.0)
(428.0,785.0)
(785.0,785.0)
(785.0,785.0)
(459.0,785.0)
(785.0,785.0)
(785.0,785.0)
(785.0,785.0)
(785.0,785.0)
(785.0,785.0)
(785.0,785.0)
(785.0,785.0)
(785.0,785.0)
(785.0,785.0)
(785.0,785.0)
(785.0,785.0)
(785.0,785.0)
(785.0,785.0)
(785.0,785.0)
(459.0,785.0)
(785.0,785.0)
(785.0,785.0)
(785.0,785.0)
(785.0,785.0)
(459.0,785.0)
(785.0,785.0)
(785.0,785.0)
(785.0,785.0)
(785.0,785.0)
(785.0,785.0)
(785.0,785.0)
(457.0,785.0)
(785.0,785.0)
(431.0,785.0)
(785.0,785.0)
(785.0,785.0)
(785.0,785.0)
(431.0,785.0)
(785.0,785.0)
(785.0,785.0)
(785.0,785.0)
(459.0,785.0)
(785.0,785.0)
(785.0,785.0)
(459.0,785.0)
(785.0,785.0)
(785.0,785.0)
(447.0,785.0)
(785.0,785.0)
(785.0,785.0)
(785.0,785.0)
(785.0,785.0)
(785.0,785.0)
(785.0,785.0)
(785.0,785.0)
(785.0,785.0)
(459.0,785.0)
(785.0,785.0)
(428.0,785.0)
(785.0,785.0)
(785.0,785.0)
(459.0,785.0)
(785.0,785.0)
(785.0,785.0)
(785.0,785.0)
(785.0,785.0)
(785.0,785.0)
(459.0,785.0)
(785.0,785.0)
(785.0,785.0)
(785.0,785.0)
(785.0,785.0)
(459.0,785.0)
(785.0,785.0)
(785.0,785.0)
(785.0,785.0)
(771.0,785.0)
(459.0,785.0)
(785.0,785.0)
(785.0,785.0)
(785.0,785.0)
(785.0,785.0)
(785.0,785.0)
(459.0,785.0)
(785.0,785.0)
(785.0,785.0)
(785.0,785.0)
(459.0,785.0)
(447.0,785.0)
(785.0,785.0)
(785.0,785.0)
(785.0,785.0)
(785.0,785.0)
(785.0,785.0)
(428.0,785.0)
(459.0,785.0)
(785.0,785.0)
(785.0,785.0)
(785.0,785.0)
(785.0,785.0)
(471.0,785.0)
(785.0,785.0)
(431.0,785.0)
(785.0,785.0)
(785.0,785.0)
(785.0,785.0)
(785.0,785.0)
(428.0,785.0)
(427.0,785.0)
(785.0,785.0)
(785.0,785.0)
(785.0,785.0)
(785.0,785.0)
(785.0,785.0)
(431.0,785.0)
(785.0,785.0)
(785.0,785.0)
(428.0,785.0)
(785.0,785.0)
(427.0,785.0)
(785.0,785.0)
(785.0,785.0)
(785.0,785.0)
(785.0,785.0)
(785.0,785.0)
(785.0,785.0)
(785.0,785.0)
(459.0,785.0)
(785.0,785.0)
(785.0,785.0)
(785.0,785.0)
(786.0,785.0)
(785.0,785.0)
(785.0,785.0)
(431.0,785.0)
(785.0,785.0)
(785.0,785.0)
(459.0,785.0)
(785.0,785.0)
(785.0,785.0)
(785.0,785.0)
(785.0,785.0)
(785.0,785.0)
(785.0,785.0)
(459.0,785.0)
(429.0,429.0)
(429.0,429.0)
(387.0,429.0)
(438.0,429.0)
(429.0,429.0)
(438.0,429.0)
(381.0,429.0)
(434.0,429.0)
(429.0,429.0)
(429.0,429.0)
(429.0,429.0)
(429.0,429.0)
(429.0,429.0)
(429.0,429.0)
(429.0,429.0)
(429.0,429.0)
(429.0,429.0)
(423.0,429.0)
(438.0,429.0)
(434.0,429.0)
(429.0,429.0)
(429.0,429.0)
(434.0,429.0)
(461.0,429.0)
(429.0,429.0)
(434.0,429.0)
(429.0,429.0)
(429.0,429.0)
(429.0,429.0)
(429.0,429.0)
(373.0,429.0)
(429.0,429.0)
(429.0,429.0)
(399.0,429.0)
(429.0,429.0)
(424.0,429.0)
(429.0,429.0)
(429.0,429.0)
(429.0,429.0)
(429.0,429.0)
(429.0,429.0)
(429.0,429.0)
(438.0,429.0)
(461.0,429.0)
(416.0,429.0)
(429.0,429.0)
(429.0,429.0)
(429.0,429.0)
(429.0,429.0)
(429.0,429.0)
(429.0,429.0)
(429.0,429.0)
(386.0,429.0)
(429.0,429.0)
(429.0,429.0)
(434.0,429.0)
(429.0,429.0)
(429.0,429.0)
(429.0,429.0)
(429.0,429.0)
(429.0,429.0)
(782.0,429.0)
(446.0,429.0)
(429.0,429.0)
(429.0,429.0)
(429.0,429.0)
(438.0,429.0)
(424.0,429.0)
(429.0,429.0)
(429.0,429.0)
(429.0,429.0)
(429.0,429.0)
(438.0,429.0)
(429.0,429.0)
(402.0,429.0)
(402.0,429.0)
(429.0,429.0)
(398.0,429.0)
(762.0,429.0)
(429.0,429.0)
(381.0,429.0)
(429.0,429.0)
(398.0,429.0)
(429.0,429.0)
(429.0,429.0)
(429.0,429.0)
(434.0,429.0)
(429.0,429.0)
(429.0,429.0)
(416.0,429.0)
(429.0,429.0)
(429.0,429.0)
(429.0,429.0)
(771.0,429.0)
(416.0,429.0)
(429.0,429.0)
(429.0,429.0)
(429.0,429.0)
(429.0,429.0)
(429.0,429.0)
(429.0,429.0)
(429.0,429.0)
(461.0,429.0)
(402.0,429.0)
(434.0,429.0)
(429.0,429.0)
(434.0,429.0)
(429.0,429.0)
(429.0,429.0)
(429.0,429.0)
(429.0,429.0)
(429.0,429.0)
(391.0,429.0)
(417.0,429.0)
(429.0,429.0)
(429.0,429.0)
(429.0,429.0)
(381.0,429.0)
(429.0,429.0)
(429.0,429.0)
(424.0,429.0)
(429.0,429.0)
(429.0,429.0)
(771.0,429.0)
(429.0,429.0)
(438.0,429.0)
(429.0,429.0)
(387.0,429.0)
(438.0,429.0)
(429.0,429.0)
(434.0,429.0)
(429.0,429.0)
(429.0,429.0)
(429.0,429.0)
(424.0,429.0)
(429.0,429.0)
(402.0,429.0)
(429.0,429.0)
(429.0,429.0)
(438.0,429.0)
(429.0,429.0)
(398.0,429.0)
(413.0,429.0)
(429.0,429.0)
(464.0,429.0)
(429.0,429.0)
(429.0,429.0)
(429.0,429.0)
(434.0,429.0)
(464.0,429.0)
(429.0,429.0)
(429.0,429.0)
(429.0,429.0)
(429.0,429.0)
(782.0,429.0)
(429.0,429.0)
(438.0,429.0)
(429.0,429.0)
(438.0,429.0)
(429.0,429.0)
(762.0,429.0)
(429.0,429.0)
(429.0,429.0)
(429.0,429.0)
(429.0,429.0)
(429.0,429.0)
(424.0,429.0)
(416.0,429.0)
(429.0,429.0)
(429.0,429.0)
(434.0,429.0)
(758.0,429.0)
(763.0,429.0)
(416.0,429.0)
(429.0,429.0)
(389.0,429.0)
(438.0,429.0)
(771.0,429.0)
(429.0,429.0)
(429.0,429.0)
(429.0,429.0)
(387.0,429.0)
(421.0,429.0)
(429.0,429.0)
(429.0,429.0)
(434.0,429.0)
(434.0,429.0)
(389.0,429.0)
(434.0,429.0)
(429.0,429.0)
(429.0,429.0)
(416.0,429.0)
(429.0,429.0)
(771.0,429.0)
(429.0,429.0)
(461.0,429.0)
(434.0,429.0)
(758.0,429.0)
(429.0,429.0)
(434.0,429.0)
(434.0,429.0)
(448.0,429.0)
(438.0,429.0)
(429.0,429.0)
(434.0,429.0)
(429.0,429.0)
(387.0,429.0)
(434.0,429.0)
(381.0,429.0)
(758.0,429.0)
(429.0,429.0)
(438.0,429.0)
(416.0,429.0)
(386.0,429.0)
(429.0,429.0)
(389.0,429.0)
(416.0,429.0)
(386.0,429.0)
(429.0,429.0)
(429.0,429.0)
(429.0,429.0)
(402.0,429.0)
(434.0,429.0)
(429.0,429.0)
(448.0,429.0)
(402.0,429.0)
(397.0,429.0)
(429.0,429.0)
(429.0,429.0)
(416.0,429.0)
(387.0,429.0)
(434.0,429.0)
(429.0,429.0)
(429.0,429.0)
(416.0,429.0)
(461.0,429.0)
(416.0,429.0)
(387.0,429.0)
(429.0,429.0)
(414.0,429.0)
(387.0,429.0)
(387.0,429.0)
(388.0,429.0)
(434.0,429.0)
(408.0,429.0)
(416.0,429.0)
(387.0,429.0)
(771.0,429.0)
(424.0,429.0)
(434.0,429.0)
(414.0,429.0)
(387.0,429.0)
(409.0,429.0)
(434.0,429.0)
(429.0,429.0)
(429.0,429.0)
(758.0,429.0)
(438.0,429.0)
(414.0,429.0)
(438.0,429.0)
(434.0,429.0)
(429.0,429.0)
(438.0,429.0)
(429.0,429.0)
(758.0,429.0)
(429.0,429.0)
(429.0,429.0)
(414.0,429.0)
(389.0,429.0)
(416.0,429.0)
(429.0,429.0)
(429.0,429.0)
(434.0,429.0)
(429.0,429.0)
(412.0,429.0)
(429.0,429.0)
(434.0,429.0)
(429.0,429.0)
(429.0,429.0)
(461.0,429.0)
(387.0,429.0)
(434.0,429.0)
(429.0,429.0)
(416.0,429.0)
(416.0,429.0)
(409.0,429.0)
(402.0,429.0)
(416.0,429.0)
(387.0,429.0)
(387.0,429.0)
(429.0,429.0)
(466.0,429.0)
(416.0,429.0)
(387.0,429.0)
(438.0,429.0)
(389.0,429.0)
(387.0,429.0)
(438.0,429.0)
(429.0,429.0)
(429.0,429.0)
(416.0,429.0)
(387.0,429.0)
(429.0,429.0)
(429.0,429.0)
(429.0,429.0)
(434.0,429.0)
(429.0,429.0)
(416.0,429.0)
(387.0,429.0)
(429.0,429.0)
(389.0,429.0)
(387.0,429.0)
(438.0,429.0)
(434.0,429.0)
(429.0,429.0)
(402.0,429.0)
(402.0,429.0)
(434.0,429.0)
(434.0,429.0)
(438.0,429.0)
(416.0,429.0)
(386.0,429.0)
(434.0,429.0)
(434.0,429.0)
(402.0,429.0)
(414.0,429.0)
(429.0,429.0)
(409.0,429.0)
(758.0,429.0)
(434.0,429.0)
(416.0,429.0)
(429.0,429.0)
(429.0,429.0)
(763.0,429.0)
(429.0,429.0)
(429.0,429.0)
(429.0,429.0)
(429.0,429.0)
(416.0,429.0)
(429.0,429.0)
(416.0,429.0)
(416.0,429.0)
(416.0,429.0)
(429.0,429.0)
(381.0,429.0)
(429.0,429.0)
(387.0,429.0)
(429.0,429.0)
(429.0,429.0)
(438.0,429.0)
(434.0,429.0)
(466.0,429.0)
(387.0,429.0)
(416.0,429.0)
(429.0,429.0)
(424.0,429.0)
(429.0,429.0)
(429.0,429.0)
(438.0,429.0)
(429.0,429.0)
(483.0,429.0)
(438.0,429.0)
(245.0,429.0)
(429.0,429.0)
(402.0,429.0)
(429.0,429.0)
(429.0,429.0)
(402.0,429.0)
(429.0,429.0)
(429.0,429.0)
(429.0,429.0)
(429.0,429.0)
(429.0,429.0)
(429.0,429.0)
(429.0,429.0)
(429.0,429.0)
(429.0,429.0)
(519.0,429.0)
(429.0,429.0)
(434.0,429.0)
(429.0,429.0)
(429.0,429.0)
(424.0,429.0)
(429.0,429.0)
(438.0,429.0)
(429.0,429.0)
(429.0,429.0)
(429.0,429.0)
(429.0,429.0)
(429.0,429.0)
(429.0,429.0)
(429.0,429.0)
(429.0,429.0)
(429.0,429.0)
(429.0,429.0)
(402.0,429.0)
(416.0,429.0)
(429.0,429.0)
(429.0,429.0)
(770.0,429.0)
(429.0,429.0)
(429.0,429.0)
(388.0,429.0)
(429.0,429.0)
(402.0,429.0)
(429.0,429.0)
(434.0,429.0)
(429.0,429.0)
(429.0,429.0)
(438.0,429.0)
(429.0,429.0)
(429.0,429.0)
(429.0,429.0)
(408.0,429.0)
(429.0,429.0)
(519.0,429.0)
(429.0,429.0)
(388.0,429.0)
(409.0,429.0)
(429.0,429.0)
(402.0,429.0)
(429.0,429.0)
(429.0,429.0)
(429.0,429.0)
(429.0,429.0)
(429.0,429.0)
(424.0,429.0)
(429.0,429.0)
(429.0,429.0)
(429.0,429.0)
(438.0,429.0)
(429.0,429.0)
(402.0,429.0)
(434.0,429.0)
(429.0,429.0)
(429.0,429.0)
(429.0,429.0)
(429.0,429.0)
(429.0,429.0)
(429.0,429.0)
(429.0,429.0)
(434.0,429.0)
(429.0,429.0)
(429.0,429.0)
(429.0,429.0)
(429.0,429.0)
(424.0,429.0)
(429.0,429.0)
(429.0,429.0)
(438.0,429.0)
(402.0,429.0)
(429.0,429.0)
(429.0,429.0)
(417.0,429.0)
(429.0,429.0)
(429.0,429.0)
(402.0,429.0)
(429.0,429.0)
(429.0,429.0)
(402.0,429.0)
(429.0,429.0)
(519.0,429.0)
(434.0,429.0)
(429.0,429.0)
(429.0,429.0)
(438.0,429.0)
(429.0,429.0)
(429.0,429.0)
(429.0,429.0)
(429.0,429.0)
(429.0,429.0)
(429.0,429.0)
(434.0,429.0)
(424.0,429.0)
(429.0,429.0)
(770.0,429.0)
(429.0,429.0)
(429.0,429.0)
(429.0,429.0)
(519.0,429.0)
(424.0,429.0)
(416.0,429.0)
(417.0,429.0)
(519.0,429.0)
(438.0,429.0)
(429.0,429.0)
(402.0,429.0)
(429.0,429.0)
(429.0,429.0)
(429.0,429.0)
(464.0,429.0)
(429.0,429.0)
(429.0,429.0)
(429.0,429.0)
(387.0,429.0)
(424.0,429.0)
(429.0,429.0)
(434.0,429.0)
(429.0,429.0)
(429.0,429.0)
(434.0,429.0)
(436.0,429.0)
(429.0,429.0)
(429.0,429.0)
(417.0,429.0)
(424.0,429.0)
(429.0,429.0)
(429.0,429.0)
(429.0,429.0)
(429.0,429.0)
(429.0,429.0)
(429.0,429.0)
(429.0,429.0)
(429.0,429.0)
(429.0,429.0)
(429.0,429.0)
(417.0,429.0)
(461.0,429.0)
(429.0,429.0)
(770.0,429.0)
(429.0,429.0)
(461.0,429.0)
(434.0,429.0)
(434.0,429.0)
(429.0,429.0)
(408.0,429.0)
(438.0,429.0)
(429.0,429.0)
(434.0,429.0)
(429.0,429.0)
(429.0,429.0)
(429.0,429.0)
(429.0,429.0)
(438.0,429.0)
(429.0,429.0)
(429.0,429.0)
(429.0,429.0)
(429.0,429.0)
(389.0,429.0)
(434.0,429.0)
(429.0,429.0)
(429.0,429.0)
(424.0,429.0)
(434.0,429.0)
(429.0,429.0)
(429.0,429.0)
(408.0,429.0)
(429.0,429.0)
(429.0,429.0)
(434.0,429.0)
(429.0,429.0)
(461.0,429.0)
(429.0,429.0)
(429.0,429.0)
(434.0,429.0)
(417.0,429.0)
(429.0,429.0)
(364.0,429.0)
(429.0,429.0)
(429.0,429.0)
(429.0,429.0)
(429.0,429.0)
(429.0,429.0)
(424.0,429.0)
(429.0,429.0)
(403.0,429.0)
(434.0,429.0)
(403.0,429.0)
(429.0,429.0)
(429.0,429.0)
(416.0,429.0)
(402.0,429.0)
(429.0,429.0)
(429.0,429.0)
(429.0,429.0)
(424.0,429.0)
(429.0,429.0)
(434.0,429.0)
(402.0,429.0)
(402.0,429.0)
(429.0,429.0)
(429.0,429.0)
(429.0,429.0)
(429.0,429.0)
(434.0,429.0)
(429.0,429.0)
(424.0,429.0)
(429.0,429.0)
(429.0,429.0)
(438.0,429.0)
(429.0,429.0)
(438.0,429.0)
(429.0,429.0)
(429.0,429.0)
(429.0,429.0)
(429.0,429.0)
(429.0,429.0)
(429.0,429.0)
(429.0,429.0)
(434.0,429.0)
(434.0,429.0)
(429.0,429.0)
(429.0,429.0)
(402.0,429.0)
(429.0,429.0)
(429.0,429.0)
(429.0,429.0)
(434.0,429.0)
(429.0,429.0)
(429.0,429.0)
(434.0,429.0)
(416.0,429.0)
(429.0,429.0)
(377.0,429.0)
(429.0,429.0)
(461.0,429.0)
(429.0,429.0)
(429.0,429.0)
(429.0,429.0)
(429.0,429.0)
(429.0,429.0)
(429.0,429.0)
(429.0,429.0)
(388.0,429.0)
(429.0,429.0)
(434.0,429.0)
(434.0,429.0)
(429.0,429.0)
(434.0,429.0)
(389.0,429.0)
(438.0,429.0)
(429.0,429.0)
(434.0,429.0)
(429.0,429.0)
(438.0,429.0)
(429.0,429.0)
(434.0,429.0)
(408.0,429.0)
(429.0,429.0)
(429.0,429.0)
(423.0,429.0)
(429.0,429.0)
(434.0,429.0)
(434.0,429.0)
(429.0,429.0)
(429.0,429.0)
(429.0,429.0)
(429.0,429.0)
(429.0,429.0)
(429.0,429.0)
(434.0,429.0)
(429.0,429.0)
(429.0,429.0)
(429.0,429.0)
(438.0,429.0)
(429.0,429.0)
(429.0,429.0)
(429.0,429.0)
(434.0,429.0)
(429.0,429.0)
(429.0,429.0)
(386.0,429.0)
(429.0,429.0)
(429.0,429.0)
(429.0,429.0)
(429.0,429.0)
(429.0,429.0)
(429.0,429.0)
(429.0,429.0)
(429.0,429.0)
(438.0,429.0)
(429.0,429.0)
(389.0,429.0)
(429.0,429.0)
(429.0,429.0)
(429.0,429.0)
(429.0,429.0)
(402.0,429.0)
(381.0,429.0)
(429.0,429.0)
(429.0,429.0)
(434.0,429.0)
(429.0,429.0)
(429.0,429.0)
(424.0,429.0)
(429.0,429.0)
(262.0,429.0)
(402.0,429.0)
(434.0,429.0)
(424.0,429.0)
(429.0,429.0)
(408.0,429.0)
(429.0,429.0)
(429.0,429.0)
(434.0,429.0)
(429.0,429.0)
(402.0,429.0)
(429.0,429.0)
(413.0,429.0)
(429.0,429.0)
(429.0,429.0)
(429.0,429.0)
(434.0,429.0)
(429.0,429.0)
(429.0,429.0)
(429.0,429.0)
(434.0,429.0)
(429.0,429.0)
(429.0,429.0)
(429.0,429.0)
(438.0,429.0)
(429.0,429.0)
(434.0,429.0)
(416.0,429.0)
(424.0,429.0)
(434.0,429.0)
(429.0,429.0)
(429.0,429.0)
(429.0,429.0)
(429.0,429.0)
(413.0,429.0)
(429.0,429.0)
(429.0,429.0)
(429.0,429.0)
(429.0,429.0)
(424.0,429.0)
(423.0,429.0)
(429.0,429.0)
(789.0,429.0)
(429.0,429.0)
(429.0,429.0)
(429.0,429.0)
(429.0,429.0)
(429.0,429.0)
(429.0,429.0)
(429.0,429.0)
(429.0,429.0)
(434.0,429.0)
(429.0,429.0)
(429.0,429.0)
(429.0,429.0)
(429.0,429.0)
(429.0,429.0)
(429.0,429.0)
(429.0,429.0)
(389.0,429.0)
(424.0,429.0)
(429.0,429.0)
(421.0,429.0)
(429.0,429.0)
(434.0,429.0)
(429.0,429.0)
(429.0,429.0)
(398.0,429.0)
(429.0,429.0)
(429.0,429.0)
(429.0,429.0)
(429.0,429.0)
(429.0,429.0)
(429.0,429.0)
(429.0,429.0)
(429.0,429.0)
(448.0,429.0)
(429.0,429.0)
(429.0,429.0)
(429.0,429.0)
(429.0,429.0)
(429.0,429.0)
(434.0,429.0)
(429.0,429.0)
(429.0,429.0)
(429.0,429.0)
(429.0,429.0)
(429.0,429.0)
(429.0,429.0)
(429.0,429.0)
(429.0,429.0)
(429.0,429.0)
(429.0,429.0)
(434.0,429.0)
(429.0,429.0)
(429.0,429.0)
(434.0,429.0)
(429.0,429.0)
(429.0,429.0)
(417.0,429.0)
(429.0,429.0)
(381.0,429.0)
(429.0,429.0)
(429.0,429.0)
(389.0,429.0)
(429.0,429.0)
(429.0,429.0)
(429.0,429.0)
(429.0,429.0)
(434.0,429.0)
(429.0,429.0)
(790.0,429.0)
(429.0,429.0)
(429.0,429.0)
(424.0,429.0)
(429.0,429.0)
(429.0,429.0)
(429.0,429.0)
(429.0,429.0)
(429.0,429.0)
(429.0,429.0)
(429.0,429.0)
(429.0,429.0)
(429.0,429.0)
(421.0,429.0)
(424.0,429.0)
(429.0,429.0)
(434.0,429.0)
(429.0,429.0)
(424.0,429.0)
(429.0,429.0)
(429.0,429.0)
(434.0,429.0)
(429.0,429.0)
(429.0,429.0)
(429.0,429.0)
(771.0,429.0)
(429.0,429.0)
(429.0,429.0)
(421.0,429.0)
(429.0,429.0)
(429.0,429.0)
(402.0,429.0)
(421.0,429.0)
(438.0,429.0)
(438.0,429.0)
(429.0,429.0)
(416.0,429.0)
(429.0,429.0)
(434.0,429.0)
(429.0,429.0)
(429.0,429.0)
(434.0,429.0)
(429.0,429.0)
(434.0,429.0)
(434.0,429.0)
(429.0,429.0)
(448.0,429.0)
(429.0,429.0)
(429.0,429.0)
(402.0,429.0)
(429.0,429.0)
(429.0,429.0)
(429.0,429.0)
(429.0,429.0)
(429.0,429.0)
(429.0,429.0)
(434.0,429.0)
(429.0,429.0)
(429.0,429.0)
(429.0,429.0)
(434.0,429.0)
(448.0,429.0)
(429.0,429.0)
(429.0,429.0)
(429.0,429.0)
(429.0,429.0)
(405.0,429.0)
(429.0,429.0)
(434.0,429.0)
(434.0,429.0)
(429.0,429.0)
(429.0,429.0)
(434.0,429.0)
(429.0,429.0)
(429.0,429.0)
(429.0,429.0)
(245.0,429.0)
(434.0,429.0)
(429.0,429.0)
(429.0,429.0)
(429.0,429.0)
(434.0,429.0)
(423.0,429.0)
(429.0,429.0)
(429.0,429.0)
(429.0,429.0)
(429.0,429.0)
(399.0,429.0)
(429.0,429.0)
(434.0,429.0)
(429.0,429.0)
(429.0,429.0)
(417.0,429.0)
(429.0,429.0)
(434.0,429.0)
(398.0,429.0)
(434.0,429.0)
(429.0,429.0)
(429.0,429.0)
(429.0,429.0)
(429.0,429.0)
(434.0,429.0)
(429.0,429.0)
(429.0,429.0)
(429.0,429.0)
(434.0,429.0)
(429.0,429.0)
(434.0,429.0)
(434.0,429.0)
(429.0,429.0)
(429.0,429.0)
(429.0,429.0)
(429.0,429.0)
(429.0,429.0)
(429.0,429.0)
(429.0,429.0)
(429.0,429.0)
(429.0,429.0)
(429.0,429.0)
(434.0,429.0)
(429.0,429.0)
(429.0,429.0)
(381.0,429.0)
(429.0,429.0)
(429.0,429.0)
(429.0,429.0)
(434.0,429.0)
(429.0,429.0)
(429.0,429.0)
(429.0,429.0)
(429.0,429.0)
(429.0,429.0)
(429.0,429.0)
(429.0,429.0)
(429.0,429.0)
(790.0,429.0)
(429.0,429.0)
(398.0,429.0)
(429.0,429.0)
(429.0,429.0)
(429.0,429.0)
(429.0,429.0)
(429.0,429.0)
(429.0,429.0)
(429.0,429.0)
(413.0,429.0)
(429.0,429.0)
(429.0,429.0)
(429.0,429.0)
(429.0,429.0)
(429.0,429.0)
(429.0,429.0)
(429.0,429.0)
(423.0,429.0)
(429.0,429.0)
(429.0,429.0)
(429.0,429.0)
(429.0,429.0)
(429.0,429.0)
(429.0,429.0)
(429.0,429.0)
(429.0,429.0)
(429.0,429.0)
(429.0,429.0)
(429.0,429.0)
(429.0,429.0)
(429.0,429.0)
(413.0,429.0)
(429.0,429.0)
(429.0,429.0)
(429.0,429.0)
(429.0,429.0)
(429.0,429.0)
(429.0,429.0)
(413.0,429.0)
(782.0,429.0)
(429.0,429.0)
(429.0,429.0)
(429.0,429.0)
(483.0,429.0)
(429.0,429.0)
(429.0,429.0)
(401.0,429.0)
(389.0,429.0)
(402.0,429.0)
(429.0,429.0)
(429.0,429.0)
(429.0,429.0)
(429.0,429.0)
(429.0,429.0)
(429.0,429.0)
(413.0,429.0)
(429.0,429.0)
(429.0,429.0)
(429.0,429.0)
(429.0,429.0)
(429.0,429.0)
(429.0,429.0)
(429.0,429.0)
(398.0,429.0)
(429.0,429.0)
(429.0,429.0)
(413.0,429.0)
(429.0,429.0)
(429.0,429.0)
(429.0,429.0)
(429.0,429.0)
(429.0,429.0)
(429.0,429.0)
(413.0,429.0)
(429.0,429.0)
(429.0,429.0)
(429.0,429.0)
(429.0,429.0)
(429.0,429.0)
(429.0,429.0)
(413.0,429.0)
(429.0,429.0)
(429.0,429.0)
(429.0,429.0)
(429.0,429.0)
(429.0,429.0)
(381.0,429.0)
(429.0,429.0)
(429.0,429.0)
(413.0,429.0)
(429.0,429.0)
(429.0,429.0)
(429.0,429.0)
(429.0,429.0)
(429.0,429.0)
(429.0,429.0)
(429.0,429.0)
(429.0,429.0)
(429.0,429.0)
(429.0,429.0)
(429.0,429.0)
(429.0,429.0)
(429.0,429.0)
(429.0,429.0)
(412.0,429.0)
(429.0,429.0)
(429.0,429.0)
(429.0,429.0)
(429.0,429.0)
(429.0,429.0)
(429.0,429.0)
(429.0,429.0)
(429.0,429.0)
(429.0,429.0)
(409.0,429.0)
(429.0,429.0)
(429.0,429.0)
(429.0,429.0)
(429.0,429.0)
(429.0,429.0)
(413.0,429.0)
(429.0,429.0)
(429.0,429.0)
(429.0,429.0)
(398.0,429.0)
(429.0,429.0)
(429.0,429.0)
(429.0,429.0)
(429.0,429.0)
(429.0,429.0)
(429.0,429.0)
(429.0,429.0)
(429.0,429.0)
(429.0,429.0)
(429.0,429.0)
(429.0,429.0)
(429.0,429.0)
(429.0,429.0)
(429.0,429.0)
(429.0,429.0)
(429.0,429.0)
(429.0,429.0)
(413.0,429.0)
(429.0,429.0)
(429.0,429.0)
(429.0,429.0)
(429.0,429.0)
(429.0,429.0)
(429.0,429.0)
(429.0,429.0)
(429.0,429.0)
(429.0,429.0)
(429.0,429.0)
(429.0,429.0)
(429.0,429.0)
(429.0,429.0)
(423.0,429.0)
(429.0,429.0)
(429.0,429.0)
(429.0,429.0)
(429.0,429.0)
(429.0,429.0)
(429.0,429.0)
(429.0,429.0)
(429.0,429.0)
(429.0,429.0)
(429.0,429.0)
(417.0,429.0)
(429.0,429.0)
(429.0,429.0)
(429.0,429.0)
(429.0,429.0)
(429.0,429.0)
(434.0,429.0)
(790.0,429.0)
(429.0,429.0)
(429.0,429.0)
(429.0,429.0)
(429.0,429.0)
(790.0,429.0)
(429.0,429.0)
(429.0,429.0)
(429.0,429.0)
(429.0,429.0)
(429.0,429.0)
(429.0,429.0)
(429.0,429.0)
(429.0,429.0)
(429.0,429.0)
(429.0,429.0)
(429.0,429.0)
(429.0,429.0)
(429.0,429.0)
(429.0,429.0)
(429.0,429.0)
(429.0,429.0)
(429.0,429.0)
(429.0,429.0)
(429.0,429.0)
(408.0,429.0)
(429.0,429.0)
(461.0,429.0)
(429.0,429.0)
(429.0,429.0)
(429.0,429.0)
(423.0,429.0)
(429.0,429.0)
(429.0,429.0)
(429.0,429.0)
(429.0,429.0)
(429.0,429.0)
(429.0,429.0)
(429.0,429.0)
(429.0,429.0)
(429.0,429.0)
(429.0,429.0)
(429.0,429.0)
(429.0,429.0)
(429.0,429.0)
(429.0,429.0)
(429.0,429.0)
(429.0,429.0)
(429.0,429.0)
(429.0,429.0)
(429.0,429.0)
(429.0,429.0)
(429.0,429.0)
(429.0,429.0)
(429.0,429.0)
(429.0,429.0)
(429.0,429.0)
(429.0,429.0)
(429.0,429.0)
(429.0,429.0)
(429.0,429.0)
(429.0,429.0)
(429.0,429.0)
(429.0,429.0)
(417.0,429.0)
(429.0,429.0)
(429.0,429.0)
(429.0,429.0)
(429.0,429.0)
(429.0,429.0)
(429.0,429.0)
(429.0,429.0)
(429.0,429.0)
(429.0,429.0)
(429.0,429.0)
(429.0,429.0)
(429.0,429.0)
(409.0,429.0)
(429.0,429.0)
(429.0,429.0)
(429.0,429.0)
(429.0,429.0)
(429.0,429.0)
(429.0,429.0)
(412.0,429.0)
(429.0,429.0)
(429.0,429.0)
(429.0,429.0)
(429.0,429.0)
(429.0,429.0)
(429.0,429.0)
(429.0,429.0)
(429.0,429.0)
(429.0,429.0)
(387.0,429.0)
(429.0,429.0)
(429.0,429.0)
(429.0,429.0)
(429.0,429.0)
(423.0,429.0)
(429.0,429.0)
(429.0,429.0)
(429.0,429.0)
(429.0,429.0)
(429.0,429.0)
(429.0,429.0)
(398.0,429.0)
(429.0,429.0)
(429.0,429.0)
(429.0,429.0)
(429.0,429.0)
(429.0,429.0)
(429.0,429.0)
(429.0,429.0)
(429.0,429.0)
(429.0,429.0)
(461.0,429.0)
(423.0,429.0)
(429.0,429.0)
(429.0,429.0)
(429.0,429.0)
(429.0,429.0)
(429.0,429.0)
(429.0,429.0)
(429.0,429.0)
(429.0,429.0)
(429.0,429.0)
(429.0,429.0)
(423.0,429.0)
(790.0,429.0)
(429.0,429.0)
(429.0,429.0)
(429.0,429.0)
(429.0,429.0)
(429.0,429.0)
(429.0,429.0)
(423.0,429.0)
(429.0,429.0)
(429.0,429.0)
(429.0,429.0)
(429.0,429.0)
(429.0,429.0)
(429.0,429.0)
(429.0,429.0)
(429.0,429.0)
(429.0,429.0)
(413.0,429.0)
(429.0,429.0)
(429.0,429.0)
(429.0,429.0)
(429.0,429.0)
(429.0,429.0)
(429.0,429.0)
(429.0,429.0)
(423.0,429.0)
(429.0,429.0)
(429.0,429.0)
(429.0,429.0)
(429.0,429.0)
(429.0,429.0)
(429.0,429.0)
(429.0,429.0)
(429.0,429.0)
(429.0,429.0)
(429.0,429.0)
(429.0,429.0)
(429.0,429.0)
(429.0,429.0)
(429.0,429.0)
(429.0,429.0)
(423.0,429.0)
(429.0,429.0)
(429.0,429.0)
(429.0,429.0)
(429.0,429.0)
(429.0,429.0)
(429.0,429.0)
(429.0,429.0)
(429.0,429.0)
(429.0,429.0)
(423.0,429.0)
(429.0,429.0)
(429.0,429.0)
(429.0,429.0)
(429.0,429.0)
(429.0,429.0)
(429.0,429.0)
(429.0,429.0)
(429.0,429.0)
(429.0,429.0)
(429.0,429.0)
(429.0,429.0)
(429.0,429.0)
(429.0,429.0)
(429.0,429.0)
(429.0,429.0)
(429.0,429.0)
(429.0,429.0)
(429.0,429.0)
(423.0,429.0)
(429.0,429.0)
(429.0,429.0)
(429.0,429.0)
(413.0,429.0)
(429.0,429.0)
(429.0,429.0)
(429.0,429.0)
(429.0,429.0)
(429.0,429.0)
(429.0,429.0)
(438.0,429.0)
(429.0,429.0)
(429.0,429.0)
(429.0,429.0)
(429.0,429.0)
(434.0,429.0)
(429.0,429.0)
(429.0,429.0)
(429.0,429.0)
(461.0,429.0)
(429.0,429.0)
(429.0,429.0)
(398.0,429.0)
(429.0,429.0)
(429.0,429.0)
(389.0,429.0)
(429.0,429.0)
(429.0,429.0)
(429.0,429.0)
(409.0,429.0)
(429.0,429.0)
(429.0,429.0)
(429.0,429.0)
(429.0,429.0)
(429.0,429.0)
(429.0,429.0)
(438.0,429.0)
(429.0,429.0)
(429.0,429.0)
(438.0,429.0)
(461.0,429.0)
(429.0,429.0)
(429.0,429.0)
(434.0,429.0)
(429.0,429.0)
(461.0,429.0)
(429.0,429.0)
(429.0,429.0)
(429.0,429.0)
(429.0,429.0)
(416.0,429.0)
(429.0,429.0)
(429.0,429.0)
(416.0,429.0)
(461.0,429.0)
(402.0,429.0)
(429.0,429.0)
(429.0,429.0)
(429.0,429.0)
(429.0,429.0)
(438.0,429.0)
(429.0,429.0)
(438.0,429.0)
(771.0,429.0)
(429.0,429.0)
(461.0,429.0)
(429.0,429.0)
(429.0,429.0)
(429.0,429.0)
(429.0,429.0)
(402.0,429.0)
(445.0,429.0)
(429.0,429.0)
(429.0,429.0)
(782.0,429.0)
(429.0,429.0)
(771.0,429.0)
(429.0,429.0)
(429.0,429.0)
(429.0,429.0)
(429.0,429.0)
(483.0,429.0)
(429.0,429.0)
(429.0,429.0)
(387.0,429.0)
(398.0,429.0)
(429.0,429.0)
(429.0,429.0)
(429.0,429.0)
(429.0,429.0)
(429.0,429.0)
(429.0,429.0)
(429.0,429.0)
(429.0,429.0)
(387.0,429.0)
(429.0,429.0)
(429.0,429.0)
(429.0,429.0)
(429.0,429.0)
(429.0,429.0)
(434.0,429.0)
(429.0,429.0)
(429.0,429.0)
(429.0,429.0)
(429.0,429.0)
(402.0,429.0)
(429.0,429.0)
(429.0,429.0)
(429.0,429.0)
(434.0,429.0)
(429.0,429.0)
(429.0,429.0)
(429.0,429.0)
(429.0,429.0)
(429.0,429.0)
(434.0,429.0)
(434.0,429.0)
(757.0,429.0)
(429.0,429.0)
(429.0,429.0)
(414.0,429.0)
(429.0,429.0)
(429.0,429.0)
(429.0,429.0)
(429.0,429.0)
(402.0,429.0)
(402.0,429.0)
(402.0,429.0)
(429.0,429.0)
(429.0,429.0)
(429.0,429.0)
(429.0,429.0)
(438.0,429.0)
(434.0,429.0)
(429.0,429.0)
(519.0,429.0)
(429.0,429.0)
(461.0,429.0)
(429.0,429.0)
(461.0,429.0)
(429.0,429.0)
(434.0,429.0)
(429.0,429.0)
(424.0,429.0)
(429.0,429.0)
(429.0,429.0)
(429.0,429.0)
(429.0,429.0)
(438.0,429.0)
(429.0,429.0)
(438.0,429.0)
(429.0,429.0)
(416.0,429.0)
(429.0,429.0)
(429.0,429.0)
(429.0,429.0)
(387.0,429.0)
(429.0,429.0)
(429.0,429.0)
(461.0,429.0)
(429.0,429.0)
(429.0,429.0)
(429.0,429.0)
(429.0,429.0)
(464.0,429.0)
(434.0,429.0)
(429.0,429.0)
(429.0,429.0)
(429.0,429.0)
(429.0,429.0)
(434.0,429.0)
(429.0,429.0)
(429.0,429.0)
(434.0,429.0)
(429.0,429.0)
(429.0,429.0)
(429.0,429.0)
(429.0,429.0)
(429.0,429.0)
(434.0,429.0)
(429.0,429.0)
(429.0,429.0)
(429.0,429.0)
(429.0,429.0)
(429.0,429.0)
(429.0,429.0)
(429.0,429.0)
(429.0,429.0)
(429.0,429.0)
(429.0,429.0)
(429.0,429.0)
(429.0,429.0)
(429.0,429.0)
(429.0,429.0)
(429.0,429.0)
(402.0,429.0)
(429.0,429.0)
(429.0,429.0)
(424.0,429.0)
(429.0,429.0)
(429.0,429.0)
(438.0,429.0)
(429.0,429.0)
(429.0,429.0)
(785.0,785.0)
(471.0,785.0)
(785.0,785.0)
(785.0,785.0)
(459.0,785.0)
(482.0,785.0)
(391.0,785.0)
(785.0,785.0)
(785.0,785.0)
(785.0,785.0)
(785.0,785.0)
(785.0,785.0)
(785.0,785.0)
(785.0,785.0)
(785.0,785.0)
(482.0,785.0)
(428.0,785.0)
(785.0,785.0)
(785.0,785.0)
(435.0,785.0)
(431.0,785.0)
(785.0,785.0)
(428.0,785.0)
(785.0,785.0)
(785.0,785.0)
(785.0,785.0)
(784.0,785.0)
(785.0,785.0)
(785.0,785.0)
(785.0,785.0)
(459.0,785.0)
(428.0,785.0)
(785.0,785.0)
(785.0,785.0)
(428.0,785.0)
(785.0,785.0)
(785.0,785.0)
(785.0,785.0)
(785.0,785.0)
(417.0,785.0)
(482.0,785.0)
(785.0,785.0)
(785.0,785.0)
(785.0,785.0)
(785.0,785.0)
(459.0,785.0)
(459.0,785.0)
(785.0,785.0)
(785.0,785.0)
(785.0,785.0)
(417.0,785.0)
(785.0,785.0)
(785.0,785.0)
(785.0,785.0)
(479.0,785.0)
(447.0,785.0)
(785.0,785.0)
(459.0,785.0)
(428.0,785.0)
(785.0,785.0)
(428.0,785.0)
(785.0,785.0)
(459.0,785.0)
(785.0,785.0)
(785.0,785.0)
(785.0,785.0)
(785.0,785.0)
(780.0,785.0)
(785.0,785.0)
(459.0,785.0)
(785.0,785.0)
(785.0,785.0)
(785.0,785.0)
(785.0,785.0)
(459.0,785.0)
(785.0,785.0)
(785.0,785.0)
(785.0,785.0)
(483.0,785.0)
(785.0,785.0)
(427.0,785.0)
(785.0,785.0)
(785.0,785.0)
(785.0,785.0)
(785.0,785.0)
(785.0,785.0)
(431.0,785.0)
(785.0,785.0)
(785.0,785.0)
(785.0,785.0)
(785.0,785.0)
(785.0,785.0)
(785.0,785.0)
(785.0,785.0)
(785.0,785.0)
(368.0,785.0)
(785.0,785.0)
(785.0,785.0)
(459.0,785.0)
(785.0,785.0)
(785.0,785.0)
(785.0,785.0)
(459.0,785.0)
(785.0,785.0)
(785.0,785.0)
(785.0,785.0)
(785.0,785.0)
(785.0,785.0)
(785.0,785.0)
(785.0,785.0)
(431.0,785.0)
(785.0,785.0)
(785.0,785.0)
(785.0,785.0)
(785.0,785.0)
(785.0,785.0)
(785.0,785.0)
(785.0,785.0)
(785.0,785.0)
(459.0,785.0)
(785.0,785.0)
(435.0,785.0)
(785.0,785.0)
(785.0,785.0)
(785.0,785.0)
(428.0,785.0)
(785.0,785.0)
(431.0,785.0)
(431.0,785.0)
(447.0,785.0)
(428.0,785.0)
(785.0,785.0)
(785.0,785.0)
(785.0,785.0)
(785.0,785.0)
(785.0,785.0)
(785.0,785.0)
(785.0,785.0)
(785.0,785.0)
(771.0,785.0)
(785.0,785.0)
(785.0,785.0)
(785.0,785.0)
(447.0,785.0)
(785.0,785.0)
(785.0,785.0)
(785.0,785.0)
(785.0,785.0)
(785.0,785.0)
(785.0,785.0)
(785.0,785.0)
(785.0,785.0)
(428.0,785.0)
(785.0,785.0)
(785.0,785.0)
(785.0,785.0)
(785.0,785.0)
(785.0,785.0)
(785.0,785.0)
(459.0,785.0)
(785.0,785.0)
(368.0,785.0)
(785.0,785.0)
(447.0,785.0)
(785.0,785.0)
(785.0,785.0)
(785.0,785.0)
(785.0,785.0)
(785.0,785.0)
(785.0,785.0)
(785.0,785.0)
(785.0,785.0)
(785.0,785.0)
(785.0,785.0)
(785.0,785.0)
(785.0,785.0)
(785.0,785.0)
(417.0,785.0)
(785.0,785.0)
(428.0,785.0)
(447.0,785.0)
(425.0,785.0)
(431.0,785.0)
(785.0,785.0)
(785.0,785.0)
(785.0,785.0)
(459.0,785.0)
(785.0,785.0)
(785.0,785.0)
(785.0,785.0)
(785.0,785.0)
(785.0,785.0)
(785.0,785.0)
(785.0,785.0)
(785.0,785.0)
(785.0,785.0)
(483.0,785.0)
(428.0,785.0)
(447.0,785.0)
(785.0,785.0)
(785.0,785.0)
(785.0,785.0)
(431.0,785.0)
(786.0,785.0)
(785.0,785.0)
(785.0,785.0)
(428.0,785.0)
(785.0,785.0)
(785.0,785.0)
(785.0,785.0)
(786.0,785.0)
(785.0,785.0)
(785.0,785.0)
(786.0,785.0)
(435.0,785.0)
(431.0,785.0)
(785.0,785.0)
(785.0,785.0)
(785.0,785.0)
(785.0,785.0)
(785.0,785.0)
(785.0,785.0)
(786.0,785.0)
(785.0,785.0)
(785.0,785.0)
(431.0,785.0)
(459.0,785.0)
(785.0,785.0)
(785.0,785.0)
(785.0,785.0)
(786.0,785.0)
(447.0,785.0)
(785.0,785.0)
(785.0,785.0)
(785.0,785.0)
(785.0,785.0)
(785.0,785.0)
(431.0,785.0)
(785.0,785.0)
(785.0,785.0)
(785.0,785.0)
(785.0,785.0)
(785.0,785.0)
(785.0,785.0)
(785.0,785.0)
(785.0,785.0)
(785.0,785.0)
(382.0,785.0)
(785.0,785.0)
(785.0,785.0)
(431.0,785.0)
(785.0,785.0)
(481.0,785.0)
(482.0,785.0)
(785.0,785.0)
(785.0,785.0)
(785.0,785.0)
(786.0,785.0)
(417.0,785.0)
(785.0,785.0)
(785.0,785.0)
(459.0,785.0)
(785.0,785.0)
(428.0,785.0)
(368.0,785.0)
(785.0,785.0)
(785.0,785.0)
(786.0,785.0)
(785.0,785.0)
(785.0,785.0)
(421.0,785.0)
(427.0,785.0)
(785.0,785.0)
(481.0,785.0)
(483.0,785.0)
(447.0,785.0)
(785.0,785.0)
(785.0,785.0)
(433.0,785.0)
(785.0,785.0)
(785.0,785.0)
(785.0,785.0)
(785.0,785.0)
(785.0,785.0)
(786.0,785.0)
(785.0,785.0)
(785.0,785.0)
(785.0,785.0)
(431.0,785.0)
(785.0,785.0)
(433.0,785.0)
(785.0,785.0)
(427.0,785.0)
(785.0,785.0)
(431.0,785.0)
(421.0,785.0)
(785.0,785.0)
(785.0,785.0)
(786.0,785.0)
(785.0,785.0)
(431.0,785.0)
(785.0,785.0)
(366.0,785.0)
(785.0,785.0)
(785.0,785.0)
(431.0,785.0)
(785.0,785.0)
(785.0,785.0)
(785.0,785.0)
(785.0,785.0)
(785.0,785.0)
(785.0,785.0)
(785.0,785.0)
(785.0,785.0)
(431.0,785.0)
(785.0,785.0)
(785.0,785.0)
(785.0,785.0)
(786.0,785.0)
(427.0,785.0)
(785.0,785.0)
(785.0,785.0)
(785.0,785.0)
(787.0,785.0)
(431.0,785.0)
(785.0,785.0)
(785.0,785.0)
(785.0,785.0)
(785.0,785.0)
(785.0,785.0)
(435.0,785.0)
(368.0,785.0)
(785.0,785.0)
(785.0,785.0)
(447.0,785.0)
(785.0,785.0)
(431.0,785.0)
(785.0,785.0)
(785.0,785.0)
(431.0,785.0)
(785.0,785.0)
(417.0,785.0)
(786.0,785.0)
(785.0,785.0)
(431.0,785.0)
(471.0,785.0)
(428.0,785.0)
(785.0,785.0)
(785.0,785.0)
(354.0,785.0)
(785.0,785.0)
(785.0,785.0)
(428.0,785.0)
(785.0,785.0)
(785.0,785.0)
(785.0,785.0)
(785.0,785.0)
(785.0,785.0)
(785.0,785.0)
(428.0,785.0)
(785.0,785.0)
(455.0,785.0)
(785.0,785.0)
(431.0,785.0)
(785.0,785.0)
(785.0,785.0)
(785.0,785.0)
(785.0,785.0)
(785.0,785.0)
(785.0,785.0)
(785.0,785.0)
(785.0,785.0)
(785.0,785.0)
(435.0,785.0)
(785.0,785.0)
(785.0,785.0)
(785.0,785.0)
(785.0,785.0)
(785.0,785.0)
(785.0,785.0)
(785.0,785.0)
(785.0,785.0)
(785.0,785.0)
(435.0,785.0)
(785.0,785.0)
(427.0,785.0)
(785.0,785.0)
(785.0,785.0)
(785.0,785.0)
(785.0,785.0)
(431.0,785.0)
(785.0,785.0)
(786.0,785.0)
(785.0,785.0)
(785.0,785.0)
(785.0,785.0)
(431.0,785.0)
(431.0,785.0)
(785.0,785.0)
(785.0,785.0)
(785.0,785.0)
(785.0,785.0)
(459.0,785.0)
(785.0,785.0)
(435.0,785.0)
(785.0,785.0)
(368.0,785.0)
(427.0,785.0)
(431.0,785.0)
(431.0,785.0)
(785.0,785.0)
(785.0,785.0)
(427.0,785.0)
(785.0,785.0)
(785.0,785.0)
(785.0,785.0)
(785.0,785.0)
(447.0,785.0)
(785.0,785.0)
(785.0,785.0)
(785.0,785.0)
(785.0,785.0)
(435.0,785.0)
(431.0,785.0)
(785.0,785.0)
(785.0,785.0)
(404.0,785.0)
(433.0,785.0)
(785.0,785.0)
(784.0,785.0)
(785.0,785.0)
(368.0,785.0)
(786.0,785.0)
(433.0,785.0)
(785.0,785.0)
(479.0,785.0)
(785.0,785.0)
(455.0,785.0)
(785.0,785.0)
(785.0,785.0)
(785.0,785.0)
(785.0,785.0)
(785.0,785.0)
(479.0,785.0)
(785.0,785.0)
(428.0,785.0)
(785.0,785.0)
(785.0,785.0)
(785.0,785.0)
(785.0,785.0)
(785.0,785.0)
(785.0,785.0)
(785.0,785.0)
(785.0,785.0)
(459.0,785.0)
(785.0,785.0)
(381.0,785.0)
(785.0,785.0)
(786.0,785.0)
(785.0,785.0)
(785.0,785.0)
(785.0,785.0)
(785.0,785.0)
(427.0,785.0)
(786.0,785.0)
(785.0,785.0)
(435.0,785.0)
(368.0,785.0)
(785.0,785.0)
(431.0,785.0)
(785.0,785.0)
(785.0,785.0)
(785.0,785.0)
(785.0,785.0)
(785.0,785.0)
(785.0,785.0)
(431.0,785.0)
(785.0,785.0)
(431.0,785.0)
(785.0,785.0)
(785.0,785.0)
(785.0,785.0)
(785.0,785.0)
(786.0,785.0)
(431.0,785.0)
(786.0,785.0)
(785.0,785.0)
(785.0,785.0)
(435.0,785.0)
(785.0,785.0)
(786.0,785.0)
(785.0,785.0)
(785.0,785.0)
(785.0,785.0)
(376.0,785.0)
(785.0,785.0)
(785.0,785.0)
(785.0,785.0)
(785.0,785.0)
(428.0,785.0)
(435.0,785.0)
(785.0,785.0)
(785.0,785.0)
(428.0,785.0)
(479.0,785.0)
(787.0,785.0)
(381.0,785.0)
(787.0,785.0)
(785.0,785.0)
(785.0,785.0)
(435.0,785.0)
(785.0,785.0)
(431.0,785.0)
(785.0,785.0)
(786.0,785.0)
(785.0,785.0)
(785.0,785.0)
(785.0,785.0)
(786.0,785.0)
(431.0,785.0)
(417.0,785.0)
(785.0,785.0)
(421.0,785.0)
(786.0,785.0)
(785.0,785.0)
(428.0,785.0)
(786.0,785.0)
(786.0,785.0)
(786.0,785.0)
(417.0,785.0)
(428.0,785.0)
(785.0,785.0)
(785.0,785.0)
(785.0,785.0)
(785.0,785.0)
(785.0,785.0)
(785.0,785.0)
(786.0,785.0)
(459.0,785.0)
(785.0,785.0)
(431.0,785.0)
