(448.0,442.0)
(442.0,442.0)
(461.0,442.0)
(448.0,442.0)
(771.0,442.0)
(402.0,442.0)
(448.0,442.0)
(448.0,442.0)
(448.0,442.0)
(771.0,442.0)
(448.0,442.0)
(448.0,442.0)
(386.0,442.0)
(388.0,442.0)
(448.0,442.0)
(461.0,442.0)
(448.0,442.0)
(461.0,442.0)
(771.0,442.0)
(402.0,442.0)
(448.0,442.0)
(402.0,442.0)
(460.0,442.0)
(483.0,442.0)
(459.0,442.0)
(771.0,442.0)
(412.0,442.0)
(771.0,442.0)
(448.0,442.0)
(387.0,442.0)
(448.0,442.0)
(448.0,442.0)
(416.0,442.0)
(448.0,442.0)
(771.0,442.0)
(416.0,442.0)
(448.0,442.0)
(448.0,442.0)
(428.0,442.0)
(483.0,442.0)
(464.0,442.0)
(448.0,442.0)
(532.0,442.0)
(459.0,442.0)
(448.0,442.0)
(461.0,442.0)
(771.0,442.0)
(448.0,442.0)
(402.0,442.0)
(448.0,442.0)
(448.0,442.0)
(421.0,442.0)
(423.0,442.0)
(464.0,442.0)
(467.0,442.0)
(467.0,442.0)
(448.0,442.0)
(483.0,442.0)
(461.0,442.0)
(448.0,442.0)
(442.0,442.0)
(402.0,442.0)
(459.0,442.0)
(402.0,442.0)
(771.0,442.0)
(402.0,442.0)
(442.0,442.0)
(413.0,442.0)
(771.0,442.0)
(448.0,442.0)
(459.0,442.0)
(448.0,442.0)
(448.0,442.0)
(448.0,442.0)
(771.0,442.0)
(448.0,442.0)
(771.0,442.0)
(771.0,442.0)
(445.0,442.0)
(483.0,442.0)
(448.0,442.0)
(448.0,442.0)
(448.0,442.0)
(461.0,442.0)
(459.0,442.0)
(771.0,442.0)
(771.0,442.0)
(452.0,442.0)
(416.0,442.0)
(387.0,442.0)
(459.0,442.0)
(384.0,442.0)
(402.0,442.0)
(461.0,442.0)
(448.0,442.0)
(424.0,442.0)
(448.0,442.0)
(448.0,442.0)
(448.0,442.0)
(448.0,442.0)
(461.0,442.0)
(448.0,442.0)
(448.0,442.0)
(448.0,442.0)
(448.0,442.0)
(417.0,442.0)
(448.0,442.0)
(448.0,442.0)
(448.0,442.0)
(448.0,442.0)
(479.0,442.0)
(428.0,442.0)
(448.0,442.0)
(421.0,442.0)
(448.0,442.0)
(460.0,442.0)
(483.0,442.0)
(448.0,442.0)
(459.0,442.0)
(464.0,442.0)
(448.0,442.0)
(448.0,442.0)
(445.0,442.0)
(479.0,442.0)
(448.0,442.0)
(402.0,442.0)
(402.0,442.0)
(452.0,442.0)
(421.0,442.0)
(783.0,442.0)
(448.0,442.0)
(427.0,442.0)
(471.0,442.0)
(468.0,442.0)
(448.0,442.0)
(479.0,442.0)
(448.0,442.0)
(448.0,442.0)
(452.0,442.0)
(424.0,442.0)
(386.0,442.0)
(757.0,442.0)
(459.0,442.0)
(448.0,442.0)
(402.0,442.0)
(448.0,442.0)
(461.0,442.0)
(771.0,442.0)
(448.0,442.0)
(448.0,442.0)
(448.0,442.0)
(424.0,442.0)
(448.0,442.0)
(448.0,442.0)
(402.0,442.0)
(765.0,442.0)
(771.0,442.0)
(448.0,442.0)
(448.0,442.0)
(771.0,442.0)
(448.0,442.0)
(448.0,442.0)
(448.0,442.0)
(448.0,442.0)
(771.0,442.0)
(448.0,442.0)
(446.0,442.0)
(771.0,442.0)
(424.0,442.0)
(799.0,442.0)
(461.0,442.0)
(448.0,442.0)
(461.0,442.0)
(386.0,442.0)
(388.0,442.0)
(448.0,442.0)
(464.0,442.0)
(448.0,442.0)
(442.0,442.0)
(448.0,442.0)
(448.0,442.0)
(379.0,442.0)
(461.0,442.0)
(445.0,442.0)
(434.0,442.0)
(448.0,442.0)
(423.0,442.0)
(799.0,442.0)
(402.0,442.0)
(771.0,442.0)
(459.0,442.0)
(448.0,442.0)
(422.0,442.0)
(459.0,442.0)
(483.0,442.0)
(442.0,442.0)
(448.0,442.0)
(448.0,442.0)
(459.0,442.0)
(483.0,442.0)
(448.0,442.0)
(452.0,442.0)
(466.0,442.0)
(459.0,442.0)
(461.0,442.0)
(461.0,442.0)
(448.0,442.0)
(448.0,442.0)
(402.0,442.0)
(448.0,442.0)
(448.0,442.0)
(448.0,442.0)
(448.0,442.0)
(448.0,442.0)
(448.0,442.0)
(384.0,442.0)
(388.0,442.0)
(386.0,442.0)
(381.0,442.0)
(448.0,442.0)
(445.0,442.0)
(424.0,442.0)
(460.0,442.0)
(416.0,442.0)
(448.0,442.0)
(483.0,442.0)
(446.0,442.0)
(448.0,442.0)
(771.0,442.0)
(771.0,442.0)
(448.0,442.0)
(386.0,442.0)
(448.0,442.0)
(381.0,442.0)
(448.0,442.0)
(448.0,442.0)
(387.0,442.0)
(442.0,442.0)
(448.0,442.0)
(448.0,442.0)
(448.0,442.0)
(448.0,442.0)
(445.0,442.0)
(448.0,442.0)
(448.0,442.0)
(442.0,442.0)
(459.0,442.0)
(461.0,442.0)
(448.0,442.0)
(771.0,442.0)
(448.0,442.0)
(448.0,442.0)
(417.0,442.0)
(771.0,442.0)
(461.0,442.0)
(445.0,442.0)
(386.0,442.0)
(448.0,442.0)
(448.0,442.0)
(448.0,442.0)
(461.0,442.0)
(442.0,442.0)
(771.0,442.0)
(771.0,442.0)
(448.0,442.0)
(448.0,442.0)
(448.0,442.0)
(445.0,442.0)
(448.0,442.0)
(479.0,442.0)
(448.0,442.0)
(474.0,442.0)
(427.0,442.0)
(381.0,442.0)
(431.0,442.0)
(445.0,442.0)
(771.0,442.0)
(461.0,442.0)
(483.0,442.0)
(461.0,442.0)
(445.0,442.0)
(448.0,442.0)
(448.0,442.0)
(479.0,442.0)
(448.0,442.0)
(771.0,442.0)
(448.0,442.0)
(479.0,442.0)
(771.0,442.0)
(771.0,442.0)
(771.0,442.0)
(448.0,442.0)
(448.0,442.0)
(771.0,442.0)
(464.0,442.0)
(459.0,442.0)
(408.0,442.0)
(402.0,442.0)
(448.0,442.0)
(448.0,442.0)
(448.0,442.0)
(483.0,442.0)
(445.0,442.0)
(448.0,442.0)
(448.0,442.0)
(771.0,442.0)
(448.0,442.0)
(448.0,442.0)
(448.0,442.0)
(423.0,442.0)
(461.0,442.0)
(388.0,442.0)
(445.0,442.0)
(461.0,442.0)
(448.0,442.0)
(448.0,442.0)
(402.0,442.0)
(423.0,442.0)
(386.0,442.0)
(448.0,442.0)
(448.0,442.0)
(448.0,442.0)
(448.0,442.0)
(771.0,442.0)
(448.0,442.0)
(479.0,442.0)
(448.0,442.0)
(483.0,442.0)
(445.0,442.0)
(445.0,442.0)
(771.0,442.0)
(448.0,442.0)
(483.0,442.0)
(483.0,442.0)
(771.0,442.0)
(448.0,442.0)
(421.0,442.0)
(448.0,442.0)
(460.0,442.0)
(387.0,442.0)
(448.0,442.0)
(448.0,442.0)
(467.0,442.0)
(421.0,442.0)
(448.0,442.0)
(448.0,442.0)
(448.0,442.0)
(448.0,442.0)
(387.0,442.0)
(431.0,442.0)
(448.0,442.0)
(440.0,442.0)
(479.0,442.0)
(424.0,442.0)
(448.0,442.0)
(460.0,442.0)
(402.0,442.0)
(448.0,442.0)
(448.0,442.0)
(448.0,442.0)
(445.0,442.0)
(771.0,442.0)
(771.0,442.0)
(448.0,442.0)
(802.0,442.0)
(771.0,442.0)
(461.0,442.0)
(421.0,442.0)
(448.0,442.0)
(448.0,442.0)
(448.0,442.0)
(403.0,442.0)
(467.0,442.0)
(387.0,442.0)
(448.0,442.0)
(479.0,442.0)
(402.0,442.0)
(448.0,442.0)
(448.0,442.0)
(483.0,442.0)
(771.0,442.0)
(744.0,442.0)
(448.0,442.0)
(448.0,442.0)
(431.0,442.0)
(448.0,442.0)
(388.0,442.0)
(448.0,442.0)
(445.0,442.0)
(448.0,442.0)
(461.0,442.0)
(771.0,442.0)
(448.0,442.0)
(448.0,442.0)
(448.0,442.0)
(448.0,442.0)
(448.0,442.0)
(448.0,442.0)
(483.0,442.0)
(448.0,442.0)
(386.0,442.0)
(389.0,442.0)
(448.0,442.0)
(479.0,442.0)
(483.0,442.0)
(771.0,442.0)
(423.0,442.0)
(448.0,442.0)
(448.0,442.0)
(448.0,442.0)
(448.0,442.0)
(388.0,442.0)
(448.0,442.0)
(479.0,442.0)
(381.0,442.0)
(771.0,442.0)
(448.0,442.0)
(448.0,442.0)
(461.0,442.0)
(448.0,442.0)
(445.0,442.0)
(448.0,442.0)
(448.0,442.0)
(448.0,442.0)
(448.0,442.0)
(448.0,442.0)
(448.0,442.0)
(448.0,442.0)
(771.0,442.0)
(448.0,442.0)
(423.0,442.0)
(448.0,442.0)
(421.0,442.0)
(448.0,442.0)
(771.0,442.0)
(448.0,442.0)
(448.0,442.0)
(479.0,442.0)
(479.0,442.0)
(448.0,442.0)
(452.0,442.0)
(448.0,442.0)
(403.0,442.0)
(448.0,442.0)
(402.0,442.0)
(448.0,442.0)
(448.0,442.0)
(448.0,442.0)
(448.0,442.0)
(387.0,442.0)
(386.0,442.0)
(446.0,442.0)
(448.0,442.0)
(802.0,442.0)
(483.0,442.0)
(448.0,442.0)
(402.0,442.0)
(388.0,442.0)
(461.0,442.0)
(448.0,442.0)
(421.0,442.0)
(381.0,442.0)
(798.0,442.0)
(417.0,442.0)
(448.0,442.0)
(448.0,442.0)
(459.0,442.0)
(448.0,442.0)
(445.0,442.0)
(461.0,442.0)
(421.0,442.0)
(468.0,442.0)
(384.0,442.0)
(448.0,442.0)
(461.0,442.0)
(416.0,442.0)
(445.0,442.0)
(461.0,442.0)
(448.0,442.0)
(448.0,442.0)
(448.0,442.0)
(448.0,442.0)
(402.0,442.0)
(483.0,442.0)
(448.0,442.0)
(448.0,442.0)
(448.0,442.0)
(459.0,442.0)
(448.0,442.0)
(442.0,442.0)
(387.0,442.0)
(448.0,442.0)
(448.0,442.0)
(448.0,442.0)
(448.0,442.0)
(765.0,442.0)
(448.0,442.0)
(448.0,442.0)
(771.0,442.0)
(445.0,442.0)
(448.0,442.0)
(448.0,442.0)
(421.0,442.0)
(448.0,442.0)
(386.0,442.0)
(448.0,442.0)
(422.0,442.0)
(461.0,442.0)
(483.0,442.0)
(448.0,442.0)
(771.0,442.0)
(771.0,442.0)
(445.0,442.0)
(461.0,442.0)
(445.0,442.0)
(461.0,442.0)
(448.0,442.0)
(771.0,442.0)
(448.0,442.0)
(771.0,442.0)
(483.0,442.0)
(771.0,442.0)
(448.0,442.0)
(448.0,442.0)
(802.0,442.0)
(461.0,442.0)
(386.0,442.0)
(461.0,442.0)
(448.0,442.0)
(448.0,442.0)
(448.0,442.0)
(483.0,442.0)
(459.0,442.0)
(448.0,442.0)
(448.0,442.0)
(448.0,442.0)
(402.0,442.0)
(461.0,442.0)
(459.0,442.0)
(448.0,442.0)
(417.0,442.0)
(448.0,442.0)
(448.0,442.0)
(448.0,442.0)
(483.0,442.0)
(448.0,442.0)
(423.0,442.0)
(448.0,442.0)
(448.0,442.0)
(771.0,442.0)
(424.0,442.0)
(479.0,442.0)
(421.0,442.0)
(771.0,442.0)
(448.0,442.0)
(448.0,442.0)
(448.0,442.0)
(445.0,442.0)
(448.0,442.0)
(483.0,442.0)
(448.0,442.0)
(350.0,442.0)
(445.0,442.0)
(402.0,442.0)
(446.0,442.0)
(448.0,442.0)
(448.0,442.0)
(402.0,442.0)
(452.0,442.0)
(386.0,442.0)
(448.0,442.0)
(442.0,442.0)
(771.0,442.0)
(448.0,442.0)
(416.0,442.0)
(448.0,442.0)
(464.0,442.0)
(448.0,442.0)
(434.0,442.0)
(448.0,442.0)
(424.0,442.0)
(402.0,442.0)
(448.0,442.0)
(461.0,442.0)
(402.0,442.0)
(460.0,442.0)
(448.0,442.0)
(461.0,442.0)
(448.0,442.0)
(448.0,442.0)
(448.0,442.0)
(421.0,442.0)
(448.0,442.0)
(444.0,442.0)
(448.0,442.0)
(448.0,442.0)
(448.0,442.0)
(448.0,442.0)
(402.0,442.0)
(424.0,442.0)
(771.0,442.0)
(448.0,442.0)
(448.0,442.0)
(448.0,442.0)
(416.0,442.0)
(448.0,442.0)
(461.0,442.0)
(386.0,442.0)
(771.0,442.0)
(431.0,442.0)
(402.0,442.0)
(402.0,442.0)
(771.0,442.0)
(771.0,442.0)
(448.0,442.0)
(461.0,442.0)
(445.0,442.0)
(448.0,442.0)
(424.0,442.0)
(459.0,442.0)
(448.0,442.0)
(445.0,442.0)
(448.0,442.0)
(468.0,442.0)
(448.0,442.0)
(388.0,442.0)
(402.0,442.0)
(428.0,442.0)
(448.0,442.0)
(483.0,442.0)
(464.0,442.0)
(483.0,442.0)
(386.0,442.0)
(387.0,442.0)
(424.0,442.0)
(448.0,442.0)
(461.0,442.0)
(448.0,442.0)
(448.0,442.0)
(445.0,442.0)
(445.0,442.0)
(771.0,442.0)
(771.0,442.0)
(448.0,442.0)
(461.0,442.0)
(448.0,442.0)
(387.0,442.0)
(445.0,442.0)
(402.0,442.0)
(410.0,442.0)
(771.0,442.0)
(461.0,442.0)
(448.0,442.0)
(771.0,442.0)
(799.0,442.0)
(448.0,442.0)
(771.0,442.0)
(448.0,442.0)
(461.0,442.0)
(448.0,442.0)
(461.0,442.0)
(448.0,442.0)
(448.0,442.0)
(464.0,442.0)
(468.0,442.0)
(448.0,442.0)
(448.0,442.0)
(448.0,442.0)
(448.0,442.0)
(422.0,442.0)
(448.0,442.0)
(445.0,442.0)
(445.0,442.0)
(448.0,442.0)
(461.0,442.0)
(381.0,442.0)
(448.0,442.0)
(448.0,442.0)
(381.0,442.0)
(381.0,442.0)
(448.0,442.0)
(387.0,442.0)
(802.0,442.0)
(445.0,442.0)
(448.0,442.0)
(402.0,442.0)
(445.0,442.0)
(448.0,442.0)
(448.0,442.0)
(448.0,442.0)
(461.0,442.0)
(402.0,442.0)
(428.0,442.0)
(468.0,442.0)
(448.0,442.0)
(464.0,442.0)
(448.0,442.0)
(448.0,442.0)
(448.0,442.0)
(386.0,442.0)
(448.0,442.0)
(431.0,442.0)
(448.0,442.0)
(448.0,442.0)
(738.0,442.0)
(448.0,442.0)
(402.0,442.0)
(408.0,442.0)
(448.0,442.0)
(448.0,442.0)
(442.0,442.0)
(405.0,442.0)
(448.0,442.0)
(448.0,442.0)
(455.0,442.0)
(386.0,442.0)
(445.0,442.0)
(448.0,442.0)
(442.0,442.0)
(412.0,442.0)
(448.0,442.0)
(442.0,442.0)
(448.0,442.0)
(448.0,442.0)
(448.0,442.0)
(448.0,442.0)
(448.0,442.0)
(483.0,442.0)
(448.0,442.0)
(459.0,442.0)
(448.0,442.0)
(448.0,442.0)
(445.0,442.0)
(448.0,442.0)
(448.0,442.0)
(448.0,442.0)
(448.0,442.0)
(448.0,442.0)
(445.0,442.0)
(413.0,442.0)
(448.0,442.0)
(448.0,442.0)
(463.0,442.0)
(771.0,442.0)
(402.0,442.0)
(461.0,442.0)
(461.0,442.0)
(448.0,442.0)
(461.0,442.0)
(421.0,442.0)
(771.0,442.0)
(461.0,442.0)
(448.0,442.0)
(388.0,442.0)
(442.0,442.0)
(448.0,442.0)
(432.0,442.0)
(448.0,442.0)
(448.0,442.0)
(445.0,442.0)
(448.0,442.0)
(448.0,442.0)
(434.0,442.0)
(483.0,442.0)
(448.0,442.0)
(448.0,442.0)
(771.0,442.0)
(771.0,442.0)
(448.0,442.0)
(448.0,442.0)
(448.0,442.0)
(448.0,442.0)
(448.0,442.0)
(460.0,442.0)
(448.0,442.0)
(448.0,442.0)
(386.0,442.0)
(448.0,442.0)
(461.0,442.0)
(771.0,442.0)
(448.0,442.0)
(402.0,442.0)
(448.0,442.0)
(445.0,442.0)
(483.0,442.0)
(448.0,442.0)
(448.0,442.0)
(448.0,442.0)
(483.0,442.0)
(448.0,442.0)
(460.0,442.0)
(461.0,442.0)
(412.0,442.0)
(421.0,442.0)
(416.0,442.0)
(771.0,442.0)
(384.0,442.0)
(448.0,442.0)
(448.0,442.0)
(448.0,442.0)
(448.0,442.0)
(448.0,442.0)
(448.0,442.0)
(448.0,442.0)
(448.0,442.0)
(388.0,442.0)
(431.0,442.0)
(461.0,442.0)
(771.0,442.0)
(461.0,442.0)
(448.0,442.0)
(402.0,442.0)
(448.0,442.0)
(479.0,442.0)
(448.0,442.0)
(448.0,442.0)
(461.0,442.0)
(448.0,442.0)
(794.0,442.0)
(448.0,442.0)
(442.0,442.0)
(448.0,442.0)
(483.0,442.0)
(448.0,442.0)
(771.0,442.0)
(431.0,442.0)
(423.0,442.0)
(448.0,442.0)
(402.0,442.0)
(448.0,442.0)
(422.0,442.0)
(448.0,442.0)
(483.0,442.0)
(442.0,442.0)
(483.0,442.0)
(403.0,442.0)
(386.0,442.0)
(448.0,442.0)
(448.0,442.0)
(381.0,442.0)
(448.0,442.0)
(459.0,442.0)
(448.0,442.0)
(448.0,442.0)
(431.0,442.0)
(467.0,442.0)
(448.0,442.0)
(448.0,442.0)
(448.0,442.0)
(430.0,442.0)
(448.0,442.0)
(448.0,442.0)
(461.0,442.0)
(448.0,442.0)
(461.0,442.0)
(448.0,442.0)
(445.0,442.0)
(442.0,442.0)
(461.0,442.0)
(448.0,442.0)
(448.0,442.0)
(771.0,442.0)
(448.0,442.0)
(448.0,442.0)
(423.0,442.0)
(402.0,442.0)
(448.0,442.0)
(771.0,442.0)
(448.0,442.0)
(448.0,442.0)
(389.0,442.0)
(461.0,442.0)
(448.0,442.0)
(448.0,442.0)
(461.0,442.0)
(461.0,442.0)
(448.0,442.0)
(448.0,442.0)
(448.0,442.0)
(448.0,442.0)
(479.0,442.0)
(461.0,442.0)
(448.0,442.0)
(448.0,442.0)
(445.0,442.0)
(448.0,442.0)
(461.0,442.0)
(448.0,442.0)
(448.0,442.0)
(461.0,442.0)
(461.0,442.0)
(448.0,442.0)
(771.0,442.0)
(448.0,442.0)
(448.0,442.0)
(402.0,442.0)
(431.0,442.0)
(448.0,442.0)
(448.0,442.0)
(448.0,442.0)
(448.0,442.0)
(448.0,442.0)
(445.0,442.0)
(448.0,442.0)
(448.0,442.0)
(448.0,442.0)
(448.0,442.0)
(479.0,442.0)
(483.0,442.0)
(448.0,442.0)
(757.0,442.0)
(442.0,442.0)
(446.0,442.0)
(461.0,442.0)
(461.0,442.0)
(459.0,442.0)
(483.0,442.0)
(771.0,442.0)
(445.0,442.0)
(445.0,442.0)
(448.0,442.0)
(448.0,442.0)
(771.0,442.0)
(402.0,442.0)
(461.0,442.0)
(482.0,442.0)
(448.0,442.0)
(771.0,442.0)
(402.0,442.0)
(459.0,442.0)
(448.0,442.0)
(402.0,442.0)
(483.0,442.0)
(448.0,442.0)
(448.0,442.0)
(771.0,442.0)
(461.0,442.0)
(464.0,442.0)
(798.0,442.0)
(445.0,442.0)
(402.0,442.0)
(448.0,442.0)
(464.0,442.0)
(448.0,442.0)
(448.0,442.0)
(448.0,442.0)
(483.0,442.0)
(448.0,442.0)
(423.0,442.0)
(448.0,442.0)
(460.0,442.0)
(388.0,442.0)
(459.0,442.0)
(479.0,442.0)
(448.0,442.0)
(402.0,442.0)
(442.0,442.0)
(448.0,442.0)
(391.0,442.0)
(442.0,442.0)
(448.0,442.0)
(421.0,442.0)
(483.0,442.0)
(448.0,442.0)
(402.0,442.0)
(448.0,442.0)
(402.0,442.0)
(445.0,442.0)
(479.0,442.0)
(389.0,442.0)
(461.0,442.0)
(448.0,442.0)
(448.0,442.0)
(771.0,442.0)
(771.0,442.0)
(448.0,442.0)
(448.0,442.0)
(448.0,442.0)
(431.0,442.0)
(461.0,442.0)
(471.0,442.0)
(448.0,442.0)
(448.0,442.0)
(461.0,442.0)
(448.0,442.0)
(445.0,442.0)
(448.0,442.0)
(459.0,442.0)
(448.0,442.0)
(448.0,442.0)
(381.0,442.0)
(448.0,442.0)
(459.0,442.0)
(448.0,442.0)
(448.0,442.0)
(448.0,442.0)
(448.0,442.0)
(771.0,442.0)
(468.0,442.0)
(448.0,442.0)
(448.0,442.0)
(448.0,442.0)
(448.0,442.0)
(448.0,442.0)
(384.0,442.0)
(386.0,442.0)
(461.0,442.0)
(483.0,442.0)
(448.0,442.0)
(445.0,442.0)
(448.0,442.0)
(771.0,442.0)
(468.0,442.0)
(448.0,442.0)
(459.0,442.0)
(447.0,442.0)
(459.0,442.0)
(448.0,442.0)
(448.0,442.0)
(448.0,442.0)
(448.0,442.0)
(448.0,442.0)
(445.0,442.0)
(448.0,442.0)
(483.0,442.0)
(771.0,442.0)
(483.0,442.0)
(448.0,442.0)
(448.0,442.0)
(459.0,442.0)
(421.0,442.0)
(448.0,442.0)
(448.0,442.0)
(461.0,442.0)
(386.0,442.0)
(442.0,442.0)
(448.0,442.0)
(448.0,442.0)
(461.0,442.0)
(448.0,442.0)
(452.0,442.0)
(422.0,442.0)
(448.0,442.0)
(448.0,442.0)
(448.0,442.0)
(448.0,442.0)
(448.0,442.0)
(445.0,442.0)
(448.0,442.0)
(448.0,442.0)
(402.0,442.0)
(448.0,442.0)
(424.0,442.0)
(424.0,442.0)
(448.0,442.0)
(442.0,442.0)
(771.0,442.0)
(771.0,442.0)
(448.0,442.0)
(442.0,442.0)
(460.0,442.0)
(448.0,442.0)
(448.0,442.0)
(448.0,442.0)
(445.0,442.0)
(445.0,442.0)
(448.0,442.0)
(445.0,442.0)
(448.0,442.0)
(448.0,442.0)
(459.0,442.0)
(461.0,442.0)
(448.0,442.0)
(448.0,442.0)
(459.0,442.0)
(448.0,442.0)
(445.0,442.0)
(452.0,442.0)
(388.0,442.0)
(448.0,442.0)
(483.0,442.0)
(448.0,442.0)
(402.0,442.0)
(442.0,442.0)
(448.0,442.0)
(421.0,442.0)
(427.0,442.0)
(381.0,442.0)
(445.0,442.0)
(448.0,442.0)
(448.0,442.0)
(448.0,442.0)
(461.0,442.0)
(448.0,442.0)
(432.0,442.0)
(448.0,442.0)
(448.0,442.0)
(448.0,442.0)
(784.0,442.0)
(386.0,442.0)
(448.0,442.0)
(448.0,442.0)
(448.0,442.0)
(448.0,442.0)
(448.0,442.0)
(381.0,442.0)
(448.0,442.0)
(402.0,442.0)
(771.0,442.0)
(445.0,442.0)
(448.0,442.0)
(448.0,442.0)
(459.0,442.0)
(459.0,442.0)
(461.0,442.0)
(771.0,442.0)
(448.0,442.0)
(403.0,442.0)
(448.0,442.0)
(448.0,442.0)
(448.0,442.0)
(448.0,442.0)
(402.0,442.0)
(448.0,442.0)
(381.0,442.0)
(481.0,442.0)
(448.0,442.0)
(448.0,442.0)
(461.0,442.0)
(402.0,442.0)
(448.0,442.0)
(386.0,442.0)
(771.0,442.0)
(448.0,442.0)
(445.0,442.0)
(448.0,442.0)
(448.0,442.0)
(483.0,442.0)
(445.0,442.0)
(483.0,442.0)
(448.0,442.0)
(448.0,442.0)
(771.0,442.0)
(448.0,442.0)
(448.0,442.0)
(445.0,442.0)
(381.0,442.0)
(381.0,442.0)
(402.0,442.0)
(771.0,442.0)
(448.0,442.0)
(448.0,442.0)
(448.0,442.0)
(402.0,442.0)
(448.0,442.0)
(461.0,442.0)
(479.0,442.0)
(448.0,442.0)
(448.0,442.0)
(448.0,442.0)
(412.0,442.0)
(445.0,442.0)
(483.0,442.0)
(461.0,442.0)
(483.0,442.0)
(448.0,442.0)
(461.0,442.0)
(402.0,442.0)
(468.0,442.0)
(448.0,442.0)
(448.0,442.0)
(423.0,442.0)
(479.0,442.0)
(461.0,442.0)
(483.0,442.0)
(452.0,442.0)
(448.0,442.0)
(448.0,442.0)
(448.0,442.0)
(448.0,442.0)
(448.0,442.0)
(448.0,442.0)
(381.0,442.0)
(416.0,442.0)
(431.0,442.0)
(799.0,442.0)
(402.0,442.0)
(448.0,442.0)
(448.0,442.0)
(402.0,442.0)
(483.0,442.0)
(422.0,442.0)
(445.0,442.0)
(448.0,442.0)
(448.0,442.0)
(448.0,442.0)
(448.0,442.0)
(448.0,442.0)
(455.0,442.0)
(799.0,442.0)
(771.0,442.0)
(448.0,442.0)
(388.0,442.0)
(464.0,442.0)
(402.0,442.0)
(386.0,442.0)
(448.0,442.0)
(461.0,442.0)
(431.0,442.0)
(802.0,442.0)
(448.0,442.0)
(448.0,442.0)
(448.0,442.0)
(402.0,442.0)
(479.0,442.0)
(445.0,442.0)
(388.0,442.0)
(448.0,442.0)
(461.0,442.0)
(381.0,442.0)
(448.0,442.0)
(448.0,442.0)
(445.0,442.0)
(448.0,442.0)
(461.0,442.0)
(448.0,442.0)
(448.0,442.0)
(408.0,442.0)
(445.0,442.0)
(771.0,442.0)
(771.0,442.0)
(448.0,442.0)
(483.0,442.0)
(483.0,442.0)
(771.0,442.0)
(448.0,442.0)
(448.0,442.0)
(445.0,442.0)
(448.0,442.0)
(461.0,442.0)
(428.0,442.0)
(448.0,442.0)
(448.0,442.0)
(422.0,442.0)
(442.0,442.0)
(459.0,442.0)
(388.0,442.0)
(448.0,442.0)
(464.0,442.0)
(448.0,442.0)
(479.0,442.0)
(448.0,442.0)
(448.0,442.0)
(445.0,442.0)
(744.0,442.0)
(771.0,442.0)
(483.0,442.0)
(448.0,442.0)
(448.0,442.0)
(448.0,442.0)
(464.0,442.0)
(381.0,442.0)
(448.0,442.0)
(448.0,442.0)
(483.0,442.0)
(448.0,442.0)
(402.0,442.0)
(386.0,442.0)
(771.0,442.0)
(461.0,442.0)
(459.0,442.0)
(448.0,442.0)
(461.0,442.0)
(459.0,442.0)
(402.0,442.0)
(771.0,442.0)
(448.0,442.0)
(386.0,442.0)
(448.0,442.0)
(771.0,442.0)
(448.0,442.0)
(388.0,442.0)
(448.0,442.0)
(459.0,442.0)
(483.0,442.0)
(442.0,442.0)
(771.0,442.0)
(388.0,442.0)
(461.0,442.0)
(448.0,442.0)
(771.0,442.0)
(461.0,442.0)
(448.0,442.0)
(461.0,442.0)
(460.0,442.0)
(431.0,442.0)
(448.0,442.0)
(448.0,442.0)
(448.0,442.0)
(448.0,442.0)
(771.0,442.0)
(389.0,442.0)
(448.0,442.0)
(448.0,442.0)
(448.0,442.0)
(448.0,442.0)
(448.0,442.0)
(448.0,442.0)
(452.0,442.0)
(448.0,442.0)
(402.0,442.0)
(483.0,442.0)
(448.0,442.0)
(771.0,442.0)
(479.0,442.0)
(448.0,442.0)
(448.0,442.0)
(459.0,442.0)
(461.0,442.0)
(402.0,442.0)
(448.0,442.0)
(448.0,442.0)
(461.0,442.0)
(402.0,442.0)
(483.0,442.0)
(448.0,442.0)
(771.0,442.0)
(771.0,442.0)
(459.0,442.0)
(448.0,442.0)
(402.0,442.0)
(448.0,442.0)
(448.0,442.0)
(483.0,442.0)
(479.0,442.0)
(479.0,442.0)
(448.0,442.0)
(448.0,442.0)
(771.0,442.0)
(402.0,442.0)
(771.0,442.0)
(445.0,442.0)
(402.0,442.0)
(381.0,442.0)
(771.0,442.0)
(398.0,442.0)
(459.0,442.0)
(448.0,442.0)
(412.0,442.0)
(461.0,442.0)
(402.0,442.0)
(445.0,442.0)
(479.0,442.0)
(448.0,442.0)
(448.0,442.0)
(446.0,442.0)
(448.0,442.0)
(445.0,442.0)
(461.0,442.0)
(445.0,442.0)
(442.0,442.0)
(448.0,442.0)
(448.0,442.0)
(448.0,442.0)
(423.0,442.0)
(448.0,442.0)
(448.0,442.0)
(448.0,442.0)
(442.0,442.0)
(448.0,442.0)
(448.0,442.0)
(483.0,442.0)
(479.0,442.0)
(461.0,442.0)
(448.0,442.0)
(448.0,442.0)
(445.0,442.0)
(402.0,442.0)
(771.0,442.0)
(467.0,442.0)
(448.0,442.0)
(448.0,442.0)
(381.0,442.0)
(448.0,442.0)
(452.0,442.0)
(386.0,442.0)
(424.0,442.0)
(381.0,442.0)
(448.0,442.0)
(461.0,442.0)
(381.0,442.0)
(448.0,442.0)
(771.0,442.0)
(421.0,442.0)
(445.0,442.0)
(448.0,442.0)
(442.0,442.0)
(402.0,442.0)
(402.0,442.0)
(771.0,442.0)
(448.0,442.0)
(423.0,442.0)
(448.0,442.0)
(446.0,442.0)
(381.0,442.0)
(771.0,442.0)
(448.0,442.0)
(448.0,442.0)
(448.0,442.0)
(771.0,442.0)
(799.0,442.0)
(448.0,442.0)
(452.0,442.0)
(445.0,442.0)
(386.0,442.0)
(448.0,442.0)
(386.0,442.0)
(448.0,442.0)
(461.0,442.0)
(756.0,442.0)
(771.0,442.0)
(402.0,442.0)
(452.0,442.0)
(448.0,442.0)
(452.0,442.0)
(464.0,442.0)
(448.0,442.0)
(471.0,442.0)
(479.0,442.0)
(771.0,442.0)
(448.0,442.0)
(479.0,442.0)
(402.0,442.0)
(448.0,442.0)
(448.0,442.0)
(771.0,442.0)
(421.0,442.0)
(442.0,442.0)
(448.0,442.0)
(771.0,442.0)
(448.0,442.0)
(447.0,442.0)
(448.0,442.0)
(445.0,442.0)
(445.0,442.0)
(448.0,442.0)
(459.0,442.0)
(442.0,442.0)
(448.0,442.0)
(461.0,442.0)
(428.0,442.0)
(442.0,442.0)
(459.0,442.0)
(448.0,442.0)
(448.0,442.0)
(381.0,442.0)
(381.0,442.0)
(448.0,442.0)
(448.0,442.0)
(442.0,442.0)
(442.0,442.0)
(421.0,442.0)
(381.0,442.0)
(448.0,442.0)
(771.0,442.0)
(448.0,442.0)
(448.0,442.0)
(461.0,442.0)
(402.0,442.0)
(479.0,442.0)
(459.0,442.0)
(448.0,442.0)
(448.0,442.0)
(445.0,442.0)
(448.0,442.0)
(464.0,442.0)
(448.0,442.0)
(461.0,442.0)
(459.0,442.0)
(402.0,442.0)
(448.0,442.0)
(461.0,442.0)
(771.0,442.0)
(464.0,442.0)
(771.0,442.0)
(483.0,442.0)
(442.0,442.0)
(445.0,442.0)
(445.0,442.0)
(771.0,442.0)
(424.0,442.0)
(448.0,442.0)
(479.0,442.0)
(458.0,442.0)
(448.0,442.0)
(386.0,442.0)
(422.0,442.0)
(771.0,442.0)
(402.0,442.0)
(771.0,442.0)
(479.0,442.0)
(479.0,442.0)
(448.0,442.0)
(461.0,442.0)
(445.0,442.0)
(448.0,442.0)
(422.0,442.0)
(448.0,442.0)
(448.0,442.0)
(402.0,442.0)
(771.0,442.0)
(771.0,442.0)
(448.0,442.0)
(461.0,442.0)
(448.0,442.0)
(402.0,442.0)
(461.0,442.0)
(448.0,442.0)
(448.0,442.0)
(448.0,442.0)
(467.0,442.0)
(483.0,442.0)
(448.0,442.0)
(469.0,442.0)
(448.0,442.0)
(771.0,442.0)
(459.0,442.0)
(483.0,442.0)
(771.0,442.0)
(448.0,442.0)
(448.0,442.0)
(421.0,442.0)
(403.0,442.0)
(442.0,442.0)
(468.0,442.0)
(448.0,442.0)
(448.0,442.0)
(445.0,442.0)
(445.0,442.0)
(422.0,442.0)
(467.0,442.0)
(381.0,442.0)
(771.0,442.0)
(771.0,442.0)
(448.0,442.0)
(771.0,442.0)
(448.0,442.0)
(448.0,442.0)
(448.0,442.0)
(771.0,442.0)
(417.0,442.0)
(402.0,442.0)
(448.0,442.0)
(461.0,442.0)
(448.0,442.0)
(402.0,442.0)
(448.0,442.0)
(771.0,442.0)
(445.0,442.0)
(448.0,442.0)
(445.0,442.0)
(448.0,442.0)
(402.0,442.0)
(479.0,442.0)
(448.0,442.0)
(479.0,442.0)
(448.0,442.0)
(461.0,442.0)
(402.0,442.0)
(448.0,442.0)
(448.0,442.0)
(388.0,442.0)
(448.0,442.0)
(402.0,442.0)
(432.0,442.0)
(459.0,442.0)
(445.0,442.0)
(448.0,442.0)
(448.0,442.0)
(413.0,442.0)
(448.0,442.0)
(448.0,442.0)
(771.0,442.0)
(448.0,442.0)
(448.0,442.0)
(461.0,442.0)
(461.0,442.0)
(479.0,442.0)
(459.0,442.0)
(448.0,442.0)
(448.0,442.0)
(388.0,442.0)
(448.0,442.0)
(448.0,442.0)
(412.0,442.0)
(459.0,442.0)
(479.0,442.0)
(771.0,442.0)
(459.0,442.0)
(461.0,442.0)
(448.0,442.0)
(448.0,442.0)
(771.0,442.0)
(431.0,442.0)
(448.0,442.0)
(445.0,442.0)
(448.0,442.0)
(461.0,442.0)
(461.0,442.0)
(461.0,442.0)
(402.0,442.0)
(771.0,442.0)
(402.0,442.0)
(461.0,442.0)
(448.0,442.0)
(448.0,442.0)
(384.0,442.0)
(448.0,442.0)
(402.0,442.0)
(461.0,442.0)
(459.0,442.0)
(448.0,442.0)
(448.0,442.0)
(771.0,442.0)
(459.0,442.0)
(461.0,442.0)
(403.0,442.0)
(448.0,442.0)
(448.0,442.0)
(771.0,442.0)
(448.0,442.0)
(448.0,442.0)
(771.0,442.0)
(461.0,442.0)
(459.0,442.0)
(388.0,442.0)
(461.0,442.0)
(422.0,442.0)
(479.0,442.0)
(459.0,442.0)
(771.0,442.0)
(771.0,442.0)
(445.0,442.0)
(448.0,442.0)
(771.0,442.0)
(467.0,442.0)
(771.0,442.0)
(771.0,442.0)
(423.0,442.0)
(464.0,442.0)
(479.0,442.0)
(452.0,442.0)
(412.0,442.0)
(448.0,442.0)
(448.0,442.0)
(452.0,442.0)
(783.0,442.0)
(448.0,442.0)
(479.0,442.0)
(459.0,442.0)
(460.0,442.0)
(423.0,442.0)
(402.0,442.0)
(431.0,442.0)
(771.0,442.0)
(416.0,442.0)
(448.0,442.0)
(442.0,442.0)
(771.0,442.0)
(448.0,442.0)
(448.0,442.0)
(461.0,442.0)
(386.0,442.0)
(448.0,442.0)
(448.0,442.0)
(448.0,442.0)
(483.0,442.0)
(798.0,442.0)
(448.0,442.0)
(771.0,442.0)
(442.0,442.0)
(448.0,442.0)
(381.0,442.0)
(771.0,442.0)
(448.0,442.0)
(448.0,442.0)
(479.0,442.0)
(448.0,442.0)
(445.0,442.0)
(448.0,442.0)
(448.0,442.0)
(448.0,442.0)
(448.0,442.0)
(448.0,442.0)
(448.0,442.0)
(448.0,442.0)
(445.0,442.0)
(445.0,442.0)
(381.0,442.0)
(445.0,442.0)
(388.0,442.0)
(448.0,442.0)
(459.0,442.0)
(461.0,442.0)
(381.0,442.0)
(448.0,442.0)
(416.0,442.0)
(402.0,442.0)
(442.0,442.0)
(475.0,442.0)
(448.0,442.0)
(459.0,442.0)
(483.0,442.0)
(483.0,442.0)
(448.0,442.0)
(448.0,442.0)
(468.0,442.0)
(448.0,442.0)
(459.0,442.0)
(442.0,442.0)
(448.0,442.0)
(448.0,442.0)
(448.0,442.0)
(461.0,442.0)
(461.0,442.0)
(448.0,442.0)
(771.0,442.0)
(461.0,442.0)
(428.0,442.0)
(771.0,442.0)
(402.0,442.0)
(771.0,442.0)
(483.0,442.0)
(461.0,442.0)
(459.0,442.0)
(402.0,442.0)
(448.0,442.0)
(445.0,442.0)
(771.0,442.0)
(405.0,442.0)
(448.0,442.0)
(381.0,442.0)
(386.0,442.0)
(448.0,442.0)
(386.0,442.0)
(483.0,442.0)
(448.0,442.0)
(444.0,442.0)
(771.0,442.0)
(461.0,442.0)
(445.0,442.0)
(461.0,442.0)
(448.0,442.0)
(771.0,442.0)
(459.0,442.0)
(459.0,442.0)
(448.0,442.0)
(461.0,442.0)
(461.0,442.0)
(479.0,442.0)
(483.0,442.0)
(771.0,442.0)
(479.0,442.0)
(445.0,442.0)
(448.0,442.0)
(448.0,442.0)
(442.0,442.0)
(464.0,442.0)
(448.0,442.0)
(459.0,442.0)
(448.0,442.0)
(381.0,442.0)
(448.0,442.0)
(402.0,442.0)
(421.0,442.0)
(771.0,442.0)
(448.0,442.0)
(771.0,442.0)
(402.0,442.0)
(428.0,442.0)
(448.0,442.0)
(448.0,442.0)
(448.0,442.0)
(381.0,442.0)
(461.0,442.0)
(771.0,442.0)
(448.0,442.0)
(445.0,442.0)
(446.0,442.0)
(423.0,442.0)
(388.0,442.0)
(448.0,442.0)
(445.0,442.0)
(422.0,442.0)
(446.0,442.0)
(448.0,442.0)
(381.0,442.0)
(448.0,442.0)
(448.0,442.0)
(452.0,442.0)
(483.0,442.0)
(448.0,442.0)
(771.0,442.0)
(448.0,442.0)
(448.0,442.0)
(381.0,442.0)
(448.0,442.0)
(381.0,442.0)
(448.0,442.0)
(448.0,442.0)
(448.0,442.0)
(771.0,442.0)
(448.0,442.0)
(783.0,442.0)
(483.0,442.0)
(459.0,442.0)
(448.0,442.0)
(448.0,442.0)
(448.0,442.0)
(771.0,442.0)
(468.0,442.0)
(771.0,442.0)
(448.0,442.0)
(483.0,442.0)
(448.0,442.0)
(448.0,442.0)
(448.0,442.0)
(461.0,442.0)
(422.0,442.0)
(388.0,442.0)
(461.0,442.0)
(402.0,442.0)
(448.0,442.0)
(386.0,442.0)
(448.0,442.0)
(445.0,442.0)
(448.0,442.0)
(479.0,442.0)
(448.0,442.0)
(448.0,442.0)
(448.0,442.0)
(483.0,442.0)
(483.0,442.0)
(448.0,442.0)
(448.0,442.0)
(461.0,442.0)
(423.0,442.0)
(771.0,442.0)
(423.0,442.0)
(771.0,442.0)
(483.0,442.0)
(448.0,442.0)
(387.0,442.0)
(799.0,442.0)
(483.0,442.0)
(416.0,442.0)
(464.0,442.0)
(483.0,442.0)
(388.0,442.0)
(381.0,442.0)
(434.0,442.0)
(479.0,442.0)
(771.0,442.0)
(448.0,442.0)
(424.0,442.0)
(448.0,442.0)
(448.0,442.0)
(402.0,442.0)
(386.0,442.0)
(422.0,442.0)
(402.0,442.0)
(416.0,442.0)
(399.0,442.0)
(421.0,442.0)
(479.0,442.0)
(445.0,442.0)
(479.0,442.0)
(459.0,442.0)
(448.0,442.0)
(445.0,442.0)
(771.0,442.0)
(483.0,442.0)
(464.0,442.0)
(461.0,442.0)
(448.0,442.0)
(445.0,442.0)
(381.0,442.0)
(448.0,442.0)
(448.0,442.0)
(386.0,442.0)
(448.0,442.0)
(771.0,442.0)
(448.0,442.0)
(483.0,442.0)
(448.0,442.0)
(464.0,442.0)
(483.0,442.0)
(448.0,442.0)
(445.0,442.0)
(460.0,442.0)
(448.0,442.0)
(448.0,442.0)
(771.0,442.0)
(448.0,442.0)
(479.0,442.0)
(771.0,442.0)
(448.0,442.0)
(448.0,442.0)
(448.0,442.0)
(771.0,442.0)
(448.0,442.0)
(448.0,442.0)
(448.0,442.0)
(421.0,442.0)
(448.0,442.0)
(448.0,442.0)
(448.0,442.0)
(448.0,442.0)
(386.0,442.0)
(448.0,442.0)
(448.0,442.0)
(479.0,442.0)
(448.0,442.0)
(771.0,442.0)
(448.0,442.0)
(448.0,442.0)
(445.0,442.0)
(479.0,442.0)
(416.0,442.0)
(479.0,442.0)
(448.0,442.0)
(448.0,442.0)
(448.0,442.0)
(421.0,442.0)
(479.0,442.0)
(461.0,442.0)
(448.0,442.0)
(771.0,442.0)
(479.0,442.0)
(448.0,442.0)
(448.0,442.0)
(461.0,442.0)
(448.0,442.0)
(471.0,442.0)
(442.0,442.0)
(448.0,442.0)
(386.0,442.0)
(461.0,442.0)
(421.0,442.0)
(479.0,442.0)
(448.0,442.0)
(387.0,442.0)
(445.0,442.0)
(448.0,442.0)
(448.0,442.0)
(448.0,442.0)
(771.0,442.0)
(448.0,442.0)
(461.0,442.0)
(448.0,442.0)
(402.0,442.0)
(448.0,442.0)
(442.0,442.0)
(771.0,442.0)
(448.0,442.0)
(479.0,442.0)
(448.0,442.0)
(461.0,442.0)
(771.0,442.0)
(416.0,442.0)
(402.0,442.0)
(442.0,442.0)
(448.0,442.0)
(789.0,442.0)
(448.0,442.0)
(459.0,442.0)
(448.0,442.0)
(448.0,442.0)
(448.0,442.0)
(448.0,442.0)
(448.0,442.0)
(402.0,442.0)
(402.0,442.0)
(381.0,442.0)
(448.0,442.0)
(445.0,442.0)
(448.0,442.0)
(479.0,442.0)
(448.0,442.0)
(448.0,442.0)
(771.0,442.0)
(461.0,442.0)
(381.0,442.0)
(387.0,442.0)
(448.0,442.0)
(422.0,442.0)
(422.0,442.0)
(448.0,442.0)
(445.0,442.0)
(461.0,442.0)
(448.0,442.0)
(386.0,442.0)
(448.0,442.0)
(459.0,442.0)
(448.0,442.0)
(771.0,442.0)
(464.0,442.0)
(434.0,442.0)
(448.0,442.0)
(381.0,442.0)
(448.0,442.0)
(448.0,442.0)
(765.0,442.0)
(442.0,442.0)
(386.0,442.0)
(461.0,442.0)
(771.0,442.0)
(448.0,442.0)
(448.0,442.0)
(448.0,442.0)
(445.0,442.0)
(771.0,442.0)
(448.0,442.0)
(388.0,442.0)
(428.0,442.0)
(771.0,442.0)
(459.0,442.0)
(448.0,442.0)
(448.0,442.0)
(459.0,442.0)
(464.0,442.0)
(771.0,442.0)
(422.0,442.0)
(464.0,442.0)
(479.0,442.0)
(461.0,442.0)
(448.0,442.0)
(771.0,442.0)
(448.0,442.0)
(402.0,442.0)
(461.0,442.0)
(448.0,442.0)
(448.0,442.0)
(448.0,442.0)
(448.0,442.0)
(448.0,442.0)
(402.0,442.0)
(448.0,442.0)
(448.0,442.0)
(483.0,442.0)
(448.0,442.0)
(387.0,442.0)
(767.0,442.0)
(483.0,442.0)
(448.0,442.0)
(448.0,442.0)
(423.0,442.0)
(402.0,442.0)
(448.0,442.0)
(771.0,442.0)
(448.0,442.0)
(479.0,442.0)
(381.0,442.0)
(461.0,442.0)
(448.0,442.0)
(771.0,442.0)
(448.0,442.0)
(448.0,442.0)
(381.0,442.0)
(387.0,442.0)
(448.0,442.0)
(479.0,442.0)
(461.0,442.0)
(442.0,442.0)
(448.0,442.0)
(402.0,442.0)
(771.0,442.0)
(448.0,442.0)
(381.0,442.0)
(784.0,442.0)
(387.0,442.0)
(448.0,442.0)
(448.0,442.0)
(448.0,442.0)
(483.0,442.0)
(448.0,442.0)
(448.0,442.0)
(771.0,442.0)
(771.0,442.0)
(448.0,442.0)
(460.0,442.0)
(461.0,442.0)
(448.0,442.0)
(445.0,442.0)
(448.0,442.0)
(461.0,442.0)
(445.0,442.0)
(448.0,442.0)
(448.0,442.0)
(421.0,442.0)
(448.0,442.0)
(738.0,442.0)
(771.0,442.0)
(386.0,442.0)
(448.0,442.0)
(448.0,442.0)
(452.0,442.0)
(442.0,442.0)
(452.0,442.0)
(461.0,442.0)
(771.0,442.0)
(448.0,442.0)
(448.0,442.0)
(445.0,442.0)
(461.0,442.0)
(445.0,442.0)
(448.0,442.0)
(448.0,442.0)
(442.0,442.0)
(386.0,442.0)
(448.0,442.0)
(445.0,442.0)
(448.0,442.0)
(448.0,442.0)
(388.0,442.0)
(771.0,442.0)
(448.0,442.0)
(448.0,442.0)
(468.0,442.0)
(403.0,442.0)
(448.0,442.0)
(448.0,442.0)
(483.0,442.0)
(461.0,442.0)
(464.0,442.0)
(421.0,442.0)
(402.0,442.0)
(386.0,442.0)
(386.0,442.0)
(448.0,442.0)
(448.0,442.0)
(479.0,442.0)
(448.0,442.0)
(402.0,442.0)
(445.0,442.0)
(445.0,442.0)
(448.0,442.0)
(388.0,442.0)
(771.0,442.0)
(461.0,442.0)
(448.0,442.0)
(448.0,442.0)
(448.0,442.0)
(448.0,442.0)
(448.0,442.0)
(459.0,442.0)
(799.0,442.0)
(771.0,442.0)
(448.0,442.0)
(459.0,442.0)
(483.0,442.0)
(448.0,442.0)
(445.0,442.0)
(448.0,442.0)
(445.0,442.0)
(461.0,442.0)
(448.0,442.0)
(448.0,442.0)
(448.0,442.0)
(461.0,442.0)
(448.0,442.0)
(448.0,442.0)
(402.0,442.0)
(445.0,442.0)
(479.0,442.0)
(771.0,442.0)
(459.0,442.0)
(448.0,442.0)
(445.0,442.0)
(445.0,442.0)
(771.0,442.0)
(468.0,442.0)
(448.0,442.0)
(448.0,442.0)
(448.0,442.0)
(448.0,442.0)
(448.0,442.0)
(461.0,442.0)
(448.0,442.0)
(445.0,442.0)
(442.0,442.0)
(783.0,442.0)
(771.0,442.0)
(479.0,442.0)
(464.0,442.0)
(452.0,442.0)
(448.0,442.0)
(448.0,442.0)
(422.0,442.0)
(445.0,442.0)
(448.0,442.0)
(448.0,442.0)
(448.0,442.0)
(448.0,442.0)
(460.0,442.0)
(448.0,442.0)
(412.0,442.0)
(467.0,442.0)
(448.0,442.0)
(452.0,442.0)
(448.0,442.0)
(771.0,442.0)
(757.0,442.0)
(386.0,442.0)
(464.0,442.0)
(464.0,442.0)
(468.0,442.0)
(461.0,442.0)
(479.0,442.0)
(448.0,442.0)
(802.0,442.0)
(771.0,442.0)
(771.0,442.0)
(783.0,442.0)
(464.0,442.0)
(442.0,442.0)
(448.0,442.0)
(771.0,442.0)
(448.0,442.0)
(771.0,442.0)
(461.0,442.0)
(448.0,442.0)
(459.0,442.0)
(459.0,442.0)
(448.0,442.0)
(461.0,442.0)
(445.0,442.0)
(448.0,442.0)
(459.0,442.0)
(402.0,442.0)
(461.0,442.0)
(483.0,442.0)
(448.0,442.0)
(483.0,442.0)
(402.0,442.0)
(771.0,442.0)
(771.0,442.0)
(381.0,442.0)
(461.0,442.0)
(445.0,442.0)
(448.0,442.0)
(448.0,442.0)
(402.0,442.0)
(424.0,442.0)
(459.0,442.0)
(771.0,442.0)
(448.0,442.0)
(448.0,442.0)
(448.0,442.0)
(448.0,442.0)
(448.0,442.0)
(442.0,442.0)
(448.0,442.0)
(459.0,442.0)
(445.0,442.0)
(464.0,442.0)
(771.0,442.0)
(388.0,442.0)
(445.0,442.0)
(402.0,442.0)
(448.0,442.0)
(448.0,442.0)
(771.0,442.0)
(446.0,442.0)
(448.0,442.0)
(448.0,442.0)
(448.0,442.0)
(771.0,442.0)
(448.0,442.0)
(448.0,442.0)
(448.0,442.0)
(459.0,442.0)
(445.0,442.0)
(381.0,442.0)
(386.0,442.0)
(448.0,442.0)
(479.0,442.0)
(402.0,442.0)
(442.0,442.0)
(448.0,442.0)
(771.0,442.0)
(445.0,442.0)
(464.0,442.0)
(448.0,442.0)
(386.0,442.0)
(448.0,442.0)
(448.0,442.0)
(448.0,442.0)
(448.0,442.0)
(461.0,442.0)
(771.0,442.0)
(448.0,442.0)
(448.0,442.0)
(448.0,442.0)
(448.0,442.0)
(445.0,442.0)
(483.0,442.0)
(448.0,442.0)
(448.0,442.0)
(448.0,442.0)
(744.0,442.0)
(445.0,442.0)
(771.0,442.0)
(448.0,442.0)
(448.0,442.0)
(448.0,442.0)
(448.0,442.0)
(448.0,442.0)
(445.0,442.0)
(421.0,442.0)
(388.0,442.0)
(448.0,442.0)
(771.0,442.0)
(448.0,442.0)
(448.0,442.0)
(448.0,442.0)
(448.0,442.0)
(448.0,442.0)
(771.0,442.0)
(427.0,442.0)
(479.0,442.0)
(387.0,442.0)
(445.0,442.0)
(771.0,442.0)
(448.0,442.0)
(448.0,442.0)
(445.0,442.0)
(448.0,442.0)
(461.0,442.0)
(381.0,442.0)
(771.0,442.0)
(771.0,442.0)
(448.0,442.0)
(424.0,442.0)
(448.0,442.0)
(448.0,442.0)
(448.0,442.0)
(428.0,442.0)
(424.0,442.0)
(402.0,442.0)
(448.0,442.0)
(403.0,442.0)
(771.0,442.0)
(381.0,442.0)
(461.0,442.0)
(448.0,442.0)
(448.0,442.0)
(448.0,442.0)
(442.0,442.0)
(448.0,442.0)
(448.0,442.0)
(448.0,442.0)
(448.0,442.0)
(448.0,442.0)
(483.0,442.0)
(448.0,442.0)
(421.0,442.0)
(448.0,442.0)
(448.0,442.0)
(483.0,442.0)
(444.0,442.0)
(479.0,442.0)
(461.0,442.0)
(461.0,442.0)
(448.0,442.0)
(448.0,442.0)
(381.0,442.0)
(448.0,442.0)
(448.0,442.0)
(444.0,442.0)
(448.0,442.0)
(421.0,442.0)
(448.0,442.0)
(461.0,442.0)
(448.0,442.0)
(448.0,442.0)
(467.0,442.0)
(442.0,442.0)
(483.0,442.0)
(461.0,442.0)
(391.0,442.0)
(448.0,442.0)
(448.0,442.0)
(445.0,442.0)
(445.0,442.0)
(448.0,442.0)
(460.0,442.0)
(448.0,442.0)
(448.0,442.0)
(446.0,442.0)
(381.0,442.0)
(459.0,442.0)
(448.0,442.0)
(422.0,442.0)
(448.0,442.0)
(459.0,442.0)
(771.0,442.0)
(448.0,442.0)
(771.0,442.0)
(431.0,442.0)
(388.0,442.0)
(771.0,442.0)
(448.0,442.0)
(461.0,442.0)
(771.0,442.0)
(448.0,442.0)
(448.0,442.0)
(436.0,442.0)
(448.0,442.0)
(448.0,442.0)
(771.0,442.0)
(771.0,442.0)
(417.0,442.0)
(771.0,442.0)
(771.0,442.0)
(461.0,442.0)
(461.0,442.0)
(448.0,442.0)
(448.0,442.0)
(386.0,442.0)
(448.0,442.0)
(771.0,442.0)
(448.0,442.0)
(448.0,442.0)
(448.0,442.0)
(448.0,442.0)
(448.0,442.0)
(771.0,442.0)
(448.0,442.0)
(461.0,442.0)
(771.0,442.0)
(448.0,442.0)
(738.0,442.0)
(448.0,442.0)
(442.0,442.0)
(459.0,442.0)
(448.0,442.0)
(448.0,442.0)
(771.0,442.0)
(448.0,442.0)
(461.0,442.0)
(461.0,442.0)
(461.0,442.0)
(448.0,442.0)
(483.0,442.0)
(448.0,442.0)
(461.0,442.0)
(448.0,442.0)
(448.0,442.0)
(384.0,442.0)
(389.0,442.0)
(381.0,442.0)
(448.0,442.0)
(461.0,442.0)
(461.0,442.0)
(448.0,442.0)
(448.0,442.0)
(448.0,442.0)
(448.0,442.0)
(448.0,442.0)
(448.0,442.0)
(448.0,442.0)
(448.0,442.0)
(461.0,442.0)
(448.0,442.0)
(479.0,442.0)
(448.0,442.0)
(402.0,442.0)
(412.0,442.0)
(448.0,442.0)
(448.0,442.0)
(448.0,442.0)
(452.0,442.0)
(771.0,442.0)
(448.0,442.0)
(448.0,442.0)
(445.0,442.0)
(460.0,442.0)
(448.0,442.0)
(448.0,442.0)
(771.0,442.0)
(459.0,442.0)
(442.0,442.0)
(381.0,442.0)
(448.0,442.0)
(445.0,442.0)
(771.0,442.0)
(448.0,442.0)
(387.0,442.0)
(444.0,442.0)
(381.0,442.0)
(771.0,442.0)
(468.0,442.0)
(416.0,442.0)
(416.0,442.0)
(386.0,442.0)
(445.0,442.0)
(448.0,442.0)
(448.0,442.0)
(448.0,442.0)
(448.0,442.0)
(448.0,442.0)
(448.0,442.0)
(448.0,442.0)
(461.0,442.0)
(448.0,442.0)
(436.0,442.0)
(461.0,442.0)
(448.0,442.0)
(448.0,442.0)
(386.0,442.0)
(448.0,442.0)
(771.0,442.0)
(771.0,442.0)
(483.0,442.0)
(448.0,442.0)
(448.0,442.0)
(459.0,442.0)
(448.0,442.0)
(479.0,442.0)
(448.0,442.0)
(783.0,442.0)
(448.0,442.0)
(423.0,442.0)
(387.0,442.0)
(445.0,442.0)
(445.0,442.0)
(461.0,442.0)
(448.0,442.0)
(448.0,442.0)
(431.0,442.0)
(448.0,442.0)
(386.0,442.0)
(448.0,442.0)
(386.0,442.0)
(448.0,442.0)
(448.0,442.0)
(448.0,442.0)
(448.0,442.0)
(381.0,442.0)
(442.0,442.0)
(771.0,442.0)
(428.0,442.0)
(389.0,442.0)
(771.0,442.0)
(448.0,442.0)
(448.0,442.0)
(444.0,442.0)
(467.0,442.0)
(448.0,442.0)
(771.0,442.0)
(402.0,442.0)
(386.0,442.0)
(448.0,442.0)
(448.0,442.0)
(448.0,442.0)
(381.0,442.0)
(461.0,442.0)
(448.0,442.0)
(448.0,442.0)
(448.0,442.0)
(459.0,442.0)
(459.0,442.0)
(459.0,442.0)
(402.0,442.0)
(448.0,442.0)
(479.0,442.0)
(448.0,442.0)
(461.0,442.0)
(771.0,442.0)
(445.0,442.0)
(479.0,442.0)
(448.0,442.0)
(459.0,442.0)
(448.0,442.0)
(771.0,442.0)
(448.0,442.0)
(422.0,442.0)
(448.0,442.0)
(461.0,442.0)
(479.0,442.0)
(448.0,442.0)
(460.0,442.0)
(448.0,442.0)
(448.0,442.0)
(388.0,442.0)
(448.0,442.0)
(448.0,442.0)
(771.0,442.0)
(445.0,442.0)
(448.0,442.0)
(479.0,442.0)
(448.0,442.0)
(402.0,442.0)
(416.0,442.0)
(448.0,442.0)
(448.0,442.0)
(448.0,442.0)
(771.0,442.0)
(459.0,442.0)
(448.0,442.0)
(389.0,442.0)
(459.0,442.0)
(448.0,442.0)
(422.0,442.0)
(479.0,442.0)
(448.0,442.0)
(459.0,442.0)
(386.0,442.0)
(448.0,442.0)
(448.0,442.0)
(448.0,442.0)
(448.0,442.0)
(448.0,442.0)
(483.0,442.0)
(402.0,442.0)
(448.0,442.0)
(771.0,442.0)
(448.0,442.0)
(448.0,442.0)
(771.0,442.0)
(448.0,442.0)
(771.0,442.0)
(459.0,442.0)
(461.0,442.0)
(442.0,442.0)
(448.0,442.0)
(448.0,442.0)
(459.0,442.0)
(771.0,442.0)
(386.0,442.0)
(459.0,442.0)
(448.0,442.0)
(461.0,442.0)
(402.0,442.0)
(461.0,442.0)
(381.0,442.0)
(448.0,442.0)
(448.0,442.0)
(424.0,442.0)
(771.0,442.0)
(448.0,442.0)
(466.0,442.0)
(448.0,442.0)
(448.0,442.0)
(448.0,442.0)
(771.0,442.0)
(771.0,442.0)
(483.0,442.0)
(448.0,442.0)
(448.0,442.0)
(445.0,442.0)
(448.0,442.0)
(448.0,442.0)
(448.0,442.0)
(448.0,442.0)
(771.0,442.0)
(483.0,442.0)
(461.0,442.0)
(461.0,442.0)
(448.0,442.0)
(771.0,442.0)
(771.0,442.0)
(771.0,442.0)
(448.0,442.0)
(483.0,442.0)
(448.0,442.0)
(448.0,442.0)
(402.0,442.0)
(448.0,442.0)
(445.0,442.0)
(771.0,442.0)
(448.0,442.0)
(448.0,442.0)
(771.0,442.0)
(448.0,442.0)
(479.0,442.0)
(459.0,442.0)
(448.0,442.0)
(448.0,442.0)
(386.0,442.0)
(448.0,442.0)
(461.0,442.0)
(448.0,442.0)
(771.0,442.0)
(483.0,442.0)
(434.0,442.0)
(448.0,442.0)
(799.0,442.0)
(448.0,442.0)
(448.0,442.0)
(448.0,442.0)
(422.0,442.0)
(448.0,442.0)
(421.0,442.0)
(381.0,442.0)
(771.0,442.0)
(445.0,442.0)
(771.0,442.0)
(402.0,442.0)
(461.0,442.0)
(402.0,442.0)
(448.0,442.0)
(771.0,442.0)
(448.0,442.0)
(771.0,442.0)
(771.0,442.0)
(771.0,442.0)
(771.0,442.0)
(771.0,442.0)
(442.0,442.0)
(460.0,442.0)
(423.0,442.0)
(379.0,442.0)
(442.0,442.0)
(446.0,442.0)
(448.0,442.0)
(461.0,442.0)
(448.0,442.0)
(448.0,442.0)
(448.0,442.0)
(459.0,442.0)
(448.0,442.0)
(442.0,442.0)
(445.0,442.0)
(448.0,442.0)
(771.0,442.0)
(771.0,442.0)
(771.0,442.0)
(402.0,442.0)
(448.0,442.0)
(483.0,442.0)
(445.0,442.0)
(448.0,442.0)
(468.0,442.0)
(771.0,442.0)
(381.0,442.0)
(448.0,442.0)
(412.0,442.0)
(445.0,442.0)
(448.0,442.0)
(771.0,442.0)
(483.0,442.0)
(448.0,442.0)
(448.0,442.0)
(416.0,442.0)
(423.0,442.0)
(381.0,442.0)
(461.0,442.0)
(461.0,442.0)
(448.0,442.0)
(459.0,442.0)
(448.0,442.0)
(402.0,442.0)
(402.0,442.0)
(459.0,442.0)
(784.0,442.0)
(448.0,442.0)
(448.0,442.0)
(460.0,442.0)
(448.0,442.0)
(461.0,442.0)
(448.0,442.0)
(428.0,442.0)
(448.0,442.0)
(448.0,442.0)
(483.0,442.0)
(448.0,442.0)
(448.0,442.0)
(448.0,442.0)
(461.0,442.0)
(386.0,442.0)
(445.0,442.0)
(464.0,442.0)
(386.0,442.0)
(467.0,442.0)
(448.0,442.0)
(461.0,442.0)
(448.0,442.0)
(386.0,442.0)
(423.0,442.0)
(461.0,442.0)
(448.0,442.0)
(421.0,442.0)
(771.0,442.0)
(448.0,442.0)
(434.0,442.0)
(771.0,442.0)
(448.0,442.0)
(448.0,442.0)
(381.0,442.0)
(445.0,442.0)
(448.0,442.0)
(459.0,442.0)
(428.0,442.0)
(461.0,442.0)
(479.0,442.0)
(448.0,442.0)
(771.0,442.0)
(423.0,442.0)
(461.0,442.0)
(483.0,442.0)
(784.0,442.0)
(445.0,442.0)
(387.0,442.0)
(461.0,442.0)
(442.0,442.0)
(445.0,442.0)
(479.0,442.0)
(434.0,442.0)
(448.0,442.0)
(448.0,442.0)
(388.0,442.0)
(445.0,442.0)
(448.0,442.0)
(387.0,442.0)
(428.0,442.0)
(448.0,442.0)
(386.0,442.0)
(442.0,442.0)
(448.0,442.0)
(448.0,442.0)
(381.0,442.0)
(445.0,442.0)
(445.0,442.0)
(421.0,442.0)
(448.0,442.0)
(448.0,442.0)
(448.0,442.0)
(448.0,442.0)
(445.0,442.0)
(448.0,442.0)
(421.0,442.0)
(448.0,442.0)
(771.0,442.0)
(431.0,442.0)
(448.0,442.0)
(448.0,442.0)
(448.0,442.0)
(479.0,442.0)
(442.0,442.0)
(448.0,442.0)
(422.0,442.0)
(771.0,442.0)
(445.0,442.0)
(467.0,442.0)
(448.0,442.0)
(381.0,442.0)
(771.0,442.0)
(771.0,442.0)
(448.0,442.0)
(448.0,442.0)
(402.0,442.0)
(389.0,442.0)
(448.0,442.0)
(448.0,442.0)
(448.0,442.0)
(448.0,442.0)
(448.0,442.0)
(771.0,442.0)
(464.0,442.0)
(461.0,442.0)
(448.0,442.0)
(461.0,442.0)
(448.0,442.0)
(448.0,442.0)
(448.0,442.0)
(448.0,442.0)
(448.0,442.0)
(448.0,442.0)
(448.0,442.0)
(771.0,442.0)
(421.0,442.0)
(421.0,442.0)
(448.0,442.0)
(771.0,442.0)
(448.0,442.0)
(448.0,442.0)
(461.0,442.0)
(448.0,442.0)
(448.0,442.0)
(388.0,442.0)
(448.0,442.0)
(461.0,442.0)
(448.0,442.0)
(445.0,442.0)
(461.0,442.0)
(461.0,442.0)
(448.0,442.0)
(448.0,442.0)
(448.0,442.0)
(771.0,442.0)
(445.0,442.0)
(757.0,442.0)
(459.0,442.0)
(461.0,442.0)
(448.0,442.0)
(483.0,442.0)
(448.0,442.0)
(386.0,442.0)
(448.0,442.0)
(467.0,442.0)
(422.0,442.0)
(483.0,442.0)
(448.0,442.0)
(771.0,442.0)
(448.0,442.0)
(442.0,442.0)
(784.0,442.0)
(445.0,442.0)
(479.0,442.0)
(448.0,442.0)
(403.0,442.0)
(483.0,442.0)
(448.0,442.0)
(771.0,442.0)
(461.0,442.0)
(448.0,442.0)
(386.0,442.0)
(445.0,442.0)
(402.0,442.0)
(388.0,442.0)
(448.0,442.0)
(381.0,442.0)
(771.0,442.0)
(381.0,442.0)
(442.0,442.0)
(461.0,442.0)
(460.0,442.0)
(424.0,442.0)
(448.0,442.0)
(448.0,442.0)
(448.0,442.0)
(459.0,442.0)
(434.0,442.0)
(448.0,442.0)
(448.0,442.0)
(448.0,442.0)
(448.0,442.0)
(461.0,442.0)
(771.0,442.0)
(421.0,442.0)
(402.0,442.0)
(448.0,442.0)
(771.0,442.0)
(448.0,442.0)
(771.0,442.0)
(448.0,442.0)
(448.0,442.0)
(459.0,442.0)
(461.0,442.0)
(389.0,442.0)
(379.0,442.0)
(448.0,442.0)
(771.0,442.0)
(448.0,442.0)
(424.0,442.0)
(386.0,442.0)
(448.0,442.0)
(479.0,442.0)
(448.0,442.0)
(448.0,442.0)
(448.0,442.0)
(448.0,442.0)
(448.0,442.0)
(389.0,442.0)
(479.0,442.0)
(771.0,442.0)
(445.0,442.0)
(468.0,442.0)
(448.0,442.0)
(461.0,442.0)
(448.0,442.0)
(448.0,442.0)
(448.0,442.0)
(483.0,442.0)
(448.0,442.0)
(771.0,442.0)
(448.0,442.0)
(461.0,442.0)
(448.0,442.0)
(448.0,442.0)
(771.0,442.0)
(448.0,442.0)
(461.0,442.0)
(430.0,442.0)
(448.0,442.0)
(448.0,442.0)
(771.0,442.0)
(445.0,442.0)
(448.0,442.0)
(442.0,442.0)
(448.0,442.0)
(448.0,442.0)
(448.0,442.0)
(448.0,442.0)
(448.0,442.0)
(448.0,442.0)
(386.0,442.0)
(461.0,442.0)
(448.0,442.0)
(461.0,442.0)
(448.0,442.0)
(448.0,442.0)
(448.0,442.0)
(381.0,442.0)
(445.0,442.0)
(402.0,442.0)
(448.0,442.0)
(448.0,442.0)
(402.0,442.0)
(771.0,442.0)
(422.0,442.0)
(783.0,442.0)
(448.0,442.0)
(461.0,442.0)
(445.0,442.0)
(459.0,442.0)
(446.0,799.0)
(446.0,799.0)
(464.0,799.0)
(464.0,799.0)
(466.0,799.0)
(464.0,799.0)
(466.0,799.0)
(464.0,799.0)
(464.0,799.0)
(800.0,799.0)
(446.0,799.0)
(799.0,799.0)
(799.0,799.0)
(451.0,799.0)
(464.0,799.0)
(446.0,799.0)
(464.0,799.0)
(464.0,799.0)
(464.0,799.0)
(446.0,799.0)
(522.0,799.0)
(453.0,799.0)
(464.0,799.0)
(464.0,799.0)
(446.0,799.0)
(464.0,799.0)
(799.0,799.0)
(464.0,799.0)
(451.0,799.0)
(461.0,799.0)
(446.0,799.0)
(451.0,799.0)
(461.0,799.0)
(451.0,799.0)
(451.0,799.0)
(799.0,799.0)
(771.0,799.0)
(464.0,799.0)
(464.0,799.0)
(464.0,799.0)
(464.0,799.0)
(461.0,799.0)
(464.0,799.0)
(464.0,799.0)
(453.0,799.0)
(446.0,799.0)
(446.0,799.0)
(464.0,799.0)
(461.0,799.0)
(453.0,799.0)
(464.0,799.0)
(446.0,799.0)
(464.0,799.0)
(451.0,799.0)
(453.0,799.0)
(451.0,799.0)
(800.0,799.0)
(464.0,799.0)
(464.0,799.0)
(446.0,799.0)
(464.0,799.0)
(799.0,799.0)
(464.0,799.0)
(464.0,799.0)
(453.0,799.0)
(800.0,799.0)
(464.0,799.0)
(464.0,799.0)
(464.0,799.0)
(464.0,799.0)
(446.0,799.0)
(451.0,799.0)
(464.0,799.0)
(446.0,799.0)
(464.0,799.0)
(464.0,799.0)
(444.0,799.0)
(446.0,799.0)
(800.0,799.0)
(799.0,799.0)
(799.0,799.0)
(464.0,799.0)
(464.0,799.0)
(464.0,799.0)
(443.0,799.0)
(464.0,799.0)
(464.0,799.0)
(451.0,799.0)
(464.0,799.0)
(451.0,799.0)
(800.0,799.0)
(464.0,799.0)
(461.0,799.0)
(453.0,799.0)
(464.0,799.0)
(464.0,799.0)
(446.0,799.0)
(799.0,799.0)
(461.0,799.0)
(464.0,799.0)
(464.0,799.0)
(464.0,799.0)
(461.0,799.0)
(800.0,799.0)
(446.0,799.0)
(461.0,799.0)
(794.0,799.0)
(464.0,799.0)
(464.0,799.0)
(461.0,799.0)
(451.0,799.0)
(464.0,799.0)
(448.0,799.0)
(451.0,799.0)
(448.0,799.0)
(448.0,799.0)
(464.0,799.0)
(453.0,799.0)
(461.0,799.0)
(795.0,799.0)
(799.0,799.0)
(446.0,799.0)
(464.0,799.0)
(446.0,799.0)
(464.0,799.0)
(464.0,799.0)
(464.0,799.0)
(799.0,799.0)
(464.0,799.0)
(466.0,799.0)
(464.0,799.0)
(464.0,799.0)
(464.0,799.0)
(445.0,799.0)
(444.0,799.0)
(795.0,799.0)
(466.0,799.0)
(464.0,799.0)
(443.0,799.0)
(451.0,799.0)
(446.0,799.0)
(461.0,799.0)
(451.0,799.0)
(451.0,799.0)
(799.0,799.0)
(800.0,799.0)
(464.0,799.0)
(451.0,799.0)
(446.0,799.0)
(799.0,799.0)
(461.0,799.0)
(461.0,799.0)
(446.0,799.0)
(453.0,799.0)
(446.0,799.0)
(446.0,799.0)
(464.0,799.0)
(464.0,799.0)
(464.0,799.0)
(464.0,799.0)
(446.0,799.0)
(453.0,799.0)
(464.0,799.0)
(464.0,799.0)
(464.0,799.0)
(446.0,799.0)
(795.0,799.0)
(460.0,799.0)
(446.0,799.0)
(464.0,799.0)
(464.0,799.0)
(448.0,799.0)
(799.0,799.0)
(464.0,799.0)
(799.0,799.0)
(464.0,799.0)
(451.0,799.0)
(451.0,799.0)
(464.0,799.0)
(453.0,799.0)
(464.0,799.0)
(799.0,799.0)
(453.0,799.0)
(464.0,799.0)
(464.0,799.0)
(464.0,799.0)
(464.0,799.0)
(464.0,799.0)
(464.0,799.0)
(464.0,799.0)
(464.0,799.0)
(464.0,799.0)
(446.0,799.0)
(464.0,799.0)
(464.0,799.0)
(464.0,799.0)
(799.0,799.0)
(451.0,799.0)
(464.0,799.0)
(464.0,799.0)
(451.0,799.0)
(464.0,799.0)
(464.0,799.0)
(771.0,799.0)
(464.0,799.0)
(794.0,799.0)
(446.0,799.0)
(446.0,799.0)
(799.0,799.0)
(453.0,799.0)
(464.0,799.0)
(800.0,799.0)
(446.0,799.0)
(464.0,799.0)
(464.0,799.0)
(446.0,799.0)
(464.0,799.0)
(446.0,799.0)
(444.0,799.0)
(464.0,799.0)
(375.0,799.0)
(460.0,799.0)
(446.0,799.0)
(464.0,799.0)
(451.0,799.0)
(466.0,799.0)
(464.0,799.0)
(464.0,799.0)
(464.0,799.0)
(799.0,799.0)
(464.0,799.0)
(464.0,799.0)
(464.0,799.0)
(771.0,799.0)
(460.0,799.0)
(464.0,799.0)
(464.0,799.0)
(446.0,799.0)
(464.0,799.0)
(466.0,799.0)
(799.0,799.0)
(799.0,799.0)
(464.0,799.0)
(464.0,799.0)
(446.0,799.0)
(464.0,799.0)
(451.0,799.0)
(464.0,799.0)
(799.0,799.0)
(453.0,799.0)
(464.0,799.0)
(464.0,799.0)
(446.0,799.0)
(466.0,799.0)
(464.0,799.0)
(464.0,799.0)
(799.0,799.0)
(464.0,799.0)
(464.0,799.0)
(451.0,799.0)
(464.0,799.0)
(799.0,799.0)
(464.0,799.0)
(799.0,799.0)
(464.0,799.0)
(464.0,799.0)
(464.0,799.0)
(464.0,799.0)
(464.0,799.0)
(464.0,799.0)
(799.0,799.0)
(530.0,799.0)
(799.0,799.0)
(466.0,799.0)
(446.0,799.0)
(446.0,799.0)
(464.0,799.0)
(464.0,799.0)
(464.0,799.0)
(464.0,799.0)
(443.0,799.0)
(446.0,799.0)
(464.0,799.0)
(464.0,799.0)
(446.0,799.0)
(461.0,799.0)
(446.0,799.0)
(464.0,799.0)
(464.0,799.0)
(446.0,799.0)
(464.0,799.0)
(799.0,799.0)
(464.0,799.0)
(417.0,799.0)
(446.0,799.0)
(446.0,799.0)
(461.0,799.0)
(464.0,799.0)
(464.0,799.0)
(446.0,799.0)
(464.0,799.0)
(464.0,799.0)
(464.0,799.0)
(466.0,799.0)
(464.0,799.0)
(451.0,799.0)
(464.0,799.0)
(464.0,799.0)
(464.0,799.0)
(464.0,799.0)
(464.0,799.0)
(453.0,799.0)
(464.0,799.0)
(799.0,799.0)
(464.0,799.0)
(464.0,799.0)
(464.0,799.0)
(451.0,799.0)
(464.0,799.0)
(446.0,799.0)
(464.0,799.0)
(464.0,799.0)
(464.0,799.0)
(446.0,799.0)
(453.0,799.0)
(446.0,799.0)
(464.0,799.0)
(464.0,799.0)
(464.0,799.0)
(443.0,799.0)
(451.0,799.0)
(464.0,799.0)
(453.0,799.0)
(466.0,799.0)
(799.0,799.0)
(464.0,799.0)
(464.0,799.0)
(446.0,799.0)
(799.0,799.0)
(799.0,799.0)
(464.0,799.0)
(446.0,799.0)
(446.0,799.0)
(451.0,799.0)
(464.0,799.0)
(453.0,799.0)
(464.0,799.0)
(799.0,799.0)
(464.0,799.0)
(464.0,799.0)
(464.0,799.0)
(464.0,799.0)
(464.0,799.0)
(453.0,799.0)
(453.0,799.0)
(444.0,799.0)
(800.0,799.0)
(466.0,799.0)
(464.0,799.0)
(446.0,799.0)
(464.0,799.0)
(464.0,799.0)
(464.0,799.0)
(464.0,799.0)
(799.0,799.0)
(360.0,799.0)
(451.0,799.0)
(464.0,799.0)
(446.0,799.0)
(446.0,799.0)
(446.0,799.0)
(451.0,799.0)
(464.0,799.0)
(446.0,799.0)
(464.0,799.0)
(464.0,799.0)
(464.0,799.0)
(799.0,799.0)
(464.0,799.0)
(799.0,799.0)
(799.0,799.0)
(446.0,799.0)
(464.0,799.0)
(464.0,799.0)
(464.0,799.0)
(464.0,799.0)
(464.0,799.0)
(464.0,799.0)
(464.0,799.0)
(464.0,799.0)
(464.0,799.0)
(464.0,799.0)
(464.0,799.0)
(464.0,799.0)
(464.0,799.0)
(464.0,799.0)
(464.0,799.0)
(464.0,799.0)
(464.0,799.0)
(464.0,799.0)
(464.0,799.0)
(464.0,799.0)
(464.0,799.0)
(464.0,799.0)
(464.0,799.0)
(464.0,799.0)
(464.0,799.0)
(464.0,799.0)
(464.0,799.0)
(464.0,799.0)
(464.0,799.0)
(464.0,799.0)
(464.0,799.0)
(464.0,799.0)
(464.0,799.0)
(464.0,799.0)
(464.0,799.0)
(464.0,799.0)
(464.0,799.0)
(464.0,799.0)
(464.0,799.0)
(464.0,799.0)
(464.0,799.0)
(464.0,799.0)
(464.0,799.0)
(464.0,799.0)
(464.0,799.0)
(464.0,799.0)
(464.0,799.0)
(464.0,799.0)
(464.0,799.0)
(464.0,799.0)
(464.0,799.0)
(464.0,799.0)
(464.0,799.0)
(464.0,799.0)
(464.0,799.0)
(464.0,799.0)
(464.0,799.0)
(464.0,799.0)
(464.0,799.0)
(464.0,799.0)
(464.0,799.0)
(464.0,799.0)
(464.0,799.0)
(464.0,799.0)
(464.0,799.0)
(464.0,799.0)
(464.0,799.0)
(464.0,799.0)
(464.0,799.0)
(464.0,799.0)
(464.0,799.0)
(464.0,799.0)
(464.0,799.0)
(464.0,799.0)
(464.0,799.0)
(464.0,799.0)
(464.0,799.0)
(464.0,799.0)
(464.0,799.0)
(464.0,799.0)
(464.0,799.0)
(464.0,799.0)
(464.0,799.0)
(464.0,799.0)
(464.0,799.0)
(464.0,799.0)
(464.0,799.0)
(464.0,799.0)
(464.0,799.0)
(464.0,799.0)
(464.0,799.0)
(464.0,799.0)
(464.0,799.0)
(464.0,799.0)
(796.0,799.0)
(464.0,799.0)
(464.0,799.0)
(464.0,799.0)
(464.0,799.0)
(464.0,799.0)
(464.0,799.0)
(464.0,799.0)
(464.0,799.0)
(464.0,799.0)
(464.0,799.0)
(464.0,799.0)
(464.0,799.0)
(464.0,799.0)
(464.0,799.0)
(464.0,799.0)
(464.0,799.0)
(464.0,799.0)
(464.0,799.0)
(464.0,799.0)
(464.0,799.0)
(464.0,799.0)
(464.0,799.0)
(464.0,799.0)
(464.0,799.0)
(464.0,799.0)
(464.0,799.0)
(464.0,799.0)
(464.0,799.0)
(464.0,799.0)
(464.0,799.0)
(464.0,799.0)
(464.0,799.0)
(464.0,799.0)
(464.0,799.0)
(464.0,799.0)
(464.0,799.0)
(464.0,799.0)
(464.0,799.0)
(464.0,799.0)
(464.0,799.0)
(464.0,799.0)
(464.0,799.0)
(464.0,799.0)
(464.0,799.0)
(464.0,799.0)
(464.0,799.0)
(464.0,799.0)
(464.0,799.0)
(464.0,799.0)
(464.0,799.0)
(464.0,799.0)
(464.0,799.0)
(464.0,799.0)
(464.0,799.0)
(464.0,799.0)
(464.0,799.0)
(464.0,799.0)
(464.0,799.0)
(464.0,799.0)
(464.0,799.0)
(464.0,799.0)
(464.0,799.0)
(464.0,799.0)
(464.0,799.0)
(464.0,799.0)
(464.0,799.0)
(464.0,799.0)
(464.0,799.0)
(446.0,799.0)
(464.0,799.0)
(464.0,799.0)
(464.0,799.0)
(464.0,799.0)
(464.0,799.0)
(464.0,799.0)
(464.0,799.0)
(464.0,799.0)
(464.0,799.0)
(446.0,799.0)
(464.0,799.0)
(461.0,799.0)
(464.0,799.0)
(460.0,799.0)
(464.0,799.0)
(464.0,799.0)
(464.0,799.0)
(464.0,799.0)
(464.0,799.0)
(464.0,799.0)
(464.0,799.0)
(464.0,799.0)
(464.0,799.0)
(464.0,799.0)
(464.0,799.0)
(464.0,799.0)
(464.0,799.0)
(464.0,799.0)
(464.0,799.0)
(464.0,799.0)
(464.0,799.0)
(464.0,800.0)
(417.0,800.0)
(464.0,800.0)
(464.0,800.0)
(464.0,800.0)
(464.0,800.0)
(460.0,800.0)
(464.0,800.0)
(464.0,800.0)
(464.0,800.0)
(464.0,800.0)
(464.0,800.0)
(464.0,800.0)
(464.0,800.0)
(800.0,800.0)
(451.0,800.0)
(464.0,800.0)
(464.0,800.0)
(446.0,800.0)
(464.0,800.0)
(461.0,800.0)
(460.0,800.0)
(464.0,800.0)
(464.0,800.0)
(464.0,800.0)
(464.0,800.0)
(464.0,800.0)
(464.0,800.0)
(453.0,800.0)
(451.0,800.0)
(800.0,800.0)
(464.0,800.0)
(464.0,800.0)
(464.0,800.0)
(464.0,800.0)
(464.0,800.0)
(451.0,800.0)
(800.0,800.0)
(464.0,800.0)
(464.0,800.0)
(464.0,800.0)
(460.0,800.0)
(464.0,800.0)
(453.0,800.0)
(464.0,800.0)
(464.0,800.0)
(464.0,800.0)
(461.0,800.0)
(464.0,800.0)
(800.0,800.0)
(443.0,800.0)
(464.0,800.0)
(464.0,800.0)
(464.0,800.0)
(464.0,800.0)
(464.0,800.0)
(464.0,800.0)
(446.0,800.0)
(451.0,800.0)
(464.0,800.0)
(464.0,800.0)
(464.0,800.0)
(464.0,800.0)
(464.0,800.0)
(464.0,800.0)
(464.0,800.0)
(771.0,800.0)
(464.0,800.0)
(451.0,800.0)
(451.0,800.0)
(799.0,800.0)
(460.0,800.0)
(464.0,800.0)
(464.0,800.0)
(464.0,800.0)
(464.0,800.0)
(464.0,800.0)
(451.0,800.0)
(464.0,800.0)
(464.0,800.0)
(464.0,800.0)
(464.0,800.0)
(464.0,800.0)
(451.0,800.0)
(464.0,800.0)
(464.0,800.0)
(464.0,800.0)
(464.0,800.0)
(451.0,800.0)
(464.0,800.0)
(464.0,800.0)
(464.0,800.0)
(464.0,800.0)
(451.0,800.0)
(445.0,800.0)
(464.0,800.0)
(464.0,800.0)
(464.0,800.0)
(464.0,800.0)
(464.0,800.0)
(451.0,800.0)
(464.0,800.0)
(464.0,800.0)
(464.0,800.0)
(453.0,800.0)
(464.0,800.0)
(464.0,800.0)
(451.0,800.0)
(464.0,800.0)
(464.0,800.0)
(464.0,800.0)
(464.0,800.0)
(464.0,800.0)
(464.0,800.0)
(464.0,800.0)
(453.0,800.0)
(464.0,800.0)
(464.0,800.0)
(464.0,800.0)
(444.0,800.0)
(464.0,800.0)
(464.0,800.0)
(464.0,800.0)
(451.0,800.0)
(446.0,800.0)
(464.0,800.0)
(464.0,800.0)
(464.0,800.0)
(464.0,800.0)
(464.0,800.0)
(464.0,800.0)
(453.0,800.0)
(461.0,800.0)
(461.0,800.0)
(453.0,800.0)
(464.0,800.0)
(453.0,800.0)
(451.0,800.0)
(464.0,800.0)
(800.0,800.0)
(451.0,800.0)
(451.0,800.0)
(464.0,800.0)
(464.0,800.0)
(464.0,800.0)
(461.0,800.0)
(464.0,800.0)
(464.0,800.0)
(464.0,800.0)
(464.0,800.0)
(451.0,800.0)
(464.0,800.0)
(464.0,800.0)
(464.0,800.0)
(464.0,800.0)
(446.0,800.0)
(464.0,800.0)
(451.0,800.0)
(464.0,800.0)
(451.0,800.0)
(464.0,800.0)
(464.0,800.0)
(464.0,800.0)
(464.0,800.0)
(464.0,800.0)
(464.0,800.0)
(800.0,800.0)
(464.0,800.0)
(443.0,800.0)
(464.0,800.0)
(464.0,800.0)
(464.0,800.0)
(464.0,800.0)
(464.0,800.0)
(464.0,800.0)
(464.0,800.0)
(464.0,800.0)
(464.0,800.0)
(464.0,800.0)
(464.0,800.0)
(453.0,800.0)
(800.0,800.0)
(800.0,800.0)
(464.0,800.0)
(464.0,800.0)
(464.0,800.0)
(464.0,800.0)
(444.0,800.0)
(464.0,800.0)
(444.0,800.0)
(464.0,800.0)
(464.0,800.0)
(799.0,800.0)
(464.0,800.0)
(464.0,800.0)
(466.0,800.0)
(451.0,800.0)
(799.0,800.0)
(464.0,800.0)
(464.0,800.0)
(464.0,800.0)
(464.0,800.0)
(453.0,800.0)
(464.0,800.0)
(464.0,800.0)
(464.0,800.0)
(464.0,800.0)
(464.0,800.0)
(464.0,800.0)
(464.0,800.0)
(464.0,800.0)
(464.0,800.0)
(451.0,800.0)
(771.0,800.0)
(771.0,800.0)
(464.0,800.0)
(464.0,800.0)
(446.0,800.0)
(464.0,800.0)
(464.0,800.0)
(464.0,800.0)
(464.0,800.0)
(464.0,800.0)
(464.0,800.0)
(451.0,800.0)
(460.0,800.0)
(451.0,800.0)
(464.0,800.0)
(464.0,800.0)
(451.0,800.0)
(464.0,800.0)
(451.0,800.0)
(464.0,800.0)
(464.0,800.0)
(444.0,800.0)
(464.0,800.0)
(451.0,800.0)
(464.0,800.0)
(464.0,800.0)
(464.0,800.0)
(464.0,800.0)
(451.0,800.0)
(446.0,800.0)
(453.0,800.0)
(451.0,800.0)
(464.0,800.0)
(799.0,800.0)
(799.0,800.0)
(451.0,800.0)
(464.0,800.0)
(464.0,800.0)
(464.0,800.0)
(464.0,800.0)
(464.0,800.0)
(771.0,800.0)
(464.0,800.0)
(464.0,800.0)
(464.0,800.0)
(464.0,800.0)
(771.0,800.0)
(464.0,800.0)
(464.0,800.0)
(451.0,800.0)
(451.0,800.0)
(464.0,800.0)
(461.0,800.0)
(451.0,800.0)
(451.0,800.0)
(464.0,800.0)
(464.0,800.0)
(464.0,800.0)
(451.0,800.0)
(451.0,800.0)
(451.0,800.0)
(464.0,800.0)
(464.0,800.0)
(444.0,800.0)
(464.0,800.0)
(464.0,800.0)
(464.0,800.0)
(453.0,800.0)
(464.0,800.0)
(464.0,800.0)
(464.0,800.0)
(453.0,800.0)
(451.0,800.0)
(464.0,800.0)
(464.0,800.0)
(464.0,800.0)
(464.0,800.0)
(464.0,800.0)
(799.0,800.0)
(464.0,800.0)
(453.0,800.0)
(464.0,800.0)
(446.0,800.0)
(771.0,800.0)
(799.0,800.0)
(464.0,800.0)
(464.0,800.0)
(444.0,800.0)
(464.0,800.0)
(464.0,800.0)
(464.0,800.0)
(464.0,800.0)
(464.0,800.0)
(464.0,800.0)
(464.0,800.0)
(464.0,800.0)
(451.0,800.0)
(451.0,800.0)
(464.0,800.0)
(464.0,800.0)
(464.0,800.0)
(464.0,800.0)
(464.0,800.0)
(451.0,800.0)
(464.0,800.0)
(464.0,800.0)
(464.0,800.0)
(464.0,800.0)
(451.0,800.0)
(451.0,800.0)
(464.0,800.0)
(464.0,800.0)
(451.0,800.0)
(464.0,800.0)
(464.0,800.0)
(464.0,800.0)
(464.0,800.0)
(450.0,800.0)
(451.0,800.0)
(464.0,800.0)
(464.0,800.0)
(444.0,800.0)
(464.0,800.0)
(451.0,800.0)
(464.0,800.0)
(464.0,800.0)
(451.0,800.0)
(464.0,800.0)
(464.0,800.0)
(450.0,800.0)
(464.0,800.0)
(464.0,800.0)
(464.0,800.0)
(464.0,800.0)
(464.0,800.0)
(464.0,800.0)
(451.0,800.0)
(464.0,800.0)
(464.0,800.0)
(451.0,800.0)
(464.0,800.0)
(451.0,800.0)
(447.0,800.0)
(446.0,800.0)
(448.0,800.0)
(451.0,800.0)
(464.0,800.0)
(451.0,800.0)
(451.0,800.0)
(464.0,800.0)
(464.0,800.0)
(464.0,800.0)
(451.0,800.0)
(451.0,800.0)
(464.0,800.0)
(464.0,800.0)
(464.0,800.0)
(451.0,800.0)
(464.0,800.0)
(453.0,800.0)
(464.0,800.0)
(464.0,800.0)
(451.0,800.0)
(453.0,800.0)
(464.0,800.0)
(451.0,800.0)
(464.0,800.0)
(464.0,800.0)
(464.0,800.0)
(799.0,800.0)
(464.0,800.0)
(464.0,800.0)
(464.0,800.0)
(464.0,800.0)
(464.0,800.0)
(464.0,800.0)
(464.0,800.0)
(464.0,800.0)
(464.0,800.0)
(464.0,800.0)
(464.0,800.0)
(464.0,800.0)
(464.0,800.0)
(464.0,800.0)
(464.0,800.0)
(464.0,800.0)
(446.0,800.0)
(446.0,800.0)
(461.0,800.0)
(464.0,800.0)
(460.0,800.0)
(464.0,800.0)
(452.0,800.0)
(460.0,800.0)
(800.0,800.0)
(464.0,800.0)
(464.0,800.0)
(464.0,800.0)
(464.0,800.0)
(464.0,800.0)
(464.0,800.0)
(464.0,800.0)
(451.0,800.0)
(464.0,800.0)
(464.0,800.0)
(464.0,800.0)
(464.0,800.0)
(464.0,800.0)
(464.0,800.0)
(464.0,800.0)
(464.0,800.0)
(799.0,800.0)
(460.0,800.0)
(451.0,800.0)
(464.0,800.0)
(451.0,800.0)
(464.0,800.0)
(464.0,800.0)
(464.0,800.0)
(799.0,800.0)
(464.0,800.0)
(451.0,800.0)
(451.0,800.0)
(464.0,800.0)
(464.0,800.0)
(451.0,800.0)
(464.0,800.0)
(446.0,800.0)
(799.0,800.0)
(464.0,800.0)
(464.0,800.0)
(464.0,800.0)
(464.0,800.0)
(464.0,800.0)
(464.0,800.0)
(446.0,800.0)
(464.0,800.0)
(451.0,800.0)
(460.0,800.0)
(453.0,800.0)
(446.0,800.0)
(453.0,800.0)
(451.0,800.0)
(446.0,800.0)
(464.0,800.0)
(451.0,800.0)
(464.0,800.0)
(464.0,800.0)
(445.0,800.0)
(800.0,800.0)
(464.0,800.0)
(464.0,800.0)
(446.0,800.0)
(464.0,800.0)
(444.0,800.0)
(451.0,800.0)
(444.0,800.0)
(464.0,800.0)
(464.0,800.0)
(464.0,800.0)
(464.0,800.0)
(464.0,800.0)
(464.0,800.0)
(451.0,800.0)
(464.0,800.0)
(451.0,800.0)
(464.0,800.0)
(464.0,800.0)
(464.0,800.0)
(464.0,800.0)
(464.0,800.0)
(448.0,800.0)
(464.0,800.0)
(451.0,800.0)
(464.0,800.0)
(464.0,800.0)
(451.0,800.0)
(464.0,800.0)
(464.0,800.0)
(464.0,800.0)
(464.0,800.0)
(453.0,800.0)
(464.0,800.0)
(464.0,800.0)
(446.0,800.0)
(464.0,800.0)
(464.0,800.0)
(464.0,800.0)
(451.0,800.0)
(464.0,800.0)
(464.0,800.0)
(464.0,800.0)
(446.0,800.0)
(464.0,800.0)
(449.0,800.0)
(464.0,800.0)
(799.0,800.0)
(464.0,800.0)
(799.0,800.0)
(464.0,800.0)
(464.0,800.0)
(464.0,800.0)
(451.0,800.0)
(453.0,800.0)
(464.0,800.0)
(464.0,800.0)
(464.0,800.0)
(464.0,800.0)
(451.0,800.0)
(453.0,800.0)
(464.0,800.0)
(799.0,800.0)
(464.0,800.0)
(464.0,800.0)
(800.0,800.0)
(446.0,800.0)
(451.0,800.0)
(451.0,800.0)
(464.0,800.0)
(451.0,800.0)
(464.0,800.0)
(451.0,800.0)
(461.0,800.0)
(375.0,800.0)
(464.0,800.0)
(771.0,800.0)
(446.0,800.0)
(799.0,800.0)
(451.0,800.0)
(464.0,800.0)
(464.0,800.0)
(446.0,800.0)
(461.0,800.0)
(446.0,800.0)
(464.0,800.0)
(451.0,800.0)
(464.0,800.0)
(464.0,800.0)
(464.0,800.0)
(464.0,800.0)
(464.0,800.0)
(464.0,800.0)
(464.0,800.0)
(464.0,800.0)
(464.0,800.0)
(451.0,800.0)
(464.0,800.0)
(464.0,800.0)
(464.0,800.0)
(464.0,800.0)
(464.0,800.0)
(448.0,800.0)
(446.0,800.0)
(464.0,800.0)
(464.0,800.0)
(464.0,800.0)
(464.0,800.0)
(464.0,800.0)
(464.0,800.0)
(444.0,800.0)
(800.0,800.0)
(451.0,800.0)
(464.0,800.0)
(464.0,800.0)
(464.0,800.0)
(464.0,800.0)
(464.0,800.0)
(451.0,800.0)
(464.0,800.0)
(464.0,800.0)
(460.0,800.0)
(464.0,800.0)
(464.0,800.0)
(464.0,800.0)
(461.0,800.0)
(464.0,800.0)
(464.0,800.0)
(464.0,800.0)
(464.0,800.0)
(464.0,800.0)
(464.0,800.0)
(446.0,800.0)
(464.0,800.0)
(464.0,800.0)
(464.0,800.0)
(464.0,800.0)
(464.0,800.0)
(464.0,800.0)
(464.0,800.0)
(464.0,800.0)
(464.0,800.0)
(464.0,800.0)
(464.0,800.0)
(451.0,800.0)
(466.0,800.0)
(464.0,800.0)
(464.0,800.0)
(464.0,800.0)
(464.0,800.0)
(464.0,800.0)
(464.0,800.0)
(464.0,800.0)
(464.0,800.0)
(452.0,800.0)
(464.0,800.0)
(464.0,800.0)
(464.0,800.0)
(453.0,800.0)
(464.0,800.0)
(464.0,800.0)
(464.0,800.0)
(460.0,800.0)
(448.0,800.0)
(464.0,800.0)
(451.0,800.0)
(464.0,800.0)
(464.0,800.0)
(451.0,800.0)
(464.0,800.0)
(451.0,800.0)
(464.0,800.0)
(464.0,800.0)
(464.0,800.0)
(464.0,800.0)
(800.0,800.0)
(464.0,800.0)
(453.0,800.0)
(464.0,800.0)
(464.0,800.0)
(464.0,800.0)
(446.0,800.0)
(464.0,800.0)
(799.0,800.0)
(464.0,800.0)
(464.0,800.0)
(464.0,800.0)
(453.0,800.0)
(798.0,800.0)
(464.0,800.0)
(464.0,800.0)
(464.0,800.0)
(451.0,800.0)
(461.0,800.0)
(451.0,800.0)
(464.0,800.0)
(464.0,800.0)
(464.0,800.0)
(464.0,800.0)
(451.0,800.0)
(464.0,800.0)
(453.0,800.0)
(464.0,800.0)
(464.0,800.0)
(464.0,800.0)
(464.0,800.0)
(464.0,800.0)
(448.0,800.0)
(464.0,800.0)
(464.0,800.0)
(464.0,800.0)
(800.0,800.0)
(464.0,800.0)
(464.0,800.0)
(464.0,800.0)
(464.0,800.0)
(464.0,800.0)
(464.0,800.0)
(464.0,800.0)
(464.0,800.0)
(464.0,800.0)
(464.0,800.0)
(464.0,800.0)
(446.0,800.0)
(464.0,800.0)
(464.0,800.0)
(464.0,800.0)
(464.0,800.0)
(464.0,800.0)
(451.0,800.0)
(451.0,800.0)
(464.0,800.0)
(464.0,800.0)
(451.0,800.0)
(464.0,800.0)
(460.0,800.0)
(461.0,800.0)
(451.0,800.0)
(464.0,800.0)
(464.0,800.0)
(451.0,800.0)
(453.0,800.0)
(451.0,800.0)
(451.0,800.0)
(464.0,800.0)
(800.0,800.0)
(771.0,800.0)
(799.0,800.0)
(464.0,800.0)
(451.0,800.0)
(464.0,800.0)
(453.0,800.0)
(800.0,800.0)
(464.0,800.0)
(464.0,800.0)
(464.0,800.0)
(464.0,800.0)
(464.0,800.0)
(464.0,800.0)
(464.0,800.0)
(464.0,800.0)
(464.0,800.0)
(464.0,800.0)
(460.0,800.0)
(451.0,800.0)
(464.0,800.0)
(464.0,800.0)
(464.0,800.0)
(446.0,800.0)
(464.0,800.0)
(464.0,800.0)
(464.0,800.0)
(464.0,800.0)
(464.0,800.0)
(464.0,800.0)
(464.0,800.0)
(464.0,800.0)
(464.0,800.0)
(464.0,800.0)
(461.0,800.0)
(464.0,800.0)
(464.0,800.0)
(451.0,800.0)
(464.0,800.0)
(800.0,800.0)
(451.0,800.0)
(464.0,800.0)
(453.0,800.0)
(464.0,800.0)
(464.0,800.0)
(450.0,800.0)
(464.0,800.0)
(464.0,800.0)
(464.0,800.0)
(464.0,800.0)
(464.0,800.0)
(464.0,800.0)
(464.0,800.0)
(451.0,800.0)
(464.0,800.0)
(453.0,800.0)
(464.0,800.0)
(464.0,800.0)
(799.0,800.0)
(464.0,800.0)
(464.0,800.0)
(444.0,800.0)
(453.0,800.0)
(453.0,800.0)
(464.0,800.0)
(464.0,800.0)
(464.0,800.0)
(464.0,800.0)
(799.0,800.0)
(464.0,800.0)
(464.0,800.0)
(451.0,800.0)
(451.0,800.0)
(464.0,800.0)
(464.0,800.0)
(444.0,800.0)
(453.0,800.0)
(796.0,800.0)
(464.0,800.0)
(464.0,800.0)
(453.0,800.0)
(464.0,800.0)
(464.0,800.0)
(464.0,800.0)
(800.0,800.0)
(464.0,800.0)
(464.0,800.0)
(464.0,800.0)
(453.0,800.0)
(453.0,800.0)
(436.0,800.0)
(464.0,800.0)
(464.0,800.0)
(464.0,800.0)
(448.0,800.0)
(453.0,800.0)
(444.0,800.0)
(443.0,800.0)
(453.0,800.0)
(464.0,800.0)
(464.0,800.0)
(464.0,800.0)
(771.0,800.0)
(451.0,800.0)
(464.0,800.0)
(464.0,800.0)
(464.0,800.0)
(464.0,800.0)
(464.0,800.0)
(464.0,800.0)
(464.0,800.0)
(464.0,800.0)
(464.0,800.0)
(464.0,800.0)
(464.0,800.0)
(464.0,800.0)
(464.0,800.0)
(460.0,800.0)
(436.0,800.0)
(464.0,800.0)
(464.0,800.0)
(451.0,800.0)
(461.0,800.0)
(771.0,800.0)
(464.0,800.0)
(443.0,800.0)
(800.0,800.0)
(461.0,800.0)
(464.0,800.0)
(464.0,800.0)
(464.0,800.0)
(464.0,800.0)
(464.0,800.0)
(464.0,800.0)
(464.0,800.0)
(464.0,800.0)
(464.0,800.0)
(464.0,800.0)
(464.0,800.0)
(464.0,800.0)
(461.0,800.0)
(451.0,800.0)
(464.0,800.0)
(799.0,800.0)
(464.0,800.0)
(464.0,800.0)
(460.0,800.0)
(464.0,800.0)
(771.0,800.0)
(464.0,800.0)
(800.0,800.0)
(464.0,800.0)
(464.0,800.0)
(464.0,800.0)
(464.0,800.0)
(445.0,800.0)
(464.0,800.0)
(800.0,800.0)
(453.0,800.0)
(451.0,800.0)
(464.0,800.0)
(464.0,800.0)
(800.0,800.0)
(464.0,800.0)
(464.0,800.0)
(464.0,800.0)
(453.0,800.0)
(464.0,800.0)
(464.0,800.0)
(464.0,800.0)
(464.0,800.0)
(464.0,800.0)
(464.0,800.0)
(464.0,800.0)
(464.0,800.0)
(464.0,800.0)
(464.0,800.0)
(464.0,800.0)
(464.0,800.0)
(453.0,800.0)
(464.0,800.0)
(451.0,800.0)
(451.0,800.0)
(464.0,800.0)
(464.0,800.0)
(464.0,800.0)
(464.0,800.0)
(451.0,800.0)
(464.0,800.0)
(464.0,800.0)
(451.0,800.0)
(464.0,800.0)
(464.0,800.0)
(451.0,800.0)
(464.0,800.0)
(464.0,800.0)
(464.0,800.0)
(464.0,800.0)
(464.0,800.0)
(461.0,800.0)
(464.0,800.0)
(464.0,800.0)
(451.0,800.0)
(461.0,800.0)
(464.0,800.0)
(464.0,800.0)
(464.0,800.0)
(464.0,800.0)
(453.0,800.0)
(461.0,800.0)
(464.0,800.0)
(464.0,800.0)
(464.0,800.0)
(464.0,800.0)
(464.0,800.0)
(799.0,800.0)
(464.0,800.0)
(464.0,800.0)
(464.0,800.0)
(464.0,800.0)
(453.0,800.0)
(464.0,800.0)
(464.0,800.0)
(464.0,800.0)
(464.0,800.0)
(464.0,800.0)
(464.0,800.0)
(464.0,800.0)
(453.0,800.0)
(464.0,800.0)
(464.0,800.0)
(464.0,800.0)
(464.0,800.0)
(464.0,800.0)
(464.0,800.0)
(464.0,800.0)
(464.0,800.0)
(453.0,800.0)
(800.0,800.0)
(464.0,800.0)
(464.0,800.0)
(464.0,800.0)
(464.0,800.0)
(464.0,800.0)
(464.0,800.0)
(464.0,800.0)
(464.0,800.0)
(464.0,800.0)
(464.0,800.0)
(464.0,800.0)
(464.0,800.0)
(464.0,800.0)
(464.0,800.0)
(453.0,800.0)
(771.0,800.0)
(464.0,800.0)
(464.0,800.0)
(464.0,800.0)
(460.0,460.0)
(460.0,460.0)
(460.0,460.0)
(461.0,460.0)
(461.0,460.0)
(460.0,460.0)
(460.0,460.0)
(466.0,460.0)
(460.0,460.0)
(460.0,460.0)
(460.0,460.0)
(461.0,460.0)
(460.0,460.0)
(460.0,460.0)
(446.0,460.0)
(460.0,460.0)
(460.0,460.0)
(460.0,460.0)
(461.0,460.0)
(461.0,460.0)
(461.0,460.0)
(798.0,460.0)
(460.0,460.0)
(460.0,460.0)
(460.0,460.0)
(460.0,460.0)
(460.0,460.0)
(461.0,460.0)
(460.0,460.0)
(460.0,460.0)
(460.0,460.0)
(446.0,460.0)
(460.0,460.0)
(461.0,460.0)
(460.0,460.0)
(460.0,460.0)
(460.0,460.0)
(461.0,460.0)
(461.0,460.0)
(446.0,460.0)
(460.0,460.0)
(460.0,460.0)
(461.0,460.0)
(460.0,460.0)
(461.0,460.0)
(460.0,460.0)
(460.0,460.0)
(460.0,460.0)
(460.0,460.0)
(460.0,460.0)
(460.0,460.0)
(460.0,460.0)
(460.0,460.0)
(461.0,460.0)
(460.0,460.0)
(461.0,460.0)
(798.0,460.0)
(798.0,460.0)
(460.0,460.0)
(460.0,460.0)
(460.0,460.0)
(460.0,460.0)
(460.0,460.0)
(460.0,460.0)
(460.0,460.0)
(460.0,460.0)
(460.0,460.0)
(460.0,460.0)
(460.0,460.0)
(460.0,460.0)
(460.0,460.0)
(461.0,460.0)
(460.0,460.0)
(461.0,460.0)
(446.0,460.0)
(461.0,460.0)
(460.0,460.0)
(460.0,460.0)
(460.0,460.0)
(461.0,460.0)
(460.0,460.0)
(460.0,460.0)
(460.0,460.0)
(798.0,460.0)
(448.0,460.0)
(448.0,460.0)
(460.0,460.0)
(461.0,460.0)
(460.0,460.0)
(460.0,460.0)
(460.0,460.0)
(460.0,460.0)
(460.0,460.0)
(461.0,460.0)
(460.0,460.0)
(389.0,460.0)
(446.0,460.0)
(460.0,460.0)
(460.0,460.0)
(460.0,460.0)
(460.0,460.0)
(460.0,460.0)
(460.0,460.0)
(448.0,460.0)
(460.0,460.0)
(460.0,460.0)
(460.0,460.0)
(460.0,460.0)
(451.0,460.0)
(460.0,460.0)
(460.0,460.0)
(460.0,460.0)
(460.0,460.0)
(460.0,460.0)
(460.0,460.0)
(460.0,460.0)
(460.0,460.0)
(446.0,460.0)
(460.0,460.0)
(461.0,460.0)
(460.0,460.0)
(461.0,460.0)
(460.0,460.0)
(445.0,460.0)
(460.0,460.0)
(461.0,460.0)
(460.0,460.0)
(460.0,460.0)
(460.0,460.0)
(460.0,460.0)
(461.0,460.0)
(461.0,460.0)
(798.0,460.0)
(460.0,460.0)
(460.0,460.0)
(460.0,460.0)
(460.0,460.0)
(460.0,460.0)
(460.0,460.0)
(460.0,460.0)
(460.0,460.0)
(460.0,460.0)
(460.0,460.0)
(460.0,460.0)
(461.0,460.0)
(461.0,460.0)
(460.0,460.0)
(460.0,460.0)
(460.0,460.0)
(461.0,460.0)
(460.0,460.0)
(460.0,460.0)
(460.0,460.0)
(460.0,460.0)
(460.0,460.0)
(460.0,460.0)
(460.0,460.0)
(460.0,460.0)
(460.0,460.0)
(461.0,460.0)
(460.0,460.0)
(461.0,460.0)
(461.0,460.0)
(388.0,460.0)
(461.0,460.0)
(460.0,460.0)
(448.0,460.0)
(460.0,460.0)
(460.0,460.0)
(460.0,460.0)
