(515.0,512.0)
(515.0,512.0)
(516.0,512.0)
(515.0,512.0)
(515.0,512.0)
(516.0,512.0)
(515.0,512.0)
(515.0,512.0)
(503.0,512.0)
(17.0,512.0)
(515.0,512.0)
(16.0,512.0)
(515.0,512.0)
(459.0,512.0)
(515.0,512.0)
(18.0,512.0)
(503.0,512.0)
(17.0,512.0)
(511.0,512.0)
(515.0,512.0)
(503.0,512.0)
(511.0,512.0)
(13.0,512.0)
(516.0,512.0)
(503.0,512.0)
(515.0,512.0)
(503.0,512.0)
(515.0,512.0)
(515.0,512.0)
(515.0,512.0)
(503.0,512.0)
(511.0,512.0)
(515.0,512.0)
(498.0,512.0)
(515.0,512.0)
(512.0,512.0)
(515.0,512.0)
(511.0,512.0)
(515.0,512.0)
(515.0,512.0)
(16.0,512.0)
(515.0,512.0)
(515.0,512.0)
(17.0,513.0)
(515.0,513.0)
(516.0,513.0)
(16.0,513.0)
(17.0,513.0)
(17.0,513.0)
(503.0,513.0)
(515.0,513.0)
(515.0,513.0)
(29.0,513.0)
(511.0,513.0)
(29.0,513.0)
(515.0,513.0)
(515.0,513.0)
(18.0,513.0)
(17.0,513.0)
(503.0,513.0)
(17.0,513.0)
(515.0,513.0)
(17.0,513.0)
(29.0,513.0)
(503.0,513.0)
(515.0,513.0)
(17.0,513.0)
(515.0,513.0)
(515.0,513.0)
(515.0,513.0)
(515.0,513.0)
(515.0,513.0)
(511.0,513.0)
(17.0,513.0)
(17.0,513.0)
(17.0,513.0)
(30.0,513.0)
(29.0,513.0)
(25.0,513.0)
(515.0,513.0)
(16.0,513.0)
(515.0,513.0)
(17.0,513.0)
(515.0,513.0)
(515.0,513.0)
(17.0,513.0)
(503.0,513.0)
(515.0,513.0)
(503.0,513.0)
(515.0,513.0)
(18.0,513.0)
(515.0,513.0)
(506.0,513.0)
(503.0,513.0)
(515.0,513.0)
(503.0,513.0)
(17.0,513.0)
(30.0,513.0)
(22.0,513.0)
(17.0,513.0)
(17.0,513.0)
(503.0,513.0)
(17.0,513.0)
(503.0,513.0)
(503.0,513.0)
(17.0,513.0)
(515.0,513.0)
(18.0,513.0)
(515.0,513.0)
(17.0,513.0)
(16.0,513.0)
(17.0,513.0)
(506.0,513.0)
(515.0,513.0)
(13.0,513.0)
(515.0,513.0)
(515.0,513.0)
(515.0,513.0)
(30.0,513.0)
(515.0,513.0)
(22.0,513.0)
(17.0,513.0)
(459.0,513.0)
(515.0,513.0)
(515.0,513.0)
(515.0,513.0)
(18.0,513.0)
(18.0,513.0)
(18.0,513.0)
(17.0,513.0)
(515.0,513.0)
(515.0,513.0)
(515.0,513.0)
(17.0,513.0)
(513.0,513.0)
(17.0,513.0)
(17.0,513.0)
(515.0,513.0)
(515.0,513.0)
(16.0,513.0)
(515.0,513.0)
(17.0,513.0)
(29.0,513.0)
(17.0,513.0)
(16.0,513.0)
(515.0,513.0)
(503.0,513.0)
(18.0,513.0)
(515.0,513.0)
(447.0,513.0)
(17.0,513.0)
(515.0,513.0)
(17.0,513.0)
(18.0,513.0)
(459.0,513.0)
(17.0,513.0)
(22.0,513.0)
(515.0,513.0)
(515.0,513.0)
(503.0,513.0)
(515.0,513.0)
(515.0,513.0)
(18.0,513.0)
(515.0,513.0)
(17.0,513.0)
(17.0,513.0)
(18.0,513.0)
(515.0,513.0)
(515.0,513.0)
(18.0,513.0)
(17.0,513.0)
(16.0,513.0)
(16.0,513.0)
(22.0,513.0)
(17.0,513.0)
(28.0,513.0)
(22.0,513.0)
(17.0,513.0)
(17.0,513.0)
(515.0,513.0)
(29.0,513.0)
(515.0,513.0)
(16.0,514.0)
(13.0,514.0)
(16.0,514.0)
(515.0,514.0)
(515.0,514.0)
(16.0,514.0)
(515.0,514.0)
(515.0,514.0)
(515.0,514.0)
(515.0,514.0)
(515.0,514.0)
(16.0,514.0)
(515.0,514.0)
(17.0,514.0)
(503.0,514.0)
(17.0,514.0)
(515.0,514.0)
(515.0,514.0)
(515.0,514.0)
(515.0,514.0)
(515.0,514.0)
(515.0,514.0)
(515.0,514.0)
(515.0,514.0)
(515.0,514.0)
(515.0,514.0)
(515.0,514.0)
(17.0,514.0)
(515.0,514.0)
(18.0,514.0)
(515.0,514.0)
(511.0,514.0)
(30.0,514.0)
(515.0,514.0)
(515.0,514.0)
(515.0,514.0)
(511.0,514.0)
(15.0,514.0)
(503.0,514.0)
(459.0,514.0)
(515.0,514.0)
(503.0,514.0)
(17.0,514.0)
(515.0,514.0)
(515.0,514.0)
(515.0,514.0)
(515.0,514.0)
(503.0,514.0)
(515.0,514.0)
(515.0,514.0)
(30.0,514.0)
(515.0,514.0)
(16.0,514.0)
(16.0,514.0)
(515.0,514.0)
(503.0,514.0)
(15.0,514.0)
(503.0,514.0)
(515.0,514.0)
(515.0,514.0)
(18.0,514.0)
(515.0,514.0)
(17.0,514.0)
(515.0,514.0)
(16.0,514.0)
(13.0,514.0)
(16.0,514.0)
(515.0,514.0)
(30.0,514.0)
(515.0,514.0)
(515.0,514.0)
(515.0,514.0)
(18.0,514.0)
(515.0,514.0)
(16.0,514.0)
(16.0,514.0)
(459.0,514.0)
(515.0,514.0)
(515.0,514.0)
(515.0,514.0)
(515.0,514.0)
(17.0,514.0)
(13.0,514.0)
(17.0,514.0)
(16.0,514.0)
(18.0,514.0)
(515.0,514.0)
(515.0,514.0)
(515.0,514.0)
(515.0,514.0)
(515.0,514.0)
(515.0,514.0)
(515.0,514.0)
(16.0,514.0)
(16.0,514.0)
(515.0,514.0)
(515.0,514.0)
(16.0,514.0)
(515.0,514.0)
(16.0,514.0)
(515.0,514.0)
(503.0,514.0)
(17.0,514.0)
(515.0,514.0)
(503.0,514.0)
(15.0,514.0)
(515.0,514.0)
(515.0,514.0)
(515.0,514.0)
(511.0,514.0)
(515.0,514.0)
(515.0,514.0)
(16.0,514.0)
(515.0,514.0)
(515.0,514.0)
(515.0,514.0)
(515.0,514.0)
(515.0,514.0)
(511.0,514.0)
(16.0,514.0)
(508.0,514.0)
(18.0,514.0)
(17.0,514.0)
(515.0,514.0)
(515.0,514.0)
(17.0,514.0)
(515.0,514.0)
(515.0,514.0)
(30.0,514.0)
(16.0,514.0)
(515.0,514.0)
(17.0,514.0)
(515.0,514.0)
(515.0,514.0)
(16.0,514.0)
(515.0,514.0)
(16.0,514.0)
(515.0,514.0)
(13.0,514.0)
(515.0,515.0)
(515.0,515.0)
(515.0,515.0)
(17.0,515.0)
(515.0,515.0)
(16.0,515.0)
(515.0,515.0)
(515.0,515.0)
(17.0,515.0)
(13.0,515.0)
(515.0,515.0)
(515.0,515.0)
(29.0,515.0)
(515.0,515.0)
(515.0,515.0)
(515.0,515.0)
(515.0,515.0)
(515.0,515.0)
(515.0,515.0)
(515.0,515.0)
(515.0,515.0)
(515.0,515.0)
(16.0,515.0)
(515.0,515.0)
(515.0,515.0)
(515.0,515.0)
(515.0,515.0)
(16.0,515.0)
(515.0,515.0)
(515.0,515.0)
(515.0,515.0)
(515.0,515.0)
(17.0,515.0)
(503.0,515.0)
(15.0,515.0)
(515.0,515.0)
(515.0,515.0)
(515.0,515.0)
(515.0,515.0)
(16.0,515.0)
(515.0,515.0)
(515.0,515.0)
(515.0,515.0)
(503.0,515.0)
(515.0,515.0)
(515.0,515.0)
(515.0,515.0)
(16.0,515.0)
(16.0,515.0)
(16.0,515.0)
(515.0,515.0)
(515.0,515.0)
(16.0,515.0)
(29.0,515.0)
(515.0,515.0)
(515.0,515.0)
(515.0,515.0)
(515.0,515.0)
(515.0,515.0)
(515.0,515.0)
(515.0,515.0)
(515.0,515.0)
(515.0,515.0)
(515.0,515.0)
(515.0,515.0)
(515.0,515.0)
(16.0,515.0)
(16.0,515.0)
(515.0,515.0)
(515.0,515.0)
(29.0,515.0)
(515.0,515.0)
(515.0,515.0)
(515.0,515.0)
(515.0,515.0)
(515.0,515.0)
(515.0,515.0)
(17.0,515.0)
(515.0,515.0)
(515.0,515.0)
(515.0,515.0)
(16.0,515.0)
(17.0,515.0)
(515.0,515.0)
(18.0,515.0)
(515.0,515.0)
(515.0,515.0)
(515.0,515.0)
(515.0,515.0)
(515.0,515.0)
(515.0,515.0)
(515.0,515.0)
(515.0,515.0)
(515.0,515.0)
(515.0,515.0)
(515.0,515.0)
(515.0,515.0)
(515.0,515.0)
(515.0,515.0)
(515.0,515.0)
(503.0,515.0)
(515.0,515.0)
(515.0,515.0)
(515.0,515.0)
(515.0,515.0)
(16.0,515.0)
(515.0,515.0)
(515.0,515.0)
(16.0,515.0)
(515.0,515.0)
(515.0,515.0)
(515.0,515.0)
(515.0,515.0)
(515.0,515.0)
(515.0,515.0)
(515.0,515.0)
(515.0,515.0)
(16.0,515.0)
(16.0,515.0)
(515.0,515.0)
(515.0,515.0)
(515.0,515.0)
(17.0,515.0)
(515.0,515.0)
(515.0,515.0)
(515.0,515.0)
(515.0,515.0)
(515.0,515.0)
(515.0,515.0)
(515.0,515.0)
(515.0,515.0)
(515.0,515.0)
(515.0,515.0)
(503.0,515.0)
(17.0,515.0)
(515.0,515.0)
(503.0,515.0)
(515.0,515.0)
(515.0,515.0)
(503.0,515.0)
(515.0,515.0)
(515.0,515.0)
(515.0,515.0)
(29.0,515.0)
(515.0,515.0)
(515.0,515.0)
(515.0,515.0)
(515.0,515.0)
(515.0,515.0)
(515.0,515.0)
(515.0,515.0)
(515.0,515.0)
(515.0,515.0)
(515.0,515.0)
(515.0,515.0)
(515.0,515.0)
(503.0,515.0)
(515.0,515.0)
(515.0,515.0)
(515.0,515.0)
(503.0,515.0)
(459.0,515.0)
(515.0,515.0)
(515.0,515.0)
(515.0,515.0)
(503.0,515.0)
(515.0,515.0)
(16.0,515.0)
(515.0,515.0)
(16.0,515.0)
(515.0,515.0)
(515.0,515.0)
(515.0,515.0)
(515.0,515.0)
(503.0,515.0)
(515.0,515.0)
(515.0,515.0)
(515.0,515.0)
(503.0,515.0)
(515.0,515.0)
(515.0,515.0)
(515.0,515.0)
(515.0,515.0)
(515.0,515.0)
(515.0,515.0)
(515.0,515.0)
(515.0,515.0)
(515.0,515.0)
(515.0,515.0)
(16.0,515.0)
(16.0,515.0)
(515.0,515.0)
(515.0,515.0)
(503.0,515.0)
(515.0,515.0)
(515.0,515.0)
(515.0,515.0)
(17.0,515.0)
(515.0,515.0)
(515.0,515.0)
(503.0,515.0)
(17.0,515.0)
(515.0,515.0)
(515.0,515.0)
(503.0,515.0)
(515.0,515.0)
(515.0,515.0)
(515.0,515.0)
(515.0,515.0)
(515.0,515.0)
(515.0,515.0)
(515.0,515.0)
(515.0,515.0)
(515.0,515.0)
(515.0,515.0)
(515.0,515.0)
(515.0,515.0)
(515.0,515.0)
(515.0,515.0)
(515.0,515.0)
(17.0,515.0)
(515.0,515.0)
(515.0,515.0)
(515.0,515.0)
(515.0,515.0)
(515.0,515.0)
(515.0,515.0)
(515.0,515.0)
(515.0,515.0)
(16.0,515.0)
(29.0,515.0)
(29.0,515.0)
(515.0,515.0)
(515.0,515.0)
(515.0,515.0)
(515.0,515.0)
(17.0,515.0)
(515.0,515.0)
(515.0,515.0)
(74.0,515.0)
(515.0,515.0)
(515.0,515.0)
(16.0,515.0)
(515.0,515.0)
(515.0,515.0)
(515.0,515.0)
(16.0,515.0)
(515.0,515.0)
(16.0,515.0)
(515.0,515.0)
(515.0,515.0)
(515.0,515.0)
(515.0,515.0)
(515.0,515.0)
(16.0,515.0)
(515.0,515.0)
(515.0,515.0)
(515.0,515.0)
(18.0,515.0)
(515.0,515.0)
(515.0,515.0)
(515.0,515.0)
(515.0,515.0)
(515.0,515.0)
(13.0,515.0)
(515.0,515.0)
(503.0,515.0)
(515.0,515.0)
(515.0,515.0)
(515.0,515.0)
(515.0,515.0)
(515.0,515.0)
(515.0,515.0)
(515.0,515.0)
(515.0,515.0)
(515.0,515.0)
(515.0,515.0)
(515.0,515.0)
(13.0,515.0)
(515.0,515.0)
(515.0,515.0)
(515.0,515.0)
(515.0,515.0)
(515.0,515.0)
(515.0,515.0)
(515.0,515.0)
(515.0,515.0)
(515.0,515.0)
(515.0,515.0)
(515.0,515.0)
(515.0,515.0)
(515.0,515.0)
(503.0,515.0)
(515.0,515.0)
(17.0,515.0)
(515.0,515.0)
(515.0,515.0)
(515.0,515.0)
(515.0,515.0)
(515.0,515.0)
(515.0,515.0)
(515.0,515.0)
(515.0,515.0)
(515.0,515.0)
(515.0,515.0)
(515.0,515.0)
(515.0,515.0)
(515.0,515.0)
(515.0,515.0)
(503.0,515.0)
(515.0,515.0)
(515.0,515.0)
(515.0,515.0)
(515.0,515.0)
(515.0,515.0)
(515.0,515.0)
(515.0,515.0)
(515.0,515.0)
(16.0,515.0)
(515.0,515.0)
(515.0,515.0)
(515.0,515.0)
(515.0,515.0)
(515.0,515.0)
(515.0,515.0)
(515.0,515.0)
(515.0,515.0)
(13.0,515.0)
(503.0,515.0)
(13.0,515.0)
(515.0,515.0)
(515.0,515.0)
(515.0,515.0)
(515.0,515.0)
(515.0,515.0)
(515.0,515.0)
(515.0,515.0)
(515.0,515.0)
(515.0,515.0)
(515.0,515.0)
(515.0,515.0)
(515.0,515.0)
(515.0,515.0)
(515.0,515.0)
(515.0,515.0)
(18.0,515.0)
(515.0,515.0)
(417.0,515.0)
(515.0,515.0)
(515.0,515.0)
(515.0,515.0)
(515.0,515.0)
(515.0,515.0)
(515.0,515.0)
(515.0,515.0)
(16.0,515.0)
(16.0,515.0)
(16.0,515.0)
(515.0,515.0)
(515.0,515.0)
(13.0,515.0)
(515.0,515.0)
(13.0,515.0)
(515.0,515.0)
(515.0,515.0)
(503.0,515.0)
(515.0,515.0)
(515.0,515.0)
(515.0,515.0)
(515.0,515.0)
(28.0,515.0)
(515.0,515.0)
(515.0,515.0)
(515.0,515.0)
(17.0,515.0)
(515.0,515.0)
(515.0,515.0)
(515.0,515.0)
(29.0,515.0)
(515.0,515.0)
(515.0,515.0)
(515.0,515.0)
(515.0,515.0)
(515.0,515.0)
(515.0,515.0)
(515.0,515.0)
(515.0,515.0)
(515.0,515.0)
(515.0,515.0)
(515.0,515.0)
(515.0,515.0)
(17.0,515.0)
(16.0,515.0)
(515.0,515.0)
(515.0,515.0)
(515.0,515.0)
(515.0,515.0)
(18.0,515.0)
(515.0,515.0)
(515.0,515.0)
(515.0,515.0)
(28.0,515.0)
(515.0,515.0)
(515.0,515.0)
(515.0,515.0)
(515.0,515.0)
(16.0,515.0)
(515.0,515.0)
(515.0,515.0)
(515.0,515.0)
(515.0,515.0)
(13.0,515.0)
(16.0,515.0)
(515.0,515.0)
(515.0,515.0)
(29.0,515.0)
(515.0,515.0)
(515.0,515.0)
(13.0,515.0)
(515.0,515.0)
(515.0,515.0)
(31.0,515.0)
(16.0,515.0)
(16.0,515.0)
(25.0,515.0)
(515.0,515.0)
(515.0,515.0)
(515.0,515.0)
(503.0,515.0)
(515.0,515.0)
(515.0,515.0)
(515.0,515.0)
(16.0,515.0)
(515.0,515.0)
(515.0,515.0)
(515.0,515.0)
(515.0,515.0)
(515.0,515.0)
(515.0,515.0)
(515.0,515.0)
(515.0,515.0)
(515.0,515.0)
(515.0,515.0)
(515.0,515.0)
(515.0,515.0)
(515.0,515.0)
(503.0,515.0)
(515.0,515.0)
(16.0,515.0)
(515.0,515.0)
(515.0,515.0)
(515.0,515.0)
(515.0,515.0)
(515.0,515.0)
(515.0,515.0)
(515.0,515.0)
(515.0,515.0)
(515.0,515.0)
(13.0,515.0)
(515.0,515.0)
(515.0,515.0)
(515.0,515.0)
(515.0,515.0)
(515.0,515.0)
(515.0,515.0)
(515.0,515.0)
(515.0,515.0)
(18.0,515.0)
(515.0,515.0)
(18.0,515.0)
(515.0,515.0)
(515.0,515.0)
(16.0,515.0)
(515.0,515.0)
(515.0,515.0)
(515.0,515.0)
(515.0,515.0)
(515.0,515.0)
(515.0,515.0)
(515.0,515.0)
(515.0,515.0)
(515.0,515.0)
(18.0,515.0)
(515.0,515.0)
(515.0,515.0)
(515.0,515.0)
(515.0,515.0)
(515.0,515.0)
(515.0,515.0)
(515.0,515.0)
(515.0,515.0)
(515.0,515.0)
(515.0,515.0)
(515.0,515.0)
(515.0,515.0)
(515.0,515.0)
(515.0,515.0)
(16.0,515.0)
(515.0,515.0)
(515.0,515.0)
(515.0,515.0)
(515.0,515.0)
(515.0,515.0)
(515.0,515.0)
(515.0,515.0)
(18.0,515.0)
(515.0,515.0)
(515.0,515.0)
(503.0,515.0)
(515.0,515.0)
(515.0,515.0)
(515.0,515.0)
(515.0,515.0)
(28.0,515.0)
(515.0,515.0)
(515.0,515.0)
(515.0,515.0)
(29.0,515.0)
(515.0,515.0)
(515.0,515.0)
(515.0,515.0)
(16.0,515.0)
(515.0,515.0)
(16.0,515.0)
(515.0,515.0)
(16.0,515.0)
(515.0,515.0)
(515.0,515.0)
(515.0,515.0)
(515.0,515.0)
(515.0,515.0)
(515.0,515.0)
(515.0,515.0)
(515.0,515.0)
(515.0,515.0)
(515.0,515.0)
(515.0,515.0)
(515.0,515.0)
(515.0,515.0)
(515.0,515.0)
(515.0,515.0)
(515.0,515.0)
(515.0,515.0)
(515.0,515.0)
(515.0,515.0)
(515.0,515.0)
(29.0,515.0)
(515.0,515.0)
(515.0,515.0)
(515.0,515.0)
(515.0,515.0)
(515.0,515.0)
(503.0,515.0)
(515.0,515.0)
(515.0,515.0)
(17.0,515.0)
(515.0,515.0)
(515.0,515.0)
(515.0,515.0)
(515.0,515.0)
(515.0,515.0)
(515.0,515.0)
(515.0,515.0)
(515.0,515.0)
(515.0,515.0)
(515.0,515.0)
(515.0,515.0)
(515.0,515.0)
(515.0,515.0)
(515.0,515.0)
(515.0,515.0)
(18.0,515.0)
(515.0,515.0)
(515.0,515.0)
(515.0,515.0)
(515.0,515.0)
(515.0,515.0)
(17.0,515.0)
(515.0,515.0)
(16.0,515.0)
(515.0,515.0)
(13.0,515.0)
(503.0,515.0)
(515.0,515.0)
(515.0,515.0)
(515.0,515.0)
(15.0,515.0)
(16.0,515.0)
(515.0,515.0)
(23.0,515.0)
(515.0,515.0)
(515.0,515.0)
(515.0,515.0)
(515.0,515.0)
(515.0,515.0)
(515.0,515.0)
(515.0,515.0)
(515.0,515.0)
(515.0,515.0)
(16.0,515.0)
(515.0,515.0)
(515.0,515.0)
(515.0,515.0)
(515.0,515.0)
(515.0,515.0)
(515.0,515.0)
(515.0,515.0)
(515.0,515.0)
(515.0,515.0)
(515.0,515.0)
(23.0,515.0)
(515.0,515.0)
(23.0,515.0)
(515.0,515.0)
(515.0,515.0)
(515.0,515.0)
(515.0,515.0)
(503.0,515.0)
(515.0,515.0)
(515.0,515.0)
(515.0,515.0)
(515.0,515.0)
(515.0,515.0)
(503.0,515.0)
(515.0,515.0)
(515.0,515.0)
(515.0,515.0)
(23.0,515.0)
(515.0,515.0)
(515.0,515.0)
(515.0,515.0)
(515.0,515.0)
(16.0,515.0)
(503.0,515.0)
(515.0,515.0)
(515.0,515.0)
(515.0,515.0)
(515.0,515.0)
(515.0,515.0)
(29.0,515.0)
(515.0,515.0)
(447.0,515.0)
(515.0,515.0)
(515.0,515.0)
(515.0,515.0)
(515.0,515.0)
(515.0,515.0)
(515.0,515.0)
(515.0,515.0)
(515.0,515.0)
(515.0,515.0)
(515.0,515.0)
(515.0,515.0)
(515.0,515.0)
(515.0,515.0)
(515.0,515.0)
(515.0,515.0)
(515.0,515.0)
(18.0,515.0)
(515.0,515.0)
(515.0,515.0)
(515.0,515.0)
(515.0,515.0)
(515.0,515.0)
(515.0,515.0)
(515.0,515.0)
(503.0,515.0)
(18.0,515.0)
(515.0,515.0)
(515.0,515.0)
(515.0,515.0)
(515.0,515.0)
(515.0,515.0)
(16.0,515.0)
(515.0,515.0)
(16.0,515.0)
(515.0,515.0)
(515.0,515.0)
(515.0,515.0)
(515.0,515.0)
(17.0,515.0)
(17.0,515.0)
(515.0,515.0)
(515.0,515.0)
(17.0,515.0)
(515.0,515.0)
(25.0,515.0)
(515.0,515.0)
(515.0,515.0)
(515.0,515.0)
(459.0,515.0)
(515.0,515.0)
(516.0,515.0)
(515.0,515.0)
(515.0,515.0)
(515.0,515.0)
(516.0,515.0)
(515.0,515.0)
(503.0,515.0)
(515.0,515.0)
(16.0,515.0)
(515.0,515.0)
(515.0,515.0)
(515.0,515.0)
(515.0,515.0)
(515.0,515.0)
(515.0,515.0)
(515.0,515.0)
(515.0,515.0)
(16.0,515.0)
(515.0,515.0)
(515.0,515.0)
(515.0,515.0)
(515.0,515.0)
(515.0,515.0)
(515.0,515.0)
(459.0,515.0)
(515.0,515.0)
(515.0,515.0)
(515.0,515.0)
(18.0,515.0)
(515.0,515.0)
(515.0,515.0)
(13.0,515.0)
(16.0,515.0)
(17.0,515.0)
(515.0,515.0)
(515.0,515.0)
(515.0,515.0)
(515.0,515.0)
(515.0,515.0)
(516.0,515.0)
(515.0,515.0)
(515.0,515.0)
(17.0,515.0)
(515.0,515.0)
(515.0,515.0)
(16.0,515.0)
(16.0,515.0)
(515.0,515.0)
(515.0,515.0)
(515.0,515.0)
(515.0,515.0)
(515.0,515.0)
(515.0,515.0)
(515.0,515.0)
(515.0,515.0)
(515.0,515.0)
(506.0,515.0)
(515.0,515.0)
(31.0,515.0)
(515.0,515.0)
(515.0,515.0)
(515.0,515.0)
(515.0,515.0)
(516.0,515.0)
(515.0,515.0)
(515.0,515.0)
(515.0,515.0)
(515.0,515.0)
(16.0,515.0)
(515.0,515.0)
(16.0,515.0)
(17.0,515.0)
(515.0,515.0)
(515.0,515.0)
(515.0,515.0)
(515.0,515.0)
(515.0,515.0)
(515.0,515.0)
(503.0,515.0)
(515.0,515.0)
(515.0,515.0)
(515.0,515.0)
(506.0,515.0)
(515.0,515.0)
(515.0,515.0)
(515.0,515.0)
(17.0,515.0)
(515.0,515.0)
(515.0,515.0)
(515.0,515.0)
(515.0,515.0)
(515.0,515.0)
(515.0,515.0)
(515.0,515.0)
(29.0,515.0)
(515.0,515.0)
(459.0,515.0)
(515.0,515.0)
(16.0,30.0)
(30.0,30.0)
(515.0,30.0)
(16.0,30.0)
(17.0,30.0)
(515.0,30.0)
(515.0,30.0)
(515.0,30.0)
(515.0,30.0)
(18.0,30.0)
(16.0,30.0)
(515.0,30.0)
(29.0,30.0)
(515.0,30.0)
(515.0,30.0)
(16.0,30.0)
(515.0,30.0)
(16.0,30.0)
(515.0,30.0)
(515.0,30.0)
(515.0,30.0)
(515.0,30.0)
(515.0,30.0)
(17.0,30.0)
(16.0,30.0)
(515.0,30.0)
(515.0,30.0)
(515.0,30.0)
(16.0,30.0)
(515.0,30.0)
(515.0,30.0)
(30.0,30.0)
(515.0,30.0)
(515.0,30.0)
(511.0,30.0)
(18.0,30.0)
(515.0,30.0)
(515.0,30.0)
(515.0,30.0)
(17.0,30.0)
(515.0,30.0)
(16.0,30.0)
(515.0,30.0)
(515.0,30.0)
(515.0,30.0)
(16.0,30.0)
(515.0,30.0)
(515.0,30.0)
(515.0,30.0)
(16.0,30.0)
(17.0,30.0)
(30.0,30.0)
(515.0,30.0)
(16.0,30.0)
(16.0,30.0)
(515.0,30.0)
(16.0,30.0)
(17.0,30.0)
(515.0,30.0)
(515.0,30.0)
(503.0,30.0)
(17.0,30.0)
(16.0,30.0)
(515.0,30.0)
(16.0,30.0)
(16.0,30.0)
(515.0,30.0)
(30.0,30.0)
(515.0,30.0)
(16.0,30.0)
(511.0,30.0)
(16.0,30.0)
(13.0,30.0)
(515.0,30.0)
(515.0,30.0)
(30.0,30.0)
(515.0,30.0)
(16.0,30.0)
(16.0,30.0)
(515.0,30.0)
(515.0,30.0)
(515.0,30.0)
(13.0,30.0)
(515.0,30.0)
(16.0,30.0)
(515.0,30.0)
(515.0,30.0)
(515.0,30.0)
(515.0,30.0)
(515.0,30.0)
(17.0,30.0)
(515.0,30.0)
(16.0,30.0)
(17.0,30.0)
(29.0,30.0)
(16.0,30.0)
(16.0,30.0)
(515.0,30.0)
(515.0,30.0)
(515.0,30.0)
(16.0,30.0)
(515.0,30.0)
(515.0,30.0)
(29.0,30.0)
(16.0,30.0)
(16.0,30.0)
(511.0,30.0)
(515.0,30.0)
(515.0,30.0)
(16.0,30.0)
(515.0,30.0)
(515.0,30.0)
(503.0,30.0)
(515.0,30.0)
(515.0,30.0)
(17.0,30.0)
(30.0,30.0)
(16.0,30.0)
(16.0,30.0)
(17.0,30.0)
(515.0,30.0)
(515.0,30.0)
(515.0,30.0)
(16.0,30.0)
(16.0,30.0)
(16.0,30.0)
(16.0,30.0)
(17.0,30.0)
(17.0,30.0)
(515.0,30.0)
(503.0,30.0)
(17.0,30.0)
(503.0,30.0)
(16.0,30.0)
(515.0,30.0)
(515.0,30.0)
(515.0,30.0)
(31.0,31.0)
(31.0,31.0)
(31.0,31.0)
(18.0,31.0)
(31.0,31.0)
(31.0,31.0)
(31.0,31.0)
(31.0,31.0)
(31.0,31.0)
(212.0,31.0)
(31.0,31.0)
(16.0,31.0)
(31.0,31.0)
(31.0,31.0)
(31.0,31.0)
(31.0,31.0)
(212.0,31.0)
(31.0,31.0)
(31.0,31.0)
(31.0,31.0)
(31.0,31.0)
(21.0,31.0)
(31.0,31.0)
(31.0,31.0)
(31.0,31.0)
(31.0,31.0)
(16.0,31.0)
(31.0,31.0)
(31.0,31.0)
(31.0,31.0)
(31.0,31.0)
(31.0,31.0)
(31.0,31.0)
(31.0,31.0)
(31.0,31.0)
(31.0,31.0)
(31.0,31.0)
(31.0,31.0)
(31.0,31.0)
(31.0,31.0)
(31.0,31.0)
(212.0,31.0)
(515.0,31.0)
(31.0,31.0)
(31.0,31.0)
(31.0,31.0)
(31.0,31.0)
(31.0,31.0)
(31.0,31.0)
(31.0,31.0)
(31.0,31.0)
(31.0,31.0)
(31.0,31.0)
(31.0,31.0)
(16.0,31.0)
(31.0,31.0)
(31.0,31.0)
(31.0,31.0)
(31.0,31.0)
(31.0,31.0)
(31.0,31.0)
(21.0,31.0)
(31.0,31.0)
(31.0,31.0)
(31.0,31.0)
(31.0,31.0)
(31.0,31.0)
(31.0,31.0)
(31.0,31.0)
(31.0,31.0)
(31.0,31.0)
(31.0,31.0)
(31.0,31.0)
(31.0,31.0)
(29.0,31.0)
(31.0,31.0)
(31.0,31.0)
(31.0,31.0)
(31.0,31.0)
(31.0,31.0)
(31.0,31.0)
(31.0,31.0)
(31.0,31.0)
(31.0,31.0)
(21.0,31.0)
(18.0,31.0)
(31.0,31.0)
(31.0,31.0)
(212.0,31.0)
(31.0,31.0)
(29.0,31.0)
(17.0,31.0)
(31.0,31.0)
(31.0,31.0)
(31.0,31.0)
(29.0,31.0)
(31.0,31.0)
(31.0,31.0)
(31.0,31.0)
(31.0,31.0)
(31.0,31.0)
(31.0,31.0)
(515.0,31.0)
(506.0,31.0)
(31.0,31.0)
(31.0,31.0)
(212.0,31.0)
(31.0,31.0)
(31.0,31.0)
(31.0,31.0)
(506.0,31.0)
(31.0,31.0)
(31.0,31.0)
(31.0,31.0)
(31.0,31.0)
(31.0,31.0)
(17.0,31.0)
(29.0,31.0)
(31.0,31.0)
(31.0,31.0)
(31.0,31.0)
(31.0,31.0)
(31.0,31.0)
(21.0,31.0)
(16.0,31.0)
(31.0,31.0)
(16.0,31.0)
(31.0,31.0)
(515.0,31.0)
(31.0,31.0)
(31.0,31.0)
(31.0,31.0)
(31.0,31.0)
(31.0,31.0)
(31.0,31.0)
(31.0,31.0)
(31.0,31.0)
(515.0,31.0)
(31.0,31.0)
(31.0,31.0)
(31.0,31.0)
(31.0,31.0)
(31.0,31.0)
(31.0,31.0)
(31.0,31.0)
(31.0,31.0)
(16.0,31.0)
(31.0,31.0)
(17.0,31.0)
(31.0,31.0)
(31.0,31.0)
(31.0,31.0)
(31.0,31.0)
(31.0,31.0)
(31.0,31.0)
(29.0,31.0)
(31.0,31.0)
(16.0,31.0)
(31.0,31.0)
(31.0,31.0)
(31.0,31.0)
(31.0,31.0)
(31.0,31.0)
(31.0,31.0)
(31.0,31.0)
(31.0,31.0)
(31.0,31.0)
(31.0,31.0)
(515.0,31.0)
(31.0,31.0)
(31.0,31.0)
(31.0,31.0)
(31.0,31.0)
(31.0,31.0)
(31.0,31.0)
(31.0,31.0)
(31.0,31.0)
(31.0,31.0)
(31.0,31.0)
(31.0,31.0)
(31.0,31.0)
(31.0,31.0)
(31.0,31.0)
(31.0,31.0)
(31.0,31.0)
(31.0,31.0)
(31.0,31.0)
(31.0,31.0)
(31.0,31.0)
(31.0,31.0)
(31.0,31.0)
(31.0,31.0)
(31.0,31.0)
(31.0,31.0)
(31.0,31.0)
(31.0,31.0)
(31.0,31.0)
(31.0,31.0)
(31.0,31.0)
(31.0,31.0)
(515.0,31.0)
(31.0,31.0)
(31.0,31.0)
(31.0,31.0)
(31.0,31.0)
(31.0,31.0)
(31.0,31.0)
(31.0,31.0)
(31.0,31.0)
(31.0,31.0)
(31.0,31.0)
(31.0,31.0)
(31.0,31.0)
(31.0,31.0)
(31.0,31.0)
(515.0,31.0)
(16.0,31.0)
(31.0,31.0)
(31.0,31.0)
(31.0,31.0)
(31.0,31.0)
(31.0,31.0)
(31.0,31.0)
(31.0,31.0)
(17.0,31.0)
(31.0,31.0)
(31.0,31.0)
(31.0,31.0)
(31.0,31.0)
(31.0,31.0)
(31.0,31.0)
(31.0,31.0)
(16.0,31.0)
(16.0,31.0)
(31.0,31.0)
(31.0,31.0)
(31.0,31.0)
(31.0,31.0)
(31.0,31.0)
(31.0,31.0)
(17.0,31.0)
(31.0,31.0)
(31.0,31.0)
(31.0,31.0)
(31.0,31.0)
(31.0,31.0)
(31.0,31.0)
(31.0,31.0)
(31.0,31.0)
(515.0,31.0)
(31.0,31.0)
(31.0,31.0)
(31.0,31.0)
(31.0,31.0)
(31.0,31.0)
(515.0,31.0)
(31.0,31.0)
(16.0,31.0)
(31.0,31.0)
(31.0,31.0)
(31.0,31.0)
(31.0,31.0)
(17.0,31.0)
(31.0,31.0)
(31.0,31.0)
(31.0,31.0)
(31.0,31.0)
(31.0,31.0)
(31.0,31.0)
(31.0,31.0)
(31.0,31.0)
(31.0,31.0)
(31.0,31.0)
(515.0,31.0)
(31.0,31.0)
(31.0,31.0)
(31.0,31.0)
(31.0,31.0)
(31.0,31.0)
(31.0,31.0)
(31.0,31.0)
(16.0,31.0)
(31.0,31.0)
(31.0,31.0)
(31.0,31.0)
(31.0,31.0)
(31.0,31.0)
(494.0,31.0)
(15.0,31.0)
(17.0,31.0)
(15.0,31.0)
(31.0,31.0)
(28.0,31.0)
(31.0,31.0)
(447.0,31.0)
(37.0,31.0)
(31.0,31.0)
(771.0,31.0)
(31.0,31.0)
(431.0,31.0)
(31.0,31.0)
(31.0,31.0)
(15.0,31.0)
(31.0,31.0)
(40.0,31.0)
(31.0,31.0)
(447.0,31.0)
(15.0,31.0)
(31.0,31.0)
(447.0,31.0)
(31.0,31.0)
(31.0,31.0)
(31.0,31.0)
(18.0,31.0)
(441.0,31.0)
(267.0,31.0)
(447.0,31.0)
(441.0,31.0)
(31.0,31.0)
(18.0,31.0)
(17.0,31.0)
(31.0,31.0)
(31.0,31.0)
(31.0,31.0)
(17.0,31.0)
(31.0,31.0)
(31.0,31.0)
(31.0,31.0)
(459.0,31.0)
(447.0,31.0)
(24.0,31.0)
(31.0,31.0)
(31.0,31.0)
(31.0,31.0)
(31.0,31.0)
(31.0,31.0)
(785.0,31.0)
(31.0,31.0)
(31.0,31.0)
(447.0,31.0)
(442.0,31.0)
(17.0,31.0)
(31.0,31.0)
(31.0,31.0)
(447.0,31.0)
(17.0,31.0)
(31.0,31.0)
(31.0,31.0)
(499.0,31.0)
(459.0,31.0)
(211.0,31.0)
(499.0,31.0)
(25.0,31.0)
(15.0,31.0)
(31.0,31.0)
(31.0,31.0)
(19.0,31.0)
(31.0,31.0)
(31.0,31.0)
(31.0,31.0)
(25.0,31.0)
(31.0,31.0)
(17.0,31.0)
(501.0,31.0)
(17.0,31.0)
(25.0,31.0)
(31.0,31.0)
(40.0,31.0)
(17.0,31.0)
(31.0,31.0)
(31.0,31.0)
(212.0,31.0)
(501.0,31.0)
(31.0,31.0)
(31.0,31.0)
(17.0,31.0)
(23.0,31.0)
(31.0,31.0)
(24.0,31.0)
(31.0,31.0)
(31.0,31.0)
(442.0,31.0)
(447.0,31.0)
(31.0,31.0)
(18.0,31.0)
(212.0,31.0)
(24.0,31.0)
(31.0,31.0)
(31.0,31.0)
(31.0,31.0)
(17.0,31.0)
(24.0,31.0)
(40.0,31.0)
(31.0,31.0)
(31.0,31.0)
(17.0,31.0)
(31.0,31.0)
(212.0,31.0)
(31.0,31.0)
(31.0,31.0)
(31.0,31.0)
(31.0,31.0)
(31.0,31.0)
(212.0,31.0)
(31.0,31.0)
(212.0,31.0)
(31.0,31.0)
(16.0,31.0)
(31.0,31.0)
(31.0,31.0)
(31.0,31.0)
(31.0,31.0)
(18.0,31.0)
(31.0,31.0)
(212.0,31.0)
(31.0,31.0)
(15.0,31.0)
(31.0,31.0)
(31.0,31.0)
(31.0,31.0)
(31.0,31.0)
(31.0,31.0)
(31.0,31.0)
(503.0,31.0)
(16.0,31.0)
(31.0,31.0)
(31.0,31.0)
(31.0,31.0)
(31.0,31.0)
(31.0,31.0)
(31.0,31.0)
(31.0,31.0)
(31.0,31.0)
(31.0,31.0)
(31.0,31.0)
(31.0,31.0)
(31.0,31.0)
(31.0,31.0)
(212.0,31.0)
(515.0,31.0)
(31.0,31.0)
(31.0,31.0)
(31.0,31.0)
(31.0,31.0)
(31.0,31.0)
(31.0,31.0)
(31.0,31.0)
(212.0,31.0)
(31.0,31.0)
(31.0,31.0)
(31.0,31.0)
(31.0,31.0)
(31.0,31.0)
(16.0,31.0)
(31.0,31.0)
(31.0,31.0)
(31.0,31.0)
(31.0,31.0)
(31.0,31.0)
(31.0,31.0)
(31.0,31.0)
(31.0,31.0)
(31.0,31.0)
(31.0,31.0)
(31.0,31.0)
(31.0,31.0)
(31.0,31.0)
(31.0,31.0)
(31.0,31.0)
(31.0,31.0)
(31.0,31.0)
(31.0,31.0)
(31.0,31.0)
(31.0,31.0)
(503.0,31.0)
(31.0,31.0)
(15.0,31.0)
(31.0,31.0)
(31.0,31.0)
(31.0,31.0)
(31.0,31.0)
(503.0,31.0)
(31.0,31.0)
(31.0,31.0)
(31.0,31.0)
(21.0,31.0)
(31.0,31.0)
(31.0,31.0)
(17.0,31.0)
(31.0,31.0)
(31.0,31.0)
(31.0,31.0)
(31.0,31.0)
(503.0,31.0)
(31.0,31.0)
(497.0,31.0)
(31.0,31.0)
(31.0,31.0)
(31.0,31.0)
(31.0,31.0)
(31.0,31.0)
(31.0,31.0)
(31.0,31.0)
(31.0,31.0)
(515.0,31.0)
(31.0,31.0)
(31.0,31.0)
(31.0,31.0)
(31.0,31.0)
(31.0,31.0)
(31.0,31.0)
(31.0,31.0)
(31.0,31.0)
(31.0,31.0)
(31.0,31.0)
(31.0,31.0)
(31.0,31.0)
(31.0,31.0)
(17.0,31.0)
(497.0,31.0)
(31.0,31.0)
(31.0,31.0)
(31.0,31.0)
(31.0,31.0)
(31.0,31.0)
(31.0,31.0)
(16.0,31.0)
(31.0,31.0)
(17.0,31.0)
(16.0,31.0)
(31.0,31.0)
(515.0,31.0)
(31.0,31.0)
(31.0,31.0)
(31.0,31.0)
(31.0,31.0)
(31.0,31.0)
(31.0,31.0)
(31.0,31.0)
(31.0,31.0)
(31.0,31.0)
(31.0,31.0)
(31.0,31.0)
(31.0,31.0)
(31.0,31.0)
(31.0,31.0)
(31.0,31.0)
(16.0,31.0)
(31.0,31.0)
(16.0,31.0)
(31.0,31.0)
(31.0,31.0)
(31.0,31.0)
(31.0,31.0)
(31.0,31.0)
(31.0,31.0)
(31.0,31.0)
(31.0,31.0)
(495.0,31.0)
(31.0,31.0)
(31.0,31.0)
(31.0,31.0)
(31.0,31.0)
(31.0,31.0)
(31.0,31.0)
(31.0,31.0)
(515.0,31.0)
(31.0,31.0)
(31.0,31.0)
(31.0,31.0)
(31.0,31.0)
(31.0,31.0)
(31.0,31.0)
(31.0,31.0)
(31.0,31.0)
(31.0,31.0)
(31.0,31.0)
(31.0,31.0)
(31.0,31.0)
(17.0,31.0)
(31.0,31.0)
(31.0,31.0)
(31.0,31.0)
(31.0,31.0)
(31.0,31.0)
(31.0,31.0)
(13.0,31.0)
(31.0,31.0)
(31.0,31.0)
(31.0,31.0)
(31.0,31.0)
(515.0,31.0)
(31.0,31.0)
(31.0,31.0)
(31.0,31.0)
(31.0,31.0)
(31.0,31.0)
(31.0,31.0)
(31.0,31.0)
(31.0,31.0)
(31.0,31.0)
(31.0,31.0)
(31.0,31.0)
(31.0,31.0)
(31.0,31.0)
(17.0,31.0)
(31.0,31.0)
(31.0,31.0)
(31.0,31.0)
(31.0,31.0)
(31.0,31.0)
(31.0,31.0)
(31.0,31.0)
(31.0,31.0)
(31.0,31.0)
(31.0,31.0)
(17.0,31.0)
(31.0,31.0)
(31.0,31.0)
(31.0,31.0)
(31.0,31.0)
(31.0,31.0)
(31.0,31.0)
(16.0,31.0)
(31.0,31.0)
(31.0,31.0)
(31.0,31.0)
(31.0,31.0)
(31.0,31.0)
(31.0,31.0)
(31.0,31.0)
(31.0,31.0)
(31.0,31.0)
(31.0,31.0)
(31.0,31.0)
(31.0,31.0)
(31.0,31.0)
(31.0,31.0)
(31.0,31.0)
(31.0,31.0)
(31.0,31.0)
(31.0,31.0)
(31.0,31.0)
(31.0,31.0)
(31.0,31.0)
(31.0,31.0)
(31.0,31.0)
(31.0,31.0)
(515.0,31.0)
(31.0,31.0)
(31.0,31.0)
(31.0,31.0)
(31.0,31.0)
(31.0,31.0)
(31.0,31.0)
(515.0,31.0)
(31.0,31.0)
(31.0,31.0)
(31.0,31.0)
(31.0,31.0)
(31.0,31.0)
(31.0,31.0)
(31.0,31.0)
(31.0,31.0)
(31.0,31.0)
(31.0,31.0)
(31.0,31.0)
(31.0,31.0)
(515.0,31.0)
(31.0,31.0)
(31.0,31.0)
(31.0,31.0)
(17.0,31.0)
(31.0,31.0)
(31.0,31.0)
(31.0,31.0)
(31.0,31.0)
(31.0,31.0)
(31.0,31.0)
(31.0,31.0)
(31.0,31.0)
(31.0,31.0)
(17.0,31.0)
(31.0,31.0)
(31.0,31.0)
(31.0,31.0)
(31.0,31.0)
(31.0,31.0)
(515.0,31.0)
(31.0,31.0)
(31.0,31.0)
(31.0,31.0)
(31.0,31.0)
(31.0,31.0)
(31.0,31.0)
(31.0,31.0)
(31.0,31.0)
(31.0,31.0)
(31.0,31.0)
(31.0,31.0)
(31.0,31.0)
(31.0,31.0)
(17.0,31.0)
(31.0,31.0)
(31.0,31.0)
(31.0,31.0)
(31.0,31.0)
(31.0,31.0)
(31.0,31.0)
(31.0,31.0)
(31.0,31.0)
(31.0,31.0)
(31.0,31.0)
(31.0,31.0)
(31.0,31.0)
(31.0,31.0)
(31.0,31.0)
(31.0,31.0)
(31.0,31.0)
(31.0,31.0)
(31.0,31.0)
(31.0,31.0)
(31.0,31.0)
(31.0,31.0)
(31.0,31.0)
(31.0,31.0)
(31.0,31.0)
(31.0,31.0)
(31.0,31.0)
(31.0,31.0)
(31.0,31.0)
(31.0,31.0)
(31.0,31.0)
(31.0,31.0)
(31.0,31.0)
(31.0,31.0)
(31.0,31.0)
(31.0,31.0)
(31.0,31.0)
(506.0,31.0)
(31.0,31.0)
(31.0,31.0)
(31.0,31.0)
(31.0,31.0)
(31.0,31.0)
(31.0,31.0)
(31.0,31.0)
(31.0,31.0)
(31.0,31.0)
(31.0,31.0)
(31.0,31.0)
(31.0,31.0)
(31.0,31.0)
(31.0,31.0)
(31.0,31.0)
(31.0,31.0)
(31.0,31.0)
(31.0,31.0)
(31.0,31.0)
(31.0,31.0)
(515.0,31.0)
(31.0,31.0)
(31.0,31.0)
(31.0,31.0)
(31.0,31.0)
(17.0,31.0)
(31.0,31.0)
(31.0,31.0)
(31.0,31.0)
(31.0,31.0)
(31.0,31.0)
(31.0,31.0)
(31.0,31.0)
(31.0,31.0)
(31.0,31.0)
(31.0,31.0)
(31.0,31.0)
(515.0,31.0)
(31.0,31.0)
(31.0,31.0)
(31.0,31.0)
(31.0,31.0)
(31.0,31.0)
(31.0,31.0)
(31.0,31.0)
(31.0,31.0)
(31.0,31.0)
(31.0,31.0)
(31.0,31.0)
(31.0,31.0)
(31.0,31.0)
(31.0,31.0)
(31.0,31.0)
(31.0,31.0)
(31.0,31.0)
(31.0,31.0)
(31.0,31.0)
(31.0,31.0)
(31.0,31.0)
(31.0,31.0)
(31.0,31.0)
(31.0,31.0)
(31.0,31.0)
(31.0,31.0)
(21.0,31.0)
(31.0,31.0)
(31.0,31.0)
(31.0,31.0)
(31.0,31.0)
(31.0,31.0)
(31.0,31.0)
(31.0,31.0)
(31.0,31.0)
(31.0,31.0)
(31.0,31.0)
(31.0,31.0)
(31.0,31.0)
(31.0,31.0)
(31.0,31.0)
(31.0,31.0)
(31.0,31.0)
(31.0,31.0)
(31.0,31.0)
(31.0,31.0)
(31.0,31.0)
(31.0,31.0)
(31.0,31.0)
(31.0,31.0)
(31.0,31.0)
(31.0,31.0)
(31.0,31.0)
(31.0,31.0)
(31.0,31.0)
(31.0,31.0)
(31.0,31.0)
(31.0,31.0)
(31.0,31.0)
(31.0,31.0)
(31.0,31.0)
(31.0,31.0)
(17.0,31.0)
(31.0,31.0)
(31.0,31.0)
(31.0,31.0)
(31.0,31.0)
(31.0,31.0)
(31.0,31.0)
(31.0,31.0)
(515.0,31.0)
(31.0,31.0)
(31.0,31.0)
(31.0,31.0)
(31.0,31.0)
(31.0,31.0)
(31.0,31.0)
(31.0,31.0)
(515.0,31.0)
(31.0,31.0)
(31.0,31.0)
(31.0,31.0)
(31.0,31.0)
(31.0,31.0)
(31.0,31.0)
(31.0,31.0)
(31.0,31.0)
(31.0,31.0)
(31.0,31.0)
(31.0,31.0)
(31.0,31.0)
(31.0,31.0)
(31.0,31.0)
(31.0,31.0)
(31.0,31.0)
(31.0,31.0)
(31.0,31.0)
(31.0,31.0)
(31.0,31.0)
(31.0,31.0)
(31.0,31.0)
(31.0,31.0)
(31.0,31.0)
(31.0,31.0)
(31.0,31.0)
(31.0,31.0)
(31.0,31.0)
(31.0,31.0)
(31.0,31.0)
(31.0,31.0)
(31.0,31.0)
(31.0,31.0)
(31.0,31.0)
(31.0,31.0)
(31.0,31.0)
(31.0,31.0)
(31.0,31.0)
(31.0,31.0)
(31.0,31.0)
(31.0,31.0)
(515.0,31.0)
(31.0,31.0)
(31.0,31.0)
(31.0,31.0)
(31.0,31.0)
(31.0,31.0)
(31.0,31.0)
(31.0,31.0)
(31.0,31.0)
(31.0,31.0)
(31.0,31.0)
(31.0,31.0)
(31.0,31.0)
(31.0,31.0)
(31.0,31.0)
(31.0,31.0)
(515.0,31.0)
(31.0,31.0)
(31.0,31.0)
(31.0,31.0)
(31.0,31.0)
(31.0,31.0)
(31.0,31.0)
(31.0,31.0)
(31.0,31.0)
(31.0,31.0)
(31.0,31.0)
(31.0,31.0)
(31.0,31.0)
(31.0,31.0)
(31.0,31.0)
(31.0,31.0)
(31.0,31.0)
(31.0,31.0)
(31.0,31.0)
(31.0,31.0)
(31.0,31.0)
(31.0,31.0)
(31.0,31.0)
(31.0,31.0)
(31.0,31.0)
(21.0,31.0)
(31.0,31.0)
(31.0,31.0)
(31.0,31.0)
(31.0,31.0)
(31.0,31.0)
(31.0,31.0)
(31.0,31.0)
(31.0,31.0)
(31.0,31.0)
(31.0,31.0)
(31.0,31.0)
(31.0,31.0)
(31.0,31.0)
(31.0,31.0)
(31.0,31.0)
(31.0,31.0)
(31.0,31.0)
(31.0,31.0)
(31.0,31.0)
(31.0,31.0)
(31.0,31.0)
(31.0,31.0)
(31.0,31.0)
(31.0,31.0)
(31.0,31.0)
(31.0,31.0)
(31.0,31.0)
(31.0,31.0)
(31.0,31.0)
(31.0,31.0)
(31.0,31.0)
(31.0,31.0)
(31.0,31.0)
(31.0,31.0)
(31.0,31.0)
(31.0,31.0)
(31.0,31.0)
(16.0,31.0)
(31.0,31.0)
(31.0,31.0)
(31.0,31.0)
(31.0,31.0)
(31.0,31.0)
(31.0,31.0)
(31.0,31.0)
(515.0,31.0)
(31.0,31.0)
(31.0,31.0)
(31.0,31.0)
(31.0,31.0)
(31.0,31.0)
(31.0,31.0)
(31.0,31.0)
(31.0,31.0)
(31.0,31.0)
(31.0,31.0)
(31.0,31.0)
(31.0,31.0)
(31.0,31.0)
(31.0,31.0)
(31.0,31.0)
(31.0,31.0)
(31.0,31.0)
(31.0,31.0)
(31.0,31.0)
(31.0,31.0)
(31.0,31.0)
(31.0,31.0)
(31.0,31.0)
(31.0,31.0)
(31.0,31.0)
(31.0,31.0)
(31.0,31.0)
(31.0,31.0)
(31.0,31.0)
(506.0,31.0)
(31.0,31.0)
(31.0,31.0)
(31.0,31.0)
(31.0,31.0)
(31.0,31.0)
(31.0,31.0)
(31.0,31.0)
(31.0,31.0)
(31.0,31.0)
(31.0,31.0)
(31.0,31.0)
(31.0,31.0)
(31.0,31.0)
(31.0,31.0)
(31.0,31.0)
(31.0,31.0)
(31.0,31.0)
(31.0,31.0)
(31.0,31.0)
(31.0,31.0)
(515.0,31.0)
(31.0,31.0)
(31.0,31.0)
(31.0,31.0)
(31.0,31.0)
(31.0,31.0)
(31.0,31.0)
(31.0,31.0)
(31.0,31.0)
(31.0,31.0)
(31.0,31.0)
(31.0,31.0)
(31.0,31.0)
(31.0,31.0)
(31.0,31.0)
(31.0,31.0)
(515.0,31.0)
(31.0,31.0)
(31.0,31.0)
(31.0,31.0)
(31.0,31.0)
(31.0,31.0)
(31.0,31.0)
(31.0,31.0)
(31.0,31.0)
(31.0,31.0)
(31.0,31.0)
(31.0,31.0)
(31.0,31.0)
(31.0,31.0)
(31.0,31.0)
(31.0,31.0)
(31.0,31.0)
(31.0,31.0)
(31.0,31.0)
(31.0,31.0)
(31.0,31.0)
(31.0,31.0)
(31.0,31.0)
(17.0,31.0)
(31.0,31.0)
(31.0,31.0)
(31.0,31.0)
(31.0,31.0)
(31.0,31.0)
(31.0,31.0)
(31.0,31.0)
(31.0,31.0)
(31.0,31.0)
(31.0,31.0)
(31.0,31.0)
(31.0,31.0)
(31.0,31.0)
(31.0,31.0)
(31.0,31.0)
(31.0,31.0)
(31.0,31.0)
(31.0,31.0)
(31.0,31.0)
(31.0,31.0)
(31.0,31.0)
(31.0,31.0)
(31.0,31.0)
(31.0,31.0)
(31.0,31.0)
(31.0,31.0)
(31.0,31.0)
(31.0,31.0)
(31.0,31.0)
(31.0,31.0)
(31.0,31.0)
(31.0,31.0)
(31.0,31.0)
(31.0,31.0)
(16.0,31.0)
(31.0,31.0)
(31.0,31.0)
(18.0,31.0)
(31.0,31.0)
(31.0,31.0)
(515.0,31.0)
(503.0,31.0)
(515.0,31.0)
(31.0,31.0)
(31.0,31.0)
(31.0,31.0)
(31.0,31.0)
(515.0,31.0)
(31.0,31.0)
(31.0,31.0)
(31.0,31.0)
(515.0,31.0)
(31.0,31.0)
(16.0,31.0)
(18.0,31.0)
(31.0,31.0)
(31.0,31.0)
(31.0,31.0)
(31.0,31.0)
(31.0,31.0)
(31.0,31.0)
(16.0,31.0)
(25.0,31.0)
(31.0,31.0)
(31.0,31.0)
(31.0,31.0)
(515.0,31.0)
(31.0,31.0)
(515.0,31.0)
(31.0,31.0)
(31.0,31.0)
(31.0,31.0)
(31.0,31.0)
(31.0,31.0)
(16.0,31.0)
(503.0,31.0)
(31.0,31.0)
(499.0,31.0)
(25.0,31.0)
(515.0,31.0)
(25.0,31.0)
(31.0,31.0)
(31.0,31.0)
(25.0,31.0)
(31.0,31.0)
(31.0,31.0)
(31.0,31.0)
(31.0,31.0)
(31.0,31.0)
(31.0,31.0)
(17.0,31.0)
(102.0,31.0)
(515.0,31.0)
(31.0,31.0)
(31.0,31.0)
(31.0,31.0)
(31.0,31.0)
(29.0,31.0)
(31.0,31.0)
(31.0,31.0)
(18.0,31.0)
(31.0,31.0)
(16.0,31.0)
(31.0,31.0)
(31.0,31.0)
(31.0,31.0)
(31.0,31.0)
(17.0,31.0)
(16.0,31.0)
(31.0,31.0)
(31.0,31.0)
(31.0,31.0)
(31.0,31.0)
(31.0,31.0)
(31.0,31.0)
(31.0,31.0)
(31.0,31.0)
(31.0,31.0)
(31.0,31.0)
(31.0,31.0)
(503.0,31.0)
(31.0,31.0)
(17.0,31.0)
(31.0,31.0)
(25.0,31.0)
(31.0,31.0)
(31.0,31.0)
(16.0,31.0)
(16.0,31.0)
(18.0,31.0)
(31.0,31.0)
(31.0,31.0)
(31.0,31.0)
(515.0,31.0)
(515.0,31.0)
(31.0,31.0)
(515.0,31.0)
(31.0,31.0)
(31.0,31.0)
(31.0,31.0)
(515.0,31.0)
(515.0,31.0)
(31.0,31.0)
(515.0,31.0)
(31.0,31.0)
(25.0,31.0)
(31.0,31.0)
(18.0,31.0)
(17.0,31.0)
(31.0,31.0)
(31.0,31.0)
(506.0,31.0)
(31.0,31.0)
(31.0,31.0)
(515.0,31.0)
(31.0,31.0)
(31.0,31.0)
(16.0,31.0)
(31.0,31.0)
(515.0,31.0)
(499.0,31.0)
(31.0,31.0)
(31.0,31.0)
(31.0,31.0)
(31.0,31.0)
(31.0,31.0)
(31.0,31.0)
(31.0,31.0)
(31.0,31.0)
(31.0,31.0)
(31.0,31.0)
(17.0,31.0)
(31.0,31.0)
(29.0,31.0)
(18.0,31.0)
(31.0,31.0)
(102.0,31.0)
(18.0,31.0)
(31.0,31.0)
(31.0,31.0)
(31.0,31.0)
(515.0,31.0)
(31.0,31.0)
(16.0,31.0)
(31.0,31.0)
(31.0,31.0)
(31.0,31.0)
(31.0,31.0)
(31.0,31.0)
(31.0,31.0)
(31.0,31.0)
(506.0,31.0)
(31.0,31.0)
(31.0,31.0)
(31.0,31.0)
(31.0,31.0)
(31.0,31.0)
(31.0,31.0)
(31.0,31.0)
(31.0,31.0)
(31.0,31.0)
(31.0,31.0)
(31.0,31.0)
(515.0,31.0)
(31.0,31.0)
(16.0,31.0)
(31.0,31.0)
(31.0,31.0)
(31.0,31.0)
(31.0,31.0)
(31.0,31.0)
(31.0,31.0)
(31.0,31.0)
(31.0,31.0)
(31.0,31.0)
(31.0,31.0)
(31.0,31.0)
(31.0,31.0)
(31.0,31.0)
(31.0,31.0)
(31.0,31.0)
(31.0,31.0)
(31.0,31.0)
(31.0,31.0)
(31.0,31.0)
(31.0,31.0)
(31.0,31.0)
(16.0,31.0)
(31.0,31.0)
(31.0,31.0)
(31.0,31.0)
(31.0,31.0)
(31.0,31.0)
(31.0,31.0)
(31.0,31.0)
(31.0,31.0)
(31.0,31.0)
(31.0,31.0)
(31.0,31.0)
(515.0,31.0)
(31.0,31.0)
(31.0,31.0)
(31.0,31.0)
(31.0,31.0)
(31.0,31.0)
(31.0,31.0)
(31.0,31.0)
(31.0,31.0)
(31.0,31.0)
(515.0,31.0)
(31.0,31.0)
(31.0,31.0)
(31.0,31.0)
(31.0,31.0)
(31.0,31.0)
(31.0,31.0)
(16.0,31.0)
(31.0,31.0)
(31.0,31.0)
(31.0,31.0)
(31.0,31.0)
(31.0,31.0)
(31.0,31.0)
(31.0,31.0)
(31.0,31.0)
(31.0,31.0)
(31.0,31.0)
(31.0,31.0)
(31.0,31.0)
(31.0,31.0)
(31.0,31.0)
(31.0,31.0)
(16.0,31.0)
(31.0,31.0)
(31.0,31.0)
(31.0,31.0)
(31.0,31.0)
(31.0,31.0)
(31.0,31.0)
(31.0,31.0)
(31.0,31.0)
(31.0,31.0)
(31.0,31.0)
(31.0,31.0)
(31.0,31.0)
(31.0,31.0)
(31.0,31.0)
(31.0,31.0)
(31.0,31.0)
(31.0,31.0)
(31.0,31.0)
(31.0,31.0)
(31.0,31.0)
(506.0,31.0)
(31.0,31.0)
(31.0,31.0)
(31.0,31.0)
(31.0,31.0)
(16.0,31.0)
(31.0,31.0)
(31.0,31.0)
(31.0,31.0)
(31.0,31.0)
(31.0,31.0)
(31.0,31.0)
(31.0,31.0)
(31.0,31.0)
(31.0,31.0)
(31.0,31.0)
(16.0,31.0)
(31.0,31.0)
(31.0,31.0)
(31.0,31.0)
(31.0,31.0)
(515.0,31.0)
(31.0,31.0)
(31.0,31.0)
(31.0,31.0)
(31.0,31.0)
(31.0,31.0)
(31.0,31.0)
(31.0,31.0)
(31.0,31.0)
(31.0,31.0)
(31.0,31.0)
(31.0,31.0)
(31.0,31.0)
(31.0,31.0)
(31.0,31.0)
(31.0,31.0)
(31.0,31.0)
(31.0,31.0)
(31.0,31.0)
(31.0,31.0)
(31.0,31.0)
(515.0,31.0)
(31.0,31.0)
(31.0,31.0)
(31.0,31.0)
(31.0,31.0)
(31.0,31.0)
(31.0,31.0)
(31.0,31.0)
(31.0,31.0)
(31.0,31.0)
(31.0,31.0)
(31.0,31.0)
(31.0,31.0)
(31.0,31.0)
(31.0,31.0)
(31.0,31.0)
(31.0,31.0)
(31.0,31.0)
(31.0,31.0)
(31.0,31.0)
(31.0,31.0)
(31.0,31.0)
(31.0,31.0)
(31.0,31.0)
(31.0,31.0)
(31.0,31.0)
(515.0,31.0)
(31.0,31.0)
(31.0,31.0)
(31.0,31.0)
(31.0,31.0)
(31.0,31.0)
(31.0,31.0)
(31.0,31.0)
(31.0,31.0)
(31.0,31.0)
(31.0,31.0)
(31.0,31.0)
(31.0,31.0)
(31.0,31.0)
(31.0,31.0)
(515.0,31.0)
(31.0,31.0)
(31.0,31.0)
(31.0,31.0)
(31.0,31.0)
(31.0,31.0)
(31.0,31.0)
(31.0,31.0)
(31.0,31.0)
(31.0,31.0)
(31.0,31.0)
(31.0,31.0)
(31.0,31.0)
(31.0,31.0)
(31.0,31.0)
(31.0,31.0)
(31.0,31.0)
(31.0,31.0)
(31.0,31.0)
(515.0,31.0)
(31.0,31.0)
(31.0,31.0)
(31.0,31.0)
(31.0,31.0)
(31.0,31.0)
(31.0,31.0)
(31.0,31.0)
(31.0,31.0)
(31.0,31.0)
(31.0,31.0)
(31.0,31.0)
(31.0,31.0)
(503.0,31.0)
(31.0,31.0)
(31.0,31.0)
(31.0,31.0)
(515.0,31.0)
(31.0,31.0)
(31.0,31.0)
(31.0,31.0)
(31.0,31.0)
(515.0,31.0)
(31.0,31.0)
(31.0,31.0)
(31.0,31.0)
(31.0,31.0)
(31.0,31.0)
(31.0,31.0)
(31.0,31.0)
(31.0,31.0)
(31.0,31.0)
(31.0,31.0)
(31.0,31.0)
(31.0,31.0)
(31.0,31.0)
(31.0,31.0)
(31.0,31.0)
(31.0,31.0)
(31.0,31.0)
(31.0,31.0)
(31.0,31.0)
(31.0,31.0)
(31.0,31.0)
(31.0,31.0)
(31.0,31.0)
(31.0,31.0)
(31.0,31.0)
(31.0,31.0)
(31.0,31.0)
(31.0,31.0)
(24.0,31.0)
(31.0,31.0)
(31.0,31.0)
(31.0,31.0)
(31.0,31.0)
(31.0,31.0)
(31.0,31.0)
(31.0,31.0)
(17.0,31.0)
(31.0,31.0)
(31.0,31.0)
(31.0,31.0)
(31.0,31.0)
(31.0,31.0)
(31.0,31.0)
(515.0,31.0)
(31.0,31.0)
(31.0,31.0)
(31.0,31.0)
(31.0,31.0)
(31.0,31.0)
(31.0,31.0)
(31.0,31.0)
(31.0,31.0)
(506.0,31.0)
(31.0,31.0)
(31.0,31.0)
(31.0,31.0)
(31.0,31.0)
(31.0,31.0)
(31.0,31.0)
(31.0,31.0)
(31.0,31.0)
(31.0,31.0)
(24.0,31.0)
(515.0,31.0)
(31.0,31.0)
(31.0,31.0)
(515.0,31.0)
(31.0,31.0)
(31.0,31.0)
(515.0,31.0)
(31.0,31.0)
(515.0,31.0)
(31.0,31.0)
(31.0,31.0)
(31.0,31.0)
(31.0,31.0)
(31.0,31.0)
(31.0,31.0)
(31.0,31.0)
(31.0,31.0)
(31.0,31.0)
(31.0,31.0)
(31.0,31.0)
(31.0,31.0)
(31.0,31.0)
(31.0,31.0)
(31.0,31.0)
(16.0,31.0)
(31.0,31.0)
(31.0,31.0)
(31.0,31.0)
(31.0,31.0)
(31.0,31.0)
(31.0,31.0)
(31.0,31.0)
(31.0,31.0)
(31.0,31.0)
(31.0,31.0)
(31.0,31.0)
(515.0,31.0)
(31.0,31.0)
(31.0,31.0)
(31.0,31.0)
(31.0,31.0)
(31.0,31.0)
(31.0,31.0)
(31.0,31.0)
(31.0,31.0)
(31.0,31.0)
(515.0,31.0)
(31.0,31.0)
(31.0,31.0)
(31.0,31.0)
(31.0,31.0)
(16.0,31.0)
(31.0,31.0)
(31.0,31.0)
(31.0,31.0)
(31.0,31.0)
(31.0,31.0)
(31.0,31.0)
(13.0,31.0)
(31.0,31.0)
(31.0,31.0)
(31.0,31.0)
(31.0,31.0)
(31.0,31.0)
(31.0,31.0)
(31.0,31.0)
(29.0,31.0)
(31.0,31.0)
(31.0,31.0)
(31.0,31.0)
(515.0,31.0)
(31.0,31.0)
(31.0,31.0)
(31.0,31.0)
(31.0,31.0)
(31.0,31.0)
(31.0,31.0)
(31.0,31.0)
(31.0,31.0)
(31.0,31.0)
(515.0,31.0)
(31.0,31.0)
(31.0,31.0)
(31.0,31.0)
(31.0,31.0)
(31.0,31.0)
(31.0,31.0)
(31.0,31.0)
(31.0,31.0)
(506.0,31.0)
(31.0,31.0)
(31.0,31.0)
(31.0,31.0)
(31.0,31.0)
(31.0,31.0)
(31.0,31.0)
(31.0,31.0)
(31.0,31.0)
(31.0,31.0)
(31.0,31.0)
(31.0,31.0)
(31.0,31.0)
(31.0,31.0)
(31.0,31.0)
(13.0,31.0)
(31.0,31.0)
(31.0,31.0)
(31.0,31.0)
(31.0,31.0)
(31.0,31.0)
(515.0,31.0)
(31.0,31.0)
(31.0,31.0)
(31.0,31.0)
(31.0,31.0)
(31.0,31.0)
(31.0,31.0)
(31.0,31.0)
(31.0,31.0)
(31.0,31.0)
(31.0,31.0)
(31.0,31.0)
(31.0,31.0)
(31.0,31.0)
(31.0,31.0)
(31.0,31.0)
(31.0,31.0)
(31.0,31.0)
(31.0,31.0)
(31.0,31.0)
(31.0,31.0)
(31.0,31.0)
(31.0,31.0)
(31.0,31.0)
(31.0,31.0)
(31.0,31.0)
(515.0,31.0)
(31.0,31.0)
(31.0,31.0)
(31.0,31.0)
(31.0,31.0)
(31.0,31.0)
(31.0,31.0)
(31.0,31.0)
(31.0,31.0)
(31.0,31.0)
(31.0,31.0)
(713.0,31.0)
(31.0,31.0)
(713.0,31.0)
(31.0,31.0)
(31.0,31.0)
(31.0,31.0)
(31.0,31.0)
(31.0,31.0)
(31.0,31.0)
(31.0,31.0)
(31.0,31.0)
(31.0,31.0)
(31.0,31.0)
(31.0,31.0)
(31.0,31.0)
(31.0,31.0)
(31.0,31.0)
(31.0,31.0)
(713.0,31.0)
(31.0,31.0)
(31.0,31.0)
(31.0,31.0)
(31.0,31.0)
(31.0,31.0)
(31.0,31.0)
(31.0,31.0)
(31.0,31.0)
(31.0,31.0)
(31.0,31.0)
(31.0,31.0)
(31.0,31.0)
(31.0,31.0)
(31.0,31.0)
(31.0,31.0)
(31.0,31.0)
(31.0,31.0)
(31.0,31.0)
(31.0,31.0)
(18.0,31.0)
(31.0,31.0)
(16.0,31.0)
(31.0,31.0)
(31.0,31.0)
(31.0,31.0)
(515.0,31.0)
(31.0,31.0)
(31.0,31.0)
(23.0,31.0)
(31.0,31.0)
(31.0,31.0)
(31.0,31.0)
(31.0,31.0)
(31.0,31.0)
(31.0,31.0)
(31.0,31.0)
(713.0,31.0)
(31.0,31.0)
(31.0,31.0)
(31.0,31.0)
(31.0,31.0)
(515.0,31.0)
(31.0,31.0)
(713.0,31.0)
(31.0,31.0)
(31.0,31.0)
(31.0,31.0)
(515.0,31.0)
(31.0,31.0)
(31.0,31.0)
(31.0,31.0)
(31.0,31.0)
(31.0,31.0)
(31.0,31.0)
(31.0,31.0)
(31.0,31.0)
(31.0,31.0)
(31.0,31.0)
(31.0,31.0)
(31.0,31.0)
(31.0,31.0)
(31.0,31.0)
(31.0,31.0)
(31.0,31.0)
(713.0,31.0)
(713.0,31.0)
(31.0,31.0)
(31.0,31.0)
(31.0,31.0)
(31.0,31.0)
(31.0,31.0)
(31.0,31.0)
(31.0,31.0)
(31.0,31.0)
(31.0,31.0)
(31.0,31.0)
(31.0,31.0)
(31.0,31.0)
(31.0,31.0)
(31.0,31.0)
(31.0,31.0)
(31.0,31.0)
(31.0,31.0)
(31.0,31.0)
(31.0,31.0)
(31.0,31.0)
(31.0,31.0)
(713.0,31.0)
(31.0,31.0)
(31.0,31.0)
(31.0,31.0)
(31.0,31.0)
(31.0,31.0)
(31.0,31.0)
(31.0,31.0)
(31.0,31.0)
(31.0,31.0)
(31.0,31.0)
(31.0,31.0)
(459.0,516.0)
(516.0,516.0)
(516.0,516.0)
(516.0,516.0)
(516.0,516.0)
(516.0,516.0)
(13.0,516.0)
(516.0,516.0)
(516.0,516.0)
(516.0,516.0)
(516.0,516.0)
(516.0,516.0)
(516.0,516.0)
(516.0,516.0)
(515.0,516.0)
(516.0,516.0)
(516.0,516.0)
(515.0,516.0)
(516.0,516.0)
(516.0,516.0)
(516.0,516.0)
(516.0,516.0)
(516.0,516.0)
(515.0,516.0)
(516.0,516.0)
(516.0,516.0)
(516.0,516.0)
(503.0,516.0)
(516.0,516.0)
(516.0,516.0)
(516.0,516.0)
(516.0,516.0)
(516.0,516.0)
(516.0,516.0)
(516.0,516.0)
(516.0,516.0)
(516.0,516.0)
(516.0,516.0)
(459.0,516.0)
(516.0,516.0)
(516.0,516.0)
(516.0,516.0)
(516.0,516.0)
(516.0,516.0)
(516.0,516.0)
(516.0,516.0)
(515.0,516.0)
(515.0,516.0)
(516.0,516.0)
(516.0,516.0)
(516.0,516.0)
(516.0,516.0)
(516.0,516.0)
(515.0,516.0)
(516.0,516.0)
(516.0,516.0)
(515.0,516.0)
(516.0,516.0)
(447.0,516.0)
(516.0,516.0)
(13.0,516.0)
(516.0,516.0)
(503.0,516.0)
(516.0,516.0)
(516.0,516.0)
(515.0,516.0)
(515.0,516.0)
(516.0,516.0)
(516.0,516.0)
(516.0,516.0)
(516.0,516.0)
(516.0,516.0)
(515.0,516.0)
(516.0,516.0)
(516.0,516.0)
(516.0,516.0)
(515.0,516.0)
(516.0,516.0)
(516.0,516.0)
(503.0,516.0)
(516.0,516.0)
(516.0,516.0)
(516.0,516.0)
(516.0,516.0)
(516.0,516.0)
(516.0,516.0)
(516.0,516.0)
(516.0,516.0)
(516.0,516.0)
(516.0,516.0)
(516.0,516.0)
(9.0,516.0)
(516.0,516.0)
(516.0,516.0)
(516.0,516.0)
(516.0,516.0)
(516.0,516.0)
(516.0,516.0)
(516.0,516.0)
(516.0,516.0)
(515.0,516.0)
(516.0,516.0)
(515.0,516.0)
(516.0,516.0)
(516.0,516.0)
(516.0,516.0)
(516.0,516.0)
(516.0,516.0)
(516.0,516.0)
(516.0,516.0)
(516.0,516.0)
(516.0,516.0)
(516.0,516.0)
(516.0,516.0)
(516.0,516.0)
(516.0,516.0)
(516.0,516.0)
(516.0,516.0)
(516.0,516.0)
(515.0,516.0)
(516.0,516.0)
(516.0,516.0)
(516.0,516.0)
(515.0,516.0)
(516.0,516.0)
(516.0,516.0)
(516.0,516.0)
(516.0,516.0)
(516.0,516.0)
(13.0,516.0)
(515.0,516.0)
(516.0,516.0)
(516.0,516.0)
(516.0,516.0)
(516.0,516.0)
(516.0,516.0)
(516.0,516.0)
(516.0,516.0)
(516.0,516.0)
(516.0,516.0)
(516.0,516.0)
(516.0,516.0)
(516.0,516.0)
(516.0,516.0)
(516.0,516.0)
(515.0,516.0)
(516.0,516.0)
(516.0,516.0)
(516.0,516.0)
(515.0,516.0)
(516.0,516.0)
(516.0,516.0)
(516.0,516.0)
(459.0,516.0)
(516.0,516.0)
(516.0,516.0)
(516.0,516.0)
(516.0,516.0)
(516.0,516.0)
(516.0,516.0)
(516.0,516.0)
(516.0,516.0)
(516.0,516.0)
(516.0,516.0)
(516.0,516.0)
(516.0,516.0)
(516.0,516.0)
(516.0,516.0)
(515.0,516.0)
(516.0,516.0)
(516.0,516.0)
(516.0,516.0)
(515.0,516.0)
(516.0,516.0)
(459.0,516.0)
(516.0,516.0)
(459.0,516.0)
(516.0,516.0)
(515.0,516.0)
(516.0,516.0)
(516.0,516.0)
(516.0,516.0)
(515.0,516.0)
(516.0,516.0)
(516.0,516.0)
(516.0,516.0)
(516.0,516.0)
(516.0,516.0)
(516.0,516.0)
(516.0,516.0)
(516.0,516.0)
(459.0,516.0)
(516.0,516.0)
(459.0,516.0)
(516.0,516.0)
(459.0,516.0)
(515.0,516.0)
(516.0,516.0)
(516.0,516.0)
(516.0,516.0)
(516.0,516.0)
(516.0,516.0)
(516.0,516.0)
(515.0,516.0)
(515.0,516.0)
(516.0,516.0)
(516.0,516.0)
(516.0,516.0)
(516.0,516.0)
(516.0,516.0)
(515.0,516.0)
(516.0,516.0)
(516.0,516.0)
(516.0,516.0)
(515.0,516.0)
(516.0,516.0)
(459.0,516.0)
(516.0,516.0)
(13.0,516.0)
(516.0,516.0)
(29.0,516.0)
(516.0,516.0)
(516.0,516.0)
(516.0,516.0)
(515.0,516.0)
(515.0,516.0)
(516.0,516.0)
(516.0,516.0)
(516.0,516.0)
(516.0,516.0)
(516.0,516.0)
(515.0,516.0)
(516.0,516.0)
(459.0,516.0)
(516.0,516.0)
(515.0,516.0)
(516.0,516.0)
(516.0,516.0)
(459.0,516.0)
(515.0,516.0)
(459.0,516.0)
(516.0,516.0)
(516.0,516.0)
(516.0,516.0)
(516.0,516.0)
(516.0,516.0)
(516.0,516.0)
(516.0,516.0)
(516.0,516.0)
(516.0,516.0)
(516.0,516.0)
(516.0,516.0)
(516.0,516.0)
(516.0,516.0)
(516.0,516.0)
(516.0,516.0)
(516.0,516.0)
(516.0,516.0)
(516.0,516.0)
(516.0,516.0)
(516.0,516.0)
(516.0,516.0)
(515.0,516.0)
(516.0,516.0)
(516.0,516.0)
(516.0,516.0)
(516.0,516.0)
(515.0,516.0)
(516.0,516.0)
(515.0,516.0)
(516.0,516.0)
(516.0,516.0)
(516.0,516.0)
(516.0,516.0)
(516.0,516.0)
(516.0,516.0)
(516.0,516.0)
(516.0,516.0)
(516.0,516.0)
(516.0,516.0)
(516.0,516.0)
(516.0,516.0)
(29.0,516.0)
(515.0,516.0)
(516.0,516.0)
(516.0,516.0)
(516.0,516.0)
(515.0,516.0)
(516.0,516.0)
(516.0,516.0)
(516.0,516.0)
(516.0,516.0)
(516.0,516.0)
(13.0,516.0)
(515.0,516.0)
(516.0,516.0)
(516.0,516.0)
(516.0,516.0)
(516.0,516.0)
(516.0,516.0)
(516.0,516.0)
(516.0,516.0)
(516.0,516.0)
(516.0,516.0)
(516.0,516.0)
(516.0,516.0)
(516.0,516.0)
(516.0,516.0)
(516.0,516.0)
(516.0,516.0)
(515.0,516.0)
(516.0,516.0)
(516.0,516.0)
(515.0,516.0)
(516.0,516.0)
(515.0,516.0)
(516.0,516.0)
(516.0,516.0)
(516.0,516.0)
(459.0,516.0)
(516.0,516.0)
(516.0,516.0)
(516.0,516.0)
(516.0,516.0)
(29.0,516.0)
(516.0,516.0)
(516.0,516.0)
(516.0,516.0)
(516.0,516.0)
(516.0,516.0)
(516.0,516.0)
(516.0,516.0)
(516.0,516.0)
(516.0,516.0)
(515.0,516.0)
(516.0,516.0)
(29.0,516.0)
(515.0,516.0)
(516.0,516.0)
(459.0,516.0)
(516.0,516.0)
(516.0,516.0)
(516.0,516.0)
(459.0,516.0)
(516.0,516.0)
(516.0,516.0)
(516.0,516.0)
(503.0,516.0)
(516.0,516.0)
(516.0,516.0)
(29.0,516.0)
(516.0,516.0)
(516.0,516.0)
(516.0,516.0)
(516.0,516.0)
(516.0,516.0)
(516.0,516.0)
(516.0,516.0)
(459.0,516.0)
(516.0,516.0)
(459.0,516.0)
(516.0,516.0)
(516.0,516.0)
(516.0,516.0)
(516.0,516.0)
(516.0,516.0)
(516.0,516.0)
(516.0,516.0)
(515.0,516.0)
(515.0,516.0)
(516.0,516.0)
(516.0,516.0)
(516.0,516.0)
(516.0,516.0)
(516.0,516.0)
(515.0,516.0)
(516.0,516.0)
(516.0,516.0)
(516.0,516.0)
(516.0,516.0)
(515.0,516.0)
(516.0,516.0)
(459.0,516.0)
(516.0,516.0)
(13.0,516.0)
(516.0,516.0)
(516.0,516.0)
(516.0,516.0)
(516.0,516.0)
(515.0,516.0)
(515.0,516.0)
(516.0,516.0)
(516.0,516.0)
(516.0,516.0)
(516.0,516.0)
(516.0,516.0)
(515.0,516.0)
(29.0,516.0)
(516.0,516.0)
(516.0,516.0)
(515.0,516.0)
(516.0,516.0)
(516.0,516.0)
(516.0,516.0)
(503.0,516.0)
(459.0,516.0)
(516.0,516.0)
(516.0,516.0)
(516.0,516.0)
(516.0,516.0)
(516.0,516.0)
(516.0,516.0)
(516.0,516.0)
(516.0,516.0)
(516.0,516.0)
(516.0,516.0)
(516.0,516.0)
(29.0,516.0)
(516.0,516.0)
(516.0,516.0)
(516.0,516.0)
(516.0,516.0)
(516.0,516.0)
(516.0,516.0)
(516.0,516.0)
(516.0,516.0)
(516.0,516.0)
(515.0,516.0)
(516.0,516.0)
(516.0,516.0)
(516.0,516.0)
(516.0,516.0)
(516.0,516.0)
(516.0,516.0)
(516.0,516.0)
(516.0,516.0)
(516.0,516.0)
(516.0,516.0)
(516.0,516.0)
(516.0,516.0)
(516.0,516.0)
(516.0,516.0)
(516.0,516.0)
(516.0,516.0)
(516.0,516.0)
(516.0,516.0)
(516.0,516.0)
(516.0,516.0)
(515.0,516.0)
(516.0,516.0)
(516.0,516.0)
(516.0,516.0)
(515.0,516.0)
(516.0,516.0)
(516.0,516.0)
(516.0,516.0)
(516.0,516.0)
(516.0,516.0)
(13.0,516.0)
(515.0,516.0)
(516.0,516.0)
(516.0,516.0)
(516.0,516.0)
(516.0,516.0)
(516.0,516.0)
(516.0,516.0)
(516.0,516.0)
(516.0,516.0)
(516.0,516.0)
(516.0,516.0)
(516.0,516.0)
(516.0,516.0)
(516.0,516.0)
(516.0,516.0)
(516.0,516.0)
(515.0,516.0)
(516.0,516.0)
(516.0,516.0)
(515.0,516.0)
(515.0,516.0)
(516.0,516.0)
(516.0,516.0)
(516.0,516.0)
(516.0,516.0)
(516.0,516.0)
(516.0,516.0)
(516.0,516.0)
(516.0,516.0)
(16.0,516.0)
(13.0,516.0)
(516.0,516.0)
(516.0,516.0)
(516.0,516.0)
(516.0,516.0)
(516.0,516.0)
(516.0,516.0)
(516.0,516.0)
(516.0,516.0)
(515.0,516.0)
(516.0,516.0)
(516.0,516.0)
(515.0,516.0)
(516.0,516.0)
(516.0,516.0)
(515.0,516.0)
(516.0,516.0)
(516.0,516.0)
(516.0,516.0)
(516.0,516.0)
(16.0,516.0)
(516.0,516.0)
(516.0,516.0)
(516.0,516.0)
(516.0,516.0)
(516.0,516.0)
(503.0,516.0)
(516.0,516.0)
(516.0,516.0)
(516.0,516.0)
(503.0,516.0)
(516.0,516.0)
(516.0,516.0)
(516.0,516.0)
(516.0,516.0)
(516.0,516.0)
(516.0,516.0)
(516.0,516.0)
(515.0,516.0)
(516.0,516.0)
(516.0,516.0)
(516.0,516.0)
(516.0,516.0)
(516.0,516.0)
(515.0,516.0)
(516.0,516.0)
(516.0,516.0)
(516.0,516.0)
(515.0,516.0)
(503.0,516.0)
(516.0,516.0)
(515.0,516.0)
(516.0,516.0)
(13.0,516.0)
(516.0,516.0)
(503.0,516.0)
(516.0,516.0)
(516.0,516.0)
(516.0,516.0)
(515.0,516.0)
(515.0,516.0)
(516.0,516.0)
(516.0,516.0)
(516.0,516.0)
(516.0,516.0)
(516.0,516.0)
(503.0,516.0)
(16.0,516.0)
(16.0,516.0)
(16.0,516.0)
(515.0,516.0)
(516.0,516.0)
(516.0,516.0)
(516.0,516.0)
(516.0,516.0)
(516.0,516.0)
(516.0,516.0)
(516.0,516.0)
(516.0,516.0)
(516.0,516.0)
(516.0,516.0)
(516.0,516.0)
(516.0,516.0)
(516.0,516.0)
(516.0,516.0)
(516.0,516.0)
(515.0,516.0)
(516.0,516.0)
(516.0,516.0)
(516.0,516.0)
(516.0,516.0)
(516.0,516.0)
(516.0,516.0)
(516.0,516.0)
(516.0,516.0)
(515.0,516.0)
(516.0,516.0)
(516.0,516.0)
(516.0,516.0)
(516.0,516.0)
(516.0,516.0)
(516.0,516.0)
(516.0,516.0)
(516.0,516.0)
(516.0,516.0)
(516.0,516.0)
(516.0,516.0)
(516.0,516.0)
(516.0,516.0)
(516.0,516.0)
(516.0,516.0)
(516.0,516.0)
(516.0,516.0)
(516.0,516.0)
(503.0,516.0)
(516.0,516.0)
(516.0,516.0)
(516.0,516.0)
(516.0,516.0)
(515.0,516.0)
(516.0,516.0)
(516.0,516.0)
(516.0,516.0)
(516.0,516.0)
(516.0,516.0)
(13.0,516.0)
(516.0,516.0)
(516.0,516.0)
(516.0,516.0)
(516.0,516.0)
(516.0,516.0)
(516.0,516.0)
(516.0,516.0)
(516.0,516.0)
(516.0,516.0)
(516.0,516.0)
(516.0,516.0)
(516.0,516.0)
(516.0,516.0)
(516.0,516.0)
(516.0,516.0)
(516.0,516.0)
(516.0,516.0)
(516.0,516.0)
(516.0,516.0)
(516.0,516.0)
(9.0,516.0)
(516.0,516.0)
(516.0,516.0)
(516.0,516.0)
(459.0,516.0)
(516.0,516.0)
(516.0,516.0)
(516.0,516.0)
(516.0,516.0)
(516.0,516.0)
(13.0,516.0)
(516.0,516.0)
(516.0,516.0)
(516.0,516.0)
(516.0,516.0)
(516.0,516.0)
(516.0,516.0)
(515.0,516.0)
(516.0,516.0)
(516.0,516.0)
(516.0,516.0)
(515.0,516.0)
(516.0,516.0)
(459.0,516.0)
(516.0,516.0)
(516.0,516.0)
(516.0,516.0)
(515.0,516.0)
(516.0,516.0)
(516.0,516.0)
(516.0,516.0)
(516.0,516.0)
(516.0,516.0)
(516.0,516.0)
(516.0,516.0)
(516.0,516.0)
(516.0,516.0)
(516.0,516.0)
(516.0,516.0)
(516.0,516.0)
(459.0,516.0)
(516.0,516.0)
(516.0,516.0)
(516.0,516.0)
(516.0,516.0)
(516.0,516.0)
(516.0,516.0)
(516.0,516.0)
(516.0,516.0)
(516.0,516.0)
(515.0,516.0)
(515.0,516.0)
(516.0,516.0)
(516.0,516.0)
(516.0,516.0)
(516.0,516.0)
(516.0,516.0)
(515.0,516.0)
(516.0,516.0)
(516.0,516.0)
(516.0,516.0)
(515.0,516.0)
(516.0,516.0)
(516.0,516.0)
(13.0,516.0)
(515.0,516.0)
(516.0,516.0)
(516.0,516.0)
(516.0,516.0)
(515.0,516.0)
(515.0,516.0)
(516.0,516.0)
(516.0,516.0)
(516.0,516.0)
(516.0,516.0)
(516.0,516.0)
(515.0,516.0)
(516.0,516.0)
(16.0,516.0)
(516.0,516.0)
(515.0,516.0)
(516.0,516.0)
(516.0,516.0)
(459.0,516.0)
(516.0,516.0)
(516.0,516.0)
(516.0,516.0)
(516.0,516.0)
(516.0,516.0)
(516.0,516.0)
(516.0,516.0)
(516.0,516.0)
(516.0,516.0)
(516.0,516.0)
(29.0,516.0)
(516.0,516.0)
(516.0,516.0)
(516.0,516.0)
(516.0,516.0)
(516.0,516.0)
(516.0,516.0)
(516.0,516.0)
(516.0,516.0)
(516.0,516.0)
(515.0,516.0)
(516.0,516.0)
(515.0,516.0)
(516.0,516.0)
(516.0,516.0)
(756.0,516.0)
(516.0,516.0)
(516.0,516.0)
(516.0,516.0)
(516.0,516.0)
(516.0,516.0)
(516.0,516.0)
(516.0,516.0)
(516.0,516.0)
(516.0,516.0)
(516.0,516.0)
(516.0,516.0)
(516.0,516.0)
(516.0,516.0)
(516.0,516.0)
(515.0,516.0)
(516.0,516.0)
(515.0,516.0)
(516.0,516.0)
(515.0,516.0)
(516.0,516.0)
(516.0,516.0)
(516.0,516.0)
(516.0,516.0)
(516.0,516.0)
(13.0,516.0)
(515.0,516.0)
(516.0,516.0)
(515.0,516.0)
(516.0,516.0)
(516.0,516.0)
(516.0,516.0)
(516.0,516.0)
(516.0,516.0)
(516.0,516.0)
(516.0,516.0)
(516.0,516.0)
(516.0,516.0)
(515.0,516.0)
(516.0,516.0)
(516.0,516.0)
(516.0,516.0)
(516.0,516.0)
(516.0,516.0)
(516.0,516.0)
(516.0,516.0)
(29.0,516.0)
(516.0,516.0)
(516.0,516.0)
(516.0,516.0)
(516.0,516.0)
(516.0,516.0)
(516.0,516.0)
(516.0,516.0)
(516.0,516.0)
(516.0,516.0)
(516.0,516.0)
(516.0,516.0)
(516.0,516.0)
(516.0,516.0)
(516.0,516.0)
(516.0,516.0)
(516.0,516.0)
(516.0,516.0)
(516.0,516.0)
(515.0,516.0)
(516.0,516.0)
(516.0,516.0)
(515.0,516.0)
(516.0,516.0)
(516.0,516.0)
(459.0,516.0)
(516.0,516.0)
(515.0,516.0)
(516.0,516.0)
(516.0,516.0)
(516.0,516.0)
(515.0,516.0)
(516.0,516.0)
(516.0,516.0)
(516.0,516.0)
(516.0,516.0)
(516.0,516.0)
(516.0,516.0)
(516.0,516.0)
(459.0,516.0)
(515.0,516.0)
(516.0,516.0)
(515.0,516.0)
(516.0,516.0)
(516.0,516.0)
(516.0,516.0)
(516.0,516.0)
(516.0,516.0)
(516.0,516.0)
(515.0,516.0)
(515.0,516.0)
(515.0,516.0)
(516.0,516.0)
(516.0,516.0)
(515.0,516.0)
(516.0,516.0)
(16.0,516.0)
(516.0,516.0)
(515.0,516.0)
(516.0,516.0)
(459.0,516.0)
(515.0,516.0)
(459.0,516.0)
(13.0,516.0)
(516.0,516.0)
(515.0,516.0)
(516.0,516.0)
(516.0,516.0)
(515.0,516.0)
(515.0,516.0)
(516.0,516.0)
(516.0,516.0)
(16.0,516.0)
(516.0,516.0)
(515.0,516.0)
(516.0,516.0)
(515.0,516.0)
(516.0,516.0)
(515.0,516.0)
(516.0,516.0)
(516.0,516.0)
(459.0,516.0)
(515.0,516.0)
(516.0,516.0)
(516.0,516.0)
(516.0,516.0)
(516.0,516.0)
(516.0,516.0)
(516.0,516.0)
(516.0,516.0)
(516.0,516.0)
(516.0,516.0)
(516.0,516.0)
(16.0,516.0)
(516.0,516.0)
(16.0,516.0)
(516.0,516.0)
(516.0,516.0)
(516.0,516.0)
(516.0,516.0)
(516.0,516.0)
(516.0,516.0)
(516.0,516.0)
(516.0,516.0)
(516.0,516.0)
(515.0,516.0)
(516.0,516.0)
(516.0,516.0)
(516.0,516.0)
(516.0,516.0)
(516.0,516.0)
(516.0,516.0)
(516.0,516.0)
(516.0,516.0)
(516.0,516.0)
(516.0,516.0)
(516.0,516.0)
(516.0,516.0)
(516.0,516.0)
(516.0,516.0)
(516.0,516.0)
(516.0,516.0)
(516.0,516.0)
(516.0,516.0)
(515.0,516.0)
(516.0,516.0)
(516.0,516.0)
(459.0,516.0)
(515.0,516.0)
(516.0,516.0)
(516.0,516.0)
(516.0,516.0)
(515.0,516.0)
(516.0,516.0)
(516.0,516.0)
(516.0,516.0)
(516.0,516.0)
(516.0,516.0)
(516.0,516.0)
(516.0,516.0)
(516.0,516.0)
(515.0,516.0)
(515.0,516.0)
(16.0,516.0)
(516.0,516.0)
(516.0,516.0)
(516.0,516.0)
(503.0,516.0)
(516.0,516.0)
(516.0,516.0)
(516.0,516.0)
(516.0,516.0)
(16.0,516.0)
(516.0,516.0)
(516.0,516.0)
(516.0,516.0)
(515.0,516.0)
(516.0,516.0)
(516.0,516.0)
(516.0,516.0)
(516.0,516.0)
(516.0,516.0)
(516.0,516.0)
(515.0,516.0)
(516.0,516.0)
(516.0,516.0)
(516.0,516.0)
(516.0,516.0)
(516.0,516.0)
(516.0,516.0)
(13.0,516.0)
(516.0,516.0)
(516.0,516.0)
(516.0,516.0)
(516.0,516.0)
(516.0,516.0)
(516.0,516.0)
(516.0,516.0)
(516.0,516.0)
(516.0,516.0)
(516.0,516.0)
(459.0,516.0)
(516.0,516.0)
(516.0,516.0)
(516.0,516.0)
(516.0,516.0)
(516.0,516.0)
(516.0,516.0)
(516.0,516.0)
(516.0,516.0)
(516.0,516.0)
(516.0,516.0)
(516.0,516.0)
(516.0,516.0)
(516.0,516.0)
(516.0,516.0)
(516.0,516.0)
(516.0,516.0)
(516.0,516.0)
(516.0,516.0)
(516.0,516.0)
(516.0,516.0)
(516.0,516.0)
(516.0,516.0)
(516.0,516.0)
(516.0,516.0)
(516.0,516.0)
(516.0,516.0)
(516.0,516.0)
(515.0,516.0)
(516.0,516.0)
(516.0,516.0)
(516.0,516.0)
(516.0,516.0)
(516.0,516.0)
(515.0,516.0)
(516.0,516.0)
(516.0,516.0)
(516.0,516.0)
(13.0,516.0)
(516.0,516.0)
(516.0,516.0)
(516.0,516.0)
(13.0,516.0)
(515.0,516.0)
(516.0,516.0)
(516.0,516.0)
(516.0,516.0)
(516.0,516.0)
(516.0,516.0)
(516.0,516.0)
(516.0,516.0)
(516.0,516.0)
(516.0,516.0)
(515.0,516.0)
(516.0,516.0)
(516.0,516.0)
(516.0,516.0)
(459.0,516.0)
(516.0,516.0)
(16.0,516.0)
(516.0,516.0)
(516.0,516.0)
(516.0,516.0)
(516.0,516.0)
(516.0,516.0)
(516.0,516.0)
(516.0,516.0)
(516.0,516.0)
(516.0,516.0)
(516.0,516.0)
(516.0,516.0)
(516.0,516.0)
(516.0,516.0)
(516.0,516.0)
(516.0,516.0)
(516.0,516.0)
(516.0,516.0)
(516.0,516.0)
(515.0,516.0)
(516.0,516.0)
(516.0,516.0)
(516.0,516.0)
(516.0,516.0)
(516.0,516.0)
(516.0,516.0)
(516.0,516.0)
(516.0,516.0)
(516.0,516.0)
(516.0,516.0)
(516.0,516.0)
(516.0,516.0)
(516.0,516.0)
(516.0,516.0)
(516.0,516.0)
(516.0,516.0)
(516.0,516.0)
(503.0,516.0)
(516.0,516.0)
(516.0,516.0)
(516.0,516.0)
(516.0,516.0)
(515.0,516.0)
(516.0,516.0)
(516.0,516.0)
(516.0,516.0)
(516.0,516.0)
(516.0,516.0)
(13.0,516.0)
(515.0,516.0)
(516.0,516.0)
(516.0,516.0)
(516.0,516.0)
(516.0,516.0)
(516.0,516.0)
(516.0,516.0)
(516.0,516.0)
(516.0,516.0)
(516.0,516.0)
(516.0,516.0)
(516.0,516.0)
(516.0,516.0)
(516.0,516.0)
(516.0,516.0)
(516.0,516.0)
(516.0,516.0)
(516.0,516.0)
(516.0,516.0)
(503.0,516.0)
(516.0,516.0)
(516.0,516.0)
(516.0,516.0)
(516.0,516.0)
(516.0,516.0)
(515.0,516.0)
(516.0,516.0)
(212.0,516.0)
(516.0,516.0)
(516.0,516.0)
(516.0,516.0)
(516.0,516.0)
(516.0,516.0)
(516.0,516.0)
(516.0,516.0)
(459.0,516.0)
(516.0,516.0)
(516.0,516.0)
(516.0,516.0)
(516.0,516.0)
(516.0,516.0)
(516.0,516.0)
(516.0,516.0)
(515.0,516.0)
(459.0,516.0)
(516.0,516.0)
(516.0,516.0)
(8.0,516.0)
(516.0,516.0)
(515.0,516.0)
(447.0,516.0)
(515.0,516.0)
(516.0,516.0)
(516.0,516.0)
(516.0,516.0)
(516.0,516.0)
(516.0,516.0)
(516.0,516.0)
(516.0,516.0)
(29.0,516.0)
(516.0,516.0)
(16.0,516.0)
(516.0,516.0)
(516.0,516.0)
(16.0,516.0)
(515.0,516.0)
(516.0,516.0)
(516.0,516.0)
(516.0,516.0)
(516.0,516.0)
(516.0,516.0)
(516.0,516.0)
(515.0,516.0)
(17.0,516.0)
(516.0,516.0)
(516.0,516.0)
(516.0,516.0)
(516.0,516.0)
(516.0,516.0)
(516.0,516.0)
(459.0,516.0)
(516.0,516.0)
(516.0,516.0)
(516.0,516.0)
(516.0,516.0)
(516.0,516.0)
(516.0,516.0)
(515.0,516.0)
(516.0,516.0)
(516.0,516.0)
(516.0,516.0)
(516.0,516.0)
(516.0,516.0)
(17.0,516.0)
(516.0,516.0)
(516.0,516.0)
(516.0,516.0)
(516.0,516.0)
(516.0,516.0)
(516.0,516.0)
(516.0,516.0)
(516.0,516.0)
(516.0,516.0)
(516.0,516.0)
(29.0,516.0)
(516.0,516.0)
(516.0,516.0)
(516.0,516.0)
(16.0,516.0)
(516.0,516.0)
(516.0,516.0)
(516.0,516.0)
(516.0,516.0)
(516.0,516.0)
(516.0,516.0)
(516.0,516.0)
(516.0,516.0)
(515.0,516.0)
(516.0,516.0)
(516.0,516.0)
(516.0,516.0)
(516.0,516.0)
(516.0,516.0)
(516.0,516.0)
(459.0,516.0)
(515.0,516.0)
(516.0,516.0)
(516.0,516.0)
(516.0,516.0)
(516.0,516.0)
(516.0,516.0)
(516.0,516.0)
(516.0,516.0)
(516.0,516.0)
(516.0,516.0)
(516.0,516.0)
(516.0,516.0)
(516.0,516.0)
(515.0,516.0)
(516.0,516.0)
(516.0,516.0)
(516.0,516.0)
(516.0,516.0)
(16.0,516.0)
(516.0,516.0)
(515.0,516.0)
(516.0,516.0)
(447.0,516.0)
(516.0,516.0)
(515.0,516.0)
(516.0,516.0)
(515.0,516.0)
(515.0,516.0)
(516.0,516.0)
(516.0,516.0)
(515.0,516.0)
(515.0,516.0)
(515.0,516.0)
(515.0,516.0)
(516.0,516.0)
(516.0,516.0)
(515.0,516.0)
(516.0,516.0)
(516.0,516.0)
(516.0,516.0)
(516.0,516.0)
(516.0,516.0)
(756.0,516.0)
(515.0,516.0)
(515.0,516.0)
(516.0,516.0)
(756.0,516.0)
(516.0,516.0)
(516.0,516.0)
(516.0,516.0)
(503.0,516.0)
(516.0,516.0)
(516.0,516.0)
(516.0,516.0)
(515.0,516.0)
(516.0,516.0)
(516.0,516.0)
(516.0,516.0)
(516.0,516.0)
(516.0,516.0)
(516.0,516.0)
(516.0,516.0)
(516.0,516.0)
(516.0,516.0)
(516.0,516.0)
(515.0,516.0)
(516.0,516.0)
(516.0,516.0)
(516.0,516.0)
(515.0,516.0)
(516.0,516.0)
(516.0,516.0)
(516.0,516.0)
(516.0,516.0)
(515.0,516.0)
(516.0,516.0)
(516.0,516.0)
(515.0,516.0)
(516.0,516.0)
(516.0,516.0)
(516.0,516.0)
(516.0,516.0)
(516.0,516.0)
(516.0,516.0)
(516.0,516.0)
(515.0,516.0)
(516.0,516.0)
(516.0,516.0)
(516.0,516.0)
(516.0,516.0)
(516.0,516.0)
(516.0,516.0)
(516.0,516.0)
(516.0,516.0)
(516.0,516.0)
(516.0,516.0)
(516.0,516.0)
(516.0,516.0)
(516.0,516.0)
(516.0,516.0)
(516.0,516.0)
(516.0,516.0)
(516.0,516.0)
(516.0,516.0)
(516.0,516.0)
(516.0,516.0)
(516.0,516.0)
(459.0,516.0)
(516.0,516.0)
(516.0,516.0)
(516.0,516.0)
(503.0,516.0)
(516.0,516.0)
(516.0,516.0)
(516.0,516.0)
(516.0,516.0)
(516.0,516.0)
(516.0,516.0)
(516.0,516.0)
(515.0,516.0)
(18.0,516.0)
(516.0,516.0)
(515.0,516.0)
(516.0,516.0)
(516.0,516.0)
(516.0,516.0)
(13.0,516.0)
(516.0,516.0)
(516.0,516.0)
(459.0,516.0)
(516.0,516.0)
(18.0,516.0)
(516.0,516.0)
(516.0,516.0)
(516.0,516.0)
(516.0,516.0)
(516.0,516.0)
(515.0,516.0)
(516.0,516.0)
(516.0,516.0)
(516.0,516.0)
(516.0,516.0)
(515.0,516.0)
(515.0,516.0)
(516.0,516.0)
(516.0,516.0)
(516.0,516.0)
(516.0,516.0)
(516.0,516.0)
(515.0,516.0)
(516.0,516.0)
(515.0,516.0)
(516.0,516.0)
(516.0,516.0)
(515.0,516.0)
(516.0,516.0)
(459.0,516.0)
(516.0,516.0)
(516.0,516.0)
(516.0,516.0)
(516.0,516.0)
(515.0,516.0)
(516.0,516.0)
(516.0,516.0)
(516.0,516.0)
(516.0,516.0)
(515.0,516.0)
(516.0,516.0)
(516.0,516.0)
(516.0,516.0)
(516.0,516.0)
(516.0,516.0)
(516.0,516.0)
(516.0,516.0)
(516.0,516.0)
(516.0,516.0)
(503.0,516.0)
(516.0,516.0)
(516.0,516.0)
(516.0,516.0)
(516.0,516.0)
(516.0,516.0)
(515.0,516.0)
(516.0,516.0)
(516.0,516.0)
(515.0,516.0)
(516.0,516.0)
(515.0,516.0)
(516.0,516.0)
(516.0,516.0)
(516.0,516.0)
(516.0,516.0)
(516.0,516.0)
(516.0,516.0)
(516.0,516.0)
(516.0,516.0)
(516.0,516.0)
(516.0,516.0)
(516.0,516.0)
(516.0,516.0)
(516.0,516.0)
(516.0,516.0)
(516.0,516.0)
(516.0,516.0)
(459.0,516.0)
(516.0,516.0)
(516.0,516.0)
(516.0,516.0)
(515.0,516.0)
(516.0,516.0)
(516.0,516.0)
(516.0,516.0)
(515.0,516.0)
(516.0,516.0)
(516.0,516.0)
(516.0,516.0)
(503.0,516.0)
(516.0,516.0)
(515.0,516.0)
(516.0,516.0)
(516.0,516.0)
(516.0,516.0)
(516.0,516.0)
(16.0,516.0)
(515.0,516.0)
(516.0,516.0)
(516.0,516.0)
(516.0,516.0)
(516.0,516.0)
(516.0,516.0)
(516.0,516.0)
(516.0,516.0)
(516.0,516.0)
(459.0,516.0)
(459.0,516.0)
(516.0,516.0)
(516.0,516.0)
(516.0,516.0)
(459.0,516.0)
(516.0,516.0)
(459.0,516.0)
(516.0,516.0)
(516.0,516.0)
(516.0,516.0)
(516.0,516.0)
(516.0,516.0)
(515.0,516.0)
(516.0,516.0)
(516.0,516.0)
(516.0,516.0)
(516.0,516.0)
(516.0,516.0)
(516.0,516.0)
(515.0,516.0)
(516.0,516.0)
(516.0,516.0)
(516.0,516.0)
(516.0,516.0)
(516.0,516.0)
(515.0,516.0)
(516.0,516.0)
(516.0,516.0)
(516.0,516.0)
(459.0,516.0)
(516.0,516.0)
(515.0,516.0)
(516.0,516.0)
(516.0,516.0)
(516.0,516.0)
(516.0,516.0)
(516.0,516.0)
(516.0,516.0)
(516.0,516.0)
(516.0,516.0)
(516.0,516.0)
(459.0,516.0)
(516.0,516.0)
(459.0,516.0)
(516.0,516.0)
(515.0,516.0)
(516.0,516.0)
(516.0,516.0)
(516.0,516.0)
(516.0,516.0)
(516.0,516.0)
(516.0,516.0)
(516.0,516.0)
(515.0,516.0)
(503.0,516.0)
(516.0,516.0)
(515.0,516.0)
(516.0,516.0)
(516.0,516.0)
(516.0,516.0)
(516.0,516.0)
(516.0,516.0)
(516.0,516.0)
(516.0,516.0)
(30.0,516.0)
(516.0,516.0)
(516.0,516.0)
(516.0,516.0)
(516.0,516.0)
(516.0,516.0)
(516.0,516.0)
(516.0,516.0)
(516.0,516.0)
(516.0,516.0)
(516.0,516.0)
(516.0,516.0)
(516.0,516.0)
(516.0,516.0)
(516.0,516.0)
(516.0,516.0)
(515.0,516.0)
(516.0,516.0)
(516.0,516.0)
(459.0,516.0)
(516.0,516.0)
(516.0,516.0)
(516.0,516.0)
(516.0,516.0)
(515.0,516.0)
(516.0,516.0)
(516.0,516.0)
(516.0,516.0)
(516.0,516.0)
(516.0,516.0)
(516.0,516.0)
(516.0,516.0)
(516.0,516.0)
(516.0,516.0)
(516.0,516.0)
(515.0,516.0)
(516.0,516.0)
(516.0,516.0)
(515.0,516.0)
(516.0,516.0)
(516.0,516.0)
(516.0,516.0)
(516.0,516.0)
(516.0,516.0)
(515.0,516.0)
(516.0,516.0)
(516.0,516.0)
(516.0,516.0)
(516.0,516.0)
(516.0,516.0)
(516.0,516.0)
(516.0,516.0)
(516.0,516.0)
(516.0,516.0)
(516.0,516.0)
(516.0,516.0)
(516.0,516.0)
(516.0,516.0)
(516.0,516.0)
(516.0,516.0)
(516.0,516.0)
(459.0,516.0)
(516.0,516.0)
(516.0,516.0)
(516.0,516.0)
(13.0,516.0)
(516.0,516.0)
(516.0,516.0)
(515.0,516.0)
(516.0,516.0)
(516.0,516.0)
(516.0,516.0)
(515.0,516.0)
(516.0,516.0)
(516.0,516.0)
(516.0,516.0)
(516.0,516.0)
(516.0,516.0)
(17.0,516.0)
(516.0,516.0)
(516.0,516.0)
(516.0,516.0)
(516.0,516.0)
(516.0,516.0)
(516.0,516.0)
(516.0,516.0)
(516.0,516.0)
(459.0,516.0)
(515.0,516.0)
(516.0,516.0)
(516.0,516.0)
(516.0,516.0)
(516.0,516.0)
(516.0,516.0)
(516.0,516.0)
(516.0,516.0)
(516.0,516.0)
(515.0,516.0)
(516.0,516.0)
(30.0,516.0)
(515.0,516.0)
(516.0,516.0)
(516.0,516.0)
(516.0,516.0)
(516.0,516.0)
(516.0,516.0)
(516.0,516.0)
(516.0,516.0)
(515.0,516.0)
(516.0,516.0)
(515.0,516.0)
(516.0,516.0)
(516.0,516.0)
(459.0,516.0)
(515.0,516.0)
(516.0,516.0)
(516.0,516.0)
(516.0,516.0)
(516.0,516.0)
(516.0,516.0)
(515.0,516.0)
(13.0,516.0)
(516.0,516.0)
(516.0,516.0)
(516.0,516.0)
(516.0,516.0)
(516.0,516.0)
(516.0,516.0)
(516.0,516.0)
(516.0,516.0)
(17.0,516.0)
(516.0,516.0)
(516.0,516.0)
(516.0,516.0)
(516.0,516.0)
(516.0,516.0)
(516.0,516.0)
(515.0,516.0)
(516.0,516.0)
(516.0,516.0)
(516.0,516.0)
(516.0,516.0)
(516.0,516.0)
(516.0,516.0)
(516.0,516.0)
(516.0,516.0)
(515.0,516.0)
(516.0,516.0)
(516.0,516.0)
(516.0,516.0)
(516.0,516.0)
(516.0,516.0)
(516.0,516.0)
(516.0,516.0)
(515.0,516.0)
(516.0,516.0)
(515.0,516.0)
(516.0,516.0)
(516.0,516.0)
(516.0,516.0)
(515.0,516.0)
(515.0,516.0)
(30.0,516.0)
(516.0,516.0)
(515.0,516.0)
(516.0,516.0)
(516.0,516.0)
(515.0,516.0)
(516.0,516.0)
(516.0,516.0)
(516.0,516.0)
(516.0,516.0)
(516.0,516.0)
(516.0,516.0)
(516.0,516.0)
(516.0,516.0)
(516.0,516.0)
(516.0,516.0)
(515.0,516.0)
(516.0,516.0)
(17.0,516.0)
(516.0,516.0)
(516.0,516.0)
(516.0,516.0)
(516.0,516.0)
(516.0,516.0)
(516.0,516.0)
(516.0,516.0)
(516.0,516.0)
(516.0,516.0)
(515.0,516.0)
(516.0,516.0)
(516.0,516.0)
(516.0,516.0)
(516.0,516.0)
(516.0,516.0)
(516.0,516.0)
(516.0,516.0)
(516.0,516.0)
(13.0,516.0)
(516.0,516.0)
(516.0,516.0)
(503.0,516.0)
(515.0,516.0)
(516.0,516.0)
(516.0,516.0)
(515.0,516.0)
(516.0,516.0)
(516.0,516.0)
(516.0,516.0)
(516.0,516.0)
