(143.0,143.0)
(143.0,143.0)
(143.0,143.0)
(143.0,143.0)
(143.0,143.0)
(143.0,143.0)
(143.0,143.0)
(143.0,143.0)
(143.0,143.0)
(143.0,143.0)
(143.0,143.0)
(143.0,143.0)
(143.0,143.0)
(143.0,143.0)
(143.0,143.0)
(143.0,143.0)
(143.0,143.0)
(143.0,143.0)
(143.0,143.0)
(143.0,143.0)
(143.0,143.0)
(143.0,143.0)
(143.0,143.0)
(143.0,143.0)
(143.0,143.0)
(143.0,143.0)
(143.0,143.0)
(143.0,143.0)
(143.0,143.0)
(143.0,143.0)
(143.0,143.0)
(143.0,143.0)
(143.0,143.0)
(143.0,143.0)
(143.0,143.0)
(143.0,143.0)
(143.0,143.0)
(143.0,143.0)
(143.0,143.0)
(143.0,143.0)
(143.0,143.0)
(143.0,143.0)
(143.0,143.0)
(143.0,143.0)
(143.0,143.0)
(143.0,143.0)
(143.0,143.0)
(143.0,143.0)
(143.0,143.0)
(143.0,143.0)
(143.0,143.0)
(143.0,143.0)
(143.0,143.0)
(143.0,143.0)
(143.0,143.0)
(143.0,143.0)
(143.0,143.0)
(143.0,143.0)
(143.0,143.0)
(143.0,143.0)
(143.0,143.0)
(143.0,143.0)
(143.0,143.0)
(143.0,143.0)
(143.0,143.0)
(143.0,143.0)
(143.0,143.0)
(143.0,143.0)
(143.0,143.0)
(143.0,143.0)
(143.0,143.0)
(143.0,143.0)
(143.0,143.0)
(143.0,143.0)
(143.0,143.0)
(143.0,143.0)
(143.0,143.0)
(143.0,143.0)
(143.0,143.0)
(143.0,143.0)
(143.0,143.0)
(143.0,143.0)
(143.0,143.0)
(143.0,143.0)
(143.0,143.0)
(143.0,143.0)
(143.0,143.0)
(143.0,143.0)
(143.0,143.0)
(143.0,143.0)
(143.0,143.0)
(143.0,143.0)
(143.0,143.0)
(143.0,143.0)
(143.0,143.0)
(143.0,143.0)
(143.0,143.0)
(143.0,143.0)
(143.0,143.0)
(143.0,143.0)
(143.0,143.0)
(143.0,143.0)
(143.0,143.0)
(143.0,143.0)
(143.0,143.0)
(143.0,143.0)
(143.0,143.0)
(143.0,143.0)
(143.0,143.0)
(143.0,143.0)
(143.0,143.0)
(143.0,143.0)
(143.0,143.0)
(143.0,143.0)
(143.0,143.0)
(143.0,143.0)
(143.0,143.0)
(143.0,143.0)
(143.0,143.0)
(143.0,143.0)
(143.0,143.0)
(143.0,143.0)
(143.0,143.0)
(143.0,143.0)
(143.0,143.0)
(143.0,143.0)
(143.0,143.0)
(143.0,143.0)
(143.0,143.0)
(143.0,143.0)
(143.0,143.0)
(143.0,143.0)
(143.0,143.0)
(143.0,143.0)
(143.0,143.0)
(143.0,143.0)
(143.0,143.0)
(143.0,143.0)
(143.0,143.0)
(143.0,143.0)
(146.0,147.0)
(147.0,147.0)
(147.0,147.0)
(165.0,147.0)
(147.0,147.0)
(146.0,147.0)
(146.0,147.0)
(147.0,147.0)
(147.0,147.0)
(164.0,147.0)
(146.0,147.0)
(146.0,147.0)
(147.0,147.0)
(147.0,147.0)
(164.0,147.0)
(123.0,147.0)
(146.0,147.0)
(164.0,147.0)
(147.0,147.0)
(146.0,147.0)
(277.0,147.0)
(137.0,147.0)
(146.0,147.0)
(147.0,147.0)
(267.0,147.0)
(147.0,147.0)
(47.0,147.0)
(123.0,147.0)
(146.0,147.0)
(147.0,147.0)
(146.0,147.0)
(147.0,147.0)
(277.0,147.0)
(147.0,147.0)
(146.0,147.0)
(146.0,147.0)
(267.0,147.0)
(267.0,147.0)
(147.0,147.0)
(165.0,147.0)
(146.0,147.0)
(147.0,147.0)
(146.0,147.0)
(146.0,147.0)
(147.0,147.0)
(146.0,147.0)
(147.0,147.0)
(165.0,147.0)
(147.0,147.0)
(147.0,147.0)
(267.0,147.0)
(147.0,147.0)
(137.0,147.0)
(147.0,147.0)
(147.0,147.0)
(147.0,147.0)
(147.0,147.0)
(147.0,147.0)
(146.0,147.0)
(147.0,147.0)
(147.0,147.0)
(146.0,147.0)
(267.0,147.0)
(267.0,147.0)
(267.0,147.0)
(165.0,147.0)
(147.0,147.0)
(165.0,147.0)
(146.0,147.0)
(267.0,147.0)
(165.0,147.0)
(146.0,147.0)
(147.0,147.0)
(146.0,147.0)
(165.0,147.0)
(147.0,147.0)
(267.0,147.0)
(146.0,147.0)
(146.0,147.0)
(147.0,147.0)
(147.0,147.0)
(277.0,147.0)
(147.0,147.0)
(267.0,147.0)
(146.0,147.0)
(147.0,147.0)
(164.0,147.0)
(267.0,147.0)
(277.0,147.0)
(146.0,147.0)
(165.0,147.0)
(146.0,147.0)
(267.0,147.0)
(147.0,147.0)
(146.0,147.0)
(147.0,147.0)
(147.0,147.0)
(147.0,147.0)
(147.0,147.0)
(147.0,147.0)
(146.0,147.0)
(147.0,147.0)
(47.0,147.0)
(267.0,147.0)
(147.0,147.0)
(267.0,147.0)
(267.0,147.0)
(164.0,147.0)
(146.0,147.0)
(147.0,147.0)
(147.0,147.0)
(147.0,147.0)
(147.0,147.0)
(147.0,147.0)
(147.0,147.0)
(277.0,147.0)
(147.0,147.0)
(146.0,147.0)
(146.0,147.0)
(267.0,147.0)
(147.0,147.0)
(137.0,147.0)
(267.0,147.0)
(147.0,147.0)
(147.0,147.0)
(123.0,147.0)
(147.0,147.0)
(146.0,147.0)
(139.0,147.0)
(147.0,147.0)
(146.0,147.0)
(147.0,147.0)
(146.0,147.0)
(165.0,147.0)
(146.0,147.0)
(146.0,147.0)
(147.0,147.0)
(147.0,147.0)
(165.0,147.0)
(147.0,147.0)
(146.0,147.0)
(147.0,147.0)
(146.0,147.0)
(147.0,147.0)
(146.0,147.0)
(267.0,147.0)
(147.0,147.0)
(147.0,147.0)
(147.0,147.0)
(146.0,147.0)
(146.0,147.0)
(267.0,147.0)
(147.0,147.0)
(277.0,147.0)
(165.0,147.0)
(146.0,147.0)
(146.0,147.0)
(146.0,147.0)
(147.0,147.0)
(146.0,147.0)
(164.0,147.0)
(146.0,147.0)
(147.0,147.0)
(164.0,147.0)
(164.0,147.0)
(267.0,147.0)
(147.0,147.0)
(146.0,147.0)
(147.0,147.0)
(277.0,147.0)
(139.0,147.0)
(147.0,147.0)
(147.0,147.0)
(147.0,147.0)
(123.0,147.0)
(277.0,147.0)
(47.0,147.0)
(146.0,147.0)
(146.0,147.0)
(147.0,147.0)
(146.0,147.0)
(147.0,147.0)
(165.0,147.0)
(147.0,147.0)
(277.0,147.0)
(147.0,147.0)
(147.0,147.0)
(146.0,147.0)
(147.0,147.0)
(146.0,147.0)
(146.0,147.0)
(147.0,147.0)
(146.0,147.0)
(147.0,147.0)
(147.0,147.0)
(147.0,147.0)
(139.0,147.0)
(146.0,148.0)
(146.0,148.0)
(146.0,148.0)
(146.0,148.0)
(146.0,148.0)
(161.0,148.0)
(146.0,148.0)
(146.0,148.0)
(146.0,148.0)
(161.0,148.0)
(146.0,148.0)
(146.0,148.0)
(139.0,148.0)
(146.0,148.0)
(267.0,148.0)
(146.0,148.0)
(139.0,148.0)
(146.0,148.0)
(146.0,148.0)
(267.0,148.0)
(139.0,148.0)
(146.0,148.0)
(146.0,148.0)
(146.0,148.0)
(146.0,148.0)
(146.0,148.0)
(267.0,148.0)
(146.0,148.0)
(146.0,148.0)
(146.0,148.0)
(146.0,148.0)
(146.0,148.0)
(161.0,148.0)
(146.0,148.0)
(146.0,148.0)
(146.0,148.0)
(139.0,148.0)
(146.0,148.0)
(146.0,148.0)
(161.0,148.0)
(146.0,148.0)
(139.0,148.0)
(146.0,148.0)
(161.0,148.0)
(146.0,148.0)
(146.0,148.0)
(146.0,148.0)
(146.0,148.0)
(139.0,148.0)
(146.0,148.0)
(146.0,148.0)
(146.0,148.0)
(267.0,148.0)
(585.0,148.0)
(146.0,148.0)
(146.0,148.0)
(146.0,148.0)
(146.0,148.0)
(146.0,148.0)
(146.0,148.0)
(139.0,148.0)
(146.0,148.0)
(161.0,148.0)
(146.0,148.0)
(146.0,148.0)
(146.0,148.0)
(146.0,148.0)
(146.0,148.0)
(267.0,148.0)
(146.0,148.0)
(267.0,148.0)
(146.0,148.0)
(161.0,148.0)
(146.0,148.0)
(267.0,148.0)
(146.0,148.0)
(161.0,148.0)
(146.0,148.0)
(267.0,148.0)
(146.0,148.0)
(146.0,148.0)
(146.0,148.0)
(146.0,148.0)
(146.0,148.0)
(146.0,148.0)
(146.0,148.0)
(585.0,148.0)
(146.0,148.0)
(146.0,148.0)
(161.0,148.0)
(146.0,148.0)
(161.0,148.0)
(146.0,148.0)
(267.0,148.0)
(146.0,148.0)
(146.0,148.0)
(146.0,148.0)
(139.0,148.0)
(146.0,148.0)
(267.0,148.0)
(146.0,148.0)
(146.0,148.0)
(146.0,148.0)
(146.0,148.0)
(139.0,148.0)
(146.0,148.0)
(139.0,148.0)
(146.0,148.0)
(146.0,148.0)
(146.0,148.0)
(146.0,148.0)
(146.0,148.0)
(146.0,148.0)
(146.0,148.0)
(146.0,148.0)
(146.0,148.0)
(146.0,148.0)
(267.0,148.0)
(139.0,148.0)
(146.0,148.0)
(146.0,148.0)
(146.0,148.0)
(267.0,148.0)
(146.0,148.0)
(146.0,148.0)
(146.0,148.0)
(146.0,148.0)
(146.0,148.0)
(161.0,148.0)
(146.0,148.0)
(161.0,148.0)
(161.0,148.0)
(146.0,148.0)
(146.0,148.0)
(146.0,148.0)
(146.0,148.0)
(267.0,148.0)
(146.0,148.0)
(267.0,148.0)
(146.0,148.0)
(146.0,148.0)
(146.0,148.0)
(146.0,148.0)
(146.0,148.0)
(139.0,148.0)
(267.0,148.0)
(146.0,148.0)
(146.0,148.0)
(146.0,148.0)
(146.0,148.0)
(146.0,148.0)
(139.0,148.0)
(146.0,148.0)
(146.0,148.0)
(146.0,148.0)
(139.0,148.0)
(585.0,148.0)
(119.0,146.0)
(585.0,146.0)
(102.0,146.0)
(161.0,146.0)
(102.0,146.0)
(119.0,146.0)
(146.0,146.0)
(585.0,146.0)
(585.0,146.0)
(646.0,146.0)
(119.0,146.0)
(146.0,146.0)
(146.0,146.0)
(146.0,146.0)
(646.0,146.0)
(161.0,146.0)
(146.0,146.0)
(585.0,146.0)
(585.0,146.0)
(264.0,146.0)
(264.0,146.0)
(267.0,146.0)
(161.0,146.0)
(119.0,146.0)
(608.0,146.0)
(264.0,146.0)
(585.0,146.0)
(161.0,146.0)
(146.0,146.0)
(146.0,146.0)
(585.0,146.0)
(146.0,146.0)
(102.0,146.0)
(264.0,146.0)
(146.0,146.0)
(146.0,146.0)
(119.0,146.0)
(264.0,146.0)
(264.0,146.0)
(585.0,146.0)
(146.0,146.0)
(119.0,146.0)
(608.0,146.0)
(264.0,146.0)
(146.0,146.0)
(585.0,146.0)
(119.0,146.0)
(585.0,146.0)
(161.0,146.0)
(585.0,146.0)
(646.0,146.0)
(264.0,146.0)
(585.0,146.0)
(161.0,146.0)
(646.0,146.0)
(164.0,146.0)
(585.0,146.0)
(608.0,146.0)
(146.0,146.0)
(264.0,146.0)
(585.0,146.0)
(608.0,146.0)
(119.0,146.0)
(264.0,146.0)
(264.0,146.0)
(264.0,146.0)
(161.0,146.0)
(102.0,146.0)
(161.0,146.0)
(146.0,146.0)
(264.0,146.0)
(161.0,146.0)
(146.0,146.0)
(585.0,146.0)
(146.0,146.0)
(146.0,146.0)
(146.0,146.0)
(264.0,146.0)
(119.0,146.0)
(146.0,146.0)
(102.0,146.0)
(608.0,146.0)
(264.0,146.0)
(608.0,146.0)
(264.0,146.0)
(146.0,146.0)
(585.0,146.0)
(646.0,146.0)
(264.0,146.0)
(264.0,146.0)
(119.0,146.0)
(146.0,146.0)
(264.0,146.0)
(264.0,146.0)
(146.0,146.0)
(146.0,146.0)
(146.0,146.0)
(585.0,146.0)
(608.0,146.0)
(102.0,146.0)
(102.0,146.0)
(264.0,146.0)
(608.0,146.0)
(161.0,146.0)
(264.0,146.0)
(585.0,146.0)
(264.0,146.0)
(264.0,146.0)
(646.0,146.0)
(146.0,146.0)
(102.0,146.0)
(102.0,146.0)
(646.0,146.0)
(608.0,146.0)
(102.0,146.0)
(267.0,146.0)
(264.0,146.0)
(585.0,146.0)
(146.0,146.0)
(119.0,146.0)
(264.0,146.0)
(585.0,146.0)
(161.0,146.0)
(264.0,146.0)
(608.0,146.0)
(102.0,146.0)
(161.0,146.0)
(146.0,146.0)
(119.0,146.0)
(267.0,146.0)
(585.0,146.0)
(146.0,146.0)
(585.0,146.0)
(119.0,146.0)
(161.0,146.0)
(146.0,146.0)
(146.0,146.0)
(146.0,146.0)
(608.0,146.0)
(161.0,146.0)
(146.0,146.0)
(146.0,146.0)
(102.0,146.0)
(146.0,146.0)
(585.0,146.0)
(146.0,146.0)
(264.0,146.0)
(585.0,146.0)
(585.0,146.0)
(143.0,146.0)
(146.0,146.0)
(146.0,146.0)
(146.0,146.0)
(264.0,146.0)
(267.0,146.0)
(264.0,146.0)
(161.0,146.0)
(146.0,146.0)
(119.0,146.0)
(146.0,146.0)
(102.0,146.0)
(146.0,146.0)
(146.0,146.0)
(146.0,146.0)
(585.0,146.0)
(646.0,146.0)
(646.0,146.0)
(264.0,146.0)
(608.0,146.0)
(146.0,146.0)
(146.0,146.0)
(264.0,146.0)
(267.0,146.0)
(608.0,146.0)
(585.0,146.0)
(585.0,146.0)
(264.0,146.0)
(264.0,146.0)
(161.0,146.0)
(146.0,146.0)
(119.0,146.0)
(585.0,146.0)
(146.0,146.0)
(585.0,146.0)
(161.0,146.0)
(608.0,146.0)
(264.0,146.0)
(102.0,146.0)
(585.0,146.0)
(146.0,146.0)
(608.0,146.0)
(119.0,146.0)
(146.0,146.0)
(585.0,146.0)
(119.0,146.0)
(146.0,146.0)
(146.0,146.0)
(585.0,146.0)
(146.0,146.0)
(264.0,146.0)
(617.0,145.0)
(145.0,145.0)
(538.0,145.0)
(580.0,145.0)
(145.0,145.0)
(582.0,145.0)
(582.0,145.0)
(145.0,145.0)
(570.0,145.0)
(570.0,145.0)
(582.0,145.0)
(580.0,145.0)
(538.0,145.0)
(570.0,145.0)
(570.0,145.0)
(580.0,145.0)
(582.0,145.0)
(570.0,145.0)
(145.0,145.0)
(676.0,145.0)
(119.0,145.0)
(102.0,145.0)
(145.0,145.0)
(617.0,145.0)
(570.0,145.0)
(676.0,145.0)
(145.0,145.0)
(580.0,145.0)
(580.0,145.0)
(582.0,145.0)
(570.0,145.0)
(580.0,145.0)
(538.0,145.0)
(119.0,145.0)
(570.0,145.0)
(580.0,145.0)
(123.0,145.0)
(617.0,145.0)
(585.0,145.0)
(145.0,145.0)
(570.0,145.0)
(585.0,145.0)
(145.0,145.0)
(582.0,145.0)
(580.0,145.0)
(145.0,145.0)
(585.0,145.0)
(145.0,145.0)
(145.0,145.0)
(570.0,145.0)
(570.0,145.0)
(676.0,145.0)
(145.0,145.0)
(145.0,145.0)
(570.0,145.0)
(570.0,145.0)
(570.0,145.0)
(570.0,145.0)
(570.0,145.0)
(582.0,145.0)
(145.0,145.0)
(570.0,145.0)
(676.0,145.0)
(676.0,145.0)
(676.0,145.0)
(676.0,145.0)
(580.0,145.0)
(145.0,145.0)
(145.0,145.0)
(582.0,145.0)
(676.0,145.0)
(580.0,145.0)
(580.0,145.0)
(145.0,145.0)
(582.0,145.0)
(570.0,145.0)
(570.0,145.0)
(676.0,145.0)
(582.0,145.0)
(580.0,145.0)
(538.0,145.0)
(570.0,145.0)
(119.0,145.0)
(570.0,145.0)
(676.0,145.0)
(582.0,145.0)
(145.0,145.0)
(570.0,145.0)
(617.0,145.0)
(119.0,145.0)
(585.0,145.0)
(570.0,145.0)
(582.0,145.0)
(676.0,145.0)
(145.0,145.0)
(580.0,145.0)
(570.0,145.0)
(570.0,145.0)
(570.0,145.0)
(538.0,145.0)
(538.0,145.0)
(582.0,145.0)
(570.0,145.0)
(580.0,145.0)
(119.0,145.0)
(145.0,145.0)
(676.0,145.0)
(676.0,145.0)
(570.0,145.0)
(580.0,145.0)
(145.0,145.0)
(145.0,145.0)
(570.0,145.0)
(570.0,145.0)
(145.0,145.0)
(538.0,145.0)
(119.0,145.0)
(145.0,145.0)
(580.0,145.0)
(617.0,145.0)
(676.0,145.0)
(145.0,145.0)
(145.0,145.0)
(119.0,145.0)
(570.0,145.0)
(538.0,145.0)
(580.0,145.0)
(570.0,145.0)
(582.0,145.0)
(145.0,145.0)
(145.0,145.0)
(580.0,145.0)
(145.0,145.0)
(582.0,145.0)
(580.0,145.0)
(582.0,145.0)
(580.0,145.0)
(145.0,145.0)
(570.0,145.0)
(145.0,145.0)
(570.0,145.0)
(580.0,145.0)
(538.0,145.0)
(582.0,145.0)
(145.0,145.0)
(580.0,145.0)
(676.0,145.0)
(145.0,145.0)
(145.0,145.0)
(145.0,145.0)
(580.0,145.0)
(580.0,145.0)
(676.0,145.0)
(538.0,145.0)
(119.0,145.0)
(580.0,145.0)
(580.0,145.0)
(617.0,145.0)
(580.0,145.0)
(145.0,145.0)
(580.0,145.0)
(570.0,145.0)
(582.0,145.0)
(145.0,145.0)
(570.0,145.0)
(570.0,145.0)
(676.0,145.0)
(570.0,145.0)
(580.0,145.0)
(570.0,145.0)
(119.0,145.0)
(145.0,145.0)
(145.0,145.0)
(145.0,145.0)
(145.0,145.0)
(676.0,145.0)
(119.0,145.0)
(580.0,145.0)
(580.0,145.0)
(617.0,145.0)
(85.0,145.0)
(580.0,145.0)
(145.0,145.0)
(145.0,145.0)
(570.0,145.0)
(145.0,145.0)
(570.0,145.0)
(580.0,145.0)
(570.0,145.0)
(582.0,145.0)
(580.0,145.0)
(145.0,145.0)
(617.0,145.0)
(570.0,145.0)
(570.0,145.0)
(145.0,145.0)
(152.0,149.0)
(149.0,149.0)
(152.0,149.0)
(149.0,149.0)
(149.0,149.0)
(149.0,149.0)
(152.0,149.0)
(149.0,149.0)
(149.0,149.0)
(149.0,149.0)
(590.0,149.0)
(152.0,149.0)
(149.0,149.0)
(152.0,149.0)
(149.0,149.0)
(149.0,149.0)
(149.0,149.0)
(149.0,149.0)
(178.0,149.0)
(155.0,149.0)
(149.0,149.0)
(589.0,149.0)
(178.0,149.0)
(149.0,149.0)
(155.0,149.0)
(589.0,149.0)
(149.0,149.0)
(149.0,149.0)
(152.0,149.0)
(149.0,149.0)
(152.0,149.0)
(149.0,149.0)
(149.0,149.0)
(149.0,149.0)
(152.0,149.0)
(590.0,149.0)
(590.0,149.0)
(149.0,149.0)
(149.0,149.0)
(152.0,149.0)
(149.0,149.0)
(588.0,149.0)
(152.0,149.0)
(589.0,149.0)
(152.0,149.0)
(149.0,149.0)
(149.0,149.0)
(149.0,149.0)
(149.0,149.0)
(590.0,149.0)
(149.0,149.0)
(149.0,149.0)
(149.0,149.0)
(149.0,149.0)
(149.0,149.0)
(149.0,149.0)
(588.0,149.0)
(589.0,149.0)
(149.0,149.0)
(178.0,149.0)
(590.0,149.0)
(155.0,149.0)
(155.0,149.0)
(149.0,149.0)
(149.0,149.0)
(152.0,149.0)
(155.0,149.0)
(149.0,149.0)
(152.0,149.0)
(589.0,149.0)
(152.0,149.0)
(149.0,149.0)
(149.0,149.0)
(155.0,149.0)
(152.0,149.0)
(152.0,149.0)
(588.0,149.0)
(149.0,149.0)
(149.0,149.0)
(152.0,149.0)
(149.0,149.0)
(149.0,149.0)
(588.0,149.0)
(155.0,149.0)
(149.0,149.0)
(152.0,149.0)
(149.0,149.0)
(152.0,149.0)
(155.0,149.0)
(149.0,149.0)
(149.0,149.0)
(149.0,149.0)
(149.0,149.0)
(149.0,149.0)
(588.0,149.0)
(149.0,149.0)
(149.0,149.0)
(155.0,149.0)
(153.0,149.0)
(590.0,149.0)
(155.0,149.0)
(149.0,149.0)
(152.0,149.0)
(149.0,149.0)
(149.0,149.0)
(149.0,149.0)
(155.0,149.0)
(149.0,149.0)
(589.0,149.0)
(588.0,149.0)
(590.0,149.0)
(589.0,149.0)
(149.0,149.0)
(155.0,149.0)
(149.0,149.0)
(155.0,149.0)
(152.0,149.0)
(590.0,149.0)
(152.0,149.0)
(149.0,149.0)
(152.0,149.0)
(155.0,149.0)
(149.0,149.0)
(152.0,149.0)
(152.0,149.0)
(149.0,149.0)
(149.0,149.0)
(149.0,149.0)
(152.0,149.0)
(588.0,149.0)
(149.0,149.0)
(149.0,149.0)
(149.0,149.0)
(149.0,149.0)
(152.0,149.0)
(589.0,149.0)
(153.0,149.0)
(149.0,149.0)
(152.0,149.0)
(149.0,149.0)
(590.0,149.0)
(590.0,149.0)
(155.0,149.0)
(149.0,149.0)
(149.0,149.0)
(588.0,149.0)
(149.0,149.0)
(149.0,149.0)
(149.0,149.0)
(152.0,149.0)
(149.0,149.0)
(149.0,149.0)
(149.0,149.0)
(155.0,149.0)
(149.0,149.0)
(149.0,149.0)
(149.0,149.0)
(155.0,149.0)
(155.0,149.0)
(152.0,149.0)
(149.0,149.0)
(178.0,149.0)
(155.0,149.0)
(149.0,149.0)
(149.0,149.0)
(588.0,149.0)
(153.0,149.0)
(152.0,149.0)
(153.0,149.0)
(149.0,149.0)
(149.0,149.0)
(155.0,149.0)
(149.0,149.0)
(152.0,149.0)
(149.0,149.0)
(588.0,149.0)
(152.0,149.0)
(589.0,149.0)
(588.0,149.0)
(149.0,149.0)
(149.0,149.0)
(149.0,149.0)
(155.0,149.0)
(155.0,149.0)
(149.0,149.0)
(588.0,149.0)
(149.0,149.0)
(152.0,149.0)
(149.0,149.0)
(149.0,149.0)
(152.0,149.0)
(149.0,149.0)
(152.0,149.0)
(149.0,149.0)
(149.0,149.0)
(153.0,149.0)
(155.0,149.0)
(155.0,149.0)
(149.0,149.0)
(149.0,149.0)
(150.0,151.0)
(150.0,151.0)
(150.0,151.0)
(150.0,151.0)
(150.0,151.0)
(150.0,151.0)
(150.0,151.0)
(150.0,151.0)
(152.0,151.0)
(150.0,151.0)
(152.0,151.0)
(150.0,151.0)
(150.0,151.0)
(150.0,151.0)
(152.0,151.0)
(150.0,151.0)
(150.0,151.0)
(150.0,151.0)
(150.0,151.0)
(150.0,151.0)
(150.0,151.0)
(152.0,151.0)
(150.0,151.0)
(150.0,151.0)
(150.0,151.0)
(152.0,151.0)
(152.0,151.0)
(152.0,151.0)
(152.0,151.0)
(152.0,151.0)
(150.0,151.0)
(152.0,151.0)
(152.0,151.0)
(150.0,151.0)
(150.0,151.0)
(152.0,151.0)
(152.0,151.0)
(150.0,151.0)
(150.0,151.0)
(150.0,151.0)
(152.0,151.0)
(150.0,151.0)
(152.0,151.0)
(150.0,151.0)
(150.0,151.0)
(152.0,151.0)
(150.0,151.0)
(152.0,151.0)
(152.0,151.0)
(152.0,151.0)
(150.0,151.0)
(152.0,151.0)
(150.0,151.0)
(150.0,151.0)
(152.0,151.0)
(150.0,151.0)
(152.0,151.0)
(152.0,151.0)
(150.0,151.0)
(150.0,151.0)
(150.0,151.0)
(150.0,151.0)
(150.0,151.0)
(152.0,151.0)
(152.0,151.0)
(150.0,151.0)
(150.0,151.0)
(152.0,151.0)
(150.0,151.0)
(150.0,151.0)
(150.0,151.0)
(150.0,151.0)
(150.0,151.0)
(150.0,151.0)
(152.0,151.0)
(150.0,151.0)
(152.0,151.0)
(152.0,151.0)
(150.0,151.0)
(150.0,151.0)
(150.0,151.0)
(152.0,151.0)
(152.0,151.0)
(152.0,151.0)
(150.0,151.0)
(150.0,151.0)
(152.0,151.0)
(152.0,151.0)
(150.0,151.0)
(150.0,151.0)
(152.0,151.0)
(152.0,151.0)
(150.0,151.0)
(150.0,151.0)
(150.0,151.0)
(150.0,151.0)
(152.0,151.0)
(152.0,151.0)
(150.0,151.0)
(150.0,151.0)
(150.0,151.0)
(150.0,151.0)
(150.0,151.0)
(150.0,151.0)
(152.0,151.0)
(152.0,151.0)
(150.0,152.0)
(150.0,152.0)
(150.0,152.0)
(150.0,152.0)
(150.0,152.0)
(150.0,152.0)
(150.0,152.0)
(150.0,152.0)
(150.0,152.0)
(150.0,152.0)
(150.0,152.0)
(150.0,152.0)
(150.0,152.0)
(150.0,152.0)
(150.0,152.0)
(150.0,152.0)
(150.0,152.0)
(150.0,152.0)
(150.0,152.0)
(150.0,152.0)
(150.0,152.0)
(150.0,152.0)
(150.0,152.0)
(150.0,152.0)
(150.0,152.0)
(150.0,152.0)
(150.0,152.0)
(150.0,152.0)
(150.0,152.0)
(150.0,152.0)
(150.0,152.0)
(150.0,152.0)
(150.0,152.0)
(150.0,152.0)
(150.0,152.0)
(150.0,152.0)
(150.0,152.0)
(150.0,152.0)
(150.0,152.0)
(150.0,152.0)
(150.0,152.0)
(150.0,152.0)
(150.0,152.0)
(150.0,152.0)
(150.0,152.0)
(150.0,152.0)
(150.0,152.0)
(150.0,152.0)
(150.0,152.0)
(150.0,152.0)
(150.0,152.0)
(150.0,152.0)
(150.0,152.0)
(150.0,152.0)
(150.0,152.0)
(150.0,152.0)
(150.0,152.0)
(150.0,152.0)
(150.0,152.0)
(150.0,152.0)
(150.0,152.0)
(150.0,152.0)
(150.0,152.0)
(150.0,152.0)
(150.0,152.0)
(150.0,152.0)
(150.0,152.0)
(150.0,152.0)
(150.0,152.0)
(150.0,152.0)
(150.0,152.0)
(150.0,152.0)
(150.0,152.0)
(150.0,152.0)
(150.0,152.0)
(150.0,152.0)
(150.0,152.0)
(150.0,152.0)
(150.0,152.0)
(150.0,152.0)
(150.0,152.0)
(150.0,152.0)
(150.0,152.0)
(150.0,152.0)
(150.0,152.0)
(150.0,152.0)
(150.0,152.0)
(150.0,152.0)
(150.0,152.0)
(150.0,152.0)
(150.0,152.0)
(150.0,152.0)
(150.0,152.0)
(150.0,152.0)
(150.0,152.0)
(150.0,152.0)
(150.0,152.0)
(150.0,152.0)
(150.0,152.0)
(150.0,152.0)
(150.0,152.0)
(150.0,152.0)
(150.0,152.0)
(150.0,152.0)
(150.0,152.0)
(152.0,152.0)
(150.0,152.0)
(150.0,152.0)
(152.0,152.0)
(150.0,152.0)
(150.0,152.0)
(150.0,152.0)
(150.0,152.0)
(150.0,152.0)
(150.0,152.0)
(150.0,152.0)
(150.0,152.0)
(152.0,152.0)
(150.0,152.0)
(150.0,152.0)
(152.0,152.0)
(152.0,152.0)
(150.0,152.0)
(150.0,152.0)
(150.0,152.0)
(152.0,152.0)
(150.0,152.0)
(150.0,152.0)
(150.0,152.0)
(152.0,152.0)
(150.0,152.0)
(152.0,152.0)
(150.0,152.0)
(150.0,152.0)
(150.0,152.0)
(150.0,152.0)
(150.0,152.0)
(150.0,152.0)
(150.0,152.0)
(150.0,152.0)
(150.0,152.0)
(150.0,152.0)
(150.0,152.0)
(150.0,152.0)
(150.0,152.0)
(150.0,152.0)
(150.0,152.0)
(150.0,152.0)
(150.0,152.0)
(150.0,152.0)
(152.0,152.0)
(150.0,152.0)
(150.0,152.0)
(150.0,152.0)
(150.0,152.0)
(150.0,152.0)
(150.0,152.0)
(152.0,152.0)
(152.0,152.0)
(150.0,152.0)
(150.0,152.0)
(150.0,152.0)
(150.0,152.0)
(150.0,152.0)
(150.0,152.0)
(150.0,152.0)
(150.0,152.0)
(150.0,152.0)
(150.0,152.0)
(152.0,152.0)
(150.0,152.0)
(150.0,152.0)
(152.0,152.0)
(150.0,152.0)
(150.0,152.0)
(150.0,152.0)
(150.0,152.0)
(152.0,152.0)
(152.0,152.0)
(150.0,152.0)
(152.0,152.0)
(150.0,152.0)
(150.0,152.0)
(150.0,152.0)
(152.0,152.0)
(150.0,152.0)
(150.0,152.0)
(150.0,152.0)
(150.0,152.0)
(150.0,152.0)
(152.0,152.0)
(152.0,152.0)
(150.0,152.0)
(150.0,152.0)
(150.0,152.0)
(150.0,152.0)
(150.0,152.0)
(150.0,152.0)
(152.0,152.0)
(150.0,152.0)
(150.0,152.0)
(150.0,152.0)
(150.0,152.0)
(150.0,152.0)
(150.0,152.0)
(150.0,152.0)
(150.0,152.0)
(152.0,152.0)
(152.0,152.0)
(150.0,152.0)
(150.0,152.0)
(152.0,152.0)
(150.0,152.0)
(150.0,152.0)
(152.0,152.0)
(150.0,152.0)
(150.0,152.0)
(150.0,152.0)
(150.0,152.0)
(150.0,152.0)
(150.0,152.0)
(150.0,152.0)
(150.0,152.0)
(150.0,152.0)
(150.0,152.0)
(152.0,152.0)
(150.0,152.0)
(152.0,152.0)
(150.0,152.0)
(150.0,152.0)
(150.0,152.0)
(152.0,152.0)
(150.0,152.0)
(150.0,152.0)
(150.0,152.0)
(152.0,152.0)
(152.0,152.0)
(150.0,152.0)
(150.0,152.0)
(150.0,152.0)
(150.0,152.0)
(150.0,152.0)
(150.0,152.0)
(150.0,152.0)
(150.0,152.0)
(150.0,152.0)
(150.0,152.0)
(150.0,152.0)
(150.0,152.0)
(150.0,152.0)
(152.0,152.0)
(150.0,152.0)
(150.0,152.0)
(150.0,152.0)
(150.0,152.0)
(150.0,152.0)
(152.0,152.0)
(150.0,152.0)
(150.0,152.0)
(150.0,152.0)
(150.0,152.0)
(150.0,152.0)
(150.0,152.0)
(150.0,152.0)
(150.0,152.0)
(150.0,152.0)
(152.0,152.0)
(150.0,152.0)
(152.0,152.0)
(150.0,152.0)
(150.0,152.0)
(150.0,152.0)
(152.0,152.0)
(150.0,152.0)
(152.0,152.0)
(150.0,152.0)
(150.0,152.0)
(150.0,152.0)
(152.0,152.0)
(152.0,152.0)
(150.0,152.0)
(150.0,152.0)
(150.0,152.0)
(152.0,152.0)
(150.0,152.0)
(150.0,152.0)
(150.0,152.0)
(150.0,152.0)
(152.0,152.0)
(150.0,152.0)
(150.0,152.0)
(150.0,152.0)
(150.0,152.0)
(150.0,152.0)
(152.0,152.0)
(150.0,152.0)
(150.0,152.0)
(150.0,152.0)
(150.0,152.0)
(150.0,152.0)
(150.0,153.0)
(535.0,153.0)
(91.0,153.0)
(91.0,153.0)
(150.0,153.0)
(150.0,153.0)
(150.0,153.0)
(91.0,153.0)
(150.0,153.0)
(91.0,153.0)
(91.0,153.0)
(91.0,153.0)
(91.0,153.0)
(91.0,153.0)
(535.0,153.0)
(150.0,153.0)
(150.0,153.0)
(150.0,153.0)
(91.0,153.0)
(150.0,153.0)
(150.0,153.0)
(535.0,153.0)
(150.0,153.0)
(150.0,153.0)
(91.0,153.0)
(91.0,153.0)
(91.0,153.0)
(150.0,153.0)
(91.0,153.0)
(150.0,153.0)
(150.0,153.0)
(91.0,153.0)
(150.0,153.0)
(150.0,153.0)
(150.0,153.0)
(535.0,153.0)
(91.0,153.0)
(150.0,153.0)
(150.0,153.0)
(150.0,153.0)
(91.0,153.0)
(150.0,153.0)
(150.0,153.0)
(535.0,153.0)
(91.0,153.0)
(150.0,153.0)
(91.0,153.0)
(150.0,153.0)
(91.0,153.0)
(91.0,153.0)
(91.0,153.0)
(535.0,153.0)
(535.0,153.0)
(91.0,153.0)
(150.0,153.0)
(150.0,153.0)
(150.0,153.0)
(150.0,153.0)
(150.0,153.0)
(150.0,153.0)
(91.0,153.0)
(91.0,153.0)
(91.0,153.0)
(150.0,153.0)
(91.0,153.0)
(91.0,153.0)
(150.0,153.0)
(91.0,153.0)
(91.0,153.0)
(91.0,153.0)
(150.0,153.0)
(150.0,153.0)
(91.0,153.0)
(150.0,153.0)
(150.0,153.0)
(91.0,153.0)
(91.0,153.0)
(91.0,153.0)
(91.0,153.0)
(150.0,153.0)
(150.0,153.0)
(150.0,153.0)
(150.0,153.0)
(91.0,153.0)
(150.0,153.0)
(150.0,153.0)
(535.0,153.0)
(91.0,153.0)
(150.0,153.0)
(150.0,153.0)
(91.0,153.0)
(150.0,153.0)
(150.0,153.0)
(91.0,153.0)
(150.0,153.0)
(150.0,153.0)
(150.0,153.0)
(150.0,153.0)
(91.0,153.0)
(91.0,153.0)
(91.0,153.0)
(91.0,153.0)
(150.0,153.0)
(150.0,153.0)
(150.0,153.0)
(150.0,153.0)
(150.0,153.0)
(150.0,153.0)
(150.0,153.0)
(91.0,153.0)
(150.0,153.0)
(150.0,153.0)
(150.0,153.0)
(91.0,153.0)
(150.0,153.0)
(150.0,153.0)
(91.0,153.0)
(91.0,153.0)
(150.0,153.0)
(91.0,153.0)
(91.0,153.0)
(150.0,153.0)
(91.0,153.0)
(150.0,153.0)
(91.0,153.0)
(150.0,153.0)
(91.0,153.0)
(91.0,153.0)
(91.0,153.0)
(91.0,153.0)
(91.0,153.0)
(150.0,153.0)
(150.0,153.0)
(91.0,153.0)
(91.0,153.0)
(91.0,153.0)
(150.0,153.0)
(150.0,153.0)
(150.0,153.0)
(91.0,153.0)
(91.0,153.0)
(150.0,153.0)
(91.0,153.0)
(91.0,153.0)
(91.0,153.0)
(91.0,153.0)
(150.0,153.0)
(91.0,153.0)
(91.0,153.0)
(150.0,153.0)
(150.0,153.0)
(91.0,153.0)
(150.0,153.0)
(150.0,153.0)
(150.0,153.0)
(91.0,153.0)
(91.0,153.0)
(150.0,153.0)
(150.0,153.0)
(91.0,153.0)
(91.0,153.0)
(150.0,153.0)
(150.0,153.0)
(91.0,153.0)
(150.0,153.0)
(91.0,153.0)
(535.0,153.0)
(150.0,153.0)
(150.0,153.0)
(91.0,153.0)
(150.0,153.0)
(150.0,153.0)
(91.0,153.0)
(150.0,153.0)
(91.0,153.0)
(91.0,153.0)
(535.0,153.0)
(150.0,153.0)
(150.0,153.0)
(150.0,153.0)
(150.0,153.0)
(91.0,153.0)
(91.0,153.0)
(91.0,153.0)
(150.0,153.0)
(91.0,153.0)
(91.0,153.0)
(91.0,153.0)
(91.0,153.0)
(91.0,153.0)
(150.0,153.0)
(150.0,153.0)
(150.0,153.0)
(91.0,153.0)
(535.0,153.0)
(150.0,153.0)
(150.0,153.0)
(150.0,153.0)
(150.0,153.0)
(150.0,153.0)
(150.0,153.0)
(150.0,153.0)
(150.0,153.0)
(150.0,153.0)
(150.0,153.0)
(150.0,153.0)
(150.0,153.0)
(150.0,153.0)
(150.0,153.0)
(150.0,153.0)
(150.0,153.0)
(150.0,153.0)
(590.0,153.0)
(150.0,153.0)
(150.0,153.0)
(590.0,153.0)
(150.0,153.0)
(150.0,153.0)
(150.0,153.0)
(590.0,153.0)
(150.0,153.0)
(150.0,153.0)
(150.0,153.0)
(150.0,153.0)
(150.0,153.0)
(150.0,153.0)
(150.0,153.0)
(150.0,153.0)
(150.0,153.0)
(150.0,153.0)
(150.0,153.0)
(150.0,153.0)
(150.0,153.0)
(150.0,153.0)
(150.0,153.0)
(150.0,153.0)
(150.0,153.0)
(150.0,153.0)
(150.0,153.0)
(590.0,153.0)
(150.0,153.0)
(150.0,153.0)
(150.0,153.0)
(150.0,153.0)
(150.0,153.0)
(150.0,153.0)
(150.0,153.0)
(150.0,153.0)
(150.0,153.0)
(150.0,153.0)
(150.0,153.0)
(590.0,153.0)
(150.0,153.0)
(150.0,153.0)
(150.0,153.0)
(150.0,153.0)
(150.0,153.0)
(150.0,153.0)
(150.0,153.0)
(150.0,153.0)
(150.0,153.0)
(150.0,153.0)
(150.0,153.0)
(590.0,153.0)
(150.0,153.0)
(150.0,153.0)
(150.0,153.0)
(150.0,153.0)
(150.0,153.0)
(150.0,153.0)
(150.0,153.0)
(150.0,153.0)
(150.0,153.0)
(150.0,153.0)
(150.0,153.0)
(150.0,153.0)
(150.0,153.0)
(150.0,153.0)
(150.0,153.0)
(150.0,153.0)
(150.0,153.0)
(150.0,153.0)
(150.0,153.0)
(150.0,153.0)
(150.0,153.0)
(150.0,153.0)
(150.0,153.0)
(150.0,153.0)
(150.0,153.0)
(150.0,153.0)
(150.0,153.0)
(150.0,153.0)
(590.0,153.0)
(150.0,153.0)
(150.0,153.0)
(150.0,153.0)
(150.0,153.0)
(150.0,153.0)
(150.0,153.0)
(150.0,153.0)
(150.0,153.0)
(150.0,153.0)
(590.0,153.0)
(150.0,153.0)
(150.0,153.0)
(590.0,153.0)
(150.0,153.0)
(150.0,153.0)
(150.0,153.0)
(150.0,153.0)
(150.0,153.0)
(150.0,153.0)
(150.0,153.0)
(150.0,153.0)
(150.0,153.0)
(150.0,153.0)
(150.0,153.0)
(150.0,153.0)
(150.0,153.0)
(150.0,153.0)
(150.0,153.0)
(150.0,153.0)
(150.0,153.0)
(150.0,153.0)
(150.0,153.0)
(150.0,153.0)
(150.0,153.0)
(150.0,153.0)
(150.0,153.0)
(590.0,153.0)
(590.0,153.0)
(150.0,153.0)
(150.0,153.0)
(150.0,153.0)
(150.0,153.0)
(150.0,153.0)
(150.0,153.0)
(150.0,153.0)
(150.0,153.0)
(150.0,153.0)
(150.0,153.0)
(150.0,153.0)
(150.0,153.0)
(150.0,153.0)
(150.0,153.0)
(150.0,153.0)
(150.0,153.0)
(150.0,153.0)
(150.0,153.0)
(150.0,153.0)
(150.0,153.0)
(150.0,153.0)
(150.0,153.0)
(150.0,153.0)
(150.0,153.0)
(150.0,153.0)
(150.0,153.0)
(150.0,153.0)
(590.0,153.0)
(150.0,153.0)
(590.0,153.0)
(150.0,153.0)
(150.0,153.0)
(150.0,153.0)
(150.0,153.0)
(150.0,153.0)
(150.0,153.0)
(150.0,153.0)
(150.0,153.0)
(91.0,153.0)
(150.0,153.0)
(150.0,153.0)
(150.0,153.0)
(150.0,153.0)
(150.0,153.0)
(150.0,153.0)
(590.0,153.0)
(150.0,153.0)
(150.0,153.0)
(150.0,153.0)
(150.0,153.0)
(150.0,153.0)
(150.0,153.0)
(150.0,153.0)
(150.0,153.0)
(150.0,153.0)
(150.0,153.0)
(590.0,153.0)
(150.0,153.0)
(150.0,153.0)
(150.0,153.0)
(150.0,153.0)
(150.0,150.0)
(150.0,150.0)
(150.0,150.0)
(150.0,150.0)
(91.0,150.0)
(150.0,150.0)
(150.0,150.0)
(150.0,150.0)
(150.0,150.0)
(150.0,150.0)
(150.0,150.0)
(150.0,150.0)
(150.0,150.0)
(150.0,150.0)
(150.0,150.0)
(150.0,150.0)
(150.0,150.0)
(590.0,150.0)
(150.0,150.0)
(150.0,150.0)
(150.0,150.0)
(590.0,150.0)
(150.0,150.0)
(150.0,150.0)
(150.0,150.0)
(590.0,150.0)
(150.0,150.0)
(150.0,150.0)
(150.0,150.0)
(150.0,150.0)
(150.0,150.0)
(150.0,150.0)
(150.0,150.0)
(150.0,150.0)
(150.0,150.0)
(150.0,150.0)
(150.0,150.0)
(150.0,150.0)
(150.0,150.0)
(150.0,150.0)
(150.0,150.0)
(150.0,150.0)
(150.0,150.0)
(590.0,150.0)
(150.0,150.0)
(150.0,150.0)
(150.0,150.0)
(150.0,150.0)
(150.0,150.0)
(150.0,150.0)
(590.0,150.0)
(150.0,150.0)
(150.0,150.0)
(150.0,150.0)
(150.0,150.0)
(150.0,150.0)
(150.0,150.0)
(150.0,150.0)
(590.0,150.0)
(150.0,150.0)
(150.0,150.0)
(150.0,150.0)
(150.0,150.0)
(150.0,150.0)
(150.0,150.0)
(150.0,150.0)
(150.0,150.0)
(150.0,150.0)
(150.0,150.0)
(150.0,150.0)
(590.0,150.0)
(150.0,150.0)
(150.0,150.0)
(150.0,150.0)
(150.0,150.0)
(150.0,150.0)
(150.0,150.0)
(150.0,150.0)
(150.0,150.0)
(150.0,150.0)
(150.0,150.0)
(150.0,150.0)
(590.0,150.0)
(150.0,150.0)
(150.0,150.0)
(150.0,150.0)
(150.0,150.0)
(150.0,150.0)
(150.0,150.0)
(150.0,150.0)
(150.0,150.0)
(150.0,150.0)
(150.0,150.0)
(150.0,150.0)
(150.0,150.0)
(150.0,150.0)
(150.0,150.0)
(150.0,150.0)
(150.0,150.0)
(150.0,150.0)
(150.0,150.0)
(150.0,150.0)
(150.0,150.0)
(150.0,150.0)
(150.0,150.0)
(150.0,150.0)
(91.0,150.0)
(150.0,150.0)
(590.0,150.0)
(150.0,150.0)
(150.0,150.0)
(150.0,150.0)
(590.0,150.0)
(150.0,150.0)
(150.0,150.0)
(150.0,150.0)
(150.0,150.0)
(150.0,150.0)
(150.0,150.0)
(150.0,150.0)
(150.0,150.0)
(150.0,150.0)
(150.0,150.0)
(150.0,150.0)
(150.0,150.0)
(150.0,150.0)
(150.0,150.0)
(150.0,150.0)
(150.0,150.0)
(150.0,150.0)
(150.0,150.0)
(150.0,150.0)
(150.0,150.0)
(150.0,150.0)
(590.0,150.0)
(590.0,150.0)
(150.0,150.0)
(150.0,150.0)
(150.0,150.0)
(150.0,150.0)
(150.0,150.0)
(150.0,150.0)
(150.0,150.0)
(150.0,150.0)
(150.0,150.0)
(150.0,150.0)
(150.0,150.0)
(150.0,150.0)
(150.0,150.0)
(150.0,150.0)
(150.0,150.0)
(150.0,150.0)
(150.0,150.0)
(150.0,150.0)
(150.0,150.0)
(150.0,150.0)
(150.0,150.0)
(150.0,150.0)
(150.0,150.0)
(150.0,150.0)
(150.0,150.0)
(150.0,150.0)
(150.0,150.0)
(150.0,150.0)
(150.0,150.0)
(150.0,150.0)
(150.0,150.0)
(150.0,150.0)
(150.0,150.0)
(150.0,150.0)
(150.0,150.0)
(150.0,150.0)
(150.0,150.0)
(150.0,150.0)
(150.0,150.0)
(150.0,150.0)
(150.0,150.0)
(590.0,150.0)
(150.0,150.0)
(150.0,150.0)
(150.0,150.0)
(150.0,150.0)
(150.0,150.0)
(150.0,150.0)
(150.0,150.0)
(150.0,150.0)
(150.0,150.0)
(150.0,150.0)
(150.0,150.0)
(150.0,150.0)
(150.0,150.0)
(150.0,150.0)
(150.0,150.0)
(150.0,150.0)
(590.0,150.0)
(150.0,150.0)
(590.0,153.0)
(590.0,153.0)
(590.0,153.0)
(590.0,153.0)
(590.0,153.0)
(590.0,153.0)
(590.0,153.0)
(590.0,153.0)
(590.0,153.0)
(590.0,153.0)
(590.0,153.0)
(590.0,153.0)
(590.0,153.0)
(590.0,153.0)
(590.0,153.0)
(590.0,153.0)
(590.0,153.0)
(590.0,153.0)
(590.0,153.0)
(150.0,153.0)
(590.0,153.0)
(590.0,153.0)
(590.0,153.0)
(590.0,153.0)
(150.0,153.0)
(590.0,153.0)
(590.0,153.0)
(590.0,153.0)
(590.0,153.0)
(590.0,153.0)
(590.0,153.0)
(590.0,153.0)
(590.0,153.0)
(590.0,153.0)
(590.0,153.0)
(590.0,153.0)
(590.0,153.0)
(590.0,153.0)
(590.0,153.0)
(590.0,153.0)
(590.0,153.0)
(590.0,153.0)
(590.0,153.0)
(590.0,153.0)
(590.0,153.0)
(590.0,153.0)
(590.0,153.0)
(590.0,153.0)
(590.0,153.0)
(590.0,153.0)
(590.0,153.0)
(590.0,153.0)
(590.0,153.0)
(590.0,153.0)
(590.0,153.0)
(590.0,153.0)
(590.0,153.0)
(590.0,153.0)
(590.0,153.0)
(590.0,153.0)
(590.0,153.0)
(150.0,153.0)
(590.0,153.0)
(590.0,153.0)
(590.0,153.0)
(590.0,153.0)
(590.0,153.0)
(590.0,153.0)
(590.0,153.0)
(590.0,153.0)
(590.0,153.0)
(590.0,153.0)
(590.0,153.0)
(590.0,153.0)
(590.0,153.0)
(590.0,153.0)
(590.0,153.0)
(590.0,153.0)
(590.0,153.0)
(590.0,153.0)
(590.0,153.0)
(590.0,153.0)
(590.0,153.0)
(590.0,153.0)
(590.0,153.0)
(590.0,153.0)
(590.0,153.0)
(590.0,153.0)
(590.0,153.0)
(590.0,153.0)
(590.0,153.0)
(590.0,153.0)
(590.0,153.0)
(590.0,153.0)
(590.0,153.0)
(590.0,153.0)
(590.0,153.0)
(590.0,153.0)
(590.0,153.0)
(590.0,153.0)
(590.0,153.0)
(590.0,153.0)
(590.0,153.0)
(590.0,153.0)
(590.0,153.0)
(590.0,153.0)
(150.0,153.0)
(590.0,153.0)
(590.0,153.0)
(590.0,153.0)
(590.0,153.0)
(590.0,153.0)
(590.0,153.0)
(150.0,153.0)
(590.0,153.0)
(150.0,153.0)
(590.0,153.0)
(590.0,153.0)
(590.0,153.0)
(590.0,153.0)
(590.0,153.0)
(590.0,153.0)
(590.0,153.0)
(590.0,153.0)
(590.0,153.0)
(590.0,153.0)
(590.0,153.0)
(590.0,153.0)
(590.0,153.0)
(590.0,153.0)
(590.0,153.0)
(590.0,153.0)
(590.0,153.0)
(590.0,153.0)
(590.0,153.0)
(590.0,153.0)
(590.0,153.0)
(590.0,153.0)
(590.0,153.0)
(590.0,153.0)
(590.0,153.0)
(590.0,153.0)
(150.0,153.0)
(590.0,153.0)
(590.0,153.0)
(590.0,153.0)
(590.0,153.0)
(590.0,153.0)
(590.0,153.0)
(590.0,153.0)
(590.0,153.0)
(590.0,153.0)
(590.0,153.0)
(590.0,153.0)
(590.0,153.0)
(590.0,153.0)
(590.0,153.0)
(150.0,153.0)
(150.0,153.0)
(590.0,153.0)
(590.0,153.0)
(590.0,153.0)
(150.0,153.0)
(590.0,153.0)
(590.0,153.0)
(590.0,153.0)
(590.0,153.0)
(590.0,153.0)
(590.0,153.0)
(590.0,153.0)
(590.0,153.0)
(150.0,153.0)
(590.0,153.0)
(590.0,153.0)
(590.0,153.0)
(590.0,153.0)
(590.0,153.0)
(590.0,153.0)
(590.0,153.0)
(590.0,153.0)
(590.0,153.0)
(590.0,153.0)
(150.0,153.0)
(590.0,153.0)
(590.0,153.0)
(590.0,153.0)
(590.0,153.0)
(590.0,153.0)
(590.0,153.0)
(590.0,153.0)
(590.0,153.0)
(590.0,153.0)
(590.0,153.0)
(590.0,153.0)
(590.0,153.0)
(590.0,153.0)
(150.0,153.0)
(590.0,153.0)
(590.0,153.0)
(590.0,153.0)
(150.0,153.0)
(152.0,153.0)
(590.0,153.0)
(590.0,153.0)
(590.0,153.0)
(150.0,153.0)
(150.0,153.0)
(590.0,153.0)
(590.0,153.0)
(150.0,153.0)
(590.0,153.0)
(590.0,153.0)
(590.0,153.0)
(590.0,153.0)
(590.0,153.0)
(152.0,153.0)
(590.0,153.0)
(150.0,153.0)
(150.0,153.0)
(590.0,153.0)
(590.0,153.0)
(150.0,153.0)
(152.0,153.0)
(150.0,153.0)
(590.0,153.0)
(590.0,153.0)
(590.0,153.0)
(590.0,153.0)
(590.0,153.0)
(590.0,153.0)
(590.0,153.0)
(152.0,153.0)
(590.0,153.0)
(150.0,153.0)
(150.0,153.0)
(150.0,153.0)
(152.0,153.0)
(590.0,153.0)
(150.0,153.0)
(152.0,153.0)
(150.0,153.0)
(590.0,153.0)
(152.0,153.0)
(150.0,153.0)
(152.0,153.0)
(590.0,153.0)
(152.0,153.0)
(590.0,153.0)
(150.0,153.0)
(590.0,153.0)
(590.0,153.0)
(590.0,153.0)
(152.0,153.0)
(152.0,153.0)
(590.0,153.0)
(150.0,153.0)
(590.0,153.0)
(590.0,153.0)
(150.0,153.0)
(150.0,153.0)
(150.0,153.0)
(150.0,153.0)
(590.0,153.0)
(590.0,153.0)
(590.0,153.0)
(150.0,153.0)
(590.0,153.0)
(590.0,153.0)
(590.0,153.0)
(590.0,153.0)
(590.0,153.0)
(590.0,153.0)
(150.0,153.0)
(150.0,153.0)
(590.0,153.0)
(150.0,153.0)
(590.0,153.0)
(590.0,153.0)
(590.0,153.0)
(590.0,153.0)
(590.0,153.0)
(150.0,153.0)
(150.0,153.0)
(590.0,153.0)
(150.0,153.0)
(590.0,153.0)
(150.0,153.0)
(150.0,153.0)
(152.0,153.0)
(590.0,153.0)
(590.0,153.0)
(152.0,153.0)
(590.0,153.0)
(150.0,153.0)
(152.0,153.0)
(590.0,153.0)
(150.0,153.0)
(590.0,153.0)
(150.0,153.0)
(150.0,153.0)
(590.0,153.0)
(590.0,153.0)
(590.0,153.0)
(590.0,153.0)
(590.0,153.0)
(150.0,153.0)
(590.0,153.0)
(590.0,153.0)
(150.0,153.0)
(150.0,153.0)
(590.0,153.0)
(590.0,153.0)
(150.0,153.0)
(590.0,153.0)
(150.0,153.0)
(590.0,153.0)
(150.0,153.0)
(150.0,153.0)
(590.0,153.0)
(590.0,153.0)
(150.0,153.0)
(590.0,153.0)
(590.0,153.0)
(590.0,153.0)
(590.0,153.0)
(590.0,153.0)
(590.0,153.0)
(150.0,153.0)
(590.0,153.0)
(590.0,153.0)
(590.0,153.0)
(590.0,153.0)
(590.0,153.0)
(590.0,153.0)
(590.0,153.0)
(590.0,153.0)
(590.0,153.0)
(590.0,153.0)
(150.0,153.0)
(150.0,153.0)
(150.0,153.0)
(590.0,153.0)
(590.0,153.0)
(150.0,153.0)
(590.0,153.0)
(590.0,153.0)
(590.0,153.0)
(590.0,153.0)
(150.0,153.0)
(590.0,153.0)
(590.0,153.0)
(150.0,153.0)
(152.0,153.0)
(590.0,153.0)
(590.0,153.0)
(150.0,153.0)
(150.0,153.0)
(590.0,153.0)
(590.0,153.0)
(150.0,153.0)
(150.0,153.0)
(590.0,153.0)
(590.0,153.0)
(150.0,153.0)
(590.0,153.0)
(590.0,153.0)
(590.0,153.0)
(590.0,153.0)
(152.0,153.0)
(150.0,153.0)
(590.0,153.0)
(590.0,153.0)
(590.0,153.0)
(150.0,153.0)
(590.0,153.0)
(150.0,153.0)
(590.0,153.0)
(590.0,153.0)
(152.0,153.0)
(150.0,153.0)
(150.0,153.0)
(590.0,153.0)
(150.0,153.0)
(590.0,153.0)
(590.0,153.0)
(590.0,153.0)
(590.0,153.0)
(590.0,153.0)
(590.0,153.0)
(590.0,153.0)
(590.0,153.0)
(590.0,153.0)
(590.0,153.0)
(150.0,153.0)
(150.0,153.0)
(590.0,153.0)
(152.0,153.0)
(150.0,153.0)
(590.0,150.0)
(590.0,150.0)
(590.0,150.0)
(590.0,150.0)
(150.0,150.0)
(150.0,150.0)
(590.0,150.0)
(590.0,150.0)
(150.0,150.0)
(150.0,150.0)
(590.0,150.0)
(590.0,150.0)
(590.0,150.0)
(590.0,150.0)
(590.0,150.0)
(590.0,150.0)
(152.0,150.0)
(590.0,150.0)
(590.0,150.0)
(150.0,150.0)
(590.0,150.0)
(590.0,150.0)
(152.0,150.0)
(150.0,150.0)
(152.0,150.0)
(590.0,150.0)
(590.0,150.0)
(590.0,150.0)
(150.0,150.0)
(590.0,150.0)
(150.0,150.0)
(152.0,150.0)
(590.0,150.0)
(590.0,150.0)
(590.0,150.0)
(590.0,150.0)
(152.0,150.0)
(150.0,150.0)
(590.0,150.0)
(152.0,150.0)
(590.0,150.0)
(590.0,150.0)
(590.0,150.0)
(590.0,150.0)
(152.0,150.0)
(590.0,150.0)
(152.0,150.0)
(150.0,150.0)
(590.0,150.0)
(590.0,150.0)
(590.0,150.0)
(150.0,150.0)
(150.0,150.0)
(152.0,150.0)
(152.0,150.0)
(150.0,150.0)
(590.0,150.0)
(590.0,150.0)
(152.0,150.0)
(590.0,150.0)
(590.0,150.0)
(150.0,150.0)
(590.0,150.0)
(590.0,150.0)
(590.0,150.0)
(590.0,150.0)
(590.0,150.0)
(590.0,150.0)
(590.0,150.0)
(590.0,150.0)
(590.0,150.0)
(150.0,150.0)
(150.0,150.0)
(590.0,150.0)
(590.0,150.0)
(590.0,150.0)
(590.0,150.0)
(152.0,150.0)
(150.0,150.0)
(590.0,150.0)
(150.0,150.0)
(590.0,150.0)
(590.0,150.0)
(150.0,150.0)
(590.0,150.0)
(150.0,150.0)
(590.0,150.0)
(150.0,150.0)
(590.0,150.0)
(590.0,150.0)
(152.0,150.0)
(150.0,150.0)
(150.0,150.0)
(152.0,150.0)
(590.0,150.0)
(590.0,150.0)
(152.0,150.0)
(590.0,150.0)
(590.0,150.0)
(590.0,150.0)
(590.0,150.0)
(590.0,150.0)
(150.0,150.0)
(590.0,150.0)
(590.0,150.0)
(150.0,150.0)
(152.0,150.0)
(150.0,150.0)
(590.0,150.0)
(590.0,150.0)
(590.0,150.0)
(590.0,150.0)
(152.0,150.0)
(590.0,150.0)
(150.0,150.0)
(150.0,150.0)
(150.0,150.0)
(590.0,150.0)
(590.0,150.0)
(590.0,150.0)
(590.0,150.0)
(590.0,150.0)
(590.0,150.0)
(590.0,150.0)
(590.0,150.0)
(590.0,150.0)
(150.0,150.0)
(150.0,150.0)
(150.0,150.0)
(590.0,150.0)
(590.0,150.0)
(590.0,150.0)
(150.0,150.0)
(590.0,150.0)
(590.0,150.0)
(590.0,150.0)
(152.0,150.0)
(590.0,150.0)
(150.0,150.0)
(590.0,150.0)
(150.0,150.0)
(590.0,150.0)
(590.0,150.0)
(590.0,150.0)
(590.0,150.0)
(590.0,150.0)
(590.0,150.0)
(590.0,150.0)
(590.0,150.0)
(150.0,150.0)
(590.0,150.0)
(590.0,150.0)
(150.0,150.0)
(150.0,150.0)
(590.0,150.0)
(152.0,150.0)
(590.0,150.0)
(150.0,150.0)
(150.0,150.0)
(590.0,150.0)
(590.0,150.0)
(590.0,150.0)
(150.0,150.0)
(590.0,150.0)
(590.0,150.0)
(590.0,150.0)
(590.0,150.0)
(590.0,150.0)
(590.0,150.0)
(590.0,150.0)
(152.0,150.0)
(150.0,150.0)
(150.0,150.0)
(590.0,150.0)
(150.0,150.0)
(590.0,150.0)
(590.0,150.0)
(590.0,150.0)
(590.0,150.0)
(150.0,150.0)
(150.0,150.0)
(152.0,150.0)
(590.0,150.0)
(150.0,150.0)
(590.0,150.0)
(590.0,150.0)
(150.0,150.0)
(590.0,150.0)
(590.0,150.0)
(150.0,150.0)
(590.0,150.0)
(590.0,150.0)
(590.0,150.0)
(590.0,150.0)
(590.0,150.0)
(590.0,150.0)
(590.0,150.0)
(154.0,154.0)
(154.0,154.0)
(154.0,154.0)
(154.0,154.0)
(154.0,154.0)
(154.0,154.0)
(154.0,154.0)
(154.0,154.0)
(154.0,154.0)
(154.0,154.0)
(154.0,154.0)
(154.0,154.0)
(154.0,154.0)
(154.0,154.0)
(154.0,154.0)
(154.0,154.0)
(154.0,154.0)
(156.0,154.0)
(154.0,154.0)
(154.0,154.0)
(154.0,154.0)
(156.0,154.0)
(154.0,154.0)
(154.0,154.0)
(154.0,154.0)
(156.0,154.0)
(154.0,154.0)
(154.0,154.0)
(154.0,154.0)
(154.0,154.0)
(154.0,154.0)
(154.0,154.0)
(154.0,154.0)
(154.0,154.0)
(154.0,154.0)
(154.0,154.0)
(154.0,154.0)
(154.0,154.0)
(154.0,154.0)
(154.0,154.0)
(154.0,154.0)
(154.0,154.0)
(154.0,154.0)
(154.0,154.0)
(154.0,154.0)
(154.0,154.0)
(154.0,154.0)
(154.0,154.0)
(154.0,154.0)
(154.0,154.0)
(154.0,154.0)
(154.0,154.0)
(154.0,154.0)
(154.0,154.0)
(154.0,154.0)
(154.0,154.0)
(154.0,154.0)
(156.0,154.0)
(154.0,154.0)
(154.0,154.0)
(154.0,154.0)
(154.0,154.0)
(154.0,154.0)
(154.0,154.0)
(154.0,154.0)
(154.0,154.0)
(154.0,154.0)
(154.0,154.0)
(154.0,154.0)
(156.0,154.0)
(154.0,154.0)
(154.0,154.0)
(154.0,154.0)
(154.0,154.0)
(154.0,154.0)
(154.0,154.0)
(154.0,154.0)
(154.0,154.0)
(154.0,154.0)
(154.0,154.0)
(154.0,154.0)
(154.0,154.0)
(154.0,154.0)
(154.0,154.0)
(154.0,154.0)
(154.0,154.0)
(154.0,154.0)
(154.0,154.0)
(154.0,154.0)
(154.0,154.0)
(154.0,154.0)
(154.0,154.0)
(154.0,154.0)
(154.0,154.0)
(154.0,154.0)
(154.0,154.0)
(154.0,154.0)
(154.0,154.0)
(154.0,154.0)
(154.0,154.0)
(154.0,154.0)
(154.0,154.0)
(154.0,154.0)
(154.0,154.0)
(154.0,154.0)
(154.0,154.0)
(154.0,154.0)
(154.0,154.0)
(156.0,154.0)
(154.0,154.0)
(154.0,154.0)
(154.0,154.0)
(154.0,154.0)
(154.0,154.0)
(154.0,154.0)
(154.0,154.0)
(154.0,154.0)
(154.0,154.0)
(154.0,154.0)
(154.0,154.0)
(154.0,154.0)
(154.0,154.0)
(154.0,154.0)
(154.0,154.0)
(154.0,154.0)
(154.0,154.0)
(154.0,154.0)
(154.0,154.0)
(154.0,154.0)
(154.0,154.0)
(154.0,154.0)
(154.0,154.0)
(154.0,154.0)
(154.0,154.0)
(154.0,154.0)
(156.0,154.0)
(154.0,154.0)
(154.0,154.0)
(154.0,154.0)
(154.0,154.0)
(154.0,154.0)
(154.0,154.0)
(154.0,154.0)
(154.0,154.0)
(154.0,154.0)
(154.0,154.0)
(154.0,154.0)
(154.0,154.0)
(154.0,154.0)
(154.0,154.0)
(154.0,154.0)
(154.0,154.0)
(154.0,154.0)
(154.0,154.0)
(154.0,154.0)
(154.0,154.0)
(154.0,154.0)
(154.0,154.0)
(154.0,154.0)
(154.0,154.0)
(154.0,154.0)
(154.0,154.0)
(154.0,154.0)
(154.0,154.0)
(154.0,154.0)
(154.0,154.0)
(154.0,154.0)
(154.0,154.0)
(154.0,154.0)
(154.0,154.0)
(154.0,154.0)
(154.0,154.0)
(154.0,154.0)
(154.0,154.0)
(154.0,154.0)
(154.0,154.0)
(154.0,154.0)
(154.0,154.0)
(154.0,154.0)
(154.0,154.0)
(154.0,154.0)
(154.0,154.0)
(154.0,154.0)
(156.0,154.0)
(154.0,154.0)
(154.0,154.0)
(154.0,154.0)
(154.0,154.0)
(154.0,154.0)
(154.0,154.0)
(154.0,154.0)
(154.0,154.0)
(154.0,154.0)
(154.0,154.0)
(154.0,154.0)
(154.0,154.0)
(154.0,154.0)
(154.0,154.0)
(154.0,154.0)
(154.0,154.0)
(417.0,154.0)
(404.0,154.0)
(455.0,154.0)
(402.0,154.0)
(413.0,154.0)
(154.0,154.0)
(455.0,154.0)
(455.0,154.0)
(455.0,154.0)
(447.0,154.0)
(455.0,154.0)
(37.0,154.0)
(121.0,154.0)
(447.0,154.0)
(404.0,154.0)
(573.0,154.0)
(455.0,154.0)
(371.0,154.0)
(119.0,154.0)
(676.0,154.0)
(119.0,154.0)
(427.0,154.0)
(455.0,154.0)
(455.0,154.0)
(447.0,154.0)
(455.0,154.0)
(38.0,154.0)
(455.0,154.0)
(455.0,154.0)
(455.0,154.0)
(455.0,154.0)
(455.0,154.0)
(404.0,154.0)
(455.0,154.0)
(226.0,154.0)
(413.0,154.0)
(38.0,154.0)
(404.0,154.0)
(102.0,154.0)
(455.0,154.0)
(156.0,156.0)
(155.0,156.0)
(155.0,156.0)
(156.0,156.0)
(155.0,156.0)
(156.0,156.0)
(156.0,156.0)
(155.0,156.0)
(156.0,156.0)
(156.0,156.0)
(156.0,156.0)
(156.0,156.0)
(156.0,156.0)
(156.0,156.0)
(156.0,156.0)
(156.0,156.0)
(155.0,156.0)
(155.0,156.0)
(156.0,156.0)
(156.0,156.0)
(155.0,156.0)
(155.0,156.0)
(156.0,156.0)
(155.0,156.0)
(156.0,156.0)
(155.0,156.0)
(156.0,156.0)
(156.0,156.0)
(156.0,156.0)
(155.0,156.0)
(156.0,156.0)
(156.0,156.0)
(155.0,156.0)
(156.0,156.0)
(156.0,156.0)
(156.0,156.0)
(156.0,156.0)
(155.0,156.0)
(156.0,156.0)
(156.0,156.0)
(155.0,156.0)
(156.0,156.0)
(156.0,156.0)
(155.0,156.0)
(156.0,156.0)
(155.0,156.0)
(156.0,156.0)
(155.0,156.0)
(156.0,156.0)
(156.0,156.0)
(155.0,156.0)
(156.0,156.0)
(155.0,156.0)
(155.0,156.0)
(155.0,156.0)
(155.0,156.0)
(155.0,156.0)
(156.0,156.0)
(155.0,156.0)
(156.0,156.0)
(156.0,156.0)
(156.0,156.0)
(156.0,156.0)
(156.0,156.0)
(156.0,156.0)
(155.0,156.0)
(156.0,156.0)
(156.0,156.0)
(156.0,156.0)
(156.0,156.0)
(156.0,156.0)
(155.0,156.0)
(156.0,156.0)
(156.0,156.0)
(155.0,156.0)
(156.0,156.0)
(156.0,156.0)
(156.0,156.0)
(155.0,156.0)
(155.0,156.0)
(156.0,156.0)
(155.0,156.0)
(156.0,156.0)
(156.0,156.0)
(155.0,156.0)
(155.0,156.0)
(156.0,156.0)
(156.0,156.0)
(156.0,156.0)
(156.0,156.0)
(156.0,156.0)
(156.0,156.0)
(155.0,156.0)
(156.0,156.0)
(155.0,156.0)
(156.0,156.0)
(155.0,156.0)
(155.0,156.0)
(155.0,156.0)
(156.0,156.0)
(155.0,156.0)
(156.0,156.0)
(156.0,156.0)
(155.0,156.0)
(156.0,156.0)
(156.0,156.0)
(156.0,156.0)
(156.0,156.0)
(155.0,156.0)
(155.0,156.0)
(156.0,156.0)
(155.0,156.0)
(155.0,156.0)
(156.0,156.0)
(155.0,156.0)
(156.0,156.0)
(156.0,156.0)
(156.0,156.0)
(155.0,156.0)
(156.0,156.0)
(156.0,156.0)
(155.0,156.0)
(155.0,156.0)
(156.0,156.0)
(155.0,156.0)
(156.0,156.0)
(156.0,156.0)
(156.0,156.0)
(156.0,156.0)
(156.0,156.0)
(155.0,156.0)
(155.0,156.0)
(156.0,156.0)
(156.0,156.0)
(156.0,156.0)
(155.0,156.0)
(156.0,156.0)
(156.0,156.0)
(156.0,156.0)
(155.0,156.0)
(156.0,156.0)
(156.0,156.0)
(155.0,156.0)
(155.0,156.0)
(155.0,156.0)
(156.0,156.0)
(156.0,156.0)
(155.0,156.0)
(156.0,156.0)
(156.0,156.0)
(156.0,156.0)
(156.0,156.0)
(156.0,156.0)
(156.0,156.0)
(156.0,156.0)
(155.0,156.0)
(156.0,156.0)
(155.0,156.0)
(156.0,156.0)
(155.0,156.0)
(155.0,156.0)
(155.0,156.0)
(156.0,156.0)
(155.0,156.0)
(156.0,156.0)
(156.0,156.0)
(156.0,156.0)
(156.0,156.0)
(156.0,156.0)
(156.0,156.0)
(156.0,156.0)
(156.0,156.0)
(156.0,156.0)
(156.0,156.0)
(156.0,156.0)
(155.0,156.0)
(156.0,156.0)
(155.0,156.0)
(156.0,156.0)
(155.0,156.0)
(156.0,156.0)
(155.0,156.0)
(156.0,156.0)
(156.0,156.0)
(155.0,156.0)
(156.0,156.0)
(156.0,156.0)
(155.0,156.0)
(156.0,156.0)
(155.0,156.0)
(155.0,156.0)
(155.0,156.0)
(156.0,156.0)
(156.0,156.0)
(155.0,156.0)
(156.0,156.0)
(155.0,156.0)
(156.0,156.0)
(156.0,156.0)
(156.0,156.0)
(155.0,155.0)
(155.0,155.0)
(155.0,155.0)
(155.0,155.0)
(155.0,155.0)
(155.0,155.0)
(155.0,155.0)
(155.0,155.0)
(155.0,155.0)
(155.0,155.0)
(155.0,155.0)
(155.0,155.0)
(155.0,155.0)
(155.0,155.0)
(155.0,155.0)
(155.0,155.0)
(155.0,155.0)
(155.0,155.0)
(155.0,155.0)
(155.0,155.0)
(155.0,155.0)
(155.0,155.0)
(155.0,155.0)
(155.0,155.0)
(541.0,155.0)
(155.0,155.0)
(155.0,155.0)
(155.0,155.0)
(155.0,155.0)
(155.0,155.0)
(155.0,155.0)
(155.0,155.0)
(155.0,155.0)
(155.0,155.0)
(155.0,155.0)
(541.0,155.0)
(155.0,155.0)
(155.0,155.0)
(155.0,155.0)
(155.0,155.0)
(155.0,155.0)
(155.0,155.0)
(155.0,155.0)
(155.0,155.0)
(155.0,155.0)
(155.0,155.0)
(155.0,155.0)
(155.0,155.0)
(155.0,155.0)
(541.0,155.0)
(155.0,155.0)
(155.0,155.0)
(155.0,155.0)
(155.0,155.0)
(155.0,155.0)
(155.0,155.0)
(155.0,155.0)
(155.0,155.0)
(155.0,155.0)
(155.0,155.0)
(155.0,155.0)
(541.0,155.0)
(541.0,155.0)
(155.0,155.0)
(155.0,155.0)
(155.0,155.0)
(541.0,155.0)
(155.0,155.0)
(155.0,155.0)
(155.0,155.0)
(155.0,155.0)
(155.0,155.0)
(155.0,155.0)
(155.0,155.0)
(155.0,155.0)
(155.0,155.0)
(155.0,155.0)
(155.0,155.0)
(155.0,155.0)
(155.0,155.0)
(155.0,155.0)
(155.0,155.0)
(155.0,155.0)
(541.0,155.0)
(155.0,155.0)
(155.0,155.0)
(155.0,155.0)
(155.0,155.0)
(541.0,155.0)
(155.0,155.0)
(155.0,155.0)
(155.0,155.0)
(155.0,155.0)
(155.0,155.0)
(155.0,155.0)
(155.0,155.0)
(155.0,155.0)
(541.0,155.0)
(155.0,155.0)
(541.0,155.0)
(155.0,155.0)
(155.0,155.0)
(155.0,155.0)
(155.0,155.0)
(155.0,155.0)
(155.0,155.0)
(541.0,155.0)
(155.0,155.0)
(155.0,155.0)
(155.0,155.0)
(541.0,155.0)
(155.0,155.0)
(155.0,155.0)
(541.0,155.0)
(155.0,155.0)
(541.0,155.0)
(155.0,155.0)
(155.0,155.0)
(155.0,155.0)
(155.0,155.0)
(155.0,155.0)
(541.0,155.0)
(155.0,155.0)
(155.0,155.0)
(155.0,155.0)
(155.0,155.0)
(155.0,155.0)
(155.0,155.0)
(155.0,155.0)
(155.0,155.0)
(155.0,155.0)
(155.0,155.0)
(155.0,155.0)
(155.0,155.0)
(155.0,155.0)
(155.0,155.0)
(155.0,155.0)
(155.0,155.0)
(155.0,155.0)
(155.0,155.0)
(541.0,155.0)
(155.0,155.0)
(155.0,155.0)
(155.0,155.0)
(155.0,155.0)
(155.0,155.0)
(155.0,155.0)
(155.0,155.0)
(155.0,155.0)
(155.0,155.0)
(155.0,155.0)
(155.0,155.0)
(155.0,155.0)
(541.0,155.0)
(155.0,155.0)
(155.0,155.0)
(155.0,155.0)
(155.0,155.0)
(541.0,155.0)
(155.0,155.0)
(155.0,155.0)
(541.0,155.0)
(541.0,155.0)
(155.0,155.0)
(155.0,155.0)
(155.0,155.0)
(155.0,155.0)
(155.0,155.0)
(155.0,155.0)
(155.0,155.0)
(155.0,155.0)
(541.0,155.0)
(155.0,155.0)
(155.0,155.0)
(155.0,155.0)
(155.0,155.0)
(155.0,155.0)
(155.0,155.0)
(155.0,155.0)
(155.0,155.0)
(155.0,155.0)
(155.0,155.0)
(541.0,155.0)
(541.0,155.0)
(155.0,155.0)
(155.0,155.0)
(155.0,155.0)
(155.0,155.0)
(155.0,155.0)
(155.0,155.0)
(155.0,155.0)
(155.0,155.0)
(155.0,155.0)
(155.0,155.0)
(155.0,155.0)
(155.0,155.0)
(541.0,155.0)
(541.0,155.0)
(155.0,155.0)
(155.0,155.0)
(156.0,156.0)
(156.0,156.0)
(156.0,156.0)
(156.0,156.0)
(156.0,156.0)
(156.0,156.0)
(156.0,156.0)
(156.0,156.0)
(156.0,156.0)
(155.0,156.0)
(156.0,156.0)
(156.0,156.0)
(155.0,156.0)
(589.0,156.0)
(155.0,156.0)
(156.0,156.0)
(156.0,156.0)
(156.0,156.0)
(156.0,156.0)
(156.0,156.0)
(156.0,156.0)
(156.0,156.0)
(156.0,156.0)
(156.0,156.0)
(156.0,156.0)
(156.0,156.0)
(155.0,156.0)
(155.0,156.0)
(589.0,156.0)
(156.0,156.0)
(156.0,156.0)
(155.0,156.0)
(156.0,156.0)
(155.0,156.0)
(156.0,156.0)
(156.0,156.0)
(156.0,156.0)
(156.0,156.0)
(155.0,156.0)
(156.0,156.0)
(156.0,156.0)
(156.0,156.0)
(589.0,156.0)
(156.0,156.0)
(156.0,156.0)
(156.0,156.0)
(156.0,156.0)
(156.0,156.0)
(155.0,156.0)
(156.0,156.0)
(156.0,156.0)
(156.0,156.0)
(155.0,156.0)
(155.0,156.0)
(156.0,156.0)
(156.0,156.0)
(155.0,156.0)
(156.0,156.0)
(156.0,156.0)
(155.0,156.0)
(156.0,156.0)
(156.0,156.0)
(156.0,156.0)
(156.0,156.0)
(156.0,156.0)
(156.0,156.0)
(156.0,156.0)
(156.0,156.0)
(156.0,156.0)
(156.0,156.0)
(156.0,156.0)
(156.0,156.0)
(156.0,156.0)
(155.0,156.0)
(156.0,156.0)
(156.0,156.0)
(156.0,156.0)
(156.0,156.0)
(156.0,156.0)
(156.0,156.0)
(156.0,156.0)
(156.0,156.0)
(156.0,156.0)
(156.0,156.0)
(156.0,156.0)
(155.0,156.0)
(156.0,156.0)
(156.0,156.0)
(156.0,156.0)
(155.0,156.0)
(156.0,156.0)
(156.0,156.0)
(156.0,156.0)
(155.0,156.0)
(156.0,156.0)
(156.0,156.0)
(156.0,156.0)
(156.0,156.0)
(156.0,156.0)
(156.0,156.0)
(156.0,156.0)
(155.0,156.0)
(156.0,156.0)
(156.0,156.0)
(156.0,156.0)
(156.0,156.0)
(155.0,156.0)
(156.0,156.0)
(156.0,156.0)
(156.0,156.0)
(155.0,156.0)
(156.0,156.0)
(156.0,156.0)
(156.0,156.0)
(156.0,156.0)
(156.0,156.0)
(156.0,156.0)
(156.0,156.0)
(156.0,156.0)
(156.0,156.0)
(156.0,156.0)
(155.0,156.0)
(156.0,156.0)
(155.0,156.0)
(156.0,156.0)
(156.0,156.0)
(156.0,156.0)
(156.0,156.0)
(156.0,156.0)
(156.0,156.0)
(156.0,156.0)
(156.0,156.0)
(155.0,156.0)
(156.0,156.0)
(156.0,156.0)
(156.0,156.0)
(589.0,156.0)
(156.0,156.0)
(156.0,156.0)
(156.0,156.0)
(155.0,156.0)
(156.0,156.0)
(156.0,156.0)
(156.0,156.0)
(156.0,156.0)
(155.0,156.0)
(156.0,156.0)
(155.0,156.0)
(156.0,156.0)
(156.0,156.0)
(156.0,156.0)
(156.0,156.0)
(155.0,156.0)
(156.0,156.0)
(156.0,156.0)
(156.0,156.0)
(155.0,156.0)
(155.0,156.0)
(156.0,156.0)
(156.0,156.0)
(155.0,156.0)
(155.0,156.0)
(156.0,156.0)
(156.0,156.0)
(155.0,156.0)
(156.0,156.0)
(156.0,156.0)
(156.0,156.0)
(156.0,156.0)
(156.0,156.0)
(156.0,156.0)
(156.0,156.0)
(155.0,156.0)
(155.0,156.0)
(156.0,156.0)
(156.0,156.0)
(156.0,156.0)
(156.0,156.0)
(156.0,156.0)
(156.0,156.0)
(156.0,156.0)
(156.0,156.0)
(156.0,156.0)
(589.0,156.0)
(156.0,156.0)
(156.0,156.0)
(156.0,156.0)
(156.0,156.0)
(156.0,156.0)
(156.0,156.0)
(156.0,156.0)
(156.0,156.0)
(156.0,156.0)
(156.0,156.0)
(156.0,156.0)
(156.0,156.0)
(155.0,156.0)
(156.0,156.0)
(155.0,156.0)
(156.0,156.0)
(155.0,155.0)
(155.0,155.0)
(155.0,155.0)
(155.0,155.0)
(155.0,155.0)
(155.0,155.0)
(155.0,155.0)
(155.0,155.0)
(155.0,155.0)
(155.0,155.0)
(155.0,155.0)
(155.0,155.0)
(155.0,155.0)
(155.0,155.0)
(155.0,155.0)
(155.0,155.0)
(155.0,155.0)
(155.0,155.0)
(155.0,155.0)
(155.0,155.0)
(155.0,155.0)
(155.0,155.0)
(155.0,155.0)
(155.0,155.0)
(155.0,155.0)
(155.0,155.0)
(155.0,155.0)
(155.0,155.0)
(155.0,155.0)
(155.0,155.0)
(155.0,155.0)
(155.0,155.0)
(155.0,155.0)
(155.0,155.0)
(155.0,155.0)
(155.0,155.0)
(155.0,155.0)
(155.0,155.0)
(155.0,155.0)
(155.0,155.0)
(155.0,155.0)
(155.0,155.0)
(155.0,155.0)
(155.0,155.0)
(155.0,155.0)
(155.0,155.0)
(155.0,155.0)
(155.0,155.0)
(155.0,155.0)
(155.0,155.0)
(155.0,155.0)
(155.0,155.0)
(155.0,155.0)
(155.0,155.0)
(155.0,155.0)
(155.0,155.0)
(155.0,155.0)
(155.0,155.0)
(155.0,155.0)
(155.0,155.0)
(155.0,155.0)
(155.0,155.0)
(155.0,155.0)
(155.0,155.0)
(155.0,155.0)
(155.0,155.0)
(155.0,155.0)
(155.0,155.0)
(155.0,155.0)
(155.0,155.0)
(155.0,155.0)
(155.0,155.0)
(155.0,155.0)
(155.0,155.0)
(155.0,155.0)
(155.0,155.0)
(155.0,155.0)
(155.0,155.0)
(155.0,155.0)
(155.0,155.0)
(155.0,155.0)
(155.0,155.0)
(155.0,155.0)
(155.0,155.0)
(155.0,155.0)
(155.0,155.0)
(155.0,155.0)
(155.0,155.0)
(155.0,155.0)
(155.0,155.0)
(155.0,155.0)
(155.0,155.0)
(155.0,155.0)
(155.0,155.0)
(155.0,155.0)
(155.0,155.0)
(155.0,155.0)
(155.0,155.0)
(155.0,155.0)
(155.0,155.0)
(155.0,155.0)
(155.0,155.0)
(155.0,155.0)
(155.0,155.0)
(155.0,155.0)
(155.0,155.0)
(155.0,155.0)
(155.0,155.0)
(155.0,155.0)
(155.0,155.0)
(155.0,155.0)
(155.0,155.0)
(155.0,155.0)
(155.0,155.0)
(155.0,155.0)
(155.0,155.0)
(155.0,155.0)
(155.0,155.0)
(155.0,155.0)
(155.0,155.0)
(155.0,155.0)
(155.0,155.0)
(155.0,155.0)
(155.0,155.0)
(155.0,155.0)
(155.0,155.0)
(155.0,155.0)
(155.0,155.0)
(155.0,155.0)
(155.0,155.0)
(155.0,155.0)
(155.0,155.0)
(155.0,155.0)
(155.0,155.0)
(155.0,155.0)
(155.0,155.0)
(155.0,155.0)
(155.0,155.0)
(155.0,155.0)
(155.0,155.0)
(155.0,155.0)
(155.0,155.0)
(155.0,155.0)
(155.0,155.0)
(155.0,155.0)
(155.0,155.0)
(155.0,155.0)
(155.0,155.0)
(155.0,155.0)
(155.0,155.0)
(155.0,155.0)
(155.0,155.0)
(155.0,155.0)
(155.0,155.0)
(155.0,155.0)
(155.0,155.0)
(155.0,155.0)
(155.0,155.0)
(155.0,155.0)
(155.0,155.0)
(155.0,155.0)
(155.0,155.0)
(155.0,155.0)
(155.0,155.0)
(155.0,155.0)
(155.0,155.0)
(155.0,155.0)
(155.0,155.0)
(155.0,155.0)
(155.0,155.0)
(155.0,155.0)
(155.0,155.0)
(155.0,155.0)
(155.0,155.0)
(155.0,155.0)
(155.0,155.0)
(155.0,155.0)
(155.0,155.0)
(155.0,155.0)
(155.0,155.0)
(155.0,155.0)
(155.0,155.0)
(155.0,155.0)
(155.0,155.0)
(155.0,155.0)
(155.0,155.0)
(155.0,155.0)
(155.0,155.0)
(155.0,155.0)
(155.0,155.0)
(155.0,155.0)
(155.0,155.0)
(155.0,155.0)
(155.0,155.0)
(155.0,155.0)
(155.0,155.0)
(155.0,155.0)
(155.0,155.0)
(155.0,155.0)
(155.0,155.0)
(156.0,156.0)
(156.0,156.0)
(155.0,156.0)
(156.0,156.0)
(156.0,156.0)
(156.0,156.0)
(156.0,156.0)
(156.0,156.0)
(156.0,156.0)
(155.0,156.0)
(156.0,156.0)
(156.0,156.0)
(156.0,156.0)
(156.0,156.0)
(156.0,156.0)
(156.0,156.0)
(156.0,156.0)
(156.0,156.0)
(156.0,156.0)
(156.0,156.0)
(156.0,156.0)
(156.0,156.0)
(156.0,156.0)
(156.0,156.0)
(156.0,156.0)
(156.0,156.0)
(156.0,156.0)
(156.0,156.0)
(156.0,156.0)
(156.0,156.0)
(156.0,156.0)
(156.0,156.0)
(156.0,156.0)
(156.0,156.0)
(156.0,156.0)
(156.0,156.0)
(156.0,156.0)
(156.0,156.0)
(156.0,156.0)
(156.0,156.0)
(156.0,156.0)
(156.0,156.0)
(156.0,156.0)
(156.0,156.0)
(156.0,156.0)
(156.0,156.0)
(156.0,156.0)
(156.0,156.0)
(156.0,156.0)
(156.0,156.0)
(156.0,156.0)
(156.0,156.0)
(155.0,156.0)
(155.0,156.0)
(156.0,156.0)
(156.0,156.0)
(155.0,156.0)
(156.0,156.0)
(156.0,156.0)
(156.0,156.0)
(156.0,156.0)
(156.0,156.0)
(156.0,156.0)
(156.0,156.0)
(156.0,156.0)
(156.0,156.0)
(156.0,156.0)
(156.0,156.0)
(156.0,156.0)
(156.0,156.0)
(156.0,156.0)
(156.0,156.0)
(156.0,156.0)
(156.0,156.0)
(156.0,156.0)
(156.0,156.0)
(156.0,156.0)
(156.0,156.0)
(155.0,156.0)
(156.0,156.0)
(156.0,156.0)
(156.0,156.0)
(156.0,156.0)
(156.0,156.0)
(156.0,156.0)
(155.0,156.0)
(156.0,156.0)
(156.0,156.0)
(156.0,156.0)
(156.0,156.0)
(156.0,156.0)
(156.0,156.0)
(155.0,156.0)
(156.0,156.0)
(156.0,156.0)
(156.0,156.0)
(156.0,156.0)
(155.0,156.0)
(155.0,156.0)
(156.0,156.0)
(156.0,156.0)
(156.0,156.0)
(156.0,156.0)
(156.0,156.0)
(156.0,156.0)
(156.0,156.0)
(156.0,156.0)
(156.0,156.0)
(155.0,156.0)
(156.0,156.0)
(155.0,156.0)
(156.0,156.0)
(156.0,156.0)
(156.0,156.0)
(156.0,156.0)
(156.0,156.0)
(156.0,156.0)
(156.0,156.0)
(156.0,156.0)
(156.0,156.0)
(156.0,156.0)
(156.0,156.0)
(155.0,156.0)
(156.0,156.0)
(156.0,156.0)
(156.0,156.0)
(156.0,156.0)
(156.0,156.0)
(156.0,156.0)
(156.0,156.0)
(156.0,156.0)
(156.0,156.0)
(156.0,156.0)
(156.0,156.0)
(156.0,156.0)
(156.0,156.0)
(156.0,156.0)
(156.0,156.0)
(156.0,156.0)
(156.0,156.0)
(156.0,156.0)
(156.0,156.0)
(155.0,156.0)
(156.0,156.0)
(156.0,156.0)
(156.0,156.0)
(156.0,156.0)
(155.0,156.0)
(156.0,156.0)
(156.0,156.0)
(156.0,156.0)
(156.0,156.0)
(156.0,156.0)
(156.0,156.0)
(156.0,156.0)
(155.0,156.0)
(156.0,156.0)
(155.0,156.0)
(156.0,156.0)
(156.0,156.0)
(155.0,156.0)
(155.0,156.0)
(156.0,156.0)
(156.0,156.0)
(156.0,156.0)
(156.0,156.0)
(156.0,156.0)
(156.0,156.0)
(156.0,156.0)
(156.0,156.0)
(156.0,156.0)
(156.0,156.0)
(156.0,156.0)
(156.0,156.0)
(156.0,156.0)
(156.0,156.0)
(156.0,156.0)
(156.0,156.0)
(156.0,156.0)
(156.0,156.0)
(156.0,156.0)
(155.0,156.0)
(156.0,156.0)
(156.0,156.0)
(156.0,156.0)
(156.0,156.0)
(156.0,156.0)
(156.0,156.0)
(156.0,156.0)
(156.0,156.0)
(156.0,156.0)
(156.0,156.0)
(156.0,156.0)
(156.0,156.0)
(156.0,156.0)
(156.0,156.0)
(155.0,156.0)
(156.0,156.0)
(156.0,156.0)
(156.0,156.0)
(156.0,156.0)
(155.0,156.0)
(155.0,156.0)
(156.0,156.0)
(155.0,156.0)
(156.0,156.0)
(156.0,156.0)
(155.0,156.0)
(156.0,156.0)
(155.0,156.0)
(156.0,156.0)
(156.0,156.0)
(156.0,156.0)
(156.0,156.0)
(156.0,156.0)
(156.0,156.0)
(156.0,156.0)
(156.0,156.0)
(156.0,156.0)
(156.0,156.0)
(156.0,156.0)
(156.0,156.0)
(156.0,156.0)
(156.0,156.0)
(156.0,156.0)
(155.0,156.0)
(156.0,156.0)
(156.0,156.0)
(156.0,156.0)
(155.0,156.0)
(156.0,156.0)
(155.0,156.0)
(156.0,156.0)
(156.0,156.0)
(156.0,156.0)
(156.0,156.0)
(156.0,156.0)
(155.0,156.0)
(156.0,156.0)
(156.0,156.0)
(155.0,156.0)
(156.0,156.0)
(156.0,156.0)
(155.0,156.0)
(156.0,156.0)
(155.0,156.0)
(156.0,156.0)
(156.0,156.0)
(156.0,156.0)
(156.0,156.0)
(155.0,156.0)
(156.0,156.0)
(155.0,156.0)
(155.0,156.0)
(156.0,156.0)
(156.0,156.0)
(156.0,156.0)
(156.0,156.0)
(156.0,156.0)
(155.0,156.0)
(156.0,156.0)
(156.0,156.0)
(156.0,156.0)
(156.0,156.0)
(156.0,156.0)
(155.0,156.0)
(156.0,156.0)
(156.0,156.0)
(156.0,156.0)
(156.0,156.0)
(156.0,156.0)
(156.0,156.0)
(156.0,156.0)
(156.0,156.0)
(155.0,156.0)
(156.0,156.0)
(156.0,156.0)
(156.0,156.0)
(156.0,156.0)
(156.0,156.0)
(156.0,156.0)
(156.0,156.0)
(156.0,156.0)
(155.0,156.0)
(155.0,156.0)
(155.0,156.0)
(156.0,156.0)
(156.0,156.0)
(156.0,156.0)
(156.0,156.0)
(156.0,156.0)
(156.0,156.0)
(155.0,156.0)
(156.0,156.0)
(156.0,156.0)
(155.0,156.0)
(156.0,156.0)
(155.0,156.0)
(155.0,156.0)
(156.0,156.0)
(156.0,156.0)
(156.0,156.0)
(156.0,156.0)
(155.0,156.0)
(156.0,156.0)
(156.0,156.0)
(156.0,156.0)
(156.0,156.0)
(155.0,156.0)
(155.0,156.0)
(155.0,156.0)
(156.0,156.0)
(155.0,156.0)
(156.0,156.0)
(155.0,156.0)
(156.0,156.0)
(156.0,156.0)
(156.0,156.0)
(155.0,156.0)
(156.0,156.0)
(156.0,156.0)
(155.0,156.0)
(156.0,156.0)
(156.0,156.0)
(156.0,156.0)
(156.0,156.0)
(156.0,156.0)
(156.0,156.0)
(156.0,156.0)
(155.0,156.0)
(156.0,156.0)
(155.0,156.0)
(156.0,156.0)
(156.0,156.0)
(155.0,156.0)
(156.0,156.0)
(156.0,156.0)
(156.0,156.0)
(156.0,156.0)
(156.0,156.0)
(156.0,156.0)
(155.0,156.0)
(155.0,156.0)
(156.0,156.0)
(156.0,156.0)
(156.0,156.0)
(155.0,156.0)
(156.0,156.0)
(156.0,156.0)
(156.0,156.0)
(156.0,156.0)
(156.0,156.0)
(156.0,156.0)
(156.0,156.0)
(155.0,156.0)
(156.0,156.0)
(155.0,156.0)
(156.0,156.0)
(155.0,156.0)
(155.0,156.0)
(155.0,156.0)
(156.0,156.0)
(156.0,156.0)
(156.0,156.0)
(156.0,156.0)
(156.0,156.0)
(156.0,156.0)
(156.0,156.0)
(156.0,156.0)
(156.0,156.0)
(156.0,156.0)
(156.0,156.0)
(156.0,156.0)
(156.0,156.0)
(156.0,156.0)
(156.0,156.0)
(156.0,156.0)
(156.0,156.0)
(155.0,156.0)
(156.0,156.0)
(155.0,156.0)
(155.0,156.0)
(156.0,156.0)
(156.0,156.0)
(156.0,156.0)
(156.0,156.0)
(155.0,156.0)
(156.0,156.0)
(156.0,156.0)
(156.0,156.0)
(155.0,156.0)
(156.0,156.0)
(156.0,156.0)
(156.0,156.0)
(156.0,156.0)
(156.0,156.0)
(156.0,156.0)
(156.0,156.0)
(156.0,156.0)
(156.0,156.0)
(157.0,157.0)
(160.0,157.0)
(160.0,157.0)
(157.0,157.0)
(160.0,157.0)
(157.0,157.0)
(157.0,157.0)
(160.0,157.0)
(160.0,157.0)
(157.0,157.0)
(157.0,157.0)
(157.0,157.0)
(160.0,157.0)
(157.0,157.0)
(157.0,157.0)
(157.0,157.0)
(157.0,157.0)
(160.0,157.0)
(160.0,157.0)
(160.0,157.0)
(157.0,157.0)
(157.0,157.0)
(157.0,157.0)
(157.0,157.0)
(157.0,157.0)
(160.0,157.0)
(157.0,157.0)
(160.0,157.0)
(157.0,157.0)
(157.0,157.0)
(157.0,157.0)
(160.0,157.0)
(157.0,157.0)
(160.0,157.0)
(157.0,157.0)
(157.0,157.0)
(157.0,157.0)
(157.0,157.0)
(157.0,157.0)
(157.0,157.0)
(160.0,157.0)
(157.0,157.0)
(157.0,157.0)
(160.0,157.0)
(157.0,157.0)
(157.0,157.0)
(160.0,157.0)
(157.0,157.0)
(160.0,157.0)
(157.0,157.0)
(160.0,157.0)
(157.0,157.0)
(157.0,157.0)
(160.0,157.0)
(157.0,157.0)
(157.0,157.0)
(157.0,157.0)
(157.0,157.0)
(160.0,157.0)
(157.0,157.0)
(157.0,157.0)
(160.0,157.0)
(160.0,157.0)
(157.0,157.0)
(157.0,157.0)
(157.0,157.0)
(447.0,157.0)
(157.0,157.0)
(160.0,157.0)
(157.0,157.0)
(157.0,157.0)
(447.0,157.0)
(157.0,157.0)
(157.0,157.0)
(160.0,157.0)
(157.0,157.0)
(157.0,157.0)
(160.0,157.0)
(447.0,157.0)
(157.0,157.0)
(157.0,157.0)
(160.0,157.0)
(160.0,157.0)
(157.0,157.0)
(160.0,157.0)
(157.0,157.0)
(157.0,157.0)
(160.0,157.0)
(157.0,157.0)
(157.0,157.0)
(157.0,157.0)
(157.0,157.0)
(157.0,157.0)
(157.0,157.0)
(447.0,157.0)
(160.0,157.0)
(157.0,157.0)
(157.0,157.0)
(160.0,157.0)
(160.0,157.0)
(160.0,157.0)
(160.0,157.0)
(157.0,157.0)
(160.0,157.0)
(157.0,157.0)
(447.0,157.0)
(160.0,157.0)
(157.0,157.0)
(447.0,157.0)
(157.0,157.0)
(157.0,157.0)
(160.0,157.0)
(160.0,157.0)
(157.0,157.0)
(160.0,157.0)
(160.0,157.0)
(160.0,157.0)
(157.0,157.0)
(160.0,157.0)
(157.0,157.0)
(157.0,157.0)
(157.0,157.0)
(160.0,157.0)
(157.0,157.0)
(157.0,157.0)
(160.0,157.0)
(160.0,157.0)
(157.0,157.0)
(157.0,157.0)
(157.0,157.0)
(160.0,157.0)
(160.0,157.0)
(157.0,157.0)
(160.0,157.0)
(157.0,157.0)
(157.0,157.0)
(157.0,157.0)
(157.0,157.0)
(160.0,157.0)
(160.0,157.0)
(157.0,157.0)
(160.0,157.0)
(157.0,157.0)
(160.0,157.0)
(157.0,157.0)
(160.0,157.0)
(157.0,157.0)
(157.0,157.0)
(160.0,157.0)
(160.0,157.0)
(160.0,157.0)
(157.0,157.0)
(157.0,157.0)
(160.0,157.0)
(157.0,157.0)
(160.0,157.0)
(157.0,157.0)
(157.0,157.0)
(157.0,157.0)
(157.0,157.0)
(157.0,157.0)
(160.0,157.0)
(157.0,157.0)
(157.0,157.0)
(157.0,157.0)
(160.0,157.0)
(157.0,157.0)
(157.0,157.0)
(417.0,157.0)
(157.0,157.0)
(160.0,157.0)
(157.0,157.0)
(157.0,157.0)
(157.0,157.0)
(160.0,157.0)
(160.0,157.0)
(160.0,157.0)
(160.0,157.0)
(157.0,157.0)
(157.0,157.0)
(157.0,157.0)
(157.0,157.0)
(157.0,157.0)
(160.0,157.0)
(157.0,157.0)
(160.0,157.0)
(157.0,157.0)
(160.0,157.0)
(417.0,157.0)
(160.0,157.0)
(160.0,157.0)
(157.0,157.0)
(160.0,157.0)
(157.0,157.0)
(157.0,157.0)
(160.0,157.0)
(157.0,157.0)
(157.0,157.0)
(157.0,157.0)
(160.0,157.0)
(157.0,157.0)
(157.0,157.0)
(172.0,157.0)
(157.0,157.0)
(157.0,157.0)
(157.0,157.0)
(157.0,157.0)
(157.0,157.0)
(157.0,157.0)
(157.0,157.0)
(157.0,157.0)
(157.0,157.0)
(157.0,157.0)
(157.0,157.0)
(157.0,157.0)
(157.0,157.0)
(157.0,157.0)
(157.0,157.0)
(157.0,157.0)
(157.0,157.0)
(157.0,157.0)
(157.0,157.0)
(157.0,157.0)
(157.0,157.0)
(157.0,157.0)
(157.0,157.0)
(157.0,157.0)
(157.0,157.0)
(157.0,157.0)
(157.0,157.0)
(157.0,157.0)
(157.0,157.0)
(157.0,157.0)
(157.0,157.0)
(157.0,157.0)
(157.0,157.0)
(157.0,157.0)
(157.0,157.0)
(157.0,157.0)
(157.0,157.0)
(157.0,157.0)
(157.0,157.0)
(157.0,157.0)
(157.0,157.0)
(157.0,157.0)
(157.0,157.0)
(157.0,157.0)
(157.0,157.0)
(157.0,157.0)
(157.0,157.0)
(157.0,157.0)
(157.0,157.0)
(157.0,157.0)
(157.0,157.0)
(157.0,157.0)
(157.0,157.0)
(157.0,157.0)
(157.0,157.0)
(157.0,157.0)
(157.0,157.0)
(157.0,157.0)
(157.0,157.0)
(157.0,157.0)
(157.0,157.0)
(157.0,157.0)
(157.0,157.0)
(157.0,157.0)
(157.0,157.0)
(157.0,157.0)
(157.0,157.0)
(157.0,157.0)
(157.0,157.0)
(157.0,157.0)
(157.0,157.0)
(157.0,157.0)
(157.0,157.0)
(157.0,157.0)
(157.0,157.0)
(157.0,157.0)
(157.0,157.0)
(157.0,157.0)
(172.0,157.0)
(157.0,157.0)
(157.0,157.0)
(157.0,157.0)
(157.0,157.0)
(157.0,157.0)
(157.0,157.0)
(157.0,157.0)
(157.0,157.0)
(157.0,157.0)
(157.0,157.0)
(157.0,157.0)
(157.0,157.0)
(157.0,157.0)
(157.0,157.0)
(157.0,157.0)
(157.0,157.0)
(157.0,157.0)
(157.0,157.0)
(172.0,157.0)
(172.0,157.0)
(157.0,157.0)
(157.0,157.0)
(157.0,157.0)
(157.0,157.0)
(157.0,157.0)
(157.0,157.0)
(157.0,157.0)
(157.0,157.0)
(157.0,157.0)
(157.0,157.0)
(172.0,157.0)
(157.0,157.0)
(157.0,157.0)
(157.0,157.0)
(157.0,157.0)
(157.0,157.0)
(157.0,157.0)
(157.0,157.0)
(157.0,157.0)
(157.0,157.0)
(157.0,157.0)
(157.0,157.0)
(157.0,157.0)
(157.0,157.0)
(172.0,157.0)
(157.0,157.0)
(157.0,157.0)
(157.0,157.0)
(157.0,157.0)
(157.0,157.0)
(157.0,157.0)
(157.0,157.0)
(157.0,157.0)
(157.0,157.0)
(157.0,157.0)
(157.0,157.0)
(157.0,157.0)
(157.0,157.0)
(157.0,157.0)
(157.0,157.0)
(157.0,157.0)
(157.0,157.0)
(157.0,157.0)
(157.0,157.0)
(157.0,157.0)
(157.0,157.0)
(157.0,157.0)
(157.0,157.0)
(157.0,157.0)
(157.0,157.0)
(157.0,157.0)
(157.0,157.0)
(157.0,157.0)
(157.0,157.0)
(157.0,157.0)
(157.0,157.0)
(157.0,157.0)
(157.0,157.0)
(157.0,157.0)
(157.0,157.0)
(157.0,157.0)
(157.0,157.0)
(157.0,157.0)
(157.0,157.0)
(157.0,157.0)
(157.0,157.0)
(157.0,157.0)
(157.0,157.0)
(157.0,157.0)
(157.0,157.0)
(157.0,157.0)
(157.0,157.0)
(157.0,157.0)
(157.0,157.0)
(157.0,157.0)
(157.0,157.0)
(157.0,157.0)
(157.0,157.0)
(157.0,157.0)
(157.0,157.0)
(157.0,157.0)
(157.0,157.0)
(157.0,157.0)
(157.0,157.0)
(157.0,157.0)
(157.0,157.0)
(157.0,157.0)
(172.0,157.0)
(157.0,157.0)
(157.0,157.0)
(157.0,157.0)
(157.0,157.0)
(157.0,157.0)
(157.0,157.0)
(157.0,157.0)
(157.0,157.0)
(157.0,157.0)
(157.0,157.0)
(157.0,157.0)
(585.0,157.0)
(585.0,157.0)
(157.0,157.0)
(585.0,157.0)
(157.0,157.0)
(157.0,157.0)
(585.0,157.0)
(673.0,157.0)
(157.0,157.0)
(157.0,157.0)
(157.0,157.0)
(161.0,157.0)
(157.0,157.0)
(157.0,157.0)
(160.0,157.0)
(585.0,157.0)
(298.0,157.0)
(585.0,157.0)
(157.0,157.0)
(157.0,157.0)
(161.0,157.0)
(157.0,157.0)
(157.0,157.0)
(298.0,157.0)
(157.0,157.0)
(585.0,157.0)
(157.0,157.0)
(157.0,157.0)
(157.0,157.0)
(673.0,157.0)
(157.0,157.0)
(585.0,157.0)
(157.0,157.0)
(157.0,157.0)
(157.0,157.0)
(157.0,157.0)
(157.0,157.0)
(585.0,157.0)
(157.0,157.0)
(157.0,157.0)
(585.0,157.0)
(157.0,157.0)
(157.0,157.0)
(585.0,157.0)
(157.0,157.0)
(585.0,157.0)
(157.0,157.0)
(298.0,157.0)
(157.0,157.0)
(157.0,157.0)
(585.0,157.0)
(157.0,157.0)
(157.0,157.0)
(298.0,157.0)
(298.0,157.0)
(157.0,157.0)
(585.0,157.0)
(673.0,157.0)
(157.0,157.0)
(157.0,157.0)
(157.0,157.0)
(157.0,157.0)
(157.0,157.0)
(585.0,157.0)
(160.0,157.0)
(157.0,157.0)
(157.0,157.0)
(157.0,157.0)
(157.0,157.0)
(585.0,157.0)
(157.0,157.0)
(157.0,157.0)
(673.0,157.0)
(157.0,157.0)
(157.0,157.0)
(157.0,157.0)
(585.0,157.0)
(298.0,157.0)
(157.0,157.0)
(298.0,157.0)
(157.0,157.0)
(157.0,157.0)
(585.0,157.0)
(157.0,157.0)
(157.0,157.0)
(157.0,157.0)
(157.0,157.0)
(157.0,157.0)
(157.0,157.0)
(157.0,157.0)
(161.0,157.0)
(157.0,157.0)
(673.0,157.0)
(298.0,157.0)
(585.0,157.0)
(585.0,157.0)
(157.0,157.0)
(298.0,157.0)
(157.0,157.0)
(157.0,157.0)
(585.0,157.0)
(157.0,157.0)
(157.0,157.0)
(157.0,157.0)
(157.0,157.0)
(585.0,157.0)
(585.0,157.0)
(157.0,157.0)
(298.0,157.0)
(585.0,157.0)
(585.0,157.0)
(157.0,157.0)
(585.0,157.0)
(157.0,157.0)
(157.0,157.0)
(157.0,157.0)
(585.0,157.0)
(157.0,157.0)
(157.0,157.0)
(673.0,157.0)
(585.0,157.0)
(157.0,157.0)
(157.0,157.0)
(161.0,157.0)
(585.0,157.0)
(157.0,157.0)
(585.0,157.0)
(157.0,157.0)
(157.0,157.0)
(157.0,157.0)
(157.0,157.0)
(161.0,157.0)
(298.0,157.0)
(157.0,157.0)
(673.0,157.0)
(157.0,157.0)
(585.0,157.0)
(160.0,157.0)
(585.0,157.0)
(157.0,157.0)
(157.0,157.0)
(585.0,157.0)
(585.0,157.0)
(585.0,157.0)
(157.0,157.0)
(157.0,157.0)
(585.0,157.0)
(157.0,157.0)
(161.0,157.0)
(157.0,157.0)
(157.0,157.0)
(157.0,157.0)
(157.0,157.0)
(157.0,157.0)
(585.0,157.0)
(157.0,157.0)
(157.0,157.0)
(585.0,157.0)
(157.0,157.0)
(157.0,157.0)
(161.0,157.0)
(157.0,157.0)
(298.0,157.0)
(157.0,157.0)
(673.0,157.0)
(157.0,157.0)
(161.0,157.0)
(585.0,157.0)
(585.0,157.0)
(585.0,157.0)
(157.0,157.0)
(157.0,157.0)
(157.0,157.0)
(157.0,157.0)
(157.0,157.0)
(585.0,157.0)
(157.0,157.0)
(585.0,157.0)
(157.0,157.0)
(585.0,157.0)
(161.0,157.0)
(585.0,157.0)
(673.0,157.0)
(157.0,157.0)
(673.0,157.0)
(157.0,157.0)
(160.0,157.0)
(585.0,157.0)
(157.0,157.0)
(585.0,157.0)
(164.0,160.0)
(344.0,160.0)
(165.0,160.0)
(344.0,160.0)
(165.0,160.0)
(165.0,160.0)
(165.0,160.0)
(165.0,160.0)
(165.0,160.0)
(123.0,160.0)
(165.0,160.0)
(165.0,160.0)
(165.0,160.0)
(165.0,160.0)
(165.0,160.0)
(559.0,160.0)
(165.0,160.0)
(164.0,160.0)
(164.0,160.0)
(559.0,160.0)
(165.0,160.0)
(164.0,160.0)
(123.0,160.0)
(164.0,160.0)
(344.0,160.0)
(165.0,160.0)
(165.0,160.0)
(165.0,160.0)
(165.0,160.0)
(123.0,160.0)
(344.0,160.0)
(164.0,160.0)
(165.0,160.0)
(123.0,160.0)
(164.0,160.0)
(164.0,160.0)
(164.0,160.0)
(165.0,160.0)
(164.0,160.0)
(165.0,160.0)
(165.0,160.0)
(165.0,160.0)
(344.0,160.0)
(164.0,160.0)
(165.0,160.0)
(165.0,160.0)
(165.0,160.0)
(164.0,160.0)
(344.0,160.0)
(165.0,160.0)
(165.0,160.0)
(165.0,160.0)
(165.0,160.0)
(123.0,160.0)
(165.0,160.0)
(165.0,160.0)
(165.0,160.0)
(164.0,160.0)
(348.0,160.0)
(164.0,160.0)
(164.0,160.0)
(165.0,160.0)
(344.0,160.0)
(165.0,160.0)
(165.0,160.0)
(164.0,160.0)
(165.0,160.0)
(165.0,160.0)
(165.0,160.0)
(165.0,160.0)
(165.0,160.0)
(164.0,160.0)
(164.0,160.0)
(165.0,160.0)
(344.0,160.0)
(123.0,160.0)
(164.0,160.0)
(165.0,160.0)
(164.0,160.0)
(165.0,160.0)
(165.0,160.0)
(164.0,160.0)
(164.0,160.0)
(164.0,160.0)
(165.0,160.0)
(165.0,160.0)
(164.0,160.0)
(165.0,160.0)
(165.0,160.0)
(165.0,160.0)
