(713.0,715.0)
(719.0,715.0)
(332.0,715.0)
(713.0,715.0)
(713.0,715.0)
(332.0,715.0)
(715.0,715.0)
(332.0,715.0)
(713.0,715.0)
(332.0,715.0)
(332.0,715.0)
(713.0,715.0)
(332.0,715.0)
(713.0,715.0)
(332.0,715.0)
(713.0,715.0)
(713.0,715.0)
(713.0,715.0)
(715.0,715.0)
(715.0,715.0)
(715.0,715.0)
(715.0,715.0)
(715.0,715.0)
(312.0,715.0)
(312.0,715.0)
(715.0,715.0)
(715.0,715.0)
(715.0,715.0)
(715.0,715.0)
(312.0,715.0)
(715.0,715.0)
(715.0,715.0)
(715.0,715.0)
(312.0,715.0)
(312.0,715.0)
(312.0,715.0)
(715.0,715.0)
(715.0,715.0)
(715.0,715.0)
(312.0,715.0)
(715.0,715.0)
(715.0,715.0)
(715.0,715.0)
(715.0,715.0)
(312.0,715.0)
(719.0,715.0)
(715.0,715.0)
(715.0,715.0)
(715.0,715.0)
(715.0,715.0)
(715.0,715.0)
(715.0,715.0)
(312.0,715.0)
(715.0,715.0)
(342.0,715.0)
(715.0,715.0)
(312.0,715.0)
(312.0,715.0)
(312.0,715.0)
(715.0,715.0)
(715.0,715.0)
(715.0,715.0)
(715.0,715.0)
(715.0,715.0)
(715.0,715.0)
(715.0,715.0)
(715.0,715.0)
(715.0,715.0)
(342.0,715.0)
(312.0,715.0)
(715.0,715.0)
(715.0,715.0)
(715.0,715.0)
(297.0,715.0)
(342.0,715.0)
(715.0,715.0)
(715.0,715.0)
(715.0,715.0)
(715.0,715.0)
(312.0,715.0)
(312.0,715.0)
(312.0,715.0)
(715.0,715.0)
(715.0,715.0)
(312.0,715.0)
(715.0,715.0)
(715.0,715.0)
(312.0,715.0)
(715.0,715.0)
(715.0,715.0)
(715.0,715.0)
(715.0,715.0)
(715.0,715.0)
(715.0,715.0)
(715.0,715.0)
(715.0,715.0)
(715.0,715.0)
(715.0,715.0)
(715.0,715.0)
(715.0,715.0)
(312.0,715.0)
(715.0,715.0)
(715.0,715.0)
(715.0,715.0)
(312.0,715.0)
(312.0,715.0)
(715.0,715.0)
(715.0,715.0)
(715.0,715.0)
(715.0,715.0)
(715.0,715.0)
(715.0,715.0)
(715.0,715.0)
(715.0,715.0)
(312.0,715.0)
(715.0,715.0)
(715.0,715.0)
(715.0,715.0)
(715.0,715.0)
(715.0,715.0)
(312.0,715.0)
(715.0,715.0)
(715.0,715.0)
(342.0,715.0)
(715.0,715.0)
(715.0,715.0)
(312.0,715.0)
(312.0,715.0)
(312.0,715.0)
(715.0,715.0)
(715.0,715.0)
(715.0,715.0)
(715.0,715.0)
(715.0,715.0)
(715.0,715.0)
(312.0,715.0)
(312.0,715.0)
(297.0,715.0)
(715.0,715.0)
(715.0,715.0)
(715.0,715.0)
(715.0,715.0)
(715.0,715.0)
(312.0,715.0)
(715.0,715.0)
(312.0,715.0)
(715.0,715.0)
(715.0,715.0)
(715.0,715.0)
(715.0,715.0)
(715.0,715.0)
(715.0,715.0)
(715.0,715.0)
(715.0,715.0)
(715.0,715.0)
(715.0,715.0)
(312.0,715.0)
(715.0,715.0)
(715.0,715.0)
(312.0,715.0)
(715.0,715.0)
(312.0,715.0)
(312.0,715.0)
(715.0,715.0)
(715.0,715.0)
(715.0,715.0)
(715.0,715.0)
(715.0,715.0)
(327.0,715.0)
(715.0,715.0)
(312.0,715.0)
(312.0,715.0)
(715.0,715.0)
(312.0,715.0)
(715.0,715.0)
(312.0,715.0)
(312.0,715.0)
(715.0,715.0)
(312.0,715.0)
(715.0,715.0)
(312.0,715.0)
(715.0,715.0)
(715.0,715.0)
(715.0,715.0)
(715.0,715.0)
(312.0,715.0)
(715.0,715.0)
(715.0,715.0)
(715.0,715.0)
(715.0,715.0)
(715.0,715.0)
(715.0,715.0)
(715.0,715.0)
(715.0,715.0)
(312.0,715.0)
(715.0,715.0)
(312.0,715.0)
(715.0,715.0)
(312.0,715.0)
(715.0,715.0)
(297.0,715.0)
(715.0,715.0)
(715.0,715.0)
(312.0,715.0)
(715.0,715.0)
(312.0,715.0)
(312.0,715.0)
(715.0,715.0)
(715.0,715.0)
(312.0,715.0)
(312.0,715.0)
(312.0,715.0)
(715.0,715.0)
(715.0,715.0)
(715.0,715.0)
(715.0,715.0)
(715.0,715.0)
(715.0,715.0)
(715.0,718.0)
(326.0,718.0)
(326.0,718.0)
(715.0,718.0)
(327.0,718.0)
(715.0,718.0)
(327.0,718.0)
(326.0,718.0)
(704.0,718.0)
(715.0,718.0)
(597.0,718.0)
(704.0,718.0)
(715.0,718.0)
(715.0,718.0)
(715.0,718.0)
(713.0,718.0)
(327.0,718.0)
(326.0,718.0)
(715.0,718.0)
(327.0,718.0)
(715.0,718.0)
(715.0,718.0)
(715.0,718.0)
(280.0,718.0)
(715.0,718.0)
(713.0,718.0)
(326.0,718.0)
(715.0,718.0)
(713.0,718.0)
(715.0,718.0)
(326.0,718.0)
(713.0,718.0)
(715.0,718.0)
(715.0,718.0)
(715.0,718.0)
(715.0,718.0)
(715.0,718.0)
(326.0,718.0)
(704.0,718.0)
(280.0,718.0)
(713.0,718.0)
(715.0,718.0)
(327.0,718.0)
(327.0,718.0)
(715.0,718.0)
(715.0,718.0)
(713.0,718.0)
(326.0,718.0)
(597.0,718.0)
(715.0,718.0)
(713.0,718.0)
(715.0,718.0)
(715.0,718.0)
(715.0,718.0)
(715.0,718.0)
(715.0,718.0)
(326.0,718.0)
(658.0,718.0)
(280.0,718.0)
(715.0,718.0)
(698.0,718.0)
(326.0,718.0)
(715.0,718.0)
(715.0,718.0)
(715.0,718.0)
(715.0,718.0)
(327.0,718.0)
(280.0,718.0)
(326.0,718.0)
(326.0,718.0)
(326.0,718.0)
(715.0,718.0)
(326.0,718.0)
(327.0,718.0)
(715.0,718.0)
(715.0,718.0)
(326.0,718.0)
(713.0,718.0)
(704.0,718.0)
(715.0,718.0)
(326.0,718.0)
(715.0,718.0)
(704.0,718.0)
(327.0,718.0)
(715.0,718.0)
(327.0,718.0)
(713.0,718.0)
(280.0,718.0)
(713.0,718.0)
(326.0,718.0)
(713.0,718.0)
(715.0,718.0)
(326.0,718.0)
(280.0,718.0)
(327.0,718.0)
(280.0,718.0)
(280.0,718.0)
(715.0,718.0)
(326.0,718.0)
(597.0,718.0)
(715.0,718.0)
(713.0,718.0)
(280.0,718.0)
(713.0,718.0)
(280.0,718.0)
(715.0,718.0)
(597.0,718.0)
(704.0,718.0)
(715.0,718.0)
(715.0,718.0)
(715.0,718.0)
(327.0,718.0)
(280.0,718.0)
(326.0,718.0)
(327.0,718.0)
(280.0,718.0)
(327.0,718.0)
(713.0,718.0)
(326.0,718.0)
(713.0,719.0)
(719.0,719.0)
(645.0,719.0)
(723.0,719.0)
(645.0,719.0)
(713.0,719.0)
(722.0,719.0)
(719.0,719.0)
(713.0,719.0)
(713.0,719.0)
(645.0,719.0)
(722.0,719.0)
(723.0,719.0)
(645.0,719.0)
(719.0,719.0)
(719.0,719.0)
(645.0,719.0)
(645.0,719.0)
(645.0,719.0)
(645.0,719.0)
(713.0,719.0)
(719.0,719.0)
(645.0,719.0)
(723.0,719.0)
(723.0,719.0)
(713.0,719.0)
(713.0,719.0)
(645.0,719.0)
(713.0,719.0)
(713.0,719.0)
(719.0,719.0)
(645.0,719.0)
(719.0,719.0)
(719.0,719.0)
(713.0,719.0)
(713.0,719.0)
(645.0,719.0)
(713.0,719.0)
(719.0,719.0)
(723.0,719.0)
(719.0,719.0)
(722.0,719.0)
(645.0,719.0)
(723.0,719.0)
(719.0,719.0)
(713.0,719.0)
(713.0,719.0)
(645.0,719.0)
(645.0,719.0)
(722.0,719.0)
(719.0,719.0)
(722.0,719.0)
(645.0,719.0)
(715.0,719.0)
(645.0,719.0)
(713.0,719.0)
(645.0,719.0)
(645.0,719.0)
(722.0,719.0)
(713.0,719.0)
(645.0,719.0)
(719.0,719.0)
(723.0,719.0)
(645.0,719.0)
(722.0,719.0)
(723.0,719.0)
(645.0,719.0)
(715.0,719.0)
(713.0,719.0)
(719.0,719.0)
(713.0,719.0)
(722.0,719.0)
(713.0,719.0)
(645.0,719.0)
(715.0,719.0)
(645.0,719.0)
(713.0,719.0)
(713.0,719.0)
(645.0,719.0)
(645.0,719.0)
(713.0,719.0)
(723.0,719.0)
(645.0,719.0)
(722.0,719.0)
(722.0,719.0)
(645.0,719.0)
(645.0,719.0)
(645.0,719.0)
(645.0,719.0)
(645.0,719.0)
(722.0,719.0)
(713.0,719.0)
(645.0,719.0)
(723.0,719.0)
(715.0,719.0)
(722.0,719.0)
(645.0,719.0)
(723.0,719.0)
(713.0,719.0)
(645.0,719.0)
(645.0,719.0)
(722.0,719.0)
(645.0,719.0)
(713.0,719.0)
(723.0,719.0)
(722.0,719.0)
(713.0,719.0)
(645.0,719.0)
(645.0,719.0)
(713.0,719.0)
(645.0,719.0)
(713.0,719.0)
(719.0,719.0)
(722.0,719.0)
(645.0,719.0)
(645.0,719.0)
(719.0,719.0)
(722.0,719.0)
(713.0,719.0)
(645.0,719.0)
(645.0,719.0)
(645.0,719.0)
(723.0,719.0)
(722.0,719.0)
(713.0,719.0)
(723.0,719.0)
(645.0,719.0)
(722.0,719.0)
(713.0,719.0)
(719.0,719.0)
(645.0,719.0)
(722.0,719.0)
(645.0,719.0)
(719.0,719.0)
(645.0,719.0)
(719.0,719.0)
(723.0,719.0)
(722.0,719.0)
(713.0,719.0)
(645.0,719.0)
(713.0,719.0)
(645.0,719.0)
(723.0,719.0)
(719.0,719.0)
(645.0,719.0)
(645.0,719.0)
(722.0,719.0)
(645.0,719.0)
(713.0,719.0)
(715.0,718.0)
(326.0,718.0)
(326.0,718.0)
(327.0,718.0)
(327.0,718.0)
(327.0,718.0)
(327.0,718.0)
(312.0,718.0)
(332.0,718.0)
(715.0,718.0)
(715.0,718.0)
(704.0,718.0)
(715.0,718.0)
(715.0,718.0)
(715.0,718.0)
(327.0,718.0)
(326.0,718.0)
(715.0,718.0)
(327.0,718.0)
(715.0,718.0)
(715.0,718.0)
(715.0,718.0)
(332.0,718.0)
(327.0,718.0)
(326.0,718.0)
(715.0,718.0)
(715.0,718.0)
(326.0,718.0)
(327.0,718.0)
(715.0,718.0)
(715.0,718.0)
(715.0,718.0)
(715.0,718.0)
(326.0,718.0)
(298.0,718.0)
(332.0,718.0)
(327.0,718.0)
(715.0,718.0)
(327.0,718.0)
(327.0,718.0)
(715.0,718.0)
(715.0,718.0)
(327.0,718.0)
(326.0,718.0)
(715.0,718.0)
(715.0,718.0)
(715.0,718.0)
(715.0,718.0)
(715.0,718.0)
(327.0,718.0)
(715.0,718.0)
(704.0,718.0)
(298.0,718.0)
(298.0,718.0)
(715.0,718.0)
(698.0,718.0)
(326.0,718.0)
(327.0,718.0)
(715.0,718.0)
(715.0,718.0)
(715.0,718.0)
(327.0,718.0)
(326.0,718.0)
(326.0,718.0)
(326.0,718.0)
(312.0,718.0)
(715.0,718.0)
(326.0,718.0)
(327.0,718.0)
(715.0,718.0)
(715.0,718.0)
(326.0,718.0)
(332.0,718.0)
(327.0,718.0)
(326.0,718.0)
(327.0,718.0)
(704.0,718.0)
(327.0,718.0)
(327.0,718.0)
(327.0,718.0)
(327.0,718.0)
(298.0,718.0)
(326.0,718.0)
(715.0,718.0)
(326.0,718.0)
(326.0,718.0)
(327.0,718.0)
(298.0,718.0)
(208.0,718.0)
(715.0,718.0)
(326.0,718.0)
(715.0,718.0)
(715.0,718.0)
(326.0,718.0)
(327.0,718.0)
(298.0,718.0)
(715.0,718.0)
(713.0,718.0)
(715.0,718.0)
(704.0,718.0)
(715.0,718.0)
(715.0,718.0)
(715.0,718.0)
(327.0,718.0)
(617.0,718.0)
(326.0,718.0)
(208.0,718.0)
(327.0,718.0)
(326.0,718.0)
(715.0,718.0)
(326.0,718.0)
(326.0,718.0)
(327.0,718.0)
(327.0,718.0)
(327.0,718.0)
(327.0,718.0)
(326.0,718.0)
(704.0,718.0)
(715.0,718.0)
(715.0,718.0)
(704.0,718.0)
(715.0,718.0)
(715.0,718.0)
(715.0,718.0)
(327.0,718.0)
(326.0,718.0)
(715.0,718.0)
(327.0,718.0)
(715.0,718.0)
(715.0,718.0)
(715.0,718.0)
(332.0,718.0)
(327.0,718.0)
(326.0,718.0)
(715.0,718.0)
(715.0,718.0)
(326.0,718.0)
(327.0,718.0)
(715.0,718.0)
(715.0,718.0)
(715.0,718.0)
(715.0,718.0)
(326.0,718.0)
(658.0,718.0)
(658.0,718.0)
(327.0,718.0)
(715.0,718.0)
(327.0,718.0)
(327.0,718.0)
(715.0,718.0)
(715.0,718.0)
(327.0,718.0)
(326.0,718.0)
(715.0,718.0)
(715.0,718.0)
(715.0,718.0)
(715.0,718.0)
(715.0,718.0)
(327.0,718.0)
(715.0,718.0)
(326.0,718.0)
(298.0,718.0)
(298.0,718.0)
(715.0,718.0)
(698.0,718.0)
(326.0,718.0)
(327.0,718.0)
(715.0,718.0)
(715.0,718.0)
(715.0,718.0)
(327.0,718.0)
(326.0,718.0)
(326.0,718.0)
(326.0,718.0)
(326.0,718.0)
(715.0,718.0)
(326.0,718.0)
(327.0,718.0)
(715.0,718.0)
(715.0,718.0)
(326.0,718.0)
(658.0,718.0)
(327.0,718.0)
(326.0,718.0)
(327.0,718.0)
(704.0,718.0)
(327.0,718.0)
(327.0,718.0)
(327.0,718.0)
(327.0,718.0)
(298.0,718.0)
(326.0,718.0)
(715.0,718.0)
(326.0,718.0)
(326.0,718.0)
(327.0,718.0)
(658.0,718.0)
(298.0,718.0)
(715.0,718.0)
(326.0,718.0)
(715.0,718.0)
(715.0,718.0)
(326.0,718.0)
(327.0,718.0)
(298.0,718.0)
(715.0,718.0)
(713.0,718.0)
(715.0,718.0)
(704.0,718.0)
(715.0,718.0)
(715.0,718.0)
(715.0,718.0)
(327.0,718.0)
(617.0,718.0)
(326.0,718.0)
(298.0,718.0)
(327.0,718.0)
(326.0,718.0)
(719.0,719.0)
(719.0,719.0)
(719.0,719.0)
(719.0,719.0)
(719.0,719.0)
(719.0,719.0)
(719.0,719.0)
(719.0,719.0)
(719.0,719.0)
(194.0,719.0)
(719.0,719.0)
(719.0,719.0)
(713.0,719.0)
(719.0,719.0)
(719.0,719.0)
(719.0,719.0)
(194.0,719.0)
(719.0,719.0)
(194.0,719.0)
(713.0,719.0)
(719.0,719.0)
(719.0,719.0)
(719.0,719.0)
(719.0,719.0)
(719.0,719.0)
(719.0,719.0)
(719.0,719.0)
(194.0,719.0)
(719.0,719.0)
(719.0,719.0)
(719.0,719.0)
(719.0,719.0)
(194.0,719.0)
(719.0,719.0)
(719.0,719.0)
(719.0,719.0)
(719.0,719.0)
(719.0,719.0)
(194.0,719.0)
(719.0,719.0)
(719.0,719.0)
(194.0,719.0)
(194.0,719.0)
(719.0,719.0)
(719.0,719.0)
(719.0,719.0)
(719.0,719.0)
(719.0,719.0)
(719.0,719.0)
(719.0,719.0)
(719.0,719.0)
(719.0,719.0)
(719.0,719.0)
(719.0,719.0)
(719.0,719.0)
(719.0,719.0)
(719.0,719.0)
(719.0,719.0)
(719.0,719.0)
(194.0,719.0)
(719.0,719.0)
(719.0,719.0)
(719.0,719.0)
(719.0,719.0)
(719.0,719.0)
(194.0,719.0)
(194.0,719.0)
(719.0,719.0)
(719.0,719.0)
(719.0,719.0)
(194.0,719.0)
(719.0,719.0)
(719.0,719.0)
(719.0,719.0)
(719.0,719.0)
(719.0,719.0)
(719.0,719.0)
(719.0,719.0)
(713.0,719.0)
(194.0,719.0)
(719.0,719.0)
(719.0,719.0)
(719.0,719.0)
(645.0,719.0)
(645.0,719.0)
(194.0,719.0)
(645.0,719.0)
(194.0,719.0)
(194.0,719.0)
(645.0,719.0)
(645.0,719.0)
(645.0,719.0)
(194.0,719.0)
(194.0,719.0)
(645.0,719.0)
(645.0,719.0)
(645.0,719.0)
(194.0,719.0)
(719.0,719.0)
(194.0,719.0)
(194.0,719.0)
(194.0,719.0)
(194.0,719.0)
(645.0,719.0)
(645.0,719.0)
(645.0,719.0)
(194.0,719.0)
(645.0,719.0)
(194.0,719.0)
(194.0,719.0)
(645.0,719.0)
(719.0,719.0)
(645.0,719.0)
(645.0,719.0)
(719.0,719.0)
(645.0,719.0)
(645.0,719.0)
(645.0,719.0)
(645.0,719.0)
(194.0,719.0)
(719.0,719.0)
(719.0,719.0)
(645.0,719.0)
(645.0,719.0)
(194.0,719.0)
(194.0,719.0)
(645.0,719.0)
(645.0,719.0)
(645.0,719.0)
(194.0,719.0)
(194.0,719.0)
(645.0,719.0)
(645.0,719.0)
(194.0,719.0)
(719.0,719.0)
(645.0,719.0)
(645.0,719.0)
(194.0,719.0)
(719.0,719.0)
(194.0,719.0)
(715.0,719.0)
(327.0,719.0)
(327.0,719.0)
(715.0,719.0)
(715.0,719.0)
(715.0,719.0)
(715.0,719.0)
(645.0,719.0)
(715.0,719.0)
(645.0,719.0)
(715.0,719.0)
(194.0,719.0)
(645.0,719.0)
(645.0,719.0)
(715.0,719.0)
(715.0,719.0)
(327.0,719.0)
(715.0,719.0)
(645.0,719.0)
(715.0,719.0)
(715.0,719.0)
(715.0,719.0)
(715.0,719.0)
(715.0,719.0)
(652.0,719.0)
(194.0,719.0)
(715.0,719.0)
(327.0,719.0)
(715.0,719.0)
(715.0,719.0)
(645.0,719.0)
(715.0,719.0)
(645.0,719.0)
(715.0,719.0)
(715.0,719.0)
(194.0,719.0)
(715.0,719.0)
(715.0,719.0)
(327.0,719.0)
(645.0,719.0)
(645.0,719.0)
(715.0,719.0)
(715.0,719.0)
(194.0,719.0)
(715.0,719.0)
(715.0,719.0)
(645.0,719.0)
(645.0,719.0)
(327.0,719.0)
(645.0,719.0)
(715.0,719.0)
(715.0,719.0)
(715.0,719.0)
(715.0,719.0)
(715.0,719.0)
(715.0,719.0)
(645.0,719.0)
(645.0,719.0)
(715.0,719.0)
(715.0,719.0)
(645.0,719.0)
(327.0,719.0)
(715.0,719.0)
(715.0,719.0)
(645.0,719.0)
(715.0,719.0)
(715.0,719.0)
(715.0,719.0)
(645.0,719.0)
(327.0,719.0)
(327.0,719.0)
(645.0,719.0)
(715.0,719.0)
(645.0,719.0)
(715.0,719.0)
(715.0,719.0)
(715.0,719.0)
(645.0,719.0)
(645.0,719.0)
(715.0,719.0)
(327.0,719.0)
(715.0,719.0)
(645.0,719.0)
(645.0,719.0)
(715.0,719.0)
(645.0,719.0)
(715.0,719.0)
(715.0,719.0)
(715.0,719.0)
(645.0,719.0)
(194.0,719.0)
(645.0,719.0)
(715.0,719.0)
(645.0,719.0)
(645.0,719.0)
(715.0,719.0)
(715.0,719.0)
(194.0,719.0)
(715.0,719.0)
(645.0,719.0)
(715.0,719.0)
(715.0,719.0)
(327.0,719.0)
(715.0,719.0)
(715.0,719.0)
(715.0,719.0)
(715.0,719.0)
(645.0,719.0)
(645.0,719.0)
(715.0,719.0)
(715.0,719.0)
(715.0,719.0)
(645.0,719.0)
(715.0,719.0)
(645.0,719.0)
(194.0,719.0)
(715.0,719.0)
(327.0,719.0)
(317.0,317.0)
(317.0,317.0)
(317.0,317.0)
(317.0,317.0)
(317.0,317.0)
(317.0,317.0)
(317.0,317.0)
(317.0,317.0)
(317.0,317.0)
(317.0,317.0)
(317.0,317.0)
(317.0,317.0)
(317.0,317.0)
(317.0,317.0)
(317.0,317.0)
(317.0,317.0)
(317.0,317.0)
(317.0,317.0)
(317.0,317.0)
(317.0,317.0)
(317.0,317.0)
(317.0,317.0)
(317.0,317.0)
(317.0,317.0)
(317.0,317.0)
(317.0,317.0)
(317.0,317.0)
(317.0,317.0)
(317.0,317.0)
(317.0,317.0)
(317.0,317.0)
(317.0,317.0)
(317.0,317.0)
(317.0,317.0)
(317.0,317.0)
(317.0,317.0)
(317.0,317.0)
(317.0,317.0)
(317.0,317.0)
(317.0,317.0)
(317.0,317.0)
(317.0,317.0)
(317.0,317.0)
(317.0,317.0)
(317.0,317.0)
(317.0,317.0)
(317.0,317.0)
(317.0,317.0)
(317.0,317.0)
(317.0,317.0)
(317.0,317.0)
(317.0,317.0)
(317.0,317.0)
(317.0,317.0)
(317.0,317.0)
(317.0,317.0)
(317.0,317.0)
(317.0,317.0)
(317.0,317.0)
(317.0,317.0)
(317.0,317.0)
(317.0,317.0)
(317.0,317.0)
(317.0,317.0)
(317.0,317.0)
(317.0,317.0)
(317.0,317.0)
(317.0,317.0)
(317.0,317.0)
(317.0,317.0)
(317.0,317.0)
(317.0,317.0)
(317.0,317.0)
(317.0,317.0)
(317.0,317.0)
(317.0,317.0)
(317.0,317.0)
(317.0,317.0)
(317.0,317.0)
(317.0,317.0)
(317.0,317.0)
(317.0,317.0)
(317.0,317.0)
(317.0,317.0)
(317.0,317.0)
(317.0,317.0)
(317.0,317.0)
(317.0,317.0)
(317.0,317.0)
(317.0,317.0)
(317.0,317.0)
(317.0,317.0)
(317.0,317.0)
(317.0,317.0)
(317.0,317.0)
(317.0,317.0)
(317.0,317.0)
(317.0,317.0)
(317.0,317.0)
(317.0,317.0)
(317.0,317.0)
(317.0,317.0)
(317.0,317.0)
(317.0,317.0)
(317.0,317.0)
(327.0,317.0)
(317.0,317.0)
(317.0,317.0)
(317.0,317.0)
(317.0,317.0)
(317.0,317.0)
(317.0,317.0)
(317.0,317.0)
(317.0,317.0)
(317.0,317.0)
(317.0,317.0)
(317.0,317.0)
(317.0,317.0)
(317.0,317.0)
(317.0,317.0)
(317.0,317.0)
(317.0,317.0)
(317.0,317.0)
(317.0,317.0)
(317.0,317.0)
(317.0,317.0)
(317.0,317.0)
(317.0,317.0)
(317.0,317.0)
(317.0,317.0)
(317.0,317.0)
(317.0,317.0)
(317.0,317.0)
(317.0,317.0)
(317.0,317.0)
(317.0,317.0)
(317.0,317.0)
(317.0,317.0)
(317.0,317.0)
(317.0,317.0)
(317.0,317.0)
(317.0,317.0)
(317.0,317.0)
(317.0,317.0)
(317.0,317.0)
(317.0,317.0)
(317.0,317.0)
(317.0,317.0)
(317.0,317.0)
(317.0,317.0)
(317.0,317.0)
(317.0,317.0)
(317.0,317.0)
(317.0,317.0)
(317.0,317.0)
(645.0,317.0)
(380.0,317.0)
(380.0,317.0)
(754.0,317.0)
(309.0,317.0)
(37.0,317.0)
(380.0,317.0)
(475.0,317.0)
(406.0,317.0)
(287.0,317.0)
(219.0,317.0)
(406.0,317.0)
(645.0,317.0)
(287.0,317.0)
(309.0,317.0)
(442.0,317.0)
(519.0,317.0)
(713.0,317.0)
(380.0,317.0)
(778.0,317.0)
(323.0,317.0)
(479.0,317.0)
(226.0,317.0)
(405.0,317.0)
(45.0,317.0)
(417.0,317.0)
(300.0,317.0)
(708.0,317.0)
(723.0,317.0)
(328.0,317.0)
(286.0,317.0)
(328.0,317.0)
(479.0,317.0)
(613.0,317.0)
(380.0,317.0)
(300.0,317.0)
(287.0,317.0)
(354.0,317.0)
(38.0,317.0)
(613.0,317.0)
(613.0,317.0)
(475.0,317.0)
(212.0,317.0)
(287.0,317.0)
(309.0,317.0)
(417.0,317.0)
(287.0,317.0)
(212.0,317.0)
(406.0,317.0)
(219.0,317.0)
(43.0,317.0)
(323.0,317.0)
(2.0,317.0)
(613.0,317.0)
(713.0,317.0)
(85.0,317.0)
(713.0,317.0)
(519.0,317.0)
(419.0,317.0)
(287.0,317.0)
(682.0,317.0)
(769.0,317.0)
(354.0,317.0)
(305.0,317.0)
(417.0,317.0)
(354.0,317.0)
(119.0,317.0)
(417.0,317.0)
(287.0,317.0)
(287.0,317.0)
(417.0,317.0)
(354.0,317.0)
(479.0,317.0)
(519.0,317.0)
(417.0,317.0)
(689.0,317.0)
(287.0,317.0)
(309.0,317.0)
(479.0,317.0)
(769.0,317.0)
(305.0,317.0)
(417.0,317.0)
(455.0,317.0)
(314.0,317.0)
(287.0,317.0)
(219.0,317.0)
(239.0,317.0)
(479.0,317.0)
(395.0,317.0)
(613.0,317.0)
(519.0,317.0)
(447.0,317.0)
(613.0,317.0)
(354.0,317.0)
(317.0,317.0)
(317.0,317.0)
(327.0,317.0)
(317.0,317.0)
(317.0,317.0)
(317.0,317.0)
(317.0,317.0)
(317.0,317.0)
(317.0,317.0)
(327.0,317.0)
(713.0,317.0)
(317.0,317.0)
(317.0,317.0)
(317.0,317.0)
(317.0,317.0)
(317.0,317.0)
(317.0,317.0)
(327.0,317.0)
(279.0,317.0)
(327.0,317.0)
(317.0,317.0)
(317.0,317.0)
(317.0,317.0)
(317.0,317.0)
(317.0,317.0)
(317.0,317.0)
(317.0,317.0)
(713.0,317.0)
(317.0,317.0)
(317.0,317.0)
(317.0,317.0)
(317.0,317.0)
(317.0,317.0)
(317.0,317.0)
(317.0,317.0)
(317.0,317.0)
(317.0,317.0)
(317.0,317.0)
(317.0,317.0)
(713.0,317.0)
(317.0,317.0)
(317.0,317.0)
(317.0,317.0)
(713.0,317.0)
(713.0,317.0)
(317.0,317.0)
(317.0,317.0)
(317.0,317.0)
(317.0,317.0)
(317.0,317.0)
(317.0,317.0)
(317.0,317.0)
(317.0,317.0)
(317.0,317.0)
(317.0,317.0)
(317.0,317.0)
(317.0,317.0)
(317.0,317.0)
(317.0,317.0)
(317.0,317.0)
(317.0,317.0)
(317.0,317.0)
(317.0,317.0)
(317.0,317.0)
(317.0,317.0)
(713.0,317.0)
(713.0,317.0)
(317.0,317.0)
(317.0,317.0)
(317.0,317.0)
(317.0,317.0)
(327.0,317.0)
(317.0,317.0)
(317.0,317.0)
(317.0,317.0)
(317.0,317.0)
(317.0,317.0)
(317.0,317.0)
(317.0,317.0)
(317.0,317.0)
(317.0,317.0)
(317.0,317.0)
(317.0,317.0)
(317.0,317.0)
(317.0,317.0)
(317.0,317.0)
(317.0,317.0)
(713.0,317.0)
(317.0,317.0)
(317.0,317.0)
(327.0,317.0)
(317.0,317.0)
(317.0,317.0)
(317.0,317.0)
(317.0,317.0)
(317.0,317.0)
(317.0,317.0)
(317.0,317.0)
(713.0,317.0)
(713.0,317.0)
(317.0,317.0)
(317.0,317.0)
(317.0,317.0)
(327.0,317.0)
(317.0,317.0)
(317.0,317.0)
(327.0,317.0)
(317.0,317.0)
(713.0,317.0)
(713.0,317.0)
(317.0,317.0)
(317.0,317.0)
(317.0,317.0)
(317.0,317.0)
(327.0,317.0)
(317.0,317.0)
(317.0,317.0)
(317.0,317.0)
(317.0,317.0)
(317.0,317.0)
(713.0,317.0)
(317.0,317.0)
(327.0,317.0)
(317.0,317.0)
(317.0,317.0)
(317.0,317.0)
(317.0,317.0)
(327.0,317.0)
(327.0,317.0)
(317.0,317.0)
(317.0,317.0)
(317.0,317.0)
(713.0,317.0)
(317.0,317.0)
(317.0,317.0)
(713.0,317.0)
(317.0,317.0)
(317.0,317.0)
(317.0,317.0)
(720.0,317.0)
(658.0,317.0)
(327.0,317.0)
(658.0,317.0)
(317.0,317.0)
(317.0,317.0)
(720.0,317.0)
(317.0,317.0)
(327.0,317.0)
(317.0,317.0)
(327.0,317.0)
(658.0,317.0)
(317.0,317.0)
(327.0,317.0)
(327.0,317.0)
(658.0,317.0)
(720.0,317.0)
(720.0,317.0)
(720.0,317.0)
(317.0,317.0)
(317.0,317.0)
(658.0,317.0)
(327.0,317.0)
(317.0,317.0)
(317.0,317.0)
(317.0,317.0)
(327.0,317.0)
(327.0,317.0)
(327.0,317.0)
(317.0,317.0)
(327.0,317.0)
(658.0,317.0)
(317.0,317.0)
(317.0,317.0)
(327.0,317.0)
(317.0,317.0)
(317.0,317.0)
(317.0,317.0)
(317.0,317.0)
(658.0,317.0)
(720.0,317.0)
(720.0,317.0)
(317.0,317.0)
(327.0,317.0)
(658.0,317.0)
(317.0,317.0)
(317.0,317.0)
(327.0,317.0)
(720.0,317.0)
(317.0,317.0)
(317.0,317.0)
(658.0,317.0)
(327.0,317.0)
(327.0,317.0)
(317.0,317.0)
(720.0,317.0)
(720.0,317.0)
(317.0,317.0)
(317.0,317.0)
(317.0,317.0)
(317.0,317.0)
(317.0,317.0)
(658.0,317.0)
(317.0,317.0)
(720.0,317.0)
(327.0,317.0)
(658.0,317.0)
(658.0,317.0)
(658.0,317.0)
(327.0,317.0)
(317.0,317.0)
(327.0,317.0)
(327.0,317.0)
(327.0,317.0)
(327.0,317.0)
(317.0,317.0)
(317.0,317.0)
(317.0,317.0)
(327.0,317.0)
(658.0,317.0)
(720.0,317.0)
(317.0,317.0)
(720.0,317.0)
(317.0,317.0)
(327.0,317.0)
(720.0,317.0)
(317.0,317.0)
(317.0,317.0)
(317.0,317.0)
(317.0,317.0)
(327.0,317.0)
(317.0,317.0)
(317.0,317.0)
(658.0,317.0)
(658.0,317.0)
(658.0,317.0)
(720.0,317.0)
(317.0,317.0)
(317.0,317.0)
(658.0,317.0)
(658.0,317.0)
(317.0,317.0)
(317.0,317.0)
(327.0,317.0)
(317.0,317.0)
(720.0,317.0)
(317.0,317.0)
(317.0,317.0)
(317.0,317.0)
(327.0,317.0)
(658.0,317.0)
(658.0,317.0)
(327.0,317.0)
(317.0,317.0)
(658.0,317.0)
(658.0,317.0)
(317.0,317.0)
(658.0,317.0)
(327.0,317.0)
(317.0,317.0)
(317.0,317.0)
(658.0,317.0)
(327.0,317.0)
(658.0,317.0)
(317.0,317.0)
(317.0,317.0)
(658.0,317.0)
(327.0,317.0)
(327.0,317.0)
(317.0,317.0)
(658.0,317.0)
(317.0,317.0)
(327.0,317.0)
(720.0,317.0)
(317.0,317.0)
(327.0,317.0)
(317.0,317.0)
(327.0,317.0)
(658.0,317.0)
(317.0,317.0)
(658.0,317.0)
(720.0,317.0)
(327.0,317.0)
(658.0,317.0)
(327.0,317.0)
(720.0,317.0)
(327.0,317.0)
(317.0,317.0)
(658.0,317.0)
(720.0,317.0)
(327.0,317.0)
(327.0,317.0)
(658.0,317.0)
(658.0,317.0)
(317.0,317.0)
(658.0,317.0)
(317.0,317.0)
(327.0,317.0)
(327.0,317.0)
(317.0,317.0)
(327.0,317.0)
(658.0,317.0)
(327.0,317.0)
(327.0,317.0)
(327.0,317.0)
(720.0,317.0)
(317.0,317.0)
(317.0,317.0)
(658.0,317.0)
(317.0,317.0)
(327.0,317.0)
(327.0,317.0)
(317.0,317.0)
(317.0,317.0)
(658.0,317.0)
(317.0,317.0)
(720.0,317.0)
(720.0,317.0)
(317.0,317.0)
(317.0,317.0)
(327.0,317.0)
(327.0,317.0)
(317.0,317.0)
(720.0,317.0)
(327.0,317.0)
(720.0,317.0)
(327.0,317.0)
(720.0,317.0)
(658.0,317.0)
(658.0,317.0)
(317.0,317.0)
(327.0,317.0)
(658.0,317.0)
(317.0,317.0)
(327.0,317.0)
(309.0,317.0)
(286.0,317.0)
(406.0,317.0)
(219.0,317.0)
(483.0,317.0)
(406.0,317.0)
(638.0,317.0)
(157.0,317.0)
(519.0,317.0)
(519.0,317.0)
(380.0,317.0)
(280.0,317.0)
(395.0,317.0)
(309.0,317.0)
(39.0,317.0)
(314.0,317.0)
(328.0,317.0)
(305.0,317.0)
(44.0,317.0)
(380.0,317.0)
(38.0,317.0)
(286.0,317.0)
(280.0,317.0)
(219.0,317.0)
(354.0,317.0)
(314.0,317.0)
(417.0,317.0)
(380.0,317.0)
(417.0,317.0)
(212.0,317.0)
(613.0,317.0)
(309.0,317.0)
(309.0,317.0)
(328.0,317.0)
(309.0,317.0)
(613.0,317.0)
(613.0,317.0)
(519.0,317.0)
(31.0,317.0)
(613.0,317.0)
(305.0,317.0)
(406.0,317.0)
(692.0,317.0)
(31.0,317.0)
(309.0,317.0)
(354.0,317.0)
(328.0,317.0)
(300.0,317.0)
(455.0,317.0)
(309.0,317.0)
(354.0,317.0)
(380.0,317.0)
(305.0,317.0)
(645.0,317.0)
(328.0,317.0)
(482.0,317.0)
(784.0,317.0)
(708.0,317.0)
(2.0,317.0)
(417.0,317.0)
(417.0,317.0)
(349.0,317.0)
(417.0,317.0)
(754.0,317.0)
(309.0,317.0)
(305.0,317.0)
(479.0,317.0)
(519.0,317.0)
(212.0,317.0)
(417.0,317.0)
(323.0,317.0)
(85.0,317.0)
(417.0,317.0)
(309.0,317.0)
(723.0,317.0)
(381.0,317.0)
(354.0,317.0)
(287.0,317.0)
(380.0,317.0)
(338.0,317.0)
(239.0,317.0)
(300.0,317.0)
(354.0,317.0)
(305.0,317.0)
(613.0,317.0)
(613.0,317.0)
(287.0,317.0)
(380.0,317.0)
(380.0,317.0)
(406.0,317.0)
(481.0,317.0)
(305.0,317.0)
(481.0,317.0)
(239.0,317.0)
(354.0,317.0)
(314.0,317.0)
(481.0,317.0)
(380.0,317.0)
(380.0,317.0)
(212.0,317.0)
(317.0,317.0)
(723.0,317.0)
(317.0,317.0)
(723.0,317.0)
(212.0,317.0)
(317.0,317.0)
(317.0,317.0)
(317.0,317.0)
(317.0,317.0)
(212.0,317.0)
(212.0,317.0)
(723.0,317.0)
(317.0,317.0)
(317.0,317.0)
(317.0,317.0)
(723.0,317.0)
(317.0,317.0)
(317.0,317.0)
(317.0,317.0)
(317.0,317.0)
(212.0,317.0)
(723.0,317.0)
(317.0,317.0)
(317.0,317.0)
(317.0,317.0)
(212.0,317.0)
(723.0,317.0)
(317.0,317.0)
(317.0,317.0)
(317.0,317.0)
(212.0,317.0)
(723.0,317.0)
(212.0,317.0)
(317.0,317.0)
(212.0,317.0)
(212.0,317.0)
(212.0,317.0)
(212.0,317.0)
(317.0,317.0)
(240.0,317.0)
(317.0,317.0)
(317.0,317.0)
(212.0,317.0)
(723.0,317.0)
(212.0,317.0)
(317.0,317.0)
(317.0,317.0)
(317.0,317.0)
(317.0,317.0)
(212.0,317.0)
(723.0,317.0)
(317.0,317.0)
(317.0,317.0)
(317.0,317.0)
(317.0,317.0)
(317.0,317.0)
(317.0,317.0)
(212.0,317.0)
(723.0,317.0)
(317.0,317.0)
(317.0,317.0)
(317.0,317.0)
(240.0,317.0)
(317.0,317.0)
(317.0,317.0)
(212.0,317.0)
(723.0,317.0)
(240.0,317.0)
(240.0,317.0)
(212.0,317.0)
(212.0,317.0)
(317.0,317.0)
(212.0,317.0)
(723.0,317.0)
(212.0,317.0)
(317.0,317.0)
(317.0,317.0)
(212.0,317.0)
(212.0,317.0)
(212.0,317.0)
(723.0,317.0)
(317.0,317.0)
(212.0,317.0)
(317.0,317.0)
(317.0,317.0)
(317.0,317.0)
(317.0,317.0)
(317.0,317.0)
(212.0,317.0)
(212.0,317.0)
(212.0,317.0)
(317.0,317.0)
(212.0,317.0)
(212.0,317.0)
(723.0,317.0)
(240.0,317.0)
(723.0,317.0)
(317.0,317.0)
(317.0,317.0)
(212.0,317.0)
(652.0,317.0)
(723.0,317.0)
(212.0,317.0)
(317.0,317.0)
(317.0,317.0)
(212.0,317.0)
(317.0,317.0)
(212.0,317.0)
(212.0,317.0)
(317.0,317.0)
(212.0,317.0)
(723.0,317.0)
(723.0,317.0)
(317.0,317.0)
(317.0,317.0)
(723.0,317.0)
(723.0,317.0)
(212.0,317.0)
(723.0,317.0)
(212.0,317.0)
(317.0,317.0)
(212.0,317.0)
(723.0,317.0)
(317.0,317.0)
(240.0,317.0)
(317.0,317.0)
(317.0,317.0)
(723.0,317.0)
(317.0,317.0)
(317.0,317.0)
(212.0,317.0)
(723.0,317.0)
(317.0,317.0)
(212.0,317.0)
(317.0,317.0)
(212.0,317.0)
(317.0,317.0)
(212.0,317.0)
(212.0,317.0)
(240.0,317.0)
(317.0,317.0)
(240.0,317.0)
(317.0,317.0)
(723.0,317.0)
(317.0,317.0)
(317.0,317.0)
(317.0,317.0)
(723.0,317.0)
(723.0,317.0)
(317.0,317.0)
(317.0,317.0)
(212.0,317.0)
(723.0,317.0)
(723.0,317.0)
(212.0,317.0)
(723.0,317.0)
(212.0,317.0)
(317.0,317.0)
(317.0,317.0)
(317.0,317.0)
(317.0,317.0)
(723.0,317.0)
(317.0,317.0)
(317.0,317.0)
(212.0,317.0)
(317.0,317.0)
(317.0,317.0)
(317.0,317.0)
(723.0,317.0)
(212.0,317.0)
(317.0,317.0)
(317.0,317.0)
(317.0,317.0)
(212.0,317.0)
(723.0,317.0)
(317.0,317.0)
(317.0,317.0)
(317.0,317.0)
(212.0,317.0)
(212.0,317.0)
(317.0,317.0)
(317.0,317.0)
(212.0,317.0)
(317.0,317.0)
(212.0,317.0)
(317.0,317.0)
(317.0,317.0)
(317.0,317.0)
(723.0,317.0)
(723.0,317.0)
(317.0,317.0)
(723.0,317.0)
(212.0,317.0)
(317.0,317.0)
(743.0,721.0)
(519.0,721.0)
(323.0,721.0)
(406.0,721.0)
(327.0,721.0)
(280.0,721.0)
(380.0,721.0)
(417.0,721.0)
(613.0,721.0)
(708.0,721.0)
(380.0,721.0)
(380.0,721.0)
(219.0,721.0)
(481.0,721.0)
(613.0,721.0)
(483.0,721.0)
(305.0,721.0)
(300.0,721.0)
(287.0,721.0)
(479.0,721.0)
(723.0,721.0)
(519.0,721.0)
(327.0,721.0)
(380.0,721.0)
(44.0,721.0)
(519.0,721.0)
(46.0,721.0)
(226.0,721.0)
(309.0,721.0)
(417.0,721.0)
(85.0,721.0)
(380.0,721.0)
(519.0,721.0)
(354.0,721.0)
(280.0,721.0)
(287.0,721.0)
(305.0,721.0)
(354.0,721.0)
(479.0,721.0)
(417.0,721.0)
(706.0,721.0)
(305.0,721.0)
(447.0,721.0)
(447.0,721.0)
(474.0,721.0)
(309.0,721.0)
(613.0,721.0)
(380.0,721.0)
(519.0,721.0)
(239.0,721.0)
(305.0,721.0)
(413.0,721.0)
(287.0,721.0)
(417.0,721.0)
(305.0,721.0)
(613.0,721.0)
(354.0,721.0)
(417.0,721.0)
(305.0,721.0)
(809.0,721.0)
(519.0,721.0)
(219.0,721.0)
(519.0,721.0)
(157.0,721.0)
(686.0,721.0)
(239.0,721.0)
(25.0,721.0)
(354.0,721.0)
(417.0,721.0)
(519.0,721.0)
(417.0,721.0)
(212.0,721.0)
(417.0,721.0)
(395.0,721.0)
(479.0,721.0)
(380.0,721.0)
(455.0,721.0)
(309.0,721.0)
(417.0,721.0)
(769.0,721.0)
(305.0,721.0)
(354.0,721.0)
(474.0,721.0)
(380.0,721.0)
(300.0,721.0)
(239.0,721.0)
(613.0,721.0)
(769.0,721.0)
(287.0,721.0)
(417.0,721.0)
(720.0,720.0)
(720.0,720.0)
(720.0,720.0)
(720.0,720.0)
(720.0,720.0)
(720.0,720.0)
(720.0,720.0)
(720.0,720.0)
(720.0,720.0)
(720.0,720.0)
(720.0,720.0)
(720.0,720.0)
(720.0,720.0)
(720.0,720.0)
(720.0,720.0)
(720.0,720.0)
(720.0,720.0)
(720.0,720.0)
(720.0,720.0)
(720.0,720.0)
(720.0,720.0)
(713.0,720.0)
(720.0,720.0)
(720.0,720.0)
(327.0,720.0)
(720.0,720.0)
(713.0,720.0)
(720.0,720.0)
(720.0,720.0)
(720.0,720.0)
(720.0,720.0)
(720.0,720.0)
(720.0,720.0)
(720.0,720.0)
(713.0,720.0)
(720.0,720.0)
(720.0,720.0)
(720.0,720.0)
(713.0,720.0)
(327.0,720.0)
(720.0,720.0)
(720.0,720.0)
(720.0,720.0)
(720.0,720.0)
(720.0,720.0)
(720.0,720.0)
(720.0,720.0)
(720.0,720.0)
(720.0,720.0)
(720.0,720.0)
(720.0,720.0)
(720.0,720.0)
(713.0,720.0)
(720.0,720.0)
(720.0,720.0)
(720.0,720.0)
(720.0,720.0)
(720.0,720.0)
(720.0,720.0)
(720.0,720.0)
(720.0,720.0)
(720.0,720.0)
(720.0,720.0)
(327.0,720.0)
(713.0,720.0)
(713.0,720.0)
(713.0,720.0)
(720.0,720.0)
(720.0,720.0)
(720.0,720.0)
(720.0,720.0)
(720.0,720.0)
(713.0,720.0)
(720.0,720.0)
(720.0,720.0)
(720.0,720.0)
(720.0,720.0)
(720.0,720.0)
(720.0,720.0)
(713.0,720.0)
(720.0,720.0)
(720.0,720.0)
(720.0,720.0)
(720.0,720.0)
(713.0,720.0)
(720.0,720.0)
(327.0,720.0)
(720.0,720.0)
(720.0,720.0)
(720.0,720.0)
(713.0,720.0)
(713.0,720.0)
(720.0,720.0)
(720.0,720.0)
(720.0,720.0)
(713.0,720.0)
(720.0,720.0)
(720.0,720.0)
(720.0,720.0)
(720.0,720.0)
(720.0,720.0)
(720.0,720.0)
(720.0,720.0)
(720.0,720.0)
(720.0,720.0)
(713.0,720.0)
(720.0,720.0)
(713.0,720.0)
(720.0,720.0)
(713.0,720.0)
(713.0,720.0)
(720.0,720.0)
(720.0,720.0)
(720.0,720.0)
(720.0,720.0)
(720.0,720.0)
(720.0,720.0)
(720.0,720.0)
(720.0,720.0)
(713.0,720.0)
(720.0,720.0)
(720.0,720.0)
(327.0,720.0)
(713.0,720.0)
(720.0,720.0)
(720.0,720.0)
(720.0,720.0)
(720.0,720.0)
(720.0,720.0)
(720.0,720.0)
(720.0,720.0)
(720.0,720.0)
(720.0,720.0)
(720.0,720.0)
(720.0,720.0)
(720.0,720.0)
(720.0,720.0)
(720.0,720.0)
(720.0,720.0)
(720.0,720.0)
(720.0,720.0)
(720.0,720.0)
(720.0,720.0)
(720.0,720.0)
(720.0,720.0)
(720.0,720.0)
(720.0,720.0)
(720.0,720.0)
(720.0,720.0)
(720.0,720.0)
(327.0,720.0)
(720.0,720.0)
(720.0,720.0)
(720.0,720.0)
(720.0,720.0)
(720.0,720.0)
(720.0,720.0)
(720.0,720.0)
(713.0,720.0)
(720.0,720.0)
(713.0,720.0)
(720.0,720.0)
(720.0,720.0)
(327.0,720.0)
(720.0,720.0)
(720.0,720.0)
(720.0,720.0)
(720.0,720.0)
(720.0,720.0)
(720.0,720.0)
(720.0,720.0)
(720.0,720.0)
(720.0,720.0)
(713.0,720.0)
(713.0,720.0)
(720.0,720.0)
(720.0,720.0)
(713.0,720.0)
(720.0,720.0)
(720.0,720.0)
(720.0,720.0)
(720.0,720.0)
(713.0,720.0)
(713.0,720.0)
(720.0,720.0)
(720.0,720.0)
(327.0,720.0)
(720.0,720.0)
(720.0,720.0)
(720.0,720.0)
(720.0,720.0)
(720.0,720.0)
(720.0,720.0)
(720.0,720.0)
(720.0,720.0)
(720.0,720.0)
(720.0,720.0)
(720.0,720.0)
(720.0,720.0)
(720.0,720.0)
(327.0,720.0)
(720.0,720.0)
(327.0,720.0)
(720.0,720.0)
(327.0,720.0)
(327.0,720.0)
(327.0,720.0)
(327.0,720.0)
(720.0,720.0)
(327.0,720.0)
(720.0,720.0)
(327.0,720.0)
(713.0,720.0)
(720.0,720.0)
(327.0,720.0)
(327.0,720.0)
(713.0,720.0)
(327.0,720.0)
(327.0,720.0)
(327.0,720.0)
(327.0,720.0)
(327.0,720.0)
(720.0,720.0)
(713.0,720.0)
(327.0,720.0)
(327.0,720.0)
(713.0,720.0)
(720.0,720.0)
(327.0,720.0)
(327.0,720.0)
(327.0,720.0)
(327.0,720.0)
(720.0,720.0)
(327.0,720.0)
(327.0,720.0)
(713.0,720.0)
(720.0,720.0)
(327.0,720.0)
(327.0,720.0)
(327.0,720.0)
(713.0,720.0)
(713.0,720.0)
(713.0,720.0)
(327.0,720.0)
(720.0,720.0)
(327.0,720.0)
(327.0,720.0)
(327.0,720.0)
(713.0,720.0)
(327.0,720.0)
(327.0,720.0)
(327.0,720.0)
(327.0,720.0)
(713.0,720.0)
(327.0,720.0)
(327.0,720.0)
(720.0,720.0)
(713.0,720.0)
(720.0,720.0)
(327.0,720.0)
(713.0,720.0)
(713.0,720.0)
(327.0,720.0)
(327.0,720.0)
(327.0,720.0)
(713.0,720.0)
(720.0,720.0)
(327.0,720.0)
(720.0,720.0)
(327.0,720.0)
(720.0,720.0)
(720.0,720.0)
(327.0,720.0)
(327.0,720.0)
(713.0,720.0)
(713.0,720.0)
(713.0,720.0)
(327.0,720.0)
(720.0,720.0)
(720.0,720.0)
(720.0,720.0)
(720.0,720.0)
(713.0,720.0)
(327.0,720.0)
(327.0,720.0)
(327.0,720.0)
(713.0,720.0)
(720.0,720.0)
(327.0,720.0)
(327.0,720.0)
(327.0,720.0)
(720.0,720.0)
(327.0,720.0)
(327.0,720.0)
(720.0,720.0)
(327.0,720.0)
(327.0,720.0)
(327.0,720.0)
(327.0,720.0)
(327.0,720.0)
(327.0,720.0)
(327.0,720.0)
(327.0,720.0)
(720.0,720.0)
(327.0,720.0)
(327.0,720.0)
(720.0,720.0)
(327.0,720.0)
(327.0,720.0)
(327.0,720.0)
(327.0,720.0)
(720.0,720.0)
(327.0,720.0)
(713.0,720.0)
(720.0,720.0)
(713.0,720.0)
(327.0,720.0)
(327.0,720.0)
(327.0,720.0)
(327.0,720.0)
(720.0,720.0)
(327.0,720.0)
(327.0,720.0)
(720.0,720.0)
(713.0,720.0)
(327.0,720.0)
(713.0,720.0)
(645.0,720.0)
(713.0,720.0)
(713.0,720.0)
(327.0,720.0)
(327.0,720.0)
(327.0,720.0)
(327.0,720.0)
(327.0,720.0)
(720.0,720.0)
(720.0,720.0)
(327.0,720.0)
(327.0,720.0)
(327.0,720.0)
(327.0,720.0)
(720.0,720.0)
(327.0,720.0)
(720.0,720.0)
(720.0,720.0)
(720.0,720.0)
(327.0,720.0)
(327.0,720.0)
(327.0,720.0)
(720.0,720.0)
(720.0,720.0)
(720.0,720.0)
(327.0,720.0)
(327.0,720.0)
(720.0,720.0)
(720.0,720.0)
(720.0,720.0)
(720.0,720.0)
(720.0,720.0)
(720.0,720.0)
(720.0,720.0)
(720.0,720.0)
(327.0,720.0)
(713.0,720.0)
(720.0,720.0)
(720.0,720.0)
(327.0,720.0)
(720.0,720.0)
(713.0,720.0)
(720.0,720.0)
(720.0,720.0)
(720.0,720.0)
(720.0,720.0)
(720.0,720.0)
(327.0,720.0)
(720.0,720.0)
(713.0,720.0)
(720.0,720.0)
(327.0,720.0)
(327.0,720.0)
(315.0,720.0)
(327.0,720.0)
(720.0,720.0)
(720.0,720.0)
(327.0,720.0)
(720.0,720.0)
(327.0,720.0)
(720.0,720.0)
(327.0,720.0)
(327.0,720.0)
(720.0,720.0)
(720.0,720.0)
(720.0,720.0)
(720.0,720.0)
(315.0,720.0)
(327.0,720.0)
(720.0,720.0)
(720.0,720.0)
(720.0,720.0)
(720.0,720.0)
(720.0,720.0)
(720.0,720.0)
(327.0,720.0)
(720.0,720.0)
(720.0,720.0)
(327.0,720.0)
(315.0,720.0)
(713.0,720.0)
(713.0,720.0)
(720.0,720.0)
(327.0,720.0)
(327.0,720.0)
(720.0,720.0)
(327.0,720.0)
(713.0,720.0)
(720.0,720.0)
(327.0,720.0)
(720.0,720.0)
(327.0,720.0)
(720.0,720.0)
(720.0,720.0)
(713.0,720.0)
(327.0,720.0)
(327.0,720.0)
(720.0,720.0)
(720.0,720.0)
(713.0,720.0)
(720.0,720.0)
(327.0,720.0)
(720.0,720.0)
(720.0,720.0)
(720.0,720.0)
(315.0,720.0)
(713.0,720.0)
(327.0,720.0)
(720.0,720.0)
(327.0,720.0)
(713.0,720.0)
(720.0,720.0)
(327.0,720.0)
(720.0,720.0)
(720.0,720.0)
(720.0,720.0)
(327.0,720.0)
(720.0,720.0)
(720.0,720.0)
(327.0,720.0)
(713.0,720.0)
(720.0,720.0)
(713.0,720.0)
(720.0,720.0)
(315.0,720.0)
(713.0,720.0)
(720.0,720.0)
(327.0,720.0)
(327.0,720.0)
(720.0,720.0)
(720.0,720.0)
(720.0,720.0)
(327.0,720.0)
(720.0,720.0)
(713.0,720.0)
(327.0,720.0)
(327.0,720.0)
(327.0,720.0)
(315.0,720.0)
(720.0,720.0)
(720.0,720.0)
(327.0,720.0)
(327.0,720.0)
(720.0,720.0)
(720.0,720.0)
(720.0,720.0)
(720.0,720.0)
(327.0,720.0)
(720.0,720.0)
(720.0,720.0)
(327.0,720.0)
(720.0,720.0)
(327.0,720.0)
(720.0,720.0)
(327.0,720.0)
(327.0,720.0)
(327.0,720.0)
(720.0,720.0)
(720.0,720.0)
(720.0,720.0)
(720.0,720.0)
(720.0,720.0)
(720.0,720.0)
(720.0,720.0)
(720.0,720.0)
(327.0,720.0)
(327.0,720.0)
(720.0,720.0)
(720.0,720.0)
(720.0,720.0)
(327.0,720.0)
(720.0,720.0)
(327.0,720.0)
(713.0,720.0)
(720.0,720.0)
(713.0,720.0)
(720.0,720.0)
(720.0,720.0)
(327.0,720.0)
(720.0,720.0)
(327.0,720.0)
(720.0,720.0)
(720.0,720.0)
(327.0,720.0)
(720.0,720.0)
(720.0,720.0)
(720.0,720.0)
(720.0,720.0)
(713.0,720.0)
(713.0,720.0)
(720.0,720.0)
(720.0,720.0)
(713.0,720.0)
(720.0,720.0)
(720.0,720.0)
(720.0,720.0)
(720.0,720.0)
(315.0,720.0)
(713.0,720.0)
(720.0,720.0)
(720.0,720.0)
(327.0,720.0)
(720.0,720.0)
(327.0,720.0)
(720.0,720.0)
(720.0,720.0)
(720.0,720.0)
(720.0,720.0)
(720.0,720.0)
(720.0,720.0)
(720.0,720.0)
(327.0,720.0)
(327.0,720.0)
(720.0,720.0)
(327.0,720.0)
(658.0,722.0)
(327.0,722.0)
(327.0,722.0)
(658.0,722.0)
(327.0,722.0)
(327.0,722.0)
(327.0,722.0)
(327.0,722.0)
(658.0,722.0)
(327.0,722.0)
(723.0,722.0)
(327.0,722.0)
(327.0,722.0)
(327.0,722.0)
(723.0,722.0)
(327.0,722.0)
(327.0,722.0)
(327.0,722.0)
(658.0,722.0)
(723.0,722.0)
(327.0,722.0)
(658.0,722.0)
(327.0,722.0)
(327.0,722.0)
(327.0,722.0)
(327.0,722.0)
(327.0,722.0)
(327.0,722.0)
(327.0,722.0)
(723.0,722.0)
(327.0,722.0)
(327.0,722.0)
(658.0,722.0)
(658.0,722.0)
(658.0,722.0)
(327.0,722.0)
(327.0,722.0)
(658.0,722.0)
(327.0,722.0)
(658.0,722.0)
(327.0,722.0)
(720.0,722.0)
(658.0,722.0)
(327.0,722.0)
(327.0,722.0)
(327.0,722.0)
(327.0,722.0)
(720.0,722.0)
(327.0,722.0)
(327.0,722.0)
(327.0,722.0)
(327.0,722.0)
(327.0,722.0)
(327.0,722.0)
(658.0,722.0)
(327.0,722.0)
(327.0,722.0)
(658.0,722.0)
(658.0,722.0)
(327.0,722.0)
(723.0,722.0)
(722.0,722.0)
(327.0,722.0)
(327.0,722.0)
(327.0,722.0)
(327.0,722.0)
(327.0,722.0)
(327.0,722.0)
(327.0,722.0)
(658.0,722.0)
(327.0,722.0)
(327.0,722.0)
(327.0,722.0)
(658.0,722.0)
(327.0,722.0)
(327.0,722.0)
(327.0,722.0)
(658.0,722.0)
(327.0,722.0)
(658.0,722.0)
(723.0,722.0)
(722.0,722.0)
(723.0,722.0)
(327.0,722.0)
(327.0,722.0)
(658.0,722.0)
(720.0,722.0)
(658.0,722.0)
(327.0,722.0)
(327.0,722.0)
(327.0,722.0)
(658.0,722.0)
(327.0,722.0)
(327.0,722.0)
(720.0,722.0)
(327.0,722.0)
(327.0,722.0)
(723.0,722.0)
(720.0,722.0)
(327.0,722.0)
(658.0,722.0)
(327.0,722.0)
(327.0,722.0)
(723.0,722.0)
(327.0,722.0)
(327.0,722.0)
(327.0,722.0)
(327.0,722.0)
(658.0,722.0)
(315.0,722.0)
(327.0,722.0)
(327.0,722.0)
(327.0,722.0)
(658.0,722.0)
(327.0,722.0)
(327.0,722.0)
(327.0,722.0)
(723.0,722.0)
(327.0,722.0)
(327.0,722.0)
(327.0,722.0)
(327.0,722.0)
(723.0,722.0)
(327.0,722.0)
(327.0,722.0)
(327.0,722.0)
(658.0,722.0)
(720.0,722.0)
(327.0,722.0)
(327.0,722.0)
(327.0,722.0)
(327.0,722.0)
(723.0,722.0)
(722.0,722.0)
(723.0,722.0)
(327.0,722.0)
(327.0,722.0)
(658.0,722.0)
(327.0,722.0)
(720.0,722.0)
(327.0,722.0)
(327.0,722.0)
(327.0,722.0)
(327.0,722.0)
(327.0,722.0)
(327.0,722.0)
(723.0,722.0)
(327.0,722.0)
(327.0,722.0)
(327.0,722.0)
(723.0,722.0)
(327.0,722.0)
(327.0,722.0)
(327.0,722.0)
(327.0,722.0)
(327.0,722.0)
(658.0,722.0)
(327.0,722.0)
(327.0,722.0)
(327.0,722.0)
(327.0,722.0)
(327.0,722.0)
(723.0,722.0)
(327.0,722.0)
(327.0,722.0)
(723.0,722.0)
(658.0,722.0)
(327.0,722.0)
(327.0,722.0)
(723.0,722.0)
(723.0,722.0)
(723.0,722.0)
(723.0,722.0)
(723.0,722.0)
(723.0,722.0)
(723.0,722.0)
(723.0,722.0)
(723.0,722.0)
(723.0,722.0)
(704.0,722.0)
(723.0,722.0)
(723.0,722.0)
(723.0,722.0)
(723.0,722.0)
(723.0,722.0)
(723.0,722.0)
(723.0,722.0)
(723.0,722.0)
(723.0,722.0)
(723.0,722.0)
(723.0,722.0)
(723.0,722.0)
(723.0,722.0)
(723.0,722.0)
(723.0,722.0)
(723.0,722.0)
(704.0,722.0)
(723.0,722.0)
(723.0,722.0)
(723.0,722.0)
(723.0,722.0)
(723.0,722.0)
(723.0,722.0)
(723.0,722.0)
(723.0,722.0)
(723.0,722.0)
(723.0,722.0)
(723.0,722.0)
(723.0,722.0)
(723.0,722.0)
(723.0,722.0)
(723.0,722.0)
(704.0,722.0)
(704.0,722.0)
(723.0,722.0)
(723.0,722.0)
(723.0,722.0)
(723.0,722.0)
(723.0,722.0)
(327.0,722.0)
(723.0,722.0)
(723.0,722.0)
(723.0,722.0)
(723.0,722.0)
(723.0,722.0)
(723.0,722.0)
(723.0,722.0)
(723.0,722.0)
(723.0,722.0)
(723.0,722.0)
(327.0,722.0)
(723.0,722.0)
(723.0,722.0)
(723.0,722.0)
(704.0,722.0)
(704.0,722.0)
(723.0,722.0)
(723.0,722.0)
(723.0,722.0)
(723.0,722.0)
(723.0,722.0)
(723.0,722.0)
(723.0,722.0)
(723.0,722.0)
(723.0,722.0)
(723.0,722.0)
(723.0,722.0)
(723.0,722.0)
(723.0,722.0)
(723.0,722.0)
(723.0,722.0)
(723.0,722.0)
(723.0,722.0)
(723.0,722.0)
(723.0,722.0)
(704.0,722.0)
(723.0,722.0)
(723.0,722.0)
(723.0,722.0)
(723.0,722.0)
(723.0,722.0)
(723.0,722.0)
(723.0,722.0)
(723.0,722.0)
(723.0,722.0)
(723.0,722.0)
(704.0,722.0)
(704.0,722.0)
(723.0,722.0)
(723.0,722.0)
(723.0,722.0)
(720.0,722.0)
(327.0,722.0)
(723.0,722.0)
(723.0,722.0)
(327.0,722.0)
(723.0,722.0)
(723.0,722.0)
(704.0,722.0)
(723.0,722.0)
(723.0,722.0)
(723.0,722.0)
(723.0,722.0)
(327.0,722.0)
(723.0,722.0)
(723.0,722.0)
(723.0,722.0)
(327.0,722.0)
(723.0,722.0)
(704.0,722.0)
(723.0,722.0)
(327.0,722.0)
(723.0,722.0)
(723.0,722.0)
(723.0,722.0)
(723.0,722.0)
(723.0,722.0)
(327.0,722.0)
(723.0,722.0)
(723.0,722.0)
(723.0,722.0)
(704.0,722.0)
(723.0,722.0)
(723.0,722.0)
(704.0,722.0)
(723.0,722.0)
(723.0,722.0)
(723.0,722.0)
(723.0,723.0)
(723.0,723.0)
(262.0,723.0)
(723.0,723.0)
(262.0,723.0)
(262.0,723.0)
(723.0,723.0)
(723.0,723.0)
(723.0,723.0)
(262.0,723.0)
(262.0,723.0)
(723.0,723.0)
(723.0,723.0)
(723.0,723.0)
(262.0,723.0)
(723.0,723.0)
(723.0,723.0)
(723.0,723.0)
(723.0,723.0)
(723.0,723.0)
(262.0,723.0)
(723.0,723.0)
(723.0,723.0)
(723.0,723.0)
(262.0,723.0)
(262.0,723.0)
(262.0,723.0)
(723.0,723.0)
(262.0,723.0)
(723.0,723.0)
(723.0,723.0)
(723.0,723.0)
(262.0,723.0)
(723.0,723.0)
(723.0,723.0)
(723.0,723.0)
(262.0,723.0)
(262.0,723.0)
(723.0,723.0)
(723.0,723.0)
(262.0,723.0)
(723.0,723.0)
(723.0,723.0)
(723.0,723.0)
(262.0,723.0)
(723.0,723.0)
(723.0,723.0)
(723.0,723.0)
(723.0,723.0)
(723.0,723.0)
(262.0,723.0)
(723.0,723.0)
(723.0,723.0)
(723.0,723.0)
(262.0,723.0)
(723.0,723.0)
(723.0,723.0)
(723.0,723.0)
(262.0,723.0)
(262.0,723.0)
(262.0,723.0)
(723.0,723.0)
(262.0,723.0)
(262.0,723.0)
(723.0,723.0)
(262.0,723.0)
(723.0,723.0)
(723.0,723.0)
(723.0,723.0)
(723.0,723.0)
(262.0,723.0)
(723.0,723.0)
(723.0,723.0)
(723.0,723.0)
(262.0,723.0)
(262.0,723.0)
(723.0,723.0)
(723.0,723.0)
(723.0,723.0)
(723.0,723.0)
(723.0,723.0)
(723.0,723.0)
(262.0,723.0)
(723.0,723.0)
(262.0,723.0)
(723.0,723.0)
(723.0,723.0)
(262.0,723.0)
(723.0,723.0)
(723.0,723.0)
(723.0,723.0)
(723.0,723.0)
(723.0,723.0)
(723.0,723.0)
(723.0,723.0)
(723.0,723.0)
(262.0,723.0)
(723.0,723.0)
(262.0,723.0)
(723.0,723.0)
(262.0,723.0)
(723.0,723.0)
(723.0,723.0)
(262.0,723.0)
(723.0,723.0)
(262.0,723.0)
(723.0,723.0)
(262.0,723.0)
(723.0,723.0)
(262.0,723.0)
(262.0,723.0)
(262.0,723.0)
(262.0,723.0)
(723.0,723.0)
(723.0,723.0)
(262.0,723.0)
(723.0,723.0)
(262.0,723.0)
(723.0,723.0)
(262.0,723.0)
(723.0,723.0)
(262.0,723.0)
(723.0,723.0)
(723.0,723.0)
(723.0,723.0)
(262.0,723.0)
(262.0,723.0)
(723.0,723.0)
(723.0,723.0)
(723.0,723.0)
(262.0,723.0)
(262.0,723.0)
(262.0,723.0)
(723.0,723.0)
(262.0,723.0)
(723.0,723.0)
(262.0,723.0)
(723.0,723.0)
(723.0,723.0)
(723.0,723.0)
(723.0,723.0)
(723.0,723.0)
(723.0,723.0)
(723.0,723.0)
(723.0,723.0)
(723.0,723.0)
(723.0,723.0)
(723.0,723.0)
(262.0,723.0)
(723.0,723.0)
(723.0,723.0)
(262.0,723.0)
(723.0,723.0)
(262.0,723.0)
(723.0,723.0)
(315.0,723.0)
(723.0,723.0)
(723.0,723.0)
(262.0,723.0)
(723.0,723.0)
(262.0,723.0)
(262.0,723.0)
(723.0,723.0)
(723.0,723.0)
(723.0,723.0)
(723.0,723.0)
(723.0,723.0)
(723.0,723.0)
(723.0,723.0)
(723.0,723.0)
(723.0,723.0)
(723.0,723.0)
(723.0,723.0)
(723.0,723.0)
(723.0,723.0)
(723.0,723.0)
(723.0,723.0)
(723.0,723.0)
(723.0,723.0)
(723.0,723.0)
(723.0,723.0)
(723.0,723.0)
(723.0,723.0)
(723.0,723.0)
(723.0,723.0)
(723.0,723.0)
(723.0,723.0)
(723.0,723.0)
(723.0,723.0)
(723.0,723.0)
(723.0,723.0)
(723.0,723.0)
(723.0,723.0)
(723.0,723.0)
(723.0,723.0)
(723.0,723.0)
(723.0,723.0)
(723.0,723.0)
(723.0,723.0)
(723.0,723.0)
(723.0,723.0)
(723.0,723.0)
(723.0,723.0)
(723.0,723.0)
(723.0,723.0)
(723.0,723.0)
(723.0,723.0)
(723.0,723.0)
(723.0,723.0)
(723.0,723.0)
(723.0,723.0)
(723.0,723.0)
(723.0,723.0)
(723.0,723.0)
(723.0,723.0)
(723.0,723.0)
(723.0,723.0)
(723.0,723.0)
(723.0,723.0)
(723.0,723.0)
(723.0,723.0)
(723.0,723.0)
(723.0,723.0)
(723.0,723.0)
(723.0,723.0)
(723.0,723.0)
(723.0,723.0)
(723.0,723.0)
(723.0,723.0)
(723.0,723.0)
(723.0,723.0)
(723.0,723.0)
(723.0,723.0)
(723.0,723.0)
(723.0,723.0)
(723.0,723.0)
(723.0,723.0)
(723.0,723.0)
(723.0,723.0)
(723.0,723.0)
(723.0,723.0)
(723.0,723.0)
(723.0,723.0)
(723.0,723.0)
(723.0,723.0)
(723.0,723.0)
(723.0,723.0)
(723.0,723.0)
(723.0,723.0)
(723.0,723.0)
(723.0,723.0)
(723.0,723.0)
(723.0,723.0)
(723.0,723.0)
(723.0,723.0)
(723.0,723.0)
(723.0,723.0)
(723.0,723.0)
(723.0,723.0)
(723.0,723.0)
(723.0,723.0)
(723.0,723.0)
(723.0,723.0)
(723.0,723.0)
(723.0,723.0)
(723.0,723.0)
(723.0,723.0)
(723.0,723.0)
(723.0,723.0)
(723.0,723.0)
(723.0,723.0)
(723.0,723.0)
(723.0,723.0)
(723.0,723.0)
(723.0,723.0)
(723.0,723.0)
(723.0,723.0)
(723.0,723.0)
(723.0,723.0)
(723.0,723.0)
(723.0,723.0)
(723.0,723.0)
(723.0,723.0)
(723.0,723.0)
(723.0,723.0)
(723.0,723.0)
(723.0,723.0)
(723.0,723.0)
(723.0,723.0)
(723.0,723.0)
(723.0,723.0)
(723.0,723.0)
(723.0,723.0)
(723.0,723.0)
(723.0,723.0)
(723.0,723.0)
(723.0,723.0)
(723.0,723.0)
(723.0,723.0)
(723.0,723.0)
(723.0,723.0)
(723.0,723.0)
(723.0,723.0)
(723.0,723.0)
(723.0,723.0)
(723.0,723.0)
(723.0,723.0)
(723.0,723.0)
(723.0,723.0)
(723.0,723.0)
(723.0,723.0)
(723.0,723.0)
(723.0,723.0)
(723.0,723.0)
(723.0,723.0)
(723.0,723.0)
(723.0,723.0)
(723.0,723.0)
(723.0,723.0)
(723.0,723.0)
(723.0,723.0)
(723.0,723.0)
(723.0,723.0)
(723.0,723.0)
(723.0,723.0)
(723.0,723.0)
(723.0,723.0)
(723.0,723.0)
(723.0,723.0)
(723.0,723.0)
(723.0,723.0)
(723.0,723.0)
(723.0,723.0)
(723.0,723.0)
(723.0,723.0)
(723.0,723.0)
(723.0,723.0)
(723.0,723.0)
(723.0,723.0)
(723.0,723.0)
(723.0,723.0)
(723.0,723.0)
(723.0,723.0)
(723.0,723.0)
(723.0,723.0)
(723.0,723.0)
(723.0,723.0)
(723.0,723.0)
(723.0,723.0)
(723.0,723.0)
(723.0,723.0)
(723.0,723.0)
(723.0,723.0)
(723.0,723.0)
(723.0,723.0)
(723.0,723.0)
(723.0,723.0)
(723.0,723.0)
(723.0,723.0)
(723.0,723.0)
(723.0,723.0)
(723.0,723.0)
(723.0,723.0)
(723.0,723.0)
(723.0,723.0)
(723.0,723.0)
(723.0,723.0)
(723.0,723.0)
(723.0,723.0)
(723.0,723.0)
(723.0,723.0)
(723.0,723.0)
(723.0,723.0)
(723.0,723.0)
(723.0,723.0)
(723.0,723.0)
(723.0,723.0)
(723.0,723.0)
(723.0,723.0)
(723.0,723.0)
(723.0,723.0)
(723.0,723.0)
(723.0,723.0)
(723.0,723.0)
(723.0,723.0)
(723.0,723.0)
(723.0,723.0)
(723.0,723.0)
(723.0,723.0)
(723.0,723.0)
(723.0,723.0)
(723.0,723.0)
(723.0,723.0)
(723.0,723.0)
(723.0,723.0)
(723.0,723.0)
(723.0,723.0)
(723.0,723.0)
(723.0,723.0)
(723.0,723.0)
(723.0,723.0)
(723.0,723.0)
(723.0,723.0)
(723.0,723.0)
(723.0,723.0)
(723.0,723.0)
(723.0,723.0)
(723.0,723.0)
(723.0,723.0)
(723.0,723.0)
(723.0,723.0)
(723.0,723.0)
(723.0,723.0)
(723.0,723.0)
(723.0,723.0)
(723.0,723.0)
(723.0,723.0)
(723.0,723.0)
(723.0,723.0)
(723.0,723.0)
(262.0,723.0)
(262.0,723.0)
(723.0,723.0)
(723.0,723.0)
(723.0,723.0)
(262.0,723.0)
(262.0,723.0)
(723.0,723.0)
(723.0,723.0)
(262.0,723.0)
(723.0,723.0)
(723.0,723.0)
(723.0,723.0)
(723.0,723.0)
(723.0,723.0)
(723.0,723.0)
(723.0,723.0)
(262.0,723.0)
(262.0,723.0)
(262.0,723.0)
(723.0,723.0)
(262.0,723.0)
(723.0,723.0)
(723.0,723.0)
(262.0,723.0)
(723.0,723.0)
(723.0,723.0)
(723.0,723.0)
(262.0,723.0)
(262.0,723.0)
(723.0,723.0)
(723.0,723.0)
(262.0,723.0)
(723.0,723.0)
(723.0,723.0)
(723.0,723.0)
(262.0,723.0)
(723.0,723.0)
(723.0,723.0)
(723.0,723.0)
(723.0,723.0)
(723.0,723.0)
(262.0,723.0)
(723.0,723.0)
(723.0,723.0)
(723.0,723.0)
(723.0,723.0)
(723.0,723.0)
(723.0,723.0)
(262.0,723.0)
(723.0,723.0)
(262.0,723.0)
(723.0,723.0)
(262.0,723.0)
(723.0,723.0)
(723.0,723.0)
(262.0,723.0)
(723.0,723.0)
(723.0,723.0)
(723.0,723.0)
(262.0,723.0)
(723.0,723.0)
(723.0,723.0)
(723.0,723.0)
(262.0,723.0)
(723.0,723.0)
(723.0,723.0)
(723.0,723.0)
(723.0,723.0)
(723.0,723.0)
(723.0,723.0)
(723.0,723.0)
(262.0,723.0)
(723.0,723.0)
(262.0,723.0)
(723.0,723.0)
(723.0,723.0)
(262.0,723.0)
(723.0,723.0)
(723.0,723.0)
(723.0,723.0)
(723.0,723.0)
(723.0,723.0)
(723.0,723.0)
(723.0,723.0)
(262.0,723.0)
(723.0,723.0)
(262.0,723.0)
(723.0,723.0)
(262.0,723.0)
(723.0,723.0)
(723.0,723.0)
(723.0,723.0)
(723.0,723.0)
(262.0,723.0)
(723.0,723.0)
(262.0,723.0)
(723.0,723.0)
(262.0,723.0)
(262.0,723.0)
(262.0,723.0)
(262.0,723.0)
(723.0,723.0)
(723.0,723.0)
(723.0,723.0)
(723.0,723.0)
(262.0,723.0)
(723.0,723.0)
(262.0,723.0)
(723.0,723.0)
(723.0,723.0)
(723.0,723.0)
(723.0,723.0)
(723.0,723.0)
(723.0,723.0)
(262.0,723.0)
(723.0,723.0)
(723.0,723.0)
(723.0,723.0)
(723.0,723.0)
(262.0,723.0)
(723.0,723.0)
(723.0,723.0)
(723.0,723.0)
(262.0,723.0)
(723.0,723.0)
(723.0,723.0)
(723.0,723.0)
(723.0,723.0)
(723.0,723.0)
(723.0,723.0)
(723.0,723.0)
(723.0,723.0)
(723.0,723.0)
(723.0,723.0)
(262.0,723.0)
(723.0,723.0)
(723.0,723.0)
(262.0,723.0)
(723.0,723.0)
(262.0,723.0)
(723.0,723.0)
(723.0,723.0)
(723.0,723.0)
(723.0,723.0)
(262.0,723.0)
(723.0,723.0)
(262.0,723.0)
(262.0,723.0)
(723.0,723.0)
(723.0,723.0)
(324.0,723.0)
(723.0,723.0)
(723.0,723.0)
(723.0,723.0)
(723.0,723.0)
(723.0,723.0)
(723.0,723.0)
(723.0,723.0)
(723.0,723.0)
(723.0,723.0)
(723.0,723.0)
(723.0,723.0)
(723.0,723.0)
(723.0,723.0)
(723.0,723.0)
(723.0,723.0)
(723.0,723.0)
(723.0,723.0)
(723.0,723.0)
(723.0,723.0)
(723.0,723.0)
(723.0,723.0)
(723.0,723.0)
(723.0,723.0)
(723.0,723.0)
(723.0,723.0)
(723.0,723.0)
(723.0,723.0)
(723.0,723.0)
(723.0,723.0)
(723.0,723.0)
(723.0,723.0)
(723.0,723.0)
(723.0,723.0)
(723.0,723.0)
(723.0,723.0)
(723.0,723.0)
(723.0,723.0)
(723.0,723.0)
(723.0,723.0)
(723.0,723.0)
(723.0,723.0)
(723.0,723.0)
(723.0,723.0)
(723.0,723.0)
(723.0,723.0)
(723.0,723.0)
(723.0,723.0)
(723.0,723.0)
(723.0,723.0)
(723.0,723.0)
(723.0,723.0)
(324.0,723.0)
(723.0,723.0)
(723.0,723.0)
(723.0,723.0)
(723.0,723.0)
(723.0,723.0)
(324.0,723.0)
(723.0,723.0)
(723.0,723.0)
(723.0,723.0)
(723.0,723.0)
(723.0,723.0)
(723.0,723.0)
(723.0,723.0)
(723.0,723.0)
(324.0,723.0)
(723.0,723.0)
(723.0,723.0)
(723.0,723.0)
(723.0,723.0)
(723.0,723.0)
(723.0,723.0)
(723.0,723.0)
(723.0,723.0)
(723.0,723.0)
(723.0,723.0)
(723.0,723.0)
(723.0,723.0)
(723.0,723.0)
(723.0,723.0)
(723.0,723.0)
(723.0,723.0)
(723.0,723.0)
(723.0,723.0)
(723.0,723.0)
(723.0,723.0)
(723.0,723.0)
(723.0,723.0)
(723.0,723.0)
(723.0,723.0)
(723.0,723.0)
(723.0,723.0)
(723.0,723.0)
(723.0,723.0)
(723.0,723.0)
(723.0,723.0)
(723.0,723.0)
(723.0,723.0)
(723.0,723.0)
(723.0,723.0)
(723.0,723.0)
(723.0,723.0)
(723.0,723.0)
(723.0,723.0)
(324.0,723.0)
(723.0,723.0)
(723.0,723.0)
(723.0,723.0)
(723.0,723.0)
(723.0,723.0)
(723.0,723.0)
(723.0,723.0)
(723.0,723.0)
(723.0,723.0)
(723.0,723.0)
(723.0,723.0)
(723.0,723.0)
(723.0,723.0)
(723.0,723.0)
(723.0,723.0)
(723.0,723.0)
(723.0,723.0)
(723.0,723.0)
(723.0,723.0)
(723.0,723.0)
(723.0,723.0)
(723.0,723.0)
(723.0,723.0)
(723.0,723.0)
(723.0,723.0)
(723.0,723.0)
(723.0,723.0)
(723.0,723.0)
(723.0,723.0)
(723.0,723.0)
(723.0,723.0)
(723.0,723.0)
(723.0,723.0)
(723.0,723.0)
(723.0,723.0)
(723.0,723.0)
(723.0,723.0)
(723.0,723.0)
(723.0,723.0)
(723.0,723.0)
(723.0,723.0)
(723.0,723.0)
(723.0,723.0)
(723.0,723.0)
(723.0,723.0)
(723.0,723.0)
(723.0,723.0)
(723.0,723.0)
(723.0,723.0)
(723.0,723.0)
(723.0,723.0)
(723.0,723.0)
(723.0,723.0)
(723.0,723.0)
(723.0,723.0)
(723.0,723.0)
(723.0,723.0)
(723.0,723.0)
(723.0,723.0)
(723.0,723.0)
(723.0,723.0)
(723.0,723.0)
(723.0,723.0)
(723.0,723.0)
(723.0,723.0)
(723.0,723.0)
(723.0,723.0)
(723.0,723.0)
(723.0,723.0)
(723.0,723.0)
(723.0,723.0)
(723.0,723.0)
(723.0,723.0)
(723.0,723.0)
(723.0,723.0)
(723.0,723.0)
(723.0,723.0)
(723.0,723.0)
(723.0,723.0)
(723.0,723.0)
(723.0,723.0)
(723.0,723.0)
(723.0,723.0)
(723.0,723.0)
(723.0,723.0)
(723.0,723.0)
(723.0,723.0)
(723.0,723.0)
(723.0,723.0)
(723.0,723.0)
(723.0,723.0)
(723.0,723.0)
(723.0,723.0)
(723.0,723.0)
(723.0,723.0)
(723.0,723.0)
(723.0,723.0)
(723.0,723.0)
(723.0,723.0)
(723.0,723.0)
(723.0,723.0)
(723.0,723.0)
(723.0,723.0)
(723.0,723.0)
(723.0,723.0)
(723.0,723.0)
(723.0,723.0)
(723.0,723.0)
(723.0,723.0)
(723.0,723.0)
(723.0,723.0)
(723.0,723.0)
(723.0,723.0)
(723.0,723.0)
(723.0,723.0)
(723.0,723.0)
(723.0,723.0)
(723.0,723.0)
(723.0,723.0)
(723.0,723.0)
(723.0,723.0)
(723.0,723.0)
(723.0,723.0)
(723.0,723.0)
(723.0,723.0)
(723.0,723.0)
(723.0,723.0)
(723.0,723.0)
(723.0,723.0)
(723.0,723.0)
(723.0,723.0)
(723.0,723.0)
(723.0,723.0)
(723.0,723.0)
(723.0,723.0)
(723.0,723.0)
(723.0,723.0)
(723.0,723.0)
(723.0,723.0)
(723.0,723.0)
(723.0,723.0)
(723.0,723.0)
(723.0,723.0)
(723.0,723.0)
(723.0,723.0)
(723.0,723.0)
(723.0,723.0)
(723.0,723.0)
(723.0,723.0)
(723.0,723.0)
(723.0,723.0)
(723.0,723.0)
(723.0,723.0)
(723.0,723.0)
(723.0,723.0)
(723.0,723.0)
(723.0,723.0)
(723.0,723.0)
(723.0,723.0)
(723.0,723.0)
(723.0,723.0)
(723.0,723.0)
(723.0,723.0)
(723.0,723.0)
(723.0,723.0)
(723.0,723.0)
(723.0,723.0)
(723.0,723.0)
(723.0,723.0)
(723.0,723.0)
(723.0,723.0)
(723.0,723.0)
(723.0,723.0)
(723.0,723.0)
(723.0,723.0)
(723.0,723.0)
(723.0,723.0)
(723.0,723.0)
(723.0,723.0)
(723.0,723.0)
(723.0,723.0)
(723.0,723.0)
(723.0,723.0)
(723.0,723.0)
(723.0,723.0)
(723.0,723.0)
(723.0,723.0)
(723.0,723.0)
(723.0,723.0)
(723.0,723.0)
(723.0,723.0)
(723.0,723.0)
(723.0,723.0)
(723.0,723.0)
(315.0,723.0)
(723.0,723.0)
(723.0,723.0)
(723.0,723.0)
(723.0,723.0)
(723.0,723.0)
(723.0,723.0)
(723.0,723.0)
(723.0,723.0)
(723.0,723.0)
(723.0,723.0)
(723.0,723.0)
(723.0,723.0)
(723.0,723.0)
(723.0,723.0)
(723.0,723.0)
(723.0,723.0)
(723.0,723.0)
(723.0,723.0)
(723.0,723.0)
(723.0,723.0)
(723.0,723.0)
(723.0,723.0)
(723.0,723.0)
(723.0,723.0)
(723.0,723.0)
(723.0,723.0)
(723.0,723.0)
(723.0,723.0)
(723.0,723.0)
(723.0,723.0)
(723.0,723.0)
(723.0,723.0)
(723.0,723.0)
(723.0,723.0)
(723.0,723.0)
(723.0,723.0)
(723.0,723.0)
(723.0,723.0)
(723.0,723.0)
(723.0,723.0)
(723.0,723.0)
(723.0,723.0)
(723.0,723.0)
(723.0,723.0)
(723.0,723.0)
(723.0,723.0)
(723.0,723.0)
(723.0,723.0)
(723.0,723.0)
(723.0,723.0)
(723.0,723.0)
(723.0,723.0)
(723.0,723.0)
(723.0,723.0)
(723.0,723.0)
(723.0,723.0)
(723.0,723.0)
(723.0,723.0)
(723.0,723.0)
(723.0,723.0)
(723.0,723.0)
(723.0,723.0)
(723.0,723.0)
(723.0,723.0)
(723.0,723.0)
(723.0,723.0)
(723.0,723.0)
(723.0,723.0)
(723.0,723.0)
(315.0,723.0)
(723.0,723.0)
(723.0,723.0)
(723.0,723.0)
(723.0,723.0)
(723.0,723.0)
(723.0,723.0)
(723.0,723.0)
(723.0,723.0)
(723.0,723.0)
(723.0,723.0)
(723.0,723.0)
(723.0,723.0)
(723.0,723.0)
(723.0,723.0)
(723.0,723.0)
(723.0,723.0)
(723.0,723.0)
(723.0,723.0)
(723.0,723.0)
(723.0,723.0)
(723.0,723.0)
(723.0,723.0)
(723.0,723.0)
(723.0,723.0)
(723.0,723.0)
(723.0,723.0)
(723.0,723.0)
(723.0,723.0)
(723.0,723.0)
(723.0,723.0)
(723.0,723.0)
(723.0,723.0)
(723.0,723.0)
(723.0,723.0)
(723.0,723.0)
(723.0,723.0)
(723.0,723.0)
(723.0,723.0)
(723.0,723.0)
(723.0,723.0)
(723.0,723.0)
(723.0,723.0)
(723.0,723.0)
(723.0,723.0)
(723.0,723.0)
(723.0,723.0)
(723.0,723.0)
(723.0,723.0)
(723.0,723.0)
(723.0,723.0)
(723.0,723.0)
(723.0,723.0)
(723.0,723.0)
(723.0,723.0)
(723.0,723.0)
(723.0,723.0)
(723.0,723.0)
(723.0,723.0)
(315.0,723.0)
(723.0,723.0)
(723.0,723.0)
(723.0,723.0)
(723.0,723.0)
(315.0,723.0)
(723.0,723.0)
(723.0,723.0)
(723.0,723.0)
(723.0,723.0)
(723.0,723.0)
(723.0,723.0)
(723.0,723.0)
(723.0,723.0)
(723.0,723.0)
(723.0,723.0)
(723.0,723.0)
(723.0,723.0)
(723.0,723.0)
(723.0,723.0)
(723.0,723.0)
(315.0,723.0)
(723.0,723.0)
(723.0,723.0)
(723.0,723.0)
(723.0,723.0)
(723.0,723.0)
(723.0,723.0)
(723.0,723.0)
(723.0,723.0)
(723.0,723.0)
(723.0,723.0)
(723.0,723.0)
(723.0,723.0)
(723.0,723.0)
(723.0,723.0)
(723.0,723.0)
(723.0,723.0)
(723.0,723.0)
(723.0,723.0)
(723.0,723.0)
(723.0,723.0)
(723.0,723.0)
(723.0,723.0)
(723.0,723.0)
(723.0,723.0)
(723.0,723.0)
(723.0,723.0)
(723.0,723.0)
(723.0,723.0)
(723.0,723.0)
(723.0,723.0)
(723.0,723.0)
(723.0,723.0)
(723.0,723.0)
(723.0,723.0)
(723.0,723.0)
(723.0,723.0)
(723.0,723.0)
(723.0,723.0)
(723.0,723.0)
(723.0,723.0)
(723.0,723.0)
(723.0,723.0)
(723.0,723.0)
(723.0,723.0)
(723.0,723.0)
(723.0,723.0)
(723.0,723.0)
(723.0,723.0)
(723.0,723.0)
(723.0,723.0)
(723.0,723.0)
(723.0,723.0)
(723.0,723.0)
(723.0,723.0)
(723.0,723.0)
(723.0,723.0)
(723.0,723.0)
(723.0,723.0)
(723.0,723.0)
(723.0,723.0)
(723.0,723.0)
(723.0,723.0)
(723.0,723.0)
(723.0,723.0)
(723.0,723.0)
(723.0,723.0)
(723.0,723.0)
(723.0,723.0)
(723.0,723.0)
(723.0,723.0)
(723.0,723.0)
(723.0,723.0)
(723.0,723.0)
(723.0,723.0)
(723.0,723.0)
(723.0,723.0)
(723.0,723.0)
(723.0,723.0)
(723.0,723.0)
(723.0,723.0)
(723.0,723.0)
(723.0,723.0)
(723.0,723.0)
(723.0,723.0)
(723.0,723.0)
(723.0,723.0)
(723.0,723.0)
(723.0,723.0)
(723.0,723.0)
(723.0,723.0)
(723.0,723.0)
(723.0,723.0)
(723.0,723.0)
(723.0,723.0)
(723.0,723.0)
(723.0,723.0)
(723.0,723.0)
(723.0,723.0)
(723.0,723.0)
(723.0,723.0)
(723.0,723.0)
(723.0,723.0)
(723.0,723.0)
(723.0,723.0)
(723.0,723.0)
(723.0,723.0)
(723.0,723.0)
(723.0,723.0)
(723.0,723.0)
(723.0,723.0)
(723.0,723.0)
(723.0,723.0)
(723.0,723.0)
(723.0,723.0)
(723.0,723.0)
(723.0,723.0)
(723.0,723.0)
(723.0,723.0)
(723.0,723.0)
(723.0,723.0)
(723.0,723.0)
(723.0,723.0)
(723.0,723.0)
(723.0,723.0)
(723.0,723.0)
(723.0,723.0)
(723.0,723.0)
(723.0,723.0)
(723.0,723.0)
(723.0,723.0)
(723.0,723.0)
(723.0,723.0)
(723.0,723.0)
(723.0,723.0)
(723.0,723.0)
(723.0,723.0)
(723.0,723.0)
(723.0,723.0)
(723.0,723.0)
(723.0,723.0)
(723.0,723.0)
(723.0,723.0)
(723.0,723.0)
(723.0,723.0)
(723.0,723.0)
(723.0,723.0)
(723.0,723.0)
(723.0,723.0)
(723.0,723.0)
(723.0,723.0)
(723.0,723.0)
(723.0,723.0)
(723.0,723.0)
(723.0,723.0)
(723.0,723.0)
(723.0,723.0)
(723.0,723.0)
(723.0,723.0)
(723.0,723.0)
(723.0,723.0)
(723.0,723.0)
(723.0,723.0)
(723.0,723.0)
(723.0,723.0)
(658.0,724.0)
(726.0,724.0)
(726.0,724.0)
(658.0,724.0)
(726.0,724.0)
(658.0,724.0)
(658.0,724.0)
(726.0,724.0)
(726.0,724.0)
(726.0,724.0)
(658.0,724.0)
(305.0,724.0)
(726.0,724.0)
(726.0,724.0)
(726.0,724.0)
(658.0,724.0)
(726.0,724.0)
(726.0,724.0)
(726.0,724.0)
(726.0,724.0)
(658.0,724.0)
(726.0,724.0)
(658.0,724.0)
(658.0,724.0)
(726.0,724.0)
(726.0,724.0)
(658.0,724.0)
(658.0,724.0)
(305.0,724.0)
(726.0,724.0)
(305.0,724.0)
(726.0,724.0)
(726.0,724.0)
(305.0,724.0)
(658.0,724.0)
(658.0,724.0)
(726.0,724.0)
(305.0,724.0)
(658.0,724.0)
(726.0,724.0)
(658.0,724.0)
(658.0,724.0)
(726.0,724.0)
(658.0,724.0)
(726.0,724.0)
(658.0,724.0)
(726.0,724.0)
(726.0,724.0)
(726.0,724.0)
(658.0,724.0)
(726.0,724.0)
(726.0,724.0)
(726.0,724.0)
(726.0,724.0)
(726.0,724.0)
(658.0,724.0)
(726.0,724.0)
(726.0,724.0)
(658.0,724.0)
(658.0,724.0)
(726.0,724.0)
(726.0,724.0)
(287.0,724.0)
(658.0,724.0)
(305.0,724.0)
(726.0,724.0)
(305.0,724.0)
(726.0,724.0)
(726.0,724.0)
(658.0,724.0)
(287.0,724.0)
(726.0,724.0)
(726.0,724.0)
(726.0,724.0)
(658.0,724.0)
(305.0,724.0)
(726.0,724.0)
(726.0,724.0)
(658.0,724.0)
(726.0,724.0)
(658.0,724.0)
(726.0,724.0)
(726.0,724.0)
(726.0,724.0)
(726.0,724.0)
(726.0,724.0)
(658.0,724.0)
(726.0,724.0)
(726.0,724.0)
(658.0,724.0)
(726.0,724.0)
(658.0,724.0)
(726.0,724.0)
(726.0,724.0)
(305.0,724.0)
(726.0,724.0)
(726.0,724.0)
(726.0,724.0)
(726.0,724.0)
(726.0,724.0)
(726.0,724.0)
(726.0,724.0)
(305.0,724.0)
(658.0,724.0)
(726.0,724.0)
(658.0,724.0)
(726.0,724.0)
(658.0,724.0)
(726.0,724.0)
(726.0,724.0)
(658.0,724.0)
(726.0,724.0)
(658.0,724.0)
(726.0,724.0)
(726.0,724.0)
(305.0,724.0)
(726.0,724.0)
(658.0,724.0)
(658.0,724.0)
(658.0,724.0)
(287.0,724.0)
(726.0,724.0)
(726.0,724.0)
(658.0,724.0)
(726.0,724.0)
(305.0,724.0)
(726.0,724.0)
(305.0,724.0)
(726.0,724.0)
(305.0,724.0)
(658.0,724.0)
(726.0,724.0)
(726.0,724.0)
(726.0,724.0)
(305.0,724.0)
(305.0,724.0)
(726.0,724.0)
(726.0,724.0)
(726.0,724.0)
(305.0,724.0)
(305.0,724.0)
(658.0,724.0)
(658.0,724.0)
(726.0,724.0)
(305.0,724.0)
(726.0,724.0)
(287.0,724.0)
(726.0,724.0)
(726.0,724.0)
(726.0,724.0)
(726.0,724.0)
(726.0,724.0)
(658.0,724.0)
(726.0,724.0)
(726.0,724.0)
(726.0,724.0)
(726.0,724.0)
(726.0,724.0)
(658.0,724.0)
(658.0,724.0)
(658.0,724.0)
(726.0,724.0)
(305.0,724.0)
(726.0,724.0)
(658.0,724.0)
(726.0,724.0)
(726.0,724.0)
(726.0,724.0)
(726.0,724.0)
(305.0,724.0)
(726.0,724.0)
(658.0,724.0)
(305.0,724.0)
(726.0,724.0)
(658.0,724.0)
(657.0,725.0)
(613.0,725.0)
(190.0,725.0)
(713.0,725.0)
(299.0,725.0)
(613.0,725.0)
(613.0,725.0)
(190.0,725.0)
(190.0,725.0)
(299.0,725.0)
(190.0,725.0)
(613.0,725.0)
(299.0,725.0)
(190.0,725.0)
(613.0,725.0)
(613.0,725.0)
(613.0,725.0)
(656.0,725.0)
(190.0,725.0)
(656.0,725.0)
(613.0,725.0)
(713.0,725.0)
(617.0,725.0)
(190.0,725.0)
(190.0,725.0)
(613.0,725.0)
(645.0,725.0)
(299.0,725.0)
(613.0,725.0)
(190.0,725.0)
(657.0,725.0)
(656.0,725.0)
(617.0,725.0)
(613.0,725.0)
(299.0,725.0)
(645.0,725.0)
(613.0,725.0)
(613.0,725.0)
(613.0,725.0)
(190.0,725.0)
(613.0,725.0)
(617.0,725.0)
(262.0,725.0)
(613.0,725.0)
(190.0,725.0)
(645.0,725.0)
(190.0,725.0)
(613.0,725.0)
(613.0,725.0)
(645.0,725.0)
(190.0,725.0)
(613.0,725.0)
(656.0,725.0)
(190.0,725.0)
(617.0,725.0)
(645.0,725.0)
(613.0,725.0)
(613.0,725.0)
(613.0,725.0)
(613.0,725.0)
(613.0,725.0)
(613.0,725.0)
(299.0,725.0)
(645.0,725.0)
(613.0,725.0)
(262.0,725.0)
(617.0,725.0)
(190.0,725.0)
(299.0,725.0)
(645.0,725.0)
(299.0,725.0)
(190.0,725.0)
(656.0,725.0)
(190.0,725.0)
(645.0,725.0)
(613.0,725.0)
(613.0,725.0)
(299.0,725.0)
(645.0,725.0)
(299.0,725.0)
(613.0,725.0)
(645.0,725.0)
(617.0,725.0)
(299.0,725.0)
(190.0,725.0)
(613.0,725.0)
(617.0,725.0)
(613.0,725.0)
(617.0,725.0)
(613.0,725.0)
(190.0,725.0)
(645.0,725.0)
(299.0,725.0)
(725.0,725.0)
(190.0,725.0)
(613.0,725.0)
(617.0,725.0)
(299.0,725.0)
(190.0,725.0)
(190.0,725.0)
(613.0,725.0)
(613.0,725.0)
(613.0,725.0)
(613.0,725.0)
(190.0,725.0)
(190.0,725.0)
(190.0,725.0)
(190.0,725.0)
(613.0,725.0)
(613.0,725.0)
(617.0,725.0)
(190.0,725.0)
(190.0,725.0)
(656.0,725.0)
(656.0,725.0)
(613.0,725.0)
(190.0,725.0)
(613.0,725.0)
(190.0,725.0)
(190.0,725.0)
(190.0,725.0)
(656.0,725.0)
(613.0,725.0)
(299.0,725.0)
(617.0,725.0)
(617.0,725.0)
(645.0,725.0)
(613.0,725.0)
(656.0,725.0)
(638.0,725.0)
(613.0,725.0)
(190.0,725.0)
(613.0,725.0)
(613.0,725.0)
(299.0,725.0)
(190.0,725.0)
(713.0,725.0)
(656.0,725.0)
(190.0,725.0)
(299.0,725.0)
(656.0,725.0)
(613.0,725.0)
(613.0,725.0)
(656.0,725.0)
(613.0,725.0)
(190.0,725.0)
(645.0,725.0)
(613.0,725.0)
(190.0,725.0)
(613.0,725.0)
(645.0,725.0)
(613.0,725.0)
(617.0,725.0)
(613.0,725.0)
(645.0,725.0)
(645.0,725.0)
(613.0,725.0)
(299.0,725.0)
(656.0,725.0)
(190.0,725.0)
(190.0,725.0)
(617.0,725.0)
(190.0,725.0)
(299.0,725.0)
(617.0,725.0)
(613.0,725.0)
(190.0,725.0)
(613.0,725.0)
(262.0,725.0)
(613.0,725.0)
(645.0,725.0)
(613.0,725.0)
(262.0,725.0)
(613.0,725.0)
(638.0,725.0)
(613.0,725.0)
(613.0,725.0)
(656.0,725.0)
(617.0,725.0)
(613.0,725.0)
(613.0,725.0)
(613.0,725.0)
(617.0,725.0)
(190.0,725.0)
(617.0,725.0)
(262.0,725.0)
(190.0,725.0)
(190.0,725.0)
(613.0,725.0)
(613.0,725.0)
(267.0,725.0)
(638.0,725.0)
(645.0,725.0)
(613.0,725.0)
(613.0,725.0)
(613.0,725.0)
(726.0,725.0)
(726.0,725.0)
(645.0,725.0)
(613.0,725.0)
(613.0,725.0)
(645.0,725.0)
(641.0,725.0)
(613.0,725.0)
(613.0,725.0)
(645.0,725.0)
(641.0,725.0)
(725.0,725.0)
(641.0,725.0)
(613.0,725.0)
(641.0,725.0)
(613.0,725.0)
(613.0,725.0)
(613.0,725.0)
(613.0,725.0)
(726.0,725.0)
(613.0,725.0)
(641.0,725.0)
(613.0,725.0)
(613.0,725.0)
(725.0,725.0)
(641.0,725.0)
(613.0,725.0)
(613.0,725.0)
(613.0,725.0)
(725.0,725.0)
(645.0,725.0)
(613.0,725.0)
(613.0,725.0)
(726.0,725.0)
(726.0,725.0)
(726.0,725.0)
(725.0,725.0)
(725.0,725.0)
(726.0,725.0)
(641.0,725.0)
(645.0,725.0)
(613.0,725.0)
(641.0,725.0)
(613.0,725.0)
(613.0,725.0)
(613.0,725.0)
(613.0,725.0)
(645.0,725.0)
(641.0,725.0)
(613.0,725.0)
(613.0,725.0)
(725.0,725.0)
(645.0,725.0)
(725.0,725.0)
(645.0,725.0)
(267.0,725.0)
(641.0,725.0)
(726.0,725.0)
(613.0,725.0)
(613.0,725.0)
(613.0,725.0)
(613.0,725.0)
(613.0,725.0)
(725.0,725.0)
(725.0,725.0)
(641.0,725.0)
(613.0,725.0)
(613.0,725.0)
(613.0,725.0)
(645.0,725.0)
(613.0,725.0)
(613.0,725.0)
(613.0,725.0)
(613.0,725.0)
(645.0,725.0)
(726.0,725.0)
(613.0,725.0)
(613.0,725.0)
(613.0,725.0)
(613.0,725.0)
(613.0,725.0)
(641.0,725.0)
(726.0,725.0)
(613.0,725.0)
(725.0,725.0)
(726.0,725.0)
(641.0,725.0)
(613.0,725.0)
(613.0,725.0)
(725.0,725.0)
(645.0,725.0)
(613.0,725.0)
(645.0,725.0)
(613.0,725.0)
(645.0,725.0)
(725.0,725.0)
(725.0,725.0)
(641.0,725.0)
(641.0,725.0)
(267.0,725.0)
(641.0,725.0)
(641.0,725.0)
(613.0,725.0)
(613.0,725.0)
(613.0,725.0)
(613.0,725.0)
(613.0,725.0)
(725.0,725.0)
(641.0,725.0)
(726.0,725.0)
(641.0,725.0)
(641.0,725.0)
(726.0,725.0)
(613.0,725.0)
(726.0,725.0)
(726.0,725.0)
(613.0,725.0)
(725.0,725.0)
(641.0,725.0)
(645.0,725.0)
(613.0,725.0)
(613.0,725.0)
(613.0,725.0)
(641.0,725.0)
(641.0,725.0)
(641.0,725.0)
(725.0,725.0)
(638.0,725.0)
(725.0,725.0)
(261.0,725.0)
(725.0,725.0)
(613.0,725.0)
(638.0,725.0)
(725.0,725.0)
(725.0,725.0)
(725.0,725.0)
(638.0,725.0)
(725.0,725.0)
(725.0,725.0)
(261.0,725.0)
(638.0,725.0)
(638.0,725.0)
(613.0,725.0)
(725.0,725.0)
(725.0,725.0)
(638.0,725.0)
(261.0,725.0)
(725.0,725.0)
(725.0,725.0)
(725.0,725.0)
(638.0,725.0)
(261.0,725.0)
(725.0,725.0)
(638.0,725.0)
(725.0,725.0)
(725.0,725.0)
(613.0,725.0)
(725.0,725.0)
(725.0,725.0)
(638.0,725.0)
(638.0,725.0)
(725.0,725.0)
(725.0,725.0)
(613.0,725.0)
(725.0,725.0)
(725.0,725.0)
(725.0,725.0)
(638.0,725.0)
(725.0,725.0)
(613.0,725.0)
(261.0,725.0)
(638.0,725.0)
(725.0,725.0)
(638.0,725.0)
(638.0,725.0)
(725.0,725.0)
(638.0,725.0)
(638.0,725.0)
(638.0,725.0)
(638.0,725.0)
(638.0,725.0)
(638.0,725.0)
(725.0,725.0)
(261.0,725.0)
(638.0,725.0)
(725.0,725.0)
(725.0,725.0)
(725.0,725.0)
(725.0,725.0)
(261.0,725.0)
(725.0,725.0)
(261.0,725.0)
(725.0,725.0)
(725.0,725.0)
(725.0,725.0)
(725.0,725.0)
(725.0,725.0)
(725.0,725.0)
(638.0,725.0)
(725.0,725.0)
(261.0,725.0)
(638.0,725.0)
(261.0,725.0)
(725.0,725.0)
(725.0,725.0)
(725.0,725.0)
(638.0,725.0)
(638.0,725.0)
(613.0,725.0)
(638.0,725.0)
(261.0,725.0)
(261.0,725.0)
(638.0,725.0)
(725.0,725.0)
(725.0,725.0)
(725.0,725.0)
(725.0,725.0)
(725.0,725.0)
(725.0,725.0)
(261.0,725.0)
(725.0,725.0)
(725.0,725.0)
(638.0,725.0)
(638.0,725.0)
(725.0,725.0)
(261.0,725.0)
(261.0,725.0)
(725.0,725.0)
(725.0,725.0)
(638.0,725.0)
(638.0,725.0)
(725.0,725.0)
(725.0,725.0)
(725.0,725.0)
(725.0,725.0)
(638.0,725.0)
(261.0,725.0)
(638.0,725.0)
(725.0,725.0)
(725.0,725.0)
(725.0,725.0)
(261.0,725.0)
(725.0,725.0)
(725.0,725.0)
(725.0,725.0)
(261.0,725.0)
(613.0,725.0)
(725.0,725.0)
(725.0,725.0)
(638.0,725.0)
(261.0,725.0)
(613.0,725.0)
(638.0,725.0)
(725.0,725.0)
(725.0,725.0)
(261.0,725.0)
(725.0,725.0)
(725.0,725.0)
(261.0,725.0)
(638.0,725.0)
(638.0,725.0)
(725.0,725.0)
(638.0,725.0)
(725.0,725.0)
(638.0,725.0)
(613.0,725.0)
(261.0,725.0)
(613.0,725.0)
(261.0,725.0)
(613.0,725.0)
(725.0,725.0)
(261.0,725.0)
(261.0,725.0)
(261.0,725.0)
(613.0,725.0)
(725.0,725.0)
(725.0,725.0)
(725.0,725.0)
(725.0,725.0)
(725.0,725.0)
(725.0,725.0)
(613.0,725.0)
(613.0,725.0)
(725.0,725.0)
(613.0,725.0)
(261.0,725.0)
(613.0,725.0)
(638.0,725.0)
(725.0,725.0)
(638.0,725.0)
(613.0,725.0)
(725.0,725.0)
(725.0,725.0)
(638.0,725.0)
(613.0,725.0)
(638.0,725.0)
(725.0,725.0)
(725.0,725.0)
(725.0,725.0)
(725.0,725.0)
(725.0,725.0)
(261.0,725.0)
(613.0,725.0)
(725.0,725.0)
(267.0,725.0)
(725.0,725.0)
(267.0,725.0)
(267.0,725.0)
(267.0,725.0)
(656.0,725.0)
(656.0,725.0)
(725.0,725.0)
(267.0,725.0)
(725.0,725.0)
(267.0,725.0)
(267.0,725.0)
(725.0,725.0)
(645.0,725.0)
(725.0,725.0)
(267.0,725.0)
(636.0,725.0)
(725.0,725.0)
(725.0,725.0)
(267.0,725.0)
(725.0,725.0)
(267.0,725.0)
(645.0,725.0)
(656.0,725.0)
(267.0,725.0)
(267.0,725.0)
(267.0,725.0)
(267.0,725.0)
(645.0,725.0)
(267.0,725.0)
(267.0,725.0)
(725.0,725.0)
(267.0,725.0)
(725.0,725.0)
(267.0,725.0)
(725.0,725.0)
(656.0,725.0)
(267.0,725.0)
(725.0,725.0)
(645.0,725.0)
(725.0,725.0)
(267.0,725.0)
(267.0,725.0)
(267.0,725.0)
(267.0,725.0)
(267.0,725.0)
(636.0,725.0)
(267.0,725.0)
(725.0,725.0)
(267.0,725.0)
(725.0,725.0)
(725.0,725.0)
(725.0,725.0)
(267.0,725.0)
(267.0,725.0)
(267.0,725.0)
(267.0,725.0)
(725.0,725.0)
(267.0,725.0)
(267.0,725.0)
(645.0,725.0)
(725.0,725.0)
(656.0,725.0)
(725.0,725.0)
(267.0,725.0)
(725.0,725.0)
(725.0,725.0)
(267.0,725.0)
(267.0,725.0)
(267.0,725.0)
(267.0,725.0)
(725.0,725.0)
(725.0,725.0)
(267.0,725.0)
(267.0,725.0)
(636.0,725.0)
(645.0,725.0)
(267.0,725.0)
(725.0,725.0)
(725.0,725.0)
(267.0,725.0)
(725.0,725.0)
(267.0,725.0)
(267.0,725.0)
(725.0,725.0)
(725.0,725.0)
(267.0,725.0)
(725.0,725.0)
(267.0,725.0)
(725.0,725.0)
(636.0,725.0)
(656.0,725.0)
(725.0,725.0)
(725.0,725.0)
(267.0,725.0)
(267.0,725.0)
(725.0,725.0)
(267.0,725.0)
(725.0,725.0)
(267.0,725.0)
(725.0,725.0)
(267.0,725.0)
(267.0,725.0)
(656.0,725.0)
(267.0,725.0)
(725.0,725.0)
(725.0,725.0)
(725.0,725.0)
(725.0,725.0)
(645.0,725.0)
(645.0,725.0)
(645.0,725.0)
(267.0,725.0)
(725.0,725.0)
(267.0,725.0)
(267.0,725.0)
(267.0,725.0)
(725.0,725.0)
(267.0,725.0)
(267.0,725.0)
(267.0,725.0)
(725.0,725.0)
(725.0,725.0)
(727.0,725.0)
(725.0,725.0)
(340.0,725.0)
(725.0,725.0)
(536.0,725.0)
(727.0,725.0)
(727.0,725.0)
(675.0,725.0)
(725.0,725.0)
(675.0,725.0)
(675.0,725.0)
(612.0,725.0)
(725.0,725.0)
(536.0,725.0)
(725.0,725.0)
(725.0,725.0)
(725.0,725.0)
(727.0,725.0)
(725.0,725.0)
(725.0,725.0)
(725.0,725.0)
(725.0,725.0)
(219.0,725.0)
(536.0,725.0)
(675.0,725.0)
(536.0,725.0)
(725.0,725.0)
(725.0,725.0)
(675.0,725.0)
(675.0,725.0)
(536.0,725.0)
(675.0,725.0)
(725.0,725.0)
(725.0,725.0)
(725.0,725.0)
(727.0,725.0)
(725.0,725.0)
(536.0,725.0)
(725.0,725.0)
(725.0,725.0)
(536.0,725.0)
(725.0,725.0)
(219.0,725.0)
(536.0,725.0)
(725.0,725.0)
(219.0,725.0)
(725.0,725.0)
(675.0,725.0)
(675.0,725.0)
(675.0,725.0)
(725.0,725.0)
(725.0,725.0)
(675.0,725.0)
(725.0,725.0)
(725.0,725.0)
(727.0,725.0)
(264.0,725.0)
(725.0,725.0)
(725.0,725.0)
(725.0,725.0)
(219.0,725.0)
(725.0,725.0)
(725.0,725.0)
(675.0,725.0)
(725.0,725.0)
