(267.0,267.0)
(287.0,267.0)
(267.0,267.0)
(234.0,267.0)
(287.0,267.0)
(287.0,267.0)
(267.0,267.0)
(267.0,267.0)
(287.0,267.0)
(287.0,267.0)
(267.0,267.0)
(267.0,267.0)
(267.0,267.0)
(267.0,267.0)
(267.0,267.0)
(234.0,267.0)
(234.0,267.0)
(234.0,267.0)
(234.0,267.0)
(287.0,267.0)
(267.0,267.0)
(287.0,267.0)
(287.0,267.0)
(267.0,267.0)
(267.0,267.0)
(287.0,267.0)
(267.0,267.0)
(267.0,267.0)
(267.0,267.0)
(287.0,267.0)
(234.0,267.0)
(234.0,267.0)
(264.0,267.0)
(234.0,267.0)
(267.0,267.0)
(264.0,267.0)
(234.0,267.0)
(267.0,267.0)
(287.0,267.0)
(287.0,267.0)
(267.0,267.0)
(267.0,267.0)
(287.0,267.0)
(287.0,267.0)
(234.0,267.0)
(267.0,267.0)
(267.0,267.0)
(287.0,267.0)
(234.0,267.0)
(267.0,267.0)
(287.0,267.0)
(287.0,267.0)
(287.0,267.0)
(234.0,267.0)
(267.0,267.0)
(287.0,267.0)
(264.0,267.0)
(234.0,267.0)
(287.0,267.0)
(267.0,267.0)
(267.0,267.0)
(287.0,267.0)
(267.0,267.0)
(234.0,267.0)
(267.0,267.0)
(287.0,267.0)
(264.0,267.0)
(264.0,267.0)
(267.0,267.0)
(287.0,267.0)
(267.0,267.0)
(267.0,267.0)
(267.0,267.0)
(287.0,267.0)
(234.0,267.0)
(264.0,267.0)
(287.0,267.0)
(264.0,267.0)
(264.0,267.0)
(234.0,267.0)
(287.0,267.0)
(234.0,267.0)
(234.0,267.0)
(267.0,267.0)
(264.0,267.0)
(234.0,267.0)
(267.0,267.0)
(267.0,267.0)
(234.0,267.0)
(264.0,267.0)
(287.0,267.0)
(287.0,267.0)
(267.0,267.0)
(267.0,267.0)
(267.0,267.0)
(203.0,267.0)
(267.0,267.0)
(267.0,267.0)
(267.0,267.0)
(203.0,267.0)
(42.0,267.0)
(267.0,267.0)
(203.0,267.0)
(267.0,267.0)
(264.0,267.0)
(264.0,267.0)
(267.0,267.0)
(267.0,267.0)
(42.0,267.0)
(267.0,267.0)
(267.0,267.0)
(203.0,267.0)
(267.0,267.0)
(267.0,267.0)
(267.0,267.0)
(267.0,267.0)
(267.0,267.0)
(617.0,267.0)
(267.0,267.0)
(267.0,267.0)
(267.0,267.0)
(617.0,267.0)
(203.0,267.0)
(267.0,267.0)
(276.0,267.0)
(276.0,267.0)
(267.0,267.0)
(203.0,267.0)
(203.0,267.0)
(42.0,267.0)
(617.0,267.0)
(267.0,267.0)
(203.0,267.0)
(267.0,267.0)
(264.0,267.0)
(267.0,267.0)
(42.0,267.0)
(267.0,267.0)
(267.0,267.0)
(267.0,267.0)
(267.0,267.0)
(267.0,267.0)
(267.0,267.0)
(267.0,267.0)
(264.0,267.0)
(267.0,267.0)
(203.0,267.0)
(203.0,267.0)
(267.0,267.0)
(264.0,267.0)
(267.0,267.0)
(203.0,267.0)
(267.0,267.0)
(267.0,267.0)
(267.0,267.0)
(264.0,267.0)
(617.0,267.0)
(267.0,267.0)
(267.0,267.0)
(203.0,267.0)
(267.0,267.0)
(267.0,267.0)
(276.0,267.0)
(267.0,267.0)
(617.0,267.0)
(203.0,267.0)
(203.0,267.0)
(267.0,267.0)
(267.0,267.0)
(203.0,267.0)
(617.0,267.0)
(267.0,267.0)
(203.0,267.0)
(42.0,267.0)
(267.0,267.0)
(617.0,267.0)
(267.0,267.0)
(267.0,267.0)
(267.0,267.0)
(267.0,267.0)
(203.0,267.0)
(267.0,267.0)
(267.0,267.0)
(276.0,267.0)
(267.0,267.0)
(264.0,267.0)
(203.0,267.0)
(267.0,267.0)
(42.0,267.0)
(267.0,267.0)
(267.0,267.0)
(267.0,267.0)
(267.0,267.0)
(264.0,267.0)
(42.0,267.0)
(267.0,267.0)
(267.0,267.0)
(267.0,267.0)
(264.0,267.0)
(203.0,267.0)
(203.0,267.0)
(267.0,267.0)
(267.0,267.0)
(264.0,267.0)
(267.0,267.0)
(264.0,267.0)
(267.0,267.0)
(267.0,267.0)
(267.0,267.0)
(267.0,267.0)
(203.0,267.0)
(267.0,267.0)
(267.0,267.0)
(267.0,267.0)
(267.0,267.0)
(267.0,267.0)
(203.0,267.0)
(267.0,267.0)
(267.0,267.0)
(267.0,267.0)
(267.0,267.0)
(267.0,267.0)
(267.0,267.0)
(42.0,267.0)
(203.0,267.0)
(267.0,267.0)
(42.0,267.0)
(264.0,267.0)
(203.0,267.0)
(267.0,267.0)
(264.0,267.0)
(267.0,267.0)
(267.0,267.0)
(203.0,267.0)
(617.0,267.0)
(267.0,267.0)
(203.0,267.0)
(203.0,267.0)
(267.0,267.0)
(42.0,267.0)
(617.0,267.0)
(203.0,267.0)
(267.0,267.0)
(676.0,268.0)
(676.0,268.0)
(676.0,268.0)
(676.0,268.0)
(676.0,268.0)
(676.0,268.0)
(676.0,268.0)
(676.0,268.0)
(676.0,268.0)
(676.0,268.0)
(676.0,268.0)
(676.0,268.0)
(676.0,268.0)
(676.0,268.0)
(676.0,268.0)
(676.0,268.0)
(676.0,268.0)
(676.0,268.0)
(676.0,268.0)
(676.0,268.0)
(676.0,268.0)
(676.0,268.0)
(676.0,268.0)
(676.0,268.0)
(676.0,268.0)
(676.0,268.0)
(676.0,268.0)
(676.0,268.0)
(676.0,268.0)
(267.0,268.0)
(264.0,268.0)
(267.0,268.0)
(264.0,268.0)
(267.0,268.0)
(267.0,268.0)
(267.0,268.0)
(264.0,268.0)
(267.0,268.0)
(267.0,268.0)
(267.0,268.0)
(264.0,268.0)
(267.0,268.0)
(267.0,268.0)
(264.0,268.0)
(264.0,268.0)
(267.0,268.0)
(267.0,268.0)
(264.0,268.0)
(267.0,268.0)
(267.0,268.0)
(267.0,268.0)
(267.0,268.0)
(264.0,268.0)
(267.0,268.0)
(267.0,268.0)
(267.0,268.0)
(267.0,268.0)
(267.0,268.0)
(264.0,268.0)
(267.0,268.0)
(267.0,268.0)
(267.0,268.0)
(267.0,268.0)
(264.0,268.0)
(267.0,268.0)
(267.0,268.0)
(267.0,268.0)
(267.0,268.0)
(267.0,268.0)
(267.0,268.0)
(264.0,268.0)
(267.0,268.0)
(267.0,268.0)
(264.0,268.0)
(264.0,268.0)
(264.0,268.0)
(267.0,268.0)
(264.0,268.0)
(267.0,268.0)
(267.0,268.0)
(267.0,268.0)
(267.0,268.0)
(267.0,268.0)
(267.0,268.0)
(267.0,268.0)
(267.0,268.0)
(267.0,268.0)
(264.0,268.0)
(264.0,268.0)
(264.0,268.0)
(267.0,268.0)
(267.0,268.0)
(264.0,268.0)
(264.0,268.0)
(267.0,268.0)
(267.0,268.0)
(264.0,268.0)
(267.0,268.0)
(264.0,268.0)
(264.0,268.0)
(267.0,268.0)
(267.0,268.0)
(264.0,268.0)
(264.0,268.0)
(264.0,268.0)
(264.0,268.0)
(267.0,268.0)
(264.0,268.0)
(267.0,268.0)
(264.0,268.0)
(267.0,268.0)
(267.0,268.0)
(264.0,268.0)
(264.0,268.0)
(264.0,268.0)
(267.0,268.0)
(264.0,268.0)
(267.0,268.0)
(267.0,268.0)
(267.0,268.0)
(267.0,268.0)
(264.0,268.0)
(267.0,268.0)
(267.0,268.0)
(267.0,268.0)
(264.0,268.0)
(264.0,268.0)
(267.0,268.0)
(267.0,268.0)
(264.0,268.0)
(264.0,268.0)
(264.0,268.0)
(267.0,268.0)
(267.0,268.0)
(267.0,268.0)
(264.0,268.0)
(267.0,268.0)
(267.0,268.0)
(267.0,268.0)
(267.0,268.0)
(267.0,268.0)
(264.0,268.0)
(267.0,268.0)
(267.0,268.0)
(267.0,268.0)
(264.0,268.0)
(267.0,268.0)
(267.0,268.0)
(267.0,268.0)
(267.0,268.0)
(267.0,268.0)
(267.0,268.0)
(267.0,268.0)
(267.0,268.0)
(267.0,268.0)
(264.0,268.0)
(264.0,268.0)
(267.0,268.0)
(264.0,268.0)
(267.0,268.0)
(264.0,268.0)
(264.0,268.0)
(676.0,268.0)
(676.0,268.0)
(264.0,268.0)
(264.0,268.0)
(676.0,268.0)
(675.0,268.0)
(264.0,268.0)
(264.0,268.0)
(264.0,268.0)
(675.0,268.0)
(264.0,268.0)
(676.0,268.0)
(264.0,268.0)
(264.0,268.0)
(264.0,268.0)
(264.0,268.0)
(264.0,268.0)
(264.0,268.0)
(264.0,268.0)
(264.0,268.0)
(264.0,268.0)
(264.0,268.0)
(264.0,268.0)
(264.0,268.0)
(264.0,268.0)
(676.0,268.0)
(675.0,268.0)
(675.0,268.0)
(264.0,268.0)
(264.0,268.0)
(676.0,268.0)
(264.0,268.0)
(264.0,268.0)
(264.0,268.0)
(676.0,268.0)
(675.0,268.0)
(675.0,268.0)
(264.0,268.0)
(264.0,268.0)
(676.0,268.0)
(676.0,268.0)
(264.0,268.0)
(264.0,268.0)
(676.0,268.0)
(676.0,268.0)
(264.0,268.0)
(676.0,268.0)
(264.0,268.0)
(676.0,268.0)
(676.0,268.0)
(675.0,268.0)
(264.0,268.0)
(676.0,268.0)
(264.0,268.0)
(675.0,268.0)
(264.0,268.0)
(264.0,268.0)
(675.0,268.0)
(264.0,268.0)
(264.0,268.0)
(264.0,268.0)
(264.0,268.0)
(676.0,268.0)
(676.0,268.0)
(264.0,268.0)
(675.0,268.0)
(675.0,268.0)
(676.0,268.0)
(676.0,268.0)
(264.0,268.0)
(675.0,268.0)
(264.0,268.0)
(264.0,268.0)
(675.0,268.0)
(264.0,268.0)
(264.0,268.0)
(264.0,268.0)
(264.0,268.0)
(264.0,268.0)
(264.0,268.0)
(675.0,268.0)
(676.0,268.0)
(264.0,268.0)
(675.0,268.0)
(676.0,268.0)
(267.0,268.0)
(267.0,268.0)
(267.0,268.0)
(267.0,268.0)
(267.0,268.0)
(267.0,268.0)
(267.0,268.0)
(267.0,268.0)
(267.0,268.0)
(267.0,268.0)
(267.0,268.0)
(267.0,268.0)
(267.0,268.0)
(267.0,268.0)
(267.0,268.0)
(267.0,268.0)
(267.0,268.0)
(267.0,268.0)
(267.0,268.0)
(267.0,268.0)
(267.0,268.0)
(267.0,268.0)
(267.0,268.0)
(267.0,268.0)
(267.0,268.0)
(267.0,268.0)
(267.0,268.0)
(267.0,268.0)
(267.0,268.0)
(267.0,268.0)
(267.0,268.0)
(267.0,268.0)
(267.0,268.0)
(267.0,268.0)
(267.0,268.0)
(267.0,268.0)
(267.0,268.0)
(267.0,268.0)
(267.0,268.0)
(267.0,268.0)
(267.0,268.0)
(267.0,268.0)
(267.0,268.0)
(267.0,268.0)
(267.0,268.0)
(267.0,268.0)
(267.0,268.0)
(267.0,268.0)
(267.0,268.0)
(267.0,268.0)
(267.0,268.0)
(267.0,268.0)
(267.0,268.0)
(267.0,268.0)
(267.0,268.0)
(267.0,268.0)
(267.0,268.0)
(267.0,268.0)
(267.0,268.0)
(267.0,268.0)
(267.0,268.0)
(267.0,268.0)
(267.0,268.0)
(267.0,268.0)
(667.0,270.0)
(278.0,270.0)
(298.0,270.0)
(278.0,270.0)
(667.0,270.0)
(667.0,270.0)
(667.0,270.0)
(667.0,270.0)
(278.0,270.0)
(298.0,270.0)
(278.0,270.0)
(617.0,270.0)
(667.0,270.0)
(299.0,270.0)
(278.0,270.0)
(298.0,270.0)
(667.0,270.0)
(299.0,270.0)
(617.0,270.0)
(298.0,270.0)
(686.0,270.0)
(667.0,270.0)
(667.0,270.0)
(278.0,270.0)
(299.0,270.0)
(667.0,270.0)
(667.0,270.0)
(299.0,270.0)
(667.0,270.0)
(298.0,270.0)
(667.0,270.0)
(667.0,270.0)
(667.0,270.0)
(617.0,270.0)
(667.0,270.0)
(298.0,270.0)
(299.0,270.0)
(617.0,270.0)
(298.0,270.0)
(667.0,270.0)
(617.0,270.0)
(667.0,270.0)
(299.0,270.0)
(299.0,270.0)
(299.0,270.0)
(298.0,270.0)
(278.0,270.0)
(299.0,270.0)
(459.0,270.0)
(667.0,270.0)
(299.0,270.0)
(298.0,270.0)
(667.0,270.0)
(617.0,270.0)
(667.0,270.0)
(298.0,270.0)
(299.0,270.0)
(667.0,270.0)
(667.0,270.0)
(278.0,270.0)
(299.0,270.0)
(667.0,270.0)
(667.0,270.0)
(299.0,270.0)
(299.0,270.0)
(667.0,270.0)
(298.0,270.0)
(667.0,270.0)
(299.0,270.0)
(278.0,270.0)
(459.0,270.0)
(278.0,270.0)
(667.0,270.0)
(617.0,270.0)
(278.0,270.0)
(667.0,270.0)
(298.0,270.0)
(299.0,270.0)
(617.0,270.0)
(299.0,270.0)
(299.0,270.0)
(667.0,270.0)
(278.0,270.0)
(278.0,270.0)
(278.0,270.0)
(278.0,270.0)
(299.0,270.0)
(617.0,270.0)
(667.0,270.0)
(667.0,270.0)
(299.0,270.0)
(617.0,270.0)
(667.0,270.0)
(123.0,270.0)
(667.0,270.0)
(278.0,270.0)
(298.0,270.0)
(667.0,270.0)
(278.0,270.0)
(617.0,270.0)
(667.0,270.0)
(617.0,270.0)
(667.0,270.0)
(667.0,270.0)
(667.0,270.0)
(667.0,270.0)
(459.0,270.0)
(667.0,270.0)
(667.0,270.0)
(278.0,270.0)
(667.0,270.0)
(281.0,270.0)
(667.0,270.0)
(617.0,270.0)
(617.0,270.0)
(617.0,270.0)
(298.0,270.0)
(667.0,270.0)
(278.0,270.0)
(459.0,270.0)
(299.0,270.0)
(278.0,270.0)
(299.0,270.0)
(298.0,270.0)
(281.0,270.0)
(667.0,270.0)
(667.0,270.0)
(278.0,270.0)
(281.0,270.0)
(667.0,270.0)
(278.0,270.0)
(299.0,270.0)
(281.0,270.0)
(299.0,270.0)
(278.0,270.0)
(617.0,270.0)
(299.0,270.0)
(299.0,270.0)
(298.0,270.0)
(281.0,270.0)
(667.0,270.0)
(617.0,270.0)
(667.0,270.0)
(617.0,270.0)
(667.0,270.0)
(278.0,270.0)
(278.0,270.0)
(667.0,270.0)
(459.0,270.0)
(667.0,270.0)
(667.0,270.0)
(617.0,270.0)
(271.0,271.0)
(278.0,271.0)
(301.0,271.0)
(183.0,271.0)
(301.0,271.0)
(271.0,271.0)
(203.0,271.0)
(278.0,271.0)
(278.0,271.0)
(278.0,271.0)
(271.0,271.0)
(183.0,271.0)
(301.0,271.0)
(278.0,271.0)
(278.0,271.0)
(183.0,271.0)
(332.0,271.0)
(278.0,271.0)
(278.0,271.0)
(278.0,271.0)
(271.0,271.0)
(271.0,271.0)
(332.0,271.0)
(617.0,271.0)
(271.0,271.0)
(278.0,271.0)
(271.0,271.0)
(278.0,271.0)
(183.0,271.0)
(617.0,271.0)
(183.0,271.0)
(278.0,271.0)
(203.0,271.0)
(301.0,271.0)
(271.0,271.0)
(278.0,271.0)
(203.0,271.0)
(271.0,271.0)
(271.0,271.0)
(271.0,271.0)
(278.0,271.0)
(332.0,271.0)
(278.0,271.0)
(278.0,271.0)
(271.0,271.0)
(183.0,271.0)
(278.0,271.0)
(271.0,271.0)
(278.0,271.0)
(617.0,271.0)
(278.0,271.0)
(278.0,271.0)
(271.0,271.0)
(278.0,271.0)
(617.0,271.0)
(278.0,271.0)
(278.0,271.0)
(278.0,271.0)
(278.0,271.0)
(278.0,271.0)
(271.0,271.0)
(278.0,271.0)
(278.0,271.0)
(271.0,271.0)
(271.0,271.0)
(271.0,271.0)
(271.0,271.0)
(183.0,271.0)
(301.0,271.0)
(332.0,271.0)
(332.0,271.0)
(183.0,271.0)
(271.0,271.0)
(183.0,271.0)
(203.0,271.0)
(278.0,271.0)
(203.0,271.0)
(278.0,271.0)
(278.0,271.0)
(271.0,271.0)
(271.0,271.0)
(183.0,271.0)
(301.0,271.0)
(278.0,271.0)
(271.0,271.0)
(278.0,271.0)
(271.0,271.0)
(183.0,271.0)
(278.0,271.0)
(278.0,271.0)
(271.0,271.0)
(271.0,271.0)
(271.0,271.0)
(278.0,271.0)
(271.0,271.0)
(271.0,271.0)
(301.0,271.0)
(332.0,271.0)
(332.0,271.0)
(278.0,271.0)
(278.0,271.0)
(271.0,271.0)
(278.0,271.0)
(301.0,271.0)
(271.0,271.0)
(278.0,271.0)
(183.0,271.0)
(271.0,271.0)
(278.0,271.0)
(271.0,271.0)
(271.0,271.0)
(278.0,271.0)
(203.0,271.0)
(278.0,271.0)
(301.0,271.0)
(278.0,271.0)
(278.0,271.0)
(301.0,271.0)
(301.0,271.0)
(271.0,271.0)
(278.0,271.0)
(203.0,271.0)
(271.0,271.0)
(271.0,271.0)
(278.0,271.0)
(617.0,271.0)
(332.0,271.0)
(271.0,271.0)
(278.0,271.0)
(301.0,271.0)
(183.0,271.0)
(278.0,271.0)
(271.0,271.0)
(332.0,271.0)
(278.0,271.0)
(203.0,271.0)
(278.0,271.0)
(271.0,271.0)
(617.0,271.0)
(203.0,271.0)
(183.0,271.0)
(332.0,271.0)
(278.0,271.0)
(332.0,271.0)
(278.0,271.0)
(183.0,271.0)
(301.0,271.0)
(183.0,271.0)
(278.0,271.0)
(617.0,271.0)
(271.0,271.0)
(278.0,271.0)
(278.0,271.0)
(278.0,271.0)
(278.0,271.0)
(203.0,271.0)
(332.0,271.0)
(332.0,271.0)
(271.0,271.0)
(301.0,271.0)
(271.0,271.0)
(183.0,271.0)
(617.0,271.0)
(271.0,271.0)
(617.0,271.0)
(278.0,271.0)
(617.0,271.0)
(278.0,271.0)
(203.0,271.0)
(278.0,271.0)
(278.0,271.0)
(278.0,271.0)
(332.0,271.0)
(271.0,271.0)
(278.0,271.0)
(617.0,271.0)
(278.0,271.0)
(271.0,271.0)
(301.0,271.0)
(278.0,271.0)
(278.0,271.0)
(278.0,271.0)
(271.0,271.0)
(271.0,271.0)
(183.0,271.0)
(617.0,271.0)
(271.0,271.0)
(278.0,271.0)
(183.0,271.0)
(278.0,271.0)
(617.0,271.0)
(278.0,271.0)
(332.0,271.0)
(301.0,271.0)
(278.0,271.0)
(183.0,271.0)
(332.0,271.0)
(271.0,271.0)
(183.0,271.0)
(278.0,271.0)
(301.0,273.0)
(301.0,273.0)
(278.0,273.0)
(335.0,273.0)
(301.0,273.0)
(301.0,273.0)
(301.0,273.0)
(303.0,273.0)
(278.0,273.0)
(335.0,273.0)
(335.0,273.0)
(301.0,273.0)
(301.0,273.0)
(301.0,273.0)
(301.0,273.0)
(335.0,273.0)
(301.0,273.0)
(301.0,273.0)
(301.0,273.0)
(301.0,273.0)
(340.0,273.0)
(301.0,273.0)
(335.0,273.0)
(301.0,273.0)
(335.0,273.0)
(301.0,273.0)
(301.0,273.0)
(335.0,273.0)
(303.0,273.0)
(301.0,273.0)
(301.0,273.0)
(301.0,273.0)
(335.0,273.0)
(303.0,273.0)
(301.0,273.0)
(278.0,273.0)
(301.0,273.0)
(301.0,273.0)
(301.0,273.0)
(335.0,273.0)
(335.0,273.0)
(301.0,273.0)
(299.0,272.0)
(332.0,272.0)
(332.0,272.0)
(299.0,272.0)
(299.0,272.0)
(299.0,272.0)
(299.0,272.0)
(332.0,272.0)
(299.0,272.0)
(299.0,272.0)
(299.0,272.0)
(299.0,272.0)
(299.0,272.0)
(332.0,272.0)
(299.0,272.0)
(299.0,272.0)
(299.0,272.0)
(299.0,272.0)
(299.0,272.0)
(299.0,272.0)
(299.0,272.0)
(299.0,272.0)
(299.0,272.0)
(299.0,272.0)
(299.0,272.0)
(299.0,272.0)
(299.0,272.0)
(299.0,272.0)
(332.0,272.0)
(299.0,272.0)
(299.0,272.0)
(299.0,272.0)
(299.0,272.0)
(299.0,272.0)
(332.0,272.0)
(299.0,272.0)
(299.0,272.0)
(299.0,272.0)
(299.0,272.0)
(299.0,272.0)
(299.0,272.0)
(299.0,272.0)
(332.0,272.0)
(332.0,272.0)
(332.0,272.0)
(299.0,272.0)
(299.0,272.0)
(299.0,272.0)
(299.0,272.0)
(299.0,272.0)
(332.0,272.0)
(332.0,272.0)
(332.0,272.0)
(332.0,272.0)
(299.0,272.0)
(332.0,272.0)
(299.0,272.0)
(299.0,272.0)
(299.0,272.0)
(299.0,272.0)
(332.0,272.0)
(299.0,272.0)
(299.0,272.0)
(299.0,272.0)
(299.0,272.0)
(332.0,272.0)
(332.0,272.0)
(332.0,272.0)
(299.0,272.0)
(332.0,272.0)
(299.0,272.0)
(332.0,272.0)
(299.0,272.0)
(332.0,272.0)
(299.0,272.0)
(299.0,272.0)
(332.0,272.0)
(299.0,272.0)
(299.0,272.0)
(299.0,272.0)
(299.0,272.0)
(299.0,272.0)
(299.0,272.0)
(299.0,272.0)
(299.0,272.0)
(299.0,272.0)
(332.0,272.0)
(299.0,272.0)
(299.0,272.0)
(332.0,272.0)
(299.0,272.0)
(299.0,272.0)
(287.0,274.0)
(278.0,274.0)
(278.0,274.0)
(287.0,274.0)
(299.0,274.0)
(287.0,274.0)
(287.0,274.0)
(278.0,274.0)
(278.0,274.0)
(287.0,274.0)
(299.0,274.0)
(278.0,274.0)
(299.0,274.0)
(299.0,274.0)
(287.0,274.0)
(271.0,274.0)
(299.0,274.0)
(287.0,274.0)
(287.0,274.0)
(299.0,274.0)
(299.0,274.0)
(299.0,274.0)
(299.0,274.0)
(287.0,274.0)
(299.0,274.0)
(299.0,274.0)
(299.0,274.0)
(299.0,274.0)
(299.0,274.0)
(299.0,274.0)
(278.0,274.0)
(299.0,274.0)
(287.0,274.0)
(299.0,274.0)
(299.0,274.0)
(287.0,274.0)
(278.0,274.0)
(299.0,274.0)
(287.0,274.0)
(299.0,274.0)
(299.0,274.0)
(299.0,274.0)
(299.0,274.0)
(299.0,274.0)
(278.0,274.0)
(278.0,274.0)
(278.0,274.0)
(299.0,274.0)
(299.0,274.0)
(299.0,274.0)
(299.0,274.0)
(299.0,274.0)
(278.0,274.0)
(278.0,274.0)
(278.0,274.0)
(271.0,274.0)
(299.0,274.0)
(299.0,274.0)
(299.0,274.0)
(299.0,274.0)
(299.0,274.0)
(278.0,274.0)
(287.0,274.0)
(278.0,274.0)
(299.0,274.0)
(299.0,274.0)
(299.0,274.0)
(278.0,274.0)
(271.0,274.0)
(299.0,274.0)
(287.0,274.0)
(278.0,274.0)
(299.0,274.0)
(278.0,274.0)
(299.0,274.0)
(299.0,274.0)
(278.0,274.0)
(278.0,274.0)
(299.0,274.0)
(299.0,274.0)
(278.0,274.0)
(299.0,274.0)
(299.0,274.0)
(299.0,274.0)
(287.0,274.0)
(278.0,274.0)
(278.0,274.0)
(287.0,274.0)
(299.0,274.0)
(275.0,275.0)
(277.0,275.0)
(692.0,275.0)
(275.0,275.0)
(277.0,275.0)
(277.0,275.0)
(279.0,275.0)
(277.0,275.0)
(277.0,275.0)
(277.0,275.0)
(275.0,275.0)
(280.0,275.0)
(277.0,275.0)
(277.0,275.0)
(277.0,275.0)
(298.0,275.0)
(277.0,275.0)
(277.0,275.0)
(275.0,275.0)
(692.0,275.0)
(692.0,275.0)
(277.0,275.0)
(298.0,275.0)
(277.0,275.0)
(299.0,275.0)
(692.0,275.0)
(298.0,275.0)
(275.0,275.0)
(692.0,275.0)
(298.0,275.0)
(275.0,275.0)
(277.0,275.0)
(275.0,275.0)
(299.0,275.0)
(275.0,275.0)
(277.0,275.0)
(692.0,275.0)
(692.0,275.0)
(277.0,275.0)
(275.0,275.0)
(277.0,275.0)
(264.0,275.0)
(275.0,275.0)
(277.0,275.0)
(277.0,275.0)
(277.0,275.0)
(277.0,275.0)
(299.0,275.0)
(264.0,275.0)
(277.0,275.0)
(277.0,275.0)
(277.0,275.0)
(277.0,275.0)
(277.0,275.0)
(277.0,275.0)
(275.0,275.0)
(277.0,275.0)
(275.0,275.0)
(275.0,275.0)
(692.0,275.0)
(279.0,275.0)
(278.0,275.0)
(298.0,275.0)
(692.0,275.0)
(692.0,275.0)
(299.0,275.0)
(692.0,275.0)
(298.0,275.0)
(277.0,275.0)
(275.0,275.0)
(277.0,275.0)
(277.0,275.0)
(277.0,275.0)
(298.0,275.0)
(277.0,275.0)
(277.0,275.0)
(298.0,275.0)
(692.0,275.0)
(275.0,275.0)
(277.0,275.0)
(277.0,275.0)
(299.0,275.0)
(299.0,275.0)
(692.0,275.0)
(264.0,275.0)
(275.0,275.0)
(299.0,275.0)
(280.0,275.0)
(692.0,275.0)
(298.0,275.0)
(277.0,275.0)
(713.0,275.0)
(275.0,275.0)
(264.0,275.0)
(298.0,275.0)
(275.0,275.0)
(277.0,275.0)
(277.0,275.0)
(299.0,275.0)
(299.0,275.0)
(692.0,275.0)
(277.0,275.0)
(278.0,275.0)
(298.0,275.0)
(298.0,275.0)
(277.0,275.0)
(692.0,275.0)
(298.0,275.0)
(299.0,275.0)
(264.0,275.0)
(275.0,275.0)
(299.0,275.0)
(264.0,275.0)
(277.0,275.0)
(692.0,275.0)
(279.0,275.0)
(277.0,275.0)
(298.0,275.0)
(277.0,275.0)
(277.0,275.0)
(275.0,275.0)
(280.0,275.0)
(278.0,275.0)
(275.0,275.0)
(277.0,275.0)
(275.0,275.0)
(692.0,275.0)
(277.0,275.0)
(692.0,275.0)
(277.0,275.0)
(277.0,275.0)
(298.0,275.0)
(277.0,275.0)
(277.0,275.0)
(275.0,275.0)
(264.0,275.0)
(280.0,275.0)
(277.0,275.0)
(298.0,275.0)
(692.0,275.0)
(299.0,275.0)
(280.0,275.0)
(275.0,275.0)
(277.0,275.0)
(277.0,275.0)
(264.0,275.0)
(277.0,275.0)
(298.0,275.0)
(277.0,275.0)
(277.0,275.0)
(277.0,275.0)
(277.0,275.0)
(277.0,275.0)
(298.0,275.0)
(299.0,275.0)
(277.0,275.0)
(277.0,275.0)
(277.0,275.0)
(275.0,275.0)
(692.0,275.0)
(299.0,275.0)
(275.0,275.0)
(692.0,275.0)
(299.0,275.0)
(299.0,275.0)
(277.0,275.0)
(277.0,275.0)
(275.0,275.0)
(277.0,275.0)
(277.0,275.0)
(692.0,275.0)
(298.0,275.0)
(658.0,275.0)
(277.0,275.0)
(277.0,277.0)
(299.0,277.0)
(299.0,277.0)
(277.0,277.0)
(277.0,277.0)
(277.0,277.0)
(277.0,277.0)
(299.0,277.0)
(123.0,277.0)
(287.0,277.0)
(299.0,277.0)
(299.0,277.0)
(299.0,277.0)
(299.0,277.0)
(277.0,277.0)
(299.0,277.0)
(299.0,277.0)
(277.0,277.0)
(277.0,277.0)
(299.0,277.0)
(299.0,277.0)
(277.0,277.0)
(277.0,277.0)
(277.0,277.0)
(299.0,277.0)
(277.0,277.0)
(299.0,277.0)
(287.0,277.0)
(299.0,277.0)
(299.0,277.0)
(299.0,277.0)
(123.0,277.0)
(299.0,277.0)
(277.0,277.0)
(277.0,277.0)
(299.0,277.0)
(277.0,277.0)
(299.0,277.0)
(299.0,277.0)
(299.0,277.0)
(299.0,277.0)
(299.0,277.0)
(287.0,277.0)
(277.0,277.0)
(299.0,277.0)
(299.0,277.0)
(299.0,277.0)
(299.0,277.0)
(277.0,277.0)
(299.0,277.0)
(299.0,277.0)
(299.0,277.0)
(277.0,277.0)
(299.0,277.0)
(299.0,277.0)
(299.0,277.0)
(299.0,277.0)
(299.0,277.0)
(277.0,277.0)
(299.0,277.0)
(299.0,277.0)
(123.0,277.0)
(277.0,277.0)
(299.0,277.0)
(277.0,277.0)
(299.0,277.0)
(277.0,277.0)
(277.0,277.0)
(277.0,277.0)
(123.0,277.0)
(299.0,277.0)
(299.0,277.0)
(297.0,277.0)
(277.0,277.0)
(123.0,277.0)
(299.0,277.0)
(299.0,277.0)
(299.0,277.0)
(287.0,277.0)
(299.0,277.0)
(123.0,277.0)
(299.0,277.0)
(299.0,277.0)
(299.0,277.0)
(299.0,277.0)
(299.0,277.0)
(287.0,277.0)
(277.0,277.0)
(123.0,277.0)
(299.0,277.0)
(277.0,277.0)
(287.0,277.0)
(277.0,277.0)
(301.0,277.0)
(278.0,277.0)
(278.0,277.0)
(278.0,277.0)
(277.0,277.0)
(277.0,277.0)
(301.0,277.0)
(278.0,277.0)
(278.0,277.0)
(277.0,277.0)
(277.0,277.0)
(278.0,277.0)
(278.0,277.0)
(278.0,277.0)
(278.0,277.0)
(278.0,277.0)
(301.0,277.0)
(278.0,277.0)
(277.0,277.0)
(277.0,277.0)
(278.0,277.0)
(278.0,277.0)
(277.0,277.0)
(278.0,277.0)
(277.0,277.0)
(278.0,277.0)
(278.0,277.0)
(277.0,277.0)
(278.0,277.0)
(277.0,277.0)
(278.0,277.0)
(277.0,277.0)
(278.0,277.0)
(277.0,277.0)
(277.0,277.0)
(277.0,277.0)
(277.0,277.0)
(301.0,277.0)
(278.0,277.0)
(277.0,277.0)
(301.0,277.0)
(277.0,277.0)
(277.0,277.0)
(277.0,277.0)
(301.0,277.0)
(278.0,277.0)
(278.0,277.0)
(278.0,277.0)
(277.0,277.0)
(278.0,277.0)
(278.0,277.0)
(278.0,277.0)
(278.0,277.0)
(278.0,277.0)
(278.0,277.0)
(277.0,277.0)
(278.0,277.0)
(277.0,277.0)
(277.0,277.0)
(277.0,277.0)
(277.0,277.0)
(278.0,277.0)
(278.0,277.0)
(278.0,277.0)
(278.0,277.0)
(277.0,277.0)
(278.0,277.0)
(277.0,277.0)
(277.0,277.0)
(278.0,277.0)
(278.0,277.0)
(277.0,277.0)
(277.0,277.0)
(278.0,277.0)
(278.0,277.0)
(278.0,277.0)
(277.0,277.0)
(278.0,277.0)
(277.0,277.0)
(277.0,277.0)
(301.0,277.0)
(278.0,277.0)
(277.0,277.0)
(277.0,277.0)
(277.0,277.0)
(278.0,277.0)
(277.0,277.0)
(277.0,277.0)
(278.0,277.0)
(278.0,277.0)
(278.0,277.0)
(278.0,277.0)
(278.0,277.0)
(278.0,277.0)
(278.0,277.0)
(277.0,277.0)
(278.0,277.0)
(278.0,277.0)
(277.0,277.0)
(301.0,277.0)
(277.0,277.0)
(277.0,277.0)
(278.0,277.0)
(277.0,277.0)
(278.0,277.0)
(278.0,277.0)
(278.0,277.0)
(278.0,277.0)
(278.0,277.0)
(278.0,277.0)
(277.0,277.0)
(277.0,277.0)
(277.0,277.0)
(277.0,277.0)
(278.0,277.0)
(278.0,277.0)
(277.0,277.0)
(278.0,277.0)
(278.0,277.0)
(278.0,277.0)
(278.0,277.0)
(277.0,277.0)
(278.0,277.0)
(277.0,277.0)
(277.0,277.0)
(278.0,277.0)
(277.0,277.0)
(278.0,277.0)
(278.0,277.0)
(278.0,277.0)
(278.0,277.0)
(278.0,277.0)
(277.0,277.0)
(278.0,277.0)
(277.0,277.0)
(301.0,277.0)
(278.0,277.0)
(277.0,277.0)
(281.0,277.0)
(301.0,277.0)
(278.0,277.0)
(277.0,277.0)
(278.0,277.0)
(278.0,277.0)
(277.0,277.0)
(278.0,277.0)
(277.0,277.0)
(278.0,277.0)
(278.0,277.0)
(277.0,277.0)
(278.0,277.0)
(278.0,277.0)
(278.0,277.0)
(278.0,277.0)
(278.0,277.0)
(301.0,277.0)
(278.0,277.0)
(278.0,277.0)
(278.0,277.0)
(277.0,277.0)
(278.0,277.0)
(278.0,277.0)
(278.0,277.0)
(277.0,277.0)
(278.0,277.0)
(301.0,277.0)
(301.0,277.0)
(301.0,277.0)
(277.0,277.0)
(277.0,277.0)
(278.0,277.0)
(278.0,277.0)
(277.0,277.0)
(301.0,277.0)
(277.0,277.0)
(301.0,277.0)
(278.0,277.0)
(278.0,277.0)
(278.0,277.0)
(278.0,277.0)
(278.0,277.0)
(278.0,277.0)
(278.0,277.0)
(277.0,277.0)
(277.0,277.0)
(277.0,277.0)
(278.0,277.0)
(277.0,277.0)
(277.0,277.0)
(277.0,277.0)
(277.0,277.0)
(277.0,277.0)
(277.0,277.0)
(277.0,277.0)
(277.0,277.0)
(277.0,277.0)
(277.0,277.0)
(277.0,277.0)
(277.0,277.0)
(277.0,277.0)
(277.0,277.0)
(277.0,277.0)
(277.0,277.0)
(277.0,277.0)
(277.0,277.0)
(277.0,277.0)
(277.0,277.0)
(277.0,277.0)
(277.0,277.0)
(277.0,277.0)
(277.0,277.0)
(277.0,277.0)
(277.0,277.0)
(277.0,277.0)
(277.0,277.0)
(277.0,277.0)
(277.0,277.0)
(277.0,277.0)
(277.0,277.0)
(277.0,277.0)
(277.0,277.0)
(277.0,277.0)
(277.0,277.0)
(277.0,277.0)
(277.0,277.0)
(277.0,277.0)
(277.0,277.0)
(277.0,277.0)
(277.0,277.0)
(277.0,277.0)
(277.0,277.0)
(277.0,277.0)
(277.0,277.0)
(277.0,277.0)
(277.0,277.0)
(277.0,277.0)
(277.0,277.0)
(277.0,277.0)
(277.0,277.0)
(277.0,277.0)
(277.0,277.0)
(277.0,277.0)
(277.0,277.0)
(277.0,277.0)
(277.0,277.0)
(277.0,277.0)
(277.0,277.0)
(277.0,277.0)
(277.0,277.0)
(277.0,277.0)
(277.0,277.0)
(278.0,277.0)
(299.0,277.0)
(299.0,277.0)
(278.0,277.0)
(278.0,277.0)
(278.0,277.0)
(299.0,277.0)
(297.0,277.0)
(617.0,277.0)
(617.0,277.0)
(299.0,277.0)
(278.0,277.0)
(617.0,277.0)
(297.0,277.0)
(617.0,277.0)
(278.0,277.0)
(617.0,277.0)
(617.0,277.0)
(278.0,277.0)
(278.0,277.0)
(278.0,277.0)
(278.0,277.0)
(278.0,277.0)
(617.0,277.0)
(617.0,277.0)
(617.0,277.0)
(617.0,277.0)
(299.0,277.0)
(297.0,277.0)
(617.0,277.0)
(617.0,277.0)
(278.0,277.0)
(299.0,277.0)
(617.0,277.0)
(617.0,277.0)
(617.0,277.0)
(617.0,277.0)
(278.0,277.0)
(278.0,277.0)
(617.0,277.0)
(299.0,277.0)
(299.0,277.0)
(299.0,277.0)
(278.0,277.0)
(617.0,277.0)
(278.0,277.0)
(617.0,277.0)
(299.0,277.0)
(299.0,277.0)
(299.0,277.0)
(297.0,277.0)
(617.0,277.0)
(278.0,277.0)
(617.0,277.0)
(297.0,277.0)
(278.0,277.0)
(299.0,277.0)
(278.0,277.0)
(299.0,277.0)
(278.0,277.0)
(297.0,277.0)
(297.0,277.0)
(617.0,277.0)
(297.0,277.0)
(297.0,277.0)
(617.0,277.0)
(299.0,277.0)
(617.0,277.0)
(617.0,277.0)
(299.0,277.0)
(297.0,277.0)
(617.0,277.0)
(617.0,277.0)
(299.0,277.0)
(617.0,277.0)
(617.0,277.0)
(278.0,277.0)
(297.0,277.0)
(299.0,277.0)
(278.0,277.0)
(278.0,277.0)
(275.0,278.0)
(302.0,278.0)
(684.0,278.0)
(275.0,278.0)
(684.0,278.0)
(275.0,278.0)
(275.0,278.0)
(275.0,278.0)
(275.0,278.0)
(684.0,278.0)
(275.0,278.0)
(684.0,278.0)
(275.0,278.0)
(275.0,278.0)
(275.0,278.0)
(275.0,278.0)
(302.0,278.0)
(275.0,278.0)
(275.0,278.0)
(302.0,278.0)
(275.0,278.0)
(275.0,278.0)
(275.0,278.0)
(275.0,278.0)
(275.0,278.0)
(684.0,278.0)
(684.0,278.0)
(275.0,278.0)
(275.0,278.0)
(275.0,278.0)
(275.0,278.0)
(275.0,278.0)
(275.0,278.0)
(275.0,278.0)
(302.0,278.0)
(275.0,278.0)
(302.0,278.0)
(275.0,278.0)
(275.0,278.0)
(275.0,278.0)
(684.0,278.0)
(275.0,278.0)
(684.0,278.0)
(275.0,278.0)
(275.0,278.0)
(275.0,278.0)
(302.0,278.0)
(684.0,278.0)
(302.0,278.0)
(684.0,278.0)
(275.0,278.0)
(684.0,278.0)
(275.0,278.0)
(275.0,278.0)
(275.0,278.0)
(275.0,278.0)
(275.0,278.0)
(275.0,278.0)
(275.0,278.0)
(275.0,278.0)
(684.0,278.0)
(302.0,278.0)
(275.0,278.0)
(278.0,278.0)
(278.0,278.0)
(278.0,278.0)
(278.0,278.0)
(278.0,278.0)
(278.0,278.0)
(278.0,278.0)
(278.0,278.0)
(278.0,278.0)
(278.0,278.0)
(278.0,278.0)
(278.0,278.0)
(278.0,278.0)
(278.0,278.0)
(278.0,278.0)
(278.0,278.0)
(278.0,278.0)
(278.0,278.0)
(278.0,278.0)
(278.0,278.0)
(278.0,278.0)
(278.0,278.0)
(278.0,278.0)
(278.0,278.0)
(278.0,278.0)
(278.0,278.0)
(278.0,278.0)
(278.0,278.0)
(278.0,278.0)
(278.0,278.0)
(278.0,278.0)
(278.0,278.0)
(278.0,278.0)
(278.0,278.0)
(278.0,278.0)
(278.0,278.0)
(278.0,278.0)
(278.0,278.0)
(278.0,278.0)
(278.0,278.0)
(278.0,278.0)
(278.0,278.0)
(278.0,278.0)
(278.0,278.0)
(278.0,278.0)
(278.0,278.0)
(278.0,278.0)
(278.0,278.0)
(278.0,278.0)
(278.0,278.0)
(278.0,278.0)
(278.0,278.0)
(278.0,278.0)
(278.0,278.0)
(278.0,278.0)
(278.0,278.0)
(278.0,278.0)
(278.0,278.0)
(278.0,278.0)
(278.0,278.0)
(278.0,278.0)
(278.0,278.0)
(278.0,278.0)
(278.0,278.0)
(278.0,278.0)
(278.0,278.0)
(278.0,278.0)
(278.0,278.0)
(278.0,278.0)
(278.0,278.0)
(278.0,278.0)
(278.0,278.0)
(278.0,278.0)
(278.0,278.0)
(278.0,278.0)
(278.0,278.0)
(278.0,278.0)
(278.0,278.0)
(278.0,278.0)
(278.0,278.0)
(278.0,278.0)
(278.0,278.0)
(278.0,278.0)
(278.0,278.0)
(278.0,278.0)
(278.0,278.0)
(278.0,278.0)
(278.0,278.0)
(278.0,278.0)
(278.0,278.0)
(278.0,278.0)
(278.0,278.0)
(278.0,278.0)
(278.0,278.0)
(278.0,278.0)
(278.0,278.0)
(278.0,278.0)
(278.0,278.0)
(278.0,278.0)
(278.0,278.0)
(278.0,278.0)
(278.0,278.0)
(278.0,278.0)
(278.0,278.0)
(278.0,278.0)
(278.0,278.0)
(278.0,278.0)
(278.0,278.0)
(278.0,278.0)
(278.0,278.0)
(278.0,278.0)
(278.0,278.0)
(278.0,278.0)
(278.0,278.0)
(278.0,278.0)
(278.0,278.0)
(278.0,278.0)
(278.0,278.0)
(278.0,278.0)
(278.0,278.0)
(278.0,278.0)
(278.0,278.0)
(278.0,278.0)
(278.0,278.0)
(278.0,278.0)
(278.0,278.0)
(278.0,278.0)
(278.0,278.0)
(278.0,278.0)
(278.0,278.0)
(278.0,278.0)
(278.0,278.0)
(278.0,278.0)
(278.0,278.0)
(278.0,278.0)
(278.0,278.0)
(278.0,278.0)
(278.0,278.0)
(278.0,278.0)
(278.0,278.0)
(278.0,278.0)
(278.0,278.0)
(278.0,278.0)
(278.0,278.0)
(278.0,278.0)
(278.0,278.0)
(278.0,278.0)
(278.0,279.0)
(279.0,279.0)
(278.0,279.0)
(279.0,279.0)
(278.0,279.0)
(278.0,279.0)
(278.0,279.0)
(279.0,279.0)
(279.0,279.0)
(279.0,279.0)
(278.0,279.0)
(278.0,279.0)
(279.0,279.0)
(301.0,279.0)
(279.0,279.0)
(279.0,279.0)
(279.0,279.0)
(279.0,279.0)
(279.0,279.0)
(278.0,279.0)
(278.0,279.0)
(278.0,279.0)
(279.0,279.0)
(279.0,279.0)
(278.0,279.0)
(279.0,279.0)
(278.0,279.0)
(278.0,279.0)
(279.0,279.0)
(279.0,279.0)
(279.0,279.0)
(301.0,279.0)
(278.0,279.0)
(278.0,279.0)
(278.0,279.0)
(301.0,279.0)
(278.0,279.0)
(278.0,279.0)
(278.0,279.0)
(278.0,279.0)
(279.0,279.0)
(301.0,279.0)
(278.0,279.0)
(279.0,279.0)
(278.0,279.0)
(279.0,279.0)
(278.0,279.0)
(278.0,279.0)
(279.0,279.0)
(279.0,279.0)
(279.0,279.0)
(279.0,279.0)
(278.0,279.0)
(278.0,279.0)
(279.0,279.0)
(279.0,279.0)
(301.0,279.0)
(279.0,279.0)
(279.0,279.0)
(301.0,279.0)
(278.0,279.0)
(278.0,279.0)
(301.0,279.0)
(278.0,279.0)
(278.0,279.0)
(278.0,279.0)
(278.0,279.0)
(279.0,279.0)
(278.0,279.0)
(279.0,279.0)
(278.0,279.0)
(279.0,279.0)
(278.0,279.0)
(278.0,279.0)
(278.0,279.0)
(301.0,279.0)
(301.0,279.0)
(278.0,279.0)
(278.0,279.0)
(278.0,279.0)
(279.0,279.0)
(278.0,279.0)
(279.0,279.0)
(278.0,279.0)
(279.0,279.0)
(279.0,279.0)
(279.0,279.0)
(278.0,279.0)
(278.0,279.0)
(278.0,279.0)
(301.0,279.0)
(278.0,279.0)
(278.0,279.0)
(279.0,279.0)
(301.0,279.0)
(301.0,279.0)
(279.0,279.0)
(279.0,279.0)
(278.0,279.0)
(278.0,279.0)
(278.0,279.0)
(301.0,279.0)
(279.0,279.0)
(278.0,279.0)
(278.0,279.0)
(278.0,279.0)
(278.0,279.0)
(279.0,279.0)
(278.0,279.0)
(278.0,279.0)
(278.0,279.0)
(279.0,279.0)
(301.0,279.0)
(278.0,279.0)
(271.0,279.0)
(278.0,279.0)
(278.0,279.0)
(278.0,279.0)
(278.0,279.0)
(278.0,279.0)
(278.0,279.0)
(279.0,279.0)
(279.0,279.0)
(278.0,279.0)
(301.0,279.0)
(278.0,279.0)
(279.0,279.0)
(301.0,279.0)
(278.0,279.0)
(279.0,279.0)
(278.0,279.0)
(278.0,279.0)
(278.0,279.0)
(278.0,279.0)
(279.0,279.0)
(278.0,279.0)
(279.0,279.0)
(279.0,279.0)
(279.0,279.0)
(301.0,279.0)
(279.0,279.0)
(271.0,279.0)
(279.0,279.0)
(279.0,279.0)
(301.0,279.0)
(278.0,279.0)
(278.0,279.0)
(278.0,279.0)
(279.0,279.0)
(301.0,279.0)
(278.0,279.0)
(279.0,279.0)
(278.0,279.0)
(279.0,279.0)
(278.0,279.0)
(279.0,279.0)
(301.0,279.0)
(278.0,279.0)
(279.0,279.0)
(278.0,279.0)
(301.0,279.0)
(301.0,279.0)
(279.0,279.0)
(279.0,279.0)
(279.0,279.0)
(279.0,279.0)
(278.0,279.0)
(301.0,279.0)
(301.0,279.0)
(301.0,279.0)
(278.0,279.0)
(279.0,279.0)
(279.0,279.0)
(279.0,279.0)
(279.0,279.0)
(278.0,279.0)
(278.0,279.0)
(279.0,279.0)
(279.0,279.0)
(278.0,279.0)
(279.0,279.0)
(278.0,279.0)
(279.0,279.0)
(279.0,279.0)
(279.0,279.0)
(279.0,279.0)
(278.0,279.0)
(279.0,279.0)
(301.0,279.0)
(278.0,279.0)
(279.0,279.0)
(278.0,279.0)
(278.0,279.0)
(301.0,279.0)
(301.0,279.0)
(279.0,279.0)
(279.0,279.0)
(278.0,279.0)
(278.0,279.0)
(278.0,279.0)
(278.0,279.0)
(279.0,279.0)
(278.0,279.0)
(278.0,279.0)
(278.0,279.0)
(278.0,279.0)
(279.0,279.0)
(279.0,279.0)
(279.0,279.0)
(279.0,279.0)
(279.0,279.0)
(278.0,279.0)
(279.0,279.0)
(279.0,279.0)
(279.0,279.0)
(278.0,279.0)
(278.0,279.0)
(279.0,279.0)
(278.0,279.0)
(278.0,279.0)
(279.0,279.0)
(279.0,279.0)
(279.0,279.0)
(278.0,279.0)
(279.0,279.0)
(278.0,279.0)
(279.0,279.0)
(279.0,279.0)
(279.0,279.0)
(279.0,279.0)
(279.0,279.0)
(279.0,279.0)
(279.0,279.0)
(279.0,279.0)
(278.0,279.0)
(279.0,279.0)
(279.0,279.0)
(279.0,279.0)
(279.0,279.0)
(279.0,279.0)
(278.0,279.0)
(278.0,279.0)
(278.0,279.0)
(279.0,279.0)
(278.0,279.0)
(279.0,279.0)
(278.0,279.0)
(279.0,279.0)
(278.0,279.0)
(278.0,279.0)
(278.0,279.0)
(279.0,279.0)
(279.0,279.0)
(279.0,279.0)
(279.0,279.0)
(279.0,279.0)
(279.0,279.0)
(279.0,279.0)
(279.0,279.0)
(278.0,279.0)
(279.0,279.0)
(278.0,279.0)
(278.0,279.0)
(278.0,279.0)
(278.0,279.0)
(279.0,279.0)
(279.0,279.0)
(279.0,279.0)
(279.0,279.0)
(278.0,279.0)
(279.0,279.0)
(278.0,279.0)
(278.0,279.0)
(278.0,279.0)
(279.0,279.0)
(279.0,279.0)
(278.0,279.0)
(279.0,279.0)
(279.0,279.0)
(279.0,279.0)
(278.0,279.0)
(278.0,279.0)
(278.0,279.0)
(278.0,279.0)
(278.0,279.0)
(279.0,279.0)
(278.0,279.0)
(279.0,279.0)
(278.0,279.0)
(278.0,279.0)
(278.0,279.0)
(278.0,279.0)
(278.0,279.0)
(279.0,279.0)
(279.0,279.0)
(279.0,279.0)
(279.0,279.0)
(279.0,279.0)
(278.0,279.0)
(278.0,279.0)
(279.0,279.0)
(278.0,279.0)
(279.0,279.0)
(279.0,279.0)
(278.0,279.0)
(278.0,279.0)
(279.0,279.0)
(278.0,279.0)
(279.0,279.0)
(279.0,279.0)
(278.0,279.0)
(279.0,279.0)
(279.0,279.0)
(279.0,279.0)
(279.0,279.0)
(279.0,279.0)
(279.0,279.0)
(279.0,279.0)
(278.0,279.0)
(279.0,279.0)
(279.0,279.0)
(278.0,279.0)
(278.0,279.0)
(278.0,279.0)
(279.0,279.0)
(279.0,279.0)
(203.0,280.0)
(302.0,280.0)
(302.0,280.0)
(302.0,280.0)
(203.0,280.0)
(302.0,280.0)
(302.0,280.0)
(302.0,280.0)
(203.0,280.0)
(264.0,280.0)
(302.0,280.0)
(302.0,280.0)
(287.0,280.0)
(302.0,280.0)
(302.0,280.0)
(302.0,280.0)
(287.0,280.0)
(617.0,280.0)
(302.0,280.0)
(287.0,280.0)
(302.0,280.0)
(287.0,280.0)
(302.0,280.0)
(302.0,280.0)
(264.0,280.0)
(302.0,280.0)
(617.0,280.0)
(302.0,280.0)
(264.0,280.0)
(287.0,280.0)
(287.0,280.0)
(287.0,280.0)
(302.0,280.0)
(203.0,280.0)
(302.0,280.0)
(203.0,280.0)
(302.0,280.0)
(203.0,280.0)
(302.0,280.0)
(302.0,280.0)
(287.0,280.0)
(302.0,280.0)
(302.0,280.0)
(302.0,280.0)
(302.0,280.0)
(302.0,280.0)
(203.0,280.0)
(302.0,280.0)
(302.0,280.0)
(287.0,280.0)
(287.0,280.0)
(617.0,280.0)
(287.0,280.0)
(302.0,280.0)
(617.0,280.0)
(264.0,280.0)
(302.0,280.0)
(267.0,280.0)
(302.0,280.0)
(617.0,280.0)
(203.0,280.0)
(302.0,280.0)
(302.0,280.0)
(617.0,280.0)
(302.0,280.0)
(287.0,280.0)
(302.0,280.0)
(287.0,280.0)
(617.0,280.0)
(203.0,280.0)
(203.0,280.0)
(287.0,280.0)
(302.0,280.0)
(302.0,280.0)
(302.0,280.0)
(302.0,280.0)
(302.0,280.0)
(302.0,280.0)
(203.0,280.0)
(302.0,280.0)
(617.0,280.0)
(302.0,280.0)
(287.0,280.0)
(617.0,280.0)
(264.0,280.0)
(302.0,280.0)
(302.0,280.0)
(713.0,280.0)
(302.0,280.0)
(288.0,280.0)
(617.0,280.0)
(302.0,280.0)
(264.0,280.0)
(287.0,280.0)
(287.0,280.0)
(302.0,280.0)
(617.0,280.0)
(302.0,280.0)
(302.0,280.0)
(302.0,280.0)
(203.0,280.0)
(302.0,280.0)
(302.0,280.0)
(264.0,280.0)
(302.0,280.0)
(203.0,280.0)
(267.0,280.0)
(302.0,280.0)
(302.0,280.0)
(302.0,280.0)
(288.0,280.0)
(302.0,280.0)
(287.0,280.0)
(212.0,280.0)
(302.0,280.0)
(302.0,280.0)
(264.0,280.0)
(302.0,280.0)
(287.0,280.0)
(302.0,280.0)
(617.0,280.0)
(287.0,280.0)
(302.0,280.0)
(302.0,280.0)
(287.0,280.0)
(287.0,280.0)
(302.0,280.0)
(302.0,280.0)
(617.0,280.0)
(302.0,280.0)
(302.0,280.0)
(302.0,280.0)
(302.0,280.0)
(287.0,280.0)
(287.0,280.0)
(287.0,280.0)
(302.0,280.0)
(264.0,280.0)
(302.0,280.0)
(302.0,280.0)
(302.0,280.0)
(302.0,280.0)
(302.0,280.0)
(302.0,280.0)
(203.0,280.0)
(302.0,280.0)
(287.0,280.0)
(302.0,280.0)
(302.0,280.0)
(302.0,280.0)
(301.0,282.0)
(301.0,282.0)
(301.0,282.0)
(301.0,282.0)
(301.0,282.0)
(301.0,282.0)
(301.0,282.0)
(281.0,282.0)
(301.0,282.0)
(281.0,282.0)
(301.0,282.0)
(301.0,282.0)
(301.0,282.0)
(301.0,282.0)
(301.0,282.0)
(301.0,282.0)
(301.0,282.0)
(301.0,282.0)
(301.0,282.0)
(785.0,282.0)
(301.0,282.0)
(301.0,282.0)
(301.0,282.0)
(301.0,282.0)
(301.0,282.0)
(301.0,282.0)
(301.0,282.0)
(785.0,282.0)
(301.0,282.0)
(301.0,282.0)
(281.0,282.0)
(785.0,282.0)
(301.0,282.0)
(301.0,282.0)
(301.0,282.0)
(301.0,282.0)
(301.0,282.0)
(301.0,282.0)
(301.0,282.0)
(301.0,282.0)
(301.0,282.0)
(301.0,282.0)
(301.0,282.0)
(301.0,282.0)
(785.0,282.0)
(281.0,282.0)
(301.0,282.0)
(301.0,282.0)
(301.0,282.0)
(301.0,282.0)
(301.0,282.0)
(301.0,282.0)
(301.0,282.0)
(281.0,282.0)
(301.0,282.0)
(301.0,282.0)
(301.0,282.0)
(301.0,282.0)
(301.0,282.0)
(301.0,282.0)
(301.0,282.0)
(301.0,282.0)
(281.0,282.0)
(785.0,282.0)
(301.0,282.0)
(301.0,282.0)
(301.0,282.0)
(301.0,282.0)
(301.0,282.0)
(301.0,282.0)
(281.0,282.0)
(785.0,282.0)
(301.0,282.0)
(301.0,282.0)
(301.0,282.0)
(301.0,282.0)
(301.0,282.0)
(301.0,282.0)
(281.0,282.0)
(301.0,282.0)
(301.0,282.0)
(301.0,282.0)
(301.0,282.0)
(301.0,282.0)
(301.0,282.0)
(281.0,282.0)
(301.0,282.0)
(785.0,282.0)
(301.0,282.0)
(301.0,282.0)
(281.0,683.0)
(287.0,683.0)
(301.0,683.0)
(287.0,683.0)
(301.0,683.0)
(301.0,683.0)
(301.0,683.0)
(301.0,683.0)
(287.0,683.0)
(301.0,683.0)
(287.0,683.0)
(281.0,683.0)
(287.0,683.0)
(301.0,683.0)
(281.0,683.0)
(301.0,683.0)
(301.0,683.0)
(301.0,683.0)
(301.0,683.0)
(287.0,683.0)
(301.0,683.0)
(301.0,683.0)
(281.0,683.0)
(287.0,683.0)
(301.0,683.0)
(301.0,683.0)
(281.0,683.0)
(301.0,683.0)
(301.0,683.0)
(281.0,683.0)
(281.0,683.0)
(281.0,683.0)
(301.0,683.0)
(287.0,683.0)
(287.0,683.0)
(287.0,683.0)
(301.0,683.0)
(301.0,683.0)
(301.0,683.0)
(301.0,683.0)
(301.0,683.0)
(301.0,683.0)
(301.0,683.0)
(287.0,683.0)
(281.0,683.0)
(301.0,683.0)
(281.0,683.0)
(301.0,683.0)
(301.0,683.0)
(287.0,683.0)
(287.0,683.0)
(287.0,683.0)
(281.0,683.0)
(287.0,683.0)
(287.0,683.0)
(301.0,683.0)
(301.0,683.0)
(301.0,683.0)
(287.0,683.0)
(287.0,683.0)
(287.0,683.0)
(287.0,683.0)
(287.0,683.0)
(301.0,683.0)
(281.0,683.0)
(301.0,683.0)
(287.0,683.0)
(301.0,683.0)
(287.0,683.0)
(301.0,683.0)
(301.0,683.0)
(287.0,683.0)
(301.0,683.0)
(301.0,683.0)
(301.0,683.0)
(301.0,683.0)
(301.0,683.0)
(287.0,683.0)
(301.0,683.0)
(301.0,683.0)
(287.0,683.0)
(301.0,683.0)
(301.0,683.0)
(281.0,683.0)
(287.0,683.0)
(301.0,683.0)
(301.0,683.0)
(287.0,683.0)
(287.0,683.0)
(287.0,683.0)
(301.0,683.0)
(301.0,683.0)
(281.0,683.0)
(301.0,683.0)
(287.0,683.0)
(301.0,683.0)
(301.0,683.0)
(287.0,683.0)
(301.0,683.0)
(287.0,683.0)
(301.0,683.0)
(301.0,683.0)
(281.0,683.0)
(301.0,683.0)
(301.0,683.0)
(287.0,683.0)
(287.0,683.0)
(301.0,683.0)
(287.0,683.0)
(301.0,683.0)
(301.0,683.0)
(301.0,282.0)
(301.0,282.0)
(301.0,282.0)
(301.0,282.0)
(301.0,282.0)
(301.0,282.0)
(301.0,282.0)
(301.0,282.0)
(301.0,282.0)
(301.0,282.0)
(301.0,282.0)
(301.0,282.0)
(301.0,282.0)
(301.0,282.0)
(301.0,282.0)
(301.0,282.0)
(301.0,282.0)
(301.0,282.0)
(301.0,282.0)
(301.0,282.0)
(301.0,282.0)
(301.0,282.0)
(281.0,282.0)
(301.0,282.0)
(301.0,282.0)
(301.0,282.0)
(301.0,282.0)
(301.0,282.0)
(301.0,282.0)
(301.0,282.0)
(301.0,282.0)
(301.0,282.0)
(301.0,282.0)
(301.0,282.0)
(301.0,282.0)
(301.0,282.0)
(301.0,282.0)
(301.0,282.0)
(301.0,282.0)
(301.0,282.0)
(301.0,282.0)
(301.0,282.0)
(301.0,282.0)
(301.0,282.0)
(301.0,282.0)
(301.0,282.0)
(301.0,282.0)
(301.0,282.0)
(301.0,282.0)
(301.0,282.0)
(301.0,282.0)
(301.0,282.0)
(301.0,282.0)
(301.0,282.0)
(301.0,282.0)
(301.0,282.0)
(301.0,282.0)
(301.0,282.0)
(301.0,282.0)
(301.0,282.0)
(301.0,282.0)
(301.0,282.0)
(301.0,282.0)
(301.0,282.0)
(301.0,282.0)
(301.0,282.0)
(301.0,282.0)
(301.0,282.0)
(301.0,282.0)
(301.0,282.0)
(301.0,282.0)
(301.0,282.0)
(301.0,282.0)
(301.0,282.0)
(301.0,282.0)
(287.0,285.0)
(288.0,285.0)
(288.0,285.0)
(287.0,285.0)
(687.0,285.0)
(287.0,285.0)
(687.0,285.0)
(280.0,285.0)
(305.0,285.0)
(288.0,285.0)
(287.0,285.0)
(347.0,285.0)
(305.0,285.0)
(287.0,285.0)
(347.0,285.0)
(288.0,285.0)
(287.0,285.0)
(687.0,285.0)
(288.0,285.0)
(347.0,285.0)
(687.0,285.0)
(287.0,285.0)
(287.0,285.0)
(287.0,285.0)
(287.0,285.0)
(287.0,285.0)
(287.0,285.0)
(288.0,285.0)
(287.0,285.0)
(287.0,285.0)
(288.0,285.0)
(287.0,285.0)
(288.0,285.0)
(287.0,285.0)
(287.0,285.0)
(347.0,285.0)
(287.0,285.0)
(288.0,285.0)
(305.0,285.0)
(305.0,285.0)
(305.0,285.0)
(287.0,285.0)
(687.0,285.0)
(288.0,285.0)
(687.0,285.0)
(287.0,285.0)
(287.0,285.0)
(305.0,285.0)
(288.0,285.0)
(347.0,285.0)
(287.0,285.0)
(287.0,285.0)
(287.0,285.0)
(347.0,285.0)
(287.0,285.0)
(347.0,285.0)
(287.0,285.0)
(280.0,285.0)
(305.0,285.0)
(305.0,285.0)
(287.0,285.0)
(288.0,285.0)
(288.0,285.0)
(347.0,285.0)
(287.0,285.0)
(288.0,285.0)
(287.0,285.0)
(287.0,285.0)
(687.0,285.0)
(288.0,285.0)
(288.0,285.0)
(288.0,285.0)
(288.0,285.0)
(347.0,285.0)
(288.0,285.0)
(687.0,285.0)
(287.0,285.0)
(287.0,285.0)
(288.0,285.0)
(305.0,285.0)
(687.0,285.0)
(288.0,285.0)
(287.0,285.0)
(301.0,285.0)
(288.0,285.0)
(687.0,285.0)
(288.0,285.0)
(287.0,285.0)
(687.0,285.0)
(305.0,285.0)
(305.0,285.0)
(287.0,285.0)
(288.0,285.0)
(287.0,285.0)
(287.0,285.0)
(288.0,285.0)
(288.0,285.0)
(687.0,285.0)
(305.0,285.0)
(305.0,285.0)
(287.0,285.0)
(288.0,285.0)
(347.0,285.0)
(287.0,285.0)
(288.0,285.0)
(305.0,285.0)
(305.0,285.0)
(347.0,285.0)
(347.0,285.0)
(301.0,285.0)
(288.0,285.0)
(287.0,285.0)
(347.0,285.0)
(287.0,285.0)
(288.0,285.0)
(305.0,285.0)
(288.0,285.0)
(305.0,285.0)
(305.0,285.0)
(287.0,285.0)
(305.0,285.0)
(287.0,285.0)
(287.0,285.0)
(288.0,285.0)
(287.0,285.0)
(305.0,285.0)
(280.0,285.0)
(347.0,285.0)
(347.0,285.0)
(280.0,285.0)
(347.0,285.0)
(305.0,285.0)
(280.0,285.0)
(305.0,285.0)
(280.0,285.0)
(287.0,285.0)
(347.0,285.0)
(305.0,285.0)
(287.0,285.0)
(347.0,285.0)
(280.0,285.0)
(287.0,285.0)
(347.0,285.0)
(288.0,285.0)
(347.0,285.0)
(347.0,285.0)
(287.0,285.0)
(287.0,285.0)
(287.0,285.0)
(287.0,285.0)
(347.0,285.0)
(287.0,285.0)
(271.0,285.0)
(287.0,285.0)
(347.0,285.0)
(288.0,285.0)
(347.0,285.0)
(280.0,285.0)
(287.0,285.0)
(287.0,285.0)
(347.0,285.0)
(347.0,285.0)
(280.0,285.0)
(305.0,285.0)
(305.0,285.0)
(347.0,285.0)
(347.0,285.0)
(347.0,285.0)
(280.0,285.0)
(687.0,285.0)
(347.0,285.0)
(347.0,285.0)
(347.0,285.0)
(280.0,285.0)
(347.0,285.0)
(287.0,285.0)
(287.0,285.0)
(280.0,285.0)
(347.0,285.0)
(347.0,285.0)
(287.0,285.0)
(347.0,285.0)
(347.0,285.0)
(280.0,285.0)
(305.0,285.0)
(305.0,285.0)
(287.0,285.0)
(288.0,285.0)
(280.0,285.0)
(347.0,285.0)
(347.0,285.0)
(280.0,285.0)
(287.0,285.0)
(347.0,285.0)
(347.0,285.0)
(288.0,285.0)
(280.0,285.0)
(280.0,285.0)
(280.0,285.0)
(347.0,285.0)
(280.0,285.0)
(347.0,285.0)
(287.0,285.0)
(347.0,285.0)
(288.0,285.0)
(305.0,285.0)
(347.0,285.0)
(280.0,285.0)
(347.0,285.0)
(280.0,285.0)
(280.0,285.0)
(347.0,285.0)
(280.0,285.0)
(347.0,285.0)
(347.0,285.0)
(347.0,285.0)
(305.0,285.0)
(287.0,285.0)
(280.0,285.0)
(287.0,285.0)
(280.0,285.0)
(287.0,285.0)
(280.0,285.0)
(280.0,285.0)
(280.0,285.0)
(347.0,285.0)
(305.0,285.0)
(305.0,285.0)
(347.0,285.0)
(288.0,285.0)
(347.0,285.0)
(287.0,285.0)
(288.0,285.0)
(347.0,285.0)
(280.0,285.0)
(305.0,285.0)
(347.0,285.0)
(347.0,285.0)
(280.0,285.0)
(280.0,285.0)
(347.0,285.0)
(347.0,285.0)
(287.0,285.0)
(280.0,285.0)
(305.0,285.0)
(280.0,285.0)
(305.0,285.0)
(305.0,285.0)
(287.0,285.0)
(305.0,285.0)
(347.0,285.0)
(287.0,285.0)
(280.0,285.0)
(284.0,284.0)
(278.0,284.0)
(334.0,284.0)
(297.0,284.0)
(334.0,284.0)
(284.0,284.0)
(284.0,284.0)
(278.0,284.0)
(305.0,284.0)
(284.0,284.0)
(284.0,284.0)
(301.0,284.0)
(305.0,284.0)
(297.0,284.0)
(301.0,284.0)
(278.0,284.0)
(278.0,284.0)
(280.0,284.0)
(284.0,284.0)
(301.0,284.0)
(301.0,284.0)
(334.0,284.0)
(284.0,284.0)
(278.0,284.0)
(280.0,284.0)
(284.0,284.0)
(284.0,284.0)
(284.0,284.0)
(284.0,284.0)
(334.0,284.0)
(284.0,284.0)
(284.0,284.0)
(284.0,284.0)
(278.0,284.0)
(301.0,284.0)
(280.0,284.0)
(301.0,284.0)
(278.0,284.0)
(284.0,284.0)
(284.0,284.0)
(280.0,284.0)
(284.0,284.0)
(278.0,284.0)
(284.0,284.0)
(278.0,284.0)
(305.0,284.0)
(280.0,284.0)
(284.0,284.0)
(305.0,284.0)
(305.0,284.0)
(278.0,284.0)
(278.0,284.0)
(284.0,284.0)
(280.0,284.0)
(284.0,284.0)
(281.0,284.0)
(301.0,284.0)
(284.0,284.0)
(278.0,284.0)
(284.0,284.0)
(334.0,284.0)
(301.0,284.0)
(301.0,284.0)
(284.0,284.0)
(301.0,284.0)
(301.0,284.0)
(305.0,284.0)
(284.0,284.0)
(280.0,284.0)
(278.0,284.0)
(284.0,284.0)
(278.0,284.0)
(284.0,284.0)
(284.0,284.0)
(334.0,284.0)
(301.0,284.0)
(284.0,284.0)
(284.0,284.0)
(278.0,284.0)
(305.0,284.0)
(284.0,284.0)
(284.0,284.0)
(284.0,284.0)
(334.0,284.0)
(301.0,284.0)
(301.0,284.0)
(278.0,284.0)
(284.0,284.0)
(334.0,284.0)
(334.0,284.0)
(284.0,284.0)
(278.0,284.0)
(284.0,284.0)
(280.0,284.0)
(305.0,284.0)
(284.0,284.0)
(334.0,284.0)
(334.0,284.0)
(305.0,284.0)
(334.0,284.0)
(334.0,284.0)
(280.0,284.0)
(284.0,284.0)
(284.0,284.0)
(280.0,284.0)
(284.0,284.0)
(301.0,284.0)
(284.0,284.0)
(334.0,284.0)
(297.0,284.0)
(284.0,284.0)
(301.0,284.0)
(280.0,284.0)
(284.0,284.0)
(280.0,284.0)
(284.0,284.0)
(284.0,284.0)
(284.0,284.0)
(284.0,284.0)
(301.0,284.0)
(301.0,284.0)
(284.0,284.0)
(301.0,284.0)
(284.0,284.0)
(278.0,284.0)
(284.0,284.0)
(284.0,284.0)
(334.0,284.0)
(280.0,284.0)
(280.0,284.0)
(284.0,284.0)
(284.0,284.0)
(301.0,284.0)
(301.0,284.0)
(301.0,284.0)
(284.0,284.0)
(284.0,284.0)
(284.0,284.0)
(284.0,284.0)
(334.0,284.0)
(284.0,284.0)
(305.0,284.0)
(284.0,284.0)
(278.0,284.0)
(305.0,284.0)
(305.0,284.0)
(301.0,284.0)
(278.0,284.0)
(284.0,284.0)
(301.0,284.0)
(278.0,284.0)
(280.0,284.0)
(278.0,284.0)
(284.0,284.0)
(284.0,284.0)
(284.0,284.0)
(280.0,284.0)
(284.0,284.0)
(280.0,284.0)
(284.0,284.0)
(278.0,284.0)
(301.0,284.0)
(301.0,284.0)
(334.0,284.0)
(284.0,284.0)
(613.0,284.0)
(481.0,284.0)
(328.0,284.0)
(323.0,284.0)
(305.0,284.0)
(481.0,284.0)
(18.0,284.0)
(723.0,284.0)
(287.0,284.0)
(287.0,284.0)
(417.0,284.0)
(305.0,284.0)
(287.0,284.0)
(305.0,284.0)
(287.0,284.0)
(279.0,284.0)
(328.0,284.0)
(305.0,284.0)
(417.0,284.0)
(309.0,284.0)
(239.0,284.0)
(305.0,284.0)
(723.0,284.0)
(287.0,284.0)
(212.0,284.0)
(212.0,284.0)
(645.0,284.0)
(645.0,284.0)
(323.0,284.0)
(770.0,284.0)
(417.0,284.0)
(417.0,284.0)
(212.0,284.0)
(305.0,284.0)
(85.0,284.0)
(645.0,284.0)
(417.0,284.0)
(212.0,284.0)
(369.0,284.0)
(417.0,284.0)
(708.0,284.0)
(713.0,284.0)
(305.0,284.0)
(284.0,284.0)
(278.0,284.0)
(334.0,284.0)
(301.0,284.0)
(334.0,284.0)
(284.0,284.0)
(271.0,284.0)
(685.0,284.0)
(305.0,284.0)
(284.0,284.0)
(284.0,284.0)
(334.0,284.0)
(305.0,284.0)
(301.0,284.0)
(334.0,284.0)
(685.0,284.0)
(278.0,284.0)
(685.0,284.0)
(284.0,284.0)
(301.0,284.0)
(301.0,284.0)
(334.0,284.0)
(284.0,284.0)
(278.0,284.0)
(299.0,284.0)
(334.0,284.0)
(284.0,284.0)
(284.0,284.0)
(284.0,284.0)
(284.0,284.0)
(334.0,284.0)
(299.0,284.0)
(284.0,284.0)
(284.0,284.0)
(299.0,284.0)
(284.0,284.0)
(278.0,284.0)
(301.0,284.0)
(271.0,284.0)
(301.0,284.0)
(278.0,284.0)
(271.0,284.0)
(284.0,284.0)
(334.0,284.0)
(284.0,284.0)
(278.0,284.0)
(284.0,284.0)
(278.0,284.0)
(305.0,284.0)
(299.0,284.0)
(334.0,284.0)
(284.0,284.0)
(305.0,284.0)
(305.0,284.0)
(278.0,284.0)
(278.0,284.0)
(271.0,284.0)
(685.0,284.0)
(284.0,284.0)
(281.0,284.0)
(301.0,284.0)
(271.0,284.0)
(271.0,284.0)
(271.0,284.0)
(334.0,284.0)
(301.0,284.0)
(301.0,284.0)
(284.0,284.0)
(299.0,284.0)
(301.0,284.0)
(334.0,284.0)
(305.0,284.0)
(284.0,284.0)
(685.0,284.0)
(685.0,284.0)
(284.0,284.0)
(334.0,284.0)
(284.0,284.0)
(284.0,284.0)
(334.0,284.0)
(301.0,284.0)
(284.0,284.0)
(284.0,284.0)
(271.0,284.0)
(305.0,284.0)
(299.0,284.0)
(299.0,284.0)
(284.0,284.0)
(284.0,284.0)
(271.0,284.0)
(299.0,284.0)
(334.0,284.0)
(301.0,284.0)
(334.0,284.0)
(278.0,284.0)
(284.0,284.0)
(334.0,284.0)
(334.0,284.0)
(271.0,284.0)
(278.0,284.0)
(284.0,284.0)
(299.0,284.0)
(685.0,284.0)
(299.0,284.0)
(299.0,284.0)
(305.0,284.0)
(271.0,284.0)
(334.0,284.0)
(334.0,284.0)
(305.0,284.0)
(334.0,284.0)
(334.0,284.0)
(299.0,284.0)
(334.0,284.0)
(271.0,284.0)
(284.0,284.0)
(299.0,284.0)
(334.0,284.0)
(284.0,284.0)
(301.0,284.0)
(271.0,284.0)
(334.0,284.0)
(301.0,284.0)
(284.0,284.0)
(334.0,284.0)
(685.0,284.0)
(271.0,284.0)
(685.0,284.0)
(271.0,284.0)
(284.0,284.0)
(271.0,284.0)
(284.0,284.0)
(301.0,284.0)
(301.0,284.0)
(284.0,284.0)
(334.0,284.0)
(284.0,284.0)
(271.0,284.0)
(284.0,284.0)
(284.0,284.0)
(334.0,284.0)
(334.0,284.0)
(685.0,284.0)
(284.0,284.0)
(284.0,284.0)
(334.0,284.0)
(301.0,284.0)
(299.0,284.0)
(334.0,284.0)
(299.0,284.0)
(284.0,284.0)
(284.0,284.0)
(284.0,284.0)
(284.0,284.0)
(334.0,284.0)
(284.0,284.0)
(305.0,284.0)
(284.0,284.0)
(685.0,284.0)
(305.0,284.0)
(305.0,284.0)
(334.0,284.0)
(299.0,284.0)
(278.0,284.0)
(284.0,284.0)
(299.0,284.0)
(334.0,284.0)
(278.0,284.0)
(685.0,284.0)
(685.0,284.0)
(299.0,284.0)
(299.0,284.0)
(284.0,284.0)
(284.0,284.0)
(284.0,284.0)
(271.0,284.0)
(284.0,284.0)
(685.0,284.0)
(284.0,284.0)
(301.0,284.0)
(334.0,284.0)
(334.0,284.0)
(284.0,284.0)
(299.0,281.0)
(281.0,281.0)
(281.0,281.0)
(299.0,281.0)
(299.0,281.0)
(299.0,281.0)
(299.0,281.0)
(431.0,281.0)
(431.0,281.0)
(281.0,281.0)
(299.0,281.0)
(299.0,281.0)
(299.0,281.0)
(299.0,281.0)
(299.0,281.0)
(431.0,281.0)
(431.0,281.0)
(299.0,281.0)
(299.0,281.0)
(299.0,281.0)
(299.0,281.0)
(299.0,281.0)
(299.0,281.0)
(431.0,281.0)
(299.0,281.0)
(299.0,281.0)
(281.0,281.0)
(431.0,281.0)
(299.0,281.0)
(431.0,281.0)
(299.0,281.0)
(281.0,281.0)
(281.0,281.0)
(431.0,281.0)
(299.0,281.0)
(299.0,281.0)
(299.0,281.0)
(299.0,281.0)
(299.0,281.0)
(299.0,281.0)
(431.0,281.0)
(299.0,281.0)
(281.0,281.0)
(281.0,281.0)
(299.0,281.0)
(299.0,281.0)
(299.0,281.0)
(299.0,281.0)
(299.0,281.0)
(281.0,281.0)
(281.0,281.0)
(281.0,281.0)
(299.0,281.0)
(299.0,281.0)
(299.0,281.0)
(299.0,281.0)
(299.0,281.0)
(299.0,281.0)
(299.0,281.0)
(299.0,281.0)
(299.0,281.0)
(431.0,281.0)
(299.0,281.0)
(431.0,281.0)
(299.0,281.0)
(299.0,281.0)
(299.0,281.0)
(281.0,281.0)
(299.0,281.0)
(299.0,281.0)
(299.0,281.0)
(299.0,281.0)
(299.0,281.0)
(431.0,281.0)
(347.0,283.0)
(305.0,283.0)
(271.0,283.0)
(271.0,283.0)
(305.0,283.0)
(271.0,283.0)
(305.0,283.0)
(305.0,283.0)
(305.0,283.0)
(347.0,283.0)
(347.0,283.0)
(305.0,283.0)
(347.0,283.0)
(347.0,283.0)
(305.0,283.0)
(305.0,283.0)
(305.0,283.0)
(305.0,283.0)
(347.0,283.0)
(305.0,283.0)
(271.0,283.0)
(347.0,283.0)
(347.0,283.0)
(305.0,283.0)
(271.0,283.0)
(271.0,283.0)
(305.0,283.0)
(347.0,283.0)
(305.0,283.0)
(305.0,283.0)
(347.0,283.0)
(305.0,283.0)
(305.0,283.0)
(271.0,283.0)
(347.0,283.0)
(347.0,283.0)
(347.0,283.0)
(347.0,283.0)
(305.0,283.0)
(305.0,283.0)
(347.0,283.0)
(305.0,283.0)
(305.0,283.0)
(271.0,283.0)
(305.0,283.0)
(347.0,283.0)
(271.0,283.0)
(305.0,283.0)
(347.0,283.0)
(347.0,283.0)
(305.0,283.0)
(305.0,283.0)
(347.0,283.0)
(347.0,283.0)
(347.0,283.0)
(305.0,283.0)
(271.0,283.0)
(347.0,283.0)
(347.0,283.0)
(271.0,283.0)
(305.0,283.0)
(347.0,283.0)
(347.0,283.0)
(347.0,283.0)
(305.0,283.0)
(271.0,283.0)
(305.0,283.0)
(347.0,283.0)
(271.0,283.0)
(347.0,283.0)
(347.0,283.0)
(305.0,283.0)
(271.0,283.0)
(305.0,283.0)
(271.0,283.0)
(271.0,283.0)
(271.0,283.0)
(305.0,283.0)
(271.0,283.0)
(305.0,283.0)
(305.0,283.0)
(305.0,283.0)
(305.0,283.0)
(305.0,283.0)
(347.0,283.0)
(305.0,283.0)
(305.0,283.0)
(347.0,283.0)
(347.0,283.0)
(305.0,283.0)
(305.0,283.0)
(347.0,283.0)
(305.0,283.0)
(305.0,283.0)
(305.0,283.0)
(305.0,283.0)
(305.0,283.0)
(305.0,283.0)
(347.0,283.0)
(305.0,283.0)
(347.0,283.0)
(347.0,283.0)
(347.0,283.0)
(305.0,283.0)
(305.0,283.0)
(347.0,283.0)
(305.0,283.0)
(305.0,283.0)
(305.0,283.0)
(271.0,283.0)
(305.0,283.0)
(347.0,283.0)
(280.0,283.0)
(305.0,283.0)
(280.0,283.0)
(271.0,283.0)
(692.0,283.0)
(305.0,283.0)
(271.0,283.0)
(692.0,283.0)
(280.0,283.0)
(305.0,283.0)
(305.0,283.0)
(302.0,283.0)
(280.0,283.0)
(347.0,283.0)
(347.0,283.0)
(302.0,283.0)
(305.0,283.0)
(347.0,283.0)
(347.0,283.0)
(280.0,283.0)
(305.0,283.0)
(305.0,283.0)
(305.0,283.0)
(692.0,283.0)
(280.0,283.0)
(347.0,283.0)
(692.0,283.0)
(271.0,283.0)
(347.0,283.0)
(347.0,283.0)
(305.0,283.0)
(347.0,283.0)
(271.0,283.0)
(305.0,283.0)
(302.0,283.0)
(347.0,283.0)
(305.0,283.0)
(305.0,283.0)
(347.0,283.0)
(302.0,283.0)
(305.0,283.0)
(305.0,283.0)
(305.0,283.0)
(271.0,283.0)
(280.0,283.0)
(347.0,283.0)
(347.0,283.0)
(347.0,283.0)
(347.0,283.0)
(305.0,283.0)
(280.0,283.0)
(302.0,283.0)
(305.0,283.0)
(347.0,283.0)
(692.0,283.0)
(692.0,283.0)
(280.0,283.0)
(271.0,283.0)
(305.0,283.0)
(347.0,283.0)
(271.0,283.0)
(305.0,283.0)
(280.0,283.0)
(347.0,283.0)
(347.0,283.0)
(305.0,283.0)
(305.0,283.0)
(347.0,283.0)
(347.0,283.0)
(347.0,283.0)
(305.0,283.0)
(271.0,283.0)
(347.0,283.0)
(280.0,283.0)
(302.0,283.0)
(302.0,283.0)
(347.0,283.0)
(302.0,283.0)
(280.0,283.0)
(271.0,283.0)
(305.0,283.0)
(347.0,283.0)
(280.0,283.0)
(347.0,283.0)
(347.0,283.0)
(305.0,283.0)
(271.0,283.0)
(278.0,283.0)
(280.0,283.0)
(305.0,283.0)
(280.0,283.0)
(280.0,283.0)
(347.0,283.0)
(302.0,283.0)
(692.0,283.0)
(347.0,283.0)
(347.0,283.0)
(280.0,283.0)
(305.0,283.0)
(302.0,283.0)
(271.0,283.0)
(280.0,283.0)
(305.0,283.0)
(271.0,283.0)
(302.0,283.0)
(280.0,283.0)
(271.0,283.0)
(280.0,283.0)
(271.0,283.0)
(305.0,283.0)
(271.0,283.0)
(692.0,283.0)
(302.0,283.0)
(305.0,283.0)
(305.0,283.0)
(280.0,283.0)
(305.0,283.0)
(305.0,283.0)
(347.0,283.0)
(280.0,283.0)
(280.0,283.0)
(305.0,283.0)
(692.0,283.0)
(302.0,283.0)
(302.0,283.0)
(347.0,283.0)
(280.0,283.0)
(347.0,283.0)
(305.0,283.0)
(305.0,283.0)
(347.0,283.0)
(305.0,283.0)
(278.0,283.0)
(305.0,283.0)
(305.0,283.0)
(305.0,283.0)
(305.0,283.0)
(305.0,283.0)
(302.0,283.0)
(347.0,283.0)
(305.0,283.0)
(347.0,283.0)
(302.0,283.0)
(280.0,283.0)
(347.0,283.0)
(347.0,283.0)
(305.0,283.0)
(305.0,283.0)
(347.0,283.0)
(692.0,283.0)
(280.0,283.0)
(305.0,283.0)
(302.0,283.0)
(280.0,283.0)
(305.0,283.0)
(302.0,283.0)
(271.0,283.0)
(305.0,283.0)
(302.0,283.0)
(347.0,283.0)
(211.0,286.0)
(280.0,286.0)
(287.0,286.0)
(280.0,286.0)
(211.0,286.0)
(287.0,286.0)
(287.0,286.0)
(211.0,286.0)
(287.0,286.0)
(280.0,286.0)
(211.0,286.0)
(211.0,286.0)
(211.0,286.0)
(211.0,286.0)
(211.0,286.0)
(280.0,286.0)
(280.0,286.0)
(280.0,286.0)
(211.0,286.0)
(287.0,286.0)
(211.0,286.0)
(211.0,286.0)
(287.0,286.0)
(211.0,286.0)
(280.0,286.0)
(211.0,286.0)
(287.0,286.0)
(237.0,286.0)
(280.0,286.0)
(287.0,286.0)
(287.0,286.0)
(211.0,286.0)
(280.0,286.0)
(287.0,286.0)
(211.0,286.0)
(287.0,286.0)
(287.0,286.0)
(280.0,286.0)
(287.0,286.0)
(211.0,286.0)
(287.0,286.0)
(280.0,286.0)
(211.0,286.0)
(211.0,286.0)
(287.0,286.0)
(211.0,286.0)
(211.0,286.0)
(237.0,286.0)
(287.0,286.0)
(287.0,286.0)
(287.0,286.0)
(211.0,286.0)
(211.0,286.0)
(211.0,286.0)
(211.0,286.0)
(211.0,286.0)
(280.0,286.0)
(280.0,286.0)
(287.0,286.0)
(211.0,286.0)
(280.0,286.0)
(287.0,286.0)
(211.0,286.0)
(211.0,286.0)
(287.0,286.0)
(287.0,286.0)
(211.0,286.0)
(280.0,286.0)
(713.0,287.0)
(287.0,287.0)
(287.0,287.0)
(280.0,287.0)
(287.0,287.0)
(287.0,287.0)
(262.0,287.0)
(613.0,287.0)
(305.0,287.0)
(287.0,287.0)
(18.0,287.0)
(305.0,287.0)
(43.0,287.0)
(309.0,287.0)
(287.0,287.0)
(287.0,287.0)
(328.0,287.0)
(287.0,287.0)
(323.0,287.0)
(262.0,287.0)
(305.0,287.0)
(287.0,287.0)
(613.0,287.0)
(305.0,287.0)
(300.0,287.0)
(280.0,287.0)
(684.0,287.0)
(328.0,287.0)
(287.0,287.0)
(417.0,287.0)
(219.0,287.0)
(481.0,287.0)
(708.0,287.0)
(354.0,287.0)
(287.0,287.0)
(44.0,287.0)
(287.0,287.0)
(305.0,287.0)
(286.0,287.0)
(287.0,287.0)
(280.0,287.0)
(287.0,287.0)
(305.0,287.0)
(287.0,287.0)
(280.0,287.0)
(287.0,287.0)
(305.0,287.0)
(645.0,287.0)
(417.0,287.0)
(287.0,287.0)
(417.0,287.0)
(280.0,287.0)
(279.0,287.0)
(305.0,287.0)
(689.0,287.0)
(280.0,287.0)
(305.0,287.0)
(287.0,287.0)
(280.0,287.0)
(309.0,287.0)
(219.0,287.0)
(239.0,287.0)
(4.0,287.0)
(335.0,287.0)
(305.0,287.0)
(286.0,287.0)
(280.0,287.0)
(309.0,287.0)
(219.0,287.0)
(239.0,287.0)
(287.0,287.0)
(288.0,287.0)
(287.0,287.0)
(417.0,287.0)
(288.0,287.0)
(417.0,287.0)
(280.0,287.0)
(301.0,287.0)
(287.0,287.0)
(305.0,287.0)
(519.0,287.0)
(519.0,287.0)
(417.0,287.0)
(280.0,287.0)
(287.0,287.0)
(287.0,287.0)
(354.0,287.0)
(280.0,287.0)
(417.0,287.0)
(519.0,287.0)
(481.0,287.0)
(280.0,287.0)
(280.0,287.0)
(309.0,287.0)
(395.0,287.0)
(287.0,287.0)
(309.0,287.0)
(305.0,287.0)
(287.0,287.0)
(713.0,287.0)
(417.0,287.0)
(157.0,287.0)
(301.0,287.0)
(287.0,287.0)
(287.0,287.0)
(267.0,287.0)
(300.0,287.0)
(417.0,287.0)
(219.0,287.0)
(301.0,287.0)
(287.0,287.0)
(447.0,287.0)
(417.0,287.0)
(481.0,287.0)
(300.0,287.0)
(287.0,287.0)
(280.0,287.0)
(301.0,287.0)
(417.0,287.0)
(784.0,287.0)
(328.0,287.0)
(723.0,287.0)
(18.0,287.0)
(305.0,287.0)
(212.0,287.0)
(287.0,287.0)
(778.0,287.0)
(305.0,287.0)
(287.0,287.0)
(447.0,287.0)
(305.0,287.0)
(43.0,287.0)
(323.0,287.0)
(481.0,287.0)
(267.0,287.0)
(287.0,287.0)
(447.0,287.0)
(309.0,287.0)
(417.0,287.0)
(287.0,287.0)
(287.0,287.0)
(287.0,287.0)
(417.0,287.0)
(300.0,287.0)
(287.0,287.0)
(219.0,287.0)
(713.0,287.0)
(287.0,287.0)
(309.0,287.0)
(645.0,287.0)
(287.0,287.0)
(305.0,287.0)
(219.0,287.0)
(301.0,287.0)
(645.0,287.0)
(286.0,287.0)
(280.0,287.0)
(305.0,287.0)
(300.0,287.0)
(723.0,287.0)
(280.0,287.0)
(260.0,287.0)
(323.0,287.0)
(305.0,287.0)
(301.0,287.0)
(417.0,287.0)
(287.0,287.0)
(305.0,287.0)
(482.0,287.0)
(219.0,287.0)
(287.0,287.0)
(713.0,287.0)
(417.0,287.0)
(417.0,287.0)
(305.0,287.0)
(305.0,287.0)
(287.0,287.0)
(287.0,287.0)
(300.0,287.0)
(287.0,287.0)
(417.0,287.0)
(417.0,287.0)
(16.0,287.0)
(301.0,287.0)
(723.0,287.0)
(264.0,287.0)
(287.0,287.0)
(737.0,287.0)
(219.0,287.0)
(85.0,287.0)
(743.0,287.0)
(287.0,287.0)
(287.0,287.0)
(305.0,287.0)
(280.0,287.0)
(286.0,287.0)
(417.0,287.0)
(287.0,287.0)
(212.0,287.0)
(287.0,287.0)
(280.0,287.0)
(417.0,287.0)
(305.0,287.0)
(305.0,287.0)
(354.0,287.0)
(417.0,287.0)
(305.0,287.0)
(305.0,287.0)
(287.0,288.0)
(280.0,288.0)
(287.0,288.0)
(288.0,288.0)
(287.0,288.0)
(287.0,288.0)
(203.0,288.0)
(280.0,288.0)
(617.0,288.0)
(684.0,288.0)
(287.0,288.0)
(684.0,288.0)
(288.0,288.0)
(684.0,288.0)
(684.0,288.0)
(288.0,288.0)
(309.0,288.0)
(687.0,288.0)
(280.0,288.0)
(287.0,288.0)
(287.0,288.0)
(287.0,288.0)
(288.0,288.0)
(287.0,288.0)
(287.0,288.0)
(280.0,288.0)
(684.0,288.0)
(684.0,288.0)
(287.0,288.0)
(617.0,288.0)
(684.0,288.0)
(288.0,288.0)
(287.0,288.0)
(684.0,288.0)
(684.0,288.0)
(287.0,288.0)
(287.0,288.0)
(287.0,288.0)
(280.0,288.0)
(684.0,288.0)
(287.0,288.0)
(280.0,288.0)
(287.0,288.0)
(287.0,288.0)
(280.0,288.0)
(287.0,288.0)
(280.0,288.0)
(288.0,288.0)
(684.0,288.0)
(287.0,288.0)
(280.0,288.0)
(288.0,288.0)
(684.0,288.0)
(684.0,288.0)
(684.0,288.0)
(287.0,288.0)
(280.0,288.0)
(287.0,288.0)
(287.0,288.0)
(287.0,288.0)
(287.0,288.0)
(288.0,288.0)
(287.0,288.0)
(309.0,288.0)
(684.0,288.0)
(287.0,288.0)
(288.0,288.0)
(684.0,288.0)
(280.0,288.0)
(343.0,288.0)
(684.0,288.0)
(617.0,288.0)
(287.0,288.0)
(287.0,288.0)
(684.0,288.0)
(287.0,288.0)
(287.0,288.0)
(287.0,288.0)
(287.0,288.0)
(280.0,288.0)
(684.0,288.0)
(287.0,288.0)
(287.0,288.0)
(287.0,288.0)
(684.0,288.0)
(287.0,288.0)
(287.0,288.0)
(288.0,288.0)
(684.0,288.0)
(684.0,288.0)
(287.0,288.0)
(287.0,288.0)
(287.0,288.0)
(684.0,288.0)
(287.0,288.0)
(280.0,288.0)
(287.0,288.0)
(287.0,288.0)
(684.0,288.0)
(203.0,288.0)
(288.0,288.0)
(287.0,288.0)
(684.0,288.0)
(287.0,288.0)
(287.0,288.0)
(287.0,288.0)
(280.0,288.0)
(343.0,288.0)
(287.0,288.0)
(287.0,288.0)
(280.0,288.0)
(288.0,288.0)
(309.0,288.0)
(203.0,288.0)
(287.0,288.0)
(288.0,288.0)
(684.0,288.0)
(287.0,288.0)
(288.0,288.0)
(280.0,288.0)
(343.0,288.0)
(280.0,288.0)
(287.0,288.0)
(288.0,288.0)
(203.0,288.0)
(684.0,288.0)
(309.0,288.0)
(684.0,288.0)
(288.0,288.0)
(617.0,288.0)
(287.0,288.0)
(288.0,288.0)
(287.0,288.0)
(280.0,288.0)
(684.0,288.0)
(287.0,288.0)
(288.0,288.0)
(280.0,288.0)
(280.0,288.0)
(684.0,288.0)
(684.0,288.0)
(309.0,288.0)
(287.0,288.0)
(288.0,288.0)
(287.0,288.0)
(288.0,288.0)
(684.0,288.0)
(287.0,288.0)
(288.0,288.0)
(288.0,288.0)
(684.0,288.0)
(684.0,288.0)
(684.0,288.0)
(280.0,288.0)
(684.0,288.0)
(684.0,288.0)
(309.0,288.0)
(287.0,288.0)
(684.0,288.0)
(684.0,288.0)
(287.0,288.0)
(288.0,288.0)
(280.0,288.0)
(280.0,288.0)
(687.0,288.0)
(287.0,288.0)
(287.0,288.0)
(684.0,288.0)
(684.0,288.0)
(287.0,288.0)
(280.0,288.0)
(684.0,288.0)
(280.0,288.0)
(288.0,288.0)
(280.0,288.0)
(309.0,288.0)
(287.0,288.0)
(617.0,288.0)
(684.0,288.0)
(287.0,288.0)
(287.0,288.0)
(280.0,288.0)
(287.0,288.0)
(684.0,288.0)
(684.0,288.0)
(278.0,289.0)
(278.0,289.0)
(278.0,289.0)
(278.0,289.0)
(278.0,289.0)
(278.0,289.0)
(278.0,289.0)
(278.0,289.0)
(278.0,289.0)
(278.0,289.0)
(278.0,289.0)
(278.0,289.0)
(278.0,289.0)
(278.0,289.0)
(271.0,289.0)
(278.0,289.0)
(278.0,289.0)
(278.0,289.0)
(278.0,289.0)
(278.0,289.0)
(278.0,289.0)
(278.0,289.0)
(278.0,289.0)
(278.0,289.0)
(278.0,289.0)
(278.0,289.0)
(278.0,289.0)
(278.0,289.0)
(278.0,289.0)
(278.0,289.0)
(278.0,289.0)
(278.0,289.0)
(278.0,289.0)
(278.0,289.0)
(278.0,289.0)
(278.0,289.0)
(278.0,289.0)
(278.0,289.0)
(278.0,289.0)
(278.0,289.0)
(278.0,289.0)
(278.0,289.0)
(278.0,289.0)
(278.0,289.0)
(278.0,289.0)
(278.0,289.0)
(278.0,289.0)
(278.0,289.0)
(278.0,289.0)
(278.0,289.0)
(278.0,289.0)
(271.0,289.0)
(278.0,289.0)
(278.0,289.0)
(278.0,289.0)
(278.0,289.0)
(581.0,289.0)
(278.0,289.0)
(278.0,289.0)
(278.0,289.0)
(278.0,289.0)
(278.0,289.0)
(278.0,289.0)
(278.0,289.0)
(278.0,289.0)
(278.0,289.0)
(278.0,289.0)
(278.0,289.0)
(278.0,289.0)
(278.0,289.0)
(278.0,289.0)
(278.0,289.0)
(278.0,289.0)
(278.0,289.0)
(278.0,289.0)
(278.0,289.0)
(278.0,289.0)
(278.0,289.0)
(278.0,289.0)
(278.0,289.0)
(278.0,289.0)
(278.0,289.0)
(278.0,289.0)
(278.0,289.0)
(278.0,289.0)
(278.0,289.0)
(278.0,289.0)
(278.0,289.0)
(278.0,289.0)
(278.0,289.0)
(278.0,289.0)
(278.0,289.0)
(278.0,289.0)
(278.0,289.0)
(278.0,289.0)
(278.0,289.0)
(278.0,289.0)
(278.0,289.0)
(278.0,289.0)
(278.0,289.0)
(278.0,289.0)
(278.0,289.0)
(278.0,289.0)
(581.0,289.0)
(278.0,289.0)
(278.0,289.0)
(278.0,289.0)
(278.0,289.0)
(278.0,289.0)
(278.0,289.0)
(271.0,289.0)
(278.0,289.0)
(278.0,289.0)
(278.0,289.0)
(278.0,289.0)
(278.0,289.0)
(278.0,289.0)
(278.0,289.0)
(278.0,289.0)
(278.0,289.0)
(278.0,289.0)
(278.0,289.0)
(278.0,289.0)
(278.0,289.0)
(278.0,289.0)
(278.0,289.0)
(278.0,289.0)
(648.0,290.0)
(698.0,290.0)
(335.0,290.0)
(698.0,290.0)
(335.0,290.0)
(289.0,290.0)
(335.0,290.0)
(289.0,290.0)
(692.0,290.0)
(335.0,290.0)
(657.0,290.0)
(648.0,290.0)
(298.0,290.0)
(298.0,290.0)
(298.0,290.0)
(289.0,290.0)
(726.0,290.0)
(289.0,290.0)
(289.0,290.0)
(692.0,290.0)
(726.0,290.0)
(289.0,290.0)
(648.0,290.0)
(648.0,290.0)
(648.0,290.0)
(298.0,290.0)
(298.0,290.0)
(335.0,290.0)
(692.0,290.0)
(302.0,290.0)
(648.0,290.0)
(335.0,290.0)
(335.0,290.0)
(302.0,290.0)
(335.0,290.0)
(335.0,290.0)
(648.0,290.0)
(335.0,290.0)
(298.0,290.0)
(335.0,290.0)
(289.0,290.0)
(698.0,290.0)
(657.0,290.0)
(298.0,290.0)
(289.0,290.0)
(335.0,290.0)
(298.0,290.0)
(657.0,290.0)
(648.0,290.0)
(298.0,290.0)
(698.0,290.0)
(657.0,290.0)
(648.0,290.0)
(692.0,290.0)
(335.0,290.0)
(726.0,290.0)
(648.0,290.0)
(335.0,290.0)
(335.0,290.0)
(298.0,290.0)
(657.0,290.0)
(657.0,290.0)
(648.0,290.0)
(698.0,290.0)
(698.0,290.0)
(335.0,290.0)
(335.0,290.0)
(335.0,290.0)
(298.0,290.0)
(289.0,290.0)
(298.0,290.0)
(698.0,290.0)
(698.0,290.0)
(692.0,290.0)
(726.0,290.0)
(302.0,290.0)
(287.0,290.0)
(648.0,290.0)
(335.0,290.0)
(335.0,290.0)
(657.0,290.0)
(335.0,290.0)
(698.0,290.0)
(335.0,290.0)
(335.0,290.0)
(657.0,290.0)
(289.0,290.0)
(335.0,290.0)
(335.0,290.0)
(289.0,290.0)
(289.0,290.0)
(657.0,290.0)
(298.0,290.0)
(692.0,290.0)
(692.0,290.0)
(692.0,290.0)
(648.0,290.0)
(302.0,290.0)
(648.0,290.0)
(657.0,290.0)
(298.0,290.0)
(335.0,290.0)
(298.0,290.0)
(335.0,290.0)
(648.0,290.0)
(335.0,290.0)
(298.0,290.0)
(289.0,290.0)
(657.0,290.0)
(335.0,290.0)
(726.0,290.0)
(692.0,290.0)
(335.0,290.0)
(726.0,290.0)
(648.0,290.0)
(289.0,290.0)
(335.0,290.0)
(298.0,290.0)
(657.0,290.0)
(698.0,290.0)
(289.0,290.0)
(277.0,291.0)
(299.0,291.0)
(277.0,291.0)
(299.0,291.0)
(277.0,291.0)
(277.0,291.0)
(302.0,291.0)
(277.0,291.0)
(277.0,291.0)
(299.0,291.0)
(302.0,291.0)
(277.0,291.0)
(299.0,291.0)
(291.0,291.0)
(291.0,291.0)
(299.0,291.0)
(301.0,291.0)
(291.0,291.0)
(291.0,291.0)
(277.0,291.0)
(302.0,291.0)
(301.0,291.0)
(277.0,291.0)
(299.0,291.0)
(281.0,291.0)
(277.0,291.0)
(277.0,291.0)
(291.0,291.0)
(291.0,291.0)
(302.0,291.0)
(277.0,291.0)
(277.0,291.0)
(301.0,291.0)
(277.0,291.0)
(301.0,291.0)
(302.0,291.0)
(291.0,291.0)
(301.0,291.0)
(277.0,291.0)
(291.0,291.0)
(291.0,291.0)
(291.0,291.0)
(291.0,291.0)
(277.0,291.0)
(299.0,291.0)
(299.0,291.0)
(277.0,291.0)
(291.0,291.0)
(277.0,291.0)
(277.0,291.0)
(277.0,291.0)
(302.0,291.0)
(291.0,291.0)
(277.0,291.0)
(277.0,291.0)
(299.0,291.0)
(291.0,291.0)
(291.0,291.0)
(301.0,291.0)
(291.0,291.0)
(291.0,291.0)
(277.0,291.0)
(302.0,291.0)
(277.0,291.0)
(291.0,291.0)
(299.0,291.0)
(302.0,291.0)
(299.0,291.0)
(299.0,291.0)
(277.0,291.0)
(277.0,291.0)
(291.0,291.0)
(291.0,291.0)
(291.0,291.0)
(302.0,291.0)
(277.0,291.0)
(299.0,291.0)
(299.0,291.0)
(299.0,291.0)
(291.0,291.0)
(277.0,291.0)
(291.0,291.0)
(291.0,291.0)
(301.0,291.0)
(299.0,291.0)
(277.0,291.0)
(299.0,291.0)
(277.0,291.0)
(277.0,291.0)
(299.0,291.0)
(277.0,291.0)
(277.0,291.0)
(277.0,291.0)
(277.0,291.0)
(277.0,291.0)
(299.0,291.0)
(301.0,291.0)
(301.0,291.0)
(299.0,291.0)
(301.0,291.0)
(279.0,291.0)
(291.0,291.0)
(302.0,291.0)
(277.0,291.0)
(299.0,291.0)
(299.0,291.0)
(291.0,291.0)
(299.0,291.0)
(291.0,291.0)
(277.0,291.0)
(302.0,291.0)
(277.0,291.0)
(301.0,291.0)
(301.0,291.0)
(302.0,291.0)
(301.0,291.0)
(299.0,291.0)
(291.0,291.0)
(302.0,291.0)
(291.0,291.0)
(299.0,291.0)
(291.0,291.0)
(291.0,291.0)
(277.0,291.0)
(302.0,291.0)
(277.0,291.0)
(277.0,291.0)
(277.0,291.0)
(299.0,291.0)
(299.0,291.0)
(301.0,291.0)
(299.0,291.0)
(277.0,291.0)
(301.0,291.0)
(277.0,291.0)
(692.0,292.0)
(335.0,292.0)
(297.0,292.0)
(715.0,292.0)
(301.0,292.0)
(301.0,292.0)
(301.0,292.0)
(301.0,292.0)
(715.0,292.0)
(297.0,292.0)
(335.0,292.0)
(302.0,292.0)
(692.0,292.0)
(301.0,292.0)
(715.0,292.0)
(297.0,292.0)
(301.0,292.0)
(301.0,292.0)
(347.0,292.0)
(297.0,292.0)
(297.0,292.0)
(301.0,292.0)
(301.0,292.0)
(335.0,292.0)
(301.0,292.0)
(301.0,292.0)
(301.0,292.0)
(301.0,292.0)
(692.0,292.0)
(297.0,292.0)
(301.0,292.0)
(301.0,292.0)
(692.0,292.0)
(715.0,292.0)
(692.0,292.0)
(297.0,292.0)
(301.0,292.0)
(715.0,292.0)
(297.0,292.0)
(301.0,292.0)
(302.0,292.0)
(301.0,292.0)
(692.0,292.0)
(301.0,292.0)
(301.0,292.0)
(297.0,292.0)
(335.0,292.0)
(335.0,292.0)
(301.0,292.0)
(301.0,292.0)
(297.0,292.0)
(301.0,292.0)
(302.0,292.0)
(301.0,292.0)
(297.0,292.0)
(301.0,292.0)
(301.0,292.0)
(692.0,292.0)
(335.0,292.0)
(692.0,292.0)
(692.0,292.0)
(692.0,292.0)
(301.0,292.0)
(301.0,292.0)
(692.0,292.0)
(297.0,292.0)
(301.0,292.0)
(301.0,292.0)
(715.0,292.0)
(297.0,292.0)
(335.0,292.0)
(335.0,292.0)
(301.0,292.0)
(297.0,292.0)
(301.0,292.0)
(302.0,292.0)
(301.0,292.0)
(301.0,292.0)
(301.0,292.0)
(335.0,292.0)
(335.0,292.0)
(335.0,292.0)
(715.0,292.0)
(301.0,292.0)
(715.0,292.0)
(301.0,292.0)
(692.0,292.0)
(301.0,292.0)
(347.0,292.0)
(297.0,292.0)
(335.0,292.0)
(301.0,292.0)
(335.0,292.0)
(297.0,292.0)
(301.0,292.0)
(715.0,292.0)
(302.0,292.0)
(301.0,292.0)
(302.0,292.0)
(301.0,292.0)
(297.0,292.0)
(301.0,292.0)
(692.0,292.0)
(715.0,292.0)
(297.0,292.0)
(692.0,292.0)
(715.0,292.0)
(692.0,292.0)
(297.0,292.0)
(692.0,292.0)
(652.0,292.0)
(347.0,292.0)
(297.0,292.0)
(301.0,292.0)
(715.0,292.0)
(301.0,292.0)
(715.0,292.0)
(301.0,292.0)
(297.0,292.0)
(297.0,292.0)
(301.0,292.0)
(297.0,292.0)
(335.0,292.0)
(297.0,292.0)
(692.0,292.0)
(715.0,292.0)
(301.0,292.0)
(297.0,292.0)
(692.0,292.0)
(715.0,292.0)
(302.0,292.0)
(301.0,292.0)
(301.0,292.0)
(297.0,292.0)
(297.0,292.0)
(301.0,292.0)
(302.0,292.0)
(301.0,292.0)
(302.0,292.0)
(297.0,292.0)
(335.0,292.0)
(335.0,292.0)
(301.0,292.0)
(301.0,292.0)
(301.0,292.0)
(715.0,292.0)
(301.0,292.0)
(419.0,292.0)
(645.0,292.0)
(417.0,292.0)
(287.0,292.0)
(645.0,292.0)
(305.0,292.0)
(288.0,292.0)
(301.0,292.0)
(297.0,292.0)
(305.0,292.0)
(309.0,292.0)
(287.0,292.0)
(219.0,292.0)
(417.0,292.0)
(31.0,292.0)
(417.0,292.0)
(519.0,292.0)
(314.0,292.0)
(305.0,292.0)
(212.0,292.0)
(305.0,292.0)
(305.0,292.0)
(305.0,292.0)
(297.0,292.0)
(481.0,292.0)
(305.0,292.0)
(287.0,292.0)
(85.0,292.0)
(334.0,292.0)
(287.0,292.0)
(287.0,292.0)
(212.0,292.0)
(287.0,292.0)
(645.0,292.0)
(287.0,292.0)
(417.0,292.0)
(267.0,292.0)
(380.0,292.0)
(417.0,292.0)
(323.0,292.0)
(645.0,292.0)
(362.0,292.0)
(305.0,292.0)
(305.0,292.0)
(38.0,292.0)
(287.0,292.0)
(417.0,292.0)
(298.0,292.0)
(613.0,292.0)
(395.0,292.0)
(286.0,292.0)
(645.0,292.0)
(519.0,292.0)
(481.0,292.0)
(340.0,292.0)
(417.0,292.0)
(287.0,292.0)
(38.0,292.0)
(406.0,292.0)
(354.0,292.0)
(287.0,292.0)
(305.0,292.0)
(354.0,292.0)
(287.0,292.0)
(300.0,292.0)
(45.0,292.0)
(417.0,292.0)
(417.0,292.0)
(267.0,292.0)
(380.0,292.0)
(417.0,292.0)
(347.0,292.0)
(288.0,292.0)
(288.0,292.0)
(293.0,292.0)
(288.0,292.0)
(347.0,292.0)
(303.0,292.0)
(288.0,292.0)
(288.0,292.0)
(288.0,292.0)
(347.0,292.0)
(303.0,292.0)
(652.0,292.0)
(288.0,292.0)
(288.0,292.0)
(293.0,292.0)
(652.0,292.0)
(288.0,292.0)
(288.0,292.0)
(288.0,292.0)
(303.0,292.0)
(347.0,292.0)
(652.0,292.0)
(293.0,292.0)
(303.0,292.0)
(288.0,292.0)
(347.0,292.0)
(288.0,292.0)
(297.0,292.0)
(685.0,292.0)
(293.0,292.0)
(288.0,292.0)
(303.0,292.0)
(652.0,292.0)
(347.0,292.0)
(288.0,292.0)
(303.0,292.0)
(347.0,292.0)
(347.0,292.0)
(303.0,292.0)
(288.0,292.0)
(303.0,292.0)
(347.0,292.0)
(288.0,292.0)
(347.0,292.0)
(293.0,292.0)
(288.0,292.0)
(347.0,292.0)
(288.0,292.0)
(293.0,292.0)
(288.0,292.0)
(288.0,292.0)
(347.0,292.0)
(288.0,292.0)
(293.0,292.0)
(288.0,292.0)
(288.0,292.0)
(288.0,292.0)
(288.0,292.0)
(288.0,292.0)
(347.0,292.0)
(288.0,292.0)
(288.0,292.0)
(303.0,292.0)
(347.0,292.0)
(347.0,292.0)
(347.0,292.0)
(293.0,292.0)
(288.0,292.0)
(652.0,292.0)
(347.0,292.0)
(347.0,292.0)
(293.0,292.0)
(303.0,292.0)
(288.0,292.0)
(303.0,292.0)
(303.0,292.0)
(288.0,292.0)
(347.0,292.0)
(303.0,292.0)
(347.0,292.0)
(288.0,292.0)
(288.0,292.0)
(347.0,292.0)
(288.0,292.0)
(303.0,292.0)
(293.0,292.0)
(288.0,292.0)
(288.0,292.0)
(347.0,292.0)
(347.0,292.0)
(347.0,292.0)
