(446.0,424.0)
(763.0,424.0)
(763.0,424.0)
(388.0,424.0)
(388.0,424.0)
(763.0,424.0)
(771.0,424.0)
(763.0,424.0)
(763.0,424.0)
(783.0,424.0)
(424.0,424.0)
(763.0,424.0)
(388.0,424.0)
(763.0,424.0)
(388.0,424.0)
(424.0,424.0)
(424.0,424.0)
(388.0,424.0)
(763.0,424.0)
(388.0,424.0)
(424.0,424.0)
(763.0,424.0)
(763.0,424.0)
(388.0,424.0)
(388.0,424.0)
(424.0,424.0)
(388.0,424.0)
(424.0,424.0)
(388.0,424.0)
(388.0,424.0)
(388.0,424.0)
(386.0,424.0)
(424.0,424.0)
(388.0,424.0)
(388.0,424.0)
(388.0,424.0)
(763.0,424.0)
(388.0,424.0)
(424.0,424.0)
(388.0,424.0)
(763.0,424.0)
(424.0,424.0)
(763.0,424.0)
(388.0,424.0)
(763.0,424.0)
(388.0,424.0)
(388.0,424.0)
(424.0,424.0)
(388.0,424.0)
(424.0,424.0)
(763.0,424.0)
(424.0,424.0)
(388.0,424.0)
(763.0,424.0)
(763.0,424.0)
(424.0,424.0)
(424.0,424.0)
(424.0,424.0)
(424.0,424.0)
(424.0,424.0)
(421.0,424.0)
(804.0,424.0)
(424.0,424.0)
(763.0,424.0)
(388.0,424.0)
(388.0,424.0)
(424.0,424.0)
(424.0,424.0)
(447.0,424.0)
(386.0,424.0)
(424.0,424.0)
(424.0,424.0)
(403.0,424.0)
(424.0,424.0)
(424.0,424.0)
(388.0,424.0)
(763.0,424.0)
(763.0,424.0)
(424.0,424.0)
(763.0,424.0)
(763.0,424.0)
(388.0,424.0)
(388.0,424.0)
(424.0,424.0)
(388.0,424.0)
(424.0,424.0)
(763.0,424.0)
(386.0,424.0)
(388.0,424.0)
(386.0,424.0)
(386.0,424.0)
(386.0,424.0)
(763.0,424.0)
(763.0,424.0)
(388.0,424.0)
(388.0,424.0)
(388.0,424.0)
(388.0,424.0)
(388.0,424.0)
(388.0,424.0)
(386.0,424.0)
(763.0,424.0)
(424.0,424.0)
(390.0,424.0)
(424.0,424.0)
(763.0,424.0)
(763.0,424.0)
(388.0,424.0)
(388.0,424.0)
(388.0,424.0)
(771.0,424.0)
(388.0,424.0)
(390.0,424.0)
(388.0,424.0)
(424.0,424.0)
(388.0,424.0)
(424.0,424.0)
(388.0,424.0)
(388.0,424.0)
(424.0,424.0)
(424.0,424.0)
(388.0,424.0)
(424.0,424.0)
(424.0,424.0)
(771.0,424.0)
(763.0,424.0)
(386.0,424.0)
(763.0,424.0)
(388.0,424.0)
(424.0,424.0)
(424.0,424.0)
(424.0,424.0)
(424.0,424.0)
(399.0,424.0)
(388.0,424.0)
(388.0,424.0)
(424.0,424.0)
(771.0,424.0)
(388.0,424.0)
(388.0,424.0)
(386.0,424.0)
(424.0,424.0)
(388.0,424.0)
(417.0,424.0)
(763.0,424.0)
(388.0,424.0)
(388.0,424.0)
(424.0,424.0)
(424.0,424.0)
(428.0,424.0)
(424.0,424.0)
(388.0,424.0)
(763.0,424.0)
(424.0,424.0)
(435.0,424.0)
(424.0,424.0)
(421.0,424.0)
(763.0,424.0)
(424.0,424.0)
(798.0,424.0)
(461.0,424.0)
(763.0,424.0)
(424.0,424.0)
(424.0,424.0)
(460.0,424.0)
(763.0,424.0)
(763.0,424.0)
(388.0,424.0)
(399.0,424.0)
(424.0,424.0)
(424.0,424.0)
(424.0,424.0)
(388.0,424.0)
(424.0,424.0)
(388.0,424.0)
(388.0,424.0)
(763.0,424.0)
(389.0,424.0)
(424.0,424.0)
(763.0,424.0)
(763.0,424.0)
(388.0,424.0)
(763.0,424.0)
(388.0,424.0)
(388.0,424.0)
(388.0,424.0)
(424.0,424.0)
(388.0,424.0)
(763.0,424.0)
(388.0,424.0)
(388.0,424.0)
(388.0,424.0)
(388.0,424.0)
(388.0,424.0)
(388.0,424.0)
(388.0,424.0)
(391.0,424.0)
(424.0,424.0)
(762.0,424.0)
(438.0,424.0)
(402.0,424.0)
(402.0,424.0)
(763.0,424.0)
(424.0,424.0)
(388.0,424.0)
(424.0,424.0)
(424.0,424.0)
(424.0,424.0)
(389.0,424.0)
(402.0,424.0)
(424.0,424.0)
(424.0,424.0)
(434.0,424.0)
(424.0,424.0)
(424.0,424.0)
(402.0,424.0)
(402.0,424.0)
(763.0,424.0)
(387.0,424.0)
(413.0,424.0)
(424.0,424.0)
(763.0,424.0)
(763.0,424.0)
(424.0,424.0)
(402.0,424.0)
(399.0,424.0)
(424.0,424.0)
(424.0,424.0)
(424.0,424.0)
(388.0,424.0)
(762.0,424.0)
(386.0,424.0)
(421.0,424.0)
(399.0,424.0)
(386.0,424.0)
(387.0,424.0)
(399.0,424.0)
(388.0,424.0)
(438.0,424.0)
(402.0,424.0)
(386.0,424.0)
(402.0,424.0)
(402.0,424.0)
(805.0,424.0)
(424.0,424.0)
(387.0,424.0)
(402.0,424.0)
(416.0,424.0)
(402.0,424.0)
(424.0,424.0)
(416.0,424.0)
(402.0,424.0)
(402.0,424.0)
(424.0,424.0)
(402.0,424.0)
(424.0,424.0)
(424.0,424.0)
(387.0,424.0)
(402.0,424.0)
(402.0,424.0)
(424.0,424.0)
(424.0,424.0)
(402.0,424.0)
(763.0,424.0)
(402.0,424.0)
(400.0,424.0)
(388.0,424.0)
(386.0,424.0)
(402.0,424.0)
(399.0,424.0)
(402.0,424.0)
(424.0,424.0)
(763.0,424.0)
(402.0,424.0)
(424.0,424.0)
(424.0,424.0)
(402.0,424.0)
(424.0,424.0)
(763.0,424.0)
(416.0,424.0)
(424.0,424.0)
(402.0,424.0)
(430.0,424.0)
(387.0,424.0)
(424.0,424.0)
(438.0,424.0)
(424.0,424.0)
(424.0,424.0)
(402.0,424.0)
(763.0,424.0)
(402.0,424.0)
(398.0,424.0)
(416.0,424.0)
(416.0,424.0)
(388.0,424.0)
(763.0,424.0)
(409.0,424.0)
(421.0,424.0)
(388.0,424.0)
(388.0,424.0)
(424.0,424.0)
(798.0,424.0)
(409.0,424.0)
(398.0,424.0)
(416.0,424.0)
(424.0,424.0)
(424.0,424.0)
(424.0,424.0)
(389.0,424.0)
(424.0,424.0)
(763.0,424.0)
(389.0,424.0)
(416.0,424.0)
(402.0,424.0)
(763.0,424.0)
(424.0,424.0)
(424.0,424.0)
(424.0,424.0)
(424.0,424.0)
(416.0,424.0)
(388.0,424.0)
(460.0,424.0)
(424.0,424.0)
(438.0,424.0)
(424.0,424.0)
(402.0,424.0)
(402.0,424.0)
(423.0,424.0)
(398.0,424.0)
(416.0,424.0)
(417.0,424.0)
(424.0,424.0)
(424.0,424.0)
(438.0,424.0)
(461.0,424.0)
(387.0,424.0)
(402.0,424.0)
(424.0,424.0)
(402.0,424.0)
(424.0,424.0)
(402.0,424.0)
(424.0,424.0)
(424.0,424.0)
(763.0,424.0)
(438.0,424.0)
(402.0,424.0)
(763.0,424.0)
(763.0,424.0)
(763.0,424.0)
(424.0,424.0)
(424.0,424.0)
(424.0,424.0)
(424.0,424.0)
(424.0,424.0)
(424.0,424.0)
(438.0,424.0)
(388.0,424.0)
(399.0,424.0)
(763.0,424.0)
(381.0,424.0)
(402.0,424.0)
(388.0,424.0)
(402.0,424.0)
(402.0,424.0)
(421.0,424.0)
(424.0,424.0)
(798.0,424.0)
(388.0,424.0)
(763.0,424.0)
(424.0,424.0)
(388.0,424.0)
(424.0,424.0)
(387.0,424.0)
(424.0,424.0)
(388.0,424.0)
(424.0,424.0)
(424.0,424.0)
(424.0,424.0)
(409.0,424.0)
(763.0,424.0)
(386.0,424.0)
(424.0,424.0)
(409.0,424.0)
(387.0,424.0)
(763.0,424.0)
(402.0,424.0)
(424.0,424.0)
(424.0,424.0)
(763.0,424.0)
(424.0,424.0)
(424.0,424.0)
(460.0,424.0)
(424.0,424.0)
(388.0,424.0)
(388.0,424.0)
(424.0,424.0)
(763.0,424.0)
(763.0,424.0)
(391.0,424.0)
(388.0,424.0)
(424.0,424.0)
(438.0,424.0)
(771.0,424.0)
(424.0,424.0)
(402.0,424.0)
(763.0,424.0)
(409.0,424.0)
(388.0,424.0)
(479.0,424.0)
(424.0,424.0)
(389.0,424.0)
(388.0,424.0)
(388.0,424.0)
(438.0,424.0)
(424.0,424.0)
(763.0,424.0)
(424.0,424.0)
(428.0,424.0)
(416.0,424.0)
(388.0,424.0)
(424.0,424.0)
(388.0,424.0)
(424.0,424.0)
(402.0,424.0)
(424.0,424.0)
(438.0,424.0)
(461.0,424.0)
(424.0,424.0)
(399.0,424.0)
(424.0,424.0)
(424.0,424.0)
(416.0,424.0)
(744.0,424.0)
(402.0,424.0)
(438.0,424.0)
(402.0,424.0)
(402.0,424.0)
(424.0,424.0)
(424.0,424.0)
(461.0,424.0)
(424.0,424.0)
(424.0,424.0)
(438.0,424.0)
(402.0,424.0)
(399.0,424.0)
(416.0,424.0)
(438.0,424.0)
(399.0,424.0)
(416.0,424.0)
(388.0,424.0)
(424.0,424.0)
(402.0,424.0)
(410.0,424.0)
(388.0,424.0)
(424.0,424.0)
(438.0,424.0)
(763.0,424.0)
(416.0,424.0)
(402.0,424.0)
(771.0,424.0)
(391.0,424.0)
(424.0,424.0)
(402.0,424.0)
(438.0,424.0)
(763.0,424.0)
(416.0,424.0)
(402.0,424.0)
(398.0,424.0)
(393.0,424.0)
(438.0,424.0)
(391.0,424.0)
(416.0,424.0)
(460.0,424.0)
(424.0,424.0)
(398.0,424.0)
(402.0,424.0)
(763.0,424.0)
(424.0,424.0)
(424.0,424.0)
(402.0,424.0)
(391.0,424.0)
(763.0,424.0)
(424.0,424.0)
(402.0,424.0)
(424.0,424.0)
(424.0,424.0)
(424.0,424.0)
(417.0,424.0)
(424.0,424.0)
(417.0,424.0)
(763.0,424.0)
(402.0,424.0)
(386.0,424.0)
(424.0,424.0)
(402.0,424.0)
(402.0,424.0)
(424.0,424.0)
(416.0,424.0)
(763.0,424.0)
(402.0,424.0)
(387.0,424.0)
(424.0,424.0)
(424.0,424.0)
(763.0,424.0)
(424.0,424.0)
(424.0,424.0)
(424.0,424.0)
(399.0,424.0)
(802.0,424.0)
(424.0,424.0)
(424.0,424.0)
(399.0,424.0)
(424.0,424.0)
(798.0,424.0)
(387.0,424.0)
(771.0,424.0)
(762.0,424.0)
(402.0,424.0)
(424.0,424.0)
(381.0,424.0)
(424.0,424.0)
(761.0,424.0)
(771.0,424.0)
(424.0,424.0)
(424.0,424.0)
(409.0,424.0)
(402.0,424.0)
(386.0,424.0)
(424.0,424.0)
(416.0,424.0)
(399.0,424.0)
(402.0,424.0)
(424.0,424.0)
(389.0,424.0)
(388.0,424.0)
(424.0,424.0)
(388.0,424.0)
(388.0,424.0)
(388.0,424.0)
(409.0,424.0)
(763.0,424.0)
(402.0,424.0)
(424.0,424.0)
(388.0,424.0)
(386.0,424.0)
(771.0,424.0)
(402.0,424.0)
(424.0,424.0)
(402.0,424.0)
(424.0,424.0)
(402.0,424.0)
(402.0,424.0)
(388.0,424.0)
(424.0,424.0)
(417.0,424.0)
(763.0,424.0)
(388.0,424.0)
(393.0,424.0)
(438.0,424.0)
(402.0,424.0)
(409.0,424.0)
(424.0,424.0)
(461.0,424.0)
(398.0,424.0)
(424.0,424.0)
(424.0,424.0)
(763.0,424.0)
(763.0,424.0)
(387.0,424.0)
(762.0,424.0)
(402.0,424.0)
(424.0,424.0)
(424.0,424.0)
(446.0,424.0)
(402.0,424.0)
(424.0,424.0)
(438.0,424.0)
(402.0,424.0)
(763.0,424.0)
(388.0,424.0)
(424.0,424.0)
(402.0,424.0)
(424.0,424.0)
(424.0,424.0)
(763.0,424.0)
(416.0,424.0)
(390.0,424.0)
(416.0,424.0)
(388.0,424.0)
(387.0,424.0)
(416.0,424.0)
(438.0,424.0)
(402.0,424.0)
(409.0,424.0)
(424.0,424.0)
(424.0,424.0)
(402.0,424.0)
(402.0,424.0)
(388.0,424.0)
(402.0,424.0)
(763.0,424.0)
(388.0,424.0)
(388.0,424.0)
(410.0,424.0)
(424.0,424.0)
(399.0,424.0)
(402.0,424.0)
(388.0,424.0)
(424.0,424.0)
(416.0,424.0)
(424.0,424.0)
(402.0,424.0)
(424.0,424.0)
(424.0,424.0)
(402.0,424.0)
(424.0,424.0)
(416.0,424.0)
(402.0,424.0)
(402.0,424.0)
(389.0,424.0)
(424.0,424.0)
(424.0,424.0)
(416.0,424.0)
(399.0,424.0)
(402.0,424.0)
(403.0,424.0)
(424.0,424.0)
(424.0,424.0)
(388.0,424.0)
(424.0,424.0)
(436.0,424.0)
(424.0,424.0)
(416.0,424.0)
(402.0,424.0)
(402.0,424.0)
(388.0,424.0)
(402.0,424.0)
(398.0,424.0)
(388.0,424.0)
(763.0,424.0)
(402.0,424.0)
(424.0,424.0)
(386.0,424.0)
(388.0,424.0)
(424.0,424.0)
(424.0,424.0)
(402.0,424.0)
(424.0,424.0)
(424.0,424.0)
(466.0,424.0)
(402.0,424.0)
(424.0,424.0)
(424.0,424.0)
(763.0,424.0)
(763.0,424.0)
(388.0,424.0)
(424.0,424.0)
(388.0,424.0)
(402.0,424.0)
(424.0,424.0)
(391.0,424.0)
(435.0,424.0)
(416.0,424.0)
(434.0,424.0)
(424.0,424.0)
(386.0,424.0)
(424.0,424.0)
(402.0,424.0)
(763.0,424.0)
(763.0,424.0)
(424.0,424.0)
(402.0,424.0)
(402.0,424.0)
(424.0,424.0)
(438.0,424.0)
(388.0,424.0)
(424.0,424.0)
(388.0,424.0)
(424.0,424.0)
(388.0,424.0)
(424.0,424.0)
(460.0,424.0)
(424.0,424.0)
(393.0,424.0)
(387.0,424.0)
(388.0,424.0)
(398.0,424.0)
(402.0,424.0)
(402.0,424.0)
(403.0,424.0)
(424.0,424.0)
(763.0,424.0)
(424.0,424.0)
(416.0,424.0)
(424.0,424.0)
(398.0,424.0)
(424.0,424.0)
(403.0,424.0)
(763.0,424.0)
(417.0,424.0)
(391.0,424.0)
(388.0,424.0)
(402.0,424.0)
(402.0,424.0)
(388.0,424.0)
(424.0,424.0)
(424.0,424.0)
(434.0,424.0)
(424.0,424.0)
(461.0,424.0)
(387.0,424.0)
(460.0,424.0)
(424.0,424.0)
(388.0,424.0)
(424.0,424.0)
(424.0,424.0)
(402.0,424.0)
(402.0,424.0)
(410.0,424.0)
(763.0,424.0)
(416.0,424.0)
(424.0,424.0)
(424.0,424.0)
(389.0,424.0)
(388.0,424.0)
(763.0,424.0)
(424.0,424.0)
(424.0,424.0)
(393.0,424.0)
(424.0,424.0)
(402.0,424.0)
(762.0,424.0)
(416.0,424.0)
(763.0,424.0)
(389.0,424.0)
(416.0,424.0)
(409.0,424.0)
(763.0,424.0)
(424.0,424.0)
(409.0,424.0)
(763.0,424.0)
(424.0,424.0)
(424.0,424.0)
(438.0,424.0)
(410.0,424.0)
(399.0,424.0)
(763.0,424.0)
(424.0,424.0)
(402.0,424.0)
(771.0,424.0)
(424.0,424.0)
(410.0,424.0)
(424.0,424.0)
(409.0,424.0)
(388.0,424.0)
(424.0,424.0)
(387.0,424.0)
(424.0,424.0)
(438.0,424.0)
(424.0,424.0)
(402.0,424.0)
(424.0,424.0)
(399.0,424.0)
(424.0,424.0)
(409.0,424.0)
(438.0,424.0)
(388.0,424.0)
(763.0,424.0)
(402.0,424.0)
(416.0,424.0)
(424.0,424.0)
(391.0,424.0)
(424.0,424.0)
(460.0,424.0)
(417.0,424.0)
(416.0,424.0)
(424.0,424.0)
(424.0,424.0)
(763.0,424.0)
(424.0,424.0)
(402.0,424.0)
(424.0,424.0)
(416.0,424.0)
(388.0,424.0)
(388.0,424.0)
(389.0,424.0)
(403.0,424.0)
(424.0,424.0)
(417.0,424.0)
(388.0,424.0)
(388.0,424.0)
(402.0,424.0)
(466.0,424.0)
(399.0,424.0)
(434.0,424.0)
(424.0,424.0)
(388.0,424.0)
(410.0,424.0)
(391.0,424.0)
(424.0,424.0)
(421.0,424.0)
(416.0,424.0)
(416.0,424.0)
(387.0,424.0)
(424.0,424.0)
(763.0,424.0)
(471.0,424.0)
(402.0,424.0)
(417.0,424.0)
(417.0,424.0)
(402.0,424.0)
(424.0,424.0)
(762.0,424.0)
(762.0,424.0)
(762.0,424.0)
(424.0,424.0)
(402.0,424.0)
(416.0,424.0)
(402.0,424.0)
(388.0,424.0)
(402.0,424.0)
(424.0,424.0)
(424.0,424.0)
(424.0,424.0)
(424.0,424.0)
(402.0,424.0)
(763.0,424.0)
(388.0,424.0)
(388.0,424.0)
(424.0,424.0)
(402.0,424.0)
(424.0,424.0)
(424.0,424.0)
(424.0,424.0)
(402.0,424.0)
(424.0,424.0)
(389.0,424.0)
(424.0,424.0)
(402.0,424.0)
(391.0,424.0)
(424.0,424.0)
(388.0,424.0)
(771.0,424.0)
(424.0,424.0)
(402.0,424.0)
(434.0,424.0)
(386.0,424.0)
(402.0,424.0)
(424.0,424.0)
(402.0,424.0)
(434.0,424.0)
(424.0,424.0)
(416.0,424.0)
(424.0,424.0)
(402.0,424.0)
(388.0,424.0)
(430.0,424.0)
(416.0,424.0)
(424.0,424.0)
(424.0,424.0)
(402.0,424.0)
(388.0,424.0)
(402.0,424.0)
(771.0,424.0)
(386.0,424.0)
(424.0,424.0)
(424.0,424.0)
(424.0,424.0)
(461.0,424.0)
(389.0,424.0)
(424.0,424.0)
(424.0,424.0)
(402.0,424.0)
(763.0,424.0)
(388.0,424.0)
(416.0,424.0)
(402.0,424.0)
(424.0,424.0)
(424.0,424.0)
(424.0,424.0)
(424.0,424.0)
(402.0,424.0)
(388.0,424.0)
(386.0,424.0)
(424.0,424.0)
(763.0,424.0)
(424.0,424.0)
(402.0,424.0)
(402.0,424.0)
(402.0,424.0)
(460.0,424.0)
(424.0,424.0)
(399.0,424.0)
(761.0,424.0)
(424.0,424.0)
(388.0,424.0)
(763.0,424.0)
(424.0,424.0)
(399.0,424.0)
(424.0,424.0)
(399.0,424.0)
(466.0,424.0)
(402.0,424.0)
(402.0,424.0)
(424.0,424.0)
(424.0,424.0)
(402.0,424.0)
(402.0,424.0)
(424.0,424.0)
(409.0,424.0)
(424.0,424.0)
(424.0,424.0)
(438.0,424.0)
(424.0,424.0)
(424.0,424.0)
(424.0,424.0)
(402.0,424.0)
(438.0,424.0)
(402.0,424.0)
(438.0,424.0)
(424.0,424.0)
(402.0,424.0)
(759.0,424.0)
(399.0,424.0)
(388.0,424.0)
(421.0,424.0)
(416.0,424.0)
(393.0,424.0)
(424.0,424.0)
(424.0,424.0)
(416.0,424.0)
(438.0,424.0)
(409.0,424.0)
(388.0,424.0)
(402.0,424.0)
(388.0,424.0)
(402.0,424.0)
(763.0,424.0)
(424.0,424.0)
(424.0,424.0)
(763.0,424.0)
(424.0,424.0)
(424.0,424.0)
(389.0,424.0)
(763.0,424.0)
(763.0,424.0)
(402.0,424.0)
(402.0,424.0)
(402.0,424.0)
(410.0,424.0)
(416.0,424.0)
(402.0,424.0)
(389.0,424.0)
(386.0,424.0)
(424.0,424.0)
(798.0,424.0)
(424.0,424.0)
(398.0,424.0)
(402.0,430.0)
(771.0,430.0)
(387.0,430.0)
(423.0,430.0)
(402.0,430.0)
(416.0,430.0)
(430.0,430.0)
(430.0,430.0)
(402.0,430.0)
(430.0,430.0)
(430.0,430.0)
(387.0,430.0)
(416.0,430.0)
(387.0,430.0)
(434.0,430.0)
(417.0,430.0)
(416.0,430.0)
(438.0,430.0)
(387.0,430.0)
(430.0,430.0)
(387.0,430.0)
(438.0,430.0)
(402.0,430.0)
(412.0,430.0)
(402.0,430.0)
(430.0,430.0)
(430.0,430.0)
(389.0,430.0)
(402.0,430.0)
(430.0,430.0)
(430.0,430.0)
(438.0,430.0)
(438.0,430.0)
(402.0,430.0)
(417.0,430.0)
(387.0,430.0)
(430.0,430.0)
(387.0,430.0)
(402.0,430.0)
(387.0,430.0)
(430.0,430.0)
(402.0,430.0)
(402.0,430.0)
(430.0,430.0)
(387.0,430.0)
(430.0,430.0)
(430.0,430.0)
(387.0,430.0)
(399.0,430.0)
(402.0,430.0)
(409.0,430.0)
(402.0,430.0)
(438.0,430.0)
(387.0,430.0)
(438.0,430.0)
(438.0,430.0)
(387.0,430.0)
(402.0,430.0)
(430.0,430.0)
(430.0,430.0)
(430.0,430.0)
(402.0,430.0)
(430.0,430.0)
(771.0,430.0)
(430.0,430.0)
(430.0,430.0)
(412.0,430.0)
(438.0,430.0)
(402.0,430.0)
(430.0,430.0)
(402.0,430.0)
(430.0,430.0)
(438.0,430.0)
(430.0,430.0)
(389.0,430.0)
(30.0,430.0)
(466.0,430.0)
(402.0,430.0)
(438.0,430.0)
(402.0,430.0)
(402.0,430.0)
(402.0,430.0)
(402.0,430.0)
(438.0,430.0)
(402.0,430.0)
(409.0,430.0)
(387.0,430.0)
(417.0,430.0)
(402.0,430.0)
(403.0,430.0)
(387.0,430.0)
(763.0,430.0)
(466.0,430.0)
(438.0,430.0)
(387.0,430.0)
(402.0,430.0)
(423.0,430.0)
(430.0,430.0)
(430.0,430.0)
(402.0,430.0)
(423.0,430.0)
(448.0,430.0)
(422.0,430.0)
(402.0,430.0)
(438.0,430.0)
(412.0,430.0)
(375.0,430.0)
(402.0,430.0)
(387.0,430.0)
(424.0,430.0)
(402.0,430.0)
(421.0,430.0)
(421.0,430.0)
(387.0,430.0)
(387.0,430.0)
(430.0,430.0)
(403.0,430.0)
(430.0,430.0)
(430.0,430.0)
(430.0,430.0)
(402.0,430.0)
(402.0,430.0)
(398.0,430.0)
(438.0,430.0)
(387.0,430.0)
(402.0,430.0)
(387.0,430.0)
(387.0,430.0)
(438.0,430.0)
(430.0,430.0)
(430.0,430.0)
(402.0,430.0)
(402.0,430.0)
(387.0,430.0)
(402.0,430.0)
(438.0,430.0)
(402.0,430.0)
(402.0,430.0)
(430.0,430.0)
(430.0,430.0)
(430.0,430.0)
(771.0,430.0)
(438.0,430.0)
(391.0,430.0)
(402.0,430.0)
(438.0,430.0)
(430.0,430.0)
(402.0,430.0)
(438.0,430.0)
(399.0,430.0)
(402.0,430.0)
(403.0,430.0)
(782.0,430.0)
(387.0,430.0)
(387.0,430.0)
(402.0,430.0)
(402.0,430.0)
(438.0,430.0)
(389.0,430.0)
(402.0,430.0)
(387.0,430.0)
(402.0,430.0)
(438.0,430.0)
(402.0,430.0)
(460.0,430.0)
(430.0,430.0)
(424.0,430.0)
(430.0,430.0)
(430.0,430.0)
(430.0,430.0)
(430.0,430.0)
(402.0,430.0)
(399.0,430.0)
(430.0,430.0)
(423.0,430.0)
(387.0,430.0)
(438.0,430.0)
(438.0,430.0)
(424.0,430.0)
(430.0,430.0)
(422.0,430.0)
(399.0,430.0)
(430.0,430.0)
(402.0,430.0)
(438.0,430.0)
(402.0,430.0)
(402.0,430.0)
(430.0,430.0)
(402.0,430.0)
(387.0,430.0)
(402.0,430.0)
(430.0,430.0)
(387.0,430.0)
(387.0,430.0)
(438.0,430.0)
(402.0,430.0)
(399.0,430.0)
(402.0,430.0)
(771.0,430.0)
(386.0,430.0)
(430.0,430.0)
(430.0,430.0)
(423.0,430.0)
(430.0,430.0)
(430.0,430.0)
(402.0,430.0)
(386.0,430.0)
(424.0,430.0)
(424.0,430.0)
(461.0,430.0)
(424.0,430.0)
(771.0,430.0)
(402.0,430.0)
(424.0,430.0)
(402.0,430.0)
(421.0,430.0)
(430.0,430.0)
(430.0,430.0)
(771.0,430.0)
(384.0,430.0)
(446.0,430.0)
(402.0,430.0)
(771.0,430.0)
(424.0,430.0)
(430.0,430.0)
(771.0,430.0)
(471.0,430.0)
(771.0,430.0)
(430.0,430.0)
(430.0,430.0)
(430.0,430.0)
(771.0,430.0)
(430.0,430.0)
(430.0,430.0)
(402.0,430.0)
(430.0,430.0)
(399.0,430.0)
(402.0,430.0)
(430.0,430.0)
(430.0,430.0)
(387.0,430.0)
(430.0,430.0)
(386.0,430.0)
(424.0,430.0)
(430.0,430.0)
(430.0,430.0)
(430.0,430.0)
(424.0,430.0)
(430.0,430.0)
(430.0,430.0)
(436.0,430.0)
(430.0,430.0)
(783.0,430.0)
(430.0,430.0)
(430.0,430.0)
(430.0,430.0)
(403.0,430.0)
(783.0,430.0)
(784.0,430.0)
(771.0,430.0)
(430.0,430.0)
(455.0,430.0)
(422.0,430.0)
(430.0,430.0)
(423.0,430.0)
(434.0,430.0)
(430.0,430.0)
(430.0,430.0)
(402.0,430.0)
(430.0,430.0)
(455.0,430.0)
(430.0,430.0)
(402.0,430.0)
(402.0,430.0)
(402.0,430.0)
(430.0,430.0)
(430.0,430.0)
(771.0,430.0)
(402.0,430.0)
(402.0,430.0)
(434.0,430.0)
(424.0,430.0)
(744.0,430.0)
(402.0,430.0)
(763.0,430.0)
(430.0,430.0)
(782.0,430.0)
(423.0,430.0)
(430.0,430.0)
(386.0,430.0)
(402.0,430.0)
(402.0,430.0)
(402.0,430.0)
(430.0,430.0)
(424.0,430.0)
(435.0,430.0)
(430.0,430.0)
(434.0,430.0)
(430.0,430.0)
(402.0,430.0)
(430.0,430.0)
(464.0,430.0)
(384.0,430.0)
(424.0,430.0)
(402.0,430.0)
(387.0,430.0)
(402.0,430.0)
(430.0,430.0)
(430.0,430.0)
(430.0,430.0)
(422.0,430.0)
(430.0,430.0)
(402.0,430.0)
(424.0,430.0)
(434.0,430.0)
(771.0,430.0)
(430.0,430.0)
(402.0,430.0)
(430.0,430.0)
(771.0,430.0)
(430.0,430.0)
(386.0,430.0)
(430.0,430.0)
(430.0,430.0)
(430.0,430.0)
(464.0,430.0)
(424.0,430.0)
(430.0,430.0)
(430.0,430.0)
(430.0,430.0)
(430.0,430.0)
(388.0,430.0)
(771.0,430.0)
(402.0,430.0)
(430.0,430.0)
(386.0,430.0)
(384.0,430.0)
(402.0,430.0)
(402.0,430.0)
(402.0,430.0)
(434.0,430.0)
(771.0,430.0)
(402.0,430.0)
(430.0,430.0)
(424.0,430.0)
(448.0,430.0)
(430.0,430.0)
(432.0,430.0)
(430.0,430.0)
(430.0,430.0)
(430.0,430.0)
(402.0,430.0)
(430.0,430.0)
(402.0,430.0)
(464.0,430.0)
(402.0,430.0)
(421.0,430.0)
(402.0,430.0)
(386.0,430.0)
(402.0,430.0)
(464.0,430.0)
(403.0,430.0)
(430.0,430.0)
(421.0,430.0)
(402.0,430.0)
(424.0,430.0)
(430.0,430.0)
(430.0,430.0)
(430.0,430.0)
(430.0,430.0)
(387.0,430.0)
(771.0,430.0)
(430.0,430.0)
(430.0,430.0)
(386.0,430.0)
(429.0,430.0)
(430.0,430.0)
(424.0,430.0)
(424.0,430.0)
(464.0,430.0)
(466.0,430.0)
(771.0,430.0)
(417.0,430.0)
(430.0,430.0)
(771.0,430.0)
(424.0,430.0)
(430.0,430.0)
(430.0,430.0)
(430.0,430.0)
(387.0,430.0)
(430.0,430.0)
(430.0,430.0)
(430.0,430.0)
(387.0,430.0)
(402.0,430.0)
(430.0,430.0)
(402.0,430.0)
(412.0,430.0)
(430.0,430.0)
(434.0,430.0)
(771.0,430.0)
(459.0,430.0)
(434.0,430.0)
(430.0,430.0)
(387.0,430.0)
(763.0,430.0)
(413.0,430.0)
(402.0,430.0)
(430.0,430.0)
(387.0,430.0)
(424.0,430.0)
(430.0,430.0)
(402.0,430.0)
(430.0,430.0)
(430.0,430.0)
(399.0,430.0)
(424.0,430.0)
(422.0,430.0)
(782.0,430.0)
(788.0,430.0)
(466.0,430.0)
(387.0,430.0)
(430.0,430.0)
(416.0,430.0)
(402.0,430.0)
(391.0,430.0)
(424.0,430.0)
(430.0,430.0)
(438.0,430.0)
(402.0,430.0)
(402.0,430.0)
(402.0,430.0)
(434.0,430.0)
(438.0,430.0)
(402.0,430.0)
(416.0,430.0)
(423.0,430.0)
(424.0,430.0)
(430.0,430.0)
(430.0,430.0)
(430.0,430.0)
(402.0,430.0)
(402.0,430.0)
(402.0,430.0)
(387.0,430.0)
(402.0,430.0)
(417.0,430.0)
(430.0,430.0)
(771.0,430.0)
(402.0,430.0)
(402.0,430.0)
(423.0,430.0)
(423.0,430.0)
(402.0,430.0)
(423.0,430.0)
(423.0,430.0)
(430.0,430.0)
(387.0,430.0)
(402.0,430.0)
(438.0,430.0)
(424.0,430.0)
(423.0,430.0)
(430.0,430.0)
(402.0,430.0)
(771.0,430.0)
(387.0,430.0)
(429.0,430.0)
(430.0,430.0)
(402.0,430.0)
(430.0,430.0)
(402.0,430.0)
(413.0,430.0)
(430.0,430.0)
(402.0,430.0)
(782.0,430.0)
(430.0,430.0)
(402.0,430.0)
(402.0,430.0)
(402.0,430.0)
(430.0,430.0)
(402.0,430.0)
(430.0,430.0)
(402.0,430.0)
(402.0,430.0)
(424.0,430.0)
(387.0,430.0)
(430.0,430.0)
(430.0,430.0)
(402.0,430.0)
(402.0,430.0)
(402.0,430.0)
(412.0,430.0)
(430.0,430.0)
(430.0,430.0)
(763.0,430.0)
(387.0,430.0)
(402.0,430.0)
(402.0,430.0)
(763.0,430.0)
(771.0,430.0)
(771.0,430.0)
(398.0,430.0)
(430.0,430.0)
(402.0,430.0)
(423.0,430.0)
(402.0,430.0)
(434.0,430.0)
(416.0,430.0)
(387.0,430.0)
(438.0,430.0)
(424.0,430.0)
(430.0,430.0)
(424.0,430.0)
(424.0,430.0)
(430.0,430.0)
(402.0,430.0)
(461.0,430.0)
(434.0,430.0)
(387.0,430.0)
(430.0,430.0)
(422.0,430.0)
(402.0,430.0)
(430.0,430.0)
(422.0,430.0)
(402.0,430.0)
(402.0,430.0)
(402.0,430.0)
(438.0,430.0)
(430.0,430.0)
(387.0,430.0)
(423.0,430.0)
(430.0,430.0)
(402.0,430.0)
(402.0,430.0)
(398.0,430.0)
(402.0,430.0)
(430.0,430.0)
(430.0,430.0)
(402.0,430.0)
(387.0,430.0)
(430.0,430.0)
(402.0,430.0)
(771.0,430.0)
(434.0,430.0)
(446.0,430.0)
(387.0,430.0)
(391.0,430.0)
(434.0,430.0)
(483.0,430.0)
(430.0,430.0)
(402.0,430.0)
(413.0,430.0)
(421.0,430.0)
(434.0,430.0)
(405.0,430.0)
(434.0,430.0)
(430.0,430.0)
(389.0,430.0)
(402.0,430.0)
(430.0,430.0)
(430.0,430.0)
(412.0,430.0)
(388.0,430.0)
(402.0,430.0)
(430.0,430.0)
(434.0,430.0)
(402.0,430.0)
(430.0,430.0)
(430.0,430.0)
(430.0,430.0)
(430.0,430.0)
(402.0,430.0)
(412.0,430.0)
(416.0,430.0)
(430.0,430.0)
(402.0,430.0)
(771.0,430.0)
(430.0,430.0)
(402.0,430.0)
(430.0,430.0)
(423.0,430.0)
(423.0,430.0)
(430.0,430.0)
(412.0,430.0)
(430.0,430.0)
(389.0,430.0)
(381.0,430.0)
(430.0,430.0)
(402.0,430.0)
(402.0,430.0)
(430.0,430.0)
(402.0,430.0)
(402.0,430.0)
(402.0,430.0)
(417.0,430.0)
(402.0,430.0)
(387.0,430.0)
(387.0,430.0)
(434.0,430.0)
(434.0,430.0)
(402.0,430.0)
(434.0,430.0)
(399.0,430.0)
(438.0,430.0)
(402.0,430.0)
(402.0,430.0)
(402.0,430.0)
(402.0,430.0)
(387.0,430.0)
(430.0,430.0)
(387.0,430.0)
(771.0,430.0)
(438.0,430.0)
(387.0,430.0)
(402.0,430.0)
(402.0,430.0)
(402.0,430.0)
(387.0,430.0)
(402.0,430.0)
(430.0,430.0)
(438.0,430.0)
(399.0,430.0)
(430.0,430.0)
(387.0,430.0)
(399.0,430.0)
(430.0,430.0)
(387.0,430.0)
(402.0,430.0)
(402.0,430.0)
(402.0,430.0)
(434.0,430.0)
(399.0,430.0)
(402.0,430.0)
(430.0,430.0)
(430.0,430.0)
(423.0,430.0)
(430.0,430.0)
(387.0,430.0)
(245.0,430.0)
(402.0,430.0)
(423.0,430.0)
(438.0,430.0)
(771.0,430.0)
(430.0,430.0)
(438.0,430.0)
(402.0,430.0)
(399.0,430.0)
(416.0,430.0)
(430.0,430.0)
(434.0,430.0)
(434.0,430.0)
(430.0,430.0)
(430.0,430.0)
(387.0,430.0)
(430.0,430.0)
(402.0,430.0)
(434.0,430.0)
(438.0,430.0)
(771.0,430.0)
(387.0,430.0)
(519.0,430.0)
(763.0,430.0)
(430.0,430.0)
(405.0,430.0)
(402.0,430.0)
(430.0,430.0)
(438.0,430.0)
(430.0,430.0)
(430.0,430.0)
(430.0,430.0)
(402.0,430.0)
(430.0,430.0)
(412.0,430.0)
(402.0,430.0)
(423.0,430.0)
(424.0,430.0)
(389.0,430.0)
(430.0,430.0)
(399.0,430.0)
(430.0,430.0)
(771.0,430.0)
(424.0,430.0)
(402.0,430.0)
(768.0,430.0)
(430.0,430.0)
(430.0,430.0)
(771.0,430.0)
(402.0,430.0)
(424.0,430.0)
(430.0,430.0)
(423.0,430.0)
(402.0,430.0)
(399.0,430.0)
(421.0,430.0)
(430.0,430.0)
(402.0,430.0)
(403.0,430.0)
(402.0,430.0)
(417.0,430.0)
(387.0,430.0)
(387.0,430.0)
(448.0,430.0)
(402.0,430.0)
(402.0,430.0)
(402.0,430.0)
(430.0,430.0)
(438.0,430.0)
(389.0,430.0)
(399.0,430.0)
(430.0,430.0)
(430.0,430.0)
(402.0,430.0)
(402.0,430.0)
(402.0,430.0)
(402.0,430.0)
(387.0,430.0)
(434.0,430.0)
(438.0,430.0)
(402.0,430.0)
(412.0,430.0)
(402.0,430.0)
(430.0,430.0)
(402.0,430.0)
(430.0,430.0)
(402.0,430.0)
(430.0,430.0)
(430.0,430.0)
(402.0,430.0)
(434.0,430.0)
(387.0,430.0)
(423.0,430.0)
(461.0,430.0)
(402.0,430.0)
(400.0,430.0)
(430.0,430.0)
(423.0,430.0)
(387.0,430.0)
(387.0,430.0)
(438.0,430.0)
(402.0,430.0)
(399.0,430.0)
(417.0,430.0)
(402.0,430.0)
(402.0,430.0)
(387.0,430.0)
(402.0,430.0)
(430.0,430.0)
(387.0,430.0)
(402.0,430.0)
(402.0,430.0)
(402.0,430.0)
(430.0,430.0)
(402.0,430.0)
(430.0,430.0)
(434.0,430.0)
(519.0,430.0)
(461.0,430.0)
(763.0,430.0)
(402.0,430.0)
(438.0,430.0)
(430.0,430.0)
(430.0,430.0)
(416.0,430.0)
(438.0,430.0)
(402.0,430.0)
(399.0,430.0)
(427.0,430.0)
(771.0,430.0)
(430.0,430.0)
(402.0,430.0)
(423.0,430.0)
(402.0,430.0)
(387.0,430.0)
(430.0,430.0)
(438.0,430.0)
(448.0,430.0)
(530.0,430.0)
(402.0,430.0)
(402.0,430.0)
(430.0,430.0)
(402.0,430.0)
(430.0,430.0)
(402.0,430.0)
(402.0,430.0)
(438.0,430.0)
(438.0,430.0)
(438.0,430.0)
(402.0,430.0)
(387.0,430.0)
(387.0,430.0)
(438.0,430.0)
(388.0,430.0)
(424.0,430.0)
(448.0,430.0)
(438.0,430.0)
(423.0,430.0)
(784.0,430.0)
(430.0,430.0)
(438.0,430.0)
(438.0,430.0)
(402.0,430.0)
(402.0,430.0)
(403.0,430.0)
(438.0,430.0)
(402.0,430.0)
(402.0,430.0)
(430.0,430.0)
(402.0,430.0)
(430.0,430.0)
(430.0,430.0)
(389.0,430.0)
(402.0,430.0)
(402.0,430.0)
(402.0,430.0)
(423.0,430.0)
(430.0,430.0)
(403.0,430.0)
(438.0,430.0)
(402.0,430.0)
(771.0,430.0)
(438.0,430.0)
(402.0,430.0)
(400.0,430.0)
(409.0,430.0)
(771.0,430.0)
(399.0,430.0)
(430.0,430.0)
(417.0,430.0)
(436.0,430.0)
(430.0,430.0)
(423.0,430.0)
(438.0,430.0)
(430.0,430.0)
(402.0,430.0)
(438.0,430.0)
(438.0,430.0)
(430.0,430.0)
(438.0,430.0)
(434.0,430.0)
(430.0,430.0)
(414.0,430.0)
(434.0,430.0)
(438.0,430.0)
(430.0,430.0)
(402.0,430.0)
(438.0,430.0)
(402.0,430.0)
(430.0,430.0)
(402.0,430.0)
(409.0,430.0)
(460.0,430.0)
(430.0,430.0)
(402.0,430.0)
(430.0,430.0)
(402.0,430.0)
(744.0,430.0)
(423.0,430.0)
(438.0,430.0)
(389.0,430.0)
(438.0,430.0)
(399.0,430.0)
(438.0,430.0)
(402.0,430.0)
(438.0,430.0)
(438.0,430.0)
(389.0,430.0)
(402.0,430.0)
(412.0,430.0)
(409.0,430.0)
(438.0,430.0)
(430.0,430.0)
(424.0,430.0)
(438.0,430.0)
(438.0,430.0)
(430.0,430.0)
(438.0,430.0)
(438.0,430.0)
(438.0,430.0)
(438.0,430.0)
(402.0,430.0)
(402.0,430.0)
(424.0,430.0)
(438.0,430.0)
(430.0,430.0)
(430.0,430.0)
(387.0,430.0)
(387.0,430.0)
(410.0,430.0)
(434.0,430.0)
(402.0,430.0)
(438.0,430.0)
(438.0,430.0)
(424.0,430.0)
(402.0,430.0)
(402.0,430.0)
(387.0,430.0)
(389.0,430.0)
(399.0,430.0)
(436.0,430.0)
(402.0,430.0)
(430.0,430.0)
(416.0,430.0)
(765.0,430.0)
(430.0,430.0)
(430.0,430.0)
(422.0,430.0)
(430.0,430.0)
(399.0,430.0)
(430.0,430.0)
(402.0,430.0)
(387.0,430.0)
(438.0,430.0)
(771.0,430.0)
(438.0,430.0)
(402.0,430.0)
(430.0,430.0)
(438.0,430.0)
(430.0,430.0)
(438.0,430.0)
(424.0,430.0)
(438.0,430.0)
(402.0,430.0)
(402.0,430.0)
(412.0,430.0)
(423.0,430.0)
(402.0,430.0)
(402.0,430.0)
(424.0,430.0)
(430.0,430.0)
(438.0,430.0)
(430.0,430.0)
(402.0,430.0)
(381.0,430.0)
(438.0,430.0)
(402.0,430.0)
(424.0,430.0)
(402.0,430.0)
(389.0,430.0)
(400.0,430.0)
(438.0,430.0)
(416.0,430.0)
(434.0,430.0)
(412.0,430.0)
(430.0,430.0)
(434.0,430.0)
(430.0,430.0)
(423.0,430.0)
(430.0,430.0)
(438.0,430.0)
(430.0,430.0)
(387.0,430.0)
(389.0,430.0)
(387.0,430.0)
(424.0,430.0)
(438.0,430.0)
(771.0,430.0)
(402.0,430.0)
(414.0,430.0)
(417.0,430.0)
(438.0,430.0)
(438.0,430.0)
(387.0,430.0)
(434.0,430.0)
(402.0,430.0)
(402.0,430.0)
(438.0,430.0)
(389.0,430.0)
(416.0,430.0)
(399.0,430.0)
(402.0,430.0)
(430.0,430.0)
(430.0,430.0)
(438.0,430.0)
(417.0,430.0)
(430.0,430.0)
(759.0,430.0)
(448.0,430.0)
(438.0,430.0)
(438.0,430.0)
(387.0,430.0)
(412.0,430.0)
(423.0,430.0)
(430.0,430.0)
(438.0,430.0)
(402.0,430.0)
(402.0,430.0)
(438.0,430.0)
(438.0,430.0)
(402.0,430.0)
(402.0,430.0)
(429.0,430.0)
(430.0,430.0)
(430.0,430.0)
(402.0,430.0)
(402.0,430.0)
(438.0,430.0)
(399.0,430.0)
(530.0,430.0)
(430.0,430.0)
(438.0,430.0)
(402.0,430.0)
(402.0,430.0)
(402.0,430.0)
(402.0,430.0)
(430.0,430.0)
(402.0,430.0)
(399.0,430.0)
(402.0,430.0)
(438.0,430.0)
(402.0,430.0)
(402.0,430.0)
(412.0,430.0)
(412.0,430.0)
(430.0,430.0)
(402.0,430.0)
(434.0,430.0)
(438.0,430.0)
(402.0,430.0)
(423.0,430.0)
(438.0,430.0)
(438.0,430.0)
(416.0,430.0)
(424.0,430.0)
(438.0,430.0)
(402.0,430.0)
(424.0,430.0)
(430.0,430.0)
(417.0,430.0)
(414.0,430.0)
(438.0,430.0)
(438.0,430.0)
(387.0,430.0)
(402.0,430.0)
(430.0,430.0)
(430.0,430.0)
(387.0,430.0)
(402.0,430.0)
(423.0,430.0)
(430.0,430.0)
(402.0,430.0)
(402.0,430.0)
(399.0,430.0)
(448.0,430.0)
(387.0,430.0)
(402.0,430.0)
(430.0,430.0)
(402.0,430.0)
(438.0,430.0)
(387.0,430.0)
(430.0,430.0)
(424.0,430.0)
(438.0,430.0)
(438.0,430.0)
(402.0,430.0)
(438.0,430.0)
(430.0,430.0)
(438.0,430.0)
(438.0,430.0)
(387.0,430.0)
(438.0,430.0)
(402.0,430.0)
(430.0,430.0)
(438.0,430.0)
(460.0,430.0)
(414.0,430.0)
(387.0,430.0)
(402.0,430.0)
(412.0,430.0)
(438.0,430.0)
(402.0,430.0)
(438.0,430.0)
(402.0,430.0)
(387.0,430.0)
(438.0,430.0)
(387.0,430.0)
(402.0,430.0)
(438.0,430.0)
(402.0,430.0)
(464.0,430.0)
(402.0,430.0)
(387.0,430.0)
(438.0,430.0)
(387.0,430.0)
(438.0,430.0)
(448.0,430.0)
(423.0,430.0)
(438.0,430.0)
(402.0,430.0)
(423.0,430.0)
(438.0,430.0)
(430.0,430.0)
(402.0,430.0)
(402.0,430.0)
(387.0,430.0)
(402.0,430.0)
(423.0,430.0)
(402.0,430.0)
(389.0,430.0)
(402.0,430.0)
(387.0,430.0)
(430.0,430.0)
(402.0,430.0)
(438.0,430.0)
(438.0,430.0)
(423.0,430.0)
(448.0,430.0)
(416.0,430.0)
(438.0,430.0)
(782.0,430.0)
(430.0,430.0)
(430.0,430.0)
(402.0,430.0)
(389.0,430.0)
(430.0,430.0)
(402.0,430.0)
(438.0,430.0)
(430.0,430.0)
(438.0,430.0)
(438.0,430.0)
(387.0,430.0)
(387.0,430.0)
(438.0,430.0)
(402.0,430.0)
(438.0,430.0)
(402.0,430.0)
(402.0,430.0)
(414.0,430.0)
(429.0,430.0)
(438.0,430.0)
(402.0,430.0)
(402.0,430.0)
(438.0,430.0)
(430.0,430.0)
(430.0,430.0)
(438.0,430.0)
(402.0,430.0)
(424.0,430.0)
(438.0,430.0)
(464.0,430.0)
(402.0,430.0)
(402.0,430.0)
(430.0,430.0)
(438.0,430.0)
(438.0,430.0)
(749.0,430.0)
(460.0,430.0)
(402.0,430.0)
(428.0,430.0)
(430.0,430.0)
(402.0,430.0)
(438.0,430.0)
(771.0,430.0)
(771.0,430.0)
(402.0,430.0)
(424.0,430.0)
(402.0,430.0)
(464.0,430.0)
(423.0,430.0)
(402.0,430.0)
(399.0,430.0)
(438.0,430.0)
(448.0,430.0)
(471.0,430.0)
(438.0,430.0)
(402.0,430.0)
(402.0,430.0)
(387.0,430.0)
(402.0,430.0)
(771.0,430.0)
(430.0,430.0)
(438.0,430.0)
(438.0,430.0)
(438.0,430.0)
(391.0,430.0)
(430.0,430.0)
(391.0,430.0)
(412.0,430.0)
(430.0,430.0)
(423.0,430.0)
(387.0,430.0)
(430.0,430.0)
(434.0,430.0)
(430.0,430.0)
(424.0,430.0)
(423.0,430.0)
(434.0,430.0)
(399.0,430.0)
(402.0,430.0)
(399.0,430.0)
(438.0,430.0)
(399.0,430.0)
(429.0,430.0)
(468.0,430.0)
(430.0,430.0)
(402.0,430.0)
(413.0,430.0)
(430.0,430.0)
(430.0,430.0)
(461.0,430.0)
(389.0,430.0)
(389.0,430.0)
(430.0,430.0)
(469.0,430.0)
(430.0,430.0)
(430.0,430.0)
(423.0,430.0)
(430.0,430.0)
(402.0,430.0)
(771.0,430.0)
(399.0,430.0)
(399.0,430.0)
(430.0,430.0)
(402.0,430.0)
(430.0,430.0)
(434.0,430.0)
(430.0,430.0)
(399.0,430.0)
(430.0,430.0)
(430.0,430.0)
(399.0,430.0)
(399.0,430.0)
(399.0,430.0)
(413.0,430.0)
(423.0,430.0)
(430.0,430.0)
(389.0,430.0)
(391.0,430.0)
(430.0,430.0)
(389.0,430.0)
(399.0,430.0)
(399.0,430.0)
(389.0,430.0)
(391.0,430.0)
(391.0,430.0)
(430.0,430.0)
(430.0,430.0)
(471.0,430.0)
(430.0,430.0)
(771.0,430.0)
(430.0,430.0)
(430.0,430.0)
(430.0,430.0)
(430.0,430.0)
(402.0,430.0)
(434.0,430.0)
(402.0,430.0)
(430.0,430.0)
(430.0,430.0)
(384.0,430.0)
(389.0,430.0)
(412.0,430.0)
(430.0,430.0)
(413.0,430.0)
(430.0,430.0)
(430.0,430.0)
(430.0,430.0)
(399.0,430.0)
(398.0,430.0)
(423.0,430.0)
(389.0,430.0)
(399.0,430.0)
(387.0,430.0)
(384.0,430.0)
(424.0,430.0)
(399.0,430.0)
(402.0,430.0)
(784.0,430.0)
(424.0,430.0)
(471.0,430.0)
(430.0,430.0)
(430.0,430.0)
(402.0,430.0)
(389.0,430.0)
(430.0,430.0)
(430.0,430.0)
(430.0,430.0)
(430.0,430.0)
(402.0,430.0)
(430.0,430.0)
(756.0,430.0)
(424.0,430.0)
(430.0,430.0)
(387.0,430.0)
(430.0,430.0)
(389.0,430.0)
(402.0,430.0)
(399.0,430.0)
(399.0,430.0)
(389.0,430.0)
(469.0,430.0)
(430.0,430.0)
(430.0,430.0)
(430.0,430.0)
(413.0,430.0)
(461.0,430.0)
(430.0,430.0)
(423.0,430.0)
(430.0,430.0)
(391.0,430.0)
(430.0,430.0)
(423.0,430.0)
(423.0,430.0)
(430.0,430.0)
(430.0,430.0)
(430.0,430.0)
(430.0,430.0)
(430.0,430.0)
(430.0,430.0)
(423.0,430.0)
(430.0,430.0)
(399.0,430.0)
(413.0,430.0)
(430.0,430.0)
(430.0,430.0)
(389.0,430.0)
(430.0,430.0)
(413.0,430.0)
(391.0,430.0)
(399.0,430.0)
(414.0,430.0)
(402.0,430.0)
(430.0,430.0)
(430.0,430.0)
(389.0,430.0)
(430.0,430.0)
(430.0,430.0)
(430.0,430.0)
(424.0,430.0)
(430.0,430.0)
(430.0,430.0)
(399.0,430.0)
(430.0,430.0)
(399.0,430.0)
(399.0,430.0)
(389.0,430.0)
(399.0,430.0)
(399.0,430.0)
(387.0,430.0)
(389.0,430.0)
(399.0,430.0)
(430.0,430.0)
(389.0,430.0)
(387.0,430.0)
(399.0,430.0)
(414.0,430.0)
(389.0,430.0)
(430.0,430.0)
(402.0,430.0)
(427.0,430.0)
(423.0,430.0)
(399.0,430.0)
(423.0,430.0)
(430.0,430.0)
(391.0,430.0)
(402.0,430.0)
(399.0,430.0)
(413.0,430.0)
(387.0,430.0)
(399.0,430.0)
(424.0,430.0)
(430.0,430.0)
(387.0,430.0)
(402.0,430.0)
(402.0,430.0)
(430.0,430.0)
(402.0,430.0)
(421.0,430.0)
(402.0,430.0)
(436.0,430.0)
(412.0,430.0)
(402.0,430.0)
(402.0,430.0)
(423.0,430.0)
(759.0,430.0)
(430.0,430.0)
(402.0,430.0)
(438.0,430.0)
(438.0,430.0)
(391.0,430.0)
(402.0,430.0)
(416.0,430.0)
(438.0,430.0)
(438.0,430.0)
(438.0,430.0)
(430.0,430.0)
(402.0,430.0)
(402.0,430.0)
(438.0,430.0)
(387.0,430.0)
(402.0,430.0)
(402.0,430.0)
(402.0,430.0)
(402.0,430.0)
(438.0,430.0)
(438.0,430.0)
(430.0,430.0)
(402.0,430.0)
(438.0,430.0)
(402.0,430.0)
(438.0,430.0)
(430.0,430.0)
(391.0,430.0)
(438.0,430.0)
(771.0,430.0)
(430.0,430.0)
(483.0,430.0)
(424.0,430.0)
(430.0,430.0)
(438.0,430.0)
(402.0,430.0)
(438.0,430.0)
(430.0,430.0)
(402.0,430.0)
(771.0,430.0)
(423.0,430.0)
(402.0,430.0)
(402.0,430.0)
(438.0,430.0)
(430.0,430.0)
(402.0,430.0)
(387.0,430.0)
(435.0,430.0)
(423.0,430.0)
(399.0,430.0)
(402.0,430.0)
(771.0,430.0)
(421.0,430.0)
(438.0,430.0)
(423.0,430.0)
(417.0,430.0)
(417.0,430.0)
(412.0,430.0)
(438.0,430.0)
(402.0,430.0)
(387.0,430.0)
(402.0,430.0)
(438.0,430.0)
(430.0,430.0)
(402.0,430.0)
(402.0,430.0)
(758.0,430.0)
(413.0,430.0)
(423.0,430.0)
(402.0,430.0)
(771.0,430.0)
(438.0,430.0)
(758.0,430.0)
(387.0,430.0)
(438.0,430.0)
(387.0,430.0)
(771.0,430.0)
(438.0,430.0)
(438.0,430.0)
(387.0,430.0)
(438.0,430.0)
(438.0,430.0)
(438.0,430.0)
(771.0,430.0)
(387.0,430.0)
(402.0,430.0)
(430.0,430.0)
(430.0,430.0)
(430.0,430.0)
(402.0,430.0)
(430.0,430.0)
(438.0,430.0)
(402.0,430.0)
(402.0,430.0)
(430.0,430.0)
(402.0,430.0)
(387.0,430.0)
(430.0,430.0)
(430.0,430.0)
(438.0,430.0)
(402.0,430.0)
(430.0,430.0)
(424.0,430.0)
(771.0,430.0)
(387.0,430.0)
(438.0,430.0)
(423.0,430.0)
(430.0,430.0)
(771.0,430.0)
(424.0,430.0)
(387.0,430.0)
(402.0,430.0)
(424.0,430.0)
(430.0,430.0)
(402.0,430.0)
(402.0,430.0)
(430.0,430.0)
(423.0,430.0)
(387.0,430.0)
(402.0,430.0)
(430.0,430.0)
(438.0,430.0)
(771.0,430.0)
(438.0,430.0)
(389.0,430.0)
(438.0,430.0)
(438.0,430.0)
(402.0,430.0)
(402.0,430.0)
(430.0,430.0)
(438.0,430.0)
(438.0,430.0)
(445.0,430.0)
(771.0,430.0)
(402.0,430.0)
(402.0,430.0)
(438.0,430.0)
(438.0,430.0)
(436.0,430.0)
(771.0,430.0)
(464.0,430.0)
(430.0,430.0)
(402.0,430.0)
(430.0,430.0)
(430.0,430.0)
(402.0,430.0)
(434.0,430.0)
(402.0,430.0)
(430.0,430.0)
(402.0,430.0)
(424.0,430.0)
(438.0,430.0)
(402.0,430.0)
(434.0,430.0)
(430.0,430.0)
(387.0,430.0)
(422.0,430.0)
(430.0,430.0)
(430.0,430.0)
(399.0,430.0)
(388.0,430.0)
(430.0,430.0)
(438.0,430.0)
(438.0,430.0)
(402.0,430.0)
(438.0,430.0)
(402.0,430.0)
(782.0,430.0)
(387.0,430.0)
(389.0,430.0)
(387.0,430.0)
(430.0,430.0)
(438.0,430.0)
(402.0,430.0)
(387.0,430.0)
(402.0,430.0)
(430.0,430.0)
(483.0,430.0)
(438.0,430.0)
(430.0,430.0)
(402.0,430.0)
(430.0,430.0)
(414.0,430.0)
(402.0,430.0)
(402.0,430.0)
(438.0,430.0)
(423.0,430.0)
(438.0,430.0)
(763.0,430.0)
(430.0,430.0)
(387.0,430.0)
(427.0,430.0)
(758.0,430.0)
(438.0,430.0)
(438.0,430.0)
(430.0,430.0)
(434.0,430.0)
(438.0,430.0)
(387.0,430.0)
(438.0,430.0)
(423.0,430.0)
(387.0,430.0)
(461.0,430.0)
(387.0,430.0)
(399.0,430.0)
(483.0,430.0)
(386.0,430.0)
(430.0,430.0)
(414.0,430.0)
(389.0,430.0)
(399.0,430.0)
(402.0,430.0)
(402.0,430.0)
(387.0,430.0)
(402.0,430.0)
(399.0,430.0)
(402.0,430.0)
(386.0,430.0)
(387.0,430.0)
(424.0,430.0)
(387.0,430.0)
(387.0,430.0)
(387.0,430.0)
(412.0,430.0)
(414.0,430.0)
(402.0,430.0)
(402.0,430.0)
(381.0,430.0)
(387.0,430.0)
(430.0,430.0)
(430.0,430.0)
(402.0,430.0)
(386.0,430.0)
(387.0,430.0)
(423.0,430.0)
(412.0,430.0)
(402.0,430.0)
(387.0,430.0)
(402.0,430.0)
(387.0,430.0)
(402.0,430.0)
(402.0,430.0)
(402.0,430.0)
(438.0,430.0)
(438.0,430.0)
(402.0,430.0)
(762.0,430.0)
(387.0,430.0)
(430.0,430.0)
(434.0,430.0)
(399.0,430.0)
(402.0,430.0)
(430.0,430.0)
(402.0,430.0)
(402.0,430.0)
(423.0,430.0)
(430.0,430.0)
(402.0,430.0)
(434.0,430.0)
(402.0,430.0)
(387.0,430.0)
(758.0,430.0)
(399.0,430.0)
(402.0,430.0)
(430.0,430.0)
(448.0,430.0)
(430.0,430.0)
(438.0,430.0)
(402.0,430.0)
(387.0,430.0)
(387.0,430.0)
(403.0,430.0)
(438.0,430.0)
(402.0,430.0)
(402.0,430.0)
(438.0,430.0)
(765.0,430.0)
(434.0,430.0)
(414.0,430.0)
(430.0,430.0)
(434.0,430.0)
(771.0,430.0)
(430.0,430.0)
(430.0,430.0)
(422.0,430.0)
(402.0,430.0)
(782.0,430.0)
(438.0,430.0)
(759.0,430.0)
(424.0,430.0)
(423.0,430.0)
(438.0,430.0)
(448.0,430.0)
(402.0,430.0)
(483.0,430.0)
(386.0,430.0)
(438.0,430.0)
(771.0,430.0)
(402.0,430.0)
(387.0,430.0)
(399.0,430.0)
(438.0,430.0)
(402.0,430.0)
(438.0,430.0)
(430.0,430.0)
(387.0,430.0)
(402.0,430.0)
(409.0,430.0)
(402.0,430.0)
(414.0,430.0)
(414.0,430.0)
(423.0,430.0)
(438.0,430.0)
(438.0,430.0)
(402.0,430.0)
(402.0,430.0)
(421.0,430.0)
(448.0,430.0)
(423.0,430.0)
(771.0,430.0)
(399.0,430.0)
(438.0,430.0)
(402.0,430.0)
(402.0,430.0)
(430.0,430.0)
(402.0,430.0)
(438.0,430.0)
(245.0,430.0)
(461.0,430.0)
(448.0,430.0)
(387.0,430.0)
(438.0,430.0)
(402.0,430.0)
(438.0,430.0)
(438.0,430.0)
(389.0,430.0)
(389.0,430.0)
(402.0,430.0)
(430.0,430.0)
(402.0,430.0)
(414.0,430.0)
(771.0,430.0)
(423.0,430.0)
(430.0,430.0)
(430.0,430.0)
(387.0,430.0)
(430.0,430.0)
(402.0,430.0)
(423.0,430.0)
(387.0,430.0)
(412.0,430.0)
(430.0,430.0)
(438.0,430.0)
(399.0,430.0)
(424.0,430.0)
(438.0,430.0)
(771.0,430.0)
(387.0,430.0)
(438.0,430.0)
(430.0,430.0)
(402.0,430.0)
(402.0,430.0)
(402.0,430.0)
(434.0,430.0)
(402.0,430.0)
(387.0,430.0)
(402.0,430.0)
(430.0,430.0)
(402.0,430.0)
(434.0,430.0)
(430.0,430.0)
(745.0,430.0)
(430.0,430.0)
(430.0,430.0)
(399.0,430.0)
(402.0,430.0)
(402.0,430.0)
(412.0,430.0)
(402.0,430.0)
(430.0,430.0)
(438.0,430.0)
(434.0,430.0)
(417.0,430.0)
(381.0,431.0)
(431.0,431.0)
(431.0,431.0)
(431.0,431.0)
(431.0,431.0)
(431.0,431.0)
(431.0,431.0)
(431.0,431.0)
(431.0,431.0)
(381.0,431.0)
(381.0,431.0)
(431.0,431.0)
(431.0,431.0)
(431.0,431.0)
(381.0,431.0)
(431.0,431.0)
(429.0,431.0)
(431.0,431.0)
(431.0,431.0)
(431.0,431.0)
(431.0,431.0)
(431.0,431.0)
(785.0,431.0)
(431.0,431.0)
(431.0,431.0)
(431.0,431.0)
(428.0,431.0)
(431.0,431.0)
(431.0,431.0)
(431.0,431.0)
(431.0,431.0)
(431.0,431.0)
(431.0,431.0)
(431.0,431.0)
(431.0,431.0)
(431.0,431.0)
(431.0,431.0)
(431.0,431.0)
(431.0,431.0)
(431.0,431.0)
(431.0,431.0)
(431.0,431.0)
(431.0,431.0)
(431.0,431.0)
(431.0,431.0)
(431.0,431.0)
(431.0,431.0)
(431.0,431.0)
(454.0,431.0)
(431.0,431.0)
(431.0,431.0)
(431.0,431.0)
(384.0,431.0)
(431.0,431.0)
(431.0,431.0)
(431.0,431.0)
(431.0,431.0)
(431.0,431.0)
(431.0,431.0)
(431.0,431.0)
(431.0,431.0)
(381.0,431.0)
(431.0,431.0)
(785.0,431.0)
(431.0,431.0)
(431.0,431.0)
(431.0,431.0)
(431.0,431.0)
(431.0,431.0)
(431.0,431.0)
(431.0,431.0)
(431.0,431.0)
(431.0,431.0)
(431.0,431.0)
(785.0,431.0)
(431.0,431.0)
(431.0,431.0)
(431.0,431.0)
(431.0,431.0)
(431.0,431.0)
(431.0,431.0)
(431.0,431.0)
(433.0,431.0)
(431.0,431.0)
(431.0,431.0)
(431.0,431.0)
(364.0,431.0)
(431.0,431.0)
(431.0,431.0)
(483.0,431.0)
(431.0,431.0)
(431.0,431.0)
(431.0,431.0)
(431.0,431.0)
(431.0,431.0)
(431.0,431.0)
(431.0,431.0)
(431.0,431.0)
(431.0,431.0)
(431.0,431.0)
(431.0,431.0)
(431.0,431.0)
(431.0,431.0)
(431.0,431.0)
(431.0,431.0)
(381.0,431.0)
(431.0,431.0)
(431.0,431.0)
(768.0,431.0)
(431.0,431.0)
(431.0,431.0)
(431.0,431.0)
(431.0,431.0)
(785.0,431.0)
(431.0,431.0)
(431.0,431.0)
(431.0,431.0)
(431.0,431.0)
(785.0,431.0)
(431.0,431.0)
(431.0,431.0)
(431.0,431.0)
(431.0,431.0)
(431.0,431.0)
(431.0,431.0)
(431.0,431.0)
(431.0,431.0)
(431.0,431.0)
(431.0,431.0)
(381.0,431.0)
(431.0,431.0)
(431.0,431.0)
(431.0,431.0)
(431.0,431.0)
(431.0,431.0)
(431.0,431.0)
(431.0,431.0)
(431.0,431.0)
(431.0,431.0)
(431.0,431.0)
(431.0,431.0)
(431.0,431.0)
(479.0,431.0)
(431.0,431.0)
(431.0,431.0)
(431.0,431.0)
(431.0,431.0)
(431.0,431.0)
(431.0,431.0)
(431.0,431.0)
(431.0,431.0)
(431.0,431.0)
(431.0,431.0)
(431.0,431.0)
(431.0,431.0)
(785.0,431.0)
(431.0,431.0)
(431.0,431.0)
(785.0,431.0)
(431.0,431.0)
(431.0,431.0)
(431.0,431.0)
(431.0,431.0)
(431.0,431.0)
(431.0,431.0)
(431.0,431.0)
(431.0,431.0)
(431.0,431.0)
(436.0,431.0)
(384.0,431.0)
(431.0,431.0)
(431.0,431.0)
(431.0,431.0)
(431.0,431.0)
(433.0,431.0)
(428.0,431.0)
(431.0,431.0)
(431.0,431.0)
(785.0,431.0)
(431.0,431.0)
(431.0,431.0)
(431.0,431.0)
(431.0,431.0)
(431.0,431.0)
(431.0,431.0)
(431.0,431.0)
(431.0,431.0)
(431.0,431.0)
(787.0,432.0)
(435.0,432.0)
(787.0,432.0)
(787.0,432.0)
(435.0,432.0)
(435.0,432.0)
(433.0,432.0)
(435.0,432.0)
(785.0,432.0)
(432.0,432.0)
(435.0,432.0)
(787.0,432.0)
(435.0,432.0)
(433.0,432.0)
(435.0,432.0)
(786.0,432.0)
(427.0,432.0)
(435.0,432.0)
(427.0,432.0)
(435.0,432.0)
(427.0,432.0)
(435.0,432.0)
(787.0,432.0)
(435.0,432.0)
(805.0,432.0)
(435.0,432.0)
(435.0,432.0)
(435.0,432.0)
(435.0,432.0)
(435.0,432.0)
(786.0,432.0)
(427.0,432.0)
(435.0,432.0)
(786.0,432.0)
(435.0,432.0)
(433.0,432.0)
(433.0,432.0)
(787.0,432.0)
(433.0,432.0)
(435.0,432.0)
(435.0,432.0)
(787.0,432.0)
(435.0,432.0)
(435.0,432.0)
(435.0,432.0)
(435.0,432.0)
(432.0,432.0)
(435.0,432.0)
(786.0,432.0)
(787.0,432.0)
(787.0,432.0)
(787.0,432.0)
(435.0,432.0)
(435.0,432.0)
(435.0,432.0)
(435.0,432.0)
(786.0,432.0)
(413.0,432.0)
(435.0,432.0)
(435.0,432.0)
(432.0,432.0)
(435.0,432.0)
(432.0,432.0)
(435.0,432.0)
(435.0,432.0)
(786.0,432.0)
(427.0,432.0)
(435.0,432.0)
(435.0,432.0)
(435.0,432.0)
(427.0,432.0)
(435.0,432.0)
(786.0,432.0)
(435.0,432.0)
(786.0,432.0)
(435.0,432.0)
(433.0,432.0)
(435.0,432.0)
(435.0,432.0)
(435.0,432.0)
(435.0,432.0)
(435.0,432.0)
(435.0,432.0)
(435.0,432.0)
(435.0,432.0)
(435.0,432.0)
(435.0,432.0)
(435.0,432.0)
(435.0,432.0)
(435.0,432.0)
(435.0,432.0)
(435.0,432.0)
(786.0,432.0)
(787.0,432.0)
(427.0,432.0)
(435.0,432.0)
(435.0,432.0)
(787.0,432.0)
(435.0,432.0)
(435.0,432.0)
(435.0,432.0)
(427.0,432.0)
(435.0,432.0)
(435.0,432.0)
(417.0,432.0)
(786.0,432.0)
(435.0,432.0)
(435.0,432.0)
(787.0,432.0)
(432.0,432.0)
(435.0,432.0)
(433.0,432.0)
(435.0,432.0)
(435.0,432.0)
(435.0,432.0)
(479.0,432.0)
(435.0,432.0)
(435.0,432.0)
(435.0,432.0)
(435.0,432.0)
(435.0,432.0)
(435.0,432.0)
(435.0,432.0)
(787.0,432.0)
(435.0,432.0)
(367.0,432.0)
(435.0,432.0)
(435.0,432.0)
(435.0,432.0)
(427.0,432.0)
(435.0,432.0)
(435.0,432.0)
(435.0,432.0)
(435.0,432.0)
(475.0,432.0)
(435.0,432.0)
(435.0,432.0)
(787.0,432.0)
(435.0,432.0)
(435.0,432.0)
(435.0,432.0)
(435.0,432.0)
(787.0,432.0)
(427.0,432.0)
(435.0,432.0)
(435.0,432.0)
(787.0,432.0)
(787.0,432.0)
(435.0,432.0)
(426.0,432.0)
(435.0,432.0)
(427.0,432.0)
(787.0,432.0)
(427.0,432.0)
(435.0,432.0)
(435.0,432.0)
(435.0,432.0)
(786.0,432.0)
(433.0,432.0)
(435.0,432.0)
(787.0,432.0)
(412.0,432.0)
(435.0,432.0)
(435.0,432.0)
(427.0,432.0)
(435.0,432.0)
(435.0,432.0)
(787.0,432.0)
(786.0,432.0)
(435.0,432.0)
(435.0,432.0)
(427.0,432.0)
(435.0,432.0)
(387.0,432.0)
(787.0,432.0)
(433.0,432.0)
(435.0,432.0)
(433.0,432.0)
(805.0,432.0)
(787.0,432.0)
(433.0,432.0)
(435.0,432.0)
(432.0,432.0)
(435.0,432.0)
(435.0,432.0)
(435.0,432.0)
(435.0,432.0)
(433.0,432.0)
(435.0,432.0)
(435.0,432.0)
(435.0,432.0)
(435.0,432.0)
(786.0,432.0)
(435.0,432.0)
(427.0,432.0)
(435.0,432.0)
(435.0,432.0)
(435.0,432.0)
(435.0,432.0)
(435.0,432.0)
(431.0,432.0)
(435.0,432.0)
(447.0,432.0)
(435.0,432.0)
(435.0,432.0)
(435.0,432.0)
(475.0,432.0)
(435.0,432.0)
(435.0,432.0)
(787.0,432.0)
(435.0,432.0)
(435.0,432.0)
(435.0,432.0)
(787.0,432.0)
(417.0,432.0)
(435.0,432.0)
(435.0,432.0)
(435.0,432.0)
(435.0,432.0)
(786.0,432.0)
(432.0,432.0)
(435.0,432.0)
(435.0,432.0)
(428.0,432.0)
(435.0,432.0)
(787.0,432.0)
(435.0,432.0)
(404.0,432.0)
(435.0,432.0)
(435.0,432.0)
(435.0,432.0)
(435.0,432.0)
(787.0,432.0)
(435.0,432.0)
(435.0,432.0)
(435.0,432.0)
(435.0,432.0)
(435.0,432.0)
(435.0,432.0)
(435.0,432.0)
(787.0,432.0)
(787.0,432.0)
(435.0,432.0)
(447.0,432.0)
(435.0,432.0)
(435.0,432.0)
(435.0,432.0)
(435.0,432.0)
(475.0,432.0)
(435.0,432.0)
(435.0,432.0)
(435.0,432.0)
(787.0,432.0)
(435.0,432.0)
(435.0,432.0)
(786.0,432.0)
(435.0,432.0)
(354.0,432.0)
(435.0,432.0)
(435.0,432.0)
(427.0,432.0)
(435.0,432.0)
(435.0,432.0)
(435.0,432.0)
(417.0,432.0)
(427.0,432.0)
(787.0,432.0)
(459.0,432.0)
(427.0,432.0)
(435.0,432.0)
(435.0,432.0)
(787.0,432.0)
(435.0,432.0)
(435.0,432.0)
(435.0,432.0)
(413.0,432.0)
(435.0,432.0)
(435.0,432.0)
(447.0,432.0)
(435.0,432.0)
(435.0,432.0)
(435.0,432.0)
(435.0,432.0)
(435.0,432.0)
(435.0,432.0)
(447.0,432.0)
(435.0,432.0)
(435.0,432.0)
(435.0,432.0)
(435.0,432.0)
(435.0,432.0)
(455.0,432.0)
(435.0,432.0)
(786.0,432.0)
(435.0,432.0)
(427.0,432.0)
(435.0,432.0)
(435.0,432.0)
(435.0,432.0)
(786.0,432.0)
(435.0,432.0)
(435.0,432.0)
(403.0,432.0)
(435.0,432.0)
(435.0,432.0)
(427.0,432.0)
(435.0,432.0)
(435.0,432.0)
(435.0,432.0)
(428.0,432.0)
(435.0,432.0)
(435.0,432.0)
(435.0,432.0)
(433.0,432.0)
(435.0,432.0)
(427.0,432.0)
(404.0,432.0)
(435.0,432.0)
(787.0,432.0)
(435.0,432.0)
(786.0,432.0)
(435.0,432.0)
(435.0,432.0)
(786.0,432.0)
(435.0,432.0)
(427.0,432.0)
(435.0,432.0)
(475.0,432.0)
(435.0,432.0)
(435.0,432.0)
(435.0,432.0)
(435.0,432.0)
(435.0,432.0)
(427.0,432.0)
(435.0,432.0)
(435.0,432.0)
(427.0,432.0)
(435.0,432.0)
(441.0,432.0)
(455.0,432.0)
(786.0,432.0)
(435.0,432.0)
(435.0,432.0)
(435.0,432.0)
(427.0,432.0)
(435.0,432.0)
(435.0,432.0)
(404.0,432.0)
(427.0,432.0)
(435.0,432.0)
(435.0,432.0)
(427.0,432.0)
(435.0,432.0)
(435.0,432.0)
(435.0,432.0)
(447.0,432.0)
(435.0,432.0)
(435.0,432.0)
(435.0,432.0)
(787.0,432.0)
(427.0,432.0)
(435.0,432.0)
(435.0,432.0)
(427.0,432.0)
(435.0,432.0)
(435.0,432.0)
(787.0,432.0)
(414.0,432.0)
(435.0,432.0)
(435.0,432.0)
(786.0,432.0)
(435.0,432.0)
(435.0,432.0)
(435.0,432.0)
(435.0,432.0)
(433.0,432.0)
(435.0,432.0)
(435.0,432.0)
(786.0,432.0)
(435.0,432.0)
(435.0,432.0)
(430.0,432.0)
(435.0,432.0)
(435.0,432.0)
(435.0,432.0)
(432.0,432.0)
(435.0,432.0)
(482.0,432.0)
(435.0,433.0)
(787.0,433.0)
(431.0,433.0)
(435.0,433.0)
(433.0,433.0)
(433.0,433.0)
(417.0,433.0)
(431.0,433.0)
(435.0,433.0)
(435.0,433.0)
(417.0,433.0)
(435.0,433.0)
(412.0,433.0)
(427.0,433.0)
(433.0,433.0)
(447.0,433.0)
(431.0,433.0)
(435.0,433.0)
(433.0,433.0)
(417.0,433.0)
(435.0,433.0)
(787.0,433.0)
(433.0,433.0)
(367.0,433.0)
(433.0,433.0)
(483.0,433.0)
(433.0,433.0)
(785.0,433.0)
(433.0,433.0)
(455.0,433.0)
(433.0,433.0)
(472.0,433.0)
(413.0,433.0)
(433.0,433.0)
(787.0,433.0)
(786.0,433.0)
(417.0,433.0)
(433.0,433.0)
(431.0,433.0)
(433.0,433.0)
(412.0,433.0)
(433.0,433.0)
(786.0,433.0)
(435.0,433.0)
(433.0,433.0)
(433.0,433.0)
(483.0,433.0)
(435.0,433.0)
(483.0,433.0)
(431.0,433.0)
(433.0,433.0)
(433.0,433.0)
(431.0,433.0)
(433.0,433.0)
(417.0,433.0)
(433.0,433.0)
(786.0,433.0)
(433.0,433.0)
(433.0,433.0)
(435.0,433.0)
(431.0,433.0)
(387.0,433.0)
(433.0,433.0)
(786.0,433.0)
(435.0,433.0)
(435.0,433.0)
(431.0,433.0)
(786.0,433.0)
(433.0,433.0)
(433.0,433.0)
(417.0,433.0)
(417.0,433.0)
(433.0,433.0)
(432.0,433.0)
(433.0,433.0)
(427.0,433.0)
(417.0,433.0)
(403.0,433.0)
(417.0,433.0)
(433.0,433.0)
(433.0,433.0)
(433.0,433.0)
(433.0,433.0)
(427.0,433.0)
(431.0,433.0)
(427.0,433.0)
(433.0,433.0)
(786.0,433.0)
(412.0,433.0)
(417.0,433.0)
(433.0,433.0)
(433.0,433.0)
(427.0,433.0)
(417.0,433.0)
(432.0,433.0)
(483.0,433.0)
(406.0,433.0)
(433.0,433.0)
(433.0,433.0)
(786.0,433.0)
(433.0,433.0)
(431.0,433.0)
(472.0,433.0)
(433.0,433.0)
(433.0,433.0)
(433.0,433.0)
(433.0,433.0)
(433.0,433.0)
(435.0,433.0)
(787.0,433.0)
(417.0,433.0)
(433.0,433.0)
(427.0,433.0)
(435.0,433.0)
(433.0,433.0)
(786.0,433.0)
(413.0,433.0)
(412.0,433.0)
(431.0,433.0)
(417.0,433.0)
(417.0,433.0)
(427.0,433.0)
(455.0,433.0)
(433.0,433.0)
(433.0,433.0)
(427.0,433.0)
(483.0,433.0)
(417.0,433.0)
(431.0,433.0)
(431.0,433.0)
(447.0,433.0)
(433.0,433.0)
(787.0,433.0)
(786.0,433.0)
(784.0,433.0)
(787.0,433.0)
(433.0,433.0)
(417.0,433.0)
(412.0,433.0)
(433.0,433.0)
(433.0,433.0)
(787.0,433.0)
(792.0,433.0)
(433.0,433.0)
(435.0,433.0)
(406.0,433.0)
(786.0,433.0)
(433.0,433.0)
(435.0,433.0)
(433.0,433.0)
(406.0,433.0)
(433.0,433.0)
(447.0,433.0)
(417.0,433.0)
(431.0,433.0)
(401.0,433.0)
(435.0,433.0)
(435.0,433.0)
(433.0,433.0)
(432.0,433.0)
(435.0,433.0)
(435.0,433.0)
(433.0,433.0)
(417.0,433.0)
(455.0,433.0)
(417.0,433.0)
(768.0,433.0)
(417.0,433.0)
(435.0,433.0)
(405.0,433.0)
(431.0,433.0)
(433.0,433.0)
(787.0,433.0)
(433.0,433.0)
(433.0,433.0)
(455.0,433.0)
(435.0,433.0)
(433.0,433.0)
(435.0,433.0)
(433.0,433.0)
(435.0,433.0)
(417.0,433.0)
(433.0,433.0)
(786.0,433.0)
(433.0,433.0)
(433.0,433.0)
(417.0,433.0)
(431.0,433.0)
(435.0,433.0)
(417.0,433.0)
(433.0,433.0)
(433.0,433.0)
(428.0,428.0)
(428.0,428.0)
(428.0,428.0)
(428.0,428.0)
(428.0,428.0)
(785.0,428.0)
(428.0,428.0)
(428.0,428.0)
(428.0,428.0)
(428.0,428.0)
(428.0,428.0)
(785.0,428.0)
(428.0,428.0)
(785.0,428.0)
(428.0,428.0)
(785.0,428.0)
(431.0,428.0)
(428.0,428.0)
(785.0,428.0)
(428.0,428.0)
(785.0,428.0)
(785.0,428.0)
(428.0,428.0)
(428.0,428.0)
(428.0,428.0)
(428.0,428.0)
(428.0,428.0)
(428.0,428.0)
(428.0,428.0)
(785.0,428.0)
(428.0,428.0)
(428.0,428.0)
(428.0,428.0)
(428.0,428.0)
(785.0,428.0)
(428.0,428.0)
(428.0,428.0)
(428.0,428.0)
(428.0,428.0)
(428.0,428.0)
(428.0,428.0)
(785.0,428.0)
(428.0,428.0)
(428.0,428.0)
(403.0,428.0)
(428.0,428.0)
(785.0,428.0)
(428.0,428.0)
(428.0,428.0)
(428.0,428.0)
(403.0,428.0)
(428.0,428.0)
(431.0,428.0)
(428.0,428.0)
(428.0,428.0)
(428.0,428.0)
(428.0,428.0)
(428.0,428.0)
(428.0,428.0)
(428.0,428.0)
(403.0,428.0)
(428.0,428.0)
(771.0,428.0)
(428.0,428.0)
(428.0,428.0)
(428.0,428.0)
(428.0,428.0)
(386.0,428.0)
(428.0,428.0)
(785.0,428.0)
(435.0,428.0)
(428.0,428.0)
(428.0,428.0)
(403.0,428.0)
(482.0,428.0)
(428.0,428.0)
(428.0,428.0)
(428.0,428.0)
(428.0,428.0)
(428.0,428.0)
(428.0,428.0)
(428.0,428.0)
(428.0,428.0)
(428.0,428.0)
(428.0,428.0)
(428.0,428.0)
(785.0,428.0)
(428.0,428.0)
(428.0,428.0)
(428.0,428.0)
(428.0,428.0)
(432.0,428.0)
(428.0,428.0)
(428.0,428.0)
(785.0,428.0)
(785.0,428.0)
(428.0,428.0)
(428.0,428.0)
(428.0,428.0)
(428.0,428.0)
(428.0,428.0)
(785.0,428.0)
(428.0,428.0)
(428.0,428.0)
(428.0,428.0)
(428.0,428.0)
(785.0,428.0)
(428.0,428.0)
(428.0,428.0)
(428.0,428.0)
(428.0,428.0)
(432.0,428.0)
(785.0,428.0)
(428.0,428.0)
(785.0,428.0)
(428.0,428.0)
(428.0,428.0)
(428.0,428.0)
(785.0,428.0)
(428.0,428.0)
(428.0,428.0)
(428.0,428.0)
(771.0,428.0)
(428.0,428.0)
(428.0,428.0)
(428.0,428.0)
(428.0,428.0)
(785.0,428.0)
(428.0,428.0)
(428.0,428.0)
(428.0,428.0)
(428.0,428.0)
(428.0,428.0)
(428.0,428.0)
(428.0,428.0)
(428.0,428.0)
(428.0,428.0)
(428.0,428.0)
(428.0,428.0)
(785.0,428.0)
(428.0,428.0)
(431.0,428.0)
(428.0,428.0)
(428.0,428.0)
(428.0,428.0)
(428.0,428.0)
(428.0,428.0)
(428.0,428.0)
(479.0,428.0)
(428.0,428.0)
(428.0,428.0)
(428.0,428.0)
(459.0,428.0)
(428.0,428.0)
(428.0,428.0)
(428.0,428.0)
(417.0,428.0)
(479.0,428.0)
(427.0,428.0)
(428.0,428.0)
(428.0,428.0)
(785.0,428.0)
(428.0,428.0)
(428.0,428.0)
(459.0,428.0)
(428.0,428.0)
(459.0,428.0)
(428.0,428.0)
(435.0,428.0)
(428.0,428.0)
(428.0,428.0)
(428.0,428.0)
(428.0,428.0)
(428.0,428.0)
(428.0,428.0)
(428.0,428.0)
(431.0,428.0)
(428.0,428.0)
(428.0,428.0)
(428.0,428.0)
(431.0,428.0)
(428.0,428.0)
(428.0,428.0)
(403.0,428.0)
(428.0,428.0)
(428.0,428.0)
(428.0,428.0)
(785.0,428.0)
(428.0,428.0)
(428.0,428.0)
(785.0,428.0)
(428.0,428.0)
(784.0,428.0)
(428.0,428.0)
(387.0,434.0)
(784.0,434.0)
(387.0,434.0)
(387.0,434.0)
(387.0,434.0)
(387.0,434.0)
(387.0,434.0)
(404.0,434.0)
(387.0,434.0)
(387.0,434.0)
(784.0,434.0)
(417.0,434.0)
(784.0,434.0)
(784.0,434.0)
(417.0,434.0)
(434.0,434.0)
(427.0,434.0)
(413.0,434.0)
(455.0,434.0)
(784.0,434.0)
(427.0,434.0)
(387.0,434.0)
(427.0,434.0)
(784.0,434.0)
(455.0,434.0)
(427.0,434.0)
(387.0,434.0)
(784.0,434.0)
(784.0,434.0)
(413.0,434.0)
(434.0,434.0)
(387.0,434.0)
(387.0,434.0)
(427.0,434.0)
(427.0,434.0)
(784.0,434.0)
(404.0,434.0)
(784.0,434.0)
(404.0,434.0)
(387.0,434.0)
(427.0,434.0)
(784.0,434.0)
(784.0,434.0)
(387.0,434.0)
(417.0,434.0)
(399.0,434.0)
(784.0,434.0)
(784.0,434.0)
(427.0,434.0)
(387.0,434.0)
(455.0,434.0)
(434.0,434.0)
(417.0,434.0)
(387.0,434.0)
(387.0,434.0)
(784.0,434.0)
(387.0,434.0)
(784.0,434.0)
(417.0,434.0)
(387.0,434.0)
(387.0,434.0)
(413.0,434.0)
(398.0,434.0)
(387.0,434.0)
(413.0,434.0)
(398.0,434.0)
(784.0,434.0)
(784.0,434.0)
(784.0,434.0)
(784.0,434.0)
(455.0,434.0)
(387.0,434.0)
(417.0,434.0)
(387.0,434.0)
(784.0,434.0)
(434.0,434.0)
(417.0,434.0)
(434.0,434.0)
(399.0,434.0)
(784.0,434.0)
(427.0,434.0)
(427.0,434.0)
(784.0,434.0)
(427.0,434.0)
(387.0,434.0)
(784.0,434.0)
(434.0,434.0)
(784.0,434.0)
(455.0,434.0)
(455.0,434.0)
(434.0,434.0)
(784.0,434.0)
(784.0,434.0)
(387.0,434.0)
(413.0,434.0)
(784.0,434.0)
(784.0,434.0)
(413.0,434.0)
(455.0,434.0)
(784.0,434.0)
(387.0,434.0)
(784.0,434.0)
(784.0,434.0)
(417.0,434.0)
(398.0,434.0)
(784.0,434.0)
(413.0,434.0)
(413.0,434.0)
(417.0,434.0)
(387.0,434.0)
(413.0,434.0)
(413.0,434.0)
(417.0,434.0)
(434.0,434.0)
(784.0,434.0)
(413.0,434.0)
(784.0,434.0)
(784.0,434.0)
(784.0,434.0)
(387.0,434.0)
(387.0,434.0)
(387.0,434.0)
(784.0,434.0)
(387.0,434.0)
(784.0,434.0)
(784.0,434.0)
(784.0,434.0)
(387.0,434.0)
(413.0,434.0)
(784.0,434.0)
(387.0,434.0)
(413.0,434.0)
(427.0,434.0)
(417.0,434.0)
(399.0,434.0)
(784.0,434.0)
(427.0,434.0)
(784.0,434.0)
(404.0,434.0)
(417.0,434.0)
(784.0,434.0)
(399.0,434.0)
(417.0,434.0)
(784.0,434.0)
(455.0,434.0)
(387.0,434.0)
(417.0,434.0)
(784.0,434.0)
(387.0,434.0)
(404.0,434.0)
(784.0,434.0)
(417.0,434.0)
(413.0,434.0)
(417.0,434.0)
(784.0,434.0)
(387.0,434.0)
(455.0,434.0)
(417.0,434.0)
(413.0,434.0)
(784.0,434.0)
(417.0,434.0)
(387.0,434.0)
(413.0,434.0)
(413.0,434.0)
(455.0,434.0)
(784.0,434.0)
(784.0,434.0)
(434.0,434.0)
(784.0,434.0)
(784.0,434.0)
(417.0,434.0)
(413.0,434.0)
(784.0,434.0)
(413.0,434.0)
(784.0,434.0)
(784.0,434.0)
(784.0,434.0)
(784.0,434.0)
(404.0,434.0)
(427.0,434.0)
(427.0,434.0)
(784.0,434.0)
(417.0,434.0)
(784.0,434.0)
(427.0,434.0)
(417.0,434.0)
(413.0,434.0)
(784.0,434.0)
(387.0,434.0)
(404.0,434.0)
(784.0,434.0)
(404.0,434.0)
(387.0,434.0)
(399.0,434.0)
(784.0,434.0)
(455.0,434.0)
(784.0,434.0)
(387.0,434.0)
(417.0,434.0)
(387.0,434.0)
(417.0,434.0)
(413.0,434.0)
(417.0,434.0)
(387.0,434.0)
(423.0,434.0)
(412.0,434.0)
(430.0,434.0)
(789.0,434.0)
(430.0,434.0)
(784.0,434.0)
(417.0,434.0)
(434.0,434.0)
(423.0,434.0)
(434.0,434.0)
(386.0,434.0)
(434.0,434.0)
(423.0,434.0)
(790.0,434.0)
(434.0,434.0)
(417.0,434.0)
(430.0,434.0)
(417.0,434.0)
(413.0,434.0)
(430.0,434.0)
(423.0,434.0)
(434.0,434.0)
(424.0,434.0)
(417.0,434.0)
(434.0,434.0)
(430.0,434.0)
(434.0,434.0)
(387.0,434.0)
(430.0,434.0)
(430.0,434.0)
(386.0,434.0)
(412.0,434.0)
(430.0,434.0)
(386.0,434.0)
(387.0,434.0)
(416.0,434.0)
(387.0,434.0)
(386.0,434.0)
(434.0,434.0)
(423.0,434.0)
(423.0,434.0)
(434.0,434.0)
(386.0,434.0)
(417.0,434.0)
(784.0,434.0)
(387.0,434.0)
(434.0,434.0)
(412.0,434.0)
(423.0,434.0)
(417.0,434.0)
(430.0,434.0)
(430.0,434.0)
(784.0,434.0)
(430.0,434.0)
(386.0,434.0)
(386.0,434.0)
(409.0,434.0)
(434.0,434.0)
(417.0,434.0)
(417.0,434.0)
(434.0,434.0)
(413.0,434.0)
(434.0,434.0)
(423.0,434.0)
(386.0,434.0)
(424.0,434.0)
(386.0,434.0)
(387.0,434.0)
(423.0,434.0)
(413.0,434.0)
(417.0,434.0)
(434.0,434.0)
(414.0,434.0)
(434.0,434.0)
(412.0,434.0)
(424.0,434.0)
(387.0,434.0)
(434.0,434.0)
(387.0,434.0)
(430.0,434.0)
(414.0,434.0)
(413.0,434.0)
(434.0,434.0)
(386.0,434.0)
(429.0,434.0)
(412.0,434.0)
(423.0,434.0)
(423.0,434.0)
(413.0,434.0)
(434.0,434.0)
(414.0,434.0)
(430.0,434.0)
(430.0,434.0)
(434.0,434.0)
(417.0,434.0)
(386.0,434.0)
(404.0,434.0)
(434.0,434.0)
(430.0,434.0)
(427.0,434.0)
(386.0,434.0)
(386.0,434.0)
(386.0,434.0)
(413.0,434.0)
(787.0,434.0)
(386.0,434.0)
(434.0,434.0)
(434.0,434.0)
(409.0,434.0)
(387.0,434.0)
(413.0,434.0)
(386.0,434.0)
(434.0,434.0)
(434.0,434.0)
(430.0,434.0)
(412.0,434.0)
(417.0,434.0)
(417.0,434.0)
(430.0,434.0)
(434.0,434.0)
(434.0,434.0)
(386.0,434.0)
(430.0,434.0)
(429.0,434.0)
(386.0,434.0)
(434.0,434.0)
(412.0,434.0)
(423.0,434.0)
(386.0,434.0)
(434.0,434.0)
(412.0,434.0)
(430.0,434.0)
(412.0,434.0)
(430.0,434.0)
(412.0,434.0)
(409.0,434.0)
(413.0,434.0)
(417.0,434.0)
(430.0,434.0)
(386.0,434.0)
(417.0,434.0)
(430.0,434.0)
(424.0,434.0)
(434.0,434.0)
(430.0,434.0)
(417.0,434.0)
(368.0,434.0)
(430.0,434.0)
(409.0,434.0)
(423.0,434.0)
(386.0,434.0)
(413.0,434.0)
(394.0,434.0)
(386.0,434.0)
(386.0,434.0)
(434.0,434.0)
(434.0,434.0)
(430.0,434.0)
(386.0,434.0)
(434.0,434.0)
(423.0,434.0)
(434.0,434.0)
(424.0,434.0)
(413.0,434.0)
(417.0,434.0)
(386.0,434.0)
(386.0,434.0)
(434.0,434.0)
(386.0,434.0)
(387.0,434.0)
(434.0,434.0)
(434.0,434.0)
(386.0,434.0)
(434.0,434.0)
(434.0,434.0)
(386.0,434.0)
(434.0,434.0)
(413.0,434.0)
(417.0,434.0)
(386.0,434.0)
(434.0,434.0)
(408.0,434.0)
(387.0,434.0)
(386.0,434.0)
(430.0,434.0)
(430.0,434.0)
(423.0,434.0)
(789.0,434.0)
(417.0,434.0)
(430.0,434.0)
(429.0,434.0)
(789.0,434.0)
(403.0,434.0)
(434.0,434.0)
(409.0,434.0)
(412.0,434.0)
(434.0,434.0)
(386.0,434.0)
(479.0,434.0)
(789.0,434.0)
(387.0,434.0)
(417.0,434.0)
(434.0,434.0)
(387.0,434.0)
(423.0,434.0)
(770.0,434.0)
(412.0,434.0)
(386.0,434.0)
(386.0,434.0)
(412.0,434.0)
(417.0,434.0)
(386.0,434.0)
(417.0,434.0)
(430.0,434.0)
(386.0,434.0)
(417.0,434.0)
(434.0,434.0)
(423.0,434.0)
(434.0,434.0)
(386.0,434.0)
(417.0,434.0)
(417.0,434.0)
(417.0,434.0)
(430.0,434.0)
(412.0,434.0)
(387.0,434.0)
(417.0,434.0)
(423.0,434.0)
(771.0,434.0)
(770.0,434.0)
(386.0,434.0)
(417.0,434.0)
(417.0,434.0)
(417.0,434.0)
(434.0,434.0)
(386.0,434.0)
(412.0,434.0)
(423.0,434.0)
(434.0,434.0)
(387.0,434.0)
(387.0,434.0)
(434.0,434.0)
(434.0,434.0)
(471.0,434.0)
(417.0,434.0)
(386.0,434.0)
(434.0,434.0)
(434.0,434.0)
(430.0,434.0)
(787.0,434.0)
(424.0,434.0)
(417.0,434.0)
(770.0,434.0)
(387.0,434.0)
(386.0,434.0)
(386.0,434.0)
(398.0,434.0)
(386.0,434.0)
(387.0,434.0)
(412.0,434.0)
(412.0,434.0)
(417.0,434.0)
(412.0,434.0)
(386.0,434.0)
(770.0,434.0)
(387.0,434.0)
(412.0,434.0)
(412.0,434.0)
(770.0,434.0)
(423.0,434.0)
(417.0,434.0)
(386.0,434.0)
(413.0,434.0)
(386.0,434.0)
(424.0,434.0)
(412.0,434.0)
(770.0,434.0)
(404.0,434.0)
(434.0,434.0)
(386.0,434.0)
(417.0,434.0)
(417.0,434.0)
(412.0,434.0)
(417.0,434.0)
(423.0,434.0)
(417.0,434.0)
(386.0,434.0)
(430.0,434.0)
(386.0,434.0)
(387.0,434.0)
(424.0,434.0)
(417.0,434.0)
(386.0,434.0)
(471.0,434.0)
(417.0,434.0)
(430.0,434.0)
(423.0,434.0)
(434.0,434.0)
(434.0,434.0)
(417.0,434.0)
(434.0,434.0)
(771.0,434.0)
(386.0,434.0)
(789.0,434.0)
(417.0,434.0)
(784.0,434.0)
(386.0,434.0)
(386.0,434.0)
(413.0,434.0)
(417.0,434.0)
(412.0,434.0)
(412.0,434.0)
(401.0,434.0)
(790.0,434.0)
(423.0,434.0)
(417.0,434.0)
(430.0,434.0)
(386.0,434.0)
(386.0,434.0)
(790.0,434.0)
(387.0,434.0)
(430.0,434.0)
(413.0,434.0)
(417.0,434.0)
(412.0,434.0)
(434.0,434.0)
(413.0,434.0)
(479.0,434.0)
(417.0,434.0)
(386.0,434.0)
(417.0,434.0)
(386.0,434.0)
(413.0,434.0)
(412.0,434.0)
(434.0,434.0)
(789.0,434.0)
(417.0,434.0)
(417.0,434.0)
(479.0,434.0)
(387.0,434.0)
(386.0,434.0)
(430.0,434.0)
(430.0,434.0)
(413.0,434.0)
(417.0,434.0)
(417.0,434.0)
(386.0,434.0)
(386.0,434.0)
(430.0,434.0)
(412.0,434.0)
(417.0,434.0)
(386.0,434.0)
(386.0,434.0)
(417.0,434.0)
(412.0,434.0)
(386.0,434.0)
(434.0,434.0)
(423.0,434.0)
(417.0,434.0)
(434.0,434.0)
(417.0,434.0)
(417.0,434.0)
(386.0,434.0)
(412.0,434.0)
(430.0,434.0)
(423.0,434.0)
(434.0,434.0)
(386.0,434.0)
(412.0,434.0)
(386.0,434.0)
(417.0,434.0)
(417.0,434.0)
(405.0,434.0)
(412.0,434.0)
(412.0,434.0)
(386.0,434.0)
(784.0,434.0)
(412.0,434.0)
(423.0,434.0)
(423.0,434.0)
(430.0,434.0)
(417.0,434.0)
(417.0,434.0)
(430.0,434.0)
(377.0,434.0)
(386.0,434.0)
(386.0,434.0)
(417.0,434.0)
(386.0,434.0)
(412.0,434.0)
(412.0,434.0)
(424.0,434.0)
(386.0,434.0)
(417.0,434.0)
(386.0,434.0)
(413.0,434.0)
(434.0,434.0)
(412.0,434.0)
(417.0,434.0)
(386.0,434.0)
(387.0,434.0)
(386.0,434.0)
(434.0,434.0)
(386.0,434.0)
(430.0,434.0)
(434.0,434.0)
(459.0,434.0)
(386.0,434.0)
(417.0,434.0)
(434.0,434.0)
(386.0,434.0)
(434.0,434.0)
(434.0,434.0)
(423.0,434.0)
(789.0,434.0)
(387.0,434.0)
(387.0,434.0)
(423.0,434.0)
(430.0,434.0)
(386.0,434.0)
(386.0,434.0)
(386.0,434.0)
(386.0,434.0)
(434.0,434.0)
(434.0,434.0)
(434.0,434.0)
(471.0,434.0)
(417.0,434.0)
(401.0,434.0)
(434.0,434.0)
(430.0,434.0)
(386.0,434.0)
(789.0,434.0)
(417.0,434.0)
(417.0,434.0)
(387.0,434.0)
(430.0,434.0)
(447.0,434.0)
(434.0,434.0)
(479.0,434.0)
(434.0,434.0)
(387.0,434.0)
(386.0,434.0)
(386.0,434.0)
(434.0,434.0)
(424.0,434.0)
(386.0,434.0)
(424.0,434.0)
(434.0,434.0)
(417.0,434.0)
(434.0,434.0)
(471.0,434.0)
(386.0,434.0)
(434.0,434.0)
(412.0,434.0)
(434.0,434.0)
(417.0,434.0)
(386.0,434.0)
(386.0,434.0)
(386.0,434.0)
(430.0,434.0)
(434.0,434.0)
(412.0,434.0)
(430.0,434.0)
(386.0,434.0)
(434.0,434.0)
(386.0,434.0)
(434.0,434.0)
(386.0,434.0)
(387.0,434.0)
(430.0,434.0)
(434.0,434.0)
(430.0,434.0)
(785.0,434.0)
(424.0,434.0)
(430.0,434.0)
(479.0,434.0)
(456.0,434.0)
(479.0,434.0)
(434.0,434.0)
(386.0,434.0)
(386.0,434.0)
(430.0,434.0)
(386.0,434.0)
(423.0,434.0)
(386.0,434.0)
(424.0,434.0)
(434.0,434.0)
(412.0,434.0)
(434.0,434.0)
(434.0,434.0)
(386.0,434.0)
(387.0,434.0)
(386.0,434.0)
(386.0,434.0)
(430.0,434.0)
(386.0,434.0)
(412.0,434.0)
(387.0,434.0)
(387.0,434.0)
(417.0,434.0)
(430.0,434.0)
(386.0,434.0)
(434.0,434.0)
(423.0,434.0)
(430.0,434.0)
(417.0,434.0)
(386.0,434.0)
(387.0,434.0)
(386.0,434.0)
(434.0,434.0)
(424.0,434.0)
(386.0,434.0)
(412.0,434.0)
(430.0,434.0)
(430.0,434.0)
(403.0,434.0)
(434.0,434.0)
(412.0,434.0)
(434.0,434.0)
(430.0,434.0)
(434.0,434.0)
(434.0,434.0)
(430.0,434.0)
(434.0,434.0)
(434.0,434.0)
(412.0,434.0)
(770.0,434.0)
(408.0,434.0)
(387.0,434.0)
(412.0,434.0)
(434.0,434.0)
(789.0,434.0)
(430.0,434.0)
(417.0,434.0)
(434.0,434.0)
(417.0,434.0)
(387.0,434.0)
(424.0,434.0)
(430.0,434.0)
(434.0,434.0)
(417.0,434.0)
(430.0,434.0)
(430.0,434.0)
(448.0,434.0)
(430.0,434.0)
(430.0,434.0)
(434.0,434.0)
(430.0,434.0)
(430.0,434.0)
(387.0,434.0)
(434.0,434.0)
(435.0,434.0)
(413.0,434.0)
(386.0,434.0)
(403.0,434.0)
(386.0,434.0)
(387.0,434.0)
(386.0,434.0)
(424.0,434.0)
(412.0,434.0)
(434.0,434.0)
(417.0,434.0)
(386.0,434.0)
(430.0,434.0)
(434.0,434.0)
(430.0,434.0)
(387.0,434.0)
(386.0,434.0)
(387.0,434.0)
(434.0,434.0)
(434.0,434.0)
(262.0,434.0)
(387.0,434.0)
(758.0,434.0)
(434.0,434.0)
(424.0,434.0)
(430.0,434.0)
(434.0,434.0)
(434.0,434.0)
(387.0,434.0)
(421.0,434.0)
(417.0,434.0)
(434.0,434.0)
(386.0,434.0)
(412.0,434.0)
(417.0,434.0)
(434.0,434.0)
(401.0,434.0)
(552.0,434.0)
(434.0,434.0)
(413.0,434.0)
(434.0,434.0)
(434.0,434.0)
(434.0,434.0)
(434.0,434.0)
(409.0,434.0)
(413.0,434.0)
(434.0,434.0)
(434.0,434.0)
(413.0,434.0)
(413.0,434.0)
(434.0,434.0)
(434.0,434.0)
(413.0,434.0)
(434.0,434.0)
(434.0,434.0)
(767.0,434.0)
(413.0,434.0)
(404.0,434.0)
(434.0,434.0)
(434.0,434.0)
(413.0,434.0)
(434.0,434.0)
(434.0,434.0)
(409.0,434.0)
(434.0,434.0)
(413.0,434.0)
(434.0,434.0)
(413.0,434.0)
(401.0,434.0)
(434.0,434.0)
(434.0,434.0)
(434.0,434.0)
(413.0,434.0)
(401.0,434.0)
(409.0,434.0)
(409.0,434.0)
(434.0,434.0)
(434.0,434.0)
(434.0,434.0)
(434.0,434.0)
(413.0,434.0)
(434.0,434.0)
(434.0,434.0)
(434.0,434.0)
(413.0,434.0)
(434.0,434.0)
(434.0,434.0)
(409.0,434.0)
(427.0,434.0)
(401.0,434.0)
(409.0,434.0)
(434.0,434.0)
(434.0,434.0)
(767.0,434.0)
(409.0,434.0)
(416.0,434.0)
(413.0,434.0)
(434.0,434.0)
(401.0,434.0)
(404.0,434.0)
(434.0,434.0)
(401.0,434.0)
(434.0,434.0)
(434.0,434.0)
(417.0,434.0)
(409.0,434.0)
(413.0,434.0)
(401.0,434.0)
(401.0,434.0)
(434.0,434.0)
(434.0,434.0)
(434.0,434.0)
(434.0,434.0)
(434.0,434.0)
(413.0,434.0)
(434.0,434.0)
(413.0,434.0)
(413.0,434.0)
(413.0,434.0)
(434.0,434.0)
(409.0,434.0)
(434.0,434.0)
(434.0,434.0)
(434.0,434.0)
(767.0,434.0)
(434.0,434.0)
(434.0,434.0)
(434.0,434.0)
(434.0,434.0)
(401.0,434.0)
(401.0,434.0)
(401.0,434.0)
(416.0,434.0)
(434.0,434.0)
(409.0,434.0)
(409.0,434.0)
(434.0,434.0)
(405.0,434.0)
(434.0,434.0)
(434.0,434.0)
(409.0,434.0)
(434.0,434.0)
(401.0,434.0)
(434.0,434.0)
(409.0,434.0)
(434.0,434.0)
(413.0,434.0)
(434.0,434.0)
(434.0,434.0)
(434.0,434.0)
(401.0,434.0)
(413.0,434.0)
(455.0,434.0)
(413.0,434.0)
(767.0,434.0)
(434.0,434.0)
(434.0,434.0)
(401.0,434.0)
(413.0,434.0)
(413.0,434.0)
(401.0,434.0)
(401.0,434.0)
(434.0,434.0)
(434.0,434.0)
(409.0,434.0)
(409.0,434.0)
(434.0,434.0)
(413.0,434.0)
(434.0,434.0)
(434.0,434.0)
(413.0,434.0)
(405.0,434.0)
(416.0,434.0)
(434.0,434.0)
(416.0,434.0)
(434.0,434.0)
(434.0,434.0)
(401.0,434.0)
(413.0,434.0)
(401.0,434.0)
(434.0,434.0)
(413.0,434.0)
(413.0,434.0)
(409.0,434.0)
(413.0,434.0)
(401.0,434.0)
(434.0,434.0)
(401.0,434.0)
(416.0,434.0)
(401.0,434.0)
(409.0,434.0)
(386.0,434.0)
(455.0,434.0)
(401.0,434.0)
(434.0,434.0)
(767.0,434.0)
(413.0,434.0)
(401.0,434.0)
(401.0,434.0)
(401.0,434.0)
(434.0,434.0)
(434.0,434.0)
(434.0,434.0)
(434.0,434.0)
(413.0,434.0)
(413.0,434.0)
(413.0,434.0)
(434.0,434.0)
(413.0,434.0)
(434.0,434.0)
(767.0,434.0)
(434.0,434.0)
(434.0,434.0)
(767.0,434.0)
(434.0,434.0)
(471.0,434.0)
(401.0,434.0)
(401.0,434.0)
(790.0,434.0)
(406.0,434.0)
(413.0,434.0)
(401.0,434.0)
(434.0,434.0)
(434.0,434.0)
(434.0,434.0)
(413.0,434.0)
(401.0,434.0)
(413.0,434.0)
(413.0,434.0)
(434.0,434.0)
(416.0,434.0)
(434.0,434.0)
(434.0,434.0)
(434.0,434.0)
(434.0,434.0)
(412.0,434.0)
(434.0,434.0)
(434.0,434.0)
(434.0,434.0)
(434.0,434.0)
(434.0,434.0)
(434.0,434.0)
(434.0,434.0)
(434.0,434.0)
(434.0,434.0)
(434.0,434.0)
(434.0,434.0)
(434.0,434.0)
(434.0,434.0)
(434.0,434.0)
(434.0,434.0)
(434.0,434.0)
(434.0,434.0)
(434.0,434.0)
(429.0,434.0)
(434.0,434.0)
(770.0,434.0)
(434.0,434.0)
(434.0,434.0)
(414.0,434.0)
(434.0,434.0)
(434.0,434.0)
(416.0,434.0)
(389.0,434.0)
(430.0,434.0)
(434.0,434.0)
(434.0,434.0)
(434.0,434.0)
(434.0,434.0)
(434.0,434.0)
(434.0,434.0)
(434.0,434.0)
(434.0,434.0)
(434.0,434.0)
(434.0,434.0)
(434.0,434.0)
(429.0,434.0)
(434.0,434.0)
(434.0,434.0)
(434.0,434.0)
(434.0,434.0)
(434.0,434.0)
(434.0,434.0)
(434.0,434.0)
(434.0,434.0)
(434.0,434.0)
(434.0,434.0)
(434.0,434.0)
(434.0,434.0)
(434.0,434.0)
(434.0,434.0)
(387.0,434.0)
(403.0,434.0)
(434.0,434.0)
(434.0,434.0)
(389.0,434.0)
(434.0,434.0)
(429.0,434.0)
(403.0,434.0)
(434.0,434.0)
(434.0,434.0)
