(405.0,405.0)
(405.0,405.0)
(405.0,405.0)
(405.0,405.0)
(405.0,405.0)
(417.0,405.0)
(417.0,405.0)
(405.0,405.0)
(405.0,405.0)
(417.0,405.0)
(413.0,405.0)
(405.0,405.0)
(417.0,405.0)
(417.0,405.0)
(405.0,405.0)
(405.0,405.0)
(405.0,405.0)
(405.0,405.0)
(405.0,405.0)
(405.0,405.0)
(405.0,405.0)
(405.0,405.0)
(405.0,405.0)
(405.0,405.0)
(417.0,405.0)
(405.0,405.0)
(405.0,405.0)
(409.0,405.0)
(417.0,405.0)
(405.0,405.0)
(401.0,405.0)
(405.0,405.0)
(405.0,405.0)
(405.0,405.0)
(417.0,405.0)
(405.0,405.0)
(405.0,405.0)
(405.0,405.0)
(405.0,405.0)
(417.0,405.0)
(405.0,405.0)
(405.0,405.0)
(405.0,405.0)
(417.0,405.0)
(405.0,405.0)
(413.0,405.0)
(405.0,405.0)
(405.0,405.0)
(417.0,405.0)
(401.0,405.0)
(412.0,405.0)
(405.0,405.0)
(405.0,405.0)
(405.0,405.0)
(412.0,405.0)
(417.0,405.0)
(405.0,405.0)
(417.0,405.0)
(413.0,405.0)
(405.0,405.0)
(413.0,405.0)
(405.0,405.0)
(405.0,405.0)
(377.0,405.0)
(405.0,405.0)
(405.0,405.0)
(405.0,405.0)
(405.0,405.0)
(412.0,405.0)
(405.0,405.0)
(417.0,405.0)
(405.0,405.0)
(405.0,405.0)
(405.0,405.0)
(405.0,405.0)
(405.0,405.0)
(405.0,405.0)
(417.0,405.0)
(405.0,405.0)
(405.0,405.0)
(405.0,405.0)
(413.0,405.0)
(405.0,405.0)
(405.0,405.0)
(405.0,405.0)
(405.0,405.0)
(405.0,405.0)
(417.0,405.0)
(405.0,405.0)
(405.0,405.0)
(405.0,405.0)
(405.0,405.0)
(417.0,405.0)
(405.0,405.0)
(417.0,405.0)
(405.0,405.0)
(405.0,405.0)
(417.0,405.0)
(405.0,405.0)
(417.0,405.0)
(405.0,405.0)
(405.0,405.0)
(405.0,405.0)
(405.0,405.0)
(417.0,405.0)
(404.0,405.0)
(405.0,405.0)
(405.0,405.0)
(405.0,405.0)
(405.0,405.0)
(405.0,405.0)
(401.0,405.0)
(405.0,405.0)
(405.0,405.0)
(413.0,405.0)
(417.0,405.0)
(417.0,405.0)
(405.0,405.0)
(417.0,405.0)
(401.0,405.0)
(405.0,405.0)
(401.0,405.0)
(404.0,405.0)
(405.0,405.0)
(409.0,405.0)
(405.0,405.0)
(417.0,405.0)
(405.0,405.0)
(405.0,405.0)
(405.0,405.0)
(405.0,405.0)
(417.0,405.0)
(421.0,405.0)
(405.0,405.0)
(405.0,405.0)
(405.0,405.0)
(405.0,405.0)
(405.0,405.0)
(447.0,405.0)
(405.0,405.0)
(405.0,405.0)
(405.0,405.0)
(405.0,405.0)
(405.0,405.0)
(405.0,405.0)
(405.0,405.0)
(405.0,405.0)
(417.0,405.0)
(401.0,405.0)
(405.0,405.0)
(421.0,405.0)
(405.0,405.0)
(405.0,405.0)
(405.0,405.0)
(405.0,405.0)
(417.0,405.0)
(404.0,405.0)
(405.0,405.0)
(405.0,405.0)
(405.0,405.0)
(405.0,405.0)
(405.0,405.0)
(405.0,405.0)
(417.0,405.0)
(405.0,405.0)
(405.0,405.0)
(405.0,405.0)
(405.0,405.0)
(412.0,405.0)
(402.0,405.0)
(405.0,405.0)
(405.0,405.0)
(405.0,405.0)
(405.0,405.0)
(405.0,405.0)
(405.0,405.0)
(405.0,405.0)
(406.0,405.0)
(405.0,405.0)
(405.0,405.0)
(404.0,405.0)
(405.0,405.0)
(405.0,405.0)
(405.0,405.0)
(404.0,405.0)
(405.0,405.0)
(404.0,405.0)
(405.0,405.0)
(405.0,405.0)
(405.0,405.0)
(405.0,405.0)
(417.0,405.0)
(401.0,405.0)
(405.0,405.0)
(405.0,405.0)
(417.0,405.0)
(405.0,405.0)
(405.0,405.0)
(417.0,405.0)
(405.0,405.0)
(405.0,405.0)
(405.0,405.0)
(405.0,405.0)
(404.0,405.0)
(405.0,405.0)
(417.0,405.0)
(405.0,405.0)
(405.0,405.0)
(405.0,405.0)
(402.0,405.0)
(405.0,405.0)
(405.0,405.0)
(405.0,405.0)
(417.0,405.0)
(405.0,405.0)
(412.0,405.0)
(405.0,405.0)
(417.0,405.0)
(405.0,405.0)
(412.0,405.0)
(405.0,405.0)
(405.0,405.0)
(405.0,405.0)
(405.0,405.0)
(405.0,405.0)
(405.0,405.0)
(417.0,405.0)
(405.0,405.0)
(405.0,405.0)
(405.0,405.0)
(405.0,405.0)
(405.0,405.0)
(413.0,405.0)
(405.0,405.0)
(405.0,405.0)
(417.0,405.0)
(405.0,405.0)
(405.0,405.0)
(413.0,405.0)
(405.0,405.0)
(405.0,405.0)
(417.0,405.0)
(402.0,405.0)
(405.0,405.0)
(405.0,405.0)
(417.0,405.0)
(405.0,405.0)
(413.0,405.0)
(405.0,405.0)
(417.0,405.0)
(415.0,405.0)
(413.0,405.0)
(417.0,405.0)
(405.0,405.0)
(417.0,405.0)
(405.0,405.0)
(412.0,405.0)
(405.0,405.0)
(417.0,405.0)
(405.0,405.0)
(405.0,405.0)
(405.0,405.0)
(412.0,405.0)
(405.0,405.0)
(412.0,405.0)
(417.0,405.0)
(404.0,405.0)
(405.0,405.0)
(405.0,405.0)
(405.0,405.0)
(405.0,405.0)
(405.0,405.0)
(405.0,405.0)
(413.0,405.0)
(405.0,405.0)
(404.0,405.0)
(405.0,405.0)
(413.0,405.0)
(405.0,405.0)
(417.0,405.0)
(417.0,405.0)
(405.0,405.0)
(413.0,405.0)
(412.0,405.0)
(401.0,405.0)
(405.0,405.0)
(405.0,405.0)
(413.0,405.0)
(405.0,405.0)
(405.0,405.0)
(405.0,405.0)
(413.0,405.0)
(405.0,405.0)
(417.0,405.0)
(402.0,405.0)
(405.0,405.0)
(404.0,405.0)
(417.0,405.0)
(405.0,405.0)
(405.0,405.0)
(405.0,405.0)
(405.0,405.0)
(405.0,405.0)
(405.0,405.0)
(405.0,405.0)
(405.0,405.0)
(405.0,405.0)
(405.0,405.0)
(405.0,405.0)
(417.0,405.0)
(405.0,405.0)
(417.0,405.0)
(405.0,405.0)
(405.0,405.0)
(405.0,405.0)
(405.0,405.0)
(413.0,405.0)
(417.0,405.0)
(417.0,405.0)
(405.0,405.0)
(405.0,405.0)
(405.0,405.0)
(405.0,405.0)
(405.0,405.0)
(417.0,405.0)
(405.0,405.0)
(417.0,405.0)
(405.0,405.0)
(405.0,405.0)
(413.0,405.0)
(417.0,405.0)
(405.0,405.0)
(405.0,405.0)
(405.0,405.0)
(404.0,405.0)
(405.0,405.0)
(405.0,405.0)
(405.0,405.0)
(405.0,405.0)
(417.0,405.0)
(405.0,405.0)
(405.0,405.0)
(405.0,405.0)
(401.0,405.0)
(405.0,405.0)
(405.0,405.0)
(405.0,405.0)
(417.0,405.0)
(405.0,405.0)
(413.0,405.0)
(405.0,405.0)
(405.0,405.0)
(405.0,405.0)
(413.0,405.0)
(405.0,405.0)
(405.0,405.0)
(405.0,405.0)
(417.0,405.0)
(405.0,405.0)
(401.0,405.0)
(405.0,405.0)
(405.0,405.0)
(405.0,405.0)
(417.0,405.0)
(405.0,405.0)
(405.0,405.0)
(417.0,405.0)
(405.0,405.0)
(405.0,405.0)
(405.0,405.0)
(405.0,405.0)
(405.0,405.0)
(405.0,405.0)
(405.0,405.0)
(447.0,405.0)
(405.0,405.0)
(405.0,405.0)
(405.0,405.0)
(417.0,405.0)
(405.0,405.0)
(405.0,405.0)
(405.0,405.0)
(405.0,405.0)
(405.0,405.0)
(405.0,405.0)
(405.0,405.0)
(412.0,405.0)
(417.0,405.0)
(405.0,405.0)
(417.0,405.0)
(405.0,405.0)
(405.0,405.0)
(401.0,405.0)
(405.0,405.0)
(405.0,405.0)
(405.0,405.0)
(405.0,405.0)
(405.0,405.0)
(409.0,405.0)
(417.0,405.0)
(405.0,405.0)
(405.0,405.0)
(404.0,405.0)
(405.0,405.0)
(417.0,405.0)
(412.0,405.0)
(405.0,405.0)
(405.0,405.0)
(401.0,405.0)
(405.0,405.0)
(405.0,405.0)
(417.0,405.0)
(417.0,405.0)
(417.0,405.0)
(417.0,405.0)
(412.0,405.0)
(405.0,405.0)
(405.0,405.0)
(405.0,405.0)
(405.0,405.0)
(405.0,405.0)
(405.0,405.0)
(405.0,405.0)
(417.0,405.0)
(405.0,405.0)
(405.0,405.0)
(405.0,405.0)
(405.0,405.0)
(405.0,405.0)
(405.0,405.0)
(417.0,405.0)
(405.0,405.0)
(417.0,405.0)
(405.0,405.0)
(405.0,405.0)
(405.0,405.0)
(417.0,405.0)
(405.0,405.0)
(413.0,405.0)
(405.0,405.0)
(413.0,405.0)
(405.0,405.0)
(417.0,405.0)
(405.0,405.0)
(417.0,405.0)
(405.0,405.0)
(405.0,405.0)
(405.0,405.0)
(405.0,405.0)
(405.0,405.0)
(417.0,405.0)
(417.0,405.0)
(405.0,405.0)
(405.0,405.0)
(405.0,405.0)
(412.0,405.0)
(405.0,405.0)
(415.0,405.0)
(402.0,405.0)
(404.0,405.0)
(405.0,405.0)
(405.0,405.0)
(417.0,405.0)
(405.0,405.0)
(405.0,405.0)
(405.0,405.0)
(404.0,405.0)
(405.0,405.0)
(417.0,405.0)
(767.0,405.0)
(412.0,405.0)
(412.0,405.0)
(405.0,405.0)
(405.0,405.0)
(412.0,405.0)
(405.0,405.0)
(413.0,405.0)
(405.0,405.0)
(405.0,405.0)
(405.0,405.0)
(405.0,405.0)
(405.0,405.0)
(405.0,405.0)
(405.0,405.0)
(417.0,405.0)
(405.0,405.0)
(405.0,405.0)
(377.0,405.0)
(405.0,405.0)
(417.0,405.0)
(405.0,405.0)
(417.0,405.0)
(405.0,405.0)
(413.0,405.0)
(417.0,405.0)
(405.0,405.0)
(405.0,405.0)
(405.0,405.0)
(417.0,405.0)
(405.0,405.0)
(417.0,405.0)
(405.0,405.0)
(405.0,405.0)
(405.0,405.0)
(405.0,405.0)
(405.0,405.0)
(405.0,405.0)
(405.0,405.0)
(405.0,405.0)
(455.0,407.0)
(417.0,407.0)
(417.0,407.0)
(455.0,407.0)
(395.0,407.0)
(475.0,407.0)
(447.0,407.0)
(404.0,407.0)
(396.0,407.0)
(404.0,407.0)
(404.0,407.0)
(767.0,407.0)
(407.0,407.0)
(407.0,407.0)
(767.0,407.0)
(407.0,407.0)
(417.0,407.0)
(407.0,407.0)
(417.0,407.0)
(404.0,407.0)
(407.0,407.0)
(406.0,407.0)
(407.0,407.0)
(407.0,407.0)
(417.0,407.0)
(417.0,407.0)
(417.0,407.0)
(417.0,407.0)
(262.0,407.0)
(404.0,407.0)
(372.0,407.0)
(407.0,407.0)
(404.0,407.0)
(417.0,407.0)
(417.0,407.0)
(404.0,407.0)
(407.0,407.0)
(455.0,407.0)
(404.0,407.0)
(407.0,407.0)
(447.0,407.0)
(404.0,407.0)
(407.0,407.0)
(404.0,407.0)
(407.0,407.0)
(404.0,407.0)
(417.0,407.0)
(404.0,407.0)
(767.0,407.0)
(407.0,407.0)
(386.0,407.0)
(407.0,407.0)
(404.0,407.0)
(417.0,407.0)
(407.0,407.0)
(404.0,407.0)
(404.0,407.0)
(404.0,407.0)
(407.0,407.0)
(407.0,407.0)
(404.0,407.0)
(407.0,407.0)
(407.0,407.0)
(407.0,407.0)
(447.0,407.0)
(404.0,407.0)
(407.0,407.0)
(455.0,407.0)
(407.0,407.0)
(417.0,407.0)
(404.0,407.0)
(407.0,407.0)
(404.0,407.0)
(407.0,407.0)
(407.0,407.0)
(417.0,407.0)
(417.0,407.0)
(417.0,407.0)
(404.0,407.0)
(417.0,407.0)
(417.0,407.0)
(417.0,407.0)
(404.0,407.0)
(407.0,407.0)
(407.0,407.0)
(455.0,407.0)
(407.0,407.0)
(417.0,407.0)
(407.0,407.0)
(417.0,407.0)
(417.0,407.0)
(417.0,407.0)
(417.0,407.0)
(404.0,407.0)
(459.0,407.0)
(447.0,407.0)
(417.0,407.0)
(417.0,407.0)
(417.0,407.0)
(417.0,407.0)
(417.0,407.0)
(455.0,407.0)
(407.0,407.0)
(406.0,407.0)
(407.0,407.0)
(417.0,407.0)
(404.0,407.0)
(407.0,407.0)
(417.0,407.0)
(407.0,407.0)
(417.0,407.0)
(417.0,407.0)
(407.0,407.0)
(407.0,407.0)
(417.0,407.0)
(417.0,407.0)
(407.0,407.0)
(407.0,407.0)
(407.0,407.0)
(404.0,407.0)
(404.0,407.0)
(404.0,407.0)
(417.0,407.0)
(404.0,407.0)
(404.0,407.0)
(407.0,407.0)
(407.0,407.0)
(407.0,407.0)
(417.0,407.0)
(407.0,407.0)
(417.0,407.0)
(407.0,407.0)
(417.0,407.0)
(417.0,407.0)
(401.0,407.0)
(404.0,407.0)
(417.0,407.0)
(396.0,407.0)
(407.0,407.0)
(407.0,407.0)
(417.0,407.0)
(417.0,407.0)
(404.0,407.0)
(417.0,407.0)
(417.0,407.0)
(407.0,407.0)
(417.0,407.0)
(417.0,407.0)
(404.0,407.0)
(447.0,407.0)
(404.0,407.0)
(404.0,407.0)
(455.0,407.0)
(404.0,407.0)
(407.0,407.0)
(407.0,407.0)
(417.0,407.0)
(404.0,407.0)
(417.0,407.0)
(417.0,407.0)
(417.0,407.0)
(455.0,407.0)
(407.0,407.0)
(407.0,407.0)
(407.0,407.0)
(417.0,407.0)
(417.0,407.0)
(407.0,407.0)
(407.0,407.0)
(417.0,407.0)
(417.0,407.0)
(407.0,407.0)
(455.0,407.0)
(447.0,407.0)
(407.0,407.0)
(404.0,407.0)
(407.0,407.0)
(407.0,407.0)
(417.0,407.0)
(407.0,407.0)
(407.0,407.0)
(404.0,407.0)
(455.0,407.0)
(407.0,407.0)
(407.0,407.0)
(417.0,407.0)
(407.0,407.0)
(417.0,407.0)
(404.0,407.0)
(407.0,407.0)
(412.0,409.0)
(412.0,409.0)
(412.0,409.0)
(412.0,409.0)
(409.0,409.0)
(412.0,409.0)
(417.0,409.0)
(402.0,409.0)
(412.0,409.0)
(790.0,409.0)
(417.0,409.0)
(417.0,409.0)
(409.0,409.0)
(412.0,409.0)
(412.0,409.0)
(412.0,409.0)
(412.0,409.0)
(412.0,409.0)
(417.0,409.0)
(412.0,409.0)
(409.0,409.0)
(412.0,409.0)
(412.0,409.0)
(409.0,409.0)
(412.0,409.0)
(409.0,409.0)
(409.0,409.0)
(413.0,409.0)
(412.0,409.0)
(412.0,409.0)
(412.0,409.0)
(409.0,409.0)
(412.0,409.0)
(412.0,409.0)
(790.0,409.0)
(423.0,409.0)
(412.0,409.0)
(412.0,409.0)
(412.0,409.0)
(417.0,409.0)
(412.0,409.0)
(412.0,409.0)
(409.0,409.0)
(412.0,409.0)
(412.0,409.0)
(417.0,409.0)
(412.0,409.0)
(412.0,409.0)
(412.0,409.0)
(417.0,409.0)
(412.0,409.0)
(412.0,409.0)
(412.0,409.0)
(412.0,409.0)
(417.0,409.0)
(409.0,409.0)
(412.0,409.0)
(412.0,409.0)
(412.0,409.0)
(412.0,409.0)
(412.0,409.0)
(417.0,409.0)
(412.0,409.0)
(412.0,409.0)
(412.0,409.0)
(409.0,409.0)
(417.0,409.0)
(412.0,409.0)
(412.0,409.0)
(412.0,409.0)
(409.0,409.0)
(412.0,409.0)
(417.0,409.0)
(401.0,409.0)
(412.0,409.0)
(409.0,409.0)
(417.0,409.0)
(412.0,409.0)
(423.0,409.0)
(412.0,409.0)
(412.0,409.0)
(417.0,409.0)
(412.0,409.0)
(417.0,409.0)
(412.0,409.0)
(412.0,409.0)
(417.0,409.0)
(412.0,409.0)
(412.0,409.0)
(412.0,409.0)
(412.0,409.0)
(412.0,409.0)
(412.0,409.0)
(412.0,409.0)
(412.0,409.0)
(412.0,409.0)
(412.0,409.0)
(417.0,409.0)
(412.0,409.0)
(417.0,409.0)
(412.0,409.0)
(768.0,409.0)
(412.0,409.0)
(412.0,409.0)
(412.0,409.0)
(412.0,409.0)
(412.0,409.0)
(422.0,409.0)
(412.0,409.0)
(412.0,409.0)
(409.0,409.0)
(412.0,409.0)
(412.0,409.0)
(412.0,409.0)
(412.0,409.0)
(412.0,409.0)
(412.0,409.0)
(412.0,409.0)
(412.0,409.0)
(417.0,409.0)
(409.0,409.0)
(412.0,409.0)
(412.0,409.0)
(412.0,409.0)
(412.0,409.0)
(417.0,409.0)
(427.0,409.0)
(412.0,409.0)
(412.0,409.0)
(412.0,409.0)
(412.0,409.0)
(412.0,409.0)
(409.0,409.0)
(417.0,409.0)
(412.0,409.0)
(412.0,409.0)
(412.0,409.0)
(412.0,409.0)
(412.0,409.0)
(412.0,409.0)
(417.0,409.0)
(412.0,409.0)
(790.0,409.0)
(417.0,409.0)
(417.0,409.0)
(409.0,409.0)
(409.0,409.0)
(412.0,409.0)
(412.0,409.0)
(417.0,409.0)
(412.0,409.0)
(409.0,409.0)
(412.0,409.0)
(412.0,409.0)
(412.0,409.0)
(412.0,409.0)
(409.0,409.0)
(412.0,409.0)
(409.0,409.0)
(412.0,409.0)
(412.0,409.0)
(412.0,409.0)
(412.0,409.0)
(413.0,409.0)
(412.0,409.0)
(412.0,409.0)
(412.0,409.0)
(412.0,409.0)
(417.0,409.0)
(412.0,409.0)
(412.0,409.0)
(409.0,409.0)
(417.0,409.0)
(417.0,409.0)
(409.0,409.0)
(412.0,409.0)
(412.0,409.0)
(423.0,409.0)
(417.0,409.0)
(412.0,409.0)
(412.0,409.0)
(412.0,409.0)
(412.0,409.0)
(768.0,409.0)
(409.0,409.0)
(417.0,409.0)
(412.0,409.0)
(412.0,409.0)
(412.0,409.0)
(412.0,409.0)
(412.0,409.0)
(412.0,409.0)
(412.0,409.0)
(412.0,409.0)
(412.0,409.0)
(409.0,409.0)
(409.0,409.0)
(409.0,409.0)
(409.0,409.0)
(409.0,409.0)
(409.0,409.0)
(409.0,409.0)
(409.0,409.0)
(409.0,409.0)
(409.0,409.0)
(389.0,409.0)
(409.0,409.0)
(409.0,409.0)
(409.0,409.0)
(409.0,409.0)
(416.0,409.0)
(409.0,409.0)
(409.0,409.0)
(438.0,409.0)
(409.0,409.0)
(410.0,409.0)
(445.0,409.0)
(387.0,409.0)
(409.0,409.0)
(758.0,409.0)
(416.0,409.0)
(409.0,409.0)
(409.0,409.0)
(409.0,409.0)
(409.0,409.0)
(409.0,409.0)
(387.0,409.0)
(409.0,409.0)
(409.0,409.0)
(409.0,409.0)
(406.0,409.0)
(460.0,409.0)
(409.0,409.0)
(409.0,409.0)
(408.0,409.0)
(409.0,409.0)
(409.0,409.0)
(410.0,409.0)
(389.0,409.0)
(409.0,409.0)
(460.0,409.0)
(409.0,409.0)
(409.0,409.0)
(387.0,409.0)
(409.0,409.0)
(409.0,409.0)
(410.0,409.0)
(416.0,409.0)
(410.0,409.0)
(409.0,409.0)
(409.0,409.0)
(409.0,409.0)
(409.0,409.0)
(409.0,409.0)
(409.0,409.0)
(409.0,409.0)
(409.0,409.0)
(387.0,409.0)
(409.0,409.0)
(410.0,409.0)
(409.0,409.0)
(403.0,409.0)
(409.0,409.0)
(388.0,409.0)
(387.0,409.0)
(409.0,409.0)
(409.0,409.0)
(409.0,409.0)
(410.0,409.0)
(387.0,409.0)
(445.0,409.0)
(409.0,409.0)
(409.0,409.0)
(409.0,409.0)
(409.0,409.0)
(409.0,409.0)
(409.0,409.0)
(409.0,409.0)
(461.0,409.0)
(416.0,409.0)
(409.0,409.0)
(387.0,409.0)
(438.0,409.0)
(409.0,409.0)
(410.0,409.0)
(409.0,409.0)
(409.0,409.0)
(758.0,409.0)
(409.0,409.0)
(410.0,409.0)
(445.0,409.0)
(409.0,409.0)
(409.0,409.0)
(409.0,409.0)
(409.0,409.0)
(409.0,409.0)
(409.0,409.0)
(409.0,409.0)
(461.0,409.0)
(409.0,409.0)
(387.0,409.0)
(409.0,409.0)
(409.0,409.0)
(409.0,409.0)
(409.0,409.0)
(409.0,409.0)
(409.0,409.0)
(410.0,409.0)
(409.0,409.0)
(388.0,409.0)
(410.0,409.0)
(387.0,409.0)
(386.0,409.0)
(409.0,409.0)
(410.0,409.0)
(409.0,409.0)
(409.0,409.0)
(461.0,409.0)
(409.0,409.0)
(409.0,409.0)
(387.0,409.0)
(409.0,409.0)
(409.0,409.0)
(460.0,409.0)
(410.0,409.0)
(409.0,409.0)
(409.0,409.0)
(409.0,409.0)
(416.0,409.0)
(409.0,409.0)
(417.0,409.0)
(416.0,409.0)
(409.0,409.0)
(410.0,409.0)
(409.0,409.0)
(409.0,409.0)
(409.0,409.0)
(416.0,409.0)
(409.0,409.0)
(409.0,409.0)
(409.0,409.0)
(410.0,409.0)
(409.0,409.0)
(409.0,409.0)
(388.0,409.0)
(410.0,409.0)
(461.0,409.0)
(409.0,409.0)
(409.0,409.0)
(409.0,409.0)
(409.0,409.0)
(409.0,409.0)
(387.0,409.0)
(409.0,409.0)
(262.0,409.0)
(409.0,409.0)
(410.0,409.0)
(409.0,409.0)
(409.0,409.0)
(409.0,409.0)
(758.0,409.0)
(409.0,409.0)
(409.0,409.0)
(409.0,409.0)
(410.0,409.0)
(388.0,409.0)
(758.0,409.0)
(410.0,409.0)
(409.0,409.0)
(409.0,409.0)
(410.0,409.0)
(388.0,409.0)
(409.0,409.0)
(409.0,409.0)
(409.0,409.0)
(409.0,409.0)
(410.0,409.0)
(410.0,409.0)
(409.0,409.0)
(388.0,409.0)
(409.0,409.0)
(410.0,409.0)
(416.0,409.0)
(409.0,409.0)
(466.0,409.0)
(409.0,409.0)
(409.0,409.0)
(389.0,409.0)
(409.0,409.0)
(409.0,409.0)
(409.0,409.0)
(393.0,409.0)
(388.0,409.0)
(399.0,409.0)
(409.0,409.0)
(393.0,409.0)
(410.0,409.0)
(387.0,409.0)
(393.0,409.0)
(409.0,409.0)
(409.0,409.0)
(409.0,409.0)
(410.0,409.0)
(393.0,409.0)
(409.0,409.0)
(393.0,409.0)
(410.0,409.0)
(409.0,409.0)
(409.0,409.0)
(409.0,409.0)
(409.0,409.0)
(409.0,409.0)
(445.0,409.0)
(410.0,409.0)
(409.0,409.0)
(409.0,409.0)
(409.0,409.0)
(409.0,409.0)
(409.0,409.0)
(798.0,409.0)
(410.0,409.0)
(461.0,409.0)
(393.0,409.0)
(409.0,409.0)
(388.0,409.0)
(460.0,409.0)
(409.0,409.0)
(410.0,409.0)
(409.0,409.0)
(757.0,409.0)
(409.0,409.0)
(410.0,409.0)
(387.0,409.0)
(393.0,409.0)
(410.0,409.0)
(393.0,409.0)
(387.0,409.0)
(409.0,409.0)
(409.0,409.0)
(393.0,409.0)
(391.0,409.0)
(409.0,409.0)
(387.0,409.0)
(387.0,409.0)
(409.0,409.0)
(460.0,409.0)
(409.0,409.0)
(409.0,409.0)
(410.0,409.0)
(387.0,409.0)
(409.0,409.0)
(409.0,409.0)
(409.0,409.0)
(409.0,409.0)
(409.0,409.0)
(391.0,409.0)
(416.0,409.0)
(409.0,409.0)
(409.0,409.0)
(409.0,409.0)
(409.0,409.0)
(409.0,409.0)
(393.0,409.0)
(409.0,409.0)
(387.0,409.0)
(410.0,409.0)
(386.0,409.0)
(460.0,409.0)
(410.0,409.0)
(409.0,409.0)
(409.0,409.0)
(393.0,409.0)
(409.0,409.0)
(393.0,409.0)
(409.0,409.0)
(409.0,409.0)
(409.0,409.0)
(409.0,409.0)
(409.0,409.0)
(409.0,409.0)
(409.0,409.0)
(409.0,409.0)
(393.0,409.0)
(409.0,409.0)
(410.0,409.0)
(410.0,409.0)
(409.0,409.0)
(409.0,409.0)
(410.0,409.0)
(409.0,409.0)
(409.0,409.0)
(410.0,409.0)
(409.0,409.0)
(445.0,409.0)
(410.0,409.0)
(393.0,409.0)
(409.0,409.0)
(410.0,409.0)
(409.0,409.0)
(409.0,409.0)
(409.0,409.0)
(409.0,409.0)
(386.0,409.0)
(410.0,409.0)
(410.0,409.0)
(409.0,409.0)
(409.0,409.0)
(409.0,409.0)
(393.0,409.0)
(409.0,409.0)
(409.0,409.0)
(466.0,409.0)
(393.0,409.0)
(393.0,409.0)
(409.0,409.0)
(409.0,409.0)
(410.0,409.0)
(393.0,409.0)
(410.0,409.0)
(410.0,409.0)
(398.0,409.0)
(409.0,409.0)
(410.0,409.0)
(409.0,409.0)
(409.0,409.0)
(409.0,409.0)
(409.0,409.0)
(409.0,409.0)
(409.0,409.0)
(410.0,409.0)
(409.0,409.0)
(445.0,409.0)
(409.0,409.0)
(409.0,409.0)
(388.0,409.0)
(410.0,409.0)
(393.0,409.0)
(409.0,409.0)
(410.0,409.0)
(409.0,409.0)
(409.0,409.0)
(393.0,409.0)
(410.0,409.0)
(410.0,409.0)
(409.0,409.0)
(409.0,409.0)
(409.0,409.0)
(409.0,409.0)
(409.0,409.0)
(758.0,409.0)
(409.0,409.0)
(409.0,409.0)
(410.0,409.0)
(410.0,409.0)
(387.0,409.0)
(410.0,409.0)
(393.0,409.0)
(386.0,409.0)
(409.0,409.0)
(410.0,409.0)
(409.0,409.0)
(410.0,409.0)
(410.0,409.0)
(388.0,409.0)
(410.0,409.0)
(409.0,409.0)
(410.0,409.0)
(464.0,409.0)
(771.0,409.0)
(464.0,409.0)
(393.0,409.0)
(409.0,409.0)
(409.0,409.0)
(464.0,409.0)
(409.0,409.0)
(479.0,409.0)
(393.0,409.0)
(799.0,409.0)
(757.0,409.0)
(409.0,409.0)
(410.0,409.0)
(412.0,409.0)
(412.0,409.0)
(412.0,409.0)
(412.0,409.0)
(412.0,409.0)
(412.0,409.0)
(417.0,409.0)
(412.0,409.0)
(412.0,409.0)
(412.0,409.0)
(412.0,409.0)
(412.0,409.0)
(412.0,409.0)
(412.0,409.0)
(403.0,409.0)
(412.0,409.0)
(412.0,409.0)
(417.0,409.0)
(412.0,409.0)
(790.0,409.0)
(412.0,409.0)
(417.0,409.0)
(409.0,409.0)
(412.0,409.0)
(412.0,409.0)
(412.0,409.0)
(412.0,409.0)
(409.0,409.0)
(412.0,409.0)
(412.0,409.0)
(412.0,409.0)
(412.0,409.0)
(412.0,409.0)
(417.0,409.0)
(412.0,409.0)
(412.0,409.0)
(412.0,409.0)
(412.0,409.0)
(412.0,409.0)
(412.0,409.0)
(412.0,409.0)
(412.0,409.0)
(412.0,409.0)
(412.0,409.0)
(412.0,409.0)
(412.0,409.0)
(412.0,409.0)
(412.0,409.0)
(412.0,409.0)
(412.0,409.0)
(412.0,409.0)
(435.0,409.0)
(417.0,409.0)
(409.0,409.0)
(412.0,409.0)
(412.0,409.0)
(790.0,409.0)
(412.0,409.0)
(412.0,409.0)
(412.0,409.0)
(415.0,409.0)
(412.0,409.0)
(417.0,409.0)
(412.0,409.0)
(413.0,409.0)
(412.0,409.0)
(416.0,409.0)
(409.0,409.0)
(409.0,409.0)
(412.0,409.0)
(412.0,409.0)
(412.0,409.0)
(409.0,409.0)
(401.0,409.0)
(412.0,409.0)
(401.0,409.0)
(417.0,409.0)
(412.0,409.0)
(412.0,409.0)
(409.0,409.0)
(409.0,409.0)
(412.0,409.0)
(412.0,409.0)
(412.0,409.0)
(412.0,409.0)
(412.0,409.0)
(412.0,409.0)
(412.0,409.0)
(412.0,409.0)
(412.0,409.0)
(417.0,409.0)
(412.0,409.0)
(412.0,409.0)
(412.0,409.0)
(412.0,409.0)
(417.0,409.0)
(412.0,409.0)
(412.0,409.0)
(412.0,409.0)
(412.0,409.0)
(412.0,409.0)
(412.0,409.0)
(409.0,409.0)
(412.0,409.0)
(412.0,409.0)
(409.0,409.0)
(412.0,409.0)
(412.0,409.0)
(413.0,409.0)
(412.0,409.0)
(417.0,409.0)
(412.0,409.0)
(409.0,409.0)
(417.0,409.0)
(412.0,409.0)
(412.0,409.0)
(412.0,409.0)
(417.0,409.0)
(412.0,409.0)
(412.0,409.0)
(412.0,409.0)
(417.0,409.0)
(412.0,409.0)
(412.0,409.0)
(412.0,409.0)
(412.0,409.0)
(417.0,409.0)
(401.0,409.0)
(412.0,409.0)
(412.0,409.0)
(412.0,409.0)
(412.0,409.0)
(412.0,409.0)
(412.0,409.0)
(412.0,409.0)
(412.0,409.0)
(412.0,409.0)
(417.0,409.0)
(409.0,409.0)
(412.0,409.0)
(412.0,409.0)
(417.0,409.0)
(412.0,409.0)
(412.0,409.0)
(413.0,409.0)
(412.0,409.0)
(412.0,409.0)
(412.0,409.0)
(412.0,409.0)
(412.0,409.0)
(412.0,409.0)
(412.0,409.0)
(412.0,409.0)
(412.0,409.0)
(409.0,409.0)
(412.0,409.0)
(412.0,409.0)
(412.0,409.0)
(417.0,409.0)
(412.0,409.0)
(412.0,409.0)
(412.0,409.0)
(412.0,409.0)
(413.0,409.0)
(412.0,409.0)
(784.0,409.0)
(412.0,409.0)
(412.0,409.0)
(412.0,409.0)
(412.0,409.0)
(412.0,409.0)
(157.0,409.0)
(412.0,409.0)
(412.0,409.0)
(409.0,409.0)
(413.0,409.0)
(412.0,409.0)
(412.0,409.0)
(412.0,409.0)
(409.0,409.0)
(412.0,409.0)
(412.0,409.0)
(412.0,409.0)
(409.0,409.0)
(412.0,409.0)
(409.0,409.0)
(412.0,409.0)
(401.0,409.0)
(412.0,409.0)
(401.0,409.0)
(409.0,409.0)
(410.0,409.0)
(410.0,409.0)
(398.0,409.0)
(410.0,409.0)
(416.0,409.0)
(409.0,409.0)
(409.0,409.0)
(409.0,409.0)
(387.0,409.0)
(389.0,409.0)
(409.0,409.0)
(409.0,409.0)
(409.0,409.0)
(410.0,409.0)
(410.0,409.0)
(416.0,409.0)
(409.0,409.0)
(409.0,409.0)
(410.0,409.0)
(409.0,409.0)
(409.0,409.0)
(409.0,409.0)
(387.0,409.0)
(416.0,409.0)
(410.0,409.0)
(409.0,409.0)
(409.0,409.0)
(388.0,409.0)
(410.0,409.0)
(409.0,409.0)
(387.0,409.0)
(410.0,409.0)
(387.0,409.0)
(410.0,409.0)
(387.0,409.0)
(409.0,409.0)
(393.0,409.0)
(409.0,409.0)
(409.0,409.0)
(466.0,409.0)
(758.0,409.0)
(410.0,409.0)
(409.0,409.0)
(388.0,409.0)
(409.0,409.0)
(409.0,409.0)
(409.0,409.0)
(389.0,409.0)
(399.0,409.0)
(410.0,409.0)
(409.0,409.0)
(409.0,409.0)
(409.0,409.0)
(410.0,409.0)
(416.0,409.0)
(389.0,409.0)
(412.0,409.0)
(409.0,409.0)
(403.0,409.0)
(409.0,409.0)
(409.0,409.0)
(409.0,409.0)
(393.0,409.0)
(391.0,409.0)
(409.0,409.0)
(410.0,409.0)
(388.0,409.0)
(410.0,409.0)
(409.0,409.0)
(409.0,409.0)
(409.0,409.0)
(409.0,409.0)
(409.0,409.0)
(410.0,409.0)
(409.0,409.0)
(387.0,409.0)
(416.0,409.0)
(387.0,409.0)
(461.0,409.0)
(409.0,409.0)
(410.0,409.0)
(388.0,409.0)
(386.0,409.0)
(445.0,409.0)
(406.0,409.0)
(799.0,409.0)
(387.0,409.0)
(409.0,409.0)
(409.0,409.0)
(390.0,409.0)
(410.0,409.0)
(386.0,409.0)
(412.0,409.0)
(410.0,409.0)
(393.0,409.0)
(409.0,409.0)
(409.0,409.0)
(43.0,409.0)
(416.0,409.0)
(409.0,409.0)
(409.0,409.0)
(409.0,409.0)
(409.0,409.0)
(410.0,409.0)
(410.0,409.0)
(409.0,409.0)
(409.0,409.0)
(387.0,409.0)
(771.0,409.0)
(410.0,409.0)
(416.0,409.0)
(409.0,409.0)
(409.0,409.0)
(410.0,409.0)
(410.0,409.0)
(410.0,409.0)
(409.0,409.0)
(409.0,409.0)
(409.0,409.0)
(409.0,409.0)
(409.0,409.0)
(393.0,409.0)
(409.0,409.0)
(408.0,409.0)
(409.0,409.0)
(387.0,409.0)
(409.0,409.0)
(409.0,409.0)
(409.0,409.0)
(461.0,409.0)
(377.0,409.0)
(389.0,409.0)
(393.0,409.0)
(409.0,409.0)
(389.0,409.0)
(387.0,409.0)
(410.0,409.0)
(409.0,409.0)
(409.0,409.0)
(466.0,409.0)
(409.0,409.0)
(409.0,409.0)
(410.0,409.0)
(409.0,409.0)
(410.0,409.0)
(409.0,409.0)
(386.0,409.0)
(389.0,409.0)
(410.0,409.0)
(391.0,409.0)
(410.0,409.0)
(409.0,409.0)
(409.0,409.0)
(409.0,409.0)
(409.0,409.0)
(409.0,409.0)
(409.0,409.0)
(410.0,409.0)
(410.0,409.0)
(409.0,409.0)
(409.0,409.0)
(410.0,409.0)
(758.0,409.0)
(388.0,409.0)
(410.0,409.0)
(388.0,409.0)
(436.0,409.0)
(388.0,409.0)
(410.0,409.0)
(409.0,409.0)
(387.0,409.0)
(387.0,409.0)
(399.0,409.0)
(388.0,409.0)
(409.0,409.0)
(758.0,409.0)
(409.0,409.0)
(398.0,409.0)
(412.0,409.0)
(388.0,409.0)
(409.0,409.0)
(409.0,409.0)
(403.0,409.0)
(403.0,409.0)
(409.0,409.0)
(799.0,409.0)
(410.0,409.0)
(409.0,409.0)
(409.0,409.0)
(410.0,409.0)
(389.0,409.0)
(409.0,409.0)
(445.0,409.0)
(409.0,409.0)
(412.0,412.0)
(417.0,412.0)
(412.0,412.0)
(401.0,412.0)
(455.0,412.0)
(417.0,412.0)
(405.0,412.0)
(417.0,412.0)
(412.0,412.0)
(405.0,412.0)
(412.0,412.0)
(412.0,412.0)
(405.0,412.0)
(412.0,412.0)
(412.0,412.0)
(413.0,412.0)
(405.0,412.0)
(412.0,412.0)
(417.0,412.0)
(415.0,412.0)
(417.0,412.0)
(412.0,412.0)
(417.0,412.0)
(412.0,412.0)
(405.0,412.0)
(760.0,412.0)
(412.0,412.0)
(412.0,412.0)
(412.0,412.0)
(405.0,412.0)
(412.0,412.0)
(417.0,412.0)
(412.0,412.0)
(412.0,412.0)
(405.0,412.0)
(412.0,412.0)
(412.0,412.0)
(412.0,412.0)
(412.0,412.0)
(405.0,412.0)
(401.0,412.0)
(412.0,412.0)
(401.0,412.0)
(405.0,412.0)
(405.0,412.0)
(405.0,412.0)
(405.0,412.0)
(412.0,412.0)
(412.0,412.0)
(405.0,412.0)
(417.0,412.0)
(417.0,412.0)
(412.0,412.0)
(401.0,412.0)
(405.0,412.0)
(405.0,412.0)
(417.0,412.0)
(412.0,412.0)
(412.0,412.0)
(412.0,412.0)
(417.0,412.0)
(412.0,412.0)
(413.0,412.0)
(417.0,412.0)
(405.0,412.0)
(417.0,412.0)
(405.0,412.0)
(405.0,412.0)
(412.0,412.0)
(417.0,412.0)
(417.0,412.0)
(405.0,412.0)
(412.0,412.0)
(412.0,412.0)
(412.0,412.0)
(417.0,412.0)
(405.0,412.0)
(412.0,412.0)
(417.0,412.0)
(417.0,412.0)
(412.0,412.0)
(412.0,412.0)
(412.0,412.0)
(417.0,412.0)
(417.0,412.0)
(417.0,412.0)
(404.0,412.0)
(372.0,412.0)
(412.0,412.0)
(417.0,412.0)
(401.0,412.0)
(412.0,412.0)
(401.0,412.0)
(405.0,412.0)
(412.0,412.0)
(417.0,412.0)
(413.0,412.0)
(417.0,412.0)
(401.0,412.0)
(405.0,412.0)
(417.0,412.0)
(455.0,412.0)
(412.0,412.0)
(417.0,412.0)
(405.0,412.0)
(401.0,412.0)
(412.0,412.0)
(412.0,412.0)
(417.0,412.0)
(405.0,412.0)
(413.0,412.0)
(416.0,412.0)
(417.0,412.0)
(412.0,412.0)
(401.0,412.0)
(435.0,412.0)
(417.0,412.0)
(412.0,412.0)
(768.0,412.0)
(412.0,412.0)
(405.0,412.0)
(412.0,412.0)
(434.0,412.0)
(412.0,412.0)
(412.0,412.0)
(790.0,412.0)
(413.0,412.0)
(417.0,412.0)
(417.0,412.0)
(412.0,412.0)
(405.0,412.0)
(405.0,412.0)
(412.0,412.0)
(413.0,412.0)
(405.0,412.0)
(455.0,412.0)
(412.0,412.0)
(405.0,412.0)
(417.0,412.0)
(412.0,412.0)
(417.0,412.0)
(404.0,412.0)
(412.0,412.0)
(405.0,412.0)
(417.0,412.0)
(412.0,412.0)
(412.0,412.0)
(417.0,412.0)
(412.0,412.0)
(405.0,412.0)
(415.0,412.0)
(417.0,412.0)
(405.0,412.0)
(412.0,412.0)
(412.0,412.0)
(412.0,412.0)
(412.0,412.0)
(790.0,412.0)
(412.0,412.0)
(401.0,412.0)
(417.0,412.0)
(413.0,412.0)
(412.0,412.0)
(417.0,412.0)
(412.0,412.0)
(417.0,412.0)
(417.0,412.0)
(405.0,412.0)
(405.0,412.0)
(412.0,412.0)
(412.0,412.0)
(412.0,412.0)
(412.0,412.0)
(405.0,412.0)
(790.0,412.0)
(417.0,412.0)
(412.0,412.0)
(417.0,412.0)
(412.0,412.0)
(417.0,412.0)
(413.0,412.0)
(417.0,412.0)
(412.0,412.0)
(405.0,412.0)
(412.0,412.0)
(417.0,412.0)
(413.0,412.0)
(412.0,412.0)
(770.0,412.0)
(412.0,412.0)
(401.0,412.0)
(405.0,412.0)
(412.0,412.0)
(455.0,412.0)
(401.0,412.0)
(412.0,412.0)
(412.0,412.0)
(405.0,412.0)
(412.0,412.0)
(43.0,412.0)
(412.0,412.0)
(404.0,412.0)
(412.0,412.0)
(417.0,412.0)
(455.0,412.0)
(401.0,412.0)
(405.0,412.0)
(413.0,412.0)
(417.0,412.0)
(412.0,412.0)
(417.0,412.0)
(417.0,412.0)
(417.0,412.0)
(417.0,412.0)
(417.0,412.0)
(447.0,412.0)
(412.0,412.0)
(412.0,412.0)
(412.0,412.0)
(421.0,412.0)
(412.0,412.0)
(405.0,412.0)
(401.0,412.0)
(412.0,412.0)
(412.0,412.0)
(405.0,412.0)
(417.0,412.0)
(405.0,412.0)
(413.0,412.0)
(412.0,412.0)
(417.0,412.0)
(412.0,412.0)
(768.0,412.0)
(413.0,412.0)
(412.0,412.0)
(417.0,412.0)
(412.0,412.0)
(417.0,412.0)
(405.0,412.0)
(417.0,412.0)
(412.0,412.0)
(417.0,412.0)
(405.0,412.0)
(412.0,412.0)
(413.0,412.0)
(412.0,412.0)
(412.0,412.0)
(405.0,412.0)
(405.0,412.0)
(405.0,412.0)
(412.0,412.0)
(412.0,412.0)
(417.0,412.0)
(412.0,412.0)
(412.0,412.0)
(405.0,412.0)
(417.0,412.0)
(412.0,412.0)
(417.0,412.0)
(417.0,412.0)
(405.0,412.0)
(417.0,412.0)
(417.0,412.0)
(405.0,412.0)
(417.0,412.0)
(417.0,412.0)
(413.0,412.0)
(412.0,412.0)
(412.0,412.0)
(401.0,412.0)
(412.0,412.0)
(412.0,412.0)
(417.0,412.0)
(417.0,412.0)
(405.0,412.0)
(412.0,412.0)
(405.0,412.0)
(412.0,412.0)
(417.0,412.0)
(417.0,412.0)
(412.0,412.0)
(417.0,412.0)
(412.0,412.0)
(412.0,412.0)
(412.0,412.0)
(412.0,412.0)
(768.0,412.0)
(412.0,412.0)
(412.0,412.0)
(417.0,412.0)
(413.0,412.0)
(412.0,412.0)
(412.0,412.0)
(777.0,412.0)
(405.0,412.0)
(427.0,412.0)
(405.0,412.0)
(412.0,412.0)
(412.0,412.0)
(412.0,412.0)
(417.0,412.0)
(421.0,412.0)
(412.0,412.0)
(455.0,412.0)
(412.0,412.0)
(412.0,412.0)
(412.0,412.0)
(768.0,412.0)
(405.0,412.0)
(417.0,412.0)
(417.0,412.0)
(405.0,412.0)
(417.0,412.0)
(417.0,412.0)
(405.0,412.0)
(412.0,412.0)
(412.0,412.0)
(412.0,412.0)
(417.0,412.0)
(413.0,412.0)
(417.0,412.0)
(412.0,412.0)
(412.0,412.0)
(412.0,412.0)
(401.0,412.0)
(412.0,412.0)
(417.0,412.0)
(786.0,412.0)
(405.0,412.0)
(412.0,412.0)
(417.0,412.0)
(427.0,412.0)
(412.0,412.0)
(412.0,412.0)
(412.0,412.0)
(412.0,412.0)
(790.0,412.0)
(405.0,412.0)
(412.0,412.0)
(405.0,412.0)
(405.0,412.0)
(405.0,412.0)
(455.0,412.0)
(405.0,412.0)
(417.0,412.0)
(413.0,412.0)
(417.0,412.0)
(412.0,412.0)
(405.0,412.0)
(405.0,412.0)
(412.0,412.0)
(405.0,412.0)
(401.0,412.0)
(417.0,412.0)
(409.0,412.0)
(767.0,412.0)
(412.0,412.0)
(412.0,412.0)
(417.0,412.0)
(404.0,412.0)
(417.0,412.0)
(412.0,412.0)
(412.0,412.0)
(405.0,412.0)
(412.0,412.0)
(447.0,412.0)
(417.0,412.0)
(413.0,412.0)
(401.0,412.0)
(405.0,412.0)
(405.0,412.0)
(401.0,412.0)
(784.0,412.0)
(405.0,412.0)
(417.0,412.0)
(401.0,412.0)
(405.0,412.0)
(412.0,412.0)
(405.0,412.0)
(405.0,412.0)
(417.0,412.0)
(405.0,412.0)
(415.0,412.0)
(412.0,412.0)
(413.0,412.0)
(405.0,412.0)
(417.0,412.0)
(412.0,412.0)
(412.0,412.0)
(412.0,412.0)
(413.0,412.0)
(417.0,412.0)
(405.0,412.0)
(805.0,412.0)
(790.0,412.0)
(412.0,412.0)
(412.0,412.0)
(767.0,412.0)
(412.0,412.0)
(412.0,412.0)
(405.0,412.0)
(412.0,412.0)
(412.0,412.0)
(412.0,412.0)
(417.0,412.0)
(417.0,412.0)
(413.0,412.0)
(405.0,412.0)
(412.0,412.0)
(401.0,412.0)
(417.0,412.0)
(417.0,412.0)
(417.0,412.0)
(405.0,412.0)
(405.0,412.0)
(417.0,412.0)
(412.0,412.0)
(417.0,412.0)
(412.0,412.0)
(412.0,412.0)
(412.0,412.0)
(412.0,412.0)
(412.0,412.0)
(412.0,412.0)
(412.0,412.0)
(768.0,412.0)
(412.0,412.0)
(405.0,412.0)
(412.0,412.0)
(423.0,412.0)
(413.0,412.0)
(405.0,412.0)
(405.0,412.0)
(412.0,412.0)
(459.0,412.0)
(412.0,412.0)
(412.0,412.0)
(405.0,412.0)
(409.0,412.0)
(417.0,412.0)
(413.0,412.0)
(412.0,412.0)
(412.0,412.0)
(417.0,412.0)
(405.0,412.0)
(412.0,412.0)
(417.0,412.0)
(417.0,412.0)
(412.0,412.0)
(405.0,412.0)
(417.0,412.0)
(415.0,412.0)
(417.0,412.0)
(413.0,412.0)
(412.0,412.0)
(417.0,412.0)
(455.0,412.0)
(412.0,412.0)
(455.0,412.0)
(412.0,412.0)
(417.0,412.0)
(412.0,412.0)
(413.0,412.0)
(405.0,412.0)
(412.0,412.0)
(412.0,412.0)
(412.0,412.0)
(413.0,412.0)
(405.0,412.0)
(405.0,412.0)
(412.0,412.0)
(412.0,412.0)
(404.0,412.0)
(412.0,412.0)
(401.0,412.0)
(412.0,412.0)
(405.0,412.0)
(401.0,412.0)
(412.0,412.0)
(404.0,412.0)
(405.0,412.0)
(412.0,412.0)
(412.0,412.0)
(405.0,412.0)
(412.0,412.0)
(405.0,412.0)
(412.0,412.0)
(405.0,412.0)
(401.0,412.0)
(401.0,412.0)
(412.0,412.0)
(412.0,412.0)
(412.0,412.0)
(412.0,412.0)
(413.0,412.0)
(417.0,412.0)
(412.0,412.0)
(421.0,412.0)
(401.0,412.0)
(417.0,412.0)
(412.0,412.0)
(417.0,412.0)
(417.0,412.0)
(412.0,412.0)
(417.0,412.0)
(412.0,412.0)
(405.0,412.0)
(417.0,412.0)
(412.0,412.0)
(373.0,412.0)
(412.0,412.0)
(412.0,412.0)
(401.0,412.0)
(417.0,412.0)
(405.0,412.0)
(412.0,412.0)
(417.0,412.0)
(413.0,412.0)
(405.0,412.0)
(405.0,412.0)
(412.0,412.0)
(412.0,412.0)
(412.0,412.0)
(412.0,412.0)
(417.0,412.0)
(412.0,412.0)
(405.0,412.0)
(417.0,412.0)
(412.0,412.0)
(412.0,412.0)
(412.0,412.0)
(412.0,412.0)
(412.0,412.0)
(401.0,412.0)
(409.0,412.0)
(417.0,412.0)
(405.0,412.0)
(455.0,412.0)
(412.0,412.0)
(405.0,412.0)
(417.0,412.0)
(405.0,412.0)
(412.0,412.0)
(417.0,412.0)
(412.0,412.0)
(412.0,412.0)
(413.0,412.0)
(412.0,412.0)
(417.0,412.0)
(417.0,412.0)
(413.0,412.0)
(405.0,412.0)
(417.0,412.0)
(412.0,412.0)
(413.0,412.0)
(412.0,412.0)
(417.0,412.0)
(412.0,412.0)
(409.0,412.0)
(412.0,412.0)
(412.0,412.0)
(412.0,412.0)
(413.0,412.0)
(401.0,412.0)
(412.0,412.0)
(417.0,412.0)
(412.0,412.0)
(405.0,412.0)
(412.0,412.0)
(412.0,412.0)
(405.0,412.0)
(401.0,412.0)
(401.0,412.0)
(417.0,412.0)
(412.0,412.0)
(404.0,412.0)
(404.0,412.0)
(417.0,412.0)
(412.0,412.0)
(405.0,412.0)
(405.0,412.0)
(417.0,412.0)
(767.0,412.0)
(401.0,412.0)
(411.0,412.0)
(412.0,412.0)
(412.0,412.0)
(412.0,412.0)
(768.0,412.0)
(412.0,412.0)
(401.0,412.0)
(412.0,412.0)
(412.0,412.0)
(412.0,412.0)
(455.0,412.0)
(412.0,412.0)
(412.0,412.0)
(412.0,412.0)
(412.0,412.0)
(417.0,412.0)
(427.0,412.0)
(412.0,412.0)
(412.0,412.0)
(412.0,412.0)
(412.0,412.0)
(409.0,412.0)
(413.0,412.0)
(447.0,412.0)
(417.0,412.0)
(401.0,412.0)
(417.0,412.0)
(417.0,412.0)
(412.0,412.0)
(417.0,412.0)
(412.0,412.0)
(412.0,412.0)
(412.0,412.0)
(413.0,412.0)
(417.0,412.0)
(412.0,412.0)
(412.0,412.0)
(412.0,412.0)
(412.0,412.0)
(415.0,412.0)
(412.0,412.0)
(412.0,412.0)
(768.0,412.0)
(412.0,412.0)
(412.0,412.0)
(412.0,412.0)
(412.0,412.0)
(412.0,412.0)
(354.0,412.0)
(406.0,412.0)
(412.0,412.0)
(412.0,412.0)
(412.0,412.0)
(404.0,412.0)
(405.0,412.0)
(412.0,412.0)
(412.0,412.0)
(412.0,412.0)
(412.0,412.0)
(413.0,412.0)
(412.0,412.0)
(417.0,412.0)
(412.0,412.0)
(784.0,412.0)
(413.0,412.0)
(455.0,412.0)
(412.0,412.0)
(401.0,412.0)
(786.0,412.0)
(412.0,412.0)
(417.0,412.0)
(412.0,412.0)
(455.0,412.0)
(412.0,412.0)
(413.0,412.0)
(417.0,412.0)
(413.0,412.0)
(401.0,412.0)
(401.0,412.0)
(417.0,412.0)
(415.0,412.0)
(413.0,412.0)
(412.0,412.0)
(412.0,412.0)
(415.0,412.0)
(427.0,412.0)
(412.0,412.0)
(401.0,412.0)
(401.0,412.0)
(413.0,412.0)
(412.0,412.0)
(455.0,412.0)
(415.0,412.0)
(413.0,412.0)
(412.0,412.0)
(401.0,412.0)
(412.0,412.0)
(412.0,412.0)
(401.0,412.0)
(412.0,412.0)
(417.0,412.0)
(412.0,412.0)
(412.0,412.0)
(406.0,412.0)
(417.0,412.0)
(412.0,412.0)
(412.0,412.0)
(417.0,412.0)
(404.0,412.0)
(412.0,412.0)
(412.0,412.0)
(412.0,412.0)
(417.0,412.0)
(412.0,412.0)
(421.0,412.0)
(455.0,412.0)
(409.0,412.0)
(417.0,412.0)
(417.0,412.0)
(455.0,412.0)
(409.0,412.0)
(412.0,412.0)
(412.0,412.0)
(412.0,412.0)
(412.0,412.0)
(412.0,412.0)
(412.0,412.0)
(413.0,412.0)
(417.0,412.0)
(412.0,412.0)
(447.0,412.0)
(409.0,412.0)
(412.0,412.0)
(417.0,412.0)
(401.0,412.0)
(412.0,412.0)
(412.0,412.0)
(768.0,412.0)
(412.0,412.0)
(401.0,412.0)
(412.0,412.0)
(412.0,412.0)
(401.0,412.0)
(412.0,412.0)
(455.0,412.0)
(401.0,412.0)
(412.0,412.0)
(412.0,412.0)
(767.0,412.0)
(412.0,412.0)
(417.0,412.0)
(455.0,412.0)
(401.0,412.0)
(412.0,412.0)
(412.0,412.0)
(401.0,412.0)
(412.0,412.0)
(412.0,412.0)
(786.0,412.0)
(401.0,412.0)
(412.0,412.0)
(412.0,412.0)
(412.0,412.0)
(401.0,412.0)
(421.0,412.0)
(412.0,412.0)
(455.0,412.0)
(764.0,412.0)
(455.0,412.0)
(401.0,412.0)
(413.0,412.0)
(412.0,412.0)
(412.0,412.0)
(417.0,412.0)
(412.0,412.0)
(413.0,412.0)
(412.0,412.0)
(409.0,412.0)
(412.0,412.0)
(431.0,412.0)
(405.0,412.0)
(434.0,412.0)
(790.0,412.0)
(417.0,412.0)
(413.0,412.0)
(412.0,412.0)
(412.0,412.0)
(401.0,412.0)
(412.0,412.0)
(412.0,412.0)
(405.0,412.0)
(412.0,412.0)
(401.0,412.0)
(401.0,412.0)
(417.0,412.0)
(417.0,412.0)
(413.0,412.0)
(417.0,412.0)
(412.0,412.0)
(405.0,412.0)
(417.0,412.0)
(412.0,412.0)
(790.0,412.0)
(767.0,412.0)
(412.0,412.0)
(417.0,412.0)
(417.0,412.0)
(405.0,412.0)
(405.0,412.0)
(405.0,412.0)
(412.0,412.0)
(401.0,412.0)
(412.0,412.0)
(405.0,412.0)
(412.0,412.0)
(412.0,412.0)
(417.0,412.0)
(405.0,412.0)
(412.0,412.0)
(417.0,412.0)
(412.0,412.0)
(401.0,412.0)
(417.0,412.0)
(417.0,412.0)
(401.0,412.0)
(401.0,412.0)
(401.0,412.0)
(401.0,412.0)
(412.0,412.0)
(455.0,412.0)
(401.0,412.0)
(417.0,412.0)
(421.0,412.0)
(771.0,412.0)
(405.0,412.0)
(417.0,412.0)
(412.0,412.0)
(412.0,412.0)
(405.0,412.0)
(412.0,412.0)
(412.0,412.0)
(447.0,412.0)
(401.0,412.0)
(401.0,412.0)
(412.0,412.0)
(412.0,412.0)
(405.0,412.0)
(412.0,412.0)
(401.0,412.0)
(455.0,412.0)
(417.0,412.0)
(412.0,412.0)
(405.0,412.0)
(417.0,412.0)
(412.0,412.0)
(412.0,412.0)
(413.0,412.0)
(416.0,412.0)
(405.0,412.0)
(417.0,412.0)
(417.0,412.0)
(417.0,412.0)
(767.0,412.0)
(412.0,412.0)
(412.0,412.0)
(412.0,412.0)
(413.0,412.0)
(405.0,412.0)
(401.0,412.0)
(427.0,412.0)
(405.0,412.0)
(417.0,412.0)
(405.0,412.0)
(405.0,412.0)
(412.0,412.0)
(777.0,412.0)
(435.0,412.0)
(417.0,412.0)
(412.0,412.0)
(412.0,412.0)
(417.0,412.0)
(434.0,412.0)
(401.0,412.0)
(401.0,412.0)
(412.0,412.0)
(412.0,412.0)
(412.0,412.0)
(771.0,412.0)
(405.0,412.0)
(417.0,412.0)
(412.0,412.0)
(412.0,412.0)
(401.0,412.0)
(412.0,412.0)
(417.0,412.0)
(417.0,412.0)
(412.0,412.0)
(767.0,412.0)
(405.0,412.0)
(412.0,412.0)
(777.0,412.0)
(405.0,412.0)
(412.0,412.0)
(417.0,412.0)
(412.0,412.0)
(405.0,412.0)
(412.0,412.0)
(405.0,412.0)
(412.0,412.0)
(401.0,412.0)
(412.0,412.0)
(412.0,412.0)
(413.0,412.0)
(417.0,412.0)
(412.0,412.0)
(412.0,412.0)
(412.0,412.0)
(405.0,412.0)
(413.0,412.0)
(412.0,412.0)
(412.0,412.0)
(405.0,412.0)
(412.0,412.0)
(412.0,412.0)
(401.0,412.0)
(412.0,412.0)
(412.0,412.0)
(412.0,412.0)
(790.0,412.0)
(412.0,412.0)
(401.0,412.0)
(768.0,412.0)
(417.0,412.0)
(405.0,412.0)
(405.0,412.0)
(405.0,412.0)
(405.0,412.0)
(413.0,412.0)
(412.0,412.0)
(412.0,412.0)
(417.0,412.0)
(412.0,412.0)
(412.0,412.0)
(412.0,412.0)
(405.0,412.0)
(417.0,412.0)
(405.0,412.0)
(401.0,412.0)
(412.0,412.0)
(412.0,412.0)
(790.0,412.0)
(412.0,412.0)
(417.0,412.0)
(417.0,412.0)
(413.0,412.0)
(417.0,412.0)
(412.0,412.0)
(417.0,412.0)
(405.0,412.0)
(412.0,412.0)
(412.0,412.0)
(405.0,412.0)
(405.0,412.0)
(417.0,412.0)
(412.0,412.0)
(413.0,412.0)
(412.0,412.0)
(405.0,412.0)
(417.0,412.0)
(412.0,412.0)
(412.0,412.0)
(412.0,412.0)
(405.0,412.0)
(417.0,412.0)
(412.0,412.0)
(417.0,412.0)
(417.0,412.0)
(413.0,412.0)
(412.0,412.0)
(427.0,412.0)
(413.0,412.0)
(417.0,412.0)
(417.0,412.0)
(413.0,412.0)
(412.0,412.0)
(405.0,412.0)
(412.0,412.0)
(417.0,412.0)
(405.0,412.0)
(405.0,412.0)
(412.0,412.0)
(412.0,412.0)
(412.0,412.0)
(412.0,412.0)
(417.0,412.0)
(417.0,412.0)
(405.0,412.0)
(412.0,412.0)
(417.0,412.0)
(417.0,412.0)
(417.0,412.0)
(455.0,412.0)
(743.0,412.0)
(412.0,412.0)
(412.0,412.0)
(412.0,412.0)
(412.0,412.0)
(412.0,412.0)
(413.0,412.0)
(412.0,412.0)
(417.0,412.0)
(412.0,412.0)
(412.0,412.0)
(412.0,412.0)
(401.0,412.0)
(401.0,412.0)
(401.0,412.0)
(412.0,412.0)
(401.0,412.0)
(405.0,412.0)
(417.0,412.0)
(412.0,412.0)
(771.0,412.0)
(413.0,412.0)
(412.0,412.0)
(412.0,412.0)
(412.0,412.0)
(412.0,412.0)
(455.0,412.0)
(455.0,412.0)
(412.0,412.0)
(412.0,412.0)
(767.0,412.0)
(401.0,412.0)
(412.0,412.0)
(412.0,412.0)
(417.0,412.0)
(417.0,412.0)
(417.0,412.0)
(417.0,412.0)
(412.0,412.0)
(412.0,412.0)
(455.0,412.0)
(412.0,412.0)
(455.0,412.0)
(417.0,412.0)
(412.0,412.0)
(412.0,412.0)
(412.0,412.0)
(401.0,412.0)
(401.0,412.0)
(413.0,412.0)
(412.0,412.0)
(413.0,412.0)
(455.0,412.0)
(401.0,412.0)
(401.0,412.0)
(413.0,412.0)
(412.0,412.0)
(482.0,412.0)
(412.0,412.0)
(412.0,412.0)
(412.0,412.0)
(417.0,412.0)
(401.0,412.0)
(405.0,412.0)
(406.0,412.0)
(427.0,412.0)
(412.0,412.0)
(401.0,412.0)
(413.0,412.0)
(401.0,412.0)
(401.0,412.0)
(412.0,412.0)
(417.0,412.0)
(412.0,412.0)
(412.0,412.0)
(412.0,412.0)
(412.0,412.0)
(412.0,412.0)
(413.0,412.0)
(401.0,412.0)
(417.0,412.0)
(412.0,412.0)
(405.0,412.0)
(413.0,412.0)
(401.0,412.0)
(413.0,412.0)
(413.0,412.0)
(412.0,412.0)
(413.0,412.0)
(412.0,412.0)
(412.0,412.0)
(412.0,412.0)
(412.0,412.0)
(412.0,412.0)
(455.0,412.0)
(417.0,412.0)
(412.0,412.0)
(401.0,412.0)
(412.0,412.0)
(455.0,412.0)
(412.0,412.0)
(409.0,412.0)
(412.0,412.0)
(417.0,412.0)
(412.0,412.0)
(401.0,412.0)
(412.0,412.0)
(413.0,412.0)
(412.0,412.0)
(455.0,412.0)
(401.0,412.0)
(417.0,412.0)
(412.0,412.0)
(417.0,412.0)
(412.0,412.0)
(412.0,412.0)
(412.0,412.0)
(412.0,412.0)
(417.0,412.0)
(412.0,412.0)
(427.0,412.0)
(412.0,412.0)
(412.0,412.0)
(412.0,412.0)
(412.0,412.0)
(412.0,412.0)
(412.0,412.0)
(412.0,412.0)
(455.0,412.0)
(417.0,412.0)
(412.0,412.0)
(412.0,412.0)
(412.0,412.0)
(412.0,412.0)
(412.0,412.0)
(405.0,412.0)
(412.0,412.0)
(401.0,412.0)
(417.0,412.0)
(401.0,412.0)
(417.0,412.0)
(786.0,412.0)
(417.0,412.0)
(405.0,412.0)
(412.0,412.0)
(401.0,412.0)
(417.0,412.0)
(401.0,412.0)
(412.0,412.0)
(412.0,412.0)
(412.0,412.0)
(413.0,412.0)
(412.0,412.0)
(412.0,412.0)
(413.0,412.0)
(412.0,412.0)
(391.0,412.0)
(412.0,412.0)
(412.0,412.0)
(412.0,412.0)
(412.0,412.0)
(412.0,412.0)
(412.0,412.0)
(417.0,412.0)
(412.0,412.0)
(412.0,412.0)
(412.0,412.0)
(401.0,412.0)
(412.0,412.0)
(455.0,412.0)
(412.0,412.0)
(455.0,412.0)
(401.0,412.0)
(401.0,412.0)
(412.0,412.0)
(412.0,412.0)
(415.0,412.0)
(412.0,412.0)
(417.0,412.0)
(412.0,412.0)
(401.0,412.0)
(417.0,412.0)
(417.0,412.0)
(401.0,412.0)
(421.0,412.0)
(412.0,412.0)
(412.0,412.0)
(455.0,412.0)
(372.0,412.0)
(412.0,412.0)
(401.0,412.0)
(455.0,412.0)
(412.0,412.0)
(427.0,412.0)
(412.0,412.0)
(447.0,412.0)
(412.0,412.0)
(412.0,412.0)
(417.0,412.0)
(417.0,412.0)
(412.0,412.0)
(405.0,412.0)
(412.0,412.0)
(412.0,412.0)
(413.0,412.0)
(423.0,412.0)
(412.0,412.0)
(416.0,412.0)
(412.0,412.0)
(412.0,412.0)
(417.0,412.0)
(421.0,412.0)
(412.0,412.0)
(416.0,412.0)
(417.0,412.0)
(455.0,412.0)
(412.0,412.0)
(412.0,412.0)
(767.0,412.0)
(417.0,412.0)
(417.0,412.0)
(412.0,412.0)
(412.0,412.0)
(412.0,412.0)
(412.0,412.0)
(405.0,412.0)
(412.0,412.0)
(412.0,412.0)
(412.0,412.0)
(412.0,412.0)
(447.0,412.0)
(417.0,412.0)
(405.0,412.0)
(417.0,412.0)
(401.0,412.0)
(435.0,412.0)
(412.0,412.0)
(412.0,412.0)
(405.0,412.0)
(412.0,412.0)
(412.0,412.0)
(412.0,412.0)
(405.0,412.0)
(447.0,412.0)
(421.0,412.0)
(412.0,412.0)
(412.0,412.0)
(412.0,412.0)
(417.0,412.0)
(416.0,412.0)
(463.0,412.0)
(412.0,412.0)
(405.0,412.0)
(412.0,412.0)
(771.0,412.0)
(455.0,412.0)
(412.0,412.0)
(416.0,412.0)
(412.0,412.0)
(417.0,412.0)
(412.0,412.0)
(412.0,412.0)
(447.0,412.0)
(417.0,412.0)
(412.0,412.0)
(412.0,412.0)
(417.0,412.0)
(427.0,412.0)
(412.0,412.0)
(412.0,412.0)
(434.0,412.0)
(421.0,412.0)
(412.0,412.0)
(412.0,412.0)
(417.0,412.0)
(412.0,412.0)
(412.0,412.0)
(412.0,412.0)
(412.0,412.0)
(412.0,412.0)
(412.0,412.0)
(412.0,412.0)
(412.0,412.0)
(412.0,412.0)
(412.0,412.0)
(429.0,412.0)
(412.0,412.0)
(405.0,412.0)
(412.0,412.0)
(434.0,412.0)
(417.0,412.0)
(405.0,412.0)
(412.0,412.0)
(412.0,412.0)
(417.0,412.0)
(412.0,412.0)
(412.0,412.0)
(412.0,412.0)
(771.0,412.0)
(771.0,412.0)
(417.0,412.0)
(416.0,412.0)
(417.0,412.0)
(412.0,412.0)
(417.0,412.0)
(413.0,412.0)
(412.0,412.0)
(417.0,412.0)
(405.0,412.0)
(412.0,412.0)
(412.0,412.0)
(409.0,412.0)
(412.0,412.0)
(412.0,412.0)
(405.0,412.0)
(405.0,412.0)
(405.0,412.0)
(412.0,412.0)
(412.0,412.0)
(405.0,412.0)
(435.0,412.0)
(417.0,412.0)
(412.0,412.0)
(417.0,412.0)
(412.0,412.0)
(405.0,412.0)
(771.0,412.0)
(405.0,412.0)
(412.0,412.0)
(405.0,412.0)
(771.0,412.0)
(412.0,412.0)
(412.0,412.0)
(405.0,412.0)
(412.0,412.0)
(417.0,412.0)
(421.0,412.0)
(412.0,412.0)
(771.0,412.0)
(401.0,412.0)
(427.0,412.0)
(417.0,412.0)
(412.0,412.0)
(417.0,412.0)
(417.0,412.0)
(401.0,412.0)
(412.0,412.0)
(412.0,412.0)
(412.0,412.0)
(412.0,412.0)
(402.0,412.0)
(412.0,412.0)
(405.0,412.0)
(412.0,412.0)
(405.0,412.0)
(412.0,412.0)
(412.0,412.0)
(423.0,412.0)
(435.0,412.0)
(405.0,412.0)
(405.0,412.0)
(405.0,412.0)
(412.0,412.0)
(412.0,412.0)
(412.0,412.0)
(405.0,412.0)
(412.0,412.0)
(412.0,412.0)
(412.0,412.0)
(417.0,412.0)
(412.0,412.0)
(412.0,412.0)
(412.0,412.0)
(412.0,412.0)
(412.0,412.0)
(405.0,412.0)
(412.0,412.0)
(412.0,412.0)
(412.0,412.0)
(412.0,412.0)
(417.0,412.0)
(417.0,412.0)
(412.0,412.0)
(435.0,412.0)
(405.0,412.0)
(417.0,412.0)
(412.0,412.0)
(405.0,412.0)
(417.0,412.0)
(412.0,412.0)
(417.0,412.0)
(412.0,412.0)
(412.0,412.0)
(412.0,412.0)
(405.0,412.0)
(787.0,412.0)
(412.0,412.0)
(412.0,412.0)
(413.0,412.0)
(417.0,412.0)
(412.0,412.0)
(412.0,412.0)
(412.0,412.0)
(412.0,412.0)
(405.0,412.0)
(417.0,412.0)
(381.0,412.0)
(412.0,412.0)
(412.0,412.0)
(412.0,412.0)
(435.0,412.0)
(412.0,412.0)
(435.0,412.0)
(412.0,412.0)
(768.0,412.0)
(421.0,412.0)
(412.0,412.0)
(412.0,412.0)
(412.0,412.0)
(767.0,412.0)
(412.0,412.0)
(412.0,412.0)
(417.0,412.0)
(417.0,412.0)
(412.0,412.0)
(412.0,412.0)
(412.0,412.0)
(412.0,412.0)
(417.0,412.0)
(417.0,412.0)
(412.0,412.0)
(412.0,412.0)
(412.0,412.0)
(421.0,412.0)
(412.0,412.0)
(412.0,412.0)
(412.0,412.0)
(417.0,412.0)
(417.0,412.0)
(416.0,412.0)
(401.0,412.0)
(417.0,412.0)
(417.0,412.0)
(405.0,412.0)
(412.0,412.0)
(412.0,412.0)
(412.0,412.0)
(412.0,412.0)
(412.0,412.0)
(412.0,412.0)
(405.0,412.0)
(412.0,412.0)
(412.0,412.0)
(417.0,412.0)
(412.0,412.0)
(417.0,412.0)
(412.0,412.0)
(412.0,412.0)
(412.0,412.0)
(412.0,412.0)
(768.0,412.0)
(417.0,412.0)
(412.0,412.0)
(412.0,412.0)
(435.0,412.0)
(412.0,412.0)
(412.0,412.0)
(405.0,412.0)
(412.0,412.0)
(405.0,412.0)
(412.0,412.0)
(405.0,412.0)
(412.0,412.0)
(413.0,412.0)
(412.0,412.0)
(412.0,412.0)
(412.0,412.0)
(417.0,412.0)
(413.0,412.0)
(412.0,412.0)
(455.0,412.0)
(412.0,412.0)
(405.0,412.0)
(412.0,412.0)
(412.0,412.0)
(412.0,412.0)
(405.0,412.0)
(417.0,412.0)
(412.0,412.0)
(417.0,412.0)
(412.0,412.0)
(455.0,412.0)
(405.0,412.0)
(405.0,412.0)
(412.0,412.0)
(405.0,412.0)
(768.0,412.0)
(412.0,412.0)
(412.0,412.0)
(412.0,412.0)
(405.0,412.0)
(412.0,412.0)
(417.0,412.0)
(417.0,412.0)
(412.0,412.0)
(417.0,412.0)
(455.0,412.0)
(412.0,412.0)
(455.0,412.0)
(412.0,412.0)
(416.0,412.0)
(405.0,412.0)
(412.0,412.0)
(412.0,412.0)
(412.0,412.0)
(412.0,412.0)
(412.0,412.0)
(412.0,412.0)
(455.0,412.0)
(417.0,412.0)
(412.0,412.0)
(417.0,412.0)
(412.0,412.0)
(427.0,412.0)
(412.0,412.0)
(412.0,412.0)
(417.0,412.0)
(405.0,412.0)
(412.0,412.0)
(412.0,412.0)
(413.0,412.0)
(412.0,412.0)
(412.0,412.0)
(412.0,412.0)
(405.0,412.0)
(405.0,412.0)
(412.0,412.0)
(412.0,412.0)
(417.0,412.0)
(412.0,412.0)
(412.0,412.0)
(405.0,412.0)
(405.0,412.0)
(412.0,412.0)
(417.0,412.0)
(412.0,412.0)
(412.0,412.0)
(412.0,412.0)
(455.0,412.0)
(412.0,412.0)
(412.0,412.0)
(417.0,412.0)
(405.0,412.0)
(412.0,412.0)
(412.0,412.0)
(435.0,412.0)
(412.0,412.0)
(405.0,412.0)
(422.0,412.0)
(417.0,412.0)
(405.0,412.0)
(412.0,412.0)
(412.0,412.0)
(412.0,412.0)
(417.0,412.0)
(412.0,412.0)
(405.0,412.0)
(405.0,412.0)
(412.0,412.0)
(412.0,412.0)
(412.0,412.0)
(405.0,412.0)
(412.0,412.0)
(405.0,412.0)
(417.0,412.0)
(412.0,412.0)
(405.0,412.0)
(377.0,412.0)
(412.0,412.0)
(412.0,412.0)
(455.0,412.0)
(412.0,412.0)
(405.0,412.0)
(405.0,412.0)
(412.0,412.0)
(405.0,412.0)
(417.0,412.0)
(405.0,412.0)
(412.0,412.0)
(405.0,412.0)
(416.0,412.0)
(417.0,412.0)
(413.0,412.0)
(405.0,412.0)
(417.0,412.0)
(417.0,412.0)
(412.0,412.0)
(421.0,412.0)
(412.0,412.0)
(771.0,412.0)
(417.0,412.0)
(405.0,412.0)
(412.0,412.0)
(412.0,412.0)
(417.0,412.0)
(412.0,412.0)
(412.0,412.0)
(405.0,412.0)
(417.0,412.0)
(455.0,412.0)
(412.0,412.0)
(417.0,412.0)
(412.0,412.0)
(417.0,412.0)
(771.0,412.0)
(412.0,412.0)
(421.0,412.0)
(412.0,412.0)
(784.0,412.0)
(412.0,412.0)
(412.0,412.0)
(771.0,412.0)
(447.0,412.0)
(412.0,412.0)
(412.0,412.0)
(412.0,412.0)
(412.0,412.0)
(405.0,412.0)
(405.0,412.0)
(435.0,412.0)
(417.0,412.0)
(416.0,412.0)
(417.0,412.0)
(413.0,412.0)
(417.0,412.0)
(412.0,412.0)
(447.0,412.0)
(412.0,412.0)
(417.0,412.0)
(412.0,412.0)
(401.0,412.0)
(416.0,412.0)
(463.0,412.0)
(412.0,412.0)
(405.0,412.0)
(417.0,412.0)
(417.0,412.0)
(412.0,412.0)
(412.0,412.0)
(405.0,412.0)
(417.0,412.0)
(447.0,412.0)
(768.0,412.0)
(412.0,412.0)
(412.0,412.0)
(768.0,412.0)
(412.0,412.0)
(416.0,412.0)
(412.0,412.0)
(412.0,412.0)
(412.0,412.0)
(405.0,412.0)
(412.0,412.0)
(412.0,412.0)
(412.0,412.0)
(405.0,412.0)
(405.0,412.0)
(412.0,412.0)
(417.0,412.0)
(412.0,412.0)
(412.0,412.0)
(417.0,412.0)
(417.0,412.0)
(417.0,412.0)
(412.0,412.0)
(412.0,412.0)
(405.0,412.0)
(412.0,412.0)
(417.0,412.0)
(405.0,412.0)
(417.0,412.0)
(412.0,412.0)
(412.0,412.0)
(412.0,412.0)
(373.0,412.0)
(412.0,412.0)
(412.0,412.0)
(412.0,412.0)
(412.0,412.0)
(405.0,412.0)
(412.0,412.0)
(412.0,412.0)
(417.0,412.0)
(412.0,412.0)
(412.0,412.0)
(427.0,412.0)
(417.0,412.0)
(402.0,412.0)
(412.0,412.0)
(412.0,412.0)
(412.0,412.0)
(447.0,412.0)
(417.0,412.0)
(416.0,412.0)
(417.0,412.0)
(404.0,412.0)
(405.0,412.0)
(412.0,412.0)
(412.0,412.0)
(771.0,412.0)
(417.0,412.0)
(417.0,412.0)
(435.0,412.0)
(412.0,412.0)
(417.0,412.0)
(412.0,412.0)
(447.0,412.0)
(412.0,412.0)
(417.0,412.0)
(405.0,412.0)
(405.0,412.0)
(401.0,412.0)
(417.0,412.0)
(412.0,412.0)
(412.0,412.0)
(435.0,412.0)
(412.0,412.0)
(412.0,412.0)
(396.0,412.0)
(412.0,412.0)
(416.0,412.0)
(405.0,412.0)
(416.0,412.0)
(412.0,412.0)
(416.0,412.0)
(413.0,412.0)
(405.0,412.0)
(412.0,412.0)
(405.0,412.0)
(412.0,412.0)
(412.0,412.0)
(417.0,412.0)
(405.0,412.0)
(417.0,412.0)
(412.0,412.0)
(417.0,412.0)
(417.0,412.0)
(435.0,412.0)
(413.0,412.0)
(412.0,412.0)
(412.0,412.0)
(405.0,412.0)
(412.0,412.0)
(412.0,412.0)
(412.0,412.0)
(405.0,412.0)
(412.0,412.0)
(417.0,412.0)
(412.0,412.0)
(423.0,412.0)
(412.0,412.0)
(412.0,412.0)
(412.0,412.0)
(412.0,412.0)
(417.0,412.0)
(771.0,412.0)
(412.0,412.0)
(412.0,412.0)
(412.0,412.0)
(412.0,412.0)
(412.0,412.0)
(412.0,412.0)
(771.0,412.0)
(412.0,412.0)
(412.0,412.0)
(413.0,412.0)
(412.0,412.0)
(412.0,412.0)
(417.0,412.0)
(417.0,412.0)
(412.0,412.0)
(412.0,412.0)
(412.0,412.0)
(412.0,412.0)
(416.0,412.0)
(412.0,412.0)
(416.0,412.0)
(412.0,412.0)
(417.0,412.0)
(401.0,412.0)
(412.0,412.0)
(417.0,412.0)
(412.0,412.0)
(412.0,412.0)
(412.0,412.0)
(412.0,412.0)
(412.0,412.0)
(412.0,412.0)
(412.0,412.0)
(405.0,412.0)
(421.0,412.0)
(412.0,412.0)
(417.0,412.0)
(417.0,412.0)
(412.0,412.0)
(412.0,412.0)
(417.0,412.0)
(412.0,412.0)
(412.0,412.0)
(409.0,412.0)
(417.0,412.0)
(412.0,412.0)
(771.0,412.0)
(412.0,412.0)
(412.0,412.0)
(412.0,412.0)
(412.0,412.0)
(412.0,412.0)
(404.0,412.0)
(405.0,412.0)
(405.0,412.0)
(413.0,412.0)
(447.0,412.0)
(412.0,412.0)
(417.0,412.0)
(412.0,412.0)
(417.0,412.0)
(784.0,412.0)
(412.0,412.0)
(401.0,412.0)
(417.0,412.0)
(435.0,412.0)
(405.0,412.0)
(412.0,412.0)
(412.0,412.0)
(412.0,412.0)
(435.0,412.0)
(412.0,412.0)
(412.0,412.0)
(417.0,412.0)
(417.0,412.0)
(412.0,412.0)
(405.0,412.0)
(417.0,412.0)
(412.0,412.0)
(412.0,412.0)
(412.0,412.0)
(768.0,412.0)
(405.0,412.0)
(405.0,412.0)
(412.0,412.0)
(421.0,412.0)
(412.0,412.0)
(405.0,412.0)
(412.0,412.0)
(412.0,412.0)
(412.0,412.0)
(405.0,412.0)
(412.0,412.0)
(412.0,412.0)
(412.0,412.0)
(405.0,412.0)
(405.0,412.0)
(412.0,412.0)
(417.0,412.0)
(421.0,412.0)
(412.0,412.0)
(417.0,412.0)
(412.0,412.0)
(417.0,412.0)
(417.0,412.0)
(405.0,412.0)
(412.0,412.0)
(417.0,412.0)
(412.0,412.0)
(412.0,412.0)
(412.0,412.0)
(417.0,412.0)
(417.0,412.0)
(417.0,412.0)
(412.0,412.0)
(412.0,412.0)
(412.0,412.0)
(405.0,412.0)
(417.0,412.0)
(405.0,412.0)
(417.0,412.0)
(771.0,412.0)
(405.0,412.0)
(417.0,412.0)
(416.0,412.0)
(412.0,412.0)
(417.0,412.0)
(412.0,412.0)
(412.0,412.0)
(412.0,412.0)
(405.0,412.0)
(417.0,412.0)
(417.0,412.0)
(412.0,412.0)
(412.0,412.0)
(412.0,412.0)
(405.0,412.0)
(412.0,412.0)
(793.0,412.0)
(412.0,412.0)
(405.0,412.0)
(412.0,412.0)
(405.0,412.0)
(412.0,412.0)
(455.0,412.0)
(412.0,412.0)
(405.0,412.0)
(417.0,412.0)
(412.0,412.0)
(412.0,412.0)
(412.0,412.0)
(412.0,412.0)
(401.0,412.0)
(412.0,412.0)
(412.0,412.0)
(417.0,412.0)
(412.0,412.0)
(412.0,412.0)
(771.0,412.0)
(417.0,412.0)
(412.0,412.0)
(417.0,412.0)
(417.0,412.0)
(405.0,412.0)
(417.0,412.0)
(412.0,412.0)
(412.0,412.0)
(412.0,412.0)
(412.0,412.0)
(412.0,412.0)
(405.0,412.0)
(417.0,412.0)
(417.0,412.0)
(412.0,412.0)
(412.0,412.0)
(405.0,412.0)
(405.0,412.0)
(405.0,412.0)
(412.0,412.0)
(412.0,412.0)
(405.0,412.0)
(412.0,412.0)
(412.0,412.0)
(412.0,412.0)
(412.0,412.0)
(405.0,412.0)
(412.0,412.0)
(412.0,412.0)
(417.0,412.0)
(412.0,412.0)
(793.0,412.0)
(412.0,412.0)
(412.0,412.0)
(412.0,412.0)
(412.0,412.0)
(412.0,412.0)
(434.0,412.0)
(771.0,412.0)
(405.0,412.0)
(405.0,412.0)
(417.0,412.0)
(412.0,412.0)
(413.0,412.0)
(401.0,412.0)
(412.0,412.0)
(412.0,412.0)
(416.0,412.0)
(412.0,412.0)
(413.0,412.0)
(413.0,412.0)
(412.0,412.0)
(405.0,412.0)
(405.0,412.0)
(405.0,412.0)
(412.0,412.0)
(412.0,412.0)
(412.0,412.0)
(412.0,412.0)
(405.0,412.0)
(412.0,412.0)
(412.0,412.0)
(412.0,412.0)
(417.0,412.0)
(417.0,412.0)
(412.0,412.0)
(435.0,412.0)
(412.0,412.0)
(412.0,412.0)
(412.0,412.0)
(412.0,412.0)
(401.0,412.0)
(412.0,412.0)
(405.0,412.0)
(417.0,412.0)
(412.0,412.0)
(412.0,412.0)
(427.0,412.0)
(405.0,412.0)
(417.0,412.0)
(405.0,412.0)
(412.0,412.0)
(412.0,412.0)
(417.0,412.0)
(412.0,412.0)
(417.0,412.0)
(412.0,412.0)
(405.0,412.0)
(413.0,412.0)
(412.0,412.0)
(405.0,412.0)
(412.0,412.0)
(412.0,412.0)
(412.0,412.0)
(412.0,412.0)
(401.0,412.0)
(412.0,412.0)
(417.0,412.0)
(417.0,412.0)
(412.0,412.0)
(417.0,412.0)
(417.0,412.0)
(417.0,412.0)
(412.0,412.0)
(413.0,412.0)
(405.0,412.0)
(412.0,412.0)
(771.0,412.0)
(412.0,412.0)
(412.0,412.0)
(412.0,412.0)
(412.0,412.0)
(405.0,412.0)
(412.0,412.0)
(412.0,412.0)
(447.0,412.0)
(412.0,412.0)
(412.0,412.0)
(771.0,412.0)
(417.0,412.0)
(412.0,412.0)
(413.0,412.0)
(412.0,412.0)
(417.0,412.0)
(417.0,412.0)
(405.0,412.0)
(412.0,412.0)
(412.0,412.0)
(417.0,412.0)
(417.0,412.0)
(417.0,412.0)
(412.0,412.0)
(412.0,412.0)
(412.0,412.0)
(405.0,412.0)
(405.0,412.0)
(405.0,412.0)
(405.0,412.0)
(405.0,412.0)
(405.0,412.0)
(412.0,412.0)
(447.0,412.0)
(413.0,412.0)
(405.0,412.0)
(412.0,412.0)
(417.0,412.0)
(412.0,412.0)
(412.0,412.0)
(417.0,412.0)
(405.0,412.0)
(771.0,412.0)
(447.0,412.0)
(412.0,412.0)
(412.0,412.0)
(771.0,412.0)
(412.0,412.0)
(413.0,412.0)
(412.0,412.0)
(405.0,412.0)
(416.0,412.0)
(405.0,412.0)
(412.0,412.0)
(412.0,412.0)
(405.0,412.0)
(405.0,412.0)
(413.0,412.0)
(412.0,412.0)
(405.0,412.0)
(412.0,412.0)
(405.0,412.0)
(417.0,412.0)
(417.0,412.0)
(412.0,412.0)
(412.0,412.0)
(401.0,412.0)
(412.0,412.0)
(412.0,412.0)
(412.0,412.0)
(417.0,412.0)
(412.0,412.0)
(417.0,412.0)
(417.0,412.0)
(412.0,412.0)
(412.0,412.0)
(412.0,412.0)
(377.0,412.0)
(455.0,412.0)
(412.0,412.0)
(447.0,412.0)
(417.0,412.0)
(405.0,412.0)
(405.0,412.0)
(412.0,412.0)
(405.0,412.0)
(405.0,412.0)
(412.0,412.0)
(417.0,412.0)
(424.0,412.0)
(412.0,412.0)
(412.0,412.0)
(412.0,412.0)
(405.0,412.0)
(786.0,412.0)
(412.0,412.0)
(405.0,412.0)
(412.0,412.0)
(416.0,412.0)
(412.0,412.0)
(404.0,412.0)
(447.0,412.0)
(412.0,412.0)
(412.0,412.0)
(412.0,412.0)
(455.0,412.0)
(777.0,412.0)
(412.0,412.0)
(412.0,412.0)
(405.0,412.0)
(412.0,412.0)
(412.0,412.0)
(412.0,412.0)
(424.0,412.0)
(412.0,412.0)
(412.0,412.0)
(412.0,412.0)
(412.0,412.0)
(416.0,412.0)
(412.0,412.0)
(417.0,412.0)
(412.0,412.0)
(412.0,412.0)
(413.0,412.0)
(412.0,412.0)
(412.0,412.0)
(401.0,412.0)
(412.0,412.0)
(417.0,412.0)
(412.0,412.0)
(417.0,412.0)
(417.0,412.0)
(412.0,412.0)
(412.0,412.0)
(405.0,412.0)
(412.0,412.0)
(377.0,412.0)
(405.0,412.0)
(405.0,412.0)
(412.0,412.0)
(405.0,412.0)
(404.0,412.0)
(412.0,412.0)
(412.0,412.0)
(412.0,412.0)
(412.0,412.0)
(405.0,412.0)
(412.0,412.0)
(405.0,412.0)
(412.0,412.0)
(405.0,412.0)
(417.0,412.0)
(412.0,412.0)
(404.0,412.0)
(412.0,412.0)
(412.0,412.0)
(412.0,412.0)
(405.0,412.0)
(412.0,412.0)
(412.0,412.0)
(412.0,412.0)
(401.0,412.0)
(412.0,412.0)
(412.0,412.0)
(412.0,412.0)
(412.0,412.0)
(417.0,412.0)
(405.0,412.0)
(417.0,412.0)
(405.0,412.0)
(405.0,412.0)
(405.0,412.0)
(417.0,412.0)
(417.0,412.0)
(417.0,412.0)
(405.0,412.0)
(412.0,412.0)
(412.0,412.0)
(405.0,412.0)
(412.0,412.0)
(412.0,412.0)
(405.0,412.0)
(412.0,412.0)
(412.0,412.0)
(401.0,412.0)
(401.0,412.0)
(412.0,412.0)
(405.0,412.0)
(412.0,412.0)
(412.0,412.0)
(405.0,412.0)
(412.0,412.0)
(412.0,412.0)
(427.0,412.0)
(417.0,412.0)
(435.0,412.0)
(417.0,412.0)
(786.0,412.0)
(412.0,412.0)
(405.0,412.0)
(412.0,412.0)
(417.0,412.0)
(412.0,412.0)
(412.0,412.0)
(413.0,412.0)
(417.0,412.0)
(417.0,412.0)
(412.0,412.0)
(413.0,412.0)
(412.0,412.0)
(417.0,412.0)
(412.0,412.0)
(45.0,412.0)
(412.0,412.0)
(412.0,412.0)
(417.0,412.0)
(417.0,412.0)
(412.0,412.0)
(405.0,412.0)
(405.0,412.0)
(417.0,412.0)
(415.0,412.0)
(381.0,412.0)
(412.0,412.0)
(412.0,412.0)
(447.0,412.0)
(413.0,412.0)
(412.0,412.0)
(412.0,412.0)
(412.0,412.0)
(412.0,412.0)
(405.0,412.0)
(405.0,412.0)
(412.0,412.0)
(412.0,412.0)
(405.0,412.0)
(412.0,412.0)
(771.0,412.0)
(417.0,412.0)
(412.0,412.0)
(405.0,412.0)
(412.0,412.0)
(412.0,412.0)
(412.0,412.0)
(412.0,412.0)
(412.0,412.0)
(412.0,412.0)
(405.0,412.0)
(412.0,412.0)
(412.0,412.0)
(412.0,412.0)
(412.0,412.0)
(404.0,412.0)
(412.0,412.0)
(412.0,412.0)
(412.0,412.0)
(412.0,412.0)
(413.0,412.0)
(405.0,412.0)
(405.0,412.0)
(405.0,412.0)
(415.0,412.0)
(455.0,412.0)
(412.0,412.0)
(417.0,412.0)
(405.0,412.0)
(455.0,412.0)
(412.0,412.0)
(412.0,412.0)
(413.0,412.0)
(417.0,412.0)
(412.0,412.0)
(417.0,412.0)
(412.0,412.0)
(412.0,412.0)
(417.0,412.0)
(412.0,412.0)
(405.0,412.0)
(412.0,412.0)
(405.0,412.0)
(417.0,412.0)
(412.0,412.0)
(417.0,412.0)
(412.0,412.0)
(412.0,412.0)
(455.0,412.0)
(427.0,412.0)
(405.0,412.0)
(412.0,412.0)
(405.0,412.0)
(412.0,412.0)
(412.0,412.0)
(405.0,412.0)
(413.0,412.0)
(412.0,412.0)
(417.0,412.0)
(405.0,412.0)
(405.0,412.0)
(412.0,412.0)
(405.0,412.0)
(412.0,412.0)
(412.0,412.0)
(455.0,412.0)
(412.0,412.0)
(412.0,412.0)
(412.0,412.0)
(412.0,412.0)
(413.0,412.0)
(412.0,412.0)
(416.0,412.0)
(417.0,412.0)
(405.0,412.0)
(412.0,412.0)
(412.0,412.0)
(412.0,412.0)
(412.0,412.0)
(412.0,412.0)
(417.0,412.0)
(412.0,412.0)
(771.0,412.0)
(412.0,412.0)
(412.0,412.0)
(412.0,412.0)
(405.0,412.0)
(417.0,412.0)
(416.0,412.0)
(412.0,412.0)
(412.0,412.0)
(412.0,412.0)
(435.0,412.0)
(412.0,412.0)
(412.0,412.0)
(412.0,412.0)
(412.0,412.0)
(470.0,412.0)
(413.0,412.0)
(417.0,412.0)
(405.0,412.0)
(412.0,412.0)
(412.0,412.0)
(412.0,412.0)
(412.0,412.0)
(417.0,412.0)
(412.0,412.0)
(413.0,412.0)
(771.0,412.0)
(405.0,412.0)
(412.0,412.0)
(412.0,412.0)
(417.0,412.0)
(412.0,412.0)
(412.0,412.0)
(412.0,412.0)
(412.0,412.0)
(412.0,412.0)
(412.0,412.0)
(412.0,412.0)
(455.0,412.0)
(417.0,412.0)
(417.0,412.0)
(412.0,412.0)
(412.0,412.0)
(412.0,412.0)
(412.0,412.0)
(412.0,412.0)
(412.0,412.0)
(412.0,412.0)
(405.0,412.0)
(417.0,412.0)
(412.0,412.0)
(412.0,412.0)
(405.0,412.0)
(447.0,412.0)
(412.0,412.0)
(412.0,412.0)
(412.0,412.0)
(412.0,412.0)
(405.0,412.0)
(412.0,412.0)
(417.0,412.0)
(417.0,412.0)
(412.0,412.0)
(412.0,412.0)
(417.0,412.0)
(412.0,412.0)
(412.0,412.0)
(405.0,412.0)
(771.0,412.0)
(412.0,412.0)
(417.0,412.0)
(412.0,412.0)
(417.0,412.0)
(417.0,412.0)
(412.0,412.0)
(412.0,412.0)
(412.0,412.0)
(412.0,412.0)
(405.0,412.0)
(771.0,412.0)
(435.0,412.0)
(416.0,412.0)
(412.0,412.0)
(771.0,412.0)
(412.0,412.0)
(412.0,412.0)
(417.0,412.0)
(771.0,412.0)
(470.0,412.0)
(412.0,412.0)
(405.0,412.0)
(771.0,412.0)
(412.0,412.0)
(417.0,412.0)
(412.0,412.0)
(412.0,412.0)
(405.0,412.0)
(412.0,412.0)
(405.0,412.0)
(412.0,412.0)
(412.0,412.0)
(412.0,412.0)
(405.0,412.0)
(412.0,412.0)
(805.0,412.0)
(435.0,412.0)
(412.0,412.0)
(412.0,412.0)
(405.0,412.0)
(412.0,412.0)
(417.0,412.0)
(405.0,412.0)
(412.0,412.0)
(412.0,412.0)
(417.0,412.0)
(768.0,412.0)
(405.0,412.0)
(435.0,412.0)
(405.0,412.0)
(412.0,412.0)
(416.0,412.0)
(417.0,412.0)
(455.0,412.0)
(412.0,412.0)
(417.0,412.0)
(412.0,412.0)
(417.0,412.0)
(412.0,412.0)
(417.0,412.0)
(412.0,412.0)
(412.0,412.0)
(412.0,412.0)
(790.0,412.0)
(405.0,412.0)
(412.0,412.0)
(412.0,412.0)
(412.0,412.0)
(412.0,412.0)
(412.0,412.0)
(412.0,412.0)
(404.0,412.0)
(412.0,412.0)
(412.0,412.0)
(417.0,412.0)
(412.0,412.0)
(417.0,412.0)
(412.0,412.0)
(405.0,412.0)
(412.0,412.0)
(412.0,412.0)
(405.0,412.0)
(412.0,412.0)
(412.0,412.0)
(412.0,412.0)
(405.0,412.0)
(405.0,412.0)
(417.0,412.0)
(412.0,412.0)
(427.0,412.0)
(412.0,412.0)
(412.0,412.0)
(412.0,412.0)
(412.0,412.0)
(405.0,412.0)
(412.0,412.0)
(412.0,412.0)
(412.0,412.0)
(412.0,412.0)
(412.0,412.0)
(421.0,412.0)
(405.0,412.0)
(412.0,412.0)
(455.0,412.0)
(412.0,412.0)
(412.0,412.0)
(412.0,412.0)
(412.0,412.0)
(412.0,412.0)
(417.0,412.0)
(412.0,412.0)
(405.0,412.0)
(405.0,412.0)
(412.0,412.0)
(412.0,412.0)
(412.0,412.0)
(405.0,412.0)
(412.0,412.0)
(412.0,412.0)
(412.0,412.0)
(404.0,412.0)
(412.0,412.0)
(412.0,412.0)
(412.0,412.0)
(412.0,412.0)
(412.0,412.0)
(405.0,412.0)
(417.0,412.0)
(412.0,412.0)
(405.0,412.0)
(405.0,412.0)
(412.0,412.0)
(470.0,412.0)
(412.0,412.0)
(412.0,412.0)
(405.0,412.0)
(412.0,412.0)
(412.0,412.0)
(412.0,412.0)
(412.0,412.0)
(412.0,412.0)
(412.0,412.0)
(412.0,412.0)
(413.0,412.0)
(412.0,412.0)
(412.0,412.0)
(413.0,412.0)
(412.0,412.0)
(412.0,412.0)
(417.0,412.0)
(412.0,412.0)
(417.0,412.0)
(459.0,412.0)
(412.0,412.0)
(412.0,412.0)
(412.0,412.0)
(412.0,412.0)
(405.0,412.0)
(412.0,412.0)
(412.0,412.0)
(417.0,412.0)
(412.0,412.0)
(417.0,412.0)
(412.0,412.0)
(413.0,412.0)
(405.0,412.0)
(417.0,412.0)
(412.0,412.0)
(412.0,412.0)
(768.0,412.0)
(421.0,412.0)
(412.0,412.0)
(412.0,412.0)
(405.0,412.0)
(412.0,412.0)
(401.0,412.0)
(412.0,412.0)
(412.0,412.0)
(417.0,412.0)
(413.0,412.0)
(405.0,412.0)
(412.0,412.0)
(412.0,412.0)
(421.0,412.0)
(412.0,412.0)
(771.0,412.0)
(447.0,412.0)
(412.0,412.0)
(412.0,412.0)
(412.0,412.0)
(417.0,412.0)
(412.0,412.0)
(417.0,412.0)
(412.0,412.0)
(412.0,412.0)
(412.0,412.0)
(415.0,412.0)
(771.0,412.0)
(412.0,412.0)
(417.0,412.0)
(412.0,412.0)
(417.0,412.0)
(412.0,412.0)
(405.0,412.0)
(412.0,412.0)
(405.0,412.0)
(405.0,412.0)
(412.0,412.0)
(424.0,412.0)
(447.0,412.0)
(405.0,412.0)
(417.0,412.0)
(412.0,412.0)
(412.0,412.0)
(412.0,412.0)
(412.0,412.0)
(412.0,412.0)
(417.0,412.0)
(427.0,412.0)
(412.0,412.0)
(412.0,412.0)
(412.0,412.0)
(412.0,412.0)
(412.0,412.0)
(434.0,412.0)
(405.0,412.0)
(412.0,412.0)
(417.0,412.0)
(417.0,412.0)
(405.0,412.0)
(412.0,412.0)
(412.0,412.0)
(412.0,412.0)
(412.0,412.0)
(416.0,412.0)
(412.0,412.0)
(413.0,412.0)
(412.0,412.0)
(455.0,412.0)
(771.0,412.0)
(412.0,412.0)
(412.0,412.0)
(405.0,412.0)
(412.0,412.0)
(412.0,412.0)
(417.0,412.0)
(412.0,412.0)
(412.0,412.0)
(405.0,412.0)
(447.0,412.0)
(416.0,412.0)
(412.0,412.0)
(409.0,412.0)
(417.0,412.0)
(412.0,412.0)
(412.0,412.0)
(771.0,412.0)
(412.0,412.0)
(412.0,412.0)
(412.0,412.0)
(417.0,412.0)
(412.0,412.0)
(412.0,412.0)
(405.0,412.0)
(412.0,412.0)
(412.0,412.0)
(417.0,412.0)
(412.0,412.0)
(412.0,412.0)
(405.0,412.0)
(447.0,412.0)
(412.0,412.0)
(412.0,412.0)
(416.0,412.0)
(412.0,412.0)
(412.0,412.0)
(455.0,412.0)
(412.0,412.0)
(401.0,412.0)
(412.0,412.0)
(423.0,412.0)
(412.0,412.0)
(412.0,412.0)
(405.0,412.0)
(412.0,412.0)
(412.0,412.0)
(416.0,412.0)
(412.0,412.0)
(412.0,412.0)
(412.0,412.0)
(405.0,412.0)
(405.0,412.0)
(405.0,412.0)
(412.0,412.0)
(412.0,412.0)
(417.0,412.0)
(417.0,412.0)
(421.0,412.0)
(412.0,412.0)
(412.0,412.0)
(412.0,412.0)
(417.0,412.0)
(447.0,412.0)
(417.0,412.0)
(412.0,412.0)
(412.0,412.0)
(412.0,412.0)
(404.0,412.0)
(405.0,412.0)
(417.0,412.0)
(455.0,412.0)
(412.0,412.0)
(412.0,412.0)
(412.0,412.0)
(472.0,412.0)
(407.0,412.0)
(405.0,412.0)
(412.0,412.0)
(417.0,412.0)
(412.0,412.0)
(405.0,412.0)
(416.0,412.0)
(412.0,412.0)
(412.0,412.0)
(768.0,412.0)
(417.0,412.0)
(412.0,412.0)
(405.0,412.0)
(412.0,412.0)
(412.0,412.0)
(455.0,412.0)
(405.0,412.0)
(417.0,412.0)
(417.0,412.0)
(412.0,412.0)
(412.0,412.0)
(405.0,412.0)
(412.0,412.0)
(412.0,412.0)
(447.0,412.0)
(412.0,412.0)
(412.0,412.0)
(447.0,412.0)
(417.0,412.0)
(412.0,412.0)
(405.0,412.0)
(417.0,412.0)
(412.0,412.0)
(412.0,412.0)
(412.0,412.0)
(405.0,412.0)
(412.0,412.0)
(412.0,412.0)
(417.0,412.0)
(405.0,412.0)
(412.0,412.0)
(447.0,412.0)
(417.0,412.0)
(412.0,412.0)
(412.0,412.0)
(405.0,412.0)
(455.0,412.0)
(412.0,412.0)
(412.0,412.0)
(412.0,412.0)
(412.0,412.0)
(405.0,412.0)
(417.0,412.0)
(597.0,412.0)
(417.0,412.0)
(412.0,412.0)
(412.0,412.0)
(413.0,412.0)
(417.0,412.0)
(412.0,412.0)
(412.0,412.0)
(412.0,412.0)
(412.0,412.0)
(771.0,412.0)
(412.0,412.0)
(412.0,412.0)
(421.0,412.0)
(771.0,412.0)
(413.0,412.0)
(412.0,412.0)
(412.0,412.0)
(412.0,412.0)
(412.0,412.0)
(405.0,412.0)
(447.0,412.0)
(412.0,412.0)
(405.0,412.0)
(412.0,412.0)
(405.0,412.0)
(412.0,412.0)
(412.0,412.0)
(417.0,412.0)
(412.0,412.0)
(412.0,412.0)
(412.0,412.0)
(412.0,412.0)
(412.0,412.0)
(412.0,412.0)
(412.0,412.0)
(412.0,412.0)
(412.0,412.0)
(427.0,412.0)
(405.0,412.0)
(412.0,412.0)
(412.0,412.0)
(447.0,412.0)
(412.0,412.0)
(412.0,412.0)
(421.0,412.0)
(405.0,412.0)
(412.0,412.0)
(413.0,412.0)
(417.0,412.0)
(405.0,412.0)
(771.0,412.0)
(412.0,412.0)
(422.0,412.0)
(412.0,412.0)
(412.0,412.0)
(412.0,412.0)
(412.0,412.0)
(405.0,412.0)
(412.0,412.0)
(412.0,412.0)
(405.0,412.0)
(405.0,412.0)
(771.0,412.0)
(412.0,412.0)
(412.0,412.0)
(412.0,412.0)
(417.0,412.0)
(412.0,412.0)
(412.0,412.0)
(412.0,412.0)
(412.0,412.0)
(404.0,412.0)
(412.0,412.0)
(412.0,412.0)
(771.0,412.0)
(405.0,412.0)
(416.0,412.0)
(412.0,412.0)
(417.0,412.0)
(405.0,412.0)
(412.0,412.0)
(412.0,412.0)
(412.0,412.0)
(412.0,412.0)
(405.0,412.0)
(768.0,412.0)
(412.0,412.0)
(412.0,412.0)
(412.0,412.0)
(412.0,412.0)
(405.0,412.0)
(771.0,412.0)
(412.0,412.0)
(455.0,412.0)
(405.0,412.0)
(417.0,412.0)
(412.0,412.0)
(412.0,412.0)
(417.0,412.0)
(412.0,412.0)
(412.0,412.0)
(412.0,412.0)
(417.0,412.0)
(416.0,412.0)
(417.0,412.0)
(401.0,412.0)
(447.0,412.0)
(412.0,412.0)
(412.0,412.0)
(412.0,412.0)
(412.0,412.0)
(412.0,412.0)
(417.0,412.0)
(412.0,412.0)
(412.0,412.0)
(417.0,412.0)
(412.0,412.0)
(771.0,412.0)
(412.0,412.0)
(405.0,412.0)
(405.0,412.0)
(405.0,412.0)
(412.0,412.0)
(485.0,412.0)
(412.0,412.0)
(434.0,412.0)
(417.0,412.0)
(405.0,412.0)
(412.0,412.0)
(412.0,412.0)
(405.0,412.0)
(412.0,412.0)
(405.0,412.0)
(435.0,412.0)
(412.0,412.0)
(412.0,412.0)
(412.0,412.0)
(412.0,412.0)
(417.0,412.0)
(412.0,412.0)
(405.0,412.0)
(447.0,412.0)
(412.0,412.0)
(405.0,412.0)
(771.0,412.0)
(405.0,412.0)
(405.0,412.0)
(412.0,412.0)
(405.0,412.0)
(447.0,412.0)
(405.0,412.0)
(417.0,412.0)
(412.0,412.0)
(412.0,412.0)
(412.0,412.0)
(412.0,412.0)
(412.0,412.0)
(406.0,412.0)
(412.0,412.0)
(417.0,412.0)
(405.0,412.0)
(412.0,412.0)
(412.0,412.0)
(412.0,412.0)
(412.0,412.0)
(771.0,412.0)
(405.0,412.0)
(412.0,412.0)
(412.0,412.0)
(417.0,412.0)
(405.0,412.0)
(417.0,412.0)
(417.0,412.0)
(412.0,412.0)
(412.0,412.0)
(412.0,412.0)
(412.0,412.0)
(412.0,412.0)
(417.0,412.0)
(412.0,412.0)
(412.0,412.0)
(412.0,412.0)
(789.0,412.0)
(412.0,412.0)
(405.0,412.0)
(412.0,412.0)
(435.0,412.0)
(412.0,412.0)
(435.0,412.0)
(412.0,412.0)
(412.0,412.0)
(412.0,412.0)
(412.0,412.0)
(413.0,412.0)
(405.0,412.0)
(417.0,412.0)
(412.0,412.0)
(412.0,412.0)
(405.0,412.0)
(412.0,412.0)
(412.0,412.0)
(405.0,412.0)
(412.0,412.0)
(412.0,412.0)
(416.0,412.0)
(412.0,412.0)
(405.0,412.0)
(412.0,412.0)
(412.0,412.0)
(405.0,412.0)
(405.0,412.0)
(412.0,412.0)
(417.0,412.0)
(417.0,412.0)
(412.0,412.0)
(405.0,412.0)
(412.0,412.0)
(412.0,412.0)
(470.0,412.0)
(412.0,412.0)
(447.0,412.0)
(405.0,412.0)
(416.0,412.0)
(412.0,412.0)
(405.0,412.0)
(417.0,412.0)
(417.0,412.0)
(432.0,412.0)
(412.0,412.0)
(412.0,412.0)
(412.0,412.0)
(417.0,412.0)
(412.0,412.0)
(412.0,412.0)
(412.0,412.0)
(412.0,412.0)
(412.0,412.0)
(412.0,412.0)
(412.0,412.0)
(412.0,412.0)
(417.0,412.0)
(412.0,412.0)
(405.0,412.0)
(412.0,412.0)
(409.0,412.0)
(417.0,412.0)
(417.0,412.0)
(417.0,412.0)
(412.0,412.0)
(417.0,412.0)
(417.0,412.0)
(412.0,412.0)
(412.0,412.0)
(412.0,412.0)
(416.0,412.0)
(767.0,412.0)
(416.0,412.0)
(412.0,412.0)
(412.0,412.0)
(417.0,412.0)
(412.0,412.0)
(412.0,412.0)
(412.0,412.0)
(412.0,412.0)
(412.0,412.0)
(405.0,412.0)
(413.0,412.0)
(412.0,412.0)
(412.0,412.0)
(412.0,412.0)
(412.0,412.0)
(412.0,412.0)
(412.0,412.0)
(405.0,412.0)
(412.0,412.0)
(417.0,412.0)
(417.0,412.0)
(412.0,412.0)
(455.0,412.0)
(417.0,412.0)
(455.0,412.0)
(412.0,412.0)
(409.0,412.0)
(416.0,412.0)
(417.0,412.0)
(455.0,412.0)
(412.0,412.0)
(412.0,412.0)
(405.0,412.0)
(427.0,412.0)
(412.0,412.0)
