(617.0,222.0)
(267.0,222.0)
(617.0,222.0)
(617.0,222.0)
(617.0,222.0)
(617.0,222.0)
(613.0,222.0)
(613.0,222.0)
(617.0,222.0)
(613.0,222.0)
(613.0,222.0)
(617.0,222.0)
(617.0,222.0)
(267.0,222.0)
(617.0,222.0)
(617.0,222.0)
(267.0,222.0)
(267.0,222.0)
(617.0,222.0)
(617.0,222.0)
(617.0,222.0)
(617.0,222.0)
(617.0,222.0)
(613.0,222.0)
(613.0,222.0)
(617.0,222.0)
(617.0,222.0)
(617.0,222.0)
(617.0,222.0)
(617.0,222.0)
(617.0,222.0)
(617.0,222.0)
(617.0,222.0)
(617.0,222.0)
(613.0,222.0)
(617.0,222.0)
(617.0,222.0)
(267.0,222.0)
(613.0,222.0)
(613.0,222.0)
(617.0,222.0)
(617.0,222.0)
(613.0,222.0)
(613.0,222.0)
(617.0,222.0)
(267.0,222.0)
(613.0,222.0)
(617.0,222.0)
(617.0,222.0)
(617.0,222.0)
(617.0,222.0)
(267.0,222.0)
(617.0,222.0)
(617.0,222.0)
(617.0,222.0)
(613.0,222.0)
(613.0,222.0)
(613.0,222.0)
(617.0,222.0)
(267.0,222.0)
(617.0,222.0)
(617.0,222.0)
(617.0,222.0)
(267.0,222.0)
(617.0,222.0)
(267.0,222.0)
(613.0,222.0)
(617.0,222.0)
(267.0,222.0)
(617.0,222.0)
(617.0,222.0)
(617.0,222.0)
(617.0,222.0)
(617.0,222.0)
(613.0,222.0)
(617.0,222.0)
(267.0,222.0)
(617.0,222.0)
(613.0,222.0)
(267.0,222.0)
(613.0,222.0)
(617.0,222.0)
(613.0,222.0)
(613.0,222.0)
(617.0,222.0)
(267.0,222.0)
(617.0,222.0)
(617.0,222.0)
(617.0,222.0)
(613.0,222.0)
(613.0,222.0)
(617.0,222.0)
(267.0,222.0)
(617.0,222.0)
(617.0,222.0)
(617.0,222.0)
(617.0,222.0)
(613.0,222.0)
(617.0,222.0)
(617.0,222.0)
(267.0,222.0)
(617.0,222.0)
(617.0,222.0)
(267.0,222.0)
(617.0,222.0)
(617.0,222.0)
(617.0,222.0)
(617.0,222.0)
(613.0,222.0)
(613.0,222.0)
(267.0,222.0)
(264.0,221.0)
(264.0,221.0)
(264.0,221.0)
(267.0,221.0)
(267.0,221.0)
(264.0,221.0)
(267.0,221.0)
(264.0,221.0)
(264.0,221.0)
(264.0,221.0)
(262.0,221.0)
(264.0,221.0)
(264.0,221.0)
(267.0,221.0)
(267.0,221.0)
(264.0,221.0)
(262.0,221.0)
(267.0,221.0)
(264.0,221.0)
(267.0,221.0)
(264.0,221.0)
(264.0,221.0)
(264.0,221.0)
(31.0,221.0)
(264.0,221.0)
(262.0,221.0)
(31.0,221.0)
(267.0,221.0)
(264.0,221.0)
(262.0,221.0)
(267.0,221.0)
(267.0,221.0)
(264.0,221.0)
(264.0,221.0)
(264.0,221.0)
(267.0,221.0)
(264.0,221.0)
(267.0,221.0)
(267.0,221.0)
(264.0,221.0)
(264.0,221.0)
(267.0,221.0)
(264.0,221.0)
(262.0,221.0)
(264.0,221.0)
(262.0,221.0)
(262.0,221.0)
(264.0,221.0)
(264.0,221.0)
(264.0,221.0)
(264.0,221.0)
(264.0,221.0)
(264.0,221.0)
(264.0,221.0)
(264.0,221.0)
(264.0,221.0)
(264.0,221.0)
(264.0,221.0)
(267.0,221.0)
(264.0,221.0)
(267.0,221.0)
(264.0,221.0)
(264.0,221.0)
(264.0,221.0)
(264.0,221.0)
(262.0,221.0)
(264.0,221.0)
(267.0,221.0)
(264.0,221.0)
(262.0,221.0)
(264.0,221.0)
(264.0,221.0)
(264.0,221.0)
(264.0,221.0)
(264.0,221.0)
(267.0,221.0)
(264.0,221.0)
(267.0,221.0)
(267.0,221.0)
(264.0,221.0)
(264.0,221.0)
(264.0,221.0)
(264.0,221.0)
(267.0,221.0)
(264.0,221.0)
(264.0,221.0)
(267.0,221.0)
(264.0,221.0)
(262.0,221.0)
(264.0,221.0)
(264.0,221.0)
(267.0,221.0)
(264.0,221.0)
(264.0,221.0)
(262.0,221.0)
(264.0,221.0)
(262.0,221.0)
(267.0,221.0)
(264.0,221.0)
(267.0,221.0)
(264.0,221.0)
(264.0,221.0)
(264.0,221.0)
(264.0,221.0)
(31.0,221.0)
(417.0,219.0)
(43.0,219.0)
(417.0,219.0)
(417.0,219.0)
(309.0,219.0)
(531.0,219.0)
(406.0,219.0)
(386.0,219.0)
(287.0,219.0)
(519.0,219.0)
(417.0,219.0)
(2.0,219.0)
(417.0,219.0)
(706.0,219.0)
(280.0,219.0)
(419.0,219.0)
(280.0,219.0)
(417.0,219.0)
(455.0,219.0)
(455.0,219.0)
(305.0,219.0)
(417.0,219.0)
(287.0,219.0)
(2.0,219.0)
(455.0,219.0)
(280.0,219.0)
(413.0,219.0)
(413.0,219.0)
(769.0,219.0)
(781.0,219.0)
(157.0,219.0)
(287.0,219.0)
(417.0,219.0)
(280.0,219.0)
(781.0,219.0)
(340.0,219.0)
(519.0,219.0)
(743.0,219.0)
(305.0,219.0)
(519.0,219.0)
(769.0,219.0)
(305.0,219.0)
(417.0,219.0)
(784.0,219.0)
(85.0,219.0)
(413.0,219.0)
(645.0,219.0)
(417.0,219.0)
(305.0,219.0)
(645.0,219.0)
(413.0,219.0)
(417.0,219.0)
(417.0,219.0)
(305.0,219.0)
(483.0,219.0)
(660.0,219.0)
(479.0,219.0)
(323.0,219.0)
(305.0,219.0)
(398.0,219.0)
(340.0,219.0)
(42.0,219.0)
(417.0,219.0)
(340.0,219.0)
(645.0,219.0)
(455.0,219.0)
(417.0,219.0)
(305.0,219.0)
(327.0,219.0)
(397.0,219.0)
(212.0,219.0)
(280.0,219.0)
(417.0,219.0)
(636.0,223.0)
(212.0,223.0)
(212.0,223.0)
(636.0,223.0)
(212.0,223.0)
(212.0,223.0)
(636.0,223.0)
(636.0,223.0)
(212.0,223.0)
(260.0,223.0)
(212.0,223.0)
(260.0,223.0)
(260.0,223.0)
(249.0,223.0)
(212.0,223.0)
(212.0,223.0)
(249.0,223.0)
(212.0,223.0)
(636.0,223.0)
(212.0,223.0)
(212.0,223.0)
(212.0,223.0)
(636.0,223.0)
(212.0,223.0)
(212.0,223.0)
(212.0,223.0)
(212.0,223.0)
(260.0,223.0)
(260.0,223.0)
(212.0,223.0)
(212.0,223.0)
(212.0,223.0)
(636.0,223.0)
(249.0,223.0)
(212.0,223.0)
(212.0,223.0)
(636.0,223.0)
(260.0,223.0)
(260.0,223.0)
(636.0,223.0)
(212.0,223.0)
(212.0,223.0)
(212.0,223.0)
(636.0,223.0)
(212.0,223.0)
(212.0,223.0)
(636.0,223.0)
(636.0,223.0)
(636.0,223.0)
(636.0,223.0)
(212.0,223.0)
(212.0,223.0)
(260.0,223.0)
(608.0,224.0)
(617.0,224.0)
(617.0,224.0)
(617.0,224.0)
(608.0,224.0)
(597.0,224.0)
(597.0,224.0)
(617.0,224.0)
(597.0,224.0)
(597.0,224.0)
(617.0,224.0)
(617.0,224.0)
(608.0,224.0)
(608.0,224.0)
(608.0,224.0)
(617.0,224.0)
(617.0,224.0)
(617.0,224.0)
(617.0,224.0)
(617.0,224.0)
(608.0,224.0)
(597.0,224.0)
(617.0,224.0)
(597.0,224.0)
(608.0,224.0)
(597.0,224.0)
(608.0,224.0)
(617.0,224.0)
(608.0,224.0)
(617.0,224.0)
(608.0,224.0)
(597.0,224.0)
(617.0,224.0)
(617.0,224.0)
(597.0,224.0)
(597.0,224.0)
(608.0,224.0)
(597.0,224.0)
(597.0,224.0)
(617.0,224.0)
(597.0,224.0)
(617.0,224.0)
(617.0,224.0)
(617.0,224.0)
(617.0,224.0)
(617.0,224.0)
(597.0,224.0)
(597.0,224.0)
(617.0,224.0)
(597.0,224.0)
(597.0,224.0)
(608.0,224.0)
(597.0,224.0)
(597.0,224.0)
(617.0,224.0)
(597.0,224.0)
(597.0,224.0)
(597.0,224.0)
(617.0,224.0)
(617.0,224.0)
(617.0,224.0)
(597.0,224.0)
(617.0,224.0)
(608.0,224.0)
(597.0,224.0)
(617.0,224.0)
(617.0,224.0)
(597.0,224.0)
(597.0,224.0)
(617.0,224.0)
(617.0,224.0)
(617.0,224.0)
(617.0,224.0)
(617.0,224.0)
(617.0,224.0)
(597.0,224.0)
(617.0,224.0)
(617.0,224.0)
(597.0,224.0)
(617.0,224.0)
(608.0,224.0)
(617.0,224.0)
(617.0,224.0)
(617.0,224.0)
(597.0,224.0)
(617.0,224.0)
(597.0,224.0)
(617.0,224.0)
(608.0,224.0)
(608.0,224.0)
(617.0,224.0)
(617.0,224.0)
(608.0,224.0)
(597.0,224.0)
(617.0,224.0)
(617.0,224.0)
(617.0,224.0)
(617.0,224.0)
(608.0,224.0)
(617.0,224.0)
(617.0,224.0)
(608.0,224.0)
(597.0,224.0)
(608.0,224.0)
(597.0,224.0)
(597.0,224.0)
(617.0,224.0)
(597.0,224.0)
(597.0,224.0)
(597.0,224.0)
(617.0,224.0)
(608.0,224.0)
(608.0,224.0)
(608.0,224.0)
(617.0,224.0)
(597.0,224.0)
(608.0,224.0)
(608.0,224.0)
(617.0,224.0)
(608.0,224.0)
(617.0,224.0)
(617.0,224.0)
(597.0,224.0)
(617.0,224.0)
(617.0,224.0)
(617.0,224.0)
(597.0,224.0)
(203.0,225.0)
(262.0,225.0)
(212.0,225.0)
(212.0,225.0)
(203.0,225.0)
(203.0,225.0)
(240.0,225.0)
(240.0,225.0)
(203.0,225.0)
(212.0,225.0)
(240.0,225.0)
(212.0,225.0)
(262.0,225.0)
(240.0,225.0)
(240.0,225.0)
(203.0,225.0)
(252.0,225.0)
(212.0,225.0)
(203.0,225.0)
(239.0,225.0)
(252.0,225.0)
(212.0,225.0)
(240.0,225.0)
(212.0,225.0)
(252.0,225.0)
(240.0,225.0)
(203.0,225.0)
(203.0,225.0)
(203.0,225.0)
(262.0,225.0)
(203.0,225.0)
(262.0,225.0)
(203.0,225.0)
(212.0,225.0)
(203.0,225.0)
(262.0,225.0)
(240.0,225.0)
(203.0,225.0)
(212.0,225.0)
(240.0,225.0)
(240.0,225.0)
(240.0,225.0)
(203.0,225.0)
(212.0,225.0)
(240.0,225.0)
(203.0,225.0)
(203.0,225.0)
(252.0,225.0)
(252.0,225.0)
(212.0,225.0)
(212.0,225.0)
(252.0,225.0)
(212.0,225.0)
(203.0,225.0)
(240.0,225.0)
(252.0,225.0)
(203.0,225.0)
(212.0,225.0)
(240.0,225.0)
(252.0,225.0)
(240.0,225.0)
(203.0,225.0)
(240.0,225.0)
(203.0,225.0)
(252.0,225.0)
(203.0,225.0)
(203.0,225.0)
(252.0,225.0)
(212.0,225.0)
(240.0,225.0)
(240.0,225.0)
(239.0,225.0)
(212.0,225.0)
(212.0,225.0)
(203.0,225.0)
(262.0,225.0)
(203.0,225.0)
(240.0,225.0)
(203.0,225.0)
(252.0,225.0)
(239.0,225.0)
(212.0,225.0)
(262.0,225.0)
(212.0,225.0)
(212.0,225.0)
(252.0,225.0)
(212.0,225.0)
(203.0,225.0)
(203.0,225.0)
(239.0,225.0)
(212.0,225.0)
(203.0,225.0)
(240.0,225.0)
(212.0,225.0)
(240.0,225.0)
(203.0,225.0)
(212.0,225.0)
(239.0,225.0)
(212.0,225.0)
(203.0,225.0)
(203.0,225.0)
(212.0,225.0)
(240.0,225.0)
(240.0,225.0)
(212.0,225.0)
(240.0,225.0)
(203.0,225.0)
(212.0,225.0)
(239.0,225.0)
(240.0,225.0)
(212.0,225.0)
(212.0,225.0)
(203.0,225.0)
(212.0,225.0)
(252.0,225.0)
(203.0,225.0)
(239.0,225.0)
(240.0,225.0)
(212.0,225.0)
(252.0,225.0)
(262.0,225.0)
(240.0,225.0)
(252.0,225.0)
(212.0,225.0)
(262.0,225.0)
(240.0,225.0)
(262.0,225.0)
(203.0,225.0)
(252.0,225.0)
(203.0,225.0)
(240.0,225.0)
(240.0,225.0)
(262.0,225.0)
(212.0,225.0)
(212.0,225.0)
(240.0,225.0)
(212.0,225.0)
(203.0,225.0)
(212.0,225.0)
(203.0,225.0)
(240.0,225.0)
(219.0,227.0)
(621.0,227.0)
(613.0,227.0)
(613.0,227.0)
(212.0,227.0)
(219.0,227.0)
(621.0,227.0)
(212.0,227.0)
(212.0,227.0)
(613.0,227.0)
(212.0,227.0)
(621.0,227.0)
(621.0,227.0)
(621.0,227.0)
(219.0,227.0)
(219.0,227.0)
(212.0,227.0)
(219.0,227.0)
(239.0,227.0)
(219.0,227.0)
(621.0,227.0)
(219.0,227.0)
(613.0,227.0)
(219.0,227.0)
(219.0,227.0)
(212.0,227.0)
(219.0,227.0)
(219.0,227.0)
(621.0,227.0)
(219.0,227.0)
(621.0,227.0)
(212.0,227.0)
(621.0,227.0)
(219.0,227.0)
(621.0,227.0)
(621.0,227.0)
(219.0,227.0)
(621.0,227.0)
(621.0,227.0)
(621.0,227.0)
(212.0,227.0)
(621.0,227.0)
(219.0,227.0)
(219.0,227.0)
(219.0,227.0)
(219.0,227.0)
(613.0,227.0)
(212.0,227.0)
(212.0,227.0)
(219.0,227.0)
(212.0,227.0)
(621.0,227.0)
(212.0,227.0)
(219.0,227.0)
(219.0,227.0)
(212.0,227.0)
(613.0,227.0)
(621.0,227.0)
(219.0,227.0)
(621.0,227.0)
(219.0,227.0)
(621.0,227.0)
(219.0,227.0)
(219.0,227.0)
(219.0,227.0)
(212.0,227.0)
(219.0,227.0)
(613.0,227.0)
(613.0,227.0)
(613.0,227.0)
(212.0,227.0)
(219.0,227.0)
(621.0,227.0)
(219.0,227.0)
(219.0,227.0)
(212.0,227.0)
(239.0,227.0)
(613.0,227.0)
(613.0,227.0)
(613.0,227.0)
(219.0,227.0)
(621.0,227.0)
(212.0,227.0)
(219.0,227.0)
(219.0,227.0)
(621.0,227.0)
(212.0,227.0)
(212.0,227.0)
(613.0,227.0)
(212.0,227.0)
(212.0,227.0)
(621.0,227.0)
(212.0,227.0)
(621.0,227.0)
(212.0,227.0)
(219.0,227.0)
(212.0,227.0)
(212.0,227.0)
(613.0,227.0)
(621.0,227.0)
(219.0,227.0)
(621.0,227.0)
(621.0,227.0)
(621.0,227.0)
(219.0,227.0)
(212.0,227.0)
(219.0,227.0)
(613.0,227.0)
(219.0,227.0)
(219.0,227.0)
(613.0,227.0)
(212.0,227.0)
(621.0,227.0)
(212.0,227.0)
(219.0,227.0)
(219.0,227.0)
(613.0,227.0)
(613.0,227.0)
(621.0,227.0)
(621.0,227.0)
(219.0,227.0)
(219.0,227.0)
(219.0,227.0)
(621.0,227.0)
(212.0,227.0)
(621.0,227.0)
(621.0,227.0)
(212.0,227.0)
(613.0,227.0)
(212.0,227.0)
(621.0,227.0)
(219.0,227.0)
(417.0,226.0)
(413.0,226.0)
(769.0,226.0)
(645.0,226.0)
(419.0,226.0)
(38.0,226.0)
(417.0,226.0)
(417.0,226.0)
(417.0,226.0)
(519.0,226.0)
(305.0,226.0)
(519.0,226.0)
(335.0,226.0)
(413.0,226.0)
(301.0,226.0)
(675.0,226.0)
(212.0,226.0)
(287.0,226.0)
(447.0,226.0)
(417.0,226.0)
(395.0,226.0)
(519.0,226.0)
(305.0,226.0)
(417.0,226.0)
(472.0,226.0)
(417.0,226.0)
(417.0,226.0)
(769.0,226.0)
(519.0,226.0)
(417.0,226.0)
(395.0,226.0)
(417.0,226.0)
(417.0,226.0)
(406.0,226.0)
(479.0,226.0)
(280.0,226.0)
(417.0,226.0)
(280.0,226.0)
(33.0,226.0)
(417.0,226.0)
(472.0,226.0)
(743.0,226.0)
(119.0,226.0)
(645.0,226.0)
(280.0,226.0)
(417.0,226.0)
(444.0,226.0)
(417.0,226.0)
(413.0,226.0)
(25.0,226.0)
(479.0,226.0)
(447.0,226.0)
(417.0,226.0)
(455.0,226.0)
(417.0,226.0)
(42.0,226.0)
(519.0,226.0)
(413.0,226.0)
(340.0,226.0)
(417.0,226.0)
(417.0,226.0)
(351.0,226.0)
(519.0,226.0)
(417.0,226.0)
(417.0,226.0)
(417.0,226.0)
(417.0,226.0)
(309.0,226.0)
(157.0,226.0)
(519.0,226.0)
(398.0,226.0)
(43.0,226.0)
(708.0,226.0)
(417.0,226.0)
(280.0,226.0)
(309.0,226.0)
(769.0,226.0)
(713.0,226.0)
(617.0,226.0)
(713.0,226.0)
(617.0,226.0)
(713.0,226.0)
(713.0,226.0)
(713.0,226.0)
(617.0,226.0)
(713.0,226.0)
(231.0,226.0)
(713.0,226.0)
(617.0,226.0)
(713.0,226.0)
(713.0,226.0)
(713.0,226.0)
(617.0,226.0)
(713.0,226.0)
(713.0,226.0)
(617.0,226.0)
(713.0,226.0)
(237.0,226.0)
(713.0,226.0)
(617.0,226.0)
(713.0,226.0)
(713.0,226.0)
(231.0,226.0)
(713.0,226.0)
(713.0,226.0)
(617.0,226.0)
(713.0,226.0)
(713.0,226.0)
(713.0,226.0)
(231.0,226.0)
(617.0,226.0)
(713.0,226.0)
(713.0,226.0)
(231.0,226.0)
(713.0,226.0)
(713.0,226.0)
(713.0,226.0)
(617.0,226.0)
(713.0,226.0)
(713.0,226.0)
(617.0,226.0)
(617.0,226.0)
(713.0,226.0)
(617.0,226.0)
(231.0,226.0)
(713.0,226.0)
(617.0,226.0)
(713.0,226.0)
(713.0,226.0)
(713.0,226.0)
(713.0,226.0)
(713.0,226.0)
(231.0,226.0)
(617.0,226.0)
(231.0,226.0)
(713.0,226.0)
(713.0,226.0)
(713.0,226.0)
(617.0,226.0)
(617.0,226.0)
(713.0,226.0)
(713.0,226.0)
(713.0,226.0)
(231.0,226.0)
(617.0,226.0)
(617.0,226.0)
(713.0,226.0)
(713.0,226.0)
(617.0,226.0)
(617.0,226.0)
(617.0,226.0)
(617.0,226.0)
(713.0,226.0)
(617.0,226.0)
(713.0,226.0)
(617.0,226.0)
(713.0,226.0)
(713.0,226.0)
(617.0,226.0)
(713.0,226.0)
(617.0,226.0)
(713.0,226.0)
(617.0,226.0)
(713.0,226.0)
(713.0,226.0)
(713.0,226.0)
(713.0,226.0)
(617.0,226.0)
(713.0,226.0)
(713.0,226.0)
(231.0,226.0)
(617.0,226.0)
(617.0,226.0)
(713.0,226.0)
(231.0,226.0)
(617.0,226.0)
(617.0,226.0)
(617.0,226.0)
(713.0,226.0)
(231.0,226.0)
(713.0,226.0)
(617.0,226.0)
(231.0,226.0)
(713.0,226.0)
(713.0,226.0)
(713.0,226.0)
(713.0,226.0)
(617.0,226.0)
(713.0,226.0)
(231.0,226.0)
(713.0,226.0)
(617.0,226.0)
(713.0,226.0)
(713.0,226.0)
(713.0,226.0)
(713.0,226.0)
(231.0,226.0)
(713.0,226.0)
(713.0,226.0)
(713.0,226.0)
(713.0,226.0)
(617.0,226.0)
(617.0,226.0)
(713.0,226.0)
(617.0,226.0)
(713.0,226.0)
(617.0,226.0)
(713.0,226.0)
(417.0,226.0)
(769.0,226.0)
(38.0,226.0)
(43.0,226.0)
(287.0,226.0)
(309.0,226.0)
(479.0,226.0)
(38.0,226.0)
(519.0,226.0)
(417.0,226.0)
(519.0,226.0)
(157.0,226.0)
(519.0,226.0)
(417.0,226.0)
(354.0,226.0)
(398.0,226.0)
(219.0,226.0)
(305.0,226.0)
(417.0,226.0)
(45.0,226.0)
(413.0,226.0)
(417.0,226.0)
(387.0,226.0)
(769.0,226.0)
(472.0,226.0)
(2.0,226.0)
(417.0,226.0)
(645.0,226.0)
(519.0,226.0)
(519.0,226.0)
(519.0,226.0)
(226.0,226.0)
(194.0,226.0)
(708.0,226.0)
(417.0,226.0)
(417.0,226.0)
(417.0,226.0)
(447.0,226.0)
(645.0,226.0)
(38.0,226.0)
(417.0,226.0)
(157.0,226.0)
(417.0,226.0)
(417.0,226.0)
(362.0,226.0)
(2.0,226.0)
(743.0,226.0)
(417.0,226.0)
(340.0,226.0)
(519.0,226.0)
(613.0,226.0)
(417.0,226.0)
(645.0,226.0)
(447.0,226.0)
(305.0,226.0)
(417.0,226.0)
(413.0,226.0)
(417.0,226.0)
(417.0,226.0)
(645.0,226.0)
(464.0,226.0)
(519.0,226.0)
(417.0,226.0)
(660.0,226.0)
(119.0,226.0)
(267.0,228.0)
(239.0,228.0)
(239.0,228.0)
(267.0,228.0)
(267.0,228.0)
(239.0,228.0)
(599.0,228.0)
(599.0,228.0)
(267.0,228.0)
(267.0,228.0)
(599.0,228.0)
(212.0,228.0)
(212.0,228.0)
(239.0,228.0)
(599.0,228.0)
(624.0,228.0)
(267.0,228.0)
(267.0,228.0)
(629.0,228.0)
(267.0,228.0)
(239.0,228.0)
(267.0,228.0)
(212.0,228.0)
(212.0,228.0)
(267.0,228.0)
(599.0,228.0)
(267.0,228.0)
(267.0,228.0)
(599.0,228.0)
(267.0,228.0)
(267.0,228.0)
(267.0,228.0)
(267.0,228.0)
(239.0,228.0)
(212.0,228.0)
(267.0,228.0)
(239.0,228.0)
(267.0,228.0)
(267.0,228.0)
(267.0,228.0)
(239.0,228.0)
(629.0,228.0)
(599.0,228.0)
(212.0,228.0)
(267.0,228.0)
(629.0,228.0)
(599.0,228.0)
(599.0,228.0)
(599.0,228.0)
(239.0,228.0)
(599.0,228.0)
(267.0,228.0)
(599.0,228.0)
(267.0,228.0)
(267.0,228.0)
(267.0,228.0)
(267.0,228.0)
(239.0,228.0)
(267.0,228.0)
(267.0,228.0)
(239.0,228.0)
(267.0,228.0)
(267.0,228.0)
(212.0,228.0)
(599.0,228.0)
(267.0,228.0)
(267.0,228.0)
(267.0,228.0)
(239.0,228.0)
(267.0,228.0)
(239.0,228.0)
(267.0,228.0)
(267.0,228.0)
(239.0,228.0)
(599.0,228.0)
(267.0,228.0)
(267.0,228.0)
(267.0,228.0)
(212.0,228.0)
(267.0,228.0)
(267.0,228.0)
(212.0,228.0)
(599.0,228.0)
(599.0,228.0)
(239.0,228.0)
(267.0,228.0)
(599.0,228.0)
(212.0,228.0)
(267.0,228.0)
(239.0,228.0)
(267.0,228.0)
(267.0,228.0)
(212.0,228.0)
(267.0,228.0)
(599.0,228.0)
(599.0,228.0)
(267.0,228.0)
(267.0,228.0)
(267.0,228.0)
(267.0,228.0)
(629.0,228.0)
(267.0,228.0)
(599.0,228.0)
(212.0,228.0)
(599.0,228.0)
(267.0,228.0)
(239.0,228.0)
(267.0,228.0)
(267.0,228.0)
(613.0,228.0)
(267.0,228.0)
(267.0,228.0)
(599.0,228.0)
(629.0,228.0)
(599.0,228.0)
(267.0,228.0)
(267.0,228.0)
(239.0,228.0)
(212.0,228.0)
(267.0,228.0)
(239.0,228.0)
(212.0,228.0)
(267.0,228.0)
(267.0,228.0)
(267.0,228.0)
(613.0,228.0)
(212.0,228.0)
(267.0,228.0)
(629.0,228.0)
(212.0,228.0)
(599.0,228.0)
(267.0,228.0)
(239.0,228.0)
(599.0,228.0)
(599.0,228.0)
(267.0,228.0)
(599.0,228.0)
(212.0,228.0)
(599.0,228.0)
(267.0,228.0)
(613.0,228.0)
(239.0,228.0)
(239.0,228.0)
(267.0,228.0)
(267.0,228.0)
(212.0,228.0)
(212.0,228.0)
(267.0,228.0)
(239.0,228.0)
(267.0,228.0)
(239.0,228.0)
(629.0,228.0)
(252.0,228.0)
(599.0,228.0)
(267.0,228.0)
(599.0,228.0)
(267.0,228.0)
(629.0,228.0)
(267.0,228.0)
(599.0,228.0)
(599.0,228.0)
(645.0,228.0)
(624.0,228.0)
(624.0,228.0)
(212.0,228.0)
(212.0,228.0)
(212.0,228.0)
(212.0,228.0)
(624.0,228.0)
(660.0,228.0)
(645.0,228.0)
(645.0,228.0)
(624.0,228.0)
(645.0,228.0)
(624.0,228.0)
(212.0,228.0)
(660.0,228.0)
(645.0,228.0)
(212.0,228.0)
(645.0,228.0)
(645.0,228.0)
(645.0,228.0)
(645.0,228.0)
(212.0,228.0)
(645.0,228.0)
(645.0,228.0)
(212.0,228.0)
(645.0,228.0)
(645.0,228.0)
(645.0,228.0)
(645.0,228.0)
(624.0,228.0)
(660.0,228.0)
(212.0,228.0)
(645.0,228.0)
(212.0,228.0)
(212.0,228.0)
(645.0,228.0)
(645.0,228.0)
(212.0,228.0)
(243.0,228.0)
(645.0,228.0)
(645.0,228.0)
(645.0,228.0)
(645.0,228.0)
(645.0,228.0)
(212.0,228.0)
(645.0,228.0)
(660.0,228.0)
(243.0,228.0)
(624.0,228.0)
(212.0,228.0)
(645.0,228.0)
(645.0,228.0)
(645.0,228.0)
(212.0,228.0)
(624.0,228.0)
(624.0,228.0)
(660.0,228.0)
(645.0,228.0)
(212.0,228.0)
(645.0,228.0)
(645.0,228.0)
(660.0,228.0)
(212.0,228.0)
(624.0,228.0)
(212.0,228.0)
(624.0,228.0)
(212.0,228.0)
(212.0,228.0)
(212.0,228.0)
(212.0,228.0)
(660.0,228.0)
(660.0,228.0)
(645.0,228.0)
(212.0,228.0)
(660.0,228.0)
(645.0,228.0)
(624.0,228.0)
(645.0,228.0)
(645.0,228.0)
(624.0,228.0)
(212.0,228.0)
(660.0,228.0)
(645.0,228.0)
(645.0,228.0)
(624.0,228.0)
(645.0,228.0)
(645.0,228.0)
(624.0,228.0)
(212.0,228.0)
(660.0,228.0)
(624.0,228.0)
(212.0,228.0)
(624.0,228.0)
(632.0,229.0)
(219.0,229.0)
(264.0,229.0)
(219.0,229.0)
(632.0,229.0)
(632.0,229.0)
(660.0,229.0)
(632.0,229.0)
(255.0,229.0)
(219.0,229.0)
(660.0,229.0)
(660.0,229.0)
(264.0,229.0)
(276.0,229.0)
(632.0,229.0)
(632.0,229.0)
(239.0,229.0)
(264.0,229.0)
(632.0,229.0)
(632.0,229.0)
(660.0,229.0)
(660.0,229.0)
(660.0,229.0)
(660.0,229.0)
(219.0,229.0)
(632.0,229.0)
(632.0,229.0)
(632.0,229.0)
(632.0,229.0)
(632.0,229.0)
(660.0,229.0)
(632.0,229.0)
(632.0,229.0)
(264.0,229.0)
(632.0,229.0)
(264.0,229.0)
(660.0,229.0)
(632.0,229.0)
(264.0,229.0)
(219.0,229.0)
(660.0,229.0)
(660.0,229.0)
(632.0,229.0)
(632.0,229.0)
(632.0,229.0)
(632.0,229.0)
(632.0,229.0)
(264.0,229.0)
(219.0,229.0)
(276.0,229.0)
(660.0,229.0)
(632.0,229.0)
(264.0,229.0)
(632.0,229.0)
(632.0,229.0)
(660.0,229.0)
(632.0,229.0)
(632.0,229.0)
(660.0,229.0)
(219.0,229.0)
(632.0,229.0)
(632.0,229.0)
(264.0,229.0)
(219.0,229.0)
(632.0,229.0)
(632.0,229.0)
(632.0,229.0)
(660.0,229.0)
(632.0,229.0)
(632.0,229.0)
(219.0,229.0)
(660.0,229.0)
(660.0,229.0)
(219.0,229.0)
(219.0,229.0)
(632.0,229.0)
(264.0,229.0)
(632.0,229.0)
(632.0,229.0)
(632.0,229.0)
(660.0,229.0)
(255.0,229.0)
(632.0,229.0)
(219.0,229.0)
(660.0,229.0)
(219.0,229.0)
(613.0,229.0)
(632.0,229.0)
(255.0,229.0)
(632.0,229.0)
(632.0,229.0)
(264.0,229.0)
(276.0,229.0)
(632.0,229.0)
(219.0,229.0)
(264.0,229.0)
(632.0,229.0)
(629.0,229.0)
(632.0,229.0)
(632.0,229.0)
(219.0,229.0)
(632.0,229.0)
(660.0,229.0)
(276.0,229.0)
(264.0,229.0)
(264.0,229.0)
(613.0,229.0)
(264.0,229.0)
(660.0,229.0)
(632.0,229.0)
(660.0,229.0)
(660.0,229.0)
(276.0,229.0)
(632.0,229.0)
(613.0,229.0)
(632.0,229.0)
(264.0,229.0)
(660.0,229.0)
(632.0,229.0)
(264.0,229.0)
(215.0,229.0)
(660.0,229.0)
(219.0,229.0)
(264.0,229.0)
(219.0,229.0)
(219.0,229.0)
(276.0,229.0)
(632.0,229.0)
(660.0,229.0)
(632.0,229.0)
(613.0,229.0)
(632.0,229.0)
(632.0,229.0)
(660.0,229.0)
(660.0,229.0)
(632.0,229.0)
(255.0,229.0)
(264.0,229.0)
(276.0,229.0)
(219.0,229.0)
(264.0,229.0)
(632.0,229.0)
(264.0,229.0)
(632.0,229.0)
(239.0,230.0)
(239.0,230.0)
(239.0,230.0)
(253.0,230.0)
(645.0,230.0)
(645.0,230.0)
(645.0,230.0)
(239.0,230.0)
(238.0,230.0)
(212.0,230.0)
(645.0,230.0)
(645.0,230.0)
(239.0,230.0)
(238.0,230.0)
(212.0,230.0)
(212.0,230.0)
(239.0,230.0)
(239.0,230.0)
(239.0,230.0)
(239.0,230.0)
(239.0,230.0)
(239.0,230.0)
(624.0,230.0)
(642.0,230.0)
(239.0,230.0)
(239.0,230.0)
(239.0,230.0)
(239.0,230.0)
(212.0,230.0)
(212.0,230.0)
(645.0,230.0)
(238.0,230.0)
(645.0,230.0)
(239.0,230.0)
(239.0,230.0)
(238.0,230.0)
(645.0,230.0)
(645.0,230.0)
(239.0,230.0)
(239.0,230.0)
(239.0,230.0)
(239.0,230.0)
(239.0,230.0)
(239.0,230.0)
(645.0,230.0)
(645.0,230.0)
(239.0,230.0)
(239.0,230.0)
(239.0,230.0)
(642.0,230.0)
(239.0,230.0)
(212.0,230.0)
(239.0,230.0)
(239.0,230.0)
(642.0,230.0)
(212.0,230.0)
(212.0,230.0)
(239.0,230.0)
(239.0,230.0)
(238.0,230.0)
(645.0,230.0)
(239.0,230.0)
(238.0,230.0)
(239.0,230.0)
(239.0,230.0)
(239.0,230.0)
(239.0,230.0)
(253.0,230.0)
(645.0,230.0)
(239.0,230.0)
(239.0,230.0)
(645.0,230.0)
(239.0,230.0)
(253.0,230.0)
(645.0,230.0)
(239.0,230.0)
(645.0,230.0)
(212.0,230.0)
(238.0,230.0)
(239.0,230.0)
(645.0,230.0)
(645.0,230.0)
(239.0,230.0)
(239.0,230.0)
(239.0,230.0)
(239.0,230.0)
(239.0,230.0)
(645.0,230.0)
(239.0,230.0)
(212.0,230.0)
(239.0,230.0)
(239.0,230.0)
(239.0,230.0)
(212.0,230.0)
(645.0,230.0)
(239.0,230.0)
(239.0,230.0)
(239.0,230.0)
(239.0,230.0)
(239.0,230.0)
(239.0,230.0)
(239.0,230.0)
(239.0,230.0)
(239.0,230.0)
(645.0,230.0)
(239.0,230.0)
(212.0,230.0)
(239.0,230.0)
(239.0,230.0)
(239.0,230.0)
(239.0,230.0)
(212.0,230.0)
(645.0,230.0)
(239.0,230.0)
(645.0,230.0)
(212.0,230.0)
(239.0,230.0)
(645.0,230.0)
(239.0,230.0)
(239.0,230.0)
(239.0,230.0)
(645.0,230.0)
(239.0,230.0)
(239.0,230.0)
(239.0,230.0)
(642.0,230.0)
(239.0,230.0)
(645.0,230.0)
(238.0,230.0)
(239.0,230.0)
(212.0,230.0)
(238.0,230.0)
(645.0,230.0)
(239.0,230.0)
(239.0,230.0)
(645.0,230.0)
(239.0,230.0)
(645.0,230.0)
(642.0,230.0)
(645.0,230.0)
(645.0,230.0)
(239.0,230.0)
(239.0,230.0)
(642.0,230.0)
(238.0,230.0)
(645.0,230.0)
(239.0,230.0)
(645.0,230.0)
(239.0,230.0)
(212.0,230.0)
(239.0,230.0)
(239.0,230.0)
(239.0,230.0)
(239.0,230.0)
(212.0,230.0)
(645.0,230.0)
(239.0,230.0)
(239.0,230.0)
(239.0,230.0)
(239.0,230.0)
(239.0,230.0)
(642.0,230.0)
(212.0,230.0)
(239.0,230.0)
(645.0,230.0)
(239.0,230.0)
(212.0,230.0)
(212.0,230.0)
(645.0,230.0)
(239.0,230.0)
(212.0,230.0)
(212.0,230.0)
(239.0,230.0)
(239.0,230.0)
(239.0,230.0)
(212.0,230.0)
(239.0,230.0)
(239.0,230.0)
(239.0,230.0)
(239.0,230.0)
(239.0,230.0)
(239.0,230.0)
(239.0,230.0)
(239.0,230.0)
(212.0,230.0)
(212.0,230.0)
(239.0,230.0)
(239.0,230.0)
(645.0,230.0)
(239.0,230.0)
(642.0,230.0)
(239.0,230.0)
(239.0,230.0)
(239.0,230.0)
(238.0,230.0)
(645.0,230.0)
(239.0,230.0)
(645.0,230.0)
(645.0,230.0)
(239.0,230.0)
(229.0,229.0)
(229.0,229.0)
(229.0,229.0)
(229.0,229.0)
(229.0,229.0)
(229.0,229.0)
(229.0,229.0)
(229.0,229.0)
(229.0,229.0)
(229.0,229.0)
(229.0,229.0)
(229.0,229.0)
(229.0,229.0)
(229.0,229.0)
(229.0,229.0)
(229.0,229.0)
(229.0,229.0)
(229.0,229.0)
(229.0,229.0)
(229.0,229.0)
(229.0,229.0)
(229.0,229.0)
(229.0,229.0)
(229.0,229.0)
(229.0,229.0)
(229.0,229.0)
(229.0,229.0)
(229.0,229.0)
(229.0,229.0)
(229.0,229.0)
(229.0,229.0)
(229.0,229.0)
(229.0,229.0)
(229.0,229.0)
(229.0,229.0)
(229.0,229.0)
(229.0,229.0)
(229.0,229.0)
(229.0,229.0)
(229.0,229.0)
(229.0,229.0)
(229.0,229.0)
(229.0,229.0)
(229.0,229.0)
(229.0,229.0)
(229.0,229.0)
(229.0,229.0)
(229.0,229.0)
(229.0,229.0)
(229.0,229.0)
(229.0,229.0)
(229.0,229.0)
(229.0,229.0)
(229.0,229.0)
(229.0,229.0)
(229.0,229.0)
(229.0,229.0)
(229.0,229.0)
(229.0,229.0)
(229.0,229.0)
(229.0,229.0)
(229.0,229.0)
(229.0,229.0)
(229.0,229.0)
(229.0,229.0)
(229.0,229.0)
(229.0,229.0)
(229.0,229.0)
(229.0,229.0)
(229.0,229.0)
(229.0,229.0)
(229.0,229.0)
(229.0,229.0)
(212.0,229.0)
(229.0,229.0)
(229.0,229.0)
(229.0,229.0)
(229.0,229.0)
(229.0,229.0)
(229.0,229.0)
(229.0,229.0)
(229.0,229.0)
(229.0,229.0)
(229.0,229.0)
(229.0,229.0)
(229.0,229.0)
(229.0,229.0)
(229.0,229.0)
(229.0,229.0)
(229.0,229.0)
(229.0,229.0)
(228.0,229.0)
(228.0,229.0)
(243.0,229.0)
(613.0,229.0)
(243.0,229.0)
(613.0,229.0)
(613.0,229.0)
(228.0,229.0)
(243.0,229.0)
(212.0,229.0)
(613.0,229.0)
(613.0,229.0)
(613.0,229.0)
(228.0,229.0)
(212.0,229.0)
(212.0,229.0)
(660.0,229.0)
(228.0,229.0)
(228.0,229.0)
(228.0,229.0)
(252.0,229.0)
(262.0,229.0)
(624.0,229.0)
(629.0,229.0)
(252.0,229.0)
(228.0,229.0)
(262.0,229.0)
(634.0,229.0)
(212.0,229.0)
(212.0,229.0)
(613.0,229.0)
(243.0,229.0)
(613.0,229.0)
(613.0,229.0)
(262.0,229.0)
(243.0,229.0)
(613.0,229.0)
(613.0,229.0)
(252.0,229.0)
(252.0,229.0)
(228.0,229.0)
(212.0,229.0)
(228.0,229.0)
(228.0,229.0)
(613.0,229.0)
(613.0,229.0)
(634.0,229.0)
(228.0,229.0)
(228.0,229.0)
(228.0,229.0)
(228.0,229.0)
(212.0,229.0)
(262.0,229.0)
(634.0,229.0)
(629.0,229.0)
(228.0,229.0)
(228.0,229.0)
(228.0,229.0)
(228.0,229.0)
(228.0,229.0)
(613.0,229.0)
(228.0,229.0)
(243.0,229.0)
(252.0,229.0)
(249.0,229.0)
(262.0,229.0)
(262.0,229.0)
(613.0,229.0)
(243.0,229.0)
(660.0,229.0)
(613.0,229.0)
(262.0,229.0)
(613.0,229.0)
(613.0,229.0)
(228.0,229.0)
(613.0,229.0)
(212.0,229.0)
(243.0,229.0)
(262.0,229.0)
(596.0,229.0)
(613.0,229.0)
(613.0,229.0)
(228.0,229.0)
(262.0,229.0)
(228.0,229.0)
(252.0,229.0)
(613.0,229.0)
(228.0,229.0)
(228.0,229.0)
(252.0,229.0)
(262.0,229.0)
(228.0,229.0)
(212.0,229.0)
(613.0,229.0)
(262.0,229.0)
(613.0,229.0)
(212.0,229.0)
(613.0,229.0)
(243.0,229.0)
(228.0,229.0)
(613.0,229.0)
(243.0,229.0)
(613.0,229.0)
(243.0,229.0)
(212.0,229.0)
(262.0,229.0)
(228.0,229.0)
(252.0,229.0)
(262.0,229.0)
(212.0,229.0)
(613.0,229.0)
(613.0,229.0)
(243.0,229.0)
(228.0,229.0)
(243.0,229.0)
(243.0,229.0)
(613.0,229.0)
(262.0,229.0)
(634.0,229.0)
(613.0,229.0)
(249.0,229.0)
(262.0,229.0)
(634.0,229.0)
(228.0,229.0)
(660.0,229.0)
(613.0,229.0)
(243.0,229.0)
(243.0,229.0)
(212.0,229.0)
(243.0,229.0)
(613.0,229.0)
(624.0,229.0)
(228.0,229.0)
(613.0,229.0)
(228.0,229.0)
(613.0,229.0)
(228.0,229.0)
(613.0,229.0)
(613.0,229.0)
(660.0,229.0)
(243.0,229.0)
(228.0,229.0)
(243.0,229.0)
(613.0,229.0)
(613.0,229.0)
(613.0,229.0)
(228.0,229.0)
(613.0,229.0)
(252.0,229.0)
(634.0,229.0)
(249.0,229.0)
(228.0,229.0)
(212.0,229.0)
(613.0,229.0)
(624.0,229.0)
(262.0,229.0)
(613.0,229.0)
(262.0,229.0)
(613.0,229.0)
(212.0,229.0)
(252.0,229.0)
(228.0,229.0)
(613.0,229.0)
(212.0,229.0)
(228.0,229.0)
(613.0,229.0)
(228.0,229.0)
(228.0,229.0)
(228.0,229.0)
(624.0,229.0)
(262.0,229.0)
(243.0,229.0)
(212.0,229.0)
(243.0,229.0)
(262.0,229.0)
(613.0,229.0)
(228.0,229.0)
(228.0,229.0)
(228.0,229.0)
(262.0,229.0)
(262.0,229.0)
(212.0,229.0)
(212.0,229.0)
(252.0,229.0)
(228.0,229.0)
(613.0,229.0)
(228.0,229.0)
(228.0,229.0)
(228.0,229.0)
(624.0,229.0)
(243.0,229.0)
(243.0,229.0)
(613.0,229.0)
(243.0,229.0)
(613.0,229.0)
(629.0,229.0)
(634.0,229.0)
(252.0,229.0)
(243.0,229.0)
(243.0,229.0)
(212.0,229.0)
(253.0,229.0)
(252.0,229.0)
(252.0,229.0)
(255.0,229.0)
(255.0,229.0)
(253.0,229.0)
(255.0,229.0)
(255.0,229.0)
(252.0,229.0)
(252.0,229.0)
(253.0,229.0)
(253.0,229.0)
(253.0,229.0)
(212.0,229.0)
(255.0,229.0)
(252.0,229.0)
(255.0,229.0)
(253.0,229.0)
(255.0,229.0)
(253.0,229.0)
(255.0,229.0)
(252.0,229.0)
(255.0,229.0)
(255.0,229.0)
(212.0,229.0)
(255.0,229.0)
(212.0,229.0)
(253.0,229.0)
(212.0,229.0)
(253.0,229.0)
(255.0,229.0)
(253.0,229.0)
(212.0,229.0)
(252.0,229.0)
(253.0,229.0)
(255.0,229.0)
(253.0,229.0)
(253.0,229.0)
(253.0,229.0)
(255.0,229.0)
(253.0,229.0)
(255.0,229.0)
(255.0,229.0)
(255.0,229.0)
(255.0,229.0)
(252.0,229.0)
(252.0,229.0)
(255.0,229.0)
(255.0,229.0)
(255.0,229.0)
(253.0,229.0)
(255.0,229.0)
(255.0,229.0)
(212.0,229.0)
(255.0,229.0)
(252.0,229.0)
(253.0,229.0)
(255.0,229.0)
(253.0,229.0)
(255.0,229.0)
(253.0,229.0)
(255.0,229.0)
(255.0,229.0)
(212.0,229.0)
(255.0,229.0)
(255.0,229.0)
(252.0,229.0)
(252.0,229.0)
(252.0,229.0)
(255.0,229.0)
(255.0,229.0)
(253.0,229.0)
(255.0,229.0)
(255.0,229.0)
(255.0,229.0)
(252.0,229.0)
(252.0,229.0)
(252.0,229.0)
(252.0,229.0)
(255.0,229.0)
(253.0,229.0)
(255.0,229.0)
(212.0,229.0)
(255.0,229.0)
(253.0,229.0)
(252.0,229.0)
(255.0,229.0)
(252.0,229.0)
(255.0,229.0)
(252.0,229.0)
(253.0,229.0)
(255.0,229.0)
(253.0,229.0)
(255.0,229.0)
(255.0,229.0)
(255.0,229.0)
(252.0,229.0)
(252.0,229.0)
(253.0,229.0)
(255.0,229.0)
(253.0,229.0)
(253.0,229.0)
(253.0,229.0)
(255.0,229.0)
(252.0,229.0)
(255.0,229.0)
(252.0,229.0)
(255.0,229.0)
(212.0,229.0)
(252.0,229.0)
(253.0,229.0)
(252.0,229.0)
(255.0,229.0)
(255.0,229.0)
(252.0,229.0)
(252.0,229.0)
(253.0,229.0)
(253.0,229.0)
(255.0,229.0)
(255.0,229.0)
(212.0,229.0)
(253.0,229.0)
(255.0,229.0)
(253.0,229.0)
(253.0,229.0)
(252.0,229.0)
(252.0,229.0)
(255.0,229.0)
(253.0,229.0)
(212.0,229.0)
(617.0,231.0)
(613.0,231.0)
(613.0,231.0)
(255.0,231.0)
(255.0,231.0)
(613.0,231.0)
(597.0,231.0)
(597.0,231.0)
(255.0,231.0)
(255.0,231.0)
(597.0,231.0)
(597.0,231.0)
(613.0,231.0)
(613.0,231.0)
(597.0,231.0)
(617.0,231.0)
(617.0,231.0)
(613.0,231.0)
(617.0,231.0)
(597.0,231.0)
(617.0,231.0)
(613.0,231.0)
(613.0,231.0)
(613.0,231.0)
(613.0,231.0)
(255.0,231.0)
(617.0,231.0)
(613.0,231.0)
(255.0,231.0)
(617.0,231.0)
(617.0,231.0)
(617.0,231.0)
(613.0,231.0)
(597.0,231.0)
(617.0,231.0)
(613.0,231.0)
(255.0,231.0)
(613.0,231.0)
(617.0,231.0)
(613.0,231.0)
(613.0,231.0)
(597.0,231.0)
(597.0,231.0)
(617.0,231.0)
(613.0,231.0)
(613.0,231.0)
(597.0,231.0)
(597.0,231.0)
(597.0,231.0)
(597.0,231.0)
(255.0,231.0)
(613.0,231.0)
(617.0,231.0)
(617.0,231.0)
(617.0,231.0)
(617.0,231.0)
(613.0,231.0)
(255.0,231.0)
(617.0,231.0)
(613.0,231.0)
(255.0,231.0)
(255.0,231.0)
(597.0,231.0)
(613.0,231.0)
(617.0,231.0)
(617.0,231.0)
(255.0,231.0)
(597.0,231.0)
(617.0,231.0)
(597.0,231.0)
(617.0,231.0)
(613.0,231.0)
(613.0,231.0)
(597.0,231.0)
(617.0,231.0)
(617.0,231.0)
(617.0,231.0)
(597.0,231.0)
(255.0,231.0)
(617.0,231.0)
(597.0,231.0)
(613.0,231.0)
(613.0,231.0)
(613.0,231.0)
(255.0,231.0)
(597.0,231.0)
(613.0,231.0)
(617.0,231.0)
(617.0,231.0)
(617.0,231.0)
(597.0,231.0)
(617.0,231.0)
(613.0,231.0)
(597.0,231.0)
(617.0,231.0)
(617.0,231.0)
(617.0,231.0)
(617.0,231.0)
(613.0,231.0)
(255.0,231.0)
(597.0,231.0)
(613.0,231.0)
(613.0,231.0)
(255.0,231.0)
(617.0,231.0)
(255.0,231.0)
(613.0,231.0)
(255.0,231.0)
(255.0,231.0)
(613.0,231.0)
(613.0,231.0)
(613.0,231.0)
(613.0,231.0)
(613.0,231.0)
(613.0,231.0)
(597.0,231.0)
(617.0,231.0)
(613.0,231.0)
(597.0,231.0)
(255.0,231.0)
(617.0,231.0)
(617.0,231.0)
(613.0,231.0)
(597.0,231.0)
(617.0,231.0)
(613.0,231.0)
(597.0,231.0)
(597.0,231.0)
(255.0,231.0)
(613.0,231.0)
(597.0,231.0)
(597.0,231.0)
(617.0,231.0)
(597.0,231.0)
(597.0,231.0)
(613.0,231.0)
(617.0,231.0)
(613.0,231.0)
(613.0,231.0)
(613.0,231.0)
(617.0,231.0)
(617.0,231.0)
(613.0,231.0)
(597.0,231.0)
(617.0,231.0)
(613.0,231.0)
(255.0,231.0)
(613.0,231.0)
(613.0,231.0)
(631.0,231.0)
(597.0,231.0)
(597.0,231.0)
(255.0,231.0)
(613.0,231.0)
(617.0,231.0)
(613.0,231.0)
(613.0,231.0)
(631.0,231.0)
(252.0,231.0)
(252.0,231.0)
(631.0,231.0)
(631.0,231.0)
(631.0,231.0)
(631.0,231.0)
(252.0,231.0)
(617.0,231.0)
(631.0,231.0)
(631.0,231.0)
(624.0,231.0)
(631.0,231.0)
(631.0,231.0)
(255.0,231.0)
(631.0,231.0)
(252.0,231.0)
(631.0,231.0)
(631.0,231.0)
(631.0,231.0)
(631.0,231.0)
(631.0,231.0)
(631.0,231.0)
(631.0,231.0)
(231.0,231.0)
(631.0,231.0)
(631.0,231.0)
(231.0,231.0)
(631.0,231.0)
(255.0,231.0)
(631.0,231.0)
(631.0,231.0)
(631.0,231.0)
(631.0,231.0)
(252.0,231.0)
(617.0,231.0)
(631.0,231.0)
(631.0,231.0)
(631.0,231.0)
(255.0,231.0)
(631.0,231.0)
(631.0,231.0)
(631.0,231.0)
(631.0,231.0)
(631.0,231.0)
(631.0,231.0)
(631.0,231.0)
(631.0,231.0)
(631.0,231.0)
(631.0,231.0)
(631.0,231.0)
(631.0,231.0)
(252.0,231.0)
(631.0,231.0)
(252.0,231.0)
(631.0,231.0)
(631.0,231.0)
(631.0,231.0)
(631.0,231.0)
(631.0,231.0)
(252.0,231.0)
(252.0,231.0)
(252.0,231.0)
(252.0,231.0)
(631.0,231.0)
(231.0,231.0)
(631.0,231.0)
(631.0,231.0)
(631.0,231.0)
(255.0,231.0)
(617.0,231.0)
(631.0,231.0)
(252.0,231.0)
(631.0,231.0)
(602.0,231.0)
(631.0,231.0)
(255.0,231.0)
(631.0,231.0)
(631.0,231.0)
(631.0,231.0)
(617.0,231.0)
(252.0,231.0)
(631.0,231.0)
(231.0,231.0)
(255.0,231.0)
(631.0,231.0)
(617.0,231.0)
(617.0,231.0)
(631.0,231.0)
(252.0,231.0)
(631.0,231.0)
(631.0,231.0)
(252.0,231.0)
(631.0,231.0)
(617.0,231.0)
(631.0,231.0)
(631.0,231.0)
(602.0,231.0)
(631.0,231.0)
(631.0,231.0)
(631.0,231.0)
(631.0,231.0)
(617.0,231.0)
(252.0,231.0)
(617.0,231.0)
(631.0,231.0)
(231.0,231.0)
(631.0,231.0)
(597.0,232.0)
(597.0,232.0)
(597.0,232.0)
(597.0,232.0)
(597.0,232.0)
(597.0,232.0)
(597.0,232.0)
(597.0,232.0)
(597.0,232.0)
(597.0,232.0)
(597.0,232.0)
(597.0,232.0)
(597.0,232.0)
(597.0,232.0)
(597.0,232.0)
(597.0,232.0)
(597.0,232.0)
(597.0,232.0)
(597.0,232.0)
(597.0,232.0)
(597.0,232.0)
(597.0,232.0)
(597.0,232.0)
(597.0,232.0)
(597.0,232.0)
(597.0,232.0)
(597.0,232.0)
(597.0,232.0)
(597.0,232.0)
(597.0,232.0)
(597.0,232.0)
(597.0,232.0)
(597.0,232.0)
(597.0,232.0)
(597.0,232.0)
(597.0,232.0)
(597.0,232.0)
(597.0,232.0)
(597.0,232.0)
(597.0,232.0)
(597.0,232.0)
(597.0,232.0)
(597.0,232.0)
(597.0,232.0)
(597.0,232.0)
(597.0,232.0)
(597.0,232.0)
(597.0,232.0)
(597.0,232.0)
(597.0,232.0)
(597.0,232.0)
(597.0,232.0)
(597.0,232.0)
(597.0,232.0)
(597.0,232.0)
(597.0,232.0)
(597.0,232.0)
(597.0,232.0)
(597.0,232.0)
(597.0,232.0)
(597.0,232.0)
(597.0,232.0)
(597.0,232.0)
(597.0,232.0)
(597.0,232.0)
(597.0,232.0)
(597.0,232.0)
(597.0,232.0)
(597.0,232.0)
(597.0,232.0)
(597.0,232.0)
(597.0,232.0)
(597.0,232.0)
(597.0,232.0)
(597.0,232.0)
(597.0,232.0)
(597.0,232.0)
(597.0,232.0)
(597.0,232.0)
(597.0,232.0)
(597.0,232.0)
(597.0,232.0)
(211.0,232.0)
(597.0,232.0)
(597.0,232.0)
(253.0,234.0)
(613.0,234.0)
(249.0,234.0)
(240.0,234.0)
(253.0,234.0)
(253.0,234.0)
(613.0,234.0)
(613.0,234.0)
(253.0,234.0)
(253.0,234.0)
(621.0,234.0)
(219.0,234.0)
(613.0,234.0)
(613.0,234.0)
(240.0,234.0)
(253.0,234.0)
(253.0,234.0)
(219.0,234.0)
(255.0,234.0)
(253.0,234.0)
(613.0,234.0)
(253.0,234.0)
(240.0,234.0)
(253.0,234.0)
(613.0,234.0)
(253.0,234.0)
(240.0,234.0)
(253.0,234.0)
(253.0,234.0)
(253.0,234.0)
(253.0,234.0)
(253.0,234.0)
(613.0,234.0)
(253.0,234.0)
(613.0,234.0)
(253.0,234.0)
(255.0,234.0)
(240.0,234.0)
(253.0,234.0)
(613.0,234.0)
(255.0,234.0)
(613.0,234.0)
(253.0,234.0)
(240.0,234.0)
(255.0,234.0)
(613.0,234.0)
(613.0,234.0)
(253.0,234.0)
(240.0,234.0)
(613.0,234.0)
(253.0,234.0)
(253.0,234.0)
(253.0,234.0)
(253.0,234.0)
(240.0,234.0)
(219.0,234.0)
(253.0,234.0)
(253.0,234.0)
(253.0,234.0)
(240.0,234.0)
(253.0,234.0)
(613.0,234.0)
(253.0,234.0)
(253.0,234.0)
(253.0,234.0)
(240.0,234.0)
(613.0,234.0)
(253.0,234.0)
(613.0,234.0)
(253.0,234.0)
(253.0,234.0)
(613.0,234.0)
(253.0,234.0)
(253.0,234.0)
(253.0,234.0)
(253.0,234.0)
(253.0,234.0)
(621.0,234.0)
(613.0,234.0)
(613.0,234.0)
(249.0,234.0)
(249.0,234.0)
(253.0,234.0)
(613.0,234.0)
(253.0,234.0)
(240.0,234.0)
(253.0,234.0)
(253.0,234.0)
(253.0,234.0)
(228.0,234.0)
(240.0,234.0)
(613.0,234.0)
(240.0,234.0)
(240.0,234.0)
(253.0,234.0)
(240.0,234.0)
(253.0,234.0)
(253.0,234.0)
(253.0,234.0)
(240.0,234.0)
(255.0,234.0)
(219.0,234.0)
(253.0,234.0)
(613.0,234.0)
(249.0,234.0)
(253.0,234.0)
(228.0,234.0)
(249.0,234.0)
(253.0,234.0)
(240.0,234.0)
(253.0,234.0)
(253.0,234.0)
(255.0,234.0)
(219.0,234.0)
(613.0,234.0)
(255.0,234.0)
(240.0,234.0)
(255.0,234.0)
(613.0,234.0)
(253.0,234.0)
(240.0,234.0)
(240.0,234.0)
(613.0,234.0)
(253.0,234.0)
(219.0,234.0)
(253.0,234.0)
(267.0,234.0)
(253.0,234.0)
(253.0,234.0)
(255.0,234.0)
(228.0,234.0)
(253.0,234.0)
(613.0,234.0)
(219.0,234.0)
(253.0,234.0)
(613.0,234.0)
(253.0,234.0)
(228.0,234.0)
(613.0,234.0)
(240.0,234.0)
(613.0,234.0)
(253.0,234.0)
(253.0,234.0)
(253.0,234.0)
(243.0,234.0)
(253.0,234.0)
(240.0,234.0)
(613.0,234.0)
(219.0,234.0)
(249.0,234.0)
(613.0,234.0)
(255.0,234.0)
(613.0,234.0)
(253.0,234.0)
(255.0,234.0)
(240.0,234.0)
(253.0,234.0)
(252.0,234.0)
(602.0,234.0)
(602.0,234.0)
(612.0,234.0)
(602.0,234.0)
(602.0,234.0)
(602.0,234.0)
(602.0,234.0)
(602.0,234.0)
(612.0,234.0)
(602.0,234.0)
(602.0,234.0)
(612.0,234.0)
(612.0,234.0)
(612.0,234.0)
(208.0,234.0)
(602.0,234.0)
(602.0,234.0)
(602.0,234.0)
(602.0,234.0)
(602.0,234.0)
(602.0,234.0)
(252.0,234.0)
(612.0,234.0)
(602.0,234.0)
(597.0,234.0)
(612.0,234.0)
(612.0,234.0)
(602.0,234.0)
(602.0,234.0)
(602.0,234.0)
(602.0,234.0)
(602.0,234.0)
(602.0,234.0)
(602.0,234.0)
(602.0,234.0)
(612.0,234.0)
(602.0,234.0)
(602.0,234.0)
(602.0,234.0)
(602.0,234.0)
(252.0,234.0)
(602.0,234.0)
(602.0,234.0)
(612.0,234.0)
(252.0,234.0)
(602.0,234.0)
(612.0,234.0)
(612.0,234.0)
(602.0,234.0)
(602.0,234.0)
(612.0,234.0)
(602.0,234.0)
(597.0,234.0)
(612.0,234.0)
(252.0,234.0)
(252.0,234.0)
(602.0,234.0)
(252.0,234.0)
(602.0,234.0)
(208.0,234.0)
(252.0,234.0)
(597.0,234.0)
(252.0,234.0)
(612.0,234.0)
(612.0,234.0)
(252.0,234.0)
(252.0,234.0)
(613.0,234.0)
(602.0,234.0)
(602.0,234.0)
(602.0,234.0)
(602.0,234.0)
(602.0,234.0)
(612.0,234.0)
(602.0,234.0)
(602.0,234.0)
(252.0,234.0)
(612.0,234.0)
(252.0,234.0)
(252.0,234.0)
(602.0,234.0)
(612.0,234.0)
(612.0,234.0)
(602.0,234.0)
(602.0,234.0)
(613.0,234.0)
(602.0,234.0)
(252.0,234.0)
(602.0,234.0)
(612.0,234.0)
(252.0,234.0)
(602.0,234.0)
(602.0,234.0)
(252.0,234.0)
(612.0,234.0)
(602.0,234.0)
(602.0,234.0)
(612.0,234.0)
(602.0,234.0)
(602.0,234.0)
(602.0,234.0)
(602.0,234.0)
(602.0,234.0)
(252.0,234.0)
(602.0,234.0)
(630.0,234.0)
(208.0,234.0)
(602.0,234.0)
(612.0,234.0)
(602.0,234.0)
(612.0,234.0)
(612.0,234.0)
(602.0,234.0)
(602.0,234.0)
(602.0,234.0)
(636.0,234.0)
(252.0,234.0)
(602.0,234.0)
(208.0,234.0)
(602.0,234.0)
(602.0,234.0)
(602.0,234.0)
(602.0,234.0)
(612.0,234.0)
(602.0,234.0)
(602.0,234.0)
(597.0,234.0)
(602.0,234.0)
(612.0,234.0)
(602.0,234.0)
(252.0,234.0)
(602.0,234.0)
(602.0,234.0)
(612.0,234.0)
(252.0,234.0)
(602.0,234.0)
(612.0,234.0)
(612.0,234.0)
(602.0,234.0)
(612.0,234.0)
(612.0,234.0)
(208.0,234.0)
(252.0,234.0)
(602.0,234.0)
(612.0,234.0)
(602.0,234.0)
(602.0,234.0)
(602.0,234.0)
(602.0,234.0)
(602.0,234.0)
(602.0,234.0)
(602.0,234.0)
(602.0,234.0)
(612.0,234.0)
(612.0,234.0)
(252.0,234.0)
(602.0,234.0)
(602.0,234.0)
(602.0,234.0)
(617.0,234.0)
(602.0,234.0)
(602.0,234.0)
(602.0,234.0)
(602.0,234.0)
(602.0,234.0)
(252.0,234.0)
(612.0,234.0)
(612.0,234.0)
(262.0,234.0)
(262.0,234.0)
(252.0,234.0)
(267.0,234.0)
(252.0,234.0)
(262.0,234.0)
(262.0,234.0)
(262.0,234.0)
(262.0,234.0)
(262.0,234.0)
(262.0,234.0)
(267.0,234.0)
(234.0,234.0)
(262.0,234.0)
(262.0,234.0)
(262.0,234.0)
(262.0,234.0)
(262.0,234.0)
(262.0,234.0)
(253.0,234.0)
(262.0,234.0)
(262.0,234.0)
(617.0,234.0)
(267.0,234.0)
(262.0,234.0)
(262.0,234.0)
(262.0,234.0)
(253.0,234.0)
(262.0,234.0)
(262.0,234.0)
(267.0,234.0)
(262.0,234.0)
(267.0,234.0)
(287.0,234.0)
(262.0,234.0)
(262.0,234.0)
(267.0,234.0)
(262.0,234.0)
(262.0,234.0)
(262.0,234.0)
(262.0,234.0)
(262.0,234.0)
(262.0,234.0)
(262.0,234.0)
(262.0,234.0)
(267.0,234.0)
(253.0,234.0)
(262.0,234.0)
(262.0,234.0)
(267.0,234.0)
(262.0,234.0)
(262.0,234.0)
(262.0,234.0)
(253.0,234.0)
(267.0,234.0)
(262.0,234.0)
(262.0,234.0)
(262.0,234.0)
(262.0,234.0)
(262.0,234.0)
(262.0,234.0)
(253.0,234.0)
(262.0,234.0)
(262.0,234.0)
(262.0,234.0)
(262.0,234.0)
(262.0,234.0)
(267.0,234.0)
(252.0,234.0)
(660.0,234.0)
(267.0,234.0)
(262.0,234.0)
(267.0,234.0)
(267.0,234.0)
(253.0,234.0)
(262.0,234.0)
(262.0,234.0)
(262.0,234.0)
(262.0,234.0)
(262.0,234.0)
(267.0,234.0)
(252.0,234.0)
(262.0,234.0)
(262.0,234.0)
(262.0,234.0)
(262.0,234.0)
(267.0,234.0)
(253.0,234.0)
(262.0,234.0)
(262.0,234.0)
(262.0,234.0)
(262.0,234.0)
(262.0,234.0)
(262.0,234.0)
(262.0,234.0)
(234.0,234.0)
(660.0,234.0)
(660.0,234.0)
(262.0,234.0)
(262.0,234.0)
(262.0,234.0)
(252.0,234.0)
(252.0,234.0)
(262.0,234.0)
(262.0,234.0)
(262.0,234.0)
(262.0,234.0)
(253.0,234.0)
(262.0,234.0)
(262.0,234.0)
(262.0,234.0)
(267.0,234.0)
(252.0,234.0)
(252.0,234.0)
(262.0,234.0)
(262.0,234.0)
(252.0,234.0)
(287.0,234.0)
(262.0,234.0)
(252.0,234.0)
(267.0,234.0)
(262.0,234.0)
(262.0,234.0)
(253.0,234.0)
(267.0,234.0)
(262.0,234.0)
(262.0,234.0)
(262.0,234.0)
(252.0,234.0)
(262.0,234.0)
(262.0,234.0)
(262.0,234.0)
(617.0,234.0)
(253.0,234.0)
(267.0,234.0)
(253.0,234.0)
(262.0,234.0)
(267.0,234.0)
(262.0,234.0)
(267.0,234.0)
(660.0,234.0)
(262.0,234.0)
(267.0,234.0)
(262.0,234.0)
(267.0,234.0)
(287.0,234.0)
(267.0,234.0)
(253.0,234.0)
(262.0,234.0)
(262.0,234.0)
(253.0,234.0)
(253.0,234.0)
(262.0,234.0)
(262.0,234.0)
(267.0,234.0)
(267.0,234.0)
(660.0,234.0)
(262.0,234.0)
(234.0,234.0)
(262.0,234.0)
(267.0,234.0)
(262.0,234.0)
(262.0,234.0)
(267.0,234.0)
(252.0,234.0)
(262.0,234.0)
(262.0,234.0)
(267.0,234.0)
(262.0,234.0)
(262.0,234.0)
(262.0,234.0)
(660.0,234.0)
(262.0,234.0)
(262.0,234.0)
(262.0,234.0)
(262.0,234.0)
(262.0,234.0)
(617.0,234.0)
(262.0,234.0)
(262.0,234.0)
(262.0,234.0)
(262.0,234.0)
(262.0,234.0)
(262.0,234.0)
(262.0,234.0)
(262.0,234.0)
(262.0,234.0)
(267.0,234.0)
(262.0,234.0)
(267.0,234.0)
(262.0,234.0)
(660.0,234.0)
(252.0,234.0)
(262.0,234.0)
(267.0,234.0)
(660.0,234.0)
(262.0,234.0)
(267.0,234.0)
(253.0,234.0)
(262.0,234.0)
(267.0,235.0)
(602.0,235.0)
(597.0,235.0)
(597.0,235.0)
(658.0,235.0)
(267.0,235.0)
(597.0,235.0)
(597.0,235.0)
(658.0,235.0)
(267.0,235.0)
(597.0,235.0)
(597.0,235.0)
(597.0,235.0)
(612.0,235.0)
(602.0,235.0)
(602.0,235.0)
(267.0,235.0)
(267.0,235.0)
(612.0,235.0)
(597.0,235.0)
(267.0,235.0)
(602.0,235.0)
(267.0,235.0)
(597.0,235.0)
(597.0,235.0)
(267.0,235.0)
(597.0,235.0)
(267.0,235.0)
(675.0,235.0)
(267.0,235.0)
(267.0,235.0)
(267.0,235.0)
(267.0,235.0)
(597.0,235.0)
(267.0,235.0)
(602.0,235.0)
(658.0,235.0)
(597.0,235.0)
(613.0,235.0)
(267.0,235.0)
(602.0,235.0)
(597.0,235.0)
(602.0,235.0)
(597.0,235.0)
(267.0,235.0)
(613.0,235.0)
(597.0,235.0)
(597.0,235.0)
(597.0,235.0)
(602.0,235.0)
(602.0,235.0)
(597.0,235.0)
(658.0,235.0)
(602.0,235.0)
(267.0,235.0)
(267.0,235.0)
(267.0,235.0)
(267.0,235.0)
(597.0,235.0)
(612.0,235.0)
(656.0,235.0)
(267.0,235.0)
(267.0,235.0)
(267.0,235.0)
(597.0,235.0)
(602.0,235.0)
(267.0,235.0)
(267.0,235.0)
(656.0,235.0)
(612.0,235.0)
(602.0,235.0)
(658.0,235.0)
(602.0,235.0)
(267.0,235.0)
(597.0,235.0)
(597.0,235.0)
(267.0,235.0)
(658.0,235.0)
(267.0,235.0)
(597.0,235.0)
(267.0,235.0)
(267.0,235.0)
(597.0,235.0)
(597.0,235.0)
(597.0,235.0)
(597.0,235.0)
(602.0,235.0)
(612.0,235.0)
(597.0,235.0)
(658.0,235.0)
(597.0,235.0)
(267.0,235.0)
(267.0,235.0)
(267.0,235.0)
(597.0,235.0)
(267.0,235.0)
(597.0,235.0)
(597.0,235.0)
(597.0,235.0)
(597.0,235.0)
(597.0,235.0)
(597.0,235.0)
(658.0,235.0)
(612.0,235.0)
(267.0,235.0)
(267.0,235.0)
(267.0,235.0)
(613.0,235.0)
(597.0,235.0)
(612.0,235.0)
(658.0,235.0)
(602.0,235.0)
(597.0,235.0)
(597.0,235.0)
(658.0,235.0)
(612.0,235.0)
(267.0,235.0)
(658.0,235.0)
(267.0,235.0)
(656.0,235.0)
(612.0,235.0)
(675.0,235.0)
(597.0,235.0)
(597.0,235.0)
(597.0,235.0)
(597.0,235.0)
(597.0,235.0)
(267.0,235.0)
(612.0,235.0)
(602.0,235.0)
(597.0,235.0)
(267.0,235.0)
(612.0,235.0)
(267.0,235.0)
(597.0,235.0)
(267.0,235.0)
(675.0,235.0)
(267.0,235.0)
(597.0,235.0)
(597.0,235.0)
(597.0,235.0)
(597.0,235.0)
(602.0,235.0)
(597.0,235.0)
(597.0,235.0)
(612.0,235.0)
(267.0,235.0)
(597.0,235.0)
(675.0,235.0)
(658.0,235.0)
(597.0,235.0)
(675.0,235.0)
(602.0,235.0)
(602.0,235.0)
(267.0,235.0)
(267.0,235.0)
(267.0,235.0)
(602.0,235.0)
(267.0,235.0)
(602.0,235.0)
(597.0,235.0)
(602.0,235.0)
(612.0,235.0)
(597.0,235.0)
(602.0,235.0)
(602.0,235.0)
(658.0,235.0)
(597.0,235.0)
(613.0,235.0)
(267.0,235.0)
(597.0,235.0)
(597.0,235.0)
(645.0,233.0)
(645.0,233.0)
(645.0,233.0)
(212.0,233.0)
(645.0,233.0)
(645.0,233.0)
(215.0,233.0)
(645.0,233.0)
(624.0,233.0)
(645.0,233.0)
(645.0,233.0)
(215.0,233.0)
(215.0,233.0)
(624.0,233.0)
(645.0,233.0)
(212.0,233.0)
(645.0,233.0)
(645.0,233.0)
(624.0,233.0)
(645.0,233.0)
(645.0,233.0)
(212.0,233.0)
(215.0,233.0)
(212.0,233.0)
(645.0,233.0)
(624.0,233.0)
(212.0,233.0)
(645.0,233.0)
(212.0,233.0)
(212.0,233.0)
(624.0,233.0)
(215.0,233.0)
(645.0,233.0)
(636.0,233.0)
(624.0,233.0)
(215.0,233.0)
(645.0,233.0)
(645.0,233.0)
(645.0,233.0)
(645.0,233.0)
(212.0,233.0)
(645.0,233.0)
(624.0,233.0)
(645.0,233.0)
(645.0,233.0)
(645.0,233.0)
(645.0,233.0)
(212.0,233.0)
(624.0,233.0)
(645.0,233.0)
(614.0,233.0)
(645.0,233.0)
(212.0,233.0)
(238.0,233.0)
(624.0,233.0)
(624.0,233.0)
(624.0,233.0)
(624.0,233.0)
(645.0,233.0)
(645.0,233.0)
(624.0,233.0)
(645.0,233.0)
(645.0,233.0)
(212.0,233.0)
(614.0,233.0)
(212.0,233.0)
(645.0,233.0)
(712.0,233.0)
(215.0,233.0)
(614.0,233.0)
(212.0,233.0)
(229.0,233.0)
(645.0,233.0)
(328.0,233.0)
(212.0,233.0)
(624.0,233.0)
(212.0,233.0)
(645.0,233.0)
(215.0,233.0)
(645.0,233.0)
(624.0,233.0)
(212.0,233.0)
(624.0,233.0)
(645.0,233.0)
(645.0,233.0)
(645.0,233.0)
(645.0,233.0)
(212.0,233.0)
(645.0,233.0)
(645.0,233.0)
(645.0,233.0)
(212.0,233.0)
(215.0,233.0)
(212.0,233.0)
(624.0,233.0)
(624.0,233.0)
(624.0,233.0)
(645.0,233.0)
(645.0,233.0)
(645.0,233.0)
(624.0,233.0)
(212.0,233.0)
(212.0,233.0)
(645.0,233.0)
(645.0,233.0)
(212.0,233.0)
(645.0,233.0)
(229.0,233.0)
(645.0,233.0)
(645.0,233.0)
(645.0,233.0)
(624.0,233.0)
(645.0,233.0)
(645.0,233.0)
(212.0,233.0)
(645.0,233.0)
(229.0,233.0)
(645.0,233.0)
(645.0,233.0)
(645.0,233.0)
(212.0,233.0)
(712.0,233.0)
(315.0,233.0)
(624.0,233.0)
(645.0,233.0)
(212.0,233.0)
(238.0,233.0)
(645.0,233.0)
(215.0,233.0)
(624.0,233.0)
(229.0,233.0)
(645.0,233.0)
(645.0,233.0)
(219.0,233.0)
(215.0,233.0)
(215.0,233.0)
(712.0,233.0)
(624.0,233.0)
(212.0,233.0)
(624.0,233.0)
(645.0,233.0)
(645.0,233.0)
(212.0,233.0)
(645.0,233.0)
(645.0,233.0)
(645.0,233.0)
(645.0,233.0)
(212.0,233.0)
(215.0,233.0)
(719.0,233.0)
(614.0,233.0)
(645.0,233.0)
(212.0,233.0)
(212.0,233.0)
(212.0,233.0)
(645.0,233.0)
(645.0,233.0)
(645.0,233.0)
(212.0,233.0)
(624.0,233.0)
(645.0,233.0)
(645.0,233.0)
(212.0,233.0)
(215.0,233.0)
(614.0,233.0)
(624.0,233.0)
(212.0,233.0)
(624.0,233.0)
(212.0,233.0)
(215.0,233.0)
(645.0,233.0)
(645.0,233.0)
(645.0,233.0)
(645.0,233.0)
(212.0,233.0)
(212.0,233.0)
(212.0,233.0)
(645.0,233.0)
(645.0,233.0)
(215.0,233.0)
(645.0,233.0)
(212.0,233.0)
(624.0,233.0)
(719.0,233.0)
(645.0,233.0)
(624.0,233.0)
(624.0,233.0)
(645.0,233.0)
(645.0,233.0)
(645.0,233.0)
(645.0,233.0)
(624.0,233.0)
(238.0,233.0)
(255.0,236.0)
(617.0,236.0)
(617.0,236.0)
(255.0,236.0)
(617.0,236.0)
(636.0,236.0)
(645.0,236.0)
(219.0,236.0)
(255.0,236.0)
(636.0,236.0)
(219.0,236.0)
(617.0,236.0)
(617.0,236.0)
(219.0,236.0)
(219.0,236.0)
(617.0,236.0)
(219.0,236.0)
(219.0,236.0)
(617.0,236.0)
(219.0,236.0)
(219.0,236.0)
(240.0,236.0)
(617.0,236.0)
(636.0,236.0)
(240.0,236.0)
(617.0,236.0)
(219.0,236.0)
(219.0,236.0)
(645.0,236.0)
(617.0,236.0)
(617.0,236.0)
(617.0,236.0)
(255.0,236.0)
(617.0,236.0)
(617.0,236.0)
(617.0,236.0)
(617.0,236.0)
(617.0,236.0)
(617.0,236.0)
(636.0,236.0)
(617.0,236.0)
(617.0,236.0)
(255.0,236.0)
(240.0,236.0)
(636.0,236.0)
(617.0,236.0)
(645.0,236.0)
(617.0,236.0)
(617.0,236.0)
(255.0,236.0)
(617.0,236.0)
(617.0,236.0)
(617.0,236.0)
(255.0,236.0)
(617.0,236.0)
(617.0,236.0)
(219.0,236.0)
(255.0,236.0)
(645.0,236.0)
(645.0,236.0)
(255.0,236.0)
(219.0,236.0)
(617.0,236.0)
(617.0,236.0)
(617.0,236.0)
(253.0,234.0)
(228.0,234.0)
(249.0,234.0)
(249.0,234.0)
(253.0,234.0)
(253.0,234.0)
(613.0,234.0)
(243.0,234.0)
(253.0,234.0)
(253.0,234.0)
(621.0,234.0)
(219.0,234.0)
(228.0,234.0)
(613.0,234.0)
(249.0,234.0)
(253.0,234.0)
(253.0,234.0)
(219.0,234.0)
(253.0,234.0)
(243.0,234.0)
(253.0,234.0)
(249.0,234.0)
(253.0,234.0)
(243.0,234.0)
(253.0,234.0)
(249.0,234.0)
(253.0,234.0)
(253.0,234.0)
(253.0,234.0)
(253.0,234.0)
(253.0,234.0)
(228.0,234.0)
(253.0,234.0)
(228.0,234.0)
(253.0,234.0)
(253.0,234.0)
(240.0,234.0)
(253.0,234.0)
(228.0,234.0)
(255.0,234.0)
(228.0,234.0)
(253.0,234.0)
(240.0,234.0)
(255.0,234.0)
(613.0,234.0)
(243.0,234.0)
(253.0,234.0)
(249.0,234.0)
(243.0,234.0)
(253.0,234.0)
(253.0,234.0)
(253.0,234.0)
(253.0,234.0)
(249.0,234.0)
(219.0,234.0)
(253.0,234.0)
(253.0,234.0)
(253.0,234.0)
(249.0,234.0)
(253.0,234.0)
(243.0,234.0)
(253.0,234.0)
(253.0,234.0)
(253.0,234.0)
(249.0,234.0)
(243.0,234.0)
(253.0,234.0)
(243.0,234.0)
(253.0,234.0)
(253.0,234.0)
(613.0,234.0)
(253.0,234.0)
(253.0,234.0)
(253.0,234.0)
(253.0,234.0)
(253.0,234.0)
(621.0,234.0)
(243.0,234.0)
(243.0,234.0)
(249.0,234.0)
(249.0,234.0)
(253.0,234.0)
(243.0,234.0)
(253.0,234.0)
(249.0,234.0)
(253.0,234.0)
(253.0,234.0)
(253.0,234.0)
(228.0,234.0)
(249.0,234.0)
(243.0,234.0)
(249.0,234.0)
(228.0,234.0)
(253.0,234.0)
(240.0,234.0)
(253.0,234.0)
(253.0,234.0)
(253.0,234.0)
(240.0,234.0)
(255.0,234.0)
(219.0,234.0)
(253.0,234.0)
(243.0,234.0)
(249.0,234.0)
(253.0,234.0)
(228.0,234.0)
(249.0,234.0)
(253.0,234.0)
(249.0,234.0)
(253.0,234.0)
(253.0,234.0)
(253.0,234.0)
(219.0,234.0)
(243.0,234.0)
(253.0,234.0)
(228.0,234.0)
(253.0,234.0)
(613.0,234.0)
(253.0,234.0)
(240.0,234.0)
(249.0,234.0)
(613.0,234.0)
(253.0,234.0)
(219.0,234.0)
(253.0,234.0)
(267.0,234.0)
(253.0,234.0)
(253.0,234.0)
(253.0,234.0)
(228.0,234.0)
(253.0,234.0)
(613.0,234.0)
(219.0,234.0)
(253.0,234.0)
(243.0,234.0)
(253.0,234.0)
(228.0,234.0)
(228.0,234.0)
(249.0,234.0)
(228.0,234.0)
(253.0,234.0)
(253.0,234.0)
(253.0,234.0)
(613.0,234.0)
(253.0,234.0)
(249.0,234.0)
(228.0,234.0)
(219.0,234.0)
(249.0,234.0)
(243.0,234.0)
(253.0,234.0)
(243.0,234.0)
(253.0,234.0)
(253.0,234.0)
(228.0,234.0)
(253.0,234.0)
(267.0,239.0)
(239.0,239.0)
(239.0,239.0)
(267.0,239.0)
(267.0,239.0)
(624.0,239.0)
(267.0,239.0)
(613.0,239.0)
(613.0,239.0)
(613.0,239.0)
(267.0,239.0)
(267.0,239.0)
(613.0,239.0)
(267.0,239.0)
(267.0,239.0)
(624.0,239.0)
(267.0,239.0)
(239.0,239.0)
(267.0,239.0)
(267.0,239.0)
(267.0,239.0)
(267.0,239.0)
(267.0,239.0)
(267.0,239.0)
(267.0,239.0)
(624.0,239.0)
(267.0,239.0)
(267.0,239.0)
(624.0,239.0)
(267.0,239.0)
(267.0,239.0)
(267.0,239.0)
(267.0,239.0)
(267.0,239.0)
(239.0,239.0)
(613.0,239.0)
(267.0,239.0)
(267.0,239.0)
(267.0,239.0)
(267.0,239.0)
(267.0,239.0)
(267.0,239.0)
(613.0,239.0)
(239.0,239.0)
(267.0,239.0)
(267.0,239.0)
(624.0,239.0)
(267.0,239.0)
(267.0,239.0)
(267.0,239.0)
(267.0,239.0)
(267.0,239.0)
(613.0,239.0)
(239.0,239.0)
(239.0,239.0)
(267.0,239.0)
(267.0,239.0)
(624.0,239.0)
(267.0,239.0)
(267.0,239.0)
(267.0,239.0)
(613.0,239.0)
(239.0,239.0)
(239.0,239.0)
(239.0,239.0)
(267.0,239.0)
(624.0,239.0)
(267.0,239.0)
(267.0,239.0)
(267.0,239.0)
(264.0,239.0)
(267.0,239.0)
(239.0,239.0)
(267.0,239.0)
(613.0,239.0)
(624.0,239.0)
(267.0,239.0)
(264.0,239.0)
(267.0,239.0)
(267.0,239.0)
(613.0,239.0)
(613.0,239.0)
(239.0,239.0)
(624.0,239.0)
(267.0,239.0)
(264.0,239.0)
(624.0,239.0)
(624.0,239.0)
(267.0,239.0)
(613.0,239.0)
(267.0,239.0)
(613.0,239.0)
(267.0,239.0)
(267.0,239.0)
(239.0,239.0)
(613.0,239.0)
(624.0,239.0)
(613.0,239.0)
(267.0,239.0)
(267.0,239.0)
(613.0,239.0)
(624.0,239.0)
(267.0,239.0)
(267.0,239.0)
(267.0,239.0)
(624.0,239.0)
(613.0,239.0)
(624.0,239.0)
(613.0,239.0)
(239.0,239.0)
(267.0,239.0)
(624.0,239.0)
(267.0,239.0)
(613.0,239.0)
(613.0,239.0)
(613.0,239.0)
(613.0,239.0)
(613.0,239.0)
(613.0,239.0)
(613.0,239.0)
(613.0,239.0)
(613.0,239.0)
(613.0,239.0)
(597.0,239.0)
(613.0,239.0)
(613.0,239.0)
(613.0,239.0)
(613.0,239.0)
(613.0,239.0)
(613.0,239.0)
(613.0,239.0)
(262.0,239.0)
(613.0,239.0)
(613.0,239.0)
(613.0,239.0)
(262.0,239.0)
(613.0,239.0)
(613.0,239.0)
(613.0,239.0)
(613.0,239.0)
(613.0,239.0)
(597.0,239.0)
(613.0,239.0)
(613.0,239.0)
(262.0,239.0)
(613.0,239.0)
(613.0,239.0)
(613.0,239.0)
(262.0,239.0)
(613.0,239.0)
(613.0,239.0)
(613.0,239.0)
(613.0,239.0)
(613.0,239.0)
(239.0,239.0)
(239.0,239.0)
(239.0,239.0)
(212.0,239.0)
(239.0,239.0)
(212.0,239.0)
(239.0,239.0)
(239.0,239.0)
(239.0,239.0)
(239.0,239.0)
(240.0,239.0)
(239.0,239.0)
(212.0,239.0)
(240.0,239.0)
(239.0,239.0)
(239.0,239.0)
(239.0,239.0)
(239.0,239.0)
(239.0,239.0)
(239.0,239.0)
(239.0,239.0)
(239.0,239.0)
(239.0,239.0)
(239.0,239.0)
(212.0,239.0)
(239.0,239.0)
(212.0,239.0)
(239.0,239.0)
(239.0,239.0)
(239.0,239.0)
(239.0,239.0)
(239.0,239.0)
(212.0,239.0)
(239.0,239.0)
(239.0,239.0)
(212.0,239.0)
(212.0,239.0)
(212.0,239.0)
(239.0,239.0)
(239.0,239.0)
(249.0,238.0)
(645.0,238.0)
(219.0,238.0)
(645.0,238.0)
(238.0,238.0)
(238.0,238.0)
(238.0,238.0)
(238.0,238.0)
(238.0,238.0)
(238.0,238.0)
(239.0,238.0)
(238.0,238.0)
(238.0,238.0)
(238.0,238.0)
(239.0,238.0)
(632.0,238.0)
(249.0,238.0)
(597.0,238.0)
(239.0,238.0)
(238.0,238.0)
(249.0,238.0)
(249.0,238.0)
(238.0,238.0)
(238.0,238.0)
(237.0,238.0)
(238.0,238.0)
(238.0,238.0)
(238.0,238.0)
(239.0,238.0)
(597.0,238.0)
(238.0,238.0)
(238.0,238.0)
(238.0,238.0)
(249.0,238.0)
(249.0,238.0)
(238.0,238.0)
(238.0,238.0)
(238.0,238.0)
(219.0,238.0)
(645.0,238.0)
(238.0,238.0)
(238.0,238.0)
(238.0,238.0)
(249.0,238.0)
(645.0,238.0)
(238.0,238.0)
(238.0,238.0)
(238.0,238.0)
(238.0,238.0)
(238.0,238.0)
(632.0,238.0)
(238.0,238.0)
(249.0,238.0)
(249.0,238.0)
(249.0,238.0)
(249.0,238.0)
(219.0,238.0)
(645.0,238.0)
(645.0,238.0)
(238.0,238.0)
(249.0,238.0)
(219.0,238.0)
(238.0,238.0)
(629.0,238.0)
(238.0,238.0)
(238.0,238.0)
(238.0,238.0)
(249.0,238.0)
(238.0,238.0)
(238.0,238.0)
(239.0,238.0)
(597.0,238.0)
(249.0,238.0)
(238.0,238.0)
(238.0,238.0)
(249.0,238.0)
(249.0,238.0)
(249.0,238.0)
(238.0,238.0)
(238.0,238.0)
(249.0,238.0)
(239.0,238.0)
(238.0,238.0)
(238.0,238.0)
(238.0,238.0)
(238.0,238.0)
(239.0,238.0)
(645.0,238.0)
(238.0,238.0)
(238.0,238.0)
(238.0,238.0)
(249.0,238.0)
(632.0,238.0)
(249.0,238.0)
(249.0,238.0)
(238.0,238.0)
(238.0,238.0)
(239.0,238.0)
(645.0,238.0)
(238.0,238.0)
(238.0,238.0)
(645.0,238.0)
(239.0,238.0)
(249.0,238.0)
(645.0,238.0)
(238.0,238.0)
(249.0,238.0)
(249.0,238.0)
(645.0,238.0)
(238.0,238.0)
(645.0,238.0)
(238.0,238.0)
(238.0,238.0)
(239.0,238.0)
(238.0,238.0)
(238.0,238.0)
(238.0,238.0)
(239.0,238.0)
(632.0,238.0)
(238.0,238.0)
(632.0,238.0)
(238.0,238.0)
(219.0,238.0)
(238.0,238.0)
(238.0,238.0)
(645.0,238.0)
(238.0,238.0)
(238.0,238.0)
(238.0,238.0)
(219.0,238.0)
(239.0,238.0)
(219.0,238.0)
(219.0,238.0)
(249.0,238.0)
(645.0,238.0)
(238.0,238.0)
(238.0,238.0)
(238.0,238.0)
(239.0,238.0)
(249.0,238.0)
(239.0,238.0)
(597.0,238.0)
(219.0,238.0)
(238.0,238.0)
(249.0,238.0)
(238.0,238.0)
(239.0,238.0)
(238.0,238.0)
(238.0,238.0)
(238.0,238.0)
(238.0,238.0)
(238.0,238.0)
(239.0,238.0)
(249.0,238.0)
(238.0,238.0)
(238.0,238.0)
(238.0,238.0)
(597.0,238.0)
(239.0,238.0)
(632.0,238.0)
(249.0,238.0)
(249.0,238.0)
(238.0,238.0)
(238.0,238.0)
(249.0,238.0)
(632.0,238.0)
(238.0,238.0)
(632.0,238.0)
(238.0,238.0)
(239.0,238.0)
(645.0,238.0)
(238.0,238.0)
(238.0,238.0)
(238.0,238.0)
(238.0,238.0)
(238.0,238.0)
(645.0,238.0)
(249.0,238.0)
(238.0,238.0)
(238.0,238.0)
(239.0,239.0)
(239.0,239.0)
(239.0,239.0)
(262.0,239.0)
(239.0,239.0)
(262.0,239.0)
(239.0,239.0)
(262.0,239.0)
(262.0,239.0)
(239.0,239.0)
(239.0,239.0)
(262.0,239.0)
(239.0,239.0)
(262.0,239.0)
(239.0,239.0)
(212.0,239.0)
(239.0,239.0)
(239.0,239.0)
(262.0,239.0)
(239.0,239.0)
(239.0,239.0)
(262.0,239.0)
(262.0,239.0)
(262.0,239.0)
(239.0,239.0)
(239.0,239.0)
(239.0,239.0)
(262.0,239.0)
(239.0,239.0)
(239.0,239.0)
(262.0,239.0)
(239.0,239.0)
(262.0,239.0)
(239.0,239.0)
(239.0,239.0)
(262.0,239.0)
(262.0,239.0)
(239.0,239.0)
(262.0,239.0)
(253.0,239.0)
(262.0,239.0)
(239.0,239.0)
(262.0,239.0)
(262.0,239.0)
(239.0,239.0)
(253.0,239.0)
(262.0,239.0)
(262.0,239.0)
(239.0,239.0)
(239.0,239.0)
(239.0,239.0)
(239.0,239.0)
(239.0,239.0)
(239.0,239.0)
(262.0,239.0)
(239.0,239.0)
(262.0,239.0)
(262.0,239.0)
(239.0,239.0)
(239.0,239.0)
(239.0,239.0)
(262.0,239.0)
(239.0,239.0)
(239.0,239.0)
(239.0,239.0)
(239.0,239.0)
(239.0,239.0)
(239.0,239.0)
(262.0,239.0)
(262.0,239.0)
(262.0,239.0)
(262.0,239.0)
(262.0,239.0)
(239.0,239.0)
(262.0,239.0)
(262.0,239.0)
(239.0,239.0)
(239.0,239.0)
(262.0,239.0)
(723.0,239.0)
(239.0,239.0)
(239.0,239.0)
(239.0,239.0)
(262.0,239.0)
(239.0,239.0)
(239.0,239.0)
(262.0,239.0)
(262.0,239.0)
(239.0,239.0)
(239.0,239.0)
(262.0,239.0)
(262.0,239.0)
(239.0,239.0)
(239.0,239.0)
(262.0,239.0)
(262.0,239.0)
(239.0,239.0)
(239.0,239.0)
(239.0,239.0)
(239.0,239.0)
(239.0,239.0)
(239.0,239.0)
(239.0,239.0)
(239.0,239.0)
(239.0,239.0)
(262.0,239.0)
(262.0,239.0)
(239.0,239.0)
(262.0,239.0)
(723.0,239.0)
(239.0,239.0)
(239.0,239.0)
(239.0,239.0)
(239.0,239.0)
(239.0,239.0)
(239.0,239.0)
(239.0,239.0)
(239.0,239.0)
(239.0,239.0)
(262.0,239.0)
(239.0,239.0)
(262.0,239.0)
(262.0,239.0)
(239.0,239.0)
(262.0,239.0)
(262.0,239.0)
(262.0,239.0)
(212.0,237.0)
(223.0,237.0)
(613.0,237.0)
(613.0,237.0)
(613.0,237.0)
(212.0,237.0)
(212.0,237.0)
(223.0,237.0)
(223.0,237.0)
(223.0,237.0)
(212.0,237.0)
(212.0,237.0)
(613.0,237.0)
(223.0,237.0)
(223.0,237.0)
(613.0,237.0)
(662.0,237.0)
(223.0,237.0)
(223.0,237.0)
(223.0,237.0)
(212.0,237.0)
(239.0,237.0)
(631.0,237.0)
(613.0,237.0)
(212.0,237.0)
(223.0,237.0)
(239.0,237.0)
(249.0,237.0)
(212.0,237.0)
(212.0,237.0)
(613.0,237.0)
(223.0,237.0)
(212.0,237.0)
(613.0,237.0)
(239.0,237.0)
(223.0,237.0)
(212.0,237.0)
(212.0,237.0)
(239.0,237.0)
(212.0,237.0)
(223.0,237.0)
(212.0,237.0)
(212.0,237.0)
(223.0,237.0)
(212.0,237.0)
(613.0,237.0)
(249.0,237.0)
(212.0,237.0)
(223.0,237.0)
(613.0,237.0)
(223.0,237.0)
(212.0,237.0)
(239.0,237.0)
(249.0,237.0)
(613.0,237.0)
(223.0,237.0)
(223.0,237.0)
(223.0,237.0)
(223.0,237.0)
(194.0,237.0)
(212.0,237.0)
(249.0,237.0)
(223.0,237.0)
(212.0,237.0)
(239.0,237.0)
(239.0,237.0)
(239.0,237.0)
(613.0,237.0)
(613.0,237.0)
(662.0,237.0)
(613.0,237.0)
(239.0,237.0)
(613.0,237.0)
(212.0,237.0)
(249.0,237.0)
(212.0,237.0)
(212.0,237.0)
(223.0,237.0)
(239.0,237.0)
(212.0,237.0)
(613.0,237.0)
(631.0,237.0)
(223.0,237.0)
(239.0,237.0)
(223.0,237.0)
(239.0,237.0)
(613.0,237.0)
(223.0,237.0)
(223.0,237.0)
(239.0,237.0)
(239.0,237.0)
(212.0,237.0)
(212.0,237.0)
(212.0,237.0)
(239.0,237.0)
(613.0,237.0)
(212.0,237.0)
(194.0,237.0)
(223.0,237.0)
(223.0,237.0)
(631.0,237.0)
(613.0,237.0)
(212.0,237.0)
(223.0,237.0)
(212.0,237.0)
(239.0,237.0)
(223.0,237.0)
(239.0,237.0)
(239.0,237.0)
(212.0,237.0)
(212.0,237.0)
(249.0,237.0)
(613.0,237.0)
(194.0,237.0)
(223.0,237.0)
(613.0,237.0)
(613.0,237.0)
(239.0,237.0)
(249.0,237.0)
(212.0,237.0)
(212.0,237.0)
(239.0,237.0)
(249.0,237.0)
(613.0,237.0)
(662.0,237.0)
(212.0,237.0)
(223.0,237.0)
(631.0,237.0)
(613.0,237.0)
(194.0,237.0)
(212.0,237.0)
(613.0,237.0)
(223.0,237.0)
(212.0,237.0)
(249.0,237.0)
(212.0,237.0)
(613.0,237.0)
(212.0,237.0)
(613.0,237.0)
(662.0,237.0)
(223.0,237.0)
(613.0,237.0)
(223.0,237.0)
(613.0,237.0)
(613.0,237.0)
(613.0,237.0)
(223.0,237.0)
(212.0,237.0)
(239.0,237.0)
(249.0,237.0)
(249.0,237.0)
(223.0,237.0)
(212.0,237.0)
(212.0,237.0)
(631.0,237.0)
(662.0,237.0)
(239.0,237.0)
(613.0,237.0)
(239.0,237.0)
(613.0,237.0)
(212.0,237.0)
(212.0,237.0)
(613.0,237.0)
(613.0,237.0)
(212.0,237.0)
(223.0,237.0)
(613.0,237.0)
(223.0,237.0)
(223.0,237.0)
(223.0,237.0)
(662.0,237.0)
(239.0,237.0)
(223.0,237.0)
(212.0,237.0)
(223.0,237.0)
(239.0,237.0)
(613.0,237.0)
(223.0,237.0)
(223.0,237.0)
(223.0,237.0)
(239.0,237.0)
(239.0,237.0)
(212.0,237.0)
(212.0,237.0)
(212.0,237.0)
(223.0,237.0)
(212.0,237.0)
(223.0,237.0)
(613.0,237.0)
(223.0,237.0)
(662.0,237.0)
(613.0,237.0)
(223.0,237.0)
(613.0,237.0)
(662.0,237.0)
(212.0,237.0)
(613.0,237.0)
(249.0,237.0)
(212.0,237.0)
(194.0,237.0)
(239.0,239.0)
(613.0,239.0)
(613.0,239.0)
(613.0,239.0)
(239.0,239.0)
(239.0,239.0)
(613.0,239.0)
(239.0,239.0)
(212.0,239.0)
(239.0,239.0)
(613.0,239.0)
(613.0,239.0)
(613.0,239.0)
(613.0,239.0)
(239.0,239.0)
(239.0,239.0)
(239.0,239.0)
(239.0,239.0)
(613.0,239.0)
(239.0,239.0)
(613.0,239.0)
(239.0,239.0)
(239.0,239.0)
(239.0,239.0)
(239.0,239.0)
(239.0,239.0)
(239.0,239.0)
(239.0,239.0)
(613.0,239.0)
(239.0,239.0)
(613.0,239.0)
(239.0,239.0)
(613.0,239.0)
(239.0,239.0)
(613.0,239.0)
(613.0,239.0)
(239.0,239.0)
(613.0,239.0)
(613.0,239.0)
(613.0,239.0)
(239.0,239.0)
(613.0,239.0)
(239.0,239.0)
(239.0,239.0)
(239.0,239.0)
(239.0,239.0)
(613.0,239.0)
(613.0,239.0)
(212.0,239.0)
(239.0,239.0)
(239.0,239.0)
(613.0,239.0)
(239.0,239.0)
(239.0,239.0)
(239.0,239.0)
(212.0,239.0)
(239.0,239.0)
(613.0,239.0)
(239.0,239.0)
(613.0,239.0)
(239.0,239.0)
(613.0,239.0)
(239.0,239.0)
(239.0,239.0)
(239.0,239.0)
(239.0,239.0)
(239.0,239.0)
(239.0,239.0)
(613.0,239.0)
(239.0,239.0)
(613.0,239.0)
(239.0,239.0)
(239.0,239.0)
(613.0,239.0)
(239.0,239.0)
(239.0,239.0)
(239.0,239.0)
(613.0,239.0)
(613.0,239.0)
(613.0,239.0)
(239.0,239.0)
(239.0,239.0)
(613.0,239.0)
(239.0,239.0)
(239.0,239.0)
(239.0,239.0)
(613.0,239.0)
(613.0,239.0)
(239.0,239.0)
(239.0,239.0)
(239.0,239.0)
(239.0,239.0)
(613.0,239.0)
(239.0,239.0)
(613.0,239.0)
(239.0,239.0)
(239.0,239.0)
(212.0,239.0)
(613.0,239.0)
(239.0,239.0)
(613.0,239.0)
(239.0,239.0)
(613.0,239.0)
(613.0,239.0)
(613.0,239.0)
(239.0,239.0)
(613.0,239.0)
(613.0,239.0)
(239.0,239.0)
(239.0,239.0)
(239.0,239.0)
(239.0,239.0)
(613.0,239.0)
(212.0,239.0)
(613.0,239.0)
(239.0,239.0)
(239.0,239.0)
(239.0,239.0)
(613.0,239.0)
(613.0,239.0)
(613.0,239.0)
(613.0,239.0)
(239.0,239.0)
(239.0,239.0)
(239.0,239.0)
(613.0,239.0)
(212.0,239.0)
(613.0,239.0)
(613.0,239.0)
(239.0,239.0)
(613.0,239.0)
(239.0,239.0)
(613.0,239.0)
(239.0,239.0)
(636.0,240.0)
(240.0,240.0)
(240.0,240.0)
(240.0,240.0)
(240.0,240.0)
(636.0,240.0)
(636.0,240.0)
(240.0,240.0)
(240.0,240.0)
(240.0,240.0)
(636.0,240.0)
(184.0,240.0)
(240.0,240.0)
(240.0,240.0)
(240.0,240.0)
(240.0,240.0)
(240.0,240.0)
(240.0,240.0)
(240.0,240.0)
(240.0,240.0)
(636.0,240.0)
(636.0,240.0)
(240.0,240.0)
(240.0,240.0)
(636.0,240.0)
(240.0,240.0)
(636.0,240.0)
(240.0,240.0)
(240.0,240.0)
(184.0,240.0)
(240.0,240.0)
(184.0,240.0)
(240.0,240.0)
(636.0,240.0)
(240.0,240.0)
(184.0,240.0)
(636.0,240.0)
(636.0,240.0)
(636.0,240.0)
(240.0,240.0)
(240.0,240.0)
(636.0,240.0)
(240.0,240.0)
(636.0,240.0)
(184.0,240.0)
(240.0,240.0)
(636.0,240.0)
(240.0,240.0)
(240.0,240.0)
(240.0,240.0)
(240.0,240.0)
(636.0,240.0)
(240.0,240.0)
(240.0,240.0)
(240.0,240.0)
(240.0,240.0)
(240.0,240.0)
(240.0,240.0)
(240.0,240.0)
(636.0,240.0)
(240.0,240.0)
(240.0,240.0)
(636.0,240.0)
(636.0,240.0)
(636.0,240.0)
(636.0,240.0)
(240.0,240.0)
(240.0,240.0)
(240.0,240.0)
(184.0,240.0)
(636.0,240.0)
(240.0,240.0)
(184.0,240.0)
(240.0,240.0)
(218.0,240.0)
(240.0,240.0)
(240.0,240.0)
(636.0,240.0)
(636.0,240.0)
(184.0,240.0)
(240.0,240.0)
(240.0,240.0)
(636.0,240.0)
(240.0,240.0)
(636.0,240.0)
(184.0,240.0)
(240.0,240.0)
(240.0,240.0)
(636.0,240.0)
(636.0,240.0)
(636.0,240.0)
(240.0,240.0)
(636.0,240.0)
(636.0,240.0)
(240.0,240.0)
(240.0,240.0)
(240.0,240.0)
(240.0,240.0)
(240.0,240.0)
(240.0,240.0)
(240.0,240.0)
(636.0,240.0)
(240.0,240.0)
(240.0,240.0)
(636.0,240.0)
(240.0,240.0)
(636.0,240.0)
(636.0,240.0)
(240.0,240.0)
(184.0,240.0)
(617.0,240.0)
(240.0,240.0)
(240.0,240.0)
(240.0,240.0)
(240.0,240.0)
(240.0,240.0)
(636.0,240.0)
(240.0,240.0)
(184.0,240.0)
(636.0,240.0)
(636.0,240.0)
(240.0,240.0)
(240.0,240.0)
(636.0,240.0)
(240.0,240.0)
(240.0,240.0)
(240.0,240.0)
(240.0,240.0)
(636.0,240.0)
(240.0,240.0)
(240.0,240.0)
(184.0,240.0)
(240.0,240.0)
(636.0,240.0)
(240.0,240.0)
(636.0,240.0)
(184.0,240.0)
(240.0,240.0)
(240.0,240.0)
(240.0,240.0)
(240.0,240.0)
(184.0,240.0)
(240.0,240.0)
(184.0,240.0)
(240.0,240.0)
(240.0,240.0)
(636.0,240.0)
(240.0,240.0)
(240.0,240.0)
(240.0,240.0)
(184.0,240.0)
(240.0,240.0)
(636.0,240.0)
(240.0,240.0)
(636.0,240.0)
(240.0,240.0)
(240.0,240.0)
(636.0,240.0)
(240.0,240.0)
(617.0,240.0)
(240.0,240.0)
(240.0,240.0)
(184.0,240.0)
(240.0,240.0)
(240.0,240.0)
(240.0,240.0)
(240.0,240.0)
(636.0,240.0)
(240.0,240.0)
(240.0,240.0)
(240.0,240.0)
(636.0,240.0)
(240.0,240.0)
(240.0,240.0)
(240.0,240.0)
(240.0,240.0)
(636.0,240.0)
(636.0,240.0)
(240.0,240.0)
(240.0,240.0)
(636.0,240.0)
(240.0,240.0)
(184.0,240.0)
(240.0,240.0)
(240.0,240.0)
(240.0,240.0)
(240.0,240.0)
(240.0,240.0)
(240.0,240.0)
(184.0,240.0)
(240.0,240.0)
(636.0,240.0)
(240.0,240.0)
(240.0,240.0)
(636.0,240.0)
(240.0,240.0)
(240.0,240.0)
(240.0,240.0)
(240.0,240.0)
(645.0,240.0)
(240.0,240.0)
(645.0,240.0)
(240.0,240.0)
(240.0,240.0)
(240.0,240.0)
(240.0,240.0)
(240.0,240.0)
(240.0,240.0)
(240.0,240.0)
(240.0,240.0)
(629.0,240.0)
(240.0,240.0)
(240.0,240.0)
(645.0,240.0)
(240.0,240.0)
(240.0,240.0)
(240.0,240.0)
(240.0,240.0)
(240.0,240.0)
(645.0,240.0)
(240.0,240.0)
(240.0,240.0)
(219.0,240.0)
(240.0,240.0)
(645.0,240.0)
(240.0,240.0)
(240.0,240.0)
(240.0,240.0)
(240.0,240.0)
(240.0,240.0)
(645.0,240.0)
(240.0,240.0)
(240.0,240.0)
(240.0,240.0)
(240.0,240.0)
(240.0,240.0)
(240.0,240.0)
(240.0,240.0)
(240.0,240.0)
(240.0,240.0)
(240.0,240.0)
(240.0,240.0)
(240.0,240.0)
(645.0,240.0)
(240.0,240.0)
(240.0,240.0)
(240.0,240.0)
(240.0,240.0)
(240.0,240.0)
(240.0,240.0)
(645.0,240.0)
(240.0,240.0)
(240.0,240.0)
(240.0,240.0)
(240.0,240.0)
(219.0,240.0)
(240.0,240.0)
(240.0,240.0)
(240.0,240.0)
(240.0,240.0)
(240.0,240.0)
(240.0,240.0)
(240.0,240.0)
(240.0,240.0)
(240.0,240.0)
(645.0,240.0)
(240.0,240.0)
(240.0,240.0)
(240.0,240.0)
(240.0,240.0)
(240.0,240.0)
(645.0,240.0)
(240.0,240.0)
(240.0,240.0)
(240.0,240.0)
(240.0,240.0)
(240.0,240.0)
(240.0,240.0)
(240.0,240.0)
(219.0,240.0)
(240.0,240.0)
(240.0,240.0)
(240.0,240.0)
(240.0,240.0)
(240.0,240.0)
(240.0,240.0)
(240.0,240.0)
(240.0,240.0)
(240.0,240.0)
(240.0,240.0)
(240.0,240.0)
(240.0,240.0)
(645.0,240.0)
(240.0,240.0)
(240.0,240.0)
(240.0,240.0)
(219.0,240.0)
(240.0,240.0)
(645.0,240.0)
(240.0,240.0)
(240.0,240.0)
(240.0,240.0)
(240.0,240.0)
(240.0,240.0)
(240.0,240.0)
(240.0,240.0)
(240.0,240.0)
(240.0,240.0)
(645.0,240.0)
(645.0,240.0)
(240.0,240.0)
(240.0,240.0)
(645.0,240.0)
(645.0,240.0)
(240.0,240.0)
(645.0,240.0)
(240.0,240.0)
(240.0,240.0)
(240.0,240.0)
(645.0,240.0)
(240.0,240.0)
(240.0,240.0)
(240.0,240.0)
(240.0,240.0)
(645.0,240.0)
(240.0,240.0)
(240.0,240.0)
(240.0,240.0)
(645.0,240.0)
(240.0,240.0)
(240.0,240.0)
(240.0,240.0)
(240.0,240.0)
(240.0,240.0)
(240.0,240.0)
(240.0,240.0)
(240.0,240.0)
(240.0,240.0)
(240.0,240.0)
(240.0,240.0)
(240.0,240.0)
(645.0,240.0)
(240.0,240.0)
(240.0,240.0)
(240.0,240.0)
(240.0,240.0)
(645.0,240.0)
(645.0,240.0)
(240.0,240.0)
(240.0,240.0)
(240.0,240.0)
(645.0,240.0)
(240.0,240.0)
(240.0,240.0)
(240.0,240.0)
(240.0,240.0)
(240.0,240.0)
(240.0,240.0)
(240.0,240.0)
(645.0,240.0)
(240.0,240.0)
(240.0,240.0)
(240.0,240.0)
(240.0,240.0)
(240.0,240.0)
(240.0,240.0)
(645.0,240.0)
(240.0,240.0)
(240.0,240.0)
(240.0,240.0)
(240.0,240.0)
(240.0,240.0)
(240.0,240.0)
(240.0,240.0)
(240.0,240.0)
(240.0,240.0)
(240.0,240.0)
(240.0,240.0)
(262.0,240.0)
(240.0,240.0)
(240.0,240.0)
(240.0,240.0)
(240.0,240.0)
(240.0,240.0)
(240.0,240.0)
(240.0,240.0)
(645.0,240.0)
(645.0,240.0)
(240.0,240.0)
(240.0,240.0)
(240.0,240.0)
(240.0,240.0)
(240.0,240.0)
(645.0,240.0)
(240.0,240.0)
(240.0,240.0)
(240.0,240.0)
(723.0,240.0)
(240.0,240.0)
(240.0,240.0)
(240.0,240.0)
(723.0,240.0)
(652.0,240.0)
(240.0,240.0)
(240.0,240.0)
(240.0,240.0)
(723.0,240.0)
(240.0,240.0)
(240.0,240.0)
(240.0,240.0)
(240.0,240.0)
(240.0,240.0)
(240.0,240.0)
(240.0,240.0)
(723.0,240.0)
(652.0,240.0)
(240.0,240.0)
(723.0,240.0)
(240.0,240.0)
(624.0,240.0)
(240.0,240.0)
(240.0,240.0)
(240.0,240.0)
(624.0,240.0)
(240.0,240.0)
(723.0,240.0)
(624.0,240.0)
(723.0,240.0)
(240.0,240.0)
(240.0,240.0)
(723.0,240.0)
(240.0,240.0)
(723.0,240.0)
(240.0,240.0)
(723.0,240.0)
(240.0,240.0)
(240.0,240.0)
(240.0,240.0)
(723.0,240.0)
(240.0,240.0)
(240.0,240.0)
(240.0,240.0)
(240.0,240.0)
(240.0,240.0)
(240.0,240.0)
(723.0,240.0)
(240.0,240.0)
(240.0,240.0)
(723.0,240.0)
(723.0,240.0)
(624.0,240.0)
(624.0,240.0)
(240.0,240.0)
(240.0,240.0)
(624.0,240.0)
(240.0,240.0)
(652.0,240.0)
(240.0,240.0)
(240.0,240.0)
(624.0,240.0)
(723.0,240.0)
(240.0,240.0)
(240.0,240.0)
(624.0,240.0)
(240.0,240.0)
(723.0,240.0)
(240.0,240.0)
(240.0,240.0)
(723.0,240.0)
(723.0,240.0)
(723.0,240.0)
(240.0,240.0)
(723.0,240.0)
(624.0,240.0)
(240.0,240.0)
(240.0,240.0)
(240.0,240.0)
(240.0,240.0)
(240.0,240.0)
(240.0,240.0)
(240.0,240.0)
(723.0,240.0)
(240.0,240.0)
(624.0,240.0)
(240.0,240.0)
(723.0,240.0)
(624.0,240.0)
(240.0,240.0)
