(736.0,736.0)
(736.0,736.0)
(736.0,736.0)
(736.0,736.0)
(736.0,736.0)
(736.0,736.0)
(736.0,736.0)
(736.0,736.0)
(736.0,736.0)
(736.0,736.0)
(736.0,736.0)
(736.0,736.0)
(736.0,736.0)
(740.0,736.0)
(740.0,736.0)
(740.0,736.0)
(736.0,736.0)
(358.0,736.0)
(736.0,736.0)
(736.0,736.0)
(455.0,736.0)
(736.0,736.0)
(736.0,736.0)
(480.0,736.0)
(455.0,736.0)
(736.0,736.0)
(743.0,736.0)
(736.0,736.0)
(736.0,736.0)
(740.0,736.0)
(455.0,736.0)
(736.0,736.0)
(736.0,736.0)
(736.0,736.0)
(736.0,736.0)
(736.0,736.0)
(736.0,736.0)
(736.0,736.0)
(736.0,736.0)
(454.0,736.0)
(736.0,736.0)
(447.0,736.0)
(736.0,736.0)
(736.0,736.0)
(736.0,736.0)
(736.0,736.0)
(736.0,736.0)
(736.0,736.0)
(454.0,736.0)
(736.0,736.0)
(736.0,736.0)
(455.0,736.0)
(736.0,736.0)
(736.0,736.0)
(736.0,736.0)
(736.0,736.0)
(736.0,736.0)
(743.0,736.0)
(736.0,736.0)
(736.0,736.0)
(736.0,736.0)
(435.0,736.0)
(736.0,736.0)
(736.0,736.0)
(736.0,736.0)
(736.0,736.0)
(736.0,736.0)
(736.0,736.0)
(743.0,736.0)
(736.0,736.0)
(736.0,736.0)
(736.0,736.0)
(736.0,736.0)
(455.0,736.0)
(435.0,736.0)
(740.0,736.0)
(736.0,736.0)
(736.0,736.0)
(417.0,736.0)
(435.0,736.0)
(736.0,736.0)
(736.0,736.0)
(736.0,736.0)
(740.0,736.0)
(736.0,736.0)
(736.0,736.0)
(736.0,736.0)
(736.0,736.0)
(736.0,736.0)
(736.0,736.0)
(740.0,736.0)
(740.0,736.0)
(406.0,736.0)
(736.0,736.0)
(736.0,736.0)
(736.0,736.0)
(447.0,736.0)
(736.0,736.0)
(455.0,736.0)
(37.0,736.0)
(480.0,736.0)
(413.0,736.0)
(455.0,736.0)
(753.0,736.0)
(736.0,736.0)
(736.0,736.0)
(736.0,736.0)
(736.0,736.0)
(736.0,736.0)
(736.0,736.0)
(736.0,736.0)
(736.0,736.0)
(740.0,736.0)
(736.0,736.0)
(736.0,736.0)
(279.0,736.0)
(736.0,736.0)
(736.0,736.0)
(736.0,736.0)
(736.0,736.0)
(736.0,736.0)
(736.0,736.0)
(736.0,736.0)
(736.0,736.0)
(482.0,736.0)
(736.0,736.0)
(736.0,736.0)
(736.0,736.0)
(736.0,736.0)
(736.0,736.0)
(736.0,736.0)
(736.0,736.0)
(736.0,736.0)
(736.0,736.0)
(435.0,736.0)
(753.0,736.0)
(736.0,736.0)
(743.0,736.0)
(736.0,736.0)
(736.0,736.0)
(736.0,736.0)
(743.0,736.0)
(736.0,736.0)
(736.0,736.0)
(736.0,736.0)
(435.0,736.0)
(753.0,736.0)
(742.0,736.0)
(736.0,736.0)
(736.0,736.0)
(736.0,736.0)
(736.0,736.0)
(736.0,736.0)
(417.0,736.0)
(736.0,736.0)
(743.0,736.0)
(480.0,736.0)
(736.0,736.0)
(743.0,736.0)
(736.0,736.0)
(736.0,736.0)
(736.0,736.0)
(753.0,736.0)
(736.0,736.0)
(736.0,736.0)
(736.0,736.0)
(736.0,736.0)
(736.0,736.0)
(736.0,736.0)
(736.0,736.0)
(736.0,736.0)
(736.0,736.0)
(736.0,736.0)
(736.0,736.0)
(736.0,736.0)
(736.0,736.0)
(736.0,736.0)
(736.0,736.0)
(417.0,736.0)
(753.0,736.0)
(736.0,736.0)
(736.0,736.0)
(736.0,736.0)
(736.0,736.0)
(481.0,736.0)
(736.0,736.0)
(736.0,736.0)
(736.0,736.0)
(736.0,736.0)
(736.0,736.0)
(736.0,736.0)
(736.0,736.0)
(736.0,736.0)
(743.0,736.0)
(736.0,736.0)
(736.0,736.0)
(736.0,736.0)
(736.0,736.0)
(743.0,736.0)
(736.0,736.0)
(736.0,736.0)
(743.0,736.0)
(736.0,736.0)
(736.0,736.0)
(753.0,736.0)
(736.0,736.0)
(736.0,736.0)
(736.0,736.0)
(736.0,736.0)
(413.0,736.0)
(736.0,736.0)
(736.0,736.0)
(736.0,736.0)
(736.0,736.0)
(454.0,736.0)
(736.0,736.0)
(736.0,736.0)
(736.0,736.0)
(736.0,736.0)
(743.0,736.0)
(736.0,736.0)
(736.0,736.0)
(435.0,736.0)
(381.0,736.0)
(736.0,736.0)
(736.0,736.0)
(736.0,736.0)
(736.0,736.0)
(447.0,736.0)
(736.0,736.0)
(736.0,736.0)
(743.0,736.0)
(413.0,736.0)
(736.0,736.0)
(740.0,736.0)
(736.0,736.0)
(736.0,736.0)
(736.0,736.0)
(743.0,736.0)
(736.0,736.0)
(736.0,736.0)
(736.0,736.0)
(736.0,736.0)
(736.0,736.0)
(736.0,736.0)
(736.0,736.0)
(736.0,736.0)
(455.0,736.0)
(736.0,736.0)
(736.0,736.0)
(743.0,736.0)
(455.0,736.0)
(736.0,736.0)
(736.0,736.0)
(736.0,736.0)
(743.0,736.0)
(736.0,736.0)
(736.0,736.0)
(455.0,736.0)
(736.0,736.0)
(738.0,736.0)
(736.0,736.0)
(736.0,736.0)
(417.0,736.0)
(736.0,736.0)
(455.0,736.0)
(743.0,736.0)
(435.0,736.0)
(740.0,736.0)
(413.0,736.0)
(455.0,736.0)
(736.0,736.0)
(736.0,736.0)
(413.0,736.0)
(736.0,736.0)
(804.0,736.0)
(736.0,736.0)
(401.0,736.0)
(455.0,736.0)
(736.0,736.0)
(736.0,736.0)
(455.0,736.0)
(736.0,736.0)
(736.0,736.0)
(736.0,736.0)
(736.0,736.0)
(736.0,736.0)
(736.0,736.0)
(455.0,736.0)
(455.0,736.0)
(736.0,736.0)
(736.0,736.0)
(736.0,736.0)
(743.0,736.0)
(401.0,736.0)
(736.0,736.0)
(743.0,736.0)
(455.0,736.0)
(736.0,736.0)
(736.0,736.0)
(435.0,736.0)
(736.0,736.0)
(413.0,736.0)
(736.0,736.0)
(736.0,736.0)
(736.0,736.0)
(435.0,736.0)
(736.0,736.0)
(736.0,736.0)
(740.0,736.0)
(736.0,736.0)
(736.0,736.0)
(736.0,736.0)
(736.0,736.0)
(736.0,736.0)
(736.0,736.0)
(736.0,736.0)
(740.0,736.0)
(736.0,736.0)
(740.0,736.0)
(736.0,736.0)
(736.0,736.0)
(736.0,736.0)
(743.0,736.0)
(736.0,736.0)
(455.0,736.0)
(736.0,736.0)
(736.0,736.0)
(743.0,736.0)
(374.0,736.0)
(736.0,736.0)
(736.0,736.0)
(736.0,736.0)
(740.0,736.0)
(736.0,736.0)
(743.0,736.0)
(753.0,736.0)
(736.0,736.0)
(435.0,736.0)
(740.0,736.0)
(736.0,736.0)
(736.0,736.0)
(743.0,736.0)
(417.0,736.0)
(790.0,736.0)
(447.0,736.0)
(736.0,736.0)
(743.0,736.0)
(743.0,736.0)
(743.0,736.0)
(736.0,736.0)
(743.0,736.0)
(435.0,736.0)
(455.0,736.0)
(736.0,736.0)
(736.0,736.0)
(413.0,736.0)
(736.0,736.0)
(736.0,736.0)
(736.0,736.0)
(736.0,736.0)
(736.0,736.0)
(736.0,736.0)
(736.0,736.0)
(736.0,736.0)
(743.0,736.0)
(736.0,736.0)
(736.0,736.0)
(736.0,736.0)
(736.0,736.0)
(736.0,736.0)
(790.0,736.0)
(736.0,736.0)
(736.0,736.0)
(412.0,736.0)
(374.0,736.0)
(736.0,736.0)
(736.0,736.0)
(736.0,736.0)
(736.0,736.0)
(736.0,736.0)
(743.0,736.0)
(802.0,736.0)
(455.0,736.0)
(743.0,736.0)
(736.0,736.0)
(736.0,736.0)
(455.0,736.0)
(455.0,736.0)
(736.0,736.0)
(447.0,736.0)
(736.0,736.0)
(790.0,736.0)
(455.0,736.0)
(736.0,736.0)
(736.0,736.0)
(736.0,736.0)
(736.0,736.0)
(743.0,736.0)
(736.0,736.0)
(736.0,736.0)
(736.0,736.0)
(736.0,736.0)
(736.0,736.0)
(736.0,736.0)
(736.0,736.0)
(736.0,736.0)
(738.0,736.0)
(736.0,736.0)
(736.0,736.0)
(743.0,736.0)
(355.0,736.0)
(401.0,736.0)
(413.0,736.0)
(736.0,736.0)
(736.0,736.0)
(417.0,736.0)
(413.0,736.0)
(413.0,736.0)
(736.0,736.0)
(736.0,736.0)
(736.0,736.0)
(736.0,736.0)
(736.0,736.0)
(736.0,736.0)
(736.0,736.0)
(455.0,736.0)
(736.0,736.0)
(736.0,736.0)
(736.0,736.0)
(736.0,736.0)
(736.0,736.0)
(736.0,736.0)
(743.0,736.0)
(455.0,736.0)
(736.0,736.0)
(455.0,736.0)
(736.0,736.0)
(736.0,736.0)
(736.0,736.0)
(455.0,736.0)
(736.0,736.0)
(736.0,736.0)
(736.0,736.0)
(455.0,736.0)
(736.0,736.0)
(736.0,736.0)
(736.0,736.0)
(736.0,736.0)
(736.0,736.0)
(736.0,736.0)
(435.0,736.0)
(455.0,736.0)
(736.0,736.0)
(736.0,736.0)
(455.0,736.0)
(740.0,736.0)
(736.0,736.0)
(736.0,736.0)
(736.0,736.0)
(736.0,736.0)
(740.0,736.0)
(736.0,736.0)
(743.0,736.0)
(736.0,736.0)
(736.0,736.0)
(743.0,736.0)
(736.0,736.0)
(743.0,736.0)
(736.0,736.0)
(743.0,736.0)
(736.0,736.0)
(754.0,736.0)
(736.0,736.0)
(736.0,736.0)
(736.0,736.0)
(736.0,736.0)
(736.0,736.0)
(736.0,736.0)
(743.0,736.0)
(736.0,736.0)
(736.0,736.0)
(736.0,736.0)
(743.0,736.0)
(736.0,736.0)
(736.0,736.0)
(736.0,736.0)
(455.0,736.0)
(736.0,736.0)
(455.0,736.0)
(740.0,736.0)
(736.0,736.0)
(736.0,736.0)
(736.0,736.0)
(736.0,736.0)
(736.0,736.0)
(736.0,736.0)
(736.0,736.0)
(736.0,736.0)
(736.0,736.0)
(455.0,736.0)
(736.0,736.0)
(736.0,736.0)
(736.0,736.0)
(455.0,736.0)
(37.0,736.0)
(736.0,736.0)
(736.0,736.0)
(736.0,736.0)
(743.0,736.0)
(736.0,736.0)
(736.0,736.0)
(736.0,736.0)
(736.0,736.0)
(736.0,736.0)
(736.0,736.0)
(455.0,736.0)
(802.0,736.0)
(743.0,736.0)
(736.0,736.0)
(736.0,736.0)
(736.0,736.0)
(736.0,736.0)
(736.0,736.0)
(736.0,736.0)
(736.0,736.0)
(736.0,736.0)
(736.0,736.0)
(736.0,736.0)
(736.0,736.0)
(736.0,736.0)
(435.0,736.0)
(736.0,736.0)
(455.0,736.0)
(736.0,736.0)
(736.0,736.0)
(736.0,736.0)
(736.0,736.0)
(736.0,736.0)
(736.0,736.0)
(736.0,736.0)
(736.0,736.0)
(736.0,736.0)
(736.0,736.0)
(736.0,736.0)
(736.0,736.0)
(736.0,736.0)
(736.0,736.0)
(736.0,736.0)
(736.0,736.0)
(743.0,736.0)
(736.0,736.0)
(736.0,736.0)
(736.0,736.0)
(736.0,736.0)
(736.0,736.0)
(736.0,736.0)
(743.0,736.0)
(736.0,736.0)
(743.0,736.0)
(736.0,736.0)
(455.0,736.0)
(736.0,736.0)
(736.0,736.0)
(743.0,736.0)
(736.0,736.0)
(736.0,736.0)
(736.0,736.0)
(736.0,736.0)
(736.0,736.0)
(736.0,736.0)
(736.0,736.0)
(736.0,736.0)
(736.0,736.0)
(736.0,736.0)
(455.0,736.0)
(447.0,736.0)
(740.0,736.0)
(736.0,736.0)
(736.0,736.0)
(736.0,736.0)
(736.0,736.0)
(736.0,736.0)
(736.0,736.0)
(736.0,736.0)
(736.0,736.0)
(736.0,736.0)
(736.0,736.0)
(472.0,736.0)
(743.0,736.0)
(736.0,736.0)
(736.0,736.0)
(736.0,736.0)
(417.0,736.0)
(736.0,736.0)
(736.0,736.0)
(743.0,736.0)
(736.0,736.0)
(455.0,736.0)
(736.0,736.0)
(736.0,736.0)
(743.0,736.0)
(736.0,736.0)
(736.0,736.0)
(736.0,736.0)
(736.0,736.0)
(736.0,736.0)
(736.0,736.0)
(736.0,736.0)
(354.0,736.0)
(24.0,736.0)
(736.0,736.0)
(736.0,736.0)
(740.0,736.0)
(736.0,736.0)
(350.0,350.0)
(350.0,350.0)
(350.0,350.0)
(350.0,350.0)
(350.0,350.0)
(350.0,350.0)
(350.0,350.0)
(350.0,350.0)
(350.0,350.0)
(350.0,350.0)
(350.0,350.0)
(350.0,350.0)
(350.0,350.0)
(359.0,350.0)
(350.0,350.0)
(350.0,350.0)
(350.0,350.0)
(350.0,350.0)
(350.0,350.0)
(350.0,350.0)
(350.0,350.0)
(350.0,350.0)
(350.0,350.0)
(350.0,350.0)
(350.0,350.0)
(809.0,350.0)
(350.0,350.0)
(350.0,350.0)
(350.0,350.0)
(350.0,350.0)
(350.0,350.0)
(737.0,350.0)
(350.0,350.0)
(737.0,350.0)
(350.0,350.0)
(350.0,350.0)
(350.0,350.0)
(350.0,350.0)
(350.0,350.0)
(350.0,350.0)
(350.0,350.0)
(350.0,350.0)
(780.0,350.0)
(350.0,350.0)
(350.0,350.0)
(350.0,350.0)
(737.0,350.0)
(350.0,350.0)
(350.0,350.0)
(350.0,350.0)
(351.0,350.0)
(350.0,350.0)
(350.0,350.0)
(350.0,350.0)
(350.0,350.0)
(350.0,350.0)
(350.0,350.0)
(350.0,350.0)
(350.0,350.0)
(350.0,350.0)
(350.0,350.0)
(350.0,350.0)
(350.0,350.0)
(350.0,350.0)
(737.0,350.0)
(350.0,350.0)
(350.0,350.0)
(350.0,350.0)
(350.0,350.0)
(354.0,350.0)
(739.0,350.0)
(350.0,350.0)
(350.0,350.0)
(737.0,350.0)
(350.0,350.0)
(737.0,350.0)
(350.0,350.0)
(350.0,350.0)
(475.0,350.0)
(350.0,350.0)
(350.0,350.0)
(350.0,350.0)
(350.0,350.0)
(350.0,350.0)
(737.0,350.0)
(350.0,350.0)
(350.0,350.0)
(737.0,350.0)
(350.0,350.0)
(350.0,350.0)
(350.0,350.0)
(350.0,350.0)
(350.0,350.0)
(350.0,350.0)
(350.0,350.0)
(350.0,350.0)
(739.0,350.0)
(737.0,350.0)
(479.0,350.0)
(350.0,350.0)
(356.0,350.0)
(350.0,350.0)
(350.0,350.0)
(739.0,350.0)
(350.0,350.0)
(350.0,350.0)
(358.0,350.0)
(350.0,350.0)
(350.0,350.0)
(350.0,350.0)
(350.0,350.0)
(377.0,350.0)
(350.0,350.0)
(350.0,350.0)
(350.0,350.0)
(350.0,350.0)
(350.0,350.0)
(743.0,350.0)
(780.0,350.0)
(350.0,350.0)
(350.0,350.0)
(350.0,350.0)
(350.0,350.0)
(350.0,350.0)
(350.0,350.0)
(350.0,350.0)
(350.0,350.0)
(350.0,350.0)
(350.0,350.0)
(350.0,350.0)
(350.0,350.0)
(350.0,350.0)
(350.0,350.0)
(350.0,350.0)
(350.0,350.0)
(377.0,350.0)
(743.0,350.0)
(350.0,350.0)
(739.0,350.0)
(350.0,350.0)
(350.0,350.0)
(350.0,350.0)
(350.0,350.0)
(350.0,350.0)
(350.0,350.0)
(350.0,350.0)
(350.0,350.0)
(350.0,350.0)
(350.0,350.0)
(350.0,350.0)
(350.0,350.0)
(350.0,350.0)
(350.0,350.0)
(350.0,350.0)
(350.0,350.0)
(350.0,350.0)
(350.0,350.0)
(350.0,350.0)
(350.0,350.0)
(350.0,350.0)
(350.0,350.0)
(350.0,350.0)
(350.0,350.0)
(350.0,350.0)
(350.0,350.0)
(350.0,350.0)
(350.0,350.0)
(350.0,350.0)
(350.0,350.0)
(743.0,350.0)
(350.0,350.0)
(350.0,350.0)
(350.0,350.0)
(350.0,350.0)
(350.0,350.0)
(350.0,350.0)
(350.0,350.0)
(737.0,350.0)
(350.0,350.0)
(737.0,350.0)
(350.0,350.0)
(350.0,350.0)
(350.0,350.0)
(350.0,350.0)
(350.0,350.0)
(737.0,350.0)
(809.0,350.0)
(350.0,350.0)
(350.0,350.0)
(350.0,350.0)
(738.0,350.0)
(350.0,350.0)
(377.0,350.0)
(350.0,350.0)
(350.0,350.0)
(350.0,350.0)
(350.0,350.0)
(350.0,350.0)
(350.0,350.0)
(350.0,350.0)
(350.0,350.0)
(350.0,350.0)
(350.0,350.0)
(350.0,350.0)
(350.0,350.0)
(350.0,350.0)
(350.0,350.0)
(350.0,350.0)
(350.0,350.0)
(350.0,350.0)
(350.0,350.0)
(350.0,350.0)
(350.0,350.0)
(350.0,350.0)
(350.0,350.0)
(350.0,350.0)
(350.0,350.0)
(350.0,350.0)
(350.0,350.0)
(350.0,350.0)
(350.0,350.0)
(350.0,350.0)
(350.0,350.0)
(350.0,350.0)
(350.0,350.0)
(350.0,350.0)
(350.0,350.0)
(350.0,350.0)
(350.0,350.0)
(350.0,350.0)
(350.0,350.0)
(350.0,350.0)
(350.0,350.0)
(350.0,350.0)
(350.0,350.0)
(350.0,350.0)
(739.0,350.0)
(350.0,350.0)
(350.0,350.0)
(350.0,350.0)
(350.0,350.0)
(350.0,350.0)
(350.0,350.0)
(350.0,350.0)
(350.0,350.0)
(350.0,350.0)
(350.0,350.0)
(350.0,350.0)
(350.0,350.0)
(350.0,350.0)
(350.0,350.0)
(350.0,350.0)
(350.0,350.0)
(350.0,350.0)
(350.0,350.0)
(350.0,350.0)
(350.0,350.0)
(350.0,350.0)
(350.0,350.0)
(350.0,350.0)
(350.0,350.0)
(350.0,350.0)
(350.0,350.0)
(350.0,350.0)
(350.0,350.0)
(350.0,350.0)
(350.0,350.0)
(350.0,350.0)
(350.0,350.0)
(350.0,350.0)
(350.0,350.0)
(350.0,350.0)
(350.0,350.0)
(350.0,350.0)
(350.0,350.0)
(350.0,350.0)
(350.0,350.0)
(350.0,350.0)
(350.0,350.0)
(350.0,350.0)
(350.0,350.0)
(350.0,350.0)
(350.0,350.0)
(350.0,350.0)
(350.0,350.0)
(350.0,350.0)
(350.0,350.0)
(350.0,350.0)
(350.0,350.0)
(350.0,350.0)
(350.0,350.0)
(350.0,350.0)
(350.0,350.0)
(350.0,350.0)
(350.0,350.0)
(350.0,350.0)
(350.0,350.0)
(350.0,350.0)
(350.0,350.0)
(350.0,350.0)
(350.0,350.0)
(350.0,350.0)
(350.0,350.0)
(350.0,350.0)
(350.0,350.0)
(350.0,350.0)
(350.0,350.0)
(350.0,350.0)
(350.0,350.0)
(350.0,350.0)
(350.0,350.0)
(350.0,350.0)
(737.0,350.0)
(350.0,350.0)
(350.0,350.0)
(350.0,350.0)
(350.0,350.0)
(350.0,350.0)
(350.0,350.0)
(350.0,350.0)
(350.0,350.0)
(350.0,350.0)
(350.0,350.0)
(350.0,350.0)
(350.0,350.0)
(350.0,350.0)
(350.0,350.0)
(350.0,350.0)
(350.0,350.0)
(350.0,350.0)
(350.0,350.0)
(350.0,350.0)
(350.0,350.0)
(350.0,350.0)
(350.0,350.0)
(350.0,350.0)
(350.0,350.0)
(350.0,350.0)
(350.0,350.0)
(350.0,350.0)
(350.0,350.0)
(350.0,350.0)
(741.0,350.0)
(350.0,350.0)
(350.0,350.0)
(350.0,350.0)
(350.0,350.0)
(350.0,350.0)
(350.0,350.0)
(350.0,350.0)
(350.0,350.0)
(350.0,350.0)
(350.0,350.0)
(350.0,350.0)
(350.0,350.0)
(350.0,350.0)
(350.0,350.0)
(350.0,350.0)
(350.0,350.0)
(350.0,350.0)
(350.0,350.0)
(350.0,350.0)
(350.0,350.0)
(350.0,350.0)
(350.0,350.0)
(350.0,350.0)
(350.0,350.0)
(350.0,350.0)
(350.0,350.0)
(350.0,350.0)
(350.0,350.0)
(350.0,350.0)
(350.0,350.0)
(350.0,350.0)
(350.0,350.0)
(350.0,350.0)
(350.0,350.0)
(350.0,350.0)
(350.0,350.0)
(350.0,350.0)
(350.0,350.0)
(350.0,350.0)
(353.0,350.0)
(350.0,350.0)
(350.0,350.0)
(350.0,350.0)
(350.0,350.0)
(350.0,350.0)
(350.0,350.0)
(350.0,350.0)
(350.0,350.0)
(350.0,350.0)
(350.0,350.0)
(350.0,350.0)
(737.0,737.0)
(350.0,737.0)
(737.0,737.0)
(350.0,737.0)
(737.0,737.0)
(737.0,737.0)
(737.0,737.0)
(737.0,737.0)
(737.0,737.0)
(737.0,737.0)
(737.0,737.0)
(737.0,737.0)
(737.0,737.0)
(737.0,737.0)
(447.0,737.0)
(435.0,737.0)
(737.0,737.0)
(351.0,737.0)
(737.0,737.0)
(737.0,737.0)
(737.0,737.0)
(737.0,737.0)
(737.0,737.0)
(737.0,737.0)
(737.0,737.0)
(447.0,737.0)
(737.0,737.0)
(737.0,737.0)
(737.0,737.0)
(737.0,737.0)
(737.0,737.0)
(737.0,737.0)
(737.0,737.0)
(737.0,737.0)
(737.0,737.0)
(737.0,737.0)
(737.0,737.0)
(737.0,737.0)
(737.0,737.0)
(737.0,737.0)
(737.0,737.0)
(737.0,737.0)
(737.0,737.0)
(350.0,737.0)
(737.0,737.0)
(737.0,737.0)
(737.0,737.0)
(737.0,737.0)
(737.0,737.0)
(737.0,737.0)
(737.0,737.0)
(737.0,737.0)
(737.0,737.0)
(737.0,737.0)
(737.0,737.0)
(737.0,737.0)
(737.0,737.0)
(737.0,737.0)
(740.0,737.0)
(737.0,737.0)
(737.0,737.0)
(737.0,737.0)
(356.0,737.0)
(737.0,737.0)
(737.0,737.0)
(737.0,737.0)
(737.0,737.0)
(737.0,737.0)
(780.0,737.0)
(737.0,737.0)
(358.0,737.0)
(737.0,737.0)
(737.0,737.0)
(737.0,737.0)
(737.0,737.0)
(737.0,737.0)
(737.0,737.0)
(737.0,737.0)
(737.0,737.0)
(737.0,737.0)
(447.0,737.0)
(737.0,737.0)
(350.0,737.0)
(737.0,737.0)
(737.0,737.0)
(350.0,737.0)
(737.0,737.0)
(737.0,737.0)
(350.0,737.0)
(737.0,737.0)
(737.0,737.0)
(737.0,737.0)
(350.0,737.0)
(737.0,737.0)
(746.0,737.0)
(737.0,737.0)
(737.0,737.0)
(737.0,737.0)
(447.0,737.0)
(737.0,737.0)
(737.0,737.0)
(479.0,737.0)
(737.0,737.0)
(737.0,737.0)
(737.0,737.0)
(737.0,737.0)
(737.0,737.0)
(737.0,737.0)
(737.0,737.0)
(737.0,737.0)
(737.0,737.0)
(737.0,737.0)
(737.0,737.0)
(737.0,737.0)
(737.0,737.0)
(737.0,737.0)
(746.0,737.0)
(737.0,737.0)
(459.0,737.0)
(737.0,737.0)
(737.0,737.0)
(737.0,737.0)
(737.0,737.0)
(737.0,737.0)
(737.0,737.0)
(737.0,737.0)
(737.0,737.0)
(358.0,737.0)
(737.0,737.0)
(737.0,737.0)
(737.0,737.0)
(737.0,737.0)
(737.0,737.0)
(737.0,737.0)
(737.0,737.0)
(737.0,737.0)
(366.0,737.0)
(350.0,737.0)
(737.0,737.0)
(417.0,737.0)
(737.0,737.0)
(737.0,737.0)
(737.0,737.0)
(746.0,737.0)
(737.0,737.0)
(737.0,737.0)
(737.0,737.0)
(737.0,737.0)
(737.0,737.0)
(447.0,737.0)
(737.0,737.0)
(737.0,737.0)
(737.0,737.0)
(737.0,737.0)
(737.0,737.0)
(737.0,737.0)
(479.0,737.0)
(737.0,737.0)
(737.0,737.0)
(417.0,737.0)
(737.0,737.0)
(737.0,737.0)
(737.0,737.0)
(737.0,737.0)
(737.0,737.0)
(447.0,737.0)
(737.0,737.0)
(737.0,737.0)
(351.0,737.0)
(737.0,737.0)
(737.0,737.0)
(435.0,737.0)
(737.0,737.0)
(737.0,737.0)
(350.0,737.0)
(737.0,737.0)
(447.0,737.0)
(746.0,737.0)
(737.0,737.0)
(737.0,737.0)
(427.0,737.0)
(737.0,737.0)
(737.0,737.0)
(737.0,737.0)
(737.0,737.0)
(737.0,737.0)
(737.0,737.0)
(350.0,737.0)
(737.0,737.0)
(357.0,737.0)
(737.0,737.0)
(737.0,737.0)
(737.0,737.0)
(737.0,737.0)
(737.0,737.0)
(739.0,737.0)
(737.0,737.0)
(741.0,737.0)
(738.0,738.0)
(479.0,738.0)
(742.0,738.0)
(482.0,738.0)
(738.0,738.0)
(479.0,738.0)
(479.0,738.0)
(738.0,738.0)
(785.0,738.0)
(479.0,738.0)
(742.0,738.0)
(479.0,738.0)
(479.0,738.0)
(479.0,738.0)
(482.0,738.0)
(479.0,738.0)
(482.0,738.0)
(479.0,738.0)
(479.0,738.0)
(455.0,738.0)
(428.0,738.0)
(479.0,738.0)
(483.0,738.0)
(428.0,738.0)
(742.0,738.0)
(742.0,738.0)
(479.0,738.0)
(479.0,738.0)
(742.0,738.0)
(742.0,738.0)
(479.0,738.0)
(354.0,738.0)
(483.0,738.0)
(482.0,738.0)
(479.0,738.0)
(738.0,738.0)
(479.0,738.0)
(738.0,738.0)
(479.0,738.0)
(738.0,738.0)
(428.0,738.0)
(459.0,738.0)
(738.0,738.0)
(738.0,738.0)
(742.0,738.0)
(738.0,738.0)
(482.0,738.0)
(742.0,738.0)
(479.0,738.0)
(428.0,738.0)
(742.0,738.0)
(482.0,738.0)
(771.0,738.0)
(742.0,738.0)
(479.0,738.0)
(742.0,738.0)
(484.0,738.0)
(428.0,738.0)
(398.0,738.0)
(742.0,738.0)
(742.0,738.0)
(479.0,738.0)
(738.0,738.0)
(483.0,738.0)
(479.0,738.0)
(738.0,738.0)
(738.0,738.0)
(386.0,738.0)
(479.0,738.0)
(479.0,738.0)
(742.0,738.0)
(742.0,738.0)
(742.0,738.0)
(479.0,738.0)
(738.0,738.0)
(740.0,738.0)
(459.0,738.0)
(479.0,738.0)
(479.0,738.0)
(479.0,738.0)
(785.0,738.0)
(742.0,738.0)
(742.0,738.0)
(738.0,738.0)
(479.0,738.0)
(354.0,738.0)
(738.0,738.0)
(483.0,738.0)
(738.0,738.0)
(742.0,738.0)
(483.0,738.0)
(742.0,738.0)
(742.0,738.0)
(459.0,738.0)
(742.0,738.0)
(756.0,738.0)
(479.0,738.0)
(479.0,738.0)
(479.0,738.0)
(459.0,738.0)
(479.0,738.0)
(738.0,738.0)
(742.0,738.0)
(742.0,738.0)
(738.0,738.0)
(479.0,738.0)
(738.0,738.0)
(428.0,738.0)
(479.0,738.0)
(455.0,738.0)
(354.0,738.0)
(483.0,738.0)
(428.0,738.0)
(738.0,738.0)
(771.0,738.0)
(483.0,738.0)
(742.0,738.0)
(738.0,738.0)
(738.0,738.0)
(738.0,738.0)
(479.0,738.0)
(479.0,738.0)
(738.0,738.0)
(742.0,738.0)
(483.0,738.0)
(742.0,738.0)
(738.0,738.0)
(482.0,738.0)
(738.0,738.0)
(474.0,738.0)
(742.0,738.0)
(479.0,738.0)
(421.0,738.0)
(742.0,738.0)
(455.0,738.0)
(785.0,738.0)
(479.0,738.0)
(358.0,738.0)
(479.0,738.0)
(479.0,738.0)
(742.0,738.0)
(771.0,738.0)
(479.0,738.0)
(738.0,738.0)
(738.0,738.0)
(738.0,738.0)
(428.0,738.0)
(482.0,738.0)
(738.0,738.0)
(742.0,738.0)
(742.0,738.0)
(482.0,738.0)
(354.0,738.0)
(742.0,738.0)
(738.0,738.0)
(738.0,738.0)
(483.0,738.0)
(781.0,738.0)
(742.0,738.0)
(738.0,738.0)
(417.0,738.0)
(742.0,738.0)
(479.0,738.0)
(479.0,738.0)
(738.0,738.0)
(479.0,738.0)
(742.0,738.0)
(742.0,738.0)
(742.0,738.0)
(483.0,738.0)
(738.0,738.0)
(479.0,738.0)
(428.0,738.0)
(482.0,738.0)
(354.0,738.0)
(741.0,738.0)
(738.0,738.0)
(479.0,738.0)
(742.0,738.0)
(738.0,738.0)
(742.0,738.0)
(738.0,738.0)
(479.0,738.0)
(738.0,738.0)
(479.0,738.0)
(742.0,738.0)
(742.0,738.0)
(738.0,738.0)
(354.0,738.0)
(738.0,738.0)
(742.0,738.0)
(738.0,738.0)
(739.0,739.0)
(739.0,739.0)
(743.0,739.0)
(739.0,739.0)
(739.0,739.0)
(743.0,739.0)
(740.0,739.0)
(351.0,739.0)
(739.0,739.0)
(743.0,739.0)
(417.0,739.0)
(743.0,739.0)
(740.0,739.0)
(739.0,739.0)
(350.0,739.0)
(739.0,739.0)
(739.0,739.0)
(739.0,739.0)
(740.0,739.0)
(739.0,739.0)
(740.0,739.0)
(740.0,739.0)
(739.0,739.0)
(743.0,739.0)
(739.0,739.0)
(740.0,739.0)
(739.0,739.0)
(739.0,739.0)
(406.0,739.0)
(739.0,739.0)
(739.0,739.0)
(739.0,739.0)
(740.0,739.0)
(481.0,739.0)
(739.0,739.0)
(743.0,739.0)
(355.0,739.0)
(743.0,739.0)
(743.0,739.0)
(737.0,739.0)
(483.0,739.0)
(739.0,739.0)
(739.0,739.0)
(739.0,739.0)
(447.0,739.0)
(739.0,739.0)
(350.0,739.0)
(417.0,739.0)
(739.0,739.0)
(740.0,739.0)
(743.0,739.0)
(809.0,739.0)
(739.0,739.0)
(739.0,739.0)
(740.0,739.0)
(739.0,739.0)
(740.0,739.0)
(740.0,739.0)
(417.0,739.0)
(740.0,739.0)
(739.0,739.0)
(743.0,739.0)
(743.0,739.0)
(739.0,739.0)
(739.0,739.0)
(739.0,739.0)
(740.0,739.0)
(739.0,739.0)
(350.0,739.0)
(481.0,739.0)
(376.0,739.0)
(739.0,739.0)
(739.0,739.0)
(483.0,739.0)
(417.0,739.0)
(739.0,739.0)
(740.0,739.0)
(740.0,739.0)
(739.0,739.0)
(743.0,739.0)
(739.0,739.0)
(739.0,739.0)
(739.0,739.0)
(739.0,739.0)
(740.0,739.0)
(743.0,739.0)
(743.0,739.0)
(743.0,739.0)
(743.0,739.0)
(739.0,739.0)
(740.0,739.0)
(739.0,739.0)
(739.0,739.0)
(743.0,739.0)
(739.0,739.0)
(351.0,739.0)
(740.0,739.0)
(739.0,739.0)
(739.0,739.0)
(739.0,739.0)
(739.0,739.0)
(351.0,739.0)
(740.0,739.0)
(740.0,739.0)
(740.0,739.0)
(739.0,739.0)
(740.0,739.0)
(474.0,739.0)
(739.0,739.0)
(739.0,739.0)
(740.0,739.0)
(739.0,739.0)
(743.0,739.0)
(739.0,739.0)
(417.0,739.0)
(739.0,739.0)
(740.0,739.0)
(739.0,739.0)
(743.0,739.0)
(376.0,739.0)
(739.0,739.0)
(743.0,739.0)
(739.0,739.0)
(739.0,739.0)
(739.0,739.0)
(739.0,739.0)
(740.0,739.0)
(739.0,739.0)
(739.0,739.0)
(739.0,739.0)
(739.0,739.0)
(743.0,739.0)
(739.0,739.0)
(740.0,739.0)
(736.0,739.0)
(743.0,739.0)
(739.0,739.0)
(739.0,739.0)
(739.0,739.0)
(417.0,739.0)
(739.0,739.0)
(458.0,739.0)
(740.0,739.0)
(739.0,739.0)
(737.0,739.0)
(743.0,739.0)
(739.0,739.0)
(740.0,739.0)
(739.0,739.0)
(739.0,739.0)
(743.0,739.0)
(740.0,739.0)
(739.0,739.0)
(739.0,739.0)
(740.0,739.0)
(739.0,739.0)
(483.0,739.0)
(417.0,739.0)
(474.0,739.0)
(743.0,739.0)
(739.0,739.0)
(417.0,739.0)
(740.0,739.0)
(417.0,739.0)
(740.0,739.0)
(739.0,739.0)
(355.0,739.0)
(739.0,739.0)
(481.0,739.0)
(417.0,739.0)
(739.0,739.0)
(743.0,739.0)
(739.0,739.0)
(739.0,739.0)
(739.0,739.0)
(417.0,739.0)
(739.0,739.0)
(739.0,739.0)
(739.0,739.0)
(739.0,739.0)
(743.0,739.0)
(739.0,739.0)
(739.0,739.0)
(739.0,739.0)
(739.0,739.0)
(740.0,739.0)
(739.0,739.0)
(739.0,739.0)
(740.0,739.0)
(739.0,739.0)
(739.0,739.0)
(739.0,739.0)
(739.0,739.0)
(739.0,739.0)
(739.0,739.0)
(739.0,739.0)
(740.0,739.0)
(739.0,739.0)
(739.0,739.0)
(739.0,739.0)
(739.0,739.0)
(739.0,739.0)
(739.0,739.0)
(743.0,739.0)
(739.0,739.0)
(739.0,739.0)
(435.0,739.0)
(739.0,739.0)
(350.0,739.0)
(739.0,739.0)
(417.0,739.0)
(417.0,739.0)
(740.0,739.0)
(739.0,739.0)
(739.0,739.0)
(417.0,739.0)
(740.0,739.0)
(357.0,739.0)
(743.0,739.0)
(417.0,739.0)
(740.0,739.0)
(739.0,739.0)
(740.0,739.0)
(739.0,739.0)
(740.0,739.0)
(739.0,739.0)
(739.0,739.0)
(739.0,739.0)
(743.0,739.0)
(739.0,739.0)
(739.0,739.0)
(739.0,739.0)
(739.0,739.0)
(417.0,739.0)
(740.0,739.0)
(739.0,739.0)
(743.0,739.0)
(356.0,739.0)
(739.0,739.0)
(739.0,739.0)
(739.0,739.0)
(740.0,739.0)
(739.0,739.0)
(739.0,739.0)
(740.0,739.0)
(740.0,739.0)
(739.0,739.0)
(739.0,739.0)
(739.0,739.0)
(740.0,739.0)
(739.0,739.0)
(739.0,739.0)
(740.0,739.0)
(743.0,739.0)
(739.0,739.0)
(740.0,739.0)
(739.0,739.0)
(743.0,739.0)
(739.0,739.0)
(739.0,739.0)
(743.0,739.0)
(743.0,739.0)
(739.0,739.0)
(740.0,739.0)
(740.0,739.0)
(740.0,739.0)
(525.0,739.0)
(739.0,739.0)
(740.0,739.0)
(739.0,739.0)
(739.0,739.0)
(743.0,739.0)
(739.0,739.0)
(739.0,739.0)
(739.0,739.0)
(740.0,739.0)
(739.0,739.0)
(417.0,739.0)
(739.0,739.0)
(739.0,739.0)
(739.0,739.0)
(743.0,739.0)
(474.0,739.0)
(739.0,739.0)
(483.0,739.0)
(739.0,739.0)
(739.0,739.0)
(739.0,739.0)
(357.0,739.0)
(743.0,739.0)
(739.0,739.0)
(739.0,739.0)
(740.0,739.0)
(739.0,739.0)
(739.0,739.0)
(739.0,739.0)
(739.0,739.0)
(739.0,739.0)
(737.0,739.0)
(743.0,739.0)
(739.0,739.0)
(739.0,739.0)
(739.0,739.0)
(743.0,739.0)
(743.0,739.0)
(417.0,739.0)
(739.0,739.0)
(447.0,739.0)
(739.0,739.0)
(743.0,739.0)
(739.0,739.0)
(739.0,739.0)
(739.0,739.0)
(740.0,739.0)
(739.0,739.0)
(740.0,739.0)
(739.0,739.0)
(743.0,739.0)
(355.0,739.0)
(740.0,739.0)
(355.0,739.0)
(740.0,739.0)
(740.0,739.0)
(740.0,739.0)
(739.0,739.0)
(739.0,739.0)
(743.0,739.0)
(739.0,739.0)
(739.0,739.0)
(740.0,739.0)
(350.0,739.0)
(739.0,739.0)
(350.0,739.0)
(739.0,739.0)
(740.0,739.0)
(739.0,739.0)
(739.0,739.0)
(739.0,739.0)
(739.0,739.0)
(743.0,739.0)
(740.0,739.0)
(739.0,739.0)
(743.0,739.0)
(743.0,739.0)
(739.0,739.0)
(740.0,739.0)
(739.0,739.0)
(739.0,739.0)
(739.0,739.0)
(739.0,739.0)
(739.0,739.0)
(739.0,739.0)
(739.0,739.0)
(740.0,739.0)
(739.0,739.0)
(417.0,739.0)
(739.0,739.0)
(740.0,739.0)
(739.0,739.0)
(474.0,739.0)
(739.0,739.0)
(739.0,739.0)
(483.0,739.0)
(740.0,739.0)
(739.0,739.0)
(740.0,739.0)
(739.0,739.0)
(739.0,739.0)
(739.0,739.0)
(739.0,739.0)
(739.0,739.0)
(739.0,739.0)
(739.0,739.0)
(739.0,739.0)
(739.0,739.0)
(739.0,739.0)
(376.0,739.0)
(417.0,739.0)
(739.0,739.0)
(740.0,739.0)
(739.0,739.0)
(739.0,739.0)
(739.0,739.0)
(739.0,739.0)
(739.0,739.0)
(740.0,739.0)
(739.0,739.0)
(743.0,739.0)
(739.0,739.0)
(743.0,739.0)
(350.0,739.0)
(740.0,740.0)
(740.0,740.0)
(743.0,740.0)
(743.0,740.0)
(739.0,740.0)
(743.0,740.0)
(739.0,740.0)
(743.0,740.0)
(743.0,740.0)
(474.0,740.0)
(740.0,740.0)
(743.0,740.0)
(739.0,740.0)
(743.0,740.0)
(743.0,740.0)
(742.0,740.0)
(743.0,740.0)
(740.0,740.0)
(740.0,740.0)
(740.0,740.0)
(740.0,740.0)
(743.0,740.0)
(740.0,740.0)
(743.0,740.0)
(743.0,740.0)
(740.0,740.0)
(743.0,740.0)
(743.0,740.0)
(417.0,740.0)
(739.0,740.0)
(740.0,740.0)
(743.0,740.0)
(740.0,740.0)
(739.0,740.0)
(381.0,740.0)
(740.0,740.0)
(740.0,740.0)
(417.0,740.0)
(740.0,740.0)
(740.0,740.0)
(740.0,740.0)
(740.0,740.0)
(739.0,740.0)
(743.0,740.0)
(736.0,740.0)
(740.0,740.0)
(743.0,740.0)
(743.0,740.0)
(743.0,740.0)
(743.0,740.0)
(740.0,740.0)
(743.0,740.0)
(743.0,740.0)
(739.0,740.0)
(740.0,740.0)
(739.0,740.0)
(740.0,740.0)
(743.0,740.0)
(743.0,740.0)
(740.0,740.0)
(743.0,740.0)
(38.0,740.0)
(736.0,740.0)
(743.0,740.0)
(743.0,740.0)
(740.0,740.0)
(740.0,740.0)
(740.0,740.0)
(740.0,740.0)
(743.0,740.0)
(743.0,740.0)
(743.0,740.0)
(740.0,740.0)
(743.0,740.0)
(743.0,740.0)
(740.0,740.0)
(740.0,740.0)
(743.0,740.0)
(743.0,740.0)
(740.0,740.0)
(743.0,740.0)
(740.0,740.0)
(355.0,740.0)
(474.0,740.0)
(743.0,740.0)
(743.0,740.0)
(740.0,740.0)
(740.0,740.0)
(743.0,740.0)
(743.0,740.0)
(739.0,740.0)
(740.0,740.0)
(474.0,740.0)
(743.0,740.0)
(740.0,740.0)
(743.0,740.0)
(740.0,740.0)
(474.0,740.0)
(740.0,740.0)
(743.0,740.0)
(740.0,740.0)
(740.0,740.0)
(740.0,740.0)
(740.0,740.0)
(743.0,740.0)
(474.0,740.0)
(743.0,740.0)
(743.0,740.0)
(743.0,740.0)
(743.0,740.0)
(743.0,740.0)
(743.0,740.0)
(472.0,740.0)
(740.0,740.0)
(455.0,740.0)
(743.0,740.0)
(740.0,740.0)
(739.0,740.0)
(740.0,740.0)
(355.0,740.0)
(743.0,740.0)
(474.0,740.0)
(743.0,740.0)
(740.0,740.0)
(743.0,740.0)
(739.0,740.0)
(743.0,740.0)
(743.0,740.0)
(740.0,740.0)
(740.0,740.0)
(743.0,740.0)
(743.0,740.0)
(743.0,740.0)
(740.0,740.0)
(740.0,740.0)
(740.0,740.0)
(740.0,740.0)
(740.0,740.0)
(743.0,740.0)
(740.0,740.0)
(740.0,740.0)
(481.0,740.0)
(739.0,740.0)
(743.0,740.0)
(483.0,740.0)
(739.0,740.0)
(739.0,740.0)
(455.0,740.0)
(743.0,740.0)
(739.0,740.0)
(740.0,740.0)
(740.0,740.0)
(740.0,740.0)
(743.0,740.0)
(743.0,740.0)
(740.0,740.0)
(743.0,740.0)
(740.0,740.0)
(743.0,740.0)
(743.0,740.0)
(525.0,740.0)
(743.0,740.0)
(739.0,740.0)
(743.0,740.0)
(740.0,740.0)
(740.0,740.0)
(743.0,740.0)
(740.0,740.0)
(474.0,740.0)
(740.0,740.0)
(743.0,740.0)
(743.0,740.0)
(740.0,740.0)
(743.0,740.0)
(740.0,740.0)
(740.0,740.0)
(740.0,740.0)
(743.0,740.0)
(743.0,740.0)
(739.0,740.0)
(740.0,740.0)
(417.0,740.0)
(376.0,740.0)
(743.0,740.0)
(740.0,740.0)
(740.0,740.0)
(739.0,740.0)
(743.0,740.0)
(740.0,740.0)
(743.0,740.0)
(740.0,740.0)
(483.0,740.0)
(743.0,740.0)
(743.0,740.0)
(743.0,740.0)
(739.0,740.0)
(743.0,740.0)
(354.0,740.0)
(743.0,740.0)
(740.0,740.0)
(740.0,740.0)
(740.0,740.0)
(740.0,740.0)
(740.0,740.0)
(739.0,740.0)
(739.0,740.0)
(740.0,740.0)
(740.0,740.0)
(351.0,740.0)
(743.0,740.0)
(740.0,740.0)
(739.0,740.0)
(435.0,740.0)
(743.0,740.0)
(743.0,740.0)
(740.0,740.0)
(740.0,740.0)
(743.0,740.0)
(739.0,740.0)
(743.0,740.0)
(743.0,740.0)
(417.0,740.0)
(743.0,740.0)
(740.0,740.0)
(740.0,740.0)
(739.0,740.0)
(484.0,740.0)
(743.0,740.0)
(808.0,740.0)
(474.0,740.0)
(740.0,740.0)
(435.0,740.0)
(743.0,740.0)
(739.0,740.0)
(739.0,740.0)
(740.0,740.0)
(413.0,740.0)
(739.0,740.0)
(417.0,740.0)
(740.0,740.0)
(417.0,740.0)
(743.0,740.0)
(737.0,740.0)
(740.0,740.0)
(739.0,740.0)
(739.0,740.0)
(740.0,740.0)
(740.0,740.0)
(740.0,740.0)
(743.0,740.0)
(455.0,740.0)
(743.0,740.0)
(743.0,740.0)
(743.0,740.0)
(743.0,740.0)
(740.0,740.0)
(740.0,740.0)
(751.0,740.0)
(739.0,740.0)
(739.0,740.0)
(743.0,740.0)
(740.0,740.0)
(417.0,740.0)
(743.0,740.0)
(740.0,740.0)
(743.0,740.0)
(739.0,740.0)
(739.0,740.0)
(739.0,740.0)
(743.0,740.0)
(740.0,740.0)
(743.0,740.0)
(740.0,740.0)
(740.0,740.0)
(739.0,740.0)
(740.0,740.0)
(739.0,740.0)
(740.0,740.0)
(740.0,740.0)
(740.0,740.0)
(739.0,740.0)
(739.0,740.0)
(740.0,740.0)
(743.0,740.0)
(740.0,740.0)
(743.0,740.0)
(743.0,740.0)
(447.0,740.0)
(743.0,740.0)
(417.0,740.0)
(740.0,740.0)
(743.0,740.0)
(739.0,740.0)
(740.0,740.0)
(754.0,740.0)
(743.0,740.0)
(447.0,740.0)
(740.0,740.0)
(743.0,740.0)
(739.0,740.0)
(740.0,740.0)
(740.0,740.0)
(740.0,740.0)
(435.0,740.0)
(740.0,740.0)
(740.0,740.0)
(740.0,740.0)
(355.0,740.0)
(740.0,740.0)
(740.0,740.0)
(740.0,740.0)
(740.0,740.0)
(743.0,740.0)
(740.0,740.0)
(740.0,740.0)
(359.0,740.0)
(740.0,740.0)
(417.0,740.0)
(739.0,740.0)
(740.0,740.0)
(743.0,740.0)
(447.0,740.0)
(740.0,740.0)
(743.0,740.0)
(739.0,740.0)
(739.0,740.0)
(740.0,740.0)
(740.0,740.0)
(740.0,740.0)
(739.0,740.0)
(740.0,740.0)
(354.0,740.0)
(481.0,740.0)
(743.0,740.0)
(740.0,740.0)
(740.0,740.0)
(740.0,740.0)
(740.0,740.0)
(743.0,740.0)
(743.0,740.0)
(743.0,740.0)
(739.0,740.0)
(743.0,740.0)
(743.0,740.0)
(740.0,740.0)
(417.0,740.0)
(743.0,740.0)
(351.0,740.0)
(474.0,740.0)
(743.0,740.0)
(743.0,740.0)
(743.0,740.0)
(743.0,740.0)
(38.0,740.0)
(740.0,740.0)
(740.0,740.0)
(743.0,740.0)
(808.0,740.0)
(739.0,740.0)
(740.0,740.0)
(740.0,740.0)
(739.0,740.0)
(740.0,740.0)
(355.0,740.0)
(417.0,740.0)
(740.0,740.0)
(739.0,740.0)
(740.0,740.0)
(740.0,740.0)
(447.0,740.0)
(743.0,740.0)
(740.0,740.0)
(743.0,740.0)
(740.0,740.0)
(739.0,740.0)
(743.0,740.0)
(808.0,740.0)
(740.0,740.0)
(740.0,740.0)
(743.0,740.0)
(743.0,740.0)
(739.0,740.0)
(739.0,740.0)
(740.0,740.0)
(740.0,740.0)
(417.0,740.0)
(743.0,740.0)
(739.0,740.0)
(740.0,740.0)
(743.0,740.0)
(474.0,740.0)
(739.0,740.0)
(743.0,740.0)
(740.0,740.0)
(464.0,353.0)
(351.0,353.0)
(351.0,353.0)
(351.0,353.0)
(351.0,353.0)
(353.0,353.0)
(351.0,353.0)
(351.0,353.0)
(351.0,353.0)
(353.0,353.0)
(351.0,353.0)
(351.0,353.0)
(351.0,353.0)
(351.0,353.0)
(351.0,353.0)
(353.0,353.0)
(451.0,353.0)
(351.0,353.0)
(351.0,353.0)
(351.0,353.0)
(351.0,353.0)
(351.0,353.0)
(351.0,353.0)
(351.0,353.0)
(351.0,353.0)
(451.0,353.0)
(351.0,353.0)
(351.0,353.0)
(351.0,353.0)
(351.0,353.0)
(351.0,353.0)
(351.0,353.0)
(351.0,353.0)
(352.0,353.0)
(351.0,353.0)
(351.0,353.0)
(351.0,353.0)
(351.0,353.0)
(351.0,353.0)
(351.0,353.0)
(351.0,353.0)
(353.0,353.0)
(351.0,353.0)
(351.0,353.0)
(351.0,353.0)
(451.0,353.0)
(351.0,353.0)
(351.0,353.0)
(351.0,353.0)
(351.0,353.0)
(351.0,353.0)
(351.0,353.0)
(351.0,353.0)
(351.0,353.0)
(451.0,353.0)
(351.0,353.0)
(351.0,353.0)
(351.0,353.0)
(351.0,353.0)
(351.0,353.0)
(351.0,353.0)
(353.0,353.0)
(351.0,353.0)
(351.0,353.0)
(351.0,353.0)
(353.0,353.0)
(451.0,353.0)
(351.0,353.0)
(451.0,353.0)
(351.0,353.0)
(351.0,353.0)
(351.0,353.0)
(351.0,353.0)
(351.0,353.0)
(451.0,353.0)
(464.0,353.0)
(351.0,353.0)
(464.0,353.0)
(443.0,353.0)
(351.0,353.0)
(351.0,353.0)
(353.0,353.0)
(351.0,353.0)
(351.0,353.0)
(351.0,353.0)
(351.0,353.0)
(351.0,353.0)
(351.0,353.0)
(351.0,353.0)
(351.0,353.0)
(351.0,353.0)
(351.0,353.0)
(351.0,353.0)
(351.0,353.0)
(351.0,353.0)
(351.0,353.0)
(351.0,353.0)
(351.0,353.0)
(351.0,353.0)
(351.0,353.0)
(464.0,353.0)
(351.0,353.0)
(351.0,353.0)
(351.0,353.0)
(351.0,353.0)
(351.0,353.0)
(352.0,353.0)
(351.0,353.0)
(351.0,353.0)
(351.0,353.0)
(351.0,353.0)
(351.0,353.0)
(351.0,353.0)
(351.0,353.0)
(351.0,353.0)
(451.0,353.0)
(351.0,353.0)
(351.0,353.0)
(351.0,353.0)
(352.0,353.0)
(353.0,353.0)
(351.0,353.0)
(351.0,353.0)
(451.0,353.0)
(351.0,353.0)
(351.0,353.0)
(351.0,353.0)
(351.0,353.0)
(351.0,353.0)
(351.0,353.0)
(351.0,353.0)
(351.0,353.0)
(351.0,353.0)
(443.0,353.0)
(351.0,353.0)
(351.0,353.0)
(351.0,353.0)
(351.0,353.0)
(451.0,353.0)
(351.0,353.0)
(351.0,353.0)
(351.0,353.0)
(351.0,353.0)
(351.0,353.0)
(451.0,353.0)
(351.0,353.0)
(351.0,353.0)
(351.0,353.0)
(351.0,353.0)
(351.0,353.0)
(351.0,353.0)
(451.0,353.0)
(351.0,353.0)
(351.0,353.0)
(351.0,353.0)
(351.0,353.0)
(351.0,353.0)
(351.0,353.0)
(385.0,353.0)
(351.0,353.0)
(451.0,353.0)
(351.0,353.0)
(351.0,353.0)
(351.0,353.0)
(351.0,353.0)
(351.0,353.0)
(353.0,353.0)
(351.0,353.0)
(351.0,353.0)
(351.0,353.0)
(351.0,353.0)
(351.0,353.0)
(351.0,353.0)
(353.0,353.0)
(351.0,353.0)
(351.0,353.0)
(351.0,353.0)
(351.0,353.0)
(351.0,353.0)
(351.0,353.0)
(351.0,353.0)
(351.0,353.0)
(351.0,353.0)
(351.0,353.0)
(351.0,353.0)
(351.0,353.0)
(351.0,353.0)
(351.0,353.0)
(451.0,353.0)
(351.0,353.0)
(451.0,353.0)
(451.0,353.0)
(351.0,353.0)
(351.0,353.0)
(351.0,353.0)
(351.0,353.0)
(351.0,353.0)
(351.0,353.0)
(443.0,353.0)
(353.0,353.0)
(351.0,353.0)
(450.0,353.0)
(351.0,353.0)
(351.0,353.0)
(443.0,353.0)
(443.0,353.0)
(353.0,353.0)
(351.0,353.0)
(351.0,353.0)
(451.0,353.0)
(353.0,353.0)
(351.0,353.0)
(352.0,353.0)
(353.0,353.0)
(451.0,353.0)
(353.0,353.0)
(446.0,353.0)
(353.0,353.0)
(353.0,353.0)
(353.0,353.0)
(353.0,353.0)
(351.0,353.0)
(351.0,353.0)
(353.0,353.0)
(351.0,353.0)
(351.0,353.0)
(351.0,353.0)
(353.0,353.0)
(351.0,353.0)
(443.0,353.0)
(353.0,353.0)
(353.0,353.0)
(351.0,353.0)
(353.0,353.0)
(450.0,353.0)
(351.0,353.0)
(353.0,353.0)
(353.0,353.0)
(351.0,353.0)
(451.0,353.0)
(351.0,353.0)
(351.0,353.0)
(353.0,353.0)
(351.0,353.0)
(353.0,353.0)
(353.0,353.0)
(351.0,353.0)
(353.0,353.0)
(353.0,353.0)
(451.0,353.0)
(353.0,353.0)
(353.0,353.0)
(451.0,353.0)
(351.0,353.0)
(443.0,353.0)
(353.0,353.0)
(351.0,353.0)
(451.0,353.0)
(353.0,353.0)
(351.0,353.0)
(353.0,353.0)
(351.0,353.0)
(351.0,353.0)
(351.0,353.0)
(353.0,353.0)
(353.0,353.0)
(351.0,353.0)
(466.0,353.0)
(450.0,353.0)
(351.0,353.0)
(351.0,353.0)
(351.0,353.0)
(353.0,353.0)
(352.0,353.0)
(351.0,353.0)
(352.0,353.0)
(351.0,353.0)
(353.0,353.0)
(443.0,353.0)
(450.0,353.0)
(351.0,353.0)
(353.0,353.0)
(351.0,353.0)
(353.0,353.0)
(353.0,353.0)
(351.0,353.0)
(353.0,353.0)
(353.0,353.0)
(352.0,353.0)
(351.0,353.0)
(353.0,353.0)
(351.0,353.0)
(351.0,353.0)
(353.0,353.0)
(351.0,353.0)
(351.0,353.0)
(352.0,353.0)
(351.0,353.0)
(351.0,353.0)
(353.0,353.0)
(351.0,353.0)
(351.0,353.0)
(351.0,353.0)
(351.0,353.0)
(466.0,353.0)
(353.0,353.0)
(351.0,353.0)
(353.0,353.0)
(351.0,353.0)
(351.0,353.0)
(443.0,353.0)
(351.0,353.0)
(353.0,353.0)
(351.0,353.0)
(351.0,353.0)
(443.0,353.0)
(353.0,353.0)
(351.0,353.0)
(460.0,353.0)
(351.0,353.0)
(443.0,353.0)
(353.0,353.0)
(451.0,353.0)
(451.0,353.0)
(353.0,353.0)
(351.0,353.0)
(351.0,353.0)
(351.0,353.0)
(353.0,353.0)
(351.0,353.0)
(351.0,353.0)
(351.0,353.0)
(466.0,353.0)
(443.0,353.0)
(443.0,353.0)
(353.0,353.0)
(351.0,353.0)
(353.0,353.0)
(351.0,353.0)
(443.0,353.0)
(451.0,353.0)
(353.0,353.0)
(353.0,353.0)
(351.0,353.0)
(446.0,353.0)
(353.0,353.0)
(460.0,353.0)
(352.0,353.0)
(771.0,353.0)
(353.0,353.0)
(351.0,353.0)
(351.0,353.0)
(351.0,353.0)
(353.0,353.0)
(351.0,353.0)
(351.0,353.0)
(351.0,353.0)
(353.0,353.0)
(351.0,353.0)
(443.0,353.0)
(351.0,353.0)
(353.0,353.0)
(443.0,353.0)
(351.0,353.0)
(353.0,353.0)
(351.0,353.0)
(351.0,353.0)
(351.0,353.0)
(451.0,353.0)
(451.0,353.0)
(352.0,353.0)
(353.0,353.0)
(353.0,353.0)
(353.0,353.0)
(450.0,353.0)
(351.0,353.0)
(353.0,353.0)
(353.0,353.0)
(351.0,353.0)
(443.0,353.0)
(351.0,353.0)
(351.0,353.0)
(351.0,353.0)
(443.0,353.0)
(351.0,353.0)
(443.0,353.0)
(351.0,353.0)
(443.0,353.0)
(351.0,353.0)
(353.0,353.0)
(353.0,353.0)
(351.0,353.0)
(351.0,353.0)
(351.0,353.0)
(351.0,353.0)
(351.0,353.0)
(351.0,353.0)
(351.0,353.0)
(351.0,353.0)
(351.0,353.0)
(351.0,353.0)
(351.0,353.0)
(351.0,353.0)
(351.0,353.0)
(351.0,353.0)
(352.0,353.0)
(351.0,353.0)
(351.0,353.0)
(351.0,353.0)
(352.0,353.0)
(351.0,353.0)
(351.0,353.0)
(351.0,353.0)
(351.0,353.0)
(351.0,353.0)
(351.0,353.0)
(351.0,353.0)
(351.0,353.0)
(353.0,353.0)
(351.0,353.0)
(351.0,353.0)
(351.0,353.0)
(351.0,353.0)
(351.0,353.0)
(351.0,353.0)
(351.0,353.0)
(351.0,353.0)
(351.0,353.0)
(351.0,353.0)
(353.0,353.0)
(353.0,353.0)
(351.0,353.0)
(351.0,353.0)
(351.0,353.0)
(352.0,353.0)
(351.0,353.0)
(466.0,353.0)
(351.0,353.0)
(351.0,353.0)
(353.0,353.0)
(351.0,353.0)
(351.0,353.0)
(351.0,353.0)
(351.0,353.0)
(351.0,353.0)
(351.0,353.0)
(351.0,353.0)
(353.0,353.0)
(351.0,353.0)
(351.0,353.0)
(351.0,353.0)
(351.0,353.0)
(351.0,353.0)
(351.0,353.0)
(351.0,353.0)
(351.0,353.0)
(351.0,353.0)
(351.0,353.0)
(351.0,353.0)
(351.0,353.0)
(351.0,353.0)
(351.0,353.0)
(351.0,353.0)
(353.0,353.0)
(352.0,353.0)
(351.0,353.0)
(351.0,353.0)
(447.0,353.0)
(351.0,353.0)
(351.0,353.0)
(351.0,353.0)
(351.0,353.0)
(464.0,353.0)
(351.0,353.0)
(351.0,353.0)
(351.0,353.0)
(351.0,353.0)
(351.0,353.0)
(351.0,353.0)
(351.0,353.0)
(351.0,353.0)
(351.0,353.0)
(351.0,353.0)
(351.0,353.0)
(353.0,353.0)
(352.0,353.0)
(351.0,353.0)
(351.0,353.0)
(351.0,353.0)
(351.0,353.0)
(522.0,353.0)
(351.0,353.0)
(353.0,353.0)
(797.0,353.0)
(351.0,353.0)
(31.0,353.0)
(353.0,353.0)
(353.0,353.0)
(353.0,353.0)
(353.0,353.0)
(353.0,353.0)
(351.0,353.0)
(351.0,353.0)
(351.0,353.0)
(351.0,353.0)
(353.0,353.0)
(351.0,353.0)
(351.0,353.0)
(351.0,353.0)
(351.0,353.0)
(353.0,353.0)
(351.0,353.0)
(351.0,353.0)
(351.0,353.0)
(351.0,353.0)
(351.0,353.0)
(351.0,353.0)
(351.0,353.0)
(351.0,353.0)
(351.0,353.0)
(351.0,353.0)
(351.0,353.0)
(351.0,353.0)
(351.0,353.0)
(351.0,353.0)
(351.0,353.0)
(351.0,353.0)
(353.0,353.0)
(351.0,353.0)
(351.0,353.0)
(351.0,353.0)
(351.0,353.0)
(351.0,353.0)
(351.0,353.0)
(351.0,353.0)
(351.0,353.0)
(351.0,353.0)
(351.0,353.0)
(351.0,353.0)
(351.0,353.0)
(351.0,353.0)
(351.0,353.0)
(351.0,353.0)
(351.0,353.0)
(351.0,353.0)
(351.0,353.0)
(351.0,353.0)
(351.0,353.0)
(351.0,353.0)
(351.0,353.0)
(351.0,353.0)
(351.0,353.0)
(351.0,353.0)
(351.0,353.0)
(351.0,353.0)
(351.0,353.0)
(351.0,353.0)
(351.0,353.0)
(351.0,353.0)
(352.0,353.0)
(351.0,353.0)
(351.0,353.0)
(351.0,353.0)
(353.0,353.0)
(351.0,353.0)
(351.0,353.0)
(351.0,353.0)
(351.0,353.0)
(351.0,353.0)
(351.0,353.0)
(351.0,353.0)
(351.0,353.0)
(353.0,353.0)
(351.0,353.0)
(351.0,353.0)
(351.0,353.0)
(353.0,353.0)
(351.0,353.0)
(351.0,353.0)
(460.0,353.0)
(353.0,353.0)
(448.0,741.0)
(447.0,741.0)
(742.0,741.0)
(458.0,741.0)
(354.0,741.0)
(738.0,741.0)
(741.0,741.0)
(738.0,741.0)
(368.0,741.0)
(742.0,741.0)
(447.0,741.0)
(741.0,741.0)
(757.0,741.0)
(368.0,741.0)
(742.0,741.0)
(757.0,741.0)
(742.0,741.0)
(368.0,741.0)
(368.0,741.0)
(742.0,741.0)
(742.0,741.0)
(738.0,741.0)
(354.0,741.0)
(368.0,741.0)
(742.0,741.0)
(368.0,741.0)
(756.0,741.0)
(757.0,741.0)
(757.0,741.0)
(742.0,741.0)
(458.0,741.0)
(742.0,741.0)
(354.0,741.0)
(447.0,741.0)
(741.0,741.0)
(757.0,741.0)
(757.0,741.0)
(393.0,741.0)
(368.0,741.0)
(742.0,741.0)
(757.0,741.0)
(479.0,741.0)
(741.0,741.0)
(479.0,741.0)
(479.0,741.0)
(354.0,741.0)
(742.0,741.0)
(742.0,741.0)
(756.0,741.0)
(785.0,741.0)
(354.0,741.0)
(354.0,741.0)
(742.0,741.0)
(741.0,741.0)
(756.0,741.0)
(368.0,741.0)
(368.0,741.0)
(742.0,741.0)
(354.0,741.0)
(742.0,741.0)
(742.0,741.0)
(742.0,741.0)
(742.0,741.0)
(742.0,741.0)
(757.0,741.0)
(757.0,741.0)
(738.0,741.0)
(354.0,741.0)
(757.0,741.0)
(757.0,741.0)
(757.0,741.0)
(742.0,741.0)
(757.0,741.0)
(741.0,741.0)
(757.0,741.0)
(742.0,741.0)
(354.0,741.0)
(757.0,741.0)
(742.0,741.0)
(741.0,741.0)
(741.0,741.0)
(756.0,741.0)
(757.0,741.0)
(368.0,741.0)
(360.0,741.0)
(354.0,741.0)
(756.0,741.0)
(456.0,741.0)
(742.0,741.0)
(464.0,741.0)
(757.0,741.0)
(742.0,741.0)
(368.0,741.0)
(757.0,741.0)
(368.0,741.0)
(386.0,741.0)
(368.0,741.0)
(756.0,741.0)
(757.0,741.0)
(742.0,741.0)
(368.0,741.0)
(743.0,741.0)
(354.0,741.0)
(742.0,741.0)
(741.0,741.0)
(757.0,741.0)
(757.0,741.0)
(742.0,741.0)
(742.0,741.0)
(785.0,741.0)
(785.0,741.0)
(757.0,741.0)
(368.0,741.0)
(741.0,741.0)
(474.0,741.0)
(756.0,741.0)
(428.0,741.0)
(448.0,741.0)
(757.0,741.0)
(738.0,741.0)
(448.0,741.0)
(738.0,741.0)
(757.0,741.0)
(448.0,741.0)
(382.0,741.0)
(741.0,741.0)
(382.0,741.0)
(757.0,741.0)
(382.0,741.0)
(742.0,741.0)
(742.0,741.0)
(742.0,741.0)
(757.0,741.0)
(742.0,741.0)
(382.0,741.0)
(757.0,741.0)
(749.0,741.0)
(354.0,741.0)
(742.0,741.0)
(757.0,741.0)
(757.0,741.0)
(757.0,741.0)
(368.0,741.0)
(757.0,741.0)
(738.0,741.0)
(742.0,741.0)
(756.0,741.0)
(354.0,741.0)
(741.0,741.0)
(448.0,741.0)
(738.0,741.0)
(354.0,741.0)
(354.0,741.0)
(738.0,741.0)
(447.0,741.0)
(741.0,741.0)
(742.0,741.0)
(448.0,741.0)
(742.0,741.0)
(428.0,741.0)
(353.0,741.0)
(448.0,741.0)
(738.0,741.0)
(742.0,741.0)
(757.0,741.0)
(757.0,741.0)
(387.0,741.0)
(742.0,741.0)
(757.0,741.0)
(382.0,741.0)
(756.0,741.0)
(757.0,741.0)
(354.0,741.0)
(742.0,741.0)
(428.0,741.0)
(368.0,741.0)
(368.0,741.0)
(741.0,741.0)
(742.0,741.0)
(742.0,741.0)
(738.0,741.0)
(368.0,741.0)
(757.0,741.0)
(738.0,741.0)
(742.0,741.0)
(757.0,741.0)
(742.0,741.0)
(738.0,741.0)
(742.0,741.0)
(354.0,741.0)
(387.0,741.0)
(757.0,741.0)
(742.0,741.0)
(741.0,741.0)
(742.0,741.0)
(757.0,741.0)
(742.0,741.0)
(771.0,741.0)
(368.0,741.0)
(757.0,741.0)
(757.0,741.0)
(33.0,741.0)
(368.0,741.0)
(757.0,741.0)
(368.0,741.0)
(447.0,741.0)
(447.0,741.0)
(368.0,741.0)
(742.0,741.0)
(742.0,741.0)
(757.0,741.0)
(368.0,741.0)
(757.0,741.0)
(757.0,741.0)
(354.0,741.0)
(742.0,741.0)
(447.0,741.0)
(757.0,741.0)
(757.0,741.0)
(448.0,741.0)
(368.0,741.0)
(742.0,741.0)
(756.0,741.0)
(741.0,741.0)
(368.0,741.0)
(742.0,741.0)
(368.0,741.0)
(742.0,741.0)
(741.0,741.0)
(741.0,741.0)
(368.0,741.0)
(448.0,741.0)
(368.0,741.0)
(479.0,741.0)
(448.0,741.0)
(471.0,741.0)
(756.0,741.0)
(757.0,741.0)
(354.0,741.0)
(354.0,741.0)
(368.0,741.0)
(742.0,741.0)
(757.0,741.0)
(757.0,741.0)
(742.0,741.0)
(354.0,741.0)
(482.0,741.0)
(757.0,741.0)
(448.0,741.0)
(448.0,741.0)
(368.0,741.0)
(756.0,741.0)
(742.0,741.0)
(40.0,741.0)
(738.0,741.0)
(368.0,741.0)
(742.0,741.0)
(368.0,741.0)
(354.0,741.0)
(359.0,741.0)
(757.0,741.0)
(368.0,741.0)
(756.0,741.0)
(354.0,741.0)
(368.0,741.0)
(757.0,741.0)
(741.0,741.0)
(757.0,741.0)
(757.0,741.0)
(742.0,741.0)
(756.0,741.0)
(757.0,741.0)
(368.0,741.0)
(757.0,741.0)
(757.0,741.0)
(447.0,741.0)
(479.0,741.0)
(479.0,741.0)
(741.0,741.0)
(354.0,741.0)
(741.0,741.0)
(741.0,741.0)
(757.0,741.0)
(741.0,741.0)
(756.0,741.0)
(38.0,741.0)
(368.0,741.0)
(738.0,741.0)
(483.0,741.0)
(741.0,741.0)
(738.0,741.0)
(368.0,741.0)
(474.0,741.0)
(742.0,741.0)
(368.0,741.0)
(757.0,741.0)
(368.0,741.0)
(398.0,741.0)
(757.0,741.0)
(742.0,741.0)
(757.0,741.0)
(757.0,741.0)
(742.0,741.0)
(428.0,741.0)
(479.0,741.0)
(479.0,741.0)
(742.0,741.0)
(479.0,741.0)
(354.0,741.0)
(740.0,741.0)
(757.0,741.0)
(756.0,741.0)
(757.0,741.0)
(771.0,741.0)
(368.0,741.0)
(448.0,741.0)
(458.0,741.0)
(756.0,741.0)
(757.0,741.0)
(352.0,741.0)
(368.0,741.0)
(368.0,741.0)
(738.0,741.0)
(738.0,741.0)
(368.0,741.0)
(368.0,741.0)
(742.0,741.0)
(368.0,741.0)
(368.0,741.0)
(742.0,741.0)
(368.0,741.0)
(386.0,741.0)
(354.0,741.0)
(354.0,741.0)
(417.0,741.0)
(741.0,741.0)
(742.0,741.0)
(354.0,741.0)
(368.0,741.0)
(756.0,741.0)
(432.0,741.0)
(757.0,741.0)
(742.0,741.0)
(354.0,741.0)
(356.0,741.0)
(757.0,741.0)
(742.0,741.0)
(757.0,741.0)
(757.0,741.0)
(432.0,741.0)
(448.0,741.0)
(350.0,741.0)
(756.0,741.0)
(741.0,741.0)
(742.0,741.0)
(757.0,741.0)
(785.0,741.0)
(757.0,741.0)
(757.0,741.0)
(368.0,741.0)
(354.0,741.0)
(368.0,741.0)
(448.0,741.0)
(368.0,741.0)
(459.0,741.0)
(368.0,741.0)
(368.0,741.0)
(742.0,741.0)
(757.0,741.0)
(757.0,741.0)
(757.0,741.0)
(756.0,741.0)
(756.0,741.0)
(757.0,741.0)
(368.0,741.0)
(447.0,741.0)
(428.0,741.0)
(742.0,741.0)
(742.0,741.0)
(757.0,741.0)
(757.0,741.0)
(741.0,741.0)
(741.0,741.0)
(352.0,741.0)
(757.0,741.0)
(448.0,741.0)
(448.0,741.0)
(742.0,741.0)
(742.0,741.0)
(354.0,741.0)
(354.0,741.0)
(757.0,741.0)
(757.0,741.0)
(742.0,741.0)
(368.0,741.0)
(368.0,741.0)
(742.0,741.0)
(742.0,741.0)
(350.0,742.0)
(428.0,742.0)
(742.0,742.0)
(393.0,742.0)
(738.0,742.0)
(447.0,742.0)
(757.0,742.0)
(393.0,742.0)
(742.0,742.0)
(742.0,742.0)
(742.0,742.0)
(742.0,742.0)
(757.0,742.0)
(440.0,742.0)
(757.0,742.0)
(742.0,742.0)
(799.0,742.0)
(353.0,742.0)
(757.0,742.0)
(428.0,742.0)
(741.0,742.0)
(356.0,742.0)
(742.0,742.0)
(393.0,742.0)
(742.0,742.0)
(428.0,742.0)
(38.0,742.0)
(799.0,742.0)
(742.0,742.0)
(741.0,742.0)
(757.0,742.0)
(757.0,742.0)
(757.0,742.0)
(742.0,742.0)
(742.0,742.0)
(428.0,742.0)
(757.0,742.0)
(757.0,742.0)
(798.0,742.0)
(742.0,742.0)
(428.0,742.0)
(742.0,742.0)
(350.0,742.0)
(741.0,742.0)
(757.0,742.0)
(428.0,742.0)
(741.0,742.0)
(757.0,742.0)
(738.0,742.0)
(738.0,742.0)
(447.0,742.0)
(353.0,742.0)
(741.0,742.0)
(350.0,742.0)
(742.0,742.0)
(742.0,742.0)
(757.0,742.0)
(742.0,742.0)
(742.0,742.0)
(447.0,742.0)
(428.0,742.0)
(393.0,742.0)
(448.0,742.0)
(742.0,742.0)
(460.0,742.0)
(742.0,742.0)
(393.0,742.0)
(799.0,742.0)
(742.0,742.0)
(741.0,742.0)
(785.0,742.0)
(417.0,742.0)
(741.0,742.0)
(742.0,742.0)
(742.0,742.0)
(757.0,742.0)
(440.0,742.0)
(738.0,742.0)
(757.0,742.0)
(448.0,742.0)
(360.0,742.0)
(350.0,742.0)
(742.0,742.0)
(448.0,742.0)
(393.0,742.0)
(757.0,742.0)
(350.0,742.0)
(464.0,742.0)
(352.0,742.0)
(393.0,742.0)
(757.0,742.0)
(757.0,742.0)
(350.0,742.0)
(798.0,742.0)
(742.0,742.0)
(742.0,742.0)
(741.0,742.0)
(448.0,742.0)
(428.0,742.0)
(742.0,742.0)
(352.0,742.0)
(448.0,742.0)
(757.0,742.0)
(757.0,742.0)
(428.0,742.0)
(742.0,742.0)
(447.0,742.0)
(360.0,742.0)
(757.0,742.0)
(742.0,742.0)
(742.0,742.0)
(448.0,742.0)
(393.0,742.0)
(799.0,742.0)
(757.0,742.0)
(393.0,742.0)
(742.0,742.0)
(742.0,742.0)
(798.0,742.0)
(393.0,742.0)
(741.0,742.0)
(757.0,742.0)
(417.0,742.0)
(351.0,742.0)
(754.0,742.0)
(428.0,742.0)
(448.0,742.0)
(742.0,742.0)
(742.0,742.0)
(757.0,742.0)
(757.0,742.0)
(742.0,742.0)
(799.0,742.0)
(757.0,742.0)
(757.0,742.0)
(742.0,742.0)
(742.0,742.0)
(757.0,742.0)
(393.0,742.0)
(475.0,742.0)
(757.0,742.0)
(742.0,742.0)
(353.0,742.0)
(757.0,742.0)
(440.0,742.0)
(393.0,742.0)
(741.0,742.0)
(393.0,742.0)
(742.0,742.0)
(428.0,742.0)
(741.0,742.0)
(757.0,742.0)
(742.0,742.0)
(742.0,742.0)
(448.0,742.0)
(393.0,742.0)
(741.0,742.0)
(741.0,742.0)
(757.0,742.0)
(448.0,742.0)
(741.0,742.0)
(757.0,742.0)
(448.0,742.0)
(742.0,742.0)
(742.0,742.0)
(741.0,742.0)
(742.0,742.0)
(428.0,742.0)
(742.0,742.0)
(742.0,742.0)
(448.0,742.0)
(393.0,742.0)
(448.0,742.0)
(742.0,742.0)
(352.0,742.0)
(742.0,742.0)
(350.0,742.0)
(448.0,742.0)
(742.0,742.0)
(742.0,742.0)
(742.0,742.0)
(448.0,742.0)
(741.0,742.0)
(741.0,742.0)
(771.0,742.0)
(741.0,742.0)
(742.0,742.0)
(742.0,742.0)
(350.0,742.0)
(757.0,742.0)
(428.0,742.0)
(757.0,742.0)
(356.0,742.0)
(739.0,742.0)
(771.0,742.0)
(393.0,742.0)
(757.0,742.0)
(350.0,742.0)
(742.0,742.0)
(741.0,742.0)
(353.0,742.0)
(757.0,742.0)
(757.0,742.0)
(742.0,742.0)
(448.0,742.0)
(741.0,742.0)
(386.0,742.0)
(757.0,742.0)
(757.0,742.0)
(742.0,742.0)
(742.0,742.0)
(448.0,742.0)
(741.0,742.0)
(741.0,742.0)
(757.0,742.0)
(742.0,742.0)
(382.0,742.0)
(742.0,742.0)
(742.0,742.0)
(757.0,742.0)
(757.0,742.0)
(742.0,742.0)
(461.0,742.0)
(398.0,742.0)
(738.0,742.0)
(742.0,742.0)
(356.0,742.0)
(757.0,742.0)
(386.0,742.0)
(738.0,742.0)
(742.0,742.0)
(393.0,742.0)
(742.0,742.0)
(742.0,742.0)
(448.0,742.0)
(742.0,742.0)
(757.0,742.0)
(741.0,742.0)
(742.0,742.0)
(742.0,742.0)
(742.0,742.0)
(742.0,742.0)
(757.0,742.0)
(398.0,742.0)
(757.0,742.0)
(742.0,742.0)
(757.0,742.0)
(757.0,742.0)
(785.0,742.0)
(447.0,742.0)
(799.0,742.0)
(757.0,742.0)
(742.0,742.0)
(741.0,742.0)
(350.0,742.0)
(757.0,742.0)
(356.0,742.0)
(799.0,742.0)
(741.0,742.0)
(757.0,742.0)
(742.0,742.0)
(738.0,742.0)
(428.0,742.0)
(742.0,742.0)
(742.0,742.0)
(757.0,742.0)
(742.0,742.0)
(448.0,742.0)
(742.0,742.0)
(757.0,742.0)
(455.0,742.0)
(742.0,742.0)
(757.0,742.0)
(757.0,742.0)
(741.0,742.0)
(742.0,742.0)
(742.0,742.0)
(742.0,742.0)
(742.0,742.0)
(757.0,742.0)
(741.0,742.0)
(447.0,742.0)
(757.0,742.0)
(757.0,742.0)
(757.0,742.0)
(742.0,742.0)
(757.0,742.0)
(742.0,742.0)
(757.0,742.0)
(738.0,742.0)
(738.0,742.0)
(742.0,742.0)
(757.0,742.0)
(785.0,742.0)
(448.0,742.0)
(350.0,742.0)
(354.0,742.0)
(799.0,742.0)
(757.0,742.0)
(742.0,742.0)
(742.0,742.0)
(742.0,742.0)
(742.0,742.0)
(757.0,742.0)
(757.0,742.0)
(44.0,742.0)
(742.0,742.0)
(799.0,742.0)
(360.0,742.0)
(742.0,742.0)
(741.0,742.0)
(448.0,742.0)
(742.0,742.0)
(757.0,742.0)
(742.0,742.0)
(742.0,742.0)
(757.0,742.0)
(742.0,742.0)
(785.0,742.0)
(757.0,742.0)
(757.0,742.0)
(742.0,742.0)
(353.0,742.0)
(757.0,742.0)
(757.0,742.0)
(742.0,742.0)
(742.0,742.0)
(417.0,742.0)
(785.0,742.0)
(448.0,742.0)
(382.0,742.0)
(757.0,742.0)
(448.0,742.0)
(757.0,742.0)
(757.0,742.0)
(417.0,742.0)
(799.0,742.0)
(741.0,742.0)
(742.0,742.0)
(742.0,742.0)
(393.0,742.0)
(757.0,742.0)
(742.0,742.0)
(448.0,742.0)
(448.0,742.0)
(741.0,742.0)
(757.0,742.0)
(740.0,742.0)
(757.0,742.0)
(742.0,742.0)
(799.0,742.0)
(428.0,742.0)
(398.0,742.0)
(757.0,742.0)
(742.0,742.0)
(741.0,742.0)
(742.0,742.0)
(448.0,742.0)
(757.0,742.0)
(741.0,742.0)
(393.0,742.0)
(757.0,742.0)
(742.0,742.0)
(742.0,742.0)
(757.0,742.0)
(799.0,742.0)
(742.0,742.0)
(356.0,742.0)
(757.0,742.0)
(741.0,742.0)
(382.0,742.0)
(742.0,742.0)
(350.0,742.0)
(741.0,742.0)
(741.0,742.0)
(448.0,742.0)
(742.0,742.0)
(742.0,742.0)
(741.0,742.0)
(741.0,742.0)
(799.0,742.0)
(757.0,742.0)
(738.0,742.0)
(757.0,742.0)
(350.0,742.0)
(741.0,742.0)
(742.0,742.0)
(417.0,742.0)
(757.0,742.0)
(757.0,742.0)
(757.0,742.0)
(742.0,742.0)
(757.0,742.0)
(393.0,742.0)
(799.0,742.0)
(742.0,742.0)
(393.0,742.0)
(742.0,742.0)
(382.0,742.0)
(742.0,742.0)
(448.0,742.0)
(428.0,742.0)
(393.0,742.0)
(785.0,742.0)
(393.0,742.0)
(741.0,742.0)
(742.0,742.0)
(757.0,742.0)
(428.0,742.0)
(757.0,742.0)
(360.0,742.0)
(785.0,742.0)
(393.0,742.0)
(742.0,742.0)
(448.0,742.0)
(742.0,742.0)
(741.0,742.0)
(398.0,742.0)
(393.0,742.0)
(741.0,742.0)
(757.0,742.0)
(757.0,742.0)
(428.0,742.0)
(741.0,742.0)
(393.0,742.0)
(742.0,742.0)
(741.0,742.0)
(393.0,742.0)
(448.0,742.0)
(742.0,742.0)
(741.0,742.0)
(447.0,742.0)
(742.0,742.0)
(43.0,742.0)
(738.0,742.0)
(742.0,742.0)
(741.0,742.0)
(742.0,742.0)
(428.0,742.0)
(353.0,742.0)
(448.0,742.0)
(440.0,742.0)
(464.0,742.0)
(428.0,742.0)
(448.0,742.0)
(393.0,742.0)
(742.0,742.0)
(742.0,742.0)
(785.0,742.0)
(742.0,742.0)
(742.0,742.0)
(447.0,742.0)
(350.0,742.0)
(448.0,742.0)
(757.0,742.0)
(742.0,742.0)
(741.0,742.0)
(742.0,742.0)
(741.0,742.0)
(742.0,742.0)
(448.0,742.0)
(393.0,742.0)
(428.0,742.0)
(741.0,742.0)
(428.0,742.0)
(742.0,742.0)
(428.0,742.0)
(757.0,742.0)
(391.0,742.0)
(742.0,742.0)
(428.0,742.0)
(742.0,742.0)
(741.0,742.0)
(799.0,742.0)
(739.0,742.0)
(741.0,742.0)
(393.0,742.0)
(742.0,742.0)
(393.0,742.0)
(742.0,742.0)
(741.0,742.0)
(421.0,742.0)
(353.0,742.0)
(436.0,742.0)
(742.0,742.0)
(393.0,742.0)
(757.0,742.0)
(741.0,742.0)
(428.0,742.0)
(446.0,742.0)
(448.0,742.0)
(417.0,742.0)
(757.0,742.0)
(742.0,742.0)
(393.0,742.0)
(393.0,742.0)
(742.0,742.0)
(428.0,742.0)
(742.0,742.0)
(410.0,742.0)
(799.0,742.0)
(742.0,742.0)
(757.0,742.0)
(757.0,742.0)
(757.0,742.0)
(799.0,742.0)
(742.0,742.0)
(353.0,742.0)
(757.0,742.0)
(742.0,742.0)
(393.0,742.0)
(757.0,742.0)
(741.0,742.0)
(799.0,742.0)
(42.0,742.0)
(738.0,742.0)
(757.0,742.0)
(742.0,742.0)
(436.0,742.0)
(417.0,742.0)
(428.0,742.0)
(741.0,742.0)
(393.0,742.0)
(356.0,742.0)
(742.0,742.0)
(741.0,742.0)
(742.0,742.0)
(393.0,742.0)
(738.0,742.0)
(393.0,742.0)
(353.0,742.0)
(448.0,742.0)
(393.0,742.0)
(353.0,742.0)
(799.0,742.0)
(449.0,742.0)
(799.0,742.0)
(757.0,742.0)
(448.0,742.0)
(417.0,742.0)
(757.0,742.0)
(458.0,742.0)
(741.0,742.0)
(393.0,742.0)
(440.0,742.0)
(742.0,742.0)
(393.0,742.0)
(738.0,742.0)
(742.0,742.0)
(444.0,742.0)
(799.0,742.0)
(382.0,742.0)
(393.0,742.0)
(742.0,742.0)
(393.0,742.0)
(742.0,742.0)
(393.0,742.0)
(799.0,742.0)
(742.0,742.0)
(742.0,742.0)
(742.0,742.0)
(352.0,742.0)
(448.0,742.0)
(742.0,742.0)
(393.0,742.0)
(354.0,742.0)
(448.0,742.0)
(757.0,742.0)
(741.0,742.0)
(742.0,742.0)
(393.0,742.0)
(757.0,742.0)
(741.0,742.0)
(742.0,742.0)
(428.0,742.0)
(386.0,742.0)
(757.0,742.0)
(757.0,742.0)
(799.0,742.0)
(393.0,742.0)
(741.0,742.0)
(393.0,742.0)
(353.0,742.0)
(799.0,742.0)
(742.0,742.0)
(428.0,742.0)
(741.0,742.0)
(742.0,742.0)
(737.0,742.0)
(738.0,742.0)
(742.0,742.0)
(741.0,742.0)
(742.0,742.0)
(742.0,742.0)
(741.0,742.0)
(757.0,742.0)
(742.0,742.0)
(799.0,742.0)
(350.0,742.0)
(742.0,742.0)
(742.0,742.0)
(448.0,742.0)
(741.0,742.0)
(742.0,742.0)
(428.0,742.0)
(350.0,742.0)
(428.0,742.0)
(742.0,742.0)
(742.0,742.0)
(742.0,742.0)
(741.0,742.0)
(741.0,742.0)
(738.0,742.0)
(742.0,742.0)
(393.0,742.0)
(757.0,742.0)
(448.0,742.0)
(757.0,742.0)
(741.0,742.0)
(785.0,742.0)
(741.0,742.0)
(742.0,742.0)
(440.0,742.0)
(757.0,742.0)
(742.0,742.0)
(741.0,742.0)
(742.0,742.0)
(741.0,742.0)
(742.0,742.0)
(742.0,742.0)
(741.0,742.0)
(757.0,742.0)
(428.0,742.0)
(742.0,742.0)
(742.0,742.0)
(353.0,742.0)
(757.0,742.0)
(742.0,742.0)
(368.0,742.0)
(742.0,742.0)
(757.0,742.0)
(738.0,742.0)
(742.0,742.0)
(757.0,742.0)
(741.0,742.0)
(742.0,742.0)
(757.0,742.0)
(386.0,742.0)
(354.0,742.0)
(757.0,742.0)
(393.0,742.0)
(757.0,742.0)
(741.0,742.0)
(799.0,742.0)
(741.0,742.0)
(742.0,742.0)
(741.0,742.0)
(448.0,742.0)
(742.0,742.0)
(742.0,742.0)
(757.0,742.0)
(446.0,742.0)
(742.0,742.0)
(757.0,742.0)
(742.0,742.0)
(353.0,742.0)
(354.0,742.0)
(742.0,742.0)
(741.0,742.0)
(741.0,742.0)
(742.0,742.0)
(353.0,742.0)
(354.0,742.0)
(393.0,742.0)
(757.0,742.0)
(742.0,742.0)
(448.0,742.0)
(447.0,742.0)
(785.0,742.0)
(757.0,742.0)
(757.0,742.0)
(757.0,742.0)
(742.0,742.0)
(428.0,742.0)
(742.0,742.0)
(742.0,742.0)
(428.0,742.0)
(757.0,742.0)
(448.0,742.0)
(742.0,742.0)
(742.0,742.0)
(741.0,742.0)
(741.0,742.0)
(393.0,742.0)
(757.0,742.0)
(741.0,742.0)
(393.0,742.0)
(742.0,742.0)
(742.0,742.0)
(742.0,742.0)
(448.0,742.0)
(440.0,742.0)
(428.0,742.0)
(799.0,742.0)
(757.0,742.0)
(428.0,742.0)
(757.0,742.0)
(428.0,742.0)
(739.0,742.0)
(448.0,742.0)
(742.0,742.0)
(742.0,742.0)
(448.0,742.0)
(799.0,742.0)
(757.0,742.0)
(354.0,742.0)
(393.0,742.0)
(741.0,742.0)
(393.0,742.0)
(757.0,742.0)
(757.0,742.0)
(393.0,742.0)
(741.0,742.0)
(39.0,742.0)
(448.0,742.0)
(354.0,742.0)
(799.0,742.0)
(417.0,742.0)
(757.0,742.0)
(757.0,742.0)
(428.0,742.0)
(448.0,742.0)
(428.0,742.0)
(750.0,742.0)
(428.0,742.0)
(742.0,742.0)
(738.0,742.0)
(741.0,742.0)
(448.0,742.0)
(428.0,742.0)
(757.0,742.0)
(757.0,742.0)
(757.0,742.0)
(741.0,742.0)
(757.0,742.0)
(742.0,742.0)
(360.0,742.0)
(393.0,742.0)
(742.0,742.0)
(428.0,742.0)
(738.0,742.0)
(757.0,742.0)
(448.0,742.0)
(757.0,742.0)
(742.0,742.0)
(757.0,742.0)
(757.0,742.0)
(447.0,742.0)
(742.0,742.0)
(798.0,742.0)
(393.0,742.0)
(393.0,742.0)
(742.0,742.0)
(440.0,742.0)
(742.0,742.0)
(741.0,742.0)
(448.0,742.0)
(448.0,742.0)
(742.0,742.0)
(742.0,742.0)
(440.0,742.0)
(799.0,742.0)
(742.0,742.0)
(448.0,742.0)
(742.0,742.0)
(799.0,742.0)
(393.0,742.0)
(757.0,742.0)
(798.0,742.0)
(742.0,742.0)
(757.0,742.0)
(428.0,742.0)
(738.0,742.0)
(368.0,742.0)
(741.0,742.0)
(428.0,742.0)
(738.0,742.0)
(742.0,742.0)
(738.0,742.0)
(428.0,742.0)
(738.0,742.0)
(738.0,742.0)
(738.0,742.0)
(738.0,742.0)
(738.0,742.0)
(738.0,742.0)
(742.0,742.0)
(738.0,742.0)
(738.0,742.0)
(738.0,742.0)
(428.0,742.0)
(738.0,742.0)
(738.0,742.0)
(738.0,742.0)
(738.0,742.0)
(738.0,742.0)
(738.0,742.0)
(738.0,742.0)
(738.0,742.0)
(738.0,742.0)
(743.0,742.0)
(483.0,742.0)
(738.0,742.0)
(738.0,742.0)
(738.0,742.0)
(738.0,742.0)
(738.0,742.0)
(428.0,742.0)
(428.0,742.0)
(738.0,742.0)
(738.0,742.0)
(738.0,742.0)
(738.0,742.0)
(738.0,742.0)
(738.0,742.0)
(474.0,742.0)
(738.0,742.0)
(738.0,742.0)
(482.0,742.0)
(738.0,742.0)
(738.0,742.0)
(459.0,742.0)
(738.0,742.0)
(738.0,742.0)
(482.0,742.0)
(738.0,742.0)
(479.0,742.0)
(738.0,742.0)
(738.0,742.0)
(738.0,742.0)
(738.0,742.0)
(738.0,742.0)
(738.0,742.0)
(742.0,742.0)
(738.0,742.0)
(428.0,742.0)
(738.0,742.0)
(406.0,742.0)
(738.0,742.0)
(428.0,742.0)
(738.0,742.0)
(738.0,742.0)
(738.0,742.0)
(738.0,742.0)
(738.0,742.0)
(738.0,742.0)
(738.0,742.0)
(738.0,742.0)
(354.0,742.0)
(738.0,742.0)
(738.0,742.0)
(474.0,742.0)
(738.0,742.0)
(738.0,742.0)
(738.0,742.0)
(738.0,742.0)
(738.0,742.0)
(738.0,742.0)
(738.0,742.0)
(742.0,742.0)
(738.0,742.0)
(738.0,742.0)
(738.0,742.0)
(428.0,742.0)
(738.0,742.0)
(738.0,742.0)
(459.0,742.0)
(738.0,742.0)
(738.0,742.0)
(738.0,742.0)
(738.0,742.0)
(738.0,742.0)
(354.0,742.0)
(738.0,742.0)
(428.0,742.0)
(738.0,742.0)
(482.0,742.0)
(459.0,742.0)
(738.0,742.0)
(738.0,742.0)
(738.0,742.0)
(738.0,742.0)
(428.0,742.0)
(742.0,742.0)
(738.0,742.0)
(738.0,742.0)
(738.0,742.0)
(738.0,742.0)
(738.0,742.0)
(738.0,742.0)
(738.0,742.0)
(738.0,742.0)
(738.0,742.0)
(738.0,742.0)
(738.0,742.0)
(413.0,742.0)
(738.0,742.0)
(738.0,742.0)
(738.0,742.0)
(459.0,742.0)
(738.0,742.0)
(738.0,742.0)
(738.0,742.0)
(738.0,742.0)
(428.0,742.0)
(738.0,742.0)
(738.0,742.0)
(738.0,742.0)
(738.0,742.0)
(742.0,742.0)
(474.0,742.0)
(738.0,742.0)
(738.0,742.0)
(738.0,742.0)
(738.0,742.0)
(738.0,742.0)
(738.0,742.0)
(738.0,742.0)
(738.0,742.0)
(428.0,742.0)
(742.0,742.0)
(738.0,742.0)
(738.0,742.0)
(738.0,742.0)
(738.0,742.0)
(738.0,742.0)
(738.0,742.0)
(459.0,742.0)
(738.0,742.0)
(738.0,742.0)
(738.0,742.0)
(738.0,742.0)
(738.0,742.0)
(738.0,742.0)
(741.0,742.0)
(738.0,742.0)
(738.0,742.0)
(738.0,742.0)
(738.0,742.0)
(459.0,742.0)
(738.0,742.0)
(738.0,742.0)
(738.0,742.0)
(738.0,742.0)
(738.0,742.0)
(738.0,742.0)
(428.0,742.0)
(738.0,742.0)
(738.0,742.0)
(738.0,742.0)
(738.0,742.0)
(444.0,742.0)
(738.0,742.0)
(738.0,742.0)
(738.0,742.0)
(444.0,742.0)
(738.0,742.0)
(738.0,742.0)
(742.0,742.0)
(482.0,742.0)
(738.0,742.0)
(741.0,742.0)
(738.0,742.0)
(738.0,742.0)
(354.0,742.0)
(738.0,742.0)
(459.0,742.0)
(481.0,743.0)
(740.0,743.0)
(743.0,743.0)
(743.0,743.0)
(743.0,743.0)
(743.0,743.0)
(481.0,743.0)
(743.0,743.0)
(743.0,743.0)
(743.0,743.0)
(743.0,743.0)
(743.0,743.0)
(743.0,743.0)
(743.0,743.0)
(743.0,743.0)
(743.0,743.0)
(743.0,743.0)
(743.0,743.0)
(743.0,743.0)
(455.0,743.0)
(743.0,743.0)
(743.0,743.0)
(743.0,743.0)
(743.0,743.0)
(455.0,743.0)
(743.0,743.0)
(743.0,743.0)
(743.0,743.0)
(743.0,743.0)
(743.0,743.0)
(740.0,743.0)
(455.0,743.0)
(740.0,743.0)
(743.0,743.0)
(743.0,743.0)
(743.0,743.0)
(743.0,743.0)
(743.0,743.0)
(743.0,743.0)
(743.0,743.0)
(743.0,743.0)
(753.0,743.0)
(481.0,743.0)
(743.0,743.0)
(743.0,743.0)
(743.0,743.0)
(743.0,743.0)
(743.0,743.0)
(481.0,743.0)
(743.0,743.0)
(743.0,743.0)
(743.0,743.0)
(743.0,743.0)
(743.0,743.0)
(38.0,743.0)
(743.0,743.0)
(743.0,743.0)
(743.0,743.0)
(743.0,743.0)
(743.0,743.0)
(455.0,743.0)
(740.0,743.0)
(743.0,743.0)
(743.0,743.0)
(743.0,743.0)
(455.0,743.0)
(743.0,743.0)
(743.0,743.0)
(455.0,743.0)
(743.0,743.0)
(743.0,743.0)
(743.0,743.0)
(455.0,743.0)
(743.0,743.0)
(455.0,743.0)
(455.0,743.0)
(743.0,743.0)
(743.0,743.0)
(743.0,743.0)
(743.0,743.0)
(743.0,743.0)
(743.0,743.0)
(743.0,743.0)
(743.0,743.0)
(743.0,743.0)
(743.0,743.0)
(743.0,743.0)
(740.0,743.0)
(743.0,743.0)
(743.0,743.0)
(481.0,743.0)
(743.0,743.0)
(743.0,743.0)
(743.0,743.0)
(743.0,743.0)
(743.0,743.0)
(743.0,743.0)
(743.0,743.0)
(743.0,743.0)
(743.0,743.0)
(455.0,743.0)
(481.0,743.0)
(743.0,743.0)
(743.0,743.0)
(743.0,743.0)
(753.0,743.0)
(743.0,743.0)
(474.0,743.0)
(743.0,743.0)
(743.0,743.0)
(743.0,743.0)
(743.0,743.0)
(743.0,743.0)
(743.0,743.0)
(743.0,743.0)
(743.0,743.0)
(743.0,743.0)
(743.0,743.0)
(481.0,743.0)
(740.0,743.0)
(743.0,743.0)
(743.0,743.0)
(743.0,743.0)
(743.0,743.0)
(743.0,743.0)
(455.0,743.0)
(743.0,743.0)
(743.0,743.0)
(743.0,743.0)
(447.0,743.0)
(743.0,743.0)
(743.0,743.0)
(743.0,743.0)
(481.0,743.0)
(743.0,743.0)
(743.0,743.0)
(743.0,743.0)
(743.0,743.0)
(743.0,743.0)
(743.0,743.0)
(743.0,743.0)
(743.0,743.0)
(743.0,743.0)
(743.0,743.0)
(743.0,743.0)
(455.0,743.0)
(743.0,743.0)
(474.0,743.0)
(743.0,743.0)
(743.0,743.0)
(743.0,743.0)
(743.0,743.0)
(743.0,743.0)
(743.0,743.0)
(743.0,743.0)
(743.0,743.0)
(743.0,743.0)
(743.0,743.0)
(743.0,743.0)
(740.0,743.0)
(804.0,743.0)
(743.0,743.0)
(743.0,743.0)
(743.0,743.0)
(743.0,743.0)
(455.0,743.0)
(743.0,743.0)
(743.0,743.0)
(743.0,743.0)
(743.0,743.0)
(743.0,743.0)
(743.0,743.0)
(743.0,743.0)
(753.0,743.0)
(481.0,743.0)
(455.0,743.0)
(481.0,743.0)
(743.0,743.0)
(743.0,743.0)
(455.0,743.0)
(743.0,743.0)
(481.0,743.0)
(743.0,743.0)
(743.0,743.0)
(481.0,743.0)
(743.0,743.0)
(743.0,743.0)
(804.0,743.0)
(458.0,744.0)
(444.0,744.0)
(757.0,744.0)
(386.0,744.0)
(765.0,744.0)
(452.0,744.0)
(452.0,744.0)
(771.0,744.0)
(386.0,744.0)
(771.0,744.0)
(452.0,744.0)
(384.0,744.0)
(757.0,744.0)
(392.0,744.0)
(384.0,744.0)
(469.0,744.0)
(386.0,744.0)
(765.0,744.0)
(391.0,744.0)
(392.0,744.0)
(381.0,744.0)
(469.0,744.0)
(452.0,744.0)
(386.0,744.0)
(214.0,744.0)
(417.0,744.0)
(765.0,744.0)
(386.0,744.0)
(386.0,744.0)
(452.0,744.0)
(798.0,744.0)
(432.0,744.0)
(392.0,744.0)
(386.0,744.0)
(417.0,744.0)
(386.0,744.0)
(448.0,744.0)
(798.0,744.0)
(386.0,744.0)
(386.0,744.0)
(469.0,744.0)
(452.0,744.0)
(452.0,744.0)
(398.0,744.0)
(391.0,744.0)
(765.0,744.0)
(386.0,744.0)
(469.0,744.0)
(386.0,744.0)
(794.0,744.0)
(386.0,744.0)
(458.0,744.0)
(765.0,744.0)
(367.0,744.0)
(386.0,744.0)
(469.0,744.0)
(381.0,744.0)
(452.0,744.0)
(794.0,744.0)
(417.0,744.0)
(387.0,744.0)
(417.0,744.0)
(452.0,744.0)
(381.0,744.0)
(798.0,744.0)
(458.0,744.0)
(798.0,744.0)
(386.0,744.0)
(452.0,744.0)
(469.0,744.0)
(387.0,744.0)
(452.0,744.0)
(386.0,744.0)
(744.0,744.0)
(384.0,744.0)
(389.0,744.0)
(452.0,744.0)
(444.0,744.0)
(386.0,744.0)
(452.0,744.0)
(798.0,744.0)
(398.0,744.0)
(798.0,744.0)
(458.0,744.0)
(448.0,744.0)
(381.0,744.0)
(458.0,744.0)
(452.0,744.0)
(458.0,744.0)
(798.0,744.0)
(386.0,744.0)
(373.0,744.0)
(386.0,744.0)
(386.0,744.0)
(386.0,744.0)
(452.0,744.0)
(452.0,744.0)
(384.0,744.0)
(469.0,744.0)
(765.0,744.0)
(452.0,744.0)
(765.0,744.0)
(386.0,744.0)
(386.0,744.0)
(798.0,744.0)
(452.0,744.0)
(386.0,744.0)
(452.0,744.0)
(452.0,744.0)
(452.0,744.0)
(387.0,744.0)
(469.0,744.0)
(381.0,744.0)
(798.0,744.0)
(798.0,744.0)
(386.0,744.0)
(384.0,744.0)
(469.0,744.0)
(771.0,744.0)
(452.0,744.0)
(452.0,744.0)
(452.0,744.0)
(466.0,744.0)
(384.0,744.0)
(386.0,744.0)
(798.0,744.0)
(381.0,744.0)
(387.0,744.0)
(381.0,744.0)
(417.0,744.0)
(452.0,744.0)
(469.0,744.0)
(469.0,744.0)
(452.0,744.0)
(452.0,744.0)
(386.0,744.0)
(388.0,744.0)
(384.0,744.0)
(448.0,744.0)
(452.0,744.0)
(765.0,744.0)
(381.0,744.0)
(744.0,744.0)
(458.0,744.0)
(381.0,744.0)
(386.0,744.0)
(386.0,744.0)
(417.0,744.0)
(458.0,744.0)
(387.0,744.0)
(381.0,744.0)
(386.0,744.0)
(384.0,744.0)
(757.0,744.0)
(384.0,744.0)
(765.0,744.0)
(417.0,744.0)
(381.0,744.0)
(386.0,744.0)
(386.0,744.0)
(381.0,744.0)
(381.0,744.0)
(765.0,744.0)
(384.0,744.0)
(386.0,744.0)
(452.0,744.0)
(452.0,744.0)
(757.0,744.0)
(404.0,744.0)
(386.0,744.0)
(417.0,744.0)
(458.0,744.0)
(417.0,744.0)
(458.0,744.0)
(386.0,744.0)
(765.0,744.0)
(448.0,744.0)
(391.0,744.0)
(757.0,744.0)
(798.0,744.0)
(744.0,744.0)
(452.0,744.0)
(387.0,744.0)
(458.0,744.0)
(798.0,744.0)
(452.0,744.0)
(757.0,744.0)
(386.0,744.0)
(744.0,744.0)
(384.0,744.0)
(386.0,744.0)
(452.0,744.0)
(402.0,744.0)
(765.0,744.0)
(393.0,745.0)
(440.0,745.0)
(440.0,745.0)
(748.0,745.0)
(393.0,745.0)
(754.0,745.0)
(393.0,745.0)
(440.0,745.0)
(757.0,745.0)
(391.0,745.0)
(479.0,745.0)
(440.0,745.0)
(440.0,745.0)
(440.0,745.0)
(440.0,745.0)
(393.0,745.0)
(393.0,745.0)
(440.0,745.0)
(393.0,745.0)
(440.0,745.0)
(393.0,745.0)
(393.0,745.0)
(409.0,745.0)
(757.0,745.0)
(440.0,745.0)
(393.0,745.0)
(440.0,745.0)
(393.0,745.0)
(393.0,745.0)
(393.0,745.0)
(440.0,745.0)
(393.0,745.0)
(440.0,745.0)
(391.0,745.0)
(754.0,745.0)
(382.0,745.0)
(757.0,745.0)
(440.0,745.0)
(393.0,745.0)
(447.0,745.0)
(757.0,745.0)
(393.0,745.0)
(393.0,745.0)
(393.0,745.0)
(440.0,745.0)
(393.0,745.0)
(440.0,745.0)
(393.0,745.0)
(757.0,745.0)
(391.0,745.0)
(391.0,745.0)
(440.0,745.0)
(393.0,745.0)
(440.0,745.0)
(391.0,745.0)
(393.0,745.0)
(393.0,745.0)
(399.0,745.0)
(440.0,745.0)
(757.0,745.0)
(479.0,745.0)
(393.0,745.0)
(391.0,745.0)
(440.0,745.0)
(440.0,745.0)
(391.0,745.0)
(440.0,745.0)
(391.0,745.0)
(391.0,745.0)
(440.0,745.0)
(393.0,745.0)
(440.0,745.0)
(757.0,745.0)
(757.0,745.0)
(440.0,745.0)
(440.0,745.0)
(409.0,745.0)
(391.0,745.0)
(393.0,745.0)
(757.0,745.0)
(393.0,745.0)
(393.0,745.0)
(440.0,745.0)
(393.0,745.0)
(440.0,745.0)
(393.0,745.0)
(428.0,745.0)
(440.0,745.0)
(757.0,745.0)
(350.0,745.0)
(393.0,745.0)
(391.0,745.0)
(757.0,745.0)
(757.0,745.0)
(436.0,745.0)
(393.0,745.0)
(393.0,745.0)
(393.0,745.0)
(350.0,745.0)
(391.0,745.0)
(440.0,745.0)
(393.0,745.0)
(393.0,745.0)
(757.0,745.0)
(393.0,745.0)
(393.0,745.0)
(458.0,745.0)
(391.0,745.0)
(393.0,745.0)
(393.0,745.0)
(393.0,745.0)
(391.0,745.0)
(393.0,745.0)
(440.0,745.0)
(440.0,745.0)
(440.0,745.0)
(440.0,745.0)
(461.0,745.0)
(391.0,745.0)
(440.0,745.0)
(757.0,745.0)
(440.0,745.0)
(798.0,745.0)
(393.0,745.0)
(757.0,745.0)
(391.0,745.0)
(440.0,745.0)
(388.0,745.0)
(440.0,745.0)
(387.0,745.0)
(391.0,745.0)
(31.0,745.0)
(440.0,745.0)
(440.0,745.0)
(387.0,745.0)
(393.0,745.0)
(393.0,745.0)
(440.0,745.0)
(391.0,745.0)
(393.0,745.0)
(409.0,745.0)
(350.0,745.0)
(391.0,745.0)
(391.0,745.0)
(391.0,745.0)
(387.0,745.0)
(440.0,745.0)
(447.0,745.0)
(749.0,745.0)
(393.0,745.0)
(391.0,745.0)
(393.0,745.0)
(785.0,745.0)
(393.0,745.0)
(440.0,745.0)
(403.0,745.0)
(393.0,745.0)
(440.0,745.0)
(393.0,745.0)
(440.0,745.0)
(393.0,745.0)
(757.0,745.0)
(393.0,745.0)
(393.0,745.0)
(368.0,745.0)
(393.0,745.0)
(757.0,745.0)
(440.0,745.0)
(391.0,745.0)
(440.0,745.0)
(382.0,745.0)
(393.0,745.0)
(350.0,745.0)
(440.0,745.0)
(393.0,745.0)
(393.0,745.0)
(757.0,745.0)
(440.0,745.0)
(757.0,745.0)
(391.0,745.0)
(393.0,745.0)
(393.0,745.0)
(393.0,745.0)
(393.0,745.0)
(393.0,745.0)
(391.0,745.0)
(440.0,745.0)
(391.0,745.0)
(757.0,745.0)
(393.0,745.0)
(403.0,745.0)
(440.0,745.0)
(393.0,745.0)
(393.0,745.0)
(393.0,745.0)
(522.0,745.0)
(448.0,745.0)
(448.0,745.0)
(448.0,745.0)
