(447.0,447.0)
(447.0,447.0)
(447.0,447.0)
(447.0,447.0)
(447.0,447.0)
(447.0,447.0)
(447.0,447.0)
(447.0,447.0)
(455.0,447.0)
(447.0,447.0)
(447.0,447.0)
(447.0,447.0)
(447.0,447.0)
(447.0,447.0)
(447.0,447.0)
(447.0,447.0)
(455.0,447.0)
(455.0,447.0)
(447.0,447.0)
(447.0,447.0)
(447.0,447.0)
(447.0,447.0)
(447.0,447.0)
(447.0,447.0)
(447.0,447.0)
(447.0,447.0)
(447.0,447.0)
(447.0,447.0)
(455.0,447.0)
(447.0,447.0)
(447.0,447.0)
(447.0,447.0)
(447.0,447.0)
(447.0,447.0)
(447.0,447.0)
(447.0,447.0)
(447.0,447.0)
(447.0,447.0)
(447.0,447.0)
(447.0,447.0)
(455.0,447.0)
(447.0,447.0)
(447.0,447.0)
(447.0,447.0)
(447.0,447.0)
(447.0,447.0)
(447.0,447.0)
(447.0,447.0)
(447.0,447.0)
(447.0,447.0)
(447.0,447.0)
(455.0,447.0)
(455.0,447.0)
(447.0,447.0)
(447.0,447.0)
(447.0,447.0)
(447.0,447.0)
(455.0,447.0)
(447.0,447.0)
(447.0,447.0)
(447.0,447.0)
(455.0,447.0)
(447.0,447.0)
(447.0,447.0)
(455.0,447.0)
(447.0,447.0)
(447.0,447.0)
(447.0,447.0)
(447.0,447.0)
(447.0,447.0)
(447.0,447.0)
(447.0,447.0)
(447.0,447.0)
(447.0,447.0)
(447.0,447.0)
(455.0,447.0)
(447.0,447.0)
(447.0,447.0)
(447.0,447.0)
(447.0,447.0)
(447.0,447.0)
(447.0,447.0)
(447.0,447.0)
(447.0,447.0)
(447.0,447.0)
(447.0,447.0)
(447.0,447.0)
(447.0,447.0)
(447.0,447.0)
(447.0,447.0)
(455.0,447.0)
(447.0,447.0)
(447.0,447.0)
(459.0,447.0)
(447.0,447.0)
(447.0,447.0)
(447.0,447.0)
(447.0,447.0)
(447.0,447.0)
(447.0,447.0)
(447.0,447.0)
(447.0,447.0)
(455.0,447.0)
(447.0,447.0)
(447.0,447.0)
(447.0,447.0)
(447.0,447.0)
(447.0,447.0)
(455.0,447.0)
(447.0,447.0)
(447.0,447.0)
(447.0,447.0)
(447.0,447.0)
(447.0,447.0)
(435.0,447.0)
(447.0,447.0)
(447.0,447.0)
(447.0,447.0)
(447.0,447.0)
(447.0,447.0)
(447.0,447.0)
(447.0,447.0)
(447.0,447.0)
(447.0,447.0)
(447.0,447.0)
(447.0,447.0)
(447.0,447.0)
(447.0,447.0)
(447.0,447.0)
(447.0,447.0)
(447.0,447.0)
(447.0,447.0)
(447.0,447.0)
(447.0,447.0)
(455.0,447.0)
(447.0,447.0)
(447.0,447.0)
(447.0,447.0)
(455.0,447.0)
(447.0,447.0)
(447.0,447.0)
(447.0,447.0)
(447.0,447.0)
(447.0,447.0)
(447.0,447.0)
(455.0,447.0)
(455.0,447.0)
(447.0,447.0)
(447.0,447.0)
(447.0,447.0)
(447.0,447.0)
(447.0,447.0)
(447.0,447.0)
(455.0,447.0)
(447.0,447.0)
(447.0,447.0)
(447.0,447.0)
(447.0,447.0)
(447.0,447.0)
(447.0,447.0)
(447.0,447.0)
(447.0,447.0)
(447.0,447.0)
(447.0,447.0)
(447.0,447.0)
(447.0,447.0)
(447.0,447.0)
(447.0,447.0)
(447.0,447.0)
(447.0,447.0)
(447.0,447.0)
(447.0,447.0)
(447.0,447.0)
(447.0,447.0)
(447.0,447.0)
(447.0,447.0)
(447.0,447.0)
(447.0,447.0)
(455.0,447.0)
(447.0,447.0)
(447.0,447.0)
(447.0,447.0)
(447.0,447.0)
(447.0,447.0)
(447.0,447.0)
(447.0,447.0)
(447.0,447.0)
(447.0,447.0)
(447.0,447.0)
(447.0,447.0)
(447.0,447.0)
(447.0,447.0)
(455.0,447.0)
(455.0,447.0)
(455.0,447.0)
(455.0,447.0)
(455.0,447.0)
(447.0,447.0)
(447.0,447.0)
(447.0,447.0)
(447.0,447.0)
(447.0,447.0)
(447.0,447.0)
(447.0,447.0)
(447.0,447.0)
(447.0,447.0)
(447.0,447.0)
(447.0,447.0)
(447.0,447.0)
(447.0,447.0)
(447.0,447.0)
(447.0,447.0)
(421.0,447.0)
(447.0,447.0)
(447.0,447.0)
(447.0,447.0)
(447.0,447.0)
(447.0,447.0)
(447.0,447.0)
(447.0,447.0)
(447.0,447.0)
(447.0,447.0)
(447.0,447.0)
(447.0,447.0)
(447.0,447.0)
(447.0,447.0)
(455.0,447.0)
(447.0,447.0)
(447.0,447.0)
(447.0,447.0)
(447.0,447.0)
(447.0,447.0)
(447.0,447.0)
(447.0,447.0)
(447.0,447.0)
(447.0,447.0)
(447.0,447.0)
(447.0,447.0)
(455.0,447.0)
(447.0,447.0)
(771.0,447.0)
(447.0,447.0)
(447.0,447.0)
(447.0,447.0)
(447.0,447.0)
(33.0,447.0)
(455.0,447.0)
(447.0,447.0)
(447.0,447.0)
(447.0,447.0)
(447.0,447.0)
(447.0,447.0)
(447.0,447.0)
(447.0,447.0)
(447.0,447.0)
(447.0,447.0)
(447.0,447.0)
(455.0,447.0)
(447.0,447.0)
(447.0,447.0)
(447.0,447.0)
(447.0,447.0)
(455.0,447.0)
(455.0,447.0)
(447.0,447.0)
(447.0,447.0)
(447.0,447.0)
(447.0,447.0)
(447.0,447.0)
(447.0,447.0)
(447.0,447.0)
(447.0,447.0)
(447.0,447.0)
(447.0,447.0)
(447.0,447.0)
(447.0,447.0)
(455.0,447.0)
(447.0,447.0)
(459.0,447.0)
(447.0,447.0)
(447.0,447.0)
(447.0,447.0)
(447.0,447.0)
(447.0,447.0)
(447.0,447.0)
(447.0,447.0)
(447.0,447.0)
(447.0,447.0)
(447.0,447.0)
(447.0,447.0)
(447.0,447.0)
(447.0,447.0)
(447.0,447.0)
(447.0,447.0)
(447.0,447.0)
(447.0,447.0)
(459.0,447.0)
(447.0,447.0)
(447.0,447.0)
(447.0,447.0)
(447.0,447.0)
(447.0,447.0)
(447.0,447.0)
(455.0,447.0)
(447.0,447.0)
(455.0,447.0)
(447.0,447.0)
(455.0,447.0)
(447.0,447.0)
(447.0,447.0)
(447.0,447.0)
(447.0,447.0)
(447.0,447.0)
(447.0,447.0)
(447.0,447.0)
(447.0,447.0)
(447.0,447.0)
(447.0,447.0)
(447.0,447.0)
(447.0,447.0)
(447.0,447.0)
(447.0,447.0)
(455.0,447.0)
(447.0,447.0)
(447.0,447.0)
(447.0,447.0)
(447.0,447.0)
(447.0,447.0)
(447.0,447.0)
(447.0,447.0)
(447.0,447.0)
(455.0,447.0)
(447.0,447.0)
(447.0,447.0)
(447.0,447.0)
(447.0,447.0)
(447.0,447.0)
(447.0,447.0)
(447.0,447.0)
(447.0,447.0)
(447.0,447.0)
(447.0,447.0)
(447.0,447.0)
(447.0,447.0)
(455.0,447.0)
(447.0,447.0)
(447.0,447.0)
(447.0,447.0)
(447.0,447.0)
(447.0,447.0)
(447.0,447.0)
(447.0,447.0)
(447.0,447.0)
(447.0,447.0)
(447.0,447.0)
(455.0,447.0)
(447.0,447.0)
(447.0,447.0)
(447.0,447.0)
(447.0,447.0)
(447.0,447.0)
(447.0,447.0)
(447.0,447.0)
(447.0,447.0)
(802.0,447.0)
(447.0,447.0)
(447.0,447.0)
(447.0,447.0)
(447.0,447.0)
(447.0,447.0)
(447.0,447.0)
(447.0,447.0)
(447.0,447.0)
(447.0,447.0)
(447.0,447.0)
(447.0,447.0)
(447.0,447.0)
(396.0,447.0)
(447.0,447.0)
(447.0,447.0)
(447.0,447.0)
(447.0,447.0)
(447.0,447.0)
(447.0,447.0)
(447.0,447.0)
(447.0,447.0)
(447.0,447.0)
(447.0,447.0)
(447.0,447.0)
(447.0,447.0)
(447.0,447.0)
(447.0,447.0)
(447.0,447.0)
(455.0,447.0)
(447.0,447.0)
(447.0,447.0)
(447.0,447.0)
(447.0,447.0)
(447.0,447.0)
(447.0,447.0)
(447.0,447.0)
(459.0,447.0)
(447.0,447.0)
(447.0,447.0)
(447.0,447.0)
(447.0,447.0)
(447.0,447.0)
(455.0,447.0)
(447.0,447.0)
(447.0,447.0)
(447.0,447.0)
(447.0,447.0)
(447.0,447.0)
(455.0,447.0)
(447.0,447.0)
(447.0,447.0)
(447.0,447.0)
(447.0,447.0)
(447.0,447.0)
(447.0,447.0)
(447.0,447.0)
(447.0,447.0)
(447.0,447.0)
(447.0,447.0)
(447.0,447.0)
(447.0,447.0)
(447.0,447.0)
(447.0,447.0)
(447.0,447.0)
(455.0,447.0)
(482.0,447.0)
(447.0,447.0)
(447.0,447.0)
(447.0,447.0)
(447.0,447.0)
(447.0,447.0)
(447.0,447.0)
(455.0,447.0)
(447.0,447.0)
(455.0,447.0)
(447.0,447.0)
(447.0,447.0)
(455.0,447.0)
(455.0,447.0)
(447.0,447.0)
(447.0,447.0)
(455.0,447.0)
(447.0,447.0)
(447.0,447.0)
(447.0,447.0)
(447.0,447.0)
(447.0,447.0)
(447.0,447.0)
(447.0,447.0)
(447.0,447.0)
(447.0,447.0)
(447.0,447.0)
(447.0,447.0)
(447.0,447.0)
(447.0,447.0)
(447.0,447.0)
(447.0,447.0)
(447.0,447.0)
(447.0,447.0)
(447.0,447.0)
(447.0,447.0)
(447.0,447.0)
(447.0,447.0)
(447.0,447.0)
(447.0,447.0)
(447.0,447.0)
(447.0,447.0)
(447.0,447.0)
(447.0,447.0)
(447.0,447.0)
(455.0,447.0)
(447.0,447.0)
(447.0,447.0)
(455.0,447.0)
(447.0,447.0)
(447.0,447.0)
(447.0,447.0)
(447.0,447.0)
(447.0,447.0)
(455.0,447.0)
(447.0,447.0)
(447.0,447.0)
(447.0,447.0)
(447.0,447.0)
(441.0,447.0)
(447.0,447.0)
(447.0,447.0)
(447.0,447.0)
(447.0,447.0)
(447.0,447.0)
(455.0,447.0)
(447.0,447.0)
(408.0,447.0)
(447.0,447.0)
(447.0,447.0)
(447.0,447.0)
(447.0,447.0)
(447.0,447.0)
(447.0,447.0)
(447.0,447.0)
(447.0,447.0)
(447.0,447.0)
(447.0,447.0)
(447.0,447.0)
(447.0,447.0)
(447.0,447.0)
(447.0,447.0)
(447.0,447.0)
(447.0,447.0)
(447.0,447.0)
(447.0,447.0)
(447.0,447.0)
(447.0,447.0)
(455.0,447.0)
(447.0,447.0)
(447.0,447.0)
(447.0,447.0)
(447.0,447.0)
(455.0,447.0)
(447.0,447.0)
(447.0,447.0)
(455.0,447.0)
(447.0,447.0)
(447.0,447.0)
(447.0,447.0)
(455.0,447.0)
(447.0,447.0)
(447.0,447.0)
(447.0,447.0)
(455.0,447.0)
(447.0,447.0)
(447.0,447.0)
(447.0,447.0)
(447.0,447.0)
(447.0,447.0)
(447.0,447.0)
(447.0,447.0)
(447.0,447.0)
(447.0,447.0)
(447.0,447.0)
(447.0,447.0)
(447.0,447.0)
(447.0,447.0)
(447.0,447.0)
(447.0,447.0)
(455.0,447.0)
(447.0,447.0)
(447.0,447.0)
(447.0,447.0)
(447.0,447.0)
(447.0,447.0)
(455.0,447.0)
(447.0,447.0)
(447.0,447.0)
(447.0,447.0)
(447.0,447.0)
(455.0,447.0)
(447.0,447.0)
(447.0,447.0)
(447.0,447.0)
(447.0,447.0)
(447.0,447.0)
(455.0,447.0)
(421.0,447.0)
(447.0,447.0)
(447.0,447.0)
(447.0,447.0)
(447.0,447.0)
(447.0,447.0)
(447.0,447.0)
(455.0,447.0)
(447.0,447.0)
(447.0,447.0)
(447.0,447.0)
(447.0,447.0)
(447.0,447.0)
(802.0,447.0)
(447.0,447.0)
(455.0,447.0)
(447.0,447.0)
(447.0,447.0)
(447.0,447.0)
(447.0,447.0)
(455.0,447.0)
(447.0,447.0)
(459.0,447.0)
(456.0,447.0)
(447.0,447.0)
(447.0,447.0)
(447.0,447.0)
(447.0,447.0)
(447.0,447.0)
(471.0,447.0)
(447.0,447.0)
(447.0,447.0)
(447.0,447.0)
(455.0,447.0)
(447.0,447.0)
(447.0,447.0)
(447.0,447.0)
(447.0,447.0)
(447.0,447.0)
(447.0,447.0)
(478.0,447.0)
(417.0,447.0)
(447.0,447.0)
(447.0,447.0)
(447.0,447.0)
(447.0,447.0)
(447.0,447.0)
(447.0,447.0)
(447.0,447.0)
(447.0,447.0)
(447.0,447.0)
(447.0,447.0)
(447.0,447.0)
(447.0,447.0)
(447.0,447.0)
(447.0,447.0)
(447.0,447.0)
(447.0,447.0)
(447.0,447.0)
(447.0,447.0)
(447.0,447.0)
(447.0,447.0)
(447.0,447.0)
(447.0,447.0)
(447.0,447.0)
(447.0,447.0)
(447.0,447.0)
(447.0,447.0)
(447.0,447.0)
(447.0,447.0)
(447.0,447.0)
(447.0,447.0)
(447.0,447.0)
(447.0,447.0)
(447.0,447.0)
(447.0,447.0)
(447.0,447.0)
(447.0,447.0)
(447.0,447.0)
(447.0,447.0)
(447.0,447.0)
(447.0,447.0)
(447.0,447.0)
(447.0,447.0)
(447.0,447.0)
(447.0,447.0)
(447.0,447.0)
(447.0,447.0)
(455.0,447.0)
(447.0,447.0)
(447.0,447.0)
(447.0,447.0)
(447.0,447.0)
(447.0,447.0)
(447.0,447.0)
(447.0,447.0)
(447.0,447.0)
(447.0,447.0)
(447.0,447.0)
(447.0,447.0)
(447.0,447.0)
(455.0,447.0)
(447.0,447.0)
(447.0,447.0)
(447.0,447.0)
(455.0,447.0)
(455.0,447.0)
(447.0,447.0)
(447.0,447.0)
(447.0,447.0)
(447.0,447.0)
(447.0,447.0)
(455.0,447.0)
(447.0,447.0)
(447.0,447.0)
(447.0,447.0)
(447.0,447.0)
(447.0,447.0)
(447.0,447.0)
(447.0,447.0)
(447.0,447.0)
(447.0,447.0)
(447.0,447.0)
(447.0,447.0)
(447.0,447.0)
(447.0,447.0)
(447.0,447.0)
(447.0,447.0)
(447.0,447.0)
(447.0,447.0)
(447.0,447.0)
(447.0,447.0)
(447.0,447.0)
(447.0,447.0)
(455.0,447.0)
(447.0,447.0)
(447.0,447.0)
(447.0,447.0)
(447.0,447.0)
(447.0,447.0)
(455.0,447.0)
(447.0,447.0)
(447.0,447.0)
(447.0,447.0)
(455.0,447.0)
(447.0,447.0)
(447.0,447.0)
(447.0,447.0)
(447.0,447.0)
(447.0,447.0)
(447.0,447.0)
(447.0,447.0)
(447.0,447.0)
(447.0,447.0)
(447.0,447.0)
(447.0,447.0)
(447.0,447.0)
(447.0,447.0)
(447.0,447.0)
(447.0,447.0)
(447.0,447.0)
(447.0,447.0)
(447.0,447.0)
(447.0,447.0)
(447.0,447.0)
(447.0,447.0)
(447.0,447.0)
(447.0,447.0)
(447.0,447.0)
(431.0,447.0)
(447.0,447.0)
(447.0,447.0)
(447.0,447.0)
(447.0,447.0)
(447.0,447.0)
(447.0,447.0)
(447.0,447.0)
(455.0,447.0)
(482.0,447.0)
(447.0,447.0)
(447.0,447.0)
(447.0,447.0)
(455.0,447.0)
(447.0,447.0)
(447.0,447.0)
(447.0,447.0)
(447.0,447.0)
(447.0,447.0)
(447.0,447.0)
(447.0,447.0)
(447.0,447.0)
(447.0,447.0)
(455.0,447.0)
(447.0,447.0)
(447.0,447.0)
(447.0,447.0)
(447.0,447.0)
(447.0,447.0)
(455.0,447.0)
(447.0,447.0)
(447.0,447.0)
(447.0,447.0)
(447.0,447.0)
(447.0,447.0)
(447.0,447.0)
(447.0,447.0)
(455.0,447.0)
(455.0,447.0)
(455.0,447.0)
(447.0,447.0)
(447.0,447.0)
(447.0,447.0)
(447.0,447.0)
(447.0,447.0)
(447.0,447.0)
(447.0,447.0)
(447.0,447.0)
(447.0,447.0)
(447.0,447.0)
(447.0,447.0)
(455.0,447.0)
(447.0,447.0)
(447.0,447.0)
(447.0,447.0)
(447.0,447.0)
(447.0,447.0)
(447.0,447.0)
(421.0,447.0)
(447.0,447.0)
(447.0,447.0)
(447.0,447.0)
(447.0,447.0)
(455.0,447.0)
(445.0,448.0)
(448.0,448.0)
(448.0,448.0)
(448.0,448.0)
(448.0,448.0)
(445.0,448.0)
(448.0,448.0)
(445.0,448.0)
(448.0,448.0)
(448.0,448.0)
(448.0,448.0)
(448.0,448.0)
(448.0,448.0)
(448.0,448.0)
(448.0,448.0)
(448.0,448.0)
(461.0,448.0)
(446.0,448.0)
(448.0,448.0)
(445.0,448.0)
(448.0,448.0)
(448.0,448.0)
(448.0,448.0)
(444.0,448.0)
(445.0,448.0)
(448.0,448.0)
(445.0,448.0)
(448.0,448.0)
(448.0,448.0)
(448.0,448.0)
(448.0,448.0)
(448.0,448.0)
(445.0,448.0)
(445.0,448.0)
(444.0,448.0)
(448.0,448.0)
(444.0,448.0)
(448.0,448.0)
(448.0,448.0)
(448.0,448.0)
(448.0,448.0)
(448.0,448.0)
(444.0,448.0)
(448.0,448.0)
(444.0,448.0)
(448.0,448.0)
(448.0,448.0)
(454.0,448.0)
(448.0,448.0)
(448.0,448.0)
(448.0,448.0)
(448.0,448.0)
(466.0,448.0)
(448.0,448.0)
(448.0,448.0)
(448.0,448.0)
(448.0,448.0)
(448.0,448.0)
(448.0,448.0)
(444.0,448.0)
(464.0,448.0)
(448.0,448.0)
(444.0,448.0)
(445.0,448.0)
(448.0,448.0)
(444.0,448.0)
(448.0,448.0)
(448.0,448.0)
(448.0,448.0)
(448.0,448.0)
(448.0,448.0)
(448.0,448.0)
(798.0,448.0)
(444.0,448.0)
(448.0,448.0)
(448.0,448.0)
(448.0,448.0)
(448.0,448.0)
(445.0,448.0)
(448.0,448.0)
(448.0,448.0)
(448.0,448.0)
(446.0,448.0)
(448.0,448.0)
(448.0,448.0)
(448.0,448.0)
(448.0,448.0)
(445.0,448.0)
(448.0,448.0)
(448.0,448.0)
(448.0,448.0)
(448.0,448.0)
(448.0,448.0)
(448.0,448.0)
(448.0,448.0)
(448.0,448.0)
(444.0,448.0)
(448.0,448.0)
(448.0,448.0)
(444.0,448.0)
(448.0,448.0)
(448.0,448.0)
(444.0,448.0)
(448.0,448.0)
(448.0,448.0)
(444.0,448.0)
(448.0,448.0)
(448.0,448.0)
(461.0,448.0)
(448.0,448.0)
(448.0,448.0)
(448.0,448.0)
(448.0,448.0)
(448.0,448.0)
(448.0,448.0)
(448.0,448.0)
(448.0,448.0)
(444.0,448.0)
(448.0,448.0)
(448.0,448.0)
(461.0,448.0)
(448.0,448.0)
(448.0,448.0)
(446.0,448.0)
(381.0,448.0)
(445.0,448.0)
(448.0,448.0)
(466.0,448.0)
(461.0,448.0)
(448.0,448.0)
(448.0,448.0)
(448.0,448.0)
(448.0,448.0)
(448.0,448.0)
(448.0,448.0)
(448.0,448.0)
(444.0,448.0)
(445.0,448.0)
(448.0,448.0)
(448.0,448.0)
(466.0,448.0)
(448.0,448.0)
(448.0,448.0)
(445.0,448.0)
(444.0,448.0)
(448.0,448.0)
(444.0,448.0)
(445.0,448.0)
(448.0,448.0)
(445.0,448.0)
(448.0,448.0)
(448.0,448.0)
(448.0,448.0)
(448.0,448.0)
(448.0,448.0)
(445.0,448.0)
(448.0,448.0)
(448.0,448.0)
(448.0,448.0)
(448.0,448.0)
(398.0,448.0)
(448.0,448.0)
(448.0,448.0)
(448.0,448.0)
(448.0,448.0)
(448.0,448.0)
(448.0,448.0)
(448.0,448.0)
(448.0,448.0)
(448.0,448.0)
(448.0,448.0)
(448.0,448.0)
(448.0,448.0)
(448.0,448.0)
(448.0,448.0)
(448.0,448.0)
(410.0,448.0)
(448.0,448.0)
(448.0,448.0)
(448.0,448.0)
(448.0,448.0)
(448.0,448.0)
(448.0,448.0)
(448.0,448.0)
(448.0,448.0)
(448.0,448.0)
(448.0,448.0)
(445.0,448.0)
(445.0,448.0)
(451.0,448.0)
(796.0,448.0)
(800.0,448.0)
(464.0,448.0)
(464.0,448.0)
(464.0,448.0)
(796.0,448.0)
(464.0,448.0)
(464.0,448.0)
(796.0,448.0)
(444.0,448.0)
(444.0,448.0)
(448.0,448.0)
(451.0,448.0)
(451.0,448.0)
(451.0,448.0)
(464.0,448.0)
(444.0,448.0)
(451.0,448.0)
(453.0,448.0)
(444.0,448.0)
(444.0,448.0)
(453.0,448.0)
(453.0,448.0)
(464.0,448.0)
(796.0,448.0)
(451.0,448.0)
(444.0,448.0)
(444.0,448.0)
(451.0,448.0)
(445.0,448.0)
(444.0,448.0)
(444.0,448.0)
(464.0,448.0)
(453.0,448.0)
(453.0,448.0)
(453.0,448.0)
(453.0,448.0)
(453.0,448.0)
(448.0,448.0)
(444.0,448.0)
(464.0,448.0)
(448.0,448.0)
(464.0,448.0)
(451.0,448.0)
(448.0,448.0)
(453.0,448.0)
(464.0,448.0)
(464.0,448.0)
(445.0,448.0)
(796.0,448.0)
(444.0,448.0)
(453.0,448.0)
(448.0,448.0)
(464.0,448.0)
(453.0,448.0)
(451.0,448.0)
(464.0,448.0)
(446.0,448.0)
(464.0,448.0)
(453.0,448.0)
(464.0,448.0)
(464.0,448.0)
(448.0,448.0)
(453.0,448.0)
(453.0,448.0)
(448.0,448.0)
(451.0,448.0)
(444.0,448.0)
(453.0,448.0)
(453.0,448.0)
(453.0,448.0)
(464.0,448.0)
(453.0,448.0)
(444.0,448.0)
(453.0,448.0)
(443.0,448.0)
(444.0,448.0)
(444.0,448.0)
(453.0,448.0)
(445.0,448.0)
(464.0,448.0)
(444.0,448.0)
(464.0,448.0)
(796.0,448.0)
(444.0,448.0)
(453.0,448.0)
(464.0,448.0)
(771.0,448.0)
(448.0,448.0)
(453.0,448.0)
(451.0,448.0)
(464.0,448.0)
(464.0,448.0)
(464.0,448.0)
(464.0,448.0)
(445.0,448.0)
(451.0,448.0)
(451.0,448.0)
(464.0,448.0)
(444.0,448.0)
(453.0,448.0)
(464.0,448.0)
(446.0,448.0)
(453.0,448.0)
(453.0,448.0)
(464.0,448.0)
(453.0,448.0)
(453.0,448.0)
(451.0,448.0)
(444.0,448.0)
(453.0,448.0)
(460.0,448.0)
(444.0,448.0)
(796.0,448.0)
(451.0,448.0)
(453.0,448.0)
(444.0,448.0)
(796.0,448.0)
(451.0,448.0)
(444.0,448.0)
(446.0,448.0)
(448.0,448.0)
(453.0,448.0)
(464.0,448.0)
(464.0,448.0)
(445.0,448.0)
(444.0,448.0)
(445.0,448.0)
(451.0,448.0)
(453.0,448.0)
(464.0,448.0)
(448.0,448.0)
(453.0,448.0)
(451.0,448.0)
(451.0,448.0)
(444.0,448.0)
(464.0,448.0)
(444.0,448.0)
(448.0,448.0)
(451.0,448.0)
(453.0,448.0)
(453.0,448.0)
(453.0,448.0)
(453.0,448.0)
(453.0,448.0)
(464.0,448.0)
(464.0,448.0)
(451.0,448.0)
(446.0,448.0)
(444.0,448.0)
(464.0,448.0)
(453.0,448.0)
(444.0,448.0)
(375.0,448.0)
(451.0,448.0)
(444.0,448.0)
(446.0,448.0)
(453.0,448.0)
(448.0,448.0)
(796.0,448.0)
(444.0,448.0)
(453.0,448.0)
(453.0,448.0)
(451.0,448.0)
(453.0,448.0)
(464.0,448.0)
(451.0,448.0)
(445.0,448.0)
(444.0,448.0)
(451.0,448.0)
(453.0,448.0)
(451.0,448.0)
(453.0,448.0)
(448.0,448.0)
(464.0,448.0)
(453.0,448.0)
(464.0,448.0)
(453.0,448.0)
(464.0,448.0)
(444.0,448.0)
(464.0,448.0)
(796.0,448.0)
(451.0,448.0)
(796.0,448.0)
(464.0,448.0)
(448.0,448.0)
(796.0,448.0)
(453.0,448.0)
(448.0,448.0)
(451.0,448.0)
(444.0,448.0)
(453.0,448.0)
(464.0,448.0)
(464.0,448.0)
(464.0,448.0)
(796.0,448.0)
(453.0,448.0)
(464.0,448.0)
(464.0,448.0)
(451.0,448.0)
(796.0,448.0)
(453.0,448.0)
(464.0,448.0)
(464.0,448.0)
(453.0,448.0)
(464.0,448.0)
(451.0,448.0)
(464.0,448.0)
(466.0,448.0)
(444.0,448.0)
(453.0,448.0)
(448.0,448.0)
(444.0,448.0)
(800.0,448.0)
(796.0,448.0)
(453.0,448.0)
(453.0,448.0)
(453.0,448.0)
(444.0,448.0)
(453.0,448.0)
(453.0,448.0)
(453.0,448.0)
(451.0,448.0)
(464.0,448.0)
(453.0,448.0)
(448.0,448.0)
(464.0,448.0)
(796.0,448.0)
(796.0,448.0)
(464.0,448.0)
(464.0,448.0)
(796.0,448.0)
(444.0,448.0)
(464.0,448.0)
(444.0,448.0)
(464.0,448.0)
(451.0,448.0)
(464.0,448.0)
(796.0,448.0)
(453.0,448.0)
(453.0,448.0)
(448.0,448.0)
(453.0,448.0)
(448.0,448.0)
(453.0,448.0)
(464.0,448.0)
(453.0,448.0)
(453.0,448.0)
(796.0,448.0)
(464.0,448.0)
(781.0,448.0)
(451.0,448.0)
(453.0,448.0)
(453.0,448.0)
(453.0,448.0)
(453.0,448.0)
(464.0,448.0)
(464.0,448.0)
(464.0,448.0)
(453.0,448.0)
(799.0,448.0)
(453.0,448.0)
(453.0,448.0)
(453.0,448.0)
(464.0,448.0)
(453.0,448.0)
(464.0,448.0)
(444.0,448.0)
(464.0,448.0)
(448.0,448.0)
(453.0,448.0)
(448.0,448.0)
(444.0,448.0)
(464.0,448.0)
(453.0,448.0)
(784.0,448.0)
(464.0,448.0)
(453.0,448.0)
(451.0,448.0)
(796.0,448.0)
(444.0,448.0)
(451.0,448.0)
(464.0,448.0)
(451.0,448.0)
(461.0,448.0)
(453.0,448.0)
(464.0,448.0)
(453.0,448.0)
(451.0,448.0)
(796.0,448.0)
(464.0,448.0)
(453.0,448.0)
(451.0,448.0)
(448.0,448.0)
(464.0,448.0)
(796.0,448.0)
(453.0,448.0)
(448.0,448.0)
(464.0,448.0)
(796.0,448.0)
(464.0,448.0)
(464.0,448.0)
(444.0,448.0)
(451.0,448.0)
(453.0,448.0)
(448.0,448.0)
(451.0,448.0)
(453.0,448.0)
(464.0,448.0)
(796.0,448.0)
(444.0,448.0)
(453.0,448.0)
(444.0,448.0)
(453.0,448.0)
(464.0,448.0)
(464.0,448.0)
(796.0,448.0)
(464.0,448.0)
(464.0,448.0)
(453.0,448.0)
(451.0,448.0)
(453.0,448.0)
(796.0,448.0)
(451.0,448.0)
(448.0,448.0)
(448.0,448.0)
(453.0,448.0)
(453.0,448.0)
(453.0,448.0)
(464.0,448.0)
(445.0,448.0)
(796.0,448.0)
(445.0,448.0)
(453.0,448.0)
(451.0,448.0)
(440.0,448.0)
(451.0,448.0)
(448.0,448.0)
(796.0,448.0)
(453.0,448.0)
(453.0,448.0)
(796.0,448.0)
(464.0,448.0)
(451.0,448.0)
(453.0,448.0)
(453.0,448.0)
(448.0,448.0)
(445.0,448.0)
(464.0,448.0)
(448.0,448.0)
(453.0,448.0)
(796.0,448.0)
(796.0,448.0)
(796.0,448.0)
(464.0,448.0)
(796.0,448.0)
(451.0,448.0)
(796.0,448.0)
(464.0,448.0)
(796.0,448.0)
(464.0,448.0)
(444.0,448.0)
(444.0,448.0)
(453.0,448.0)
(451.0,448.0)
(796.0,448.0)
(448.0,448.0)
(451.0,448.0)
(451.0,448.0)
(453.0,448.0)
(762.0,448.0)
(800.0,448.0)
(451.0,448.0)
(451.0,448.0)
(453.0,448.0)
(464.0,448.0)
(464.0,448.0)
(453.0,448.0)
(464.0,448.0)
(453.0,448.0)
(453.0,448.0)
(466.0,448.0)
(796.0,448.0)
(451.0,448.0)
(464.0,448.0)
(796.0,448.0)
(451.0,448.0)
(453.0,448.0)
(444.0,448.0)
(453.0,448.0)
(464.0,448.0)
(796.0,448.0)
(464.0,448.0)
(796.0,448.0)
(452.0,448.0)
(464.0,448.0)
(448.0,448.0)
(464.0,448.0)
(796.0,448.0)
(796.0,448.0)
(464.0,448.0)
(796.0,448.0)
(448.0,448.0)
(448.0,448.0)
(796.0,448.0)
(795.0,448.0)
(464.0,448.0)
(796.0,448.0)
(796.0,448.0)
(798.0,448.0)
(723.0,448.0)
(798.0,448.0)
(445.0,448.0)
(449.0,448.0)
(448.0,448.0)
(448.0,448.0)
(448.0,448.0)
(796.0,448.0)
(448.0,448.0)
(796.0,448.0)
(448.0,448.0)
(464.0,448.0)
(448.0,448.0)
(796.0,448.0)
(464.0,448.0)
(448.0,448.0)
(393.0,448.0)
(445.0,448.0)
(448.0,448.0)
(448.0,448.0)
(796.0,448.0)
(461.0,448.0)
(796.0,448.0)
(796.0,448.0)
(796.0,448.0)
(445.0,448.0)
(461.0,448.0)
(444.0,448.0)
(796.0,448.0)
(796.0,448.0)
(464.0,448.0)
(448.0,448.0)
(448.0,448.0)
(796.0,448.0)
(796.0,448.0)
(448.0,448.0)
(464.0,448.0)
(448.0,448.0)
(796.0,448.0)
(796.0,448.0)
(798.0,448.0)
(448.0,448.0)
(449.0,448.0)
(798.0,448.0)
(796.0,448.0)
(796.0,448.0)
(448.0,448.0)
(448.0,448.0)
(796.0,448.0)
(796.0,448.0)
(796.0,448.0)
(448.0,448.0)
(448.0,448.0)
(798.0,448.0)
(448.0,448.0)
(445.0,448.0)
(448.0,448.0)
(448.0,448.0)
(445.0,448.0)
(796.0,448.0)
(448.0,448.0)
(444.0,448.0)
(464.0,448.0)
(796.0,448.0)
(796.0,448.0)
(448.0,448.0)
(452.0,448.0)
(445.0,448.0)
(796.0,448.0)
(448.0,448.0)
(464.0,448.0)
(448.0,448.0)
(796.0,448.0)
(796.0,448.0)
(445.0,448.0)
(464.0,448.0)
(464.0,448.0)
(796.0,448.0)
(393.0,448.0)
(448.0,448.0)
(448.0,448.0)
(448.0,448.0)
(796.0,448.0)
(451.0,448.0)
(796.0,448.0)
(796.0,448.0)
(796.0,448.0)
(448.0,448.0)
(448.0,448.0)
(448.0,448.0)
(796.0,448.0)
(796.0,448.0)
(452.0,448.0)
(464.0,448.0)
(464.0,448.0)
(464.0,448.0)
(445.0,448.0)
(796.0,448.0)
(464.0,448.0)
(448.0,448.0)
(796.0,448.0)
(448.0,448.0)
(796.0,448.0)
(466.0,448.0)
(796.0,448.0)
(796.0,448.0)
(446.0,448.0)
(799.0,448.0)
(798.0,448.0)
(464.0,448.0)
(448.0,448.0)
(464.0,448.0)
(448.0,448.0)
(464.0,448.0)
(445.0,448.0)
(448.0,448.0)
(445.0,448.0)
(798.0,448.0)
(448.0,448.0)
(796.0,448.0)
(448.0,448.0)
(796.0,448.0)
(448.0,448.0)
(448.0,448.0)
(453.0,448.0)
(393.0,448.0)
(448.0,448.0)
(460.0,448.0)
(464.0,448.0)
(448.0,448.0)
(796.0,448.0)
(796.0,448.0)
(448.0,448.0)
(448.0,448.0)
(448.0,448.0)
(796.0,448.0)
(445.0,448.0)
(796.0,448.0)
(796.0,448.0)
(796.0,448.0)
(799.0,448.0)
(448.0,448.0)
(796.0,448.0)
(410.0,448.0)
(448.0,448.0)
(796.0,448.0)
(796.0,448.0)
(798.0,448.0)
(448.0,448.0)
(796.0,448.0)
(799.0,448.0)
(796.0,448.0)
(448.0,448.0)
(796.0,448.0)
(448.0,448.0)
(796.0,448.0)
(796.0,448.0)
(464.0,448.0)
(795.0,448.0)
(464.0,448.0)
(796.0,448.0)
(444.0,448.0)
(796.0,448.0)
(464.0,448.0)
(798.0,448.0)
(796.0,448.0)
(393.0,448.0)
(448.0,448.0)
(796.0,448.0)
(464.0,448.0)
(796.0,448.0)
(796.0,448.0)
(796.0,448.0)
(796.0,448.0)
(798.0,448.0)
(796.0,448.0)
(448.0,448.0)
(796.0,448.0)
(448.0,448.0)
(445.0,448.0)
(448.0,448.0)
(444.0,448.0)
(444.0,448.0)
(464.0,448.0)
(448.0,448.0)
(453.0,448.0)
(451.0,448.0)
(444.0,448.0)
(444.0,448.0)
(464.0,448.0)
(451.0,448.0)
(451.0,448.0)
(451.0,448.0)
(449.0,448.0)
(448.0,448.0)
(451.0,448.0)
(464.0,448.0)
(444.0,448.0)
(451.0,448.0)
(448.0,448.0)
(451.0,448.0)
(448.0,448.0)
(464.0,448.0)
(451.0,448.0)
(448.0,448.0)
(444.0,448.0)
(448.0,448.0)
(448.0,448.0)
(448.0,448.0)
(448.0,448.0)
(444.0,448.0)
(451.0,448.0)
(464.0,448.0)
(444.0,448.0)
(444.0,448.0)
(444.0,448.0)
(444.0,448.0)
(444.0,448.0)
(451.0,448.0)
(464.0,448.0)
(799.0,448.0)
(444.0,448.0)
(464.0,448.0)
(448.0,448.0)
(464.0,448.0)
(444.0,448.0)
(444.0,448.0)
(444.0,448.0)
(796.0,448.0)
(451.0,448.0)
(451.0,448.0)
(451.0,448.0)
(451.0,448.0)
(444.0,448.0)
(451.0,448.0)
(464.0,448.0)
(464.0,448.0)
(444.0,448.0)
(448.0,448.0)
(464.0,448.0)
(451.0,448.0)
(448.0,448.0)
(464.0,448.0)
(448.0,448.0)
(444.0,448.0)
(451.0,448.0)
(451.0,448.0)
(444.0,448.0)
(448.0,448.0)
(448.0,448.0)
(444.0,448.0)
(444.0,448.0)
(464.0,448.0)
(386.0,448.0)
(448.0,448.0)
(466.0,448.0)
(451.0,448.0)
(444.0,448.0)
(444.0,448.0)
(796.0,448.0)
(451.0,448.0)
(444.0,448.0)
(451.0,448.0)
(464.0,448.0)
(444.0,448.0)
(444.0,448.0)
(448.0,448.0)
(444.0,448.0)
(444.0,448.0)
(444.0,448.0)
(464.0,448.0)
(451.0,448.0)
(444.0,448.0)
(444.0,448.0)
(448.0,448.0)
(464.0,448.0)
(448.0,448.0)
(464.0,448.0)
(448.0,448.0)
(798.0,448.0)
(444.0,448.0)
(444.0,448.0)
(451.0,448.0)
(444.0,448.0)
(451.0,448.0)
(444.0,448.0)
(444.0,448.0)
(451.0,448.0)
(451.0,448.0)
(451.0,448.0)
(464.0,448.0)
(451.0,448.0)
(451.0,448.0)
(444.0,448.0)
(451.0,448.0)
(451.0,448.0)
(444.0,448.0)
(464.0,448.0)
(444.0,448.0)
(444.0,448.0)
(448.0,448.0)
(444.0,448.0)
(451.0,448.0)
(444.0,448.0)
(448.0,448.0)
(451.0,448.0)
(451.0,448.0)
(451.0,448.0)
(444.0,448.0)
(451.0,448.0)
(448.0,448.0)
(451.0,448.0)
(448.0,448.0)
(451.0,448.0)
(448.0,448.0)
(444.0,448.0)
(444.0,448.0)
(464.0,448.0)
(444.0,448.0)
(444.0,448.0)
(451.0,448.0)
(448.0,448.0)
(444.0,448.0)
(444.0,448.0)
(444.0,448.0)
(448.0,448.0)
(451.0,448.0)
(461.0,448.0)
(444.0,448.0)
(448.0,448.0)
(444.0,448.0)
(451.0,448.0)
(444.0,448.0)
(448.0,448.0)
(448.0,448.0)
(448.0,448.0)
(464.0,448.0)
(464.0,448.0)
(444.0,448.0)
(444.0,448.0)
(444.0,448.0)
(448.0,448.0)
(445.0,448.0)
(448.0,448.0)
(448.0,448.0)
(444.0,448.0)
(448.0,448.0)
(444.0,448.0)
(444.0,448.0)
(444.0,448.0)
(464.0,448.0)
(444.0,448.0)
(464.0,448.0)
(448.0,448.0)
(448.0,448.0)
(466.0,448.0)
(448.0,448.0)
(451.0,448.0)
(451.0,448.0)
(444.0,448.0)
(444.0,448.0)
(448.0,448.0)
(444.0,448.0)
(444.0,448.0)
(448.0,448.0)
(464.0,448.0)
(451.0,448.0)
(448.0,448.0)
(448.0,448.0)
(464.0,448.0)
(451.0,448.0)
(448.0,448.0)
(451.0,448.0)
(445.0,448.0)
(386.0,448.0)
(448.0,448.0)
(444.0,448.0)
(444.0,448.0)
(464.0,448.0)
(444.0,448.0)
(444.0,448.0)
(444.0,448.0)
(444.0,448.0)
(444.0,448.0)
(448.0,448.0)
(444.0,448.0)
(448.0,448.0)
(448.0,448.0)
(444.0,448.0)
(444.0,448.0)
(444.0,448.0)
(451.0,448.0)
(448.0,448.0)
(451.0,448.0)
(444.0,448.0)
(448.0,448.0)
(445.0,448.0)
(448.0,448.0)
(464.0,448.0)
(448.0,448.0)
(444.0,448.0)
(444.0,448.0)
(448.0,448.0)
(796.0,448.0)
(464.0,448.0)
(451.0,448.0)
(451.0,448.0)
(448.0,448.0)
(451.0,448.0)
(444.0,448.0)
(448.0,448.0)
(444.0,448.0)
(451.0,448.0)
(451.0,448.0)
(464.0,448.0)
(451.0,448.0)
(444.0,448.0)
(451.0,448.0)
(464.0,448.0)
(444.0,448.0)
(448.0,448.0)
(451.0,448.0)
(444.0,448.0)
(444.0,448.0)
(451.0,448.0)
(444.0,448.0)
(444.0,448.0)
(444.0,448.0)
(445.0,448.0)
(451.0,448.0)
(444.0,448.0)
(451.0,448.0)
(444.0,448.0)
(444.0,448.0)
(448.0,448.0)
(444.0,448.0)
(444.0,448.0)
(448.0,448.0)
(444.0,448.0)
(444.0,448.0)
(444.0,448.0)
(444.0,448.0)
(444.0,448.0)
(464.0,448.0)
(444.0,448.0)
(464.0,448.0)
(448.0,448.0)
(448.0,448.0)
(444.0,448.0)
(444.0,448.0)
(451.0,448.0)
(451.0,448.0)
(444.0,448.0)
(451.0,448.0)
(444.0,448.0)
(444.0,448.0)
(451.0,448.0)
(444.0,448.0)
(461.0,448.0)
(448.0,448.0)
(448.0,448.0)
(464.0,448.0)
(444.0,448.0)
(451.0,448.0)
(444.0,448.0)
(451.0,448.0)
(464.0,448.0)
(444.0,448.0)
(451.0,448.0)
(444.0,448.0)
(451.0,448.0)
(444.0,448.0)
(448.0,448.0)
(464.0,448.0)
(444.0,448.0)
(444.0,448.0)
(448.0,448.0)
(444.0,448.0)
(444.0,448.0)
(444.0,448.0)
(451.0,448.0)
(451.0,448.0)
(464.0,448.0)
(448.0,448.0)
(448.0,448.0)
(444.0,448.0)
(451.0,448.0)
(448.0,448.0)
(444.0,448.0)
(444.0,448.0)
(451.0,448.0)
(444.0,448.0)
(464.0,448.0)
(464.0,448.0)
(444.0,448.0)
(448.0,448.0)
(448.0,448.0)
(444.0,448.0)
(451.0,448.0)
(448.0,448.0)
(444.0,448.0)
(448.0,448.0)
(460.0,448.0)
(451.0,448.0)
(464.0,448.0)
(451.0,448.0)
(444.0,448.0)
(448.0,448.0)
(444.0,448.0)
(444.0,448.0)
(451.0,448.0)
(451.0,448.0)
(464.0,448.0)
(464.0,448.0)
(451.0,448.0)
(464.0,448.0)
(444.0,448.0)
(448.0,448.0)
(444.0,448.0)
(451.0,448.0)
(451.0,448.0)
(444.0,448.0)
(451.0,448.0)
(444.0,448.0)
(448.0,448.0)
(444.0,448.0)
(464.0,448.0)
(451.0,448.0)
(451.0,448.0)
(444.0,448.0)
(464.0,448.0)
(464.0,448.0)
(464.0,448.0)
(444.0,448.0)
(444.0,448.0)
(448.0,448.0)
(444.0,448.0)
(448.0,448.0)
(451.0,448.0)
(448.0,448.0)
(445.0,448.0)
(444.0,448.0)
(444.0,448.0)
(464.0,448.0)
(444.0,448.0)
(444.0,448.0)
(444.0,448.0)
(444.0,448.0)
(448.0,448.0)
(444.0,448.0)
(444.0,448.0)
(448.0,448.0)
(444.0,448.0)
(448.0,448.0)
(17.0,448.0)
(448.0,448.0)
(451.0,448.0)
(448.0,448.0)
(448.0,448.0)
(444.0,448.0)
(451.0,448.0)
(444.0,448.0)
(464.0,448.0)
(448.0,448.0)
(444.0,448.0)
(452.0,448.0)
(451.0,448.0)
(448.0,448.0)
(444.0,448.0)
(464.0,448.0)
(444.0,448.0)
(444.0,448.0)
(464.0,448.0)
(444.0,448.0)
(444.0,448.0)
(464.0,448.0)
(448.0,448.0)
(464.0,448.0)
(444.0,448.0)
(444.0,448.0)
(444.0,448.0)
(444.0,448.0)
(464.0,448.0)
(444.0,448.0)
(448.0,448.0)
(444.0,448.0)
(451.0,448.0)
(448.0,448.0)
(464.0,448.0)
(464.0,448.0)
(444.0,448.0)
(444.0,448.0)
(444.0,448.0)
(444.0,448.0)
(448.0,448.0)
(448.0,448.0)
(451.0,448.0)
(451.0,448.0)
(444.0,448.0)
(444.0,448.0)
(444.0,448.0)
(451.0,448.0)
(444.0,448.0)
(448.0,448.0)
(451.0,448.0)
(798.0,448.0)
(444.0,448.0)
(451.0,448.0)
(444.0,448.0)
(444.0,448.0)
(444.0,448.0)
(444.0,448.0)
(444.0,448.0)
(451.0,448.0)
(448.0,448.0)
(448.0,448.0)
(444.0,448.0)
(448.0,448.0)
(444.0,448.0)
(448.0,448.0)
(466.0,448.0)
(448.0,448.0)
(448.0,448.0)
(448.0,448.0)
(451.0,448.0)
(448.0,448.0)
(444.0,448.0)
(444.0,448.0)
(444.0,448.0)
(451.0,448.0)
(444.0,448.0)
(448.0,448.0)
(444.0,448.0)
(444.0,448.0)
(444.0,448.0)
(451.0,448.0)
(464.0,448.0)
(464.0,448.0)
(464.0,448.0)
(464.0,448.0)
(444.0,448.0)
(444.0,448.0)
(451.0,448.0)
(444.0,448.0)
(448.0,448.0)
(448.0,448.0)
(444.0,448.0)
(444.0,448.0)
(448.0,448.0)
(448.0,448.0)
(444.0,448.0)
(464.0,448.0)
(460.0,448.0)
(448.0,448.0)
(799.0,448.0)
(464.0,448.0)
(448.0,448.0)
(464.0,448.0)
(444.0,448.0)
(464.0,448.0)
(444.0,448.0)
(451.0,448.0)
(444.0,448.0)
(451.0,448.0)
(444.0,448.0)
(464.0,448.0)
(444.0,448.0)
(444.0,448.0)
(451.0,448.0)
(464.0,448.0)
(464.0,448.0)
(444.0,448.0)
(448.0,448.0)
(444.0,448.0)
(460.0,448.0)
(464.0,448.0)
(444.0,448.0)
(451.0,448.0)
(451.0,448.0)
(448.0,448.0)
(451.0,448.0)
(448.0,448.0)
(448.0,448.0)
(444.0,448.0)
(448.0,448.0)
(444.0,448.0)
(444.0,448.0)
(464.0,448.0)
(464.0,448.0)
(448.0,448.0)
(451.0,448.0)
(444.0,448.0)
(445.0,448.0)
(451.0,448.0)
(448.0,448.0)
(448.0,448.0)
(464.0,448.0)
(448.0,448.0)
(451.0,448.0)
(449.0,448.0)
(449.0,448.0)
(448.0,448.0)
(444.0,448.0)
(448.0,448.0)
(451.0,448.0)
(444.0,448.0)
(444.0,448.0)
(444.0,448.0)
(444.0,448.0)
(448.0,448.0)
(451.0,448.0)
(445.0,448.0)
(448.0,448.0)
(444.0,448.0)
(451.0,448.0)
(448.0,448.0)
(460.0,448.0)
(444.0,448.0)
(464.0,448.0)
(444.0,448.0)
(444.0,448.0)
(451.0,448.0)
(448.0,448.0)
(444.0,448.0)
(445.0,448.0)
(464.0,448.0)
(448.0,448.0)
(448.0,448.0)
(444.0,448.0)
(448.0,448.0)
(451.0,448.0)
(444.0,448.0)
(452.0,448.0)
(448.0,448.0)
(451.0,448.0)
(444.0,448.0)
(448.0,448.0)
(448.0,448.0)
(451.0,448.0)
(444.0,448.0)
(448.0,448.0)
(444.0,448.0)
(444.0,448.0)
(451.0,448.0)
(444.0,448.0)
(464.0,448.0)
(448.0,448.0)
(451.0,448.0)
(448.0,448.0)
(451.0,448.0)
(451.0,448.0)
(448.0,448.0)
(451.0,448.0)
(448.0,448.0)
(444.0,448.0)
(464.0,448.0)
(451.0,448.0)
(444.0,448.0)
(448.0,448.0)
(464.0,448.0)
(448.0,448.0)
(444.0,448.0)
(444.0,448.0)
(449.0,448.0)
(451.0,448.0)
(448.0,448.0)
(771.0,448.0)
(444.0,448.0)
(460.0,448.0)
(448.0,448.0)
(464.0,448.0)
(444.0,448.0)
(444.0,448.0)
(444.0,448.0)
(451.0,448.0)
(444.0,448.0)
(428.0,448.0)
(444.0,448.0)
(451.0,448.0)
(444.0,448.0)
(444.0,448.0)
(451.0,448.0)
(444.0,448.0)
(445.0,448.0)
(444.0,448.0)
(451.0,448.0)
(451.0,448.0)
(445.0,448.0)
(444.0,448.0)
(444.0,448.0)
(398.0,448.0)
(448.0,448.0)
(444.0,448.0)
(448.0,448.0)
(464.0,448.0)
(448.0,448.0)
(444.0,448.0)
(451.0,448.0)
(461.0,448.0)
(444.0,448.0)
(448.0,448.0)
(451.0,448.0)
(444.0,448.0)
(464.0,448.0)
(451.0,448.0)
(444.0,448.0)
(451.0,448.0)
(451.0,448.0)
(444.0,448.0)
(444.0,448.0)
(444.0,448.0)
(451.0,448.0)
(444.0,448.0)
(444.0,448.0)
(451.0,448.0)
(460.0,448.0)
(444.0,448.0)
(448.0,448.0)
(448.0,448.0)
(451.0,448.0)
(451.0,448.0)
(444.0,448.0)
(448.0,448.0)
(452.0,448.0)
(444.0,448.0)
(444.0,448.0)
(444.0,448.0)
(444.0,448.0)
(449.0,448.0)
(448.0,448.0)
(448.0,448.0)
(451.0,448.0)
(798.0,448.0)
(451.0,448.0)
(451.0,448.0)
(445.0,448.0)
(444.0,448.0)
(464.0,448.0)
(444.0,448.0)
(451.0,448.0)
(451.0,448.0)
(444.0,448.0)
(444.0,448.0)
(451.0,448.0)
(448.0,448.0)
(451.0,448.0)
(451.0,448.0)
(444.0,448.0)
(451.0,448.0)
(445.0,448.0)
(444.0,448.0)
(444.0,448.0)
(448.0,448.0)
(451.0,448.0)
(448.0,448.0)
(444.0,448.0)
(444.0,448.0)
(444.0,448.0)
(451.0,448.0)
(444.0,448.0)
(464.0,448.0)
(444.0,448.0)
(448.0,448.0)
(451.0,448.0)
(464.0,448.0)
(444.0,448.0)
(444.0,448.0)
(451.0,448.0)
(444.0,448.0)
(444.0,448.0)
(444.0,448.0)
(444.0,448.0)
(448.0,448.0)
(444.0,448.0)
(444.0,448.0)
(460.0,448.0)
(444.0,448.0)
(451.0,448.0)
(451.0,448.0)
(451.0,448.0)
(402.0,448.0)
(464.0,448.0)
(444.0,448.0)
(445.0,448.0)
(451.0,448.0)
(444.0,448.0)
(464.0,448.0)
(444.0,448.0)
(451.0,448.0)
(451.0,448.0)
(444.0,448.0)
(444.0,448.0)
(448.0,448.0)
(448.0,448.0)
(444.0,448.0)
(444.0,448.0)
(464.0,448.0)
(448.0,448.0)
(798.0,448.0)
(451.0,448.0)
(444.0,448.0)
(444.0,448.0)
(451.0,448.0)
(444.0,448.0)
(451.0,448.0)
(448.0,448.0)
(444.0,448.0)
(448.0,448.0)
(448.0,448.0)
(444.0,448.0)
(444.0,448.0)
(451.0,448.0)
(451.0,448.0)
(451.0,448.0)
(444.0,448.0)
(445.0,448.0)
(451.0,448.0)
(448.0,448.0)
(451.0,448.0)
(451.0,448.0)
(448.0,448.0)
(451.0,448.0)
(464.0,448.0)
(444.0,448.0)
(451.0,448.0)
(444.0,448.0)
(444.0,448.0)
(444.0,448.0)
(445.0,448.0)
(444.0,448.0)
(444.0,448.0)
(448.0,448.0)
(451.0,448.0)
(451.0,448.0)
(451.0,448.0)
(444.0,448.0)
(444.0,448.0)
(444.0,448.0)
(444.0,448.0)
(451.0,448.0)
(444.0,448.0)
(444.0,448.0)
(464.0,448.0)
(451.0,448.0)
(448.0,448.0)
(444.0,448.0)
(451.0,448.0)
(451.0,448.0)
(451.0,448.0)
(448.0,448.0)
(464.0,448.0)
(448.0,448.0)
(448.0,448.0)
(444.0,448.0)
(451.0,448.0)
(451.0,448.0)
(444.0,448.0)
(444.0,448.0)
(451.0,448.0)
(451.0,448.0)
(451.0,448.0)
(464.0,448.0)
(451.0,448.0)
(444.0,448.0)
(448.0,448.0)
(451.0,448.0)
(444.0,448.0)
(444.0,448.0)
(464.0,448.0)
(453.0,448.0)
(453.0,448.0)
(453.0,448.0)
(453.0,448.0)
(451.0,448.0)
(464.0,448.0)
(451.0,448.0)
(453.0,448.0)
(464.0,448.0)
(453.0,448.0)
(444.0,448.0)
(453.0,448.0)
(448.0,448.0)
(464.0,448.0)
(448.0,448.0)
(453.0,448.0)
(448.0,448.0)
(448.0,448.0)
(461.0,448.0)
(453.0,448.0)
(464.0,448.0)
(464.0,448.0)
(448.0,448.0)
(464.0,448.0)
(464.0,448.0)
(795.0,448.0)
(451.0,448.0)
(796.0,448.0)
(464.0,448.0)
(445.0,448.0)
(453.0,448.0)
(451.0,448.0)
(453.0,448.0)
(451.0,448.0)
(444.0,448.0)
(448.0,448.0)
(451.0,448.0)
(453.0,448.0)
(448.0,448.0)
(448.0,448.0)
(453.0,448.0)
(464.0,448.0)
(796.0,448.0)
(451.0,448.0)
(464.0,448.0)
(453.0,448.0)
(453.0,448.0)
(453.0,448.0)
(453.0,448.0)
(451.0,448.0)
(796.0,448.0)
(464.0,448.0)
(453.0,448.0)
(453.0,448.0)
(453.0,448.0)
(796.0,448.0)
(464.0,448.0)
(453.0,448.0)
(464.0,448.0)
(453.0,448.0)
(464.0,448.0)
(451.0,448.0)
(445.0,448.0)
(451.0,448.0)
(451.0,448.0)
(445.0,448.0)
(464.0,448.0)
(453.0,448.0)
(448.0,448.0)
(464.0,448.0)
(448.0,448.0)
(451.0,448.0)
(451.0,448.0)
(453.0,448.0)
(796.0,448.0)
(464.0,448.0)
(451.0,448.0)
(451.0,448.0)
(796.0,448.0)
(451.0,448.0)
(451.0,448.0)
(448.0,448.0)
(451.0,448.0)
(464.0,448.0)
(453.0,448.0)
(464.0,448.0)
(451.0,448.0)
(464.0,448.0)
(800.0,448.0)
(464.0,448.0)
(448.0,448.0)
(771.0,448.0)
(451.0,448.0)
(796.0,448.0)
(453.0,448.0)
(796.0,448.0)
(451.0,448.0)
(448.0,448.0)
(464.0,448.0)
(444.0,448.0)
(451.0,448.0)
(464.0,448.0)
(453.0,448.0)
(451.0,448.0)
(453.0,448.0)
(464.0,448.0)
(798.0,448.0)
(440.0,448.0)
(453.0,448.0)
(453.0,448.0)
(451.0,448.0)
(453.0,448.0)
(451.0,448.0)
(451.0,448.0)
(771.0,448.0)
(451.0,448.0)
(444.0,448.0)
(453.0,448.0)
(453.0,448.0)
(451.0,448.0)
(800.0,448.0)
(796.0,448.0)
(453.0,448.0)
(453.0,448.0)
(451.0,448.0)
(464.0,448.0)
(464.0,448.0)
(451.0,448.0)
(453.0,448.0)
(453.0,448.0)
(451.0,448.0)
(448.0,448.0)
(453.0,448.0)
(464.0,448.0)
(464.0,448.0)
(464.0,448.0)
(464.0,448.0)
(451.0,448.0)
(451.0,448.0)
(464.0,448.0)
(453.0,448.0)
(444.0,448.0)
(796.0,448.0)
(464.0,448.0)
(453.0,448.0)
(451.0,448.0)
(444.0,448.0)
(453.0,448.0)
(448.0,448.0)
(451.0,448.0)
(796.0,448.0)
(464.0,448.0)
(464.0,448.0)
(445.0,448.0)
(453.0,448.0)
(453.0,448.0)
(444.0,448.0)
(464.0,448.0)
(464.0,448.0)
(444.0,448.0)
(453.0,448.0)
(448.0,448.0)
(451.0,448.0)
(800.0,448.0)
(453.0,448.0)
(444.0,448.0)
(453.0,448.0)
(445.0,448.0)
(464.0,448.0)
(453.0,448.0)
(444.0,448.0)
(796.0,448.0)
(448.0,448.0)
(453.0,448.0)
(796.0,448.0)
(445.0,448.0)
(444.0,448.0)
(453.0,448.0)
(444.0,448.0)
(796.0,448.0)
(451.0,448.0)
(464.0,448.0)
(453.0,448.0)
(453.0,448.0)
(448.0,448.0)
(453.0,448.0)
(453.0,448.0)
(464.0,448.0)
(464.0,448.0)
(448.0,448.0)
(464.0,448.0)
(464.0,448.0)
(464.0,448.0)
(448.0,448.0)
(464.0,448.0)
(453.0,448.0)
(444.0,448.0)
(796.0,448.0)
(451.0,451.0)
(451.0,451.0)
(451.0,451.0)
(451.0,451.0)
(451.0,451.0)
(451.0,451.0)
(446.0,451.0)
(464.0,451.0)
(421.0,451.0)
(464.0,451.0)
(446.0,451.0)
(448.0,451.0)
(464.0,451.0)
(451.0,451.0)
(451.0,451.0)
(451.0,451.0)
(451.0,451.0)
(451.0,451.0)
(446.0,451.0)
(451.0,451.0)
(464.0,451.0)
(464.0,451.0)
(451.0,451.0)
(446.0,451.0)
(451.0,451.0)
(451.0,451.0)
(448.0,451.0)
(460.0,451.0)
(446.0,451.0)
(451.0,451.0)
(451.0,451.0)
(451.0,451.0)
(446.0,451.0)
(451.0,451.0)
(451.0,451.0)
(451.0,451.0)
(451.0,451.0)
(771.0,451.0)
(451.0,451.0)
(451.0,451.0)
(451.0,451.0)
(451.0,451.0)
(451.0,451.0)
(451.0,451.0)
(451.0,451.0)
(451.0,451.0)
(451.0,451.0)
(464.0,451.0)
(451.0,451.0)
(464.0,451.0)
(451.0,451.0)
(446.0,451.0)
(451.0,451.0)
(451.0,451.0)
(446.0,451.0)
(451.0,451.0)
(451.0,451.0)
(445.0,451.0)
(451.0,451.0)
(445.0,451.0)
(451.0,451.0)
(451.0,451.0)
(451.0,451.0)
(771.0,451.0)
(451.0,451.0)
(460.0,451.0)
(446.0,451.0)
(446.0,451.0)
(451.0,451.0)
(448.0,451.0)
(451.0,451.0)
(446.0,451.0)
(451.0,451.0)
(464.0,451.0)
(451.0,451.0)
(451.0,451.0)
(451.0,451.0)
(451.0,451.0)
(446.0,451.0)
(464.0,451.0)
(451.0,451.0)
(451.0,451.0)
(464.0,451.0)
(464.0,451.0)
(771.0,451.0)
(451.0,451.0)
(460.0,451.0)
(451.0,451.0)
(451.0,451.0)
(398.0,451.0)
(451.0,451.0)
(451.0,451.0)
(464.0,451.0)
(798.0,451.0)
(466.0,451.0)
(451.0,451.0)
(451.0,451.0)
(444.0,451.0)
(451.0,451.0)
(464.0,451.0)
(451.0,451.0)
(451.0,451.0)
(446.0,451.0)
(451.0,451.0)
(451.0,451.0)
(444.0,451.0)
(451.0,451.0)
(464.0,451.0)
(451.0,451.0)
(448.0,451.0)
(451.0,451.0)
(446.0,451.0)
(451.0,451.0)
(451.0,451.0)
(464.0,451.0)
(451.0,451.0)
(451.0,451.0)
(451.0,451.0)
(451.0,451.0)
(451.0,451.0)
(460.0,451.0)
(451.0,451.0)
(451.0,451.0)
(451.0,451.0)
(451.0,451.0)
(451.0,451.0)
(451.0,451.0)
(451.0,451.0)
(451.0,451.0)
(461.0,451.0)
(451.0,451.0)
(451.0,451.0)
(446.0,451.0)
(451.0,451.0)
(451.0,451.0)
(464.0,451.0)
(451.0,451.0)
(451.0,451.0)
(451.0,451.0)
(451.0,451.0)
(461.0,451.0)
(451.0,451.0)
(451.0,451.0)
(464.0,451.0)
(451.0,451.0)
(451.0,451.0)
(451.0,451.0)
(451.0,451.0)
(451.0,451.0)
(451.0,451.0)
(451.0,451.0)
(799.0,451.0)
(451.0,451.0)
(451.0,451.0)
(448.0,451.0)
(466.0,451.0)
(451.0,451.0)
(446.0,451.0)
(446.0,451.0)
(451.0,451.0)
(464.0,451.0)
(771.0,451.0)
(451.0,451.0)
(464.0,451.0)
(464.0,451.0)
(451.0,451.0)
(451.0,451.0)
(461.0,451.0)
(451.0,451.0)
(451.0,451.0)
(451.0,451.0)
(451.0,451.0)
(451.0,451.0)
(460.0,451.0)
(451.0,451.0)
(464.0,451.0)
(451.0,451.0)
(451.0,451.0)
(446.0,451.0)
(771.0,451.0)
(451.0,451.0)
(451.0,451.0)
(446.0,451.0)
(451.0,451.0)
(451.0,451.0)
(451.0,451.0)
(464.0,451.0)
(451.0,451.0)
(451.0,451.0)
(451.0,451.0)
(464.0,451.0)
(448.0,451.0)
(448.0,451.0)
(451.0,451.0)
(461.0,451.0)
(446.0,451.0)
(451.0,451.0)
(446.0,451.0)
(464.0,451.0)
(800.0,451.0)
(446.0,451.0)
(464.0,451.0)
(451.0,451.0)
(461.0,451.0)
(446.0,451.0)
(451.0,451.0)
(464.0,451.0)
(451.0,451.0)
(446.0,451.0)
(444.0,451.0)
(451.0,451.0)
(451.0,451.0)
(472.0,451.0)
(446.0,451.0)
(461.0,451.0)
(461.0,451.0)
(461.0,451.0)
(461.0,451.0)
(461.0,451.0)
(461.0,451.0)
(446.0,451.0)
(451.0,451.0)
(460.0,451.0)
(451.0,451.0)
(451.0,451.0)
(451.0,451.0)
(446.0,451.0)
(446.0,451.0)
(451.0,451.0)
(451.0,451.0)
(461.0,451.0)
(446.0,451.0)
(461.0,451.0)
(461.0,451.0)
(446.0,451.0)
(451.0,451.0)
(461.0,451.0)
(461.0,451.0)
(461.0,451.0)
(451.0,451.0)
(451.0,451.0)
(461.0,451.0)
(451.0,451.0)
(451.0,451.0)
(461.0,451.0)
(451.0,451.0)
(461.0,451.0)
(451.0,451.0)
(461.0,451.0)
(451.0,451.0)
(451.0,451.0)
(461.0,451.0)
(461.0,451.0)
(461.0,451.0)
(451.0,451.0)
(451.0,451.0)
(460.0,451.0)
(461.0,451.0)
(446.0,451.0)
(461.0,451.0)
(460.0,451.0)
(461.0,451.0)
(451.0,451.0)
(461.0,451.0)
(451.0,451.0)
(451.0,451.0)
(451.0,451.0)
(446.0,451.0)
(451.0,451.0)
(451.0,451.0)
(446.0,451.0)
(451.0,451.0)
(446.0,451.0)
(461.0,451.0)
(451.0,451.0)
(448.0,451.0)
(451.0,451.0)
(461.0,451.0)
(451.0,451.0)
(451.0,451.0)
(451.0,451.0)
(446.0,451.0)
(461.0,451.0)
(461.0,451.0)
(461.0,451.0)
(446.0,451.0)
(461.0,451.0)
(461.0,451.0)
(446.0,451.0)
(451.0,451.0)
(461.0,451.0)
(461.0,451.0)
(461.0,451.0)
(461.0,451.0)
(451.0,451.0)
(451.0,451.0)
(461.0,451.0)
(460.0,451.0)
(446.0,451.0)
(451.0,451.0)
(461.0,451.0)
(771.0,451.0)
(446.0,451.0)
(461.0,451.0)
(451.0,451.0)
(446.0,451.0)
(451.0,451.0)
(446.0,451.0)
(451.0,451.0)
(461.0,451.0)
(451.0,451.0)
(798.0,451.0)
(461.0,451.0)
(461.0,451.0)
(446.0,451.0)
(451.0,451.0)
(451.0,451.0)
(461.0,451.0)
(451.0,451.0)
(451.0,451.0)
(461.0,451.0)
(446.0,451.0)
(451.0,451.0)
(446.0,451.0)
(460.0,451.0)
(451.0,451.0)
(461.0,451.0)
(451.0,451.0)
(461.0,451.0)
(461.0,451.0)
(461.0,451.0)
(461.0,451.0)
(461.0,451.0)
(461.0,451.0)
(451.0,451.0)
(446.0,451.0)
(446.0,451.0)
(461.0,451.0)
(461.0,451.0)
(451.0,451.0)
(451.0,451.0)
(446.0,451.0)
(461.0,451.0)
(461.0,451.0)
(451.0,451.0)
(446.0,451.0)
(461.0,451.0)
(446.0,451.0)
(451.0,451.0)
(461.0,451.0)
(461.0,451.0)
(461.0,451.0)
(461.0,451.0)
(451.0,451.0)
(451.0,451.0)
(451.0,451.0)
(461.0,451.0)
(448.0,451.0)
(461.0,451.0)
(451.0,451.0)
(461.0,451.0)
(446.0,451.0)
(451.0,451.0)
(461.0,451.0)
(461.0,451.0)
(446.0,451.0)
(451.0,451.0)
(451.0,451.0)
(446.0,451.0)
(451.0,451.0)
(460.0,451.0)
(451.0,451.0)
(461.0,451.0)
(451.0,451.0)
(461.0,451.0)
(451.0,451.0)
(451.0,451.0)
(451.0,451.0)
(451.0,451.0)
(461.0,451.0)
(461.0,451.0)
(451.0,451.0)
(451.0,451.0)
(451.0,451.0)
(461.0,451.0)
(461.0,451.0)
(461.0,451.0)
(451.0,451.0)
(446.0,451.0)
(446.0,451.0)
(451.0,451.0)
(446.0,451.0)
(451.0,451.0)
(451.0,451.0)
(451.0,451.0)
(461.0,451.0)
(451.0,451.0)
(446.0,451.0)
(461.0,451.0)
(451.0,451.0)
(451.0,451.0)
(451.0,451.0)
(451.0,451.0)
(461.0,451.0)
(461.0,451.0)
(446.0,451.0)
(451.0,451.0)
(446.0,451.0)
(451.0,451.0)
(446.0,451.0)
(446.0,451.0)
(461.0,451.0)
(451.0,451.0)
(446.0,451.0)
(451.0,451.0)
(451.0,451.0)
(461.0,451.0)
(451.0,451.0)
(461.0,451.0)
(451.0,451.0)
(451.0,451.0)
(446.0,451.0)
(464.0,451.0)
(461.0,451.0)
(451.0,451.0)
(461.0,451.0)
(461.0,451.0)
(451.0,451.0)
(446.0,451.0)
(451.0,451.0)
(451.0,451.0)
(461.0,451.0)
(446.0,451.0)
(451.0,451.0)
(451.0,451.0)
(451.0,451.0)
(451.0,451.0)
(446.0,451.0)
(451.0,451.0)
(451.0,451.0)
(451.0,451.0)
(446.0,451.0)
(451.0,451.0)
(446.0,451.0)
(451.0,451.0)
(461.0,451.0)
(451.0,451.0)
(446.0,451.0)
(451.0,451.0)
(451.0,451.0)
(446.0,451.0)
(451.0,451.0)
(451.0,451.0)
(446.0,451.0)
(451.0,451.0)
(461.0,451.0)
(446.0,451.0)
(446.0,451.0)
(461.0,451.0)
(446.0,451.0)
(464.0,451.0)
(461.0,451.0)
(451.0,451.0)
(461.0,451.0)
(461.0,451.0)
(461.0,451.0)
(451.0,451.0)
(451.0,451.0)
(451.0,451.0)
(464.0,451.0)
(451.0,451.0)
(446.0,451.0)
(451.0,451.0)
(461.0,451.0)
(446.0,451.0)
(451.0,451.0)
(451.0,451.0)
(446.0,451.0)
(446.0,451.0)
(451.0,451.0)
(451.0,451.0)
(451.0,451.0)
(461.0,451.0)
(461.0,451.0)
(451.0,451.0)
(451.0,451.0)
(451.0,451.0)
(451.0,451.0)
(451.0,451.0)
(451.0,451.0)
(446.0,451.0)
(451.0,451.0)
(446.0,451.0)
(446.0,451.0)
(451.0,451.0)
(451.0,451.0)
(451.0,451.0)
(461.0,451.0)
(444.0,451.0)
(451.0,451.0)
(451.0,451.0)
(451.0,451.0)
(446.0,451.0)
(461.0,451.0)
(446.0,451.0)
(461.0,451.0)
(451.0,451.0)
(451.0,451.0)
(461.0,451.0)
(446.0,451.0)
(451.0,451.0)
(461.0,451.0)
(446.0,451.0)
(451.0,451.0)
(451.0,451.0)
(451.0,451.0)
(461.0,451.0)
(451.0,451.0)
(451.0,451.0)
(461.0,451.0)
(446.0,451.0)
(461.0,451.0)
(461.0,451.0)
(446.0,451.0)
(464.0,451.0)
(446.0,451.0)
(461.0,451.0)
(451.0,451.0)
(451.0,451.0)
(461.0,451.0)
(451.0,451.0)
(461.0,451.0)
(460.0,451.0)
(451.0,451.0)
(446.0,451.0)
(451.0,451.0)
(464.0,451.0)
(451.0,451.0)
(461.0,451.0)
(446.0,451.0)
(461.0,451.0)
(451.0,451.0)
(451.0,451.0)
(461.0,451.0)
(446.0,451.0)
(446.0,451.0)
(446.0,451.0)
(451.0,451.0)
(460.0,451.0)
(451.0,451.0)
(451.0,451.0)
(451.0,451.0)
(451.0,451.0)
(461.0,451.0)
(446.0,451.0)
(461.0,451.0)
(451.0,451.0)
(460.0,451.0)
(460.0,451.0)
(451.0,451.0)
(461.0,451.0)
(451.0,451.0)
(461.0,451.0)
(451.0,451.0)
(461.0,451.0)
(451.0,451.0)
(451.0,451.0)
(451.0,451.0)
(451.0,451.0)
(446.0,451.0)
(461.0,451.0)
(446.0,451.0)
(461.0,451.0)
(451.0,451.0)
(464.0,451.0)
(446.0,451.0)
(451.0,451.0)
(451.0,451.0)
(461.0,451.0)
(451.0,451.0)
(451.0,451.0)
(464.0,451.0)
(451.0,451.0)
(461.0,451.0)
(451.0,451.0)
(451.0,451.0)
(446.0,451.0)
(451.0,451.0)
(451.0,451.0)
(451.0,451.0)
(451.0,451.0)
(451.0,451.0)
(446.0,451.0)
(446.0,451.0)
(451.0,451.0)
(451.0,451.0)
(451.0,451.0)
(451.0,451.0)
(446.0,451.0)
(451.0,451.0)
(460.0,451.0)
(451.0,451.0)
(451.0,451.0)
(451.0,451.0)
(446.0,451.0)
(451.0,451.0)
(451.0,451.0)
(451.0,451.0)
(451.0,451.0)
(451.0,451.0)
(451.0,451.0)
(451.0,451.0)
(451.0,451.0)
(451.0,451.0)
(451.0,451.0)
(451.0,451.0)
(464.0,451.0)
(446.0,451.0)
(451.0,451.0)
(446.0,451.0)
(446.0,451.0)
(451.0,451.0)
(461.0,451.0)
(451.0,451.0)
(446.0,451.0)
(451.0,451.0)
(451.0,451.0)
(460.0,451.0)
(451.0,451.0)
(451.0,451.0)
(451.0,451.0)
(451.0,451.0)
(451.0,451.0)
(451.0,451.0)
(451.0,451.0)
(451.0,451.0)
(451.0,451.0)
(451.0,451.0)
(451.0,451.0)
(451.0,451.0)
(451.0,451.0)
(451.0,451.0)
(451.0,451.0)
(451.0,451.0)
(446.0,451.0)
(461.0,451.0)
(451.0,451.0)
(451.0,451.0)
(451.0,451.0)
(451.0,451.0)
(451.0,451.0)
(451.0,451.0)
(446.0,451.0)
(771.0,451.0)
(460.0,451.0)
(451.0,451.0)
(451.0,451.0)
(446.0,451.0)
(451.0,451.0)
(451.0,451.0)
(446.0,451.0)
(451.0,451.0)
(446.0,451.0)
(451.0,451.0)
(451.0,451.0)
(451.0,451.0)
(451.0,451.0)
(451.0,451.0)
(446.0,451.0)
(451.0,451.0)
(451.0,451.0)
(446.0,451.0)
(451.0,451.0)
(451.0,451.0)
(451.0,451.0)
(451.0,451.0)
(451.0,451.0)
(451.0,451.0)
(451.0,451.0)
(461.0,451.0)
(451.0,451.0)
(446.0,451.0)
(451.0,451.0)
(451.0,451.0)
(446.0,451.0)
(451.0,451.0)
(451.0,451.0)
(451.0,451.0)
(446.0,451.0)
(451.0,451.0)
(451.0,451.0)
(451.0,451.0)
(451.0,451.0)
(451.0,451.0)
(451.0,451.0)
(451.0,451.0)
(451.0,451.0)
(446.0,451.0)
(451.0,451.0)
(451.0,451.0)
(446.0,451.0)
(451.0,451.0)
(451.0,451.0)
(451.0,451.0)
(446.0,451.0)
(451.0,451.0)
(451.0,451.0)
(451.0,451.0)
(446.0,451.0)
(451.0,451.0)
(451.0,451.0)
(451.0,451.0)
(446.0,451.0)
(451.0,451.0)
(451.0,451.0)
(464.0,451.0)
(451.0,451.0)
(451.0,451.0)
(451.0,451.0)
(446.0,451.0)
(464.0,451.0)
(446.0,451.0)
(451.0,451.0)
(446.0,451.0)
(451.0,451.0)
(451.0,451.0)
(446.0,451.0)
(451.0,451.0)
(451.0,451.0)
(451.0,451.0)
(451.0,451.0)
(451.0,451.0)
(451.0,451.0)
(451.0,451.0)
(451.0,451.0)
(451.0,451.0)
(451.0,451.0)
(451.0,451.0)
(461.0,451.0)
(451.0,451.0)
(451.0,451.0)
(451.0,451.0)
(451.0,451.0)
(451.0,451.0)
(451.0,451.0)
(451.0,451.0)
(450.0,451.0)
(464.0,451.0)
(464.0,451.0)
(464.0,451.0)
(451.0,451.0)
(451.0,451.0)
(451.0,451.0)
(451.0,451.0)
(451.0,451.0)
(451.0,451.0)
(446.0,451.0)
(446.0,451.0)
(451.0,451.0)
(451.0,451.0)
(461.0,451.0)
(451.0,451.0)
(451.0,451.0)
(451.0,451.0)
(451.0,451.0)
(451.0,451.0)
(451.0,451.0)
(451.0,451.0)
(451.0,451.0)
(461.0,451.0)
(451.0,451.0)
(446.0,451.0)
(446.0,451.0)
(451.0,451.0)
(451.0,451.0)
(451.0,451.0)
(451.0,451.0)
(446.0,451.0)
(451.0,451.0)
(451.0,451.0)
(464.0,451.0)
(451.0,451.0)
(451.0,451.0)
(451.0,451.0)
(451.0,451.0)
(451.0,451.0)
(451.0,451.0)
(451.0,451.0)
(451.0,451.0)
(451.0,451.0)
(451.0,451.0)
(446.0,451.0)
(446.0,451.0)
(451.0,451.0)
(461.0,451.0)
(453.0,451.0)
(451.0,451.0)
(451.0,451.0)
(451.0,451.0)
(444.0,451.0)
(464.0,451.0)
(461.0,451.0)
(451.0,451.0)
(461.0,451.0)
(451.0,451.0)
(451.0,451.0)
(451.0,451.0)
(451.0,451.0)
(446.0,451.0)
(451.0,451.0)
(451.0,451.0)
(451.0,451.0)
(451.0,451.0)
(451.0,451.0)
(451.0,451.0)
(446.0,451.0)
(451.0,451.0)
(451.0,451.0)
(451.0,451.0)
(451.0,451.0)
(446.0,451.0)
(451.0,451.0)
(451.0,451.0)
(451.0,451.0)
(451.0,451.0)
(451.0,451.0)
(451.0,451.0)
(451.0,451.0)
(451.0,451.0)
(451.0,451.0)
(451.0,451.0)
(451.0,451.0)
(451.0,451.0)
(451.0,451.0)
(451.0,451.0)
(444.0,451.0)
(446.0,451.0)
(451.0,451.0)
(464.0,451.0)
(446.0,451.0)
(451.0,451.0)
(451.0,451.0)
(451.0,451.0)
(451.0,451.0)
(464.0,451.0)
(451.0,451.0)
(451.0,451.0)
(451.0,451.0)
(451.0,451.0)
(451.0,451.0)
(451.0,451.0)
(446.0,451.0)
(451.0,451.0)
(451.0,451.0)
(451.0,451.0)
(451.0,451.0)
(446.0,451.0)
(451.0,451.0)
(451.0,451.0)
(451.0,451.0)
(451.0,451.0)
(451.0,451.0)
(451.0,451.0)
(451.0,451.0)
(451.0,451.0)
(451.0,451.0)
(451.0,451.0)
(451.0,451.0)
(451.0,451.0)
(451.0,451.0)
(451.0,451.0)
(451.0,451.0)
(464.0,451.0)
(451.0,451.0)
(451.0,451.0)
(444.0,451.0)
(451.0,451.0)
(451.0,451.0)
(451.0,451.0)
(451.0,451.0)
(451.0,451.0)
(451.0,451.0)
(451.0,451.0)
(451.0,451.0)
(451.0,451.0)
(444.0,451.0)
(451.0,451.0)
(451.0,451.0)
(446.0,451.0)
(451.0,451.0)
(451.0,451.0)
(464.0,451.0)
(451.0,451.0)
(451.0,451.0)
(461.0,451.0)
(451.0,451.0)
(451.0,451.0)
(451.0,451.0)
(451.0,451.0)
(451.0,451.0)
(451.0,451.0)
(451.0,451.0)
(451.0,451.0)
(444.0,451.0)
(451.0,451.0)
(451.0,451.0)
(451.0,451.0)
(451.0,451.0)
(451.0,451.0)
(446.0,451.0)
(451.0,451.0)
(451.0,451.0)
(451.0,451.0)
(451.0,451.0)
(461.0,451.0)
(464.0,451.0)
(451.0,451.0)
(451.0,451.0)
(451.0,451.0)
(451.0,451.0)
(451.0,451.0)
(451.0,451.0)
(403.0,451.0)
(451.0,451.0)
(466.0,451.0)
(451.0,451.0)
(446.0,451.0)
(451.0,451.0)
(451.0,451.0)
(451.0,451.0)
(461.0,451.0)
(451.0,451.0)
(446.0,451.0)
(446.0,451.0)
(451.0,451.0)
(451.0,451.0)
(446.0,451.0)
(451.0,451.0)
(451.0,451.0)
(461.0,451.0)
(451.0,451.0)
(450.0,451.0)
(451.0,451.0)
(451.0,451.0)
(451.0,451.0)
(451.0,451.0)
(451.0,451.0)
(451.0,451.0)
(451.0,451.0)
(451.0,451.0)
(451.0,451.0)
(451.0,451.0)
(451.0,451.0)
(451.0,451.0)
(446.0,451.0)
(464.0,451.0)
(464.0,451.0)
(464.0,451.0)
(464.0,451.0)
(446.0,451.0)
(464.0,451.0)
(464.0,451.0)
(464.0,451.0)
(446.0,451.0)
(464.0,451.0)
(464.0,451.0)
(464.0,451.0)
(464.0,451.0)
(464.0,451.0)
(464.0,451.0)
(464.0,451.0)
(464.0,451.0)
(464.0,451.0)
(464.0,451.0)
(464.0,451.0)
(464.0,451.0)
(464.0,451.0)
(464.0,451.0)
(464.0,451.0)
(464.0,451.0)
(464.0,451.0)
(464.0,451.0)
(464.0,451.0)
(464.0,451.0)
(464.0,451.0)
(464.0,451.0)
(464.0,451.0)
(464.0,451.0)
(464.0,451.0)
(464.0,451.0)
(464.0,451.0)
(464.0,451.0)
(464.0,451.0)
(464.0,451.0)
(464.0,451.0)
(464.0,451.0)
(464.0,451.0)
(464.0,451.0)
(464.0,451.0)
(464.0,451.0)
(464.0,451.0)
(464.0,451.0)
(446.0,451.0)
(464.0,451.0)
(464.0,451.0)
(464.0,451.0)
(464.0,451.0)
(464.0,451.0)
(464.0,451.0)
(446.0,451.0)
(464.0,451.0)
(451.0,451.0)
(451.0,451.0)
(464.0,451.0)
(464.0,451.0)
(461.0,451.0)
(464.0,451.0)
(464.0,451.0)
(464.0,451.0)
(464.0,451.0)
(464.0,451.0)
(464.0,451.0)
(464.0,451.0)
(464.0,451.0)
(464.0,451.0)
(464.0,451.0)
(464.0,451.0)
(464.0,451.0)
(446.0,451.0)
(464.0,451.0)
(464.0,451.0)
(464.0,451.0)
(464.0,451.0)
(464.0,451.0)
(464.0,451.0)
(464.0,451.0)
(451.0,451.0)
(464.0,451.0)
(464.0,451.0)
(464.0,451.0)
(464.0,451.0)
(464.0,451.0)
(464.0,451.0)
(464.0,451.0)
(464.0,451.0)
(464.0,451.0)
(464.0,451.0)
(464.0,451.0)
(464.0,451.0)
(464.0,451.0)
(464.0,451.0)
(464.0,451.0)
(464.0,451.0)
(464.0,451.0)
(464.0,451.0)
(464.0,451.0)
(464.0,451.0)
(464.0,451.0)
(464.0,451.0)
(464.0,451.0)
(446.0,451.0)
(464.0,451.0)
(464.0,451.0)
(464.0,451.0)
(464.0,451.0)
(464.0,451.0)
(464.0,451.0)
(464.0,451.0)
(464.0,451.0)
(464.0,451.0)
(464.0,451.0)
(464.0,451.0)
(461.0,451.0)
(464.0,451.0)
(464.0,451.0)
(464.0,451.0)
(464.0,451.0)
(464.0,451.0)
(464.0,451.0)
(464.0,451.0)
(464.0,451.0)
(464.0,451.0)
(446.0,451.0)
(464.0,451.0)
(464.0,451.0)
(464.0,451.0)
(464.0,451.0)
(464.0,451.0)
(453.0,451.0)
(464.0,451.0)
(464.0,451.0)
(464.0,451.0)
(464.0,451.0)
(464.0,451.0)
(464.0,451.0)
(464.0,451.0)
(464.0,451.0)
(464.0,451.0)
(464.0,451.0)
(461.0,451.0)
(464.0,451.0)
(446.0,451.0)
(464.0,451.0)
(464.0,451.0)
(464.0,451.0)
(464.0,451.0)
(464.0,451.0)
(464.0,451.0)
(464.0,451.0)
(464.0,451.0)
(464.0,451.0)
(464.0,451.0)
(464.0,451.0)
(464.0,451.0)
(464.0,451.0)
(464.0,451.0)
(464.0,451.0)
(464.0,451.0)
(464.0,451.0)
(464.0,451.0)
(464.0,451.0)
(461.0,451.0)
(464.0,451.0)
(464.0,451.0)
(464.0,451.0)
(464.0,451.0)
(464.0,451.0)
(464.0,451.0)
(464.0,451.0)
(464.0,451.0)
(446.0,451.0)
(464.0,451.0)
(464.0,451.0)
(464.0,451.0)
(464.0,451.0)
(451.0,451.0)
(451.0,451.0)
(451.0,451.0)
(451.0,451.0)
(446.0,451.0)
(451.0,451.0)
(451.0,451.0)
(451.0,451.0)
(451.0,451.0)
(451.0,451.0)
(451.0,451.0)
(446.0,451.0)
(451.0,451.0)
(451.0,451.0)
(451.0,451.0)
(451.0,451.0)
(451.0,451.0)
(451.0,451.0)
(451.0,451.0)
(451.0,451.0)
(451.0,451.0)
(451.0,451.0)
(464.0,451.0)
(451.0,451.0)
(451.0,451.0)
(451.0,451.0)
(451.0,451.0)
(464.0,451.0)
(461.0,451.0)
(461.0,451.0)
(451.0,451.0)
(451.0,451.0)
(451.0,451.0)
(451.0,451.0)
(451.0,451.0)
(451.0,451.0)
(451.0,451.0)
(446.0,451.0)
(446.0,451.0)
(451.0,451.0)
(451.0,451.0)
(451.0,451.0)
(451.0,451.0)
(451.0,451.0)
(464.0,451.0)
(451.0,451.0)
(451.0,451.0)
(446.0,451.0)
(451.0,451.0)
(451.0,451.0)
(451.0,451.0)
(460.0,451.0)
(451.0,451.0)
(464.0,451.0)
(451.0,451.0)
(451.0,451.0)
(451.0,451.0)
(451.0,451.0)
(446.0,451.0)
(451.0,451.0)
(446.0,451.0)
(451.0,451.0)
(451.0,451.0)
(446.0,451.0)
(451.0,451.0)
(451.0,451.0)
(451.0,451.0)
(446.0,451.0)
(451.0,451.0)
(451.0,451.0)
(451.0,451.0)
(451.0,451.0)
(451.0,451.0)
(451.0,451.0)
(451.0,451.0)
(451.0,451.0)
(451.0,451.0)
(451.0,451.0)
(446.0,451.0)
(460.0,451.0)
(451.0,451.0)
(451.0,451.0)
(446.0,451.0)
(451.0,451.0)
(451.0,451.0)
(451.0,451.0)
(451.0,451.0)
(451.0,451.0)
(451.0,451.0)
(451.0,451.0)
(446.0,451.0)
(446.0,451.0)
(451.0,451.0)
(451.0,451.0)
(451.0,451.0)
(451.0,451.0)
(451.0,451.0)
(466.0,451.0)
(464.0,451.0)
(451.0,451.0)
(446.0,451.0)
(451.0,451.0)
(451.0,451.0)
(451.0,451.0)
(451.0,451.0)
(451.0,451.0)
(451.0,451.0)
(451.0,451.0)
(451.0,451.0)
(451.0,451.0)
(446.0,451.0)
(451.0,451.0)
(451.0,451.0)
(451.0,451.0)
(451.0,451.0)
(451.0,451.0)
(451.0,451.0)
(451.0,451.0)
(451.0,451.0)
(451.0,451.0)
(451.0,451.0)
(451.0,451.0)
(451.0,451.0)
(464.0,451.0)
(451.0,451.0)
(451.0,451.0)
(451.0,451.0)
(451.0,451.0)
(451.0,451.0)
(446.0,451.0)
(451.0,451.0)
(446.0,451.0)
(451.0,451.0)
(393.0,451.0)
(451.0,451.0)
(451.0,451.0)
(451.0,451.0)
(451.0,451.0)
(451.0,451.0)
(451.0,451.0)
(451.0,451.0)
(451.0,451.0)
(451.0,451.0)
(451.0,451.0)
(446.0,451.0)
(451.0,451.0)
(451.0,451.0)
(451.0,451.0)
(461.0,451.0)
(451.0,451.0)
(451.0,451.0)
(451.0,451.0)
(451.0,451.0)
(446.0,451.0)
(446.0,451.0)
(451.0,451.0)
(451.0,451.0)
(451.0,451.0)
(451.0,451.0)
(451.0,451.0)
(451.0,451.0)
(451.0,451.0)
(451.0,451.0)
(451.0,451.0)
(451.0,451.0)
(451.0,451.0)
(446.0,451.0)
(451.0,451.0)
(446.0,451.0)
(451.0,451.0)
(461.0,451.0)
(451.0,451.0)
(451.0,451.0)
(451.0,451.0)
(446.0,451.0)
(451.0,451.0)
(451.0,451.0)
(464.0,451.0)
(451.0,451.0)
(446.0,451.0)
(451.0,451.0)
(451.0,451.0)
(451.0,451.0)
(461.0,451.0)
(464.0,451.0)
(451.0,451.0)
(446.0,451.0)
(451.0,451.0)
(451.0,451.0)
(451.0,451.0)
(451.0,451.0)
(451.0,451.0)
(446.0,451.0)
(448.0,442.0)
(771.0,442.0)
(448.0,442.0)
(448.0,442.0)
(448.0,442.0)
(448.0,442.0)
(448.0,442.0)
(448.0,442.0)
(417.0,442.0)
(442.0,442.0)
(445.0,442.0)
(459.0,442.0)
(461.0,442.0)
(461.0,442.0)
(448.0,442.0)
(483.0,442.0)
(461.0,442.0)
(402.0,442.0)
(381.0,442.0)
(403.0,442.0)
(391.0,442.0)
(445.0,442.0)
(459.0,442.0)
(461.0,442.0)
(448.0,442.0)
(422.0,442.0)
(448.0,442.0)
(402.0,442.0)
(423.0,442.0)
(448.0,442.0)
(771.0,442.0)
(448.0,442.0)
(448.0,442.0)
(421.0,442.0)
(405.0,442.0)
(452.0,442.0)
(386.0,442.0)
(479.0,442.0)
(402.0,442.0)
(483.0,442.0)
(445.0,442.0)
(771.0,442.0)
(445.0,442.0)
(771.0,442.0)
(448.0,442.0)
(445.0,442.0)
(448.0,442.0)
(445.0,442.0)
(461.0,442.0)
(381.0,442.0)
(445.0,442.0)
(448.0,442.0)
(448.0,442.0)
(461.0,442.0)
(461.0,442.0)
(771.0,442.0)
(416.0,442.0)
(402.0,442.0)
(448.0,442.0)
(386.0,442.0)
(448.0,442.0)
(448.0,442.0)
(448.0,442.0)
(381.0,442.0)
(2.0,442.0)
(461.0,442.0)
(402.0,442.0)
(459.0,442.0)
(460.0,442.0)
(771.0,442.0)
(422.0,442.0)
(402.0,442.0)
(461.0,442.0)
(448.0,442.0)
(461.0,442.0)
(738.0,442.0)
(771.0,442.0)
(448.0,442.0)
(448.0,442.0)
(771.0,442.0)
(388.0,442.0)
(771.0,442.0)
(405.0,442.0)
(448.0,442.0)
(448.0,442.0)
(461.0,442.0)
(448.0,442.0)
(771.0,442.0)
(448.0,442.0)
(388.0,442.0)
(384.0,442.0)
(402.0,442.0)
(459.0,442.0)
(448.0,442.0)
(448.0,442.0)
(448.0,442.0)
(448.0,442.0)
(461.0,442.0)
(448.0,442.0)
(771.0,442.0)
(483.0,442.0)
(354.0,442.0)
(448.0,442.0)
(416.0,442.0)
(430.0,442.0)
(448.0,442.0)
(459.0,442.0)
(448.0,442.0)
(448.0,442.0)
(445.0,442.0)
(381.0,442.0)
(448.0,442.0)
(771.0,442.0)
(448.0,442.0)
(483.0,442.0)
(468.0,442.0)
(448.0,442.0)
(381.0,442.0)
(402.0,442.0)
(771.0,442.0)
(262.0,442.0)
(448.0,442.0)
(403.0,442.0)
(461.0,442.0)
(448.0,442.0)
(461.0,442.0)
(448.0,442.0)
(771.0,442.0)
(448.0,442.0)
(448.0,442.0)
(445.0,442.0)
(771.0,442.0)
(448.0,442.0)
(448.0,442.0)
(448.0,442.0)
(448.0,442.0)
(448.0,442.0)
(771.0,442.0)
(771.0,442.0)
(448.0,442.0)
(448.0,442.0)
(461.0,442.0)
(381.0,442.0)
(402.0,442.0)
(461.0,442.0)
(448.0,442.0)
(402.0,442.0)
(771.0,442.0)
(445.0,442.0)
(448.0,442.0)
(771.0,442.0)
(448.0,442.0)
(461.0,442.0)
(448.0,442.0)
(448.0,442.0)
(448.0,442.0)
(445.0,442.0)
(459.0,442.0)
(422.0,442.0)
(468.0,442.0)
(448.0,442.0)
(448.0,442.0)
(448.0,442.0)
(448.0,442.0)
(459.0,442.0)
(448.0,442.0)
(387.0,442.0)
(461.0,442.0)
(446.0,442.0)
(421.0,442.0)
(461.0,442.0)
(461.0,442.0)
(445.0,442.0)
(448.0,442.0)
(448.0,442.0)
(771.0,442.0)
(448.0,442.0)
(461.0,442.0)
(448.0,442.0)
(464.0,442.0)
(448.0,442.0)
(448.0,442.0)
(461.0,442.0)
(765.0,442.0)
(416.0,442.0)
(422.0,442.0)
(448.0,442.0)
(483.0,442.0)
(461.0,442.0)
(461.0,442.0)
(448.0,442.0)
(771.0,442.0)
(483.0,442.0)
(448.0,442.0)
(446.0,442.0)
(461.0,442.0)
(446.0,442.0)
(412.0,442.0)
(448.0,442.0)
(448.0,442.0)
(442.0,442.0)
(445.0,442.0)
(483.0,442.0)
(386.0,442.0)
(448.0,442.0)
(387.0,442.0)
(448.0,442.0)
(461.0,442.0)
(389.0,442.0)
(448.0,442.0)
(423.0,442.0)
(402.0,442.0)
(445.0,442.0)
(421.0,442.0)
(381.0,442.0)
(459.0,442.0)
(448.0,442.0)
(386.0,442.0)
(444.0,442.0)
(448.0,442.0)
(448.0,442.0)
(448.0,442.0)
(479.0,442.0)
(771.0,442.0)
(448.0,442.0)
(448.0,442.0)
(483.0,442.0)
(799.0,442.0)
(448.0,442.0)
(459.0,442.0)
(459.0,442.0)
(771.0,442.0)
(468.0,442.0)
(381.0,442.0)
(448.0,442.0)
(448.0,442.0)
(402.0,442.0)
(771.0,442.0)
(448.0,442.0)
(448.0,442.0)
(386.0,442.0)
(448.0,442.0)
(445.0,442.0)
(445.0,442.0)
(448.0,442.0)
(448.0,442.0)
(448.0,442.0)
(459.0,442.0)
(448.0,442.0)
(448.0,442.0)
(448.0,442.0)
(448.0,442.0)
(771.0,442.0)
(434.0,442.0)
(452.0,442.0)
(408.0,442.0)
(381.0,442.0)
(445.0,442.0)
(771.0,442.0)
(402.0,442.0)
(448.0,442.0)
(448.0,442.0)
(461.0,442.0)
(461.0,442.0)
(381.0,442.0)
(448.0,442.0)
(445.0,442.0)
(771.0,442.0)
(483.0,442.0)
(461.0,442.0)
(448.0,442.0)
(402.0,442.0)
(448.0,442.0)
(771.0,442.0)
(464.0,442.0)
(783.0,442.0)
(448.0,442.0)
(448.0,442.0)
(771.0,442.0)
(448.0,442.0)
(448.0,442.0)
(448.0,442.0)
(460.0,442.0)
(388.0,442.0)
(771.0,442.0)
(461.0,442.0)
(460.0,442.0)
(381.0,442.0)
(410.0,442.0)
(771.0,442.0)
(402.0,442.0)
(448.0,442.0)
(448.0,442.0)
(402.0,442.0)
(771.0,442.0)
(424.0,442.0)
(402.0,442.0)
(461.0,442.0)
(771.0,442.0)
(444.0,442.0)
(771.0,442.0)
(445.0,442.0)
(448.0,442.0)
(461.0,442.0)
(452.0,442.0)
(448.0,442.0)
(771.0,442.0)
(388.0,442.0)
(460.0,442.0)
(483.0,442.0)
(461.0,442.0)
(448.0,442.0)
(386.0,442.0)
(416.0,442.0)
(448.0,442.0)
(771.0,442.0)
(448.0,442.0)
(448.0,442.0)
(771.0,442.0)
(448.0,442.0)
(448.0,442.0)
(448.0,442.0)
(445.0,442.0)
(448.0,442.0)
(448.0,442.0)
(468.0,442.0)
(445.0,442.0)
(381.0,442.0)
(448.0,442.0)
(448.0,442.0)
(423.0,442.0)
(445.0,442.0)
(386.0,442.0)
(771.0,442.0)
(428.0,442.0)
(448.0,442.0)
(412.0,442.0)
(448.0,442.0)
(448.0,442.0)
(416.0,442.0)
(448.0,442.0)
(445.0,442.0)
(448.0,442.0)
(448.0,442.0)
(448.0,442.0)
(771.0,442.0)
(421.0,442.0)
(479.0,442.0)
(442.0,442.0)
(483.0,442.0)
(771.0,442.0)
(459.0,442.0)
(423.0,442.0)
(459.0,442.0)
(461.0,442.0)
(442.0,442.0)
(448.0,442.0)
(402.0,442.0)
(771.0,442.0)
(442.0,442.0)
(448.0,442.0)
(483.0,442.0)
(445.0,442.0)
(771.0,442.0)
(448.0,442.0)
(448.0,442.0)
(448.0,442.0)
(461.0,442.0)
(771.0,442.0)
(448.0,442.0)
(448.0,442.0)
(448.0,442.0)
(448.0,442.0)
(448.0,442.0)
(771.0,442.0)
(771.0,442.0)
(386.0,442.0)
(386.0,442.0)
(445.0,442.0)
(448.0,442.0)
(448.0,442.0)
(448.0,442.0)
(799.0,442.0)
(445.0,442.0)
(448.0,442.0)
(771.0,442.0)
(461.0,442.0)
(464.0,442.0)
(479.0,442.0)
(448.0,442.0)
(448.0,442.0)
(448.0,442.0)
(448.0,442.0)
(448.0,442.0)
(448.0,442.0)
(461.0,442.0)
(459.0,442.0)
(431.0,442.0)
(448.0,442.0)
(479.0,442.0)
(448.0,442.0)
(416.0,442.0)
(448.0,442.0)
(448.0,442.0)
(448.0,442.0)
(448.0,442.0)
(448.0,442.0)
(422.0,442.0)
(771.0,442.0)
(483.0,442.0)
(445.0,442.0)
(387.0,442.0)
(448.0,442.0)
(421.0,442.0)
(448.0,442.0)
(448.0,442.0)
(483.0,442.0)
(461.0,442.0)
(448.0,442.0)
(448.0,442.0)
(460.0,442.0)
(445.0,442.0)
(461.0,442.0)
(461.0,442.0)
(445.0,442.0)
(448.0,442.0)
(448.0,442.0)
(381.0,442.0)
(483.0,442.0)
(424.0,442.0)
(771.0,442.0)
(448.0,442.0)
(464.0,442.0)
(448.0,442.0)
(381.0,442.0)
(448.0,442.0)
(448.0,442.0)
(448.0,442.0)
(464.0,442.0)
(386.0,442.0)
(461.0,442.0)
(448.0,442.0)
(421.0,442.0)
(448.0,442.0)
(464.0,442.0)
(445.0,442.0)
(461.0,442.0)
(448.0,442.0)
(448.0,442.0)
(448.0,442.0)
(448.0,442.0)
(448.0,442.0)
(461.0,442.0)
(771.0,442.0)
(448.0,442.0)
(738.0,442.0)
(448.0,442.0)
(448.0,442.0)
(483.0,442.0)
(448.0,442.0)
(434.0,442.0)
(402.0,442.0)
(483.0,442.0)
(448.0,442.0)
(402.0,442.0)
(448.0,442.0)
(448.0,442.0)
(771.0,442.0)
(461.0,442.0)
(388.0,442.0)
(771.0,442.0)
(448.0,442.0)
(771.0,442.0)
(461.0,442.0)
(461.0,442.0)
(461.0,442.0)
(448.0,442.0)
(771.0,442.0)
(771.0,442.0)
(459.0,442.0)
(461.0,442.0)
(461.0,442.0)
(448.0,442.0)
(428.0,442.0)
(448.0,442.0)
(448.0,442.0)
(445.0,442.0)
(771.0,442.0)
(460.0,442.0)
(402.0,442.0)
(461.0,442.0)
(479.0,442.0)
(771.0,442.0)
(448.0,442.0)
(461.0,442.0)
(386.0,442.0)
(448.0,442.0)
(771.0,442.0)
(771.0,442.0)
(448.0,442.0)
(389.0,442.0)
(448.0,442.0)
(479.0,442.0)
(461.0,442.0)
(448.0,442.0)
(445.0,442.0)
(445.0,442.0)
(448.0,442.0)
(388.0,442.0)
(402.0,442.0)
(461.0,442.0)
(445.0,442.0)
(448.0,442.0)
(448.0,442.0)
(448.0,442.0)
(461.0,442.0)
(424.0,442.0)
(448.0,442.0)
(771.0,442.0)
(464.0,442.0)
(448.0,442.0)
(461.0,442.0)
(448.0,442.0)
(461.0,442.0)
(422.0,442.0)
(799.0,442.0)
(448.0,442.0)
(448.0,442.0)
(448.0,442.0)
(452.0,442.0)
(459.0,442.0)
(386.0,442.0)
(782.0,442.0)
(468.0,442.0)
(771.0,442.0)
(448.0,442.0)
(381.0,442.0)
(442.0,442.0)
(448.0,442.0)
(386.0,442.0)
(445.0,442.0)
(448.0,442.0)
(445.0,442.0)
(448.0,442.0)
(448.0,442.0)
(448.0,442.0)
(448.0,442.0)
(386.0,442.0)
(771.0,442.0)
(448.0,442.0)
(448.0,442.0)
(403.0,442.0)
(448.0,442.0)
(461.0,442.0)
(448.0,442.0)
(448.0,442.0)
(448.0,442.0)
(483.0,442.0)
(448.0,442.0)
(460.0,442.0)
(381.0,442.0)
(423.0,442.0)
(448.0,442.0)
(448.0,442.0)
(459.0,442.0)
(459.0,442.0)
(771.0,442.0)
(448.0,442.0)
(448.0,442.0)
(448.0,442.0)
(771.0,442.0)
(434.0,442.0)
(448.0,442.0)
(468.0,442.0)
(448.0,442.0)
(448.0,442.0)
(448.0,442.0)
(448.0,442.0)
(452.0,442.0)
(402.0,442.0)
(403.0,442.0)
(408.0,442.0)
(448.0,442.0)
(448.0,442.0)
(448.0,442.0)
(445.0,442.0)
(464.0,442.0)
(771.0,442.0)
(448.0,442.0)
(448.0,442.0)
(460.0,442.0)
(448.0,442.0)
(381.0,442.0)
(468.0,442.0)
(461.0,442.0)
(448.0,442.0)
(389.0,442.0)
(389.0,442.0)
(459.0,442.0)
(448.0,442.0)
(771.0,442.0)
(381.0,442.0)
(461.0,442.0)
(448.0,442.0)
(448.0,442.0)
(448.0,442.0)
(771.0,442.0)
(461.0,442.0)
(468.0,442.0)
(448.0,442.0)
(448.0,442.0)
(445.0,442.0)
(448.0,442.0)
(461.0,442.0)
(448.0,442.0)
(428.0,442.0)
(402.0,442.0)
(461.0,442.0)
(448.0,442.0)
(445.0,442.0)
(448.0,442.0)
(402.0,442.0)
(402.0,442.0)
(448.0,442.0)
(381.0,442.0)
(388.0,442.0)
(448.0,442.0)
(448.0,442.0)
(469.0,442.0)
(461.0,442.0)
(448.0,442.0)
(422.0,442.0)
(459.0,442.0)
(416.0,442.0)
(448.0,442.0)
(445.0,442.0)
(483.0,442.0)
(448.0,442.0)
(448.0,442.0)
(448.0,442.0)
(479.0,442.0)
(446.0,442.0)
(468.0,442.0)
(448.0,442.0)
(461.0,442.0)
(448.0,442.0)
(448.0,442.0)
(422.0,442.0)
(448.0,442.0)
(387.0,442.0)
(405.0,442.0)
(448.0,442.0)
(448.0,442.0)
(448.0,442.0)
(448.0,442.0)
(468.0,442.0)
(461.0,442.0)
(445.0,442.0)
(445.0,442.0)
(386.0,442.0)
(448.0,442.0)
(445.0,442.0)
(452.0,442.0)
(403.0,442.0)
(448.0,442.0)
(402.0,442.0)
(412.0,442.0)
(448.0,442.0)
(771.0,442.0)
(386.0,442.0)
(448.0,442.0)
(448.0,442.0)
(424.0,442.0)
(389.0,442.0)
(445.0,442.0)
(464.0,442.0)
(448.0,442.0)
(448.0,442.0)
(448.0,442.0)
(783.0,442.0)
(388.0,442.0)
(448.0,442.0)
(386.0,442.0)
(442.0,442.0)
(442.0,442.0)
(448.0,442.0)
(448.0,442.0)
(448.0,442.0)
(448.0,442.0)
(445.0,442.0)
(469.0,442.0)
(422.0,442.0)
(483.0,442.0)
(448.0,442.0)
(459.0,442.0)
(483.0,442.0)
(448.0,442.0)
(448.0,442.0)
(448.0,442.0)
(483.0,442.0)
(771.0,442.0)
(448.0,442.0)
(448.0,442.0)
(388.0,442.0)
(448.0,442.0)
(461.0,442.0)
(771.0,442.0)
(389.0,442.0)
(402.0,442.0)
(386.0,442.0)
(483.0,442.0)
(448.0,442.0)
(784.0,442.0)
(445.0,442.0)
(447.0,442.0)
(448.0,442.0)
(448.0,442.0)
(448.0,442.0)
(771.0,442.0)
(738.0,442.0)
(442.0,442.0)
(448.0,442.0)
(448.0,442.0)
(448.0,442.0)
(445.0,442.0)
(448.0,442.0)
(771.0,442.0)
(445.0,442.0)
(738.0,442.0)
(448.0,442.0)
(771.0,442.0)
(445.0,442.0)
(448.0,442.0)
(448.0,442.0)
(738.0,442.0)
(448.0,442.0)
(448.0,442.0)
(402.0,442.0)
(448.0,442.0)
(448.0,442.0)
(782.0,442.0)
(771.0,442.0)
(771.0,442.0)
(771.0,442.0)
(459.0,442.0)
(448.0,442.0)
(448.0,442.0)
(738.0,442.0)
(384.0,442.0)
(421.0,442.0)
(771.0,442.0)
(402.0,442.0)
(771.0,442.0)
(483.0,442.0)
(416.0,442.0)
(448.0,442.0)
(448.0,442.0)
(448.0,442.0)
(771.0,442.0)
(448.0,442.0)
(785.0,442.0)
(448.0,442.0)
(421.0,442.0)
(448.0,442.0)
(448.0,442.0)
(479.0,442.0)
(452.0,442.0)
(483.0,442.0)
(445.0,442.0)
(381.0,442.0)
(448.0,442.0)
(479.0,442.0)
(452.0,442.0)
(445.0,442.0)
(483.0,442.0)
(448.0,442.0)
(381.0,442.0)
(448.0,442.0)
(448.0,442.0)
(445.0,442.0)
(771.0,442.0)
(448.0,442.0)
(445.0,442.0)
(386.0,442.0)
(771.0,442.0)
(445.0,442.0)
(448.0,442.0)
(428.0,442.0)
(771.0,442.0)
(386.0,442.0)
(445.0,442.0)
(381.0,442.0)
(448.0,442.0)
(448.0,442.0)
(461.0,442.0)
(771.0,442.0)
(448.0,442.0)
(448.0,442.0)
(448.0,442.0)
(461.0,442.0)
(483.0,442.0)
(459.0,442.0)
(423.0,442.0)
(461.0,442.0)
(402.0,442.0)
(445.0,442.0)
(771.0,442.0)
(402.0,442.0)
(463.0,442.0)
(448.0,442.0)
(461.0,442.0)
(448.0,442.0)
(460.0,442.0)
(448.0,442.0)
(386.0,442.0)
(467.0,442.0)
(448.0,442.0)
(448.0,442.0)
(448.0,442.0)
(416.0,442.0)
(448.0,442.0)
(402.0,442.0)
(428.0,442.0)
(434.0,442.0)
(421.0,442.0)
(771.0,442.0)
(445.0,442.0)
(771.0,442.0)
(771.0,442.0)
(448.0,442.0)
(464.0,442.0)
(448.0,442.0)
(461.0,442.0)
