(301.0,301.0)
(301.0,301.0)
(301.0,301.0)
(301.0,301.0)
(301.0,301.0)
(301.0,301.0)
(301.0,301.0)
(301.0,301.0)
(301.0,301.0)
(301.0,301.0)
(288.0,301.0)
(301.0,301.0)
(301.0,301.0)
(301.0,301.0)
(301.0,301.0)
(301.0,301.0)
(301.0,301.0)
(301.0,301.0)
(692.0,301.0)
(288.0,301.0)
(301.0,301.0)
(301.0,301.0)
(301.0,301.0)
(288.0,301.0)
(301.0,301.0)
(301.0,301.0)
(301.0,301.0)
(301.0,301.0)
(301.0,301.0)
(301.0,301.0)
(301.0,301.0)
(288.0,301.0)
(301.0,301.0)
(288.0,301.0)
(301.0,301.0)
(301.0,301.0)
(301.0,301.0)
(301.0,301.0)
(301.0,301.0)
(301.0,301.0)
(301.0,301.0)
(301.0,301.0)
(301.0,301.0)
(301.0,301.0)
(301.0,301.0)
(288.0,301.0)
(288.0,301.0)
(288.0,301.0)
(301.0,301.0)
(301.0,301.0)
(301.0,301.0)
(301.0,301.0)
(301.0,301.0)
(692.0,301.0)
(301.0,301.0)
(301.0,301.0)
(301.0,301.0)
(301.0,301.0)
(301.0,301.0)
(301.0,301.0)
(301.0,301.0)
(301.0,301.0)
(301.0,301.0)
(301.0,301.0)
(692.0,301.0)
(301.0,301.0)
(288.0,301.0)
(301.0,301.0)
(301.0,301.0)
(301.0,301.0)
(301.0,301.0)
(301.0,301.0)
(288.0,301.0)
(301.0,301.0)
(288.0,301.0)
(301.0,301.0)
(301.0,301.0)
(301.0,301.0)
(301.0,301.0)
(301.0,301.0)
(301.0,301.0)
(288.0,301.0)
(301.0,301.0)
(301.0,301.0)
(301.0,301.0)
(301.0,301.0)
(301.0,301.0)
(301.0,301.0)
(301.0,301.0)
(301.0,301.0)
(301.0,301.0)
(301.0,301.0)
(301.0,301.0)
(301.0,301.0)
(301.0,301.0)
(301.0,301.0)
(301.0,301.0)
(301.0,301.0)
(301.0,301.0)
(301.0,301.0)
(301.0,301.0)
(301.0,301.0)
(301.0,301.0)
(301.0,301.0)
(301.0,301.0)
(301.0,301.0)
(301.0,301.0)
(301.0,301.0)
(301.0,301.0)
(301.0,301.0)
(301.0,301.0)
(301.0,301.0)
(301.0,301.0)
(301.0,301.0)
(301.0,301.0)
(301.0,301.0)
(301.0,301.0)
(301.0,301.0)
(301.0,301.0)
(301.0,301.0)
(301.0,301.0)
(301.0,301.0)
(301.0,301.0)
(301.0,301.0)
(301.0,301.0)
(658.0,301.0)
(301.0,301.0)
(301.0,301.0)
(301.0,301.0)
(301.0,301.0)
(301.0,301.0)
(301.0,301.0)
(301.0,301.0)
(301.0,301.0)
(301.0,301.0)
(301.0,301.0)
(301.0,301.0)
(301.0,301.0)
(301.0,301.0)
(301.0,301.0)
(301.0,301.0)
(301.0,301.0)
(301.0,301.0)
(301.0,301.0)
(301.0,301.0)
(301.0,301.0)
(301.0,301.0)
(301.0,301.0)
(301.0,301.0)
(301.0,301.0)
(301.0,301.0)
(301.0,301.0)
(301.0,301.0)
(301.0,301.0)
(301.0,301.0)
(301.0,301.0)
(658.0,301.0)
(301.0,301.0)
(301.0,301.0)
(301.0,301.0)
(301.0,301.0)
(301.0,301.0)
(301.0,301.0)
(301.0,301.0)
(301.0,301.0)
(301.0,301.0)
(301.0,301.0)
(658.0,301.0)
(301.0,301.0)
(301.0,301.0)
(301.0,301.0)
(301.0,301.0)
(301.0,301.0)
(301.0,301.0)
(301.0,301.0)
(301.0,301.0)
(301.0,301.0)
(658.0,301.0)
(301.0,301.0)
(301.0,301.0)
(301.0,301.0)
(301.0,301.0)
(301.0,301.0)
(301.0,301.0)
(301.0,301.0)
(301.0,301.0)
(301.0,301.0)
(301.0,301.0)
(301.0,301.0)
(301.0,301.0)
(301.0,301.0)
(301.0,301.0)
(301.0,301.0)
(301.0,301.0)
(301.0,301.0)
(301.0,301.0)
(301.0,301.0)
(301.0,301.0)
(301.0,301.0)
(301.0,301.0)
(658.0,301.0)
(301.0,301.0)
(301.0,301.0)
(301.0,301.0)
(301.0,301.0)
(294.0,301.0)
(294.0,301.0)
(301.0,301.0)
(294.0,301.0)
(301.0,301.0)
(301.0,301.0)
(294.0,301.0)
(294.0,301.0)
(294.0,301.0)
(301.0,301.0)
(301.0,301.0)
(294.0,301.0)
(294.0,301.0)
(294.0,301.0)
(301.0,301.0)
(301.0,301.0)
(687.0,301.0)
(294.0,301.0)
(294.0,301.0)
(301.0,301.0)
(301.0,301.0)
(301.0,301.0)
(301.0,301.0)
(301.0,301.0)
(294.0,301.0)
(301.0,301.0)
(294.0,301.0)
(301.0,301.0)
(301.0,301.0)
(301.0,301.0)
(294.0,301.0)
(301.0,301.0)
(294.0,301.0)
(301.0,301.0)
(294.0,301.0)
(301.0,301.0)
(301.0,301.0)
(301.0,301.0)
(301.0,301.0)
(294.0,301.0)
(301.0,301.0)
(301.0,301.0)
(294.0,301.0)
(301.0,301.0)
(301.0,301.0)
(294.0,301.0)
(301.0,301.0)
(294.0,301.0)
(301.0,301.0)
(294.0,301.0)
(301.0,301.0)
(294.0,301.0)
(301.0,301.0)
(294.0,301.0)
(294.0,301.0)
(294.0,301.0)
(294.0,301.0)
(294.0,301.0)
(301.0,301.0)
(294.0,301.0)
(294.0,301.0)
(301.0,301.0)
(301.0,301.0)
(301.0,301.0)
(301.0,301.0)
(301.0,301.0)
(340.0,301.0)
(301.0,301.0)
(301.0,301.0)
(301.0,301.0)
(301.0,301.0)
(301.0,301.0)
(294.0,301.0)
(301.0,301.0)
(301.0,301.0)
(294.0,301.0)
(301.0,301.0)
(301.0,301.0)
(301.0,301.0)
(294.0,301.0)
(294.0,301.0)
(301.0,301.0)
(294.0,301.0)
(301.0,301.0)
(301.0,301.0)
(294.0,301.0)
(294.0,301.0)
(301.0,301.0)
(301.0,301.0)
(301.0,301.0)
(301.0,301.0)
(301.0,301.0)
(301.0,301.0)
(294.0,301.0)
(301.0,301.0)
(294.0,301.0)
(294.0,301.0)
(294.0,301.0)
(294.0,301.0)
(294.0,301.0)
(301.0,301.0)
(294.0,301.0)
(301.0,301.0)
(301.0,301.0)
(294.0,301.0)
(301.0,301.0)
(301.0,301.0)
(301.0,301.0)
(294.0,301.0)
(340.0,301.0)
(294.0,301.0)
(294.0,301.0)
(294.0,301.0)
(294.0,301.0)
(301.0,301.0)
(294.0,301.0)
(301.0,301.0)
(301.0,301.0)
(301.0,301.0)
(294.0,301.0)
(301.0,301.0)
(301.0,301.0)
(301.0,301.0)
(294.0,301.0)
(294.0,301.0)
(301.0,301.0)
(294.0,301.0)
(301.0,301.0)
(262.0,301.0)
(294.0,301.0)
(301.0,301.0)
(294.0,301.0)
(301.0,301.0)
(301.0,301.0)
(301.0,301.0)
(301.0,301.0)
(301.0,301.0)
(294.0,301.0)
(301.0,301.0)
(294.0,301.0)
(301.0,301.0)
(294.0,301.0)
(301.0,301.0)
(294.0,301.0)
(301.0,301.0)
(301.0,301.0)
(294.0,301.0)
(294.0,301.0)
(294.0,301.0)
(301.0,301.0)
(301.0,301.0)
(301.0,301.0)
(301.0,301.0)
(294.0,301.0)
(301.0,301.0)
(301.0,301.0)
(301.0,301.0)
(301.0,301.0)
(301.0,301.0)
(294.0,301.0)
(301.0,301.0)
(294.0,301.0)
(301.0,301.0)
(294.0,301.0)
(294.0,301.0)
(294.0,301.0)
(301.0,301.0)
(301.0,301.0)
(294.0,301.0)
(301.0,301.0)
(294.0,301.0)
(301.0,301.0)
(262.0,301.0)
(294.0,301.0)
(294.0,301.0)
(687.0,301.0)
(301.0,301.0)
(301.0,301.0)
(301.0,301.0)
(301.0,301.0)
(301.0,301.0)
(294.0,301.0)
(301.0,301.0)
(294.0,301.0)
(301.0,301.0)
(294.0,301.0)
(301.0,301.0)
(294.0,301.0)
(294.0,301.0)
(301.0,301.0)
(294.0,301.0)
(301.0,301.0)
(301.0,301.0)
(294.0,301.0)
(301.0,301.0)
(294.0,301.0)
(294.0,301.0)
(301.0,301.0)
(294.0,301.0)
(294.0,301.0)
(301.0,301.0)
(294.0,301.0)
(301.0,301.0)
(301.0,301.0)
(294.0,301.0)
(294.0,301.0)
(294.0,301.0)
(301.0,301.0)
(301.0,301.0)
(294.0,301.0)
(294.0,301.0)
(294.0,301.0)
(301.0,301.0)
(301.0,301.0)
(294.0,301.0)
(294.0,301.0)
(294.0,301.0)
(301.0,301.0)
(692.0,301.0)
(301.0,301.0)
(301.0,301.0)
(301.0,301.0)
(294.0,301.0)
(692.0,301.0)
(294.0,301.0)
(301.0,301.0)
(301.0,301.0)
(301.0,301.0)
(294.0,301.0)
(301.0,301.0)
(294.0,301.0)
(692.0,301.0)
(294.0,301.0)
(301.0,301.0)
(301.0,301.0)
(301.0,301.0)
(301.0,301.0)
(294.0,301.0)
(301.0,301.0)
(301.0,301.0)
(294.0,301.0)
(301.0,301.0)
(301.0,301.0)
(294.0,301.0)
(301.0,301.0)
(294.0,301.0)
(301.0,301.0)
(294.0,301.0)
(301.0,301.0)
(294.0,301.0)
(301.0,301.0)
(294.0,301.0)
(294.0,301.0)
(294.0,301.0)
(294.0,301.0)
(294.0,301.0)
(301.0,301.0)
(294.0,301.0)
(294.0,301.0)
(301.0,301.0)
(301.0,301.0)
(692.0,301.0)
(692.0,301.0)
(301.0,301.0)
(340.0,301.0)
(692.0,301.0)
(301.0,301.0)
(692.0,301.0)
(301.0,301.0)
(301.0,301.0)
(294.0,301.0)
(301.0,301.0)
(301.0,301.0)
(294.0,301.0)
(692.0,301.0)
(301.0,301.0)
(301.0,301.0)
(294.0,301.0)
(294.0,301.0)
(692.0,301.0)
(294.0,301.0)
(301.0,301.0)
(301.0,301.0)
(294.0,301.0)
(294.0,301.0)
(301.0,301.0)
(692.0,301.0)
(301.0,301.0)
(301.0,301.0)
(301.0,301.0)
(692.0,301.0)
(294.0,301.0)
(301.0,301.0)
(294.0,301.0)
(294.0,301.0)
(294.0,301.0)
(294.0,301.0)
(294.0,301.0)
(301.0,301.0)
(294.0,301.0)
(301.0,301.0)
(692.0,301.0)
(294.0,301.0)
(301.0,301.0)
(692.0,301.0)
(301.0,301.0)
(294.0,301.0)
(294.0,301.0)
(294.0,301.0)
(294.0,301.0)
(294.0,301.0)
(294.0,301.0)
(692.0,301.0)
(294.0,301.0)
(301.0,301.0)
(301.0,301.0)
(301.0,301.0)
(294.0,301.0)
(301.0,301.0)
(692.0,301.0)
(301.0,301.0)
(294.0,301.0)
(294.0,301.0)
(301.0,301.0)
(294.0,301.0)
(301.0,301.0)
(301.0,301.0)
(294.0,301.0)
(301.0,301.0)
(294.0,301.0)
(301.0,301.0)
(301.0,301.0)
(301.0,301.0)
(301.0,301.0)
(692.0,301.0)
(294.0,301.0)
(301.0,301.0)
(294.0,301.0)
(301.0,301.0)
(294.0,301.0)
(301.0,301.0)
(294.0,301.0)
(301.0,301.0)
(301.0,301.0)
(294.0,301.0)
(294.0,301.0)
(294.0,301.0)
(301.0,301.0)
(301.0,301.0)
(301.0,301.0)
(301.0,301.0)
(294.0,301.0)
(692.0,301.0)
(301.0,301.0)
(301.0,301.0)
(301.0,301.0)
(301.0,301.0)
(294.0,301.0)
(301.0,301.0)
(294.0,301.0)
(301.0,301.0)
(294.0,301.0)
(294.0,301.0)
(294.0,301.0)
(301.0,301.0)
(301.0,301.0)
(294.0,301.0)
(301.0,301.0)
(294.0,301.0)
(692.0,301.0)
(294.0,301.0)
(294.0,301.0)
(294.0,301.0)
(687.0,301.0)
(301.0,301.0)
(692.0,301.0)
(301.0,301.0)
(301.0,301.0)
(301.0,301.0)
(294.0,301.0)
(301.0,301.0)
(294.0,301.0)
(301.0,301.0)
(294.0,301.0)
(301.0,301.0)
(294.0,301.0)
(294.0,301.0)
(301.0,301.0)
(294.0,301.0)
(301.0,301.0)
(301.0,301.0)
(294.0,301.0)
(301.0,301.0)
(294.0,301.0)
(294.0,301.0)
(301.0,687.0)
(301.0,687.0)
(301.0,687.0)
(301.0,687.0)
(301.0,687.0)
(301.0,687.0)
(301.0,687.0)
(301.0,687.0)
(301.0,687.0)
(301.0,687.0)
(301.0,687.0)
(301.0,687.0)
(301.0,687.0)
(301.0,687.0)
(301.0,687.0)
(301.0,687.0)
(301.0,687.0)
(301.0,687.0)
(301.0,687.0)
(301.0,687.0)
(301.0,687.0)
(301.0,687.0)
(301.0,687.0)
(301.0,687.0)
(301.0,687.0)
(301.0,687.0)
(301.0,687.0)
(301.0,687.0)
(301.0,687.0)
(301.0,687.0)
(301.0,687.0)
(301.0,687.0)
(301.0,687.0)
(687.0,687.0)
(301.0,687.0)
(301.0,687.0)
(301.0,687.0)
(301.0,687.0)
(687.0,687.0)
(301.0,687.0)
(301.0,687.0)
(301.0,687.0)
(301.0,687.0)
(687.0,687.0)
(690.0,687.0)
(301.0,687.0)
(301.0,687.0)
(301.0,687.0)
(301.0,687.0)
(301.0,687.0)
(690.0,687.0)
(301.0,687.0)
(301.0,687.0)
(301.0,687.0)
(301.0,687.0)
(301.0,687.0)
(301.0,687.0)
(301.0,687.0)
(301.0,687.0)
(301.0,687.0)
(301.0,687.0)
(301.0,687.0)
(690.0,687.0)
(301.0,687.0)
(301.0,687.0)
(690.0,687.0)
(301.0,687.0)
(690.0,687.0)
(301.0,687.0)
(301.0,687.0)
(301.0,687.0)
(301.0,687.0)
(301.0,687.0)
(301.0,687.0)
(301.0,687.0)
(301.0,687.0)
(301.0,687.0)
(690.0,687.0)
(301.0,687.0)
(301.0,687.0)
(301.0,687.0)
(301.0,687.0)
(301.0,687.0)
(301.0,687.0)
(301.0,687.0)
(301.0,687.0)
(687.0,687.0)
(301.0,687.0)
(301.0,687.0)
(301.0,687.0)
(301.0,687.0)
(301.0,687.0)
(301.0,687.0)
(301.0,687.0)
(301.0,687.0)
(301.0,687.0)
(301.0,687.0)
(301.0,687.0)
(301.0,687.0)
(301.0,687.0)
(690.0,687.0)
(301.0,687.0)
(301.0,687.0)
(301.0,687.0)
(301.0,687.0)
(301.0,687.0)
(301.0,687.0)
(301.0,687.0)
(301.0,687.0)
(301.0,687.0)
(301.0,687.0)
(301.0,687.0)
(301.0,687.0)
(690.0,687.0)
(301.0,687.0)
(301.0,687.0)
(301.0,687.0)
(301.0,687.0)
(301.0,687.0)
(690.0,687.0)
(301.0,687.0)
(690.0,687.0)
(301.0,687.0)
(301.0,687.0)
(301.0,687.0)
(301.0,687.0)
(301.0,687.0)
(301.0,687.0)
(301.0,687.0)
(687.0,687.0)
(301.0,687.0)
(301.0,687.0)
(690.0,687.0)
(690.0,687.0)
(301.0,687.0)
(301.0,687.0)
(301.0,687.0)
(301.0,687.0)
(301.0,687.0)
(301.0,687.0)
(301.0,687.0)
(301.0,687.0)
(301.0,687.0)
(687.0,687.0)
(301.0,687.0)
(301.0,687.0)
(301.0,687.0)
(301.0,687.0)
(690.0,687.0)
(687.0,687.0)
(301.0,687.0)
(301.0,687.0)
(301.0,687.0)
(690.0,687.0)
(301.0,687.0)
(690.0,687.0)
(301.0,687.0)
(301.0,687.0)
(301.0,687.0)
(301.0,687.0)
(301.0,687.0)
(301.0,687.0)
(690.0,687.0)
(301.0,687.0)
(687.0,687.0)
(687.0,687.0)
(301.0,687.0)
(301.0,687.0)
(301.0,687.0)
(301.0,687.0)
(687.0,687.0)
(301.0,687.0)
(692.0,687.0)
(301.0,687.0)
(301.0,687.0)
(687.0,687.0)
(687.0,687.0)
(690.0,687.0)
(687.0,687.0)
(687.0,687.0)
(301.0,687.0)
(687.0,687.0)
(301.0,687.0)
(687.0,687.0)
(690.0,687.0)
(301.0,687.0)
(692.0,687.0)
(301.0,687.0)
(687.0,687.0)
(301.0,687.0)
(301.0,687.0)
(687.0,687.0)
(687.0,687.0)
(687.0,687.0)
(687.0,687.0)
(687.0,687.0)
(301.0,687.0)
(301.0,687.0)
(690.0,687.0)
(687.0,687.0)
(687.0,687.0)
(301.0,687.0)
(687.0,687.0)
(690.0,687.0)
(687.0,687.0)
(301.0,687.0)
(301.0,687.0)
(690.0,687.0)
(301.0,687.0)
(687.0,687.0)
(687.0,687.0)
(687.0,687.0)
(687.0,687.0)
(301.0,687.0)
(687.0,687.0)
(301.0,687.0)
(692.0,687.0)
(687.0,687.0)
(692.0,687.0)
(690.0,687.0)
(301.0,687.0)
(687.0,687.0)
(687.0,687.0)
(692.0,687.0)
(301.0,687.0)
(301.0,687.0)
(687.0,687.0)
(301.0,687.0)
(687.0,687.0)
(692.0,687.0)
(690.0,687.0)
(687.0,687.0)
(687.0,687.0)
(687.0,687.0)
(301.0,687.0)
(687.0,687.0)
(301.0,687.0)
(687.0,687.0)
(301.0,687.0)
(687.0,687.0)
(301.0,687.0)
(687.0,687.0)
(301.0,687.0)
(301.0,687.0)
(301.0,687.0)
(301.0,687.0)
(687.0,687.0)
(690.0,687.0)
(687.0,687.0)
(687.0,687.0)
(692.0,687.0)
(301.0,687.0)
(301.0,687.0)
(301.0,687.0)
(301.0,687.0)
(301.0,687.0)
(687.0,687.0)
(301.0,687.0)
(692.0,687.0)
(687.0,687.0)
(687.0,687.0)
(690.0,687.0)
(687.0,687.0)
(301.0,687.0)
(301.0,687.0)
(301.0,687.0)
(301.0,687.0)
(690.0,687.0)
(301.0,687.0)
(690.0,687.0)
(301.0,687.0)
(301.0,687.0)
(692.0,687.0)
(687.0,687.0)
(301.0,687.0)
(301.0,687.0)
(692.0,687.0)
(690.0,687.0)
(687.0,687.0)
(301.0,687.0)
(690.0,687.0)
(690.0,687.0)
(692.0,687.0)
(301.0,687.0)
(687.0,687.0)
(687.0,687.0)
(301.0,687.0)
(687.0,687.0)
(687.0,687.0)
(301.0,687.0)
(692.0,687.0)
(687.0,687.0)
(301.0,687.0)
(687.0,687.0)
(301.0,687.0)
(687.0,687.0)
(301.0,687.0)
(687.0,687.0)
(690.0,687.0)
(687.0,687.0)
(687.0,687.0)
(687.0,687.0)
(687.0,687.0)
(690.0,687.0)
(692.0,687.0)
(690.0,687.0)
(687.0,687.0)
(301.0,687.0)
(301.0,687.0)
(301.0,687.0)
(687.0,687.0)
(301.0,687.0)
(692.0,687.0)
(690.0,687.0)
(301.0,301.0)
(301.0,301.0)
(301.0,301.0)
(301.0,301.0)
(301.0,301.0)
(301.0,301.0)
(301.0,301.0)
(301.0,301.0)
(301.0,301.0)
(301.0,301.0)
(301.0,301.0)
(301.0,301.0)
(301.0,301.0)
(301.0,301.0)
(301.0,301.0)
(301.0,301.0)
(301.0,301.0)
(301.0,301.0)
(301.0,301.0)
(301.0,301.0)
(312.0,301.0)
(301.0,301.0)
(301.0,301.0)
(301.0,301.0)
(301.0,301.0)
(312.0,301.0)
(301.0,301.0)
(301.0,301.0)
(301.0,301.0)
(301.0,301.0)
(301.0,301.0)
(301.0,301.0)
(312.0,301.0)
(301.0,301.0)
(301.0,301.0)
(301.0,301.0)
(301.0,301.0)
(301.0,301.0)
(301.0,301.0)
(301.0,301.0)
(301.0,301.0)
(301.0,301.0)
(301.0,301.0)
(301.0,301.0)
(301.0,301.0)
(301.0,301.0)
(301.0,301.0)
(301.0,301.0)
(301.0,301.0)
(301.0,301.0)
(301.0,301.0)
(301.0,301.0)
(301.0,301.0)
(301.0,301.0)
(301.0,301.0)
(301.0,301.0)
(301.0,301.0)
(301.0,301.0)
(301.0,301.0)
(301.0,301.0)
(312.0,301.0)
(312.0,301.0)
(301.0,301.0)
(301.0,301.0)
(301.0,301.0)
(301.0,301.0)
(312.0,301.0)
(301.0,301.0)
(301.0,301.0)
(301.0,301.0)
(301.0,301.0)
(301.0,301.0)
(312.0,301.0)
(301.0,301.0)
(301.0,301.0)
(301.0,301.0)
(301.0,301.0)
(312.0,301.0)
(301.0,301.0)
(301.0,301.0)
(301.0,301.0)
(301.0,301.0)
(301.0,301.0)
(301.0,301.0)
(312.0,301.0)
(301.0,301.0)
(301.0,301.0)
(301.0,301.0)
(312.0,301.0)
(301.0,301.0)
(301.0,301.0)
(301.0,301.0)
(301.0,301.0)
(301.0,301.0)
(301.0,301.0)
(301.0,301.0)
(301.0,301.0)
(301.0,301.0)
(301.0,301.0)
(312.0,301.0)
(301.0,301.0)
(312.0,301.0)
(301.0,301.0)
(301.0,301.0)
(301.0,301.0)
(301.0,301.0)
(301.0,301.0)
(301.0,301.0)
(301.0,301.0)
(301.0,301.0)
(312.0,301.0)
(301.0,301.0)
(301.0,301.0)
(301.0,301.0)
(301.0,301.0)
(301.0,301.0)
(301.0,301.0)
(301.0,301.0)
(301.0,301.0)
(301.0,301.0)
(301.0,301.0)
(301.0,301.0)
(301.0,301.0)
(301.0,301.0)
(301.0,301.0)
(301.0,301.0)
(301.0,301.0)
(301.0,301.0)
(301.0,301.0)
(301.0,301.0)
(301.0,301.0)
(301.0,301.0)
(301.0,301.0)
(301.0,301.0)
(301.0,301.0)
(301.0,301.0)
(301.0,301.0)
(301.0,301.0)
(301.0,301.0)
(301.0,301.0)
(301.0,301.0)
(301.0,301.0)
(301.0,301.0)
(301.0,301.0)
(301.0,301.0)
(312.0,301.0)
(301.0,301.0)
(301.0,301.0)
(301.0,301.0)
(301.0,301.0)
(301.0,301.0)
(301.0,301.0)
(301.0,301.0)
(301.0,301.0)
(301.0,301.0)
(301.0,301.0)
(301.0,301.0)
(301.0,301.0)
(301.0,301.0)
(301.0,301.0)
(301.0,301.0)
(301.0,301.0)
(312.0,301.0)
(301.0,301.0)
(301.0,301.0)
(301.0,301.0)
(301.0,301.0)
(301.0,301.0)
(312.0,301.0)
(301.0,301.0)
(301.0,301.0)
(301.0,301.0)
(301.0,301.0)
(301.0,301.0)
(301.0,301.0)
(301.0,301.0)
(301.0,301.0)
(301.0,301.0)
(301.0,301.0)
(301.0,301.0)
(301.0,301.0)
(301.0,301.0)
(301.0,301.0)
(301.0,301.0)
(301.0,301.0)
(301.0,301.0)
(301.0,687.0)
(301.0,687.0)
(301.0,687.0)
(301.0,687.0)
(301.0,687.0)
(301.0,687.0)
(301.0,687.0)
(301.0,687.0)
(687.0,687.0)
(687.0,687.0)
(302.0,687.0)
(301.0,687.0)
(301.0,687.0)
(301.0,687.0)
(301.0,687.0)
(687.0,687.0)
(301.0,687.0)
(302.0,687.0)
(301.0,687.0)
(301.0,687.0)
(301.0,687.0)
(301.0,687.0)
(301.0,687.0)
(301.0,687.0)
(301.0,687.0)
(301.0,687.0)
(422.0,687.0)
(302.0,687.0)
(301.0,687.0)
(301.0,687.0)
(302.0,687.0)
(301.0,687.0)
(687.0,687.0)
(301.0,687.0)
(302.0,687.0)
(687.0,687.0)
(687.0,687.0)
(301.0,687.0)
(302.0,687.0)
(301.0,687.0)
(301.0,687.0)
(422.0,687.0)
(301.0,687.0)
(301.0,687.0)
(301.0,687.0)
(687.0,687.0)
(422.0,687.0)
(301.0,687.0)
(301.0,687.0)
(301.0,687.0)
(302.0,687.0)
(301.0,687.0)
(301.0,687.0)
(301.0,687.0)
(301.0,687.0)
(301.0,687.0)
(687.0,687.0)
(301.0,687.0)
(687.0,687.0)
(301.0,687.0)
(301.0,687.0)
(301.0,687.0)
(301.0,687.0)
(301.0,687.0)
(301.0,687.0)
(301.0,687.0)
(301.0,687.0)
(422.0,687.0)
(301.0,687.0)
(687.0,687.0)
(687.0,687.0)
(301.0,687.0)
(301.0,687.0)
(301.0,687.0)
(301.0,687.0)
(687.0,687.0)
(301.0,687.0)
(301.0,687.0)
(301.0,687.0)
(301.0,687.0)
(301.0,687.0)
(301.0,687.0)
(301.0,687.0)
(687.0,687.0)
(301.0,687.0)
(301.0,687.0)
(301.0,687.0)
(301.0,687.0)
(301.0,687.0)
(301.0,687.0)
(301.0,687.0)
(302.0,687.0)
(687.0,687.0)
(301.0,687.0)
(301.0,687.0)
(301.0,687.0)
(301.0,687.0)
(302.0,687.0)
(301.0,687.0)
(302.0,687.0)
(301.0,687.0)
(301.0,687.0)
(301.0,687.0)
(687.0,687.0)
(422.0,687.0)
(301.0,687.0)
(301.0,687.0)
(301.0,687.0)
(301.0,687.0)
(301.0,687.0)
(302.0,687.0)
(301.0,687.0)
(301.0,687.0)
(301.0,687.0)
(687.0,687.0)
(301.0,687.0)
(301.0,687.0)
(301.0,687.0)
(301.0,687.0)
(301.0,687.0)
(301.0,687.0)
(301.0,687.0)
(301.0,687.0)
(687.0,687.0)
(301.0,687.0)
(301.0,687.0)
(302.0,687.0)
(301.0,687.0)
(301.0,687.0)
(301.0,687.0)
(302.0,687.0)
(301.0,687.0)
(302.0,687.0)
(301.0,687.0)
(301.0,687.0)
(301.0,687.0)
(687.0,687.0)
(301.0,687.0)
(301.0,687.0)
(301.0,688.0)
(301.0,688.0)
(301.0,688.0)
(301.0,688.0)
(301.0,688.0)
(301.0,688.0)
(301.0,688.0)
(302.0,688.0)
(301.0,688.0)
(302.0,688.0)
(301.0,688.0)
(305.0,688.0)
(302.0,688.0)
(301.0,688.0)
(305.0,688.0)
(302.0,688.0)
(301.0,688.0)
(301.0,688.0)
(301.0,688.0)
(305.0,688.0)
(301.0,688.0)
(301.0,688.0)
(305.0,688.0)
(305.0,688.0)
(301.0,688.0)
(301.0,688.0)
(301.0,688.0)
(302.0,688.0)
(301.0,688.0)
(305.0,688.0)
(302.0,688.0)
(301.0,688.0)
(302.0,688.0)
(301.0,688.0)
(301.0,688.0)
(305.0,688.0)
(692.0,688.0)
(301.0,688.0)
(687.0,688.0)
(301.0,688.0)
(287.0,688.0)
(301.0,688.0)
(287.0,688.0)
(301.0,688.0)
(287.0,688.0)
(301.0,688.0)
(301.0,688.0)
(301.0,688.0)
(305.0,688.0)
(305.0,688.0)
(301.0,688.0)
(305.0,688.0)
(305.0,688.0)
(301.0,688.0)
(301.0,688.0)
(287.0,688.0)
(301.0,688.0)
(301.0,688.0)
(301.0,688.0)
(301.0,688.0)
(305.0,688.0)
(302.0,688.0)
(305.0,688.0)
(287.0,688.0)
(301.0,688.0)
(301.0,688.0)
(301.0,688.0)
(301.0,688.0)
(301.0,688.0)
(305.0,688.0)
(299.0,688.0)
(301.0,688.0)
(301.0,688.0)
(305.0,688.0)
(302.0,688.0)
(687.0,688.0)
(301.0,688.0)
(301.0,688.0)
(301.0,688.0)
(302.0,688.0)
(302.0,688.0)
(301.0,688.0)
(302.0,688.0)
(301.0,688.0)
(301.0,688.0)
(301.0,688.0)
(687.0,688.0)
(305.0,688.0)
(301.0,688.0)
(301.0,688.0)
(305.0,688.0)
(299.0,688.0)
(302.0,688.0)
(302.0,688.0)
(301.0,688.0)
(302.0,688.0)
(687.0,688.0)
(305.0,688.0)
(302.0,688.0)
(305.0,688.0)
(301.0,688.0)
(299.0,688.0)
(301.0,688.0)
(302.0,688.0)
(305.0,688.0)
(305.0,688.0)
(302.0,688.0)
(302.0,688.0)
(305.0,688.0)
(305.0,688.0)
(301.0,688.0)
(302.0,688.0)
(301.0,688.0)
(302.0,688.0)
(302.0,688.0)
(301.0,688.0)
(305.0,688.0)
(687.0,688.0)
(301.0,688.0)
(301.0,688.0)
(302.0,688.0)
(301.0,688.0)
(301.0,687.0)
(301.0,687.0)
(301.0,687.0)
(301.0,687.0)
(301.0,687.0)
(301.0,687.0)
(301.0,687.0)
(301.0,687.0)
(301.0,687.0)
(301.0,687.0)
(301.0,687.0)
(301.0,687.0)
(301.0,687.0)
(301.0,687.0)
(301.0,687.0)
(301.0,687.0)
(301.0,687.0)
(301.0,687.0)
(301.0,687.0)
(301.0,687.0)
(301.0,687.0)
(301.0,687.0)
(301.0,687.0)
(301.0,687.0)
(301.0,687.0)
(692.0,687.0)
(301.0,687.0)
(301.0,687.0)
(301.0,687.0)
(301.0,687.0)
(301.0,687.0)
(301.0,687.0)
(301.0,687.0)
(301.0,687.0)
(301.0,687.0)
(301.0,687.0)
(301.0,687.0)
(301.0,687.0)
(301.0,687.0)
(301.0,687.0)
(301.0,687.0)
(301.0,687.0)
(301.0,687.0)
(301.0,687.0)
(301.0,687.0)
(301.0,687.0)
(301.0,687.0)
(301.0,687.0)
(301.0,687.0)
(301.0,687.0)
(301.0,687.0)
(301.0,687.0)
(301.0,687.0)
(301.0,687.0)
(301.0,687.0)
(301.0,687.0)
(687.0,687.0)
(301.0,687.0)
(301.0,687.0)
(301.0,687.0)
(692.0,687.0)
(301.0,687.0)
(301.0,687.0)
(301.0,687.0)
(301.0,687.0)
(687.0,687.0)
(301.0,687.0)
(301.0,687.0)
(301.0,687.0)
(692.0,687.0)
(301.0,687.0)
(301.0,687.0)
(301.0,687.0)
(301.0,687.0)
(301.0,687.0)
(692.0,687.0)
(301.0,687.0)
(301.0,687.0)
(301.0,687.0)
(301.0,687.0)
(301.0,687.0)
(301.0,687.0)
(301.0,687.0)
(301.0,687.0)
(301.0,687.0)
(301.0,687.0)
(301.0,687.0)
(301.0,687.0)
(301.0,687.0)
(692.0,687.0)
(301.0,687.0)
(687.0,687.0)
(301.0,687.0)
(301.0,687.0)
(301.0,687.0)
(301.0,687.0)
(301.0,687.0)
(301.0,687.0)
(301.0,687.0)
(301.0,687.0)
(301.0,687.0)
(301.0,687.0)
(692.0,687.0)
(301.0,687.0)
(301.0,687.0)
(301.0,687.0)
(301.0,687.0)
(301.0,687.0)
(301.0,687.0)
(301.0,687.0)
(301.0,687.0)
(301.0,687.0)
(301.0,687.0)
(301.0,687.0)
(301.0,687.0)
(301.0,687.0)
(301.0,687.0)
(301.0,687.0)
(301.0,687.0)
(301.0,687.0)
(301.0,687.0)
(301.0,687.0)
(301.0,687.0)
(301.0,687.0)
(301.0,687.0)
(301.0,687.0)
(301.0,687.0)
(692.0,687.0)
(301.0,687.0)
(301.0,687.0)
(301.0,687.0)
(301.0,687.0)
(301.0,687.0)
(301.0,687.0)
(301.0,687.0)
(301.0,687.0)
(301.0,687.0)
(301.0,687.0)
(301.0,687.0)
(301.0,687.0)
(301.0,687.0)
(301.0,687.0)
(687.0,687.0)
(301.0,687.0)
(301.0,687.0)
(301.0,687.0)
(301.0,687.0)
(301.0,687.0)
(301.0,687.0)
(301.0,687.0)
(301.0,687.0)
(301.0,687.0)
(301.0,687.0)
(301.0,687.0)
(301.0,687.0)
(301.0,687.0)
(301.0,687.0)
(301.0,687.0)
(301.0,687.0)
(301.0,687.0)
(301.0,687.0)
(301.0,687.0)
(301.0,687.0)
(301.0,687.0)
(301.0,687.0)
(301.0,687.0)
(301.0,687.0)
(301.0,687.0)
(692.0,687.0)
(301.0,687.0)
(301.0,687.0)
(301.0,687.0)
(301.0,687.0)
(301.0,687.0)
(301.0,687.0)
(301.0,687.0)
(301.0,687.0)
(301.0,687.0)
(301.0,687.0)
(301.0,687.0)
(301.0,687.0)
(687.0,687.0)
(301.0,687.0)
(301.0,687.0)
(301.0,687.0)
(301.0,687.0)
(301.0,687.0)
(301.0,687.0)
(301.0,687.0)
(301.0,687.0)
(301.0,687.0)
(301.0,687.0)
(301.0,687.0)
(301.0,687.0)
(301.0,687.0)
(301.0,687.0)
(301.0,687.0)
(301.0,687.0)
(301.0,687.0)
(301.0,687.0)
(301.0,687.0)
(301.0,687.0)
(301.0,687.0)
(301.0,687.0)
(301.0,687.0)
(301.0,687.0)
(301.0,687.0)
(301.0,687.0)
(301.0,687.0)
(301.0,687.0)
(301.0,687.0)
(301.0,687.0)
(301.0,687.0)
(301.0,687.0)
(301.0,687.0)
(301.0,687.0)
(301.0,687.0)
(301.0,687.0)
(301.0,687.0)
(301.0,687.0)
(301.0,687.0)
(301.0,687.0)
(301.0,687.0)
(301.0,687.0)
(301.0,687.0)
(301.0,687.0)
(301.0,687.0)
(301.0,687.0)
(301.0,687.0)
(301.0,687.0)
(301.0,687.0)
(301.0,687.0)
(301.0,687.0)
(301.0,687.0)
(301.0,687.0)
(301.0,687.0)
(301.0,687.0)
(301.0,687.0)
(301.0,687.0)
(301.0,687.0)
(301.0,687.0)
(301.0,687.0)
(301.0,687.0)
(301.0,687.0)
(301.0,687.0)
(301.0,687.0)
(301.0,687.0)
(301.0,687.0)
(301.0,687.0)
(301.0,687.0)
(301.0,687.0)
(301.0,687.0)
(301.0,687.0)
(301.0,687.0)
(301.0,687.0)
(301.0,687.0)
(301.0,687.0)
(301.0,687.0)
(301.0,687.0)
(301.0,687.0)
(301.0,687.0)
(301.0,687.0)
(301.0,687.0)
(301.0,687.0)
(301.0,687.0)
(301.0,687.0)
(301.0,687.0)
(301.0,687.0)
(301.0,687.0)
(301.0,687.0)
(301.0,687.0)
(301.0,687.0)
(301.0,687.0)
(301.0,687.0)
(301.0,687.0)
(301.0,687.0)
(301.0,687.0)
(301.0,687.0)
(301.0,687.0)
(301.0,687.0)
(301.0,687.0)
(301.0,687.0)
(301.0,687.0)
(301.0,687.0)
(301.0,687.0)
(301.0,687.0)
(301.0,687.0)
(301.0,687.0)
(301.0,687.0)
(301.0,687.0)
(301.0,687.0)
(301.0,687.0)
(301.0,687.0)
(289.0,687.0)
(690.0,687.0)
(301.0,687.0)
(690.0,687.0)
(289.0,687.0)
(301.0,687.0)
(687.0,687.0)
(687.0,687.0)
(301.0,687.0)
(301.0,687.0)
(301.0,687.0)
(301.0,687.0)
(687.0,687.0)
(289.0,687.0)
(301.0,687.0)
(301.0,687.0)
(289.0,687.0)
(689.0,687.0)
(687.0,687.0)
(301.0,687.0)
(301.0,687.0)
(301.0,687.0)
(690.0,687.0)
(459.0,687.0)
(301.0,687.0)
(687.0,687.0)
(289.0,687.0)
(289.0,687.0)
(301.0,687.0)
(687.0,687.0)
(687.0,687.0)
(301.0,687.0)
(687.0,687.0)
(289.0,687.0)
(301.0,687.0)
(289.0,687.0)
(690.0,687.0)
(301.0,687.0)
(687.0,687.0)
(687.0,687.0)
(289.0,687.0)
(289.0,687.0)
(689.0,687.0)
(687.0,687.0)
(301.0,687.0)
(690.0,687.0)
(301.0,687.0)
(301.0,687.0)
(301.0,687.0)
(687.0,687.0)
(301.0,687.0)
(301.0,687.0)
(687.0,687.0)
(301.0,687.0)
(687.0,687.0)
(289.0,687.0)
(301.0,687.0)
(690.0,687.0)
(289.0,687.0)
(301.0,687.0)
(687.0,687.0)
(289.0,687.0)
(689.0,687.0)
(289.0,687.0)
(687.0,687.0)
(687.0,687.0)
(301.0,687.0)
(301.0,687.0)
(301.0,687.0)
(289.0,687.0)
(690.0,687.0)
(690.0,687.0)
(687.0,687.0)
(301.0,687.0)
(687.0,687.0)
(687.0,687.0)
(289.0,687.0)
(687.0,687.0)
(301.0,687.0)
(690.0,687.0)
(690.0,687.0)
(690.0,687.0)
(690.0,687.0)
(459.0,687.0)
(690.0,687.0)
(301.0,687.0)
(289.0,687.0)
(289.0,687.0)
(687.0,687.0)
(301.0,687.0)
(301.0,687.0)
(301.0,687.0)
(690.0,687.0)
(301.0,687.0)
(687.0,687.0)
(301.0,687.0)
(687.0,687.0)
(301.0,687.0)
(687.0,687.0)
(687.0,687.0)
(301.0,687.0)
(301.0,687.0)
(301.0,687.0)
(301.0,687.0)
(301.0,687.0)
(301.0,687.0)
(690.0,687.0)
(301.0,687.0)
(687.0,687.0)
(289.0,687.0)
(690.0,687.0)
(687.0,687.0)
(687.0,687.0)
(301.0,687.0)
(301.0,687.0)
(301.0,687.0)
(289.0,687.0)
(301.0,687.0)
(301.0,687.0)
(289.0,687.0)
(301.0,687.0)
(690.0,687.0)
(301.0,687.0)
(687.0,687.0)
(301.0,687.0)
(289.0,687.0)
(301.0,687.0)
(687.0,687.0)
(289.0,687.0)
(689.0,687.0)
(301.0,687.0)
(289.0,687.0)
(687.0,687.0)
(301.0,687.0)
(687.0,687.0)
(301.0,687.0)
(301.0,687.0)
(690.0,687.0)
(301.0,687.0)
(301.0,687.0)
(289.0,687.0)
(301.0,687.0)
(687.0,687.0)
(301.0,301.0)
(294.0,301.0)
(294.0,301.0)
(301.0,301.0)
(294.0,301.0)
(301.0,301.0)
(301.0,301.0)
(294.0,301.0)
(294.0,301.0)
(294.0,301.0)
(301.0,301.0)
(301.0,301.0)
(294.0,301.0)
(294.0,301.0)
(294.0,301.0)
(301.0,301.0)
(344.0,301.0)
(294.0,301.0)
(294.0,301.0)
(294.0,301.0)
(301.0,301.0)
(301.0,301.0)
(301.0,301.0)
(301.0,301.0)
(294.0,301.0)
(294.0,301.0)
(301.0,301.0)
(301.0,301.0)
(301.0,301.0)
(294.0,301.0)
(301.0,301.0)
(294.0,301.0)
(294.0,301.0)
(301.0,301.0)
(301.0,301.0)
(301.0,301.0)
(294.0,301.0)
(301.0,301.0)
(301.0,301.0)
(294.0,301.0)
(301.0,301.0)
(301.0,301.0)
(294.0,301.0)
(301.0,301.0)
(294.0,301.0)
(301.0,301.0)
(294.0,301.0)
(294.0,301.0)
(301.0,301.0)
(294.0,301.0)
(294.0,301.0)
(294.0,301.0)
(294.0,301.0)
(294.0,301.0)
(301.0,301.0)
(294.0,301.0)
(294.0,301.0)
(301.0,301.0)
(301.0,301.0)
(301.0,301.0)
(340.0,301.0)
(344.0,301.0)
(301.0,301.0)
(301.0,301.0)
(301.0,301.0)
(294.0,301.0)
(301.0,301.0)
(301.0,301.0)
(294.0,301.0)
(301.0,301.0)
(301.0,301.0)
(294.0,301.0)
(294.0,301.0)
(294.0,301.0)
(301.0,301.0)
(301.0,301.0)
(294.0,301.0)
(294.0,301.0)
(301.0,301.0)
(301.0,301.0)
(301.0,301.0)
(294.0,301.0)
(301.0,301.0)
(294.0,301.0)
(294.0,301.0)
(294.0,301.0)
(294.0,301.0)
(294.0,301.0)
(301.0,301.0)
(294.0,301.0)
(301.0,301.0)
(294.0,301.0)
(301.0,301.0)
(294.0,301.0)
(294.0,301.0)
(294.0,301.0)
(294.0,301.0)
(294.0,301.0)
(294.0,301.0)
(294.0,301.0)
(301.0,301.0)
(301.0,301.0)
(294.0,301.0)
(301.0,301.0)
(344.0,301.0)
(301.0,301.0)
(294.0,301.0)
(294.0,301.0)
(301.0,301.0)
(294.0,301.0)
(301.0,301.0)
(301.0,301.0)
(294.0,301.0)
(301.0,301.0)
(294.0,301.0)
(301.0,301.0)
(301.0,301.0)
(301.0,301.0)
(301.0,301.0)
(344.0,301.0)
(294.0,301.0)
(301.0,301.0)
(294.0,301.0)
(301.0,301.0)
(294.0,301.0)
(301.0,301.0)
(294.0,301.0)
(301.0,301.0)
(301.0,301.0)
(294.0,301.0)
(294.0,301.0)
(294.0,301.0)
(301.0,301.0)
(301.0,301.0)
(301.0,301.0)
(294.0,301.0)
(301.0,301.0)
(301.0,301.0)
(301.0,301.0)
(301.0,301.0)
(294.0,301.0)
(301.0,301.0)
(294.0,301.0)
(301.0,301.0)
(294.0,301.0)
(294.0,301.0)
(294.0,301.0)
(301.0,301.0)
(294.0,301.0)
(301.0,301.0)
(294.0,301.0)
(294.0,301.0)
(294.0,301.0)
(294.0,301.0)
(687.0,301.0)
(301.0,301.0)
(301.0,301.0)
(301.0,301.0)
(294.0,301.0)
(301.0,301.0)
(294.0,301.0)
(301.0,301.0)
(294.0,301.0)
(301.0,301.0)
(294.0,301.0)
(294.0,301.0)
(301.0,301.0)
(294.0,301.0)
(301.0,301.0)
(301.0,301.0)
(294.0,301.0)
(301.0,301.0)
(294.0,301.0)
(294.0,301.0)
(687.0,687.0)
(301.0,687.0)
(301.0,687.0)
(687.0,687.0)
(687.0,687.0)
(687.0,687.0)
(692.0,687.0)
(301.0,687.0)
(301.0,687.0)
(301.0,687.0)
(687.0,687.0)
(687.0,687.0)
(301.0,687.0)
(687.0,687.0)
(687.0,687.0)
(302.0,687.0)
(687.0,687.0)
(692.0,687.0)
(301.0,687.0)
(687.0,687.0)
(692.0,687.0)
(687.0,687.0)
(687.0,687.0)
(687.0,687.0)
(687.0,687.0)
(687.0,687.0)
(687.0,687.0)
(302.0,687.0)
(687.0,687.0)
(687.0,687.0)
(302.0,687.0)
(687.0,687.0)
(301.0,687.0)
(687.0,687.0)
(687.0,687.0)
(687.0,687.0)
(687.0,687.0)
(301.0,687.0)
(301.0,687.0)
(689.0,687.0)
(692.0,687.0)
(687.0,687.0)
(692.0,687.0)
(302.0,687.0)
(687.0,687.0)
(687.0,687.0)
(687.0,687.0)
(692.0,687.0)
(301.0,687.0)
(687.0,687.0)
(687.0,687.0)
(692.0,687.0)
(687.0,687.0)
(687.0,687.0)
(687.0,687.0)
(687.0,687.0)
(687.0,687.0)
(301.0,687.0)
(689.0,687.0)
(301.0,687.0)
(687.0,687.0)
(301.0,687.0)
(301.0,687.0)
(687.0,687.0)
(687.0,687.0)
(301.0,687.0)
(687.0,687.0)
(687.0,687.0)
(692.0,687.0)
(301.0,687.0)
(301.0,687.0)
(301.0,687.0)
(301.0,687.0)
(687.0,687.0)
(301.0,687.0)
(692.0,687.0)
(687.0,687.0)
(687.0,687.0)
(302.0,687.0)
(301.0,687.0)
(687.0,687.0)
(301.0,687.0)
(687.0,687.0)
(301.0,687.0)
(301.0,687.0)
(692.0,687.0)
(301.0,687.0)
(687.0,687.0)
(687.0,687.0)
(692.0,687.0)
(689.0,687.0)
(687.0,687.0)
(301.0,687.0)
(692.0,687.0)
(687.0,687.0)
(301.0,687.0)
(302.0,687.0)
(301.0,687.0)
(692.0,687.0)
(301.0,687.0)
(689.0,687.0)
(687.0,687.0)
(301.0,687.0)
(687.0,687.0)
(687.0,687.0)
(301.0,687.0)
(692.0,687.0)
(301.0,687.0)
(687.0,687.0)
(687.0,687.0)
(301.0,687.0)
(301.0,687.0)
(687.0,687.0)
(687.0,687.0)
(687.0,687.0)
(301.0,687.0)
(692.0,687.0)
(301.0,687.0)
(301.0,687.0)
(301.0,687.0)
(687.0,687.0)
(689.0,687.0)
(687.0,687.0)
(692.0,687.0)
(302.0,687.0)
(689.0,689.0)
(298.0,689.0)
(689.0,689.0)
(298.0,689.0)
(689.0,689.0)
(689.0,689.0)
(689.0,689.0)
(689.0,689.0)
(298.0,689.0)
(689.0,689.0)
(298.0,689.0)
(689.0,689.0)
(267.0,689.0)
(301.0,689.0)
(689.0,689.0)
(689.0,689.0)
(689.0,689.0)
(689.0,689.0)
(689.0,689.0)
(689.0,689.0)
(262.0,689.0)
(689.0,689.0)
(689.0,689.0)
(689.0,689.0)
(689.0,689.0)
(689.0,689.0)
(689.0,689.0)
(689.0,689.0)
(689.0,689.0)
(262.0,689.0)
(689.0,689.0)
(689.0,689.0)
(689.0,689.0)
(262.0,689.0)
(689.0,689.0)
(689.0,689.0)
(689.0,689.0)
(689.0,689.0)
(689.0,689.0)
(689.0,689.0)
(689.0,689.0)
(298.0,689.0)
(658.0,689.0)
(298.0,689.0)
(689.0,689.0)
(689.0,689.0)
(689.0,689.0)
(689.0,689.0)
(689.0,689.0)
(689.0,689.0)
(689.0,689.0)
(689.0,689.0)
(298.0,689.0)
(267.0,689.0)
(689.0,689.0)
(689.0,689.0)
(689.0,689.0)
(689.0,689.0)
(689.0,689.0)
(689.0,689.0)
(689.0,689.0)
(298.0,689.0)
(298.0,689.0)
(298.0,689.0)
(689.0,689.0)
(262.0,689.0)
(298.0,689.0)
(689.0,689.0)
(689.0,689.0)
(689.0,689.0)
(689.0,689.0)
(689.0,689.0)
(262.0,689.0)
(298.0,689.0)
(298.0,689.0)
(298.0,689.0)
(689.0,689.0)
(262.0,689.0)
(689.0,689.0)
(689.0,689.0)
(689.0,689.0)
(689.0,689.0)
(658.0,689.0)
(689.0,689.0)
(298.0,689.0)
(689.0,689.0)
(689.0,689.0)
(298.0,689.0)
(689.0,689.0)
(689.0,689.0)
(689.0,689.0)
(689.0,689.0)
(689.0,689.0)
(298.0,689.0)
(689.0,689.0)
(689.0,689.0)
(262.0,689.0)
(689.0,689.0)
(689.0,689.0)
(262.0,689.0)
(689.0,689.0)
(658.0,689.0)
(298.0,689.0)
(689.0,689.0)
(298.0,689.0)
(267.0,689.0)
(689.0,689.0)
(689.0,689.0)
(689.0,689.0)
(262.0,689.0)
(689.0,689.0)
(298.0,689.0)
(689.0,689.0)
(267.0,689.0)
(298.0,689.0)
(689.0,689.0)
(689.0,689.0)
(689.0,689.0)
(689.0,689.0)
(689.0,689.0)
(298.0,689.0)
(298.0,689.0)
(689.0,689.0)
(298.0,689.0)
(689.0,689.0)
(689.0,689.0)
(262.0,689.0)
(690.0,690.0)
(690.0,690.0)
(278.0,690.0)
(278.0,690.0)
(690.0,690.0)
(690.0,690.0)
(690.0,690.0)
(690.0,690.0)
(690.0,690.0)
(278.0,690.0)
(690.0,690.0)
(687.0,690.0)
(690.0,690.0)
(690.0,690.0)
(690.0,690.0)
(690.0,690.0)
(278.0,690.0)
(690.0,690.0)
(690.0,690.0)
(690.0,690.0)
(690.0,690.0)
(690.0,690.0)
(278.0,690.0)
(690.0,690.0)
(690.0,690.0)
(690.0,690.0)
(690.0,690.0)
(690.0,690.0)
(690.0,690.0)
(690.0,690.0)
(690.0,690.0)
(690.0,690.0)
(278.0,690.0)
(690.0,690.0)
(690.0,690.0)
(690.0,690.0)
(690.0,690.0)
(278.0,690.0)
(690.0,690.0)
(690.0,690.0)
(690.0,690.0)
(690.0,690.0)
(690.0,690.0)
(690.0,690.0)
(690.0,690.0)
(690.0,690.0)
(278.0,690.0)
(690.0,690.0)
(690.0,690.0)
(690.0,690.0)
(690.0,690.0)
(690.0,690.0)
(690.0,690.0)
(690.0,690.0)
(278.0,690.0)
(690.0,690.0)
(690.0,690.0)
(690.0,690.0)
(690.0,690.0)
(690.0,690.0)
(690.0,690.0)
(690.0,690.0)
(690.0,690.0)
(690.0,690.0)
(690.0,690.0)
(278.0,690.0)
(690.0,690.0)
(278.0,690.0)
(690.0,690.0)
(690.0,690.0)
(690.0,690.0)
(278.0,690.0)
(278.0,690.0)
(690.0,690.0)
(690.0,690.0)
(690.0,690.0)
(690.0,690.0)
(690.0,690.0)
(690.0,690.0)
(690.0,690.0)
(278.0,690.0)
(278.0,690.0)
(690.0,690.0)
(278.0,690.0)
(278.0,690.0)
(690.0,690.0)
(278.0,690.0)
(690.0,690.0)
(690.0,690.0)
(690.0,690.0)
(690.0,690.0)
(690.0,690.0)
(690.0,690.0)
(278.0,690.0)
(690.0,690.0)
(278.0,690.0)
(690.0,690.0)
(690.0,690.0)
(690.0,690.0)
(690.0,690.0)
(690.0,690.0)
(690.0,690.0)
(278.0,690.0)
(690.0,690.0)
(690.0,690.0)
(690.0,690.0)
(690.0,690.0)
(690.0,690.0)
(690.0,690.0)
(278.0,690.0)
(690.0,690.0)
(690.0,690.0)
(278.0,690.0)
(690.0,690.0)
(690.0,690.0)
(278.0,690.0)
(690.0,690.0)
(278.0,690.0)
(690.0,690.0)
(690.0,690.0)
(690.0,690.0)
(278.0,690.0)
(690.0,690.0)
(690.0,690.0)
(687.0,690.0)
(690.0,690.0)
(690.0,690.0)
(690.0,690.0)
(690.0,690.0)
(690.0,690.0)
(690.0,690.0)
(690.0,690.0)
(278.0,690.0)
(278.0,690.0)
(690.0,690.0)
(690.0,690.0)
(278.0,690.0)
(690.0,690.0)
(690.0,690.0)
(301.0,690.0)
(334.0,690.0)
(334.0,690.0)
(690.0,690.0)
(690.0,690.0)
(301.0,690.0)
(690.0,690.0)
(690.0,690.0)
(334.0,690.0)
(334.0,690.0)
(301.0,690.0)
(301.0,690.0)
(690.0,690.0)
(690.0,690.0)
(334.0,690.0)
(690.0,690.0)
(690.0,690.0)
(334.0,690.0)
(690.0,690.0)
(334.0,690.0)
(690.0,690.0)
(690.0,690.0)
(690.0,690.0)
(690.0,690.0)
(690.0,690.0)
(690.0,690.0)
(690.0,690.0)
(334.0,690.0)
(690.0,690.0)
(690.0,690.0)
(334.0,690.0)
(690.0,690.0)
(301.0,690.0)
(690.0,690.0)
(690.0,690.0)
(690.0,690.0)
(690.0,690.0)
(334.0,690.0)
(334.0,690.0)
(690.0,690.0)
(690.0,690.0)
(301.0,690.0)
(690.0,690.0)
(690.0,690.0)
(690.0,690.0)
(334.0,690.0)
(690.0,690.0)
(690.0,690.0)
(301.0,690.0)
(690.0,690.0)
(690.0,690.0)
(690.0,690.0)
(690.0,690.0)
(690.0,690.0)
(334.0,690.0)
(334.0,690.0)
(334.0,690.0)
(690.0,690.0)
(334.0,690.0)
(334.0,690.0)
(690.0,690.0)
(690.0,690.0)
(301.0,690.0)
(690.0,690.0)
(690.0,690.0)
(690.0,690.0)
(334.0,690.0)
(334.0,690.0)
(334.0,690.0)
(334.0,690.0)
(690.0,690.0)
(334.0,690.0)
(690.0,690.0)
(690.0,690.0)
(690.0,690.0)
(334.0,690.0)
(334.0,690.0)
(690.0,690.0)
(334.0,690.0)
(690.0,690.0)
(334.0,690.0)
(301.0,690.0)
(690.0,690.0)
(301.0,690.0)
(690.0,690.0)
(690.0,690.0)
(334.0,690.0)
(334.0,690.0)
(301.0,690.0)
(690.0,690.0)
(334.0,690.0)
(334.0,690.0)
(301.0,690.0)
(690.0,690.0)
(334.0,690.0)
(334.0,690.0)
(690.0,690.0)
(334.0,690.0)
(690.0,690.0)
(690.0,690.0)
(334.0,690.0)
(301.0,690.0)
(334.0,690.0)
(690.0,690.0)
(690.0,690.0)
(334.0,690.0)
(301.0,690.0)
(301.0,690.0)
(690.0,690.0)
(690.0,690.0)
(690.0,690.0)
(301.0,690.0)
(690.0,690.0)
(301.0,690.0)
(334.0,690.0)
(334.0,690.0)
(334.0,690.0)
(690.0,690.0)
(334.0,690.0)
(690.0,690.0)
(690.0,690.0)
(690.0,690.0)
(690.0,690.0)
(690.0,690.0)
(690.0,690.0)
(690.0,690.0)
(690.0,690.0)
(690.0,690.0)
(690.0,690.0)
(690.0,690.0)
(690.0,690.0)
(690.0,690.0)
(690.0,690.0)
(690.0,690.0)
(690.0,690.0)
(690.0,690.0)
(690.0,690.0)
(690.0,690.0)
(690.0,690.0)
(690.0,690.0)
(690.0,690.0)
(690.0,690.0)
(690.0,690.0)
(690.0,690.0)
(690.0,690.0)
(690.0,690.0)
(690.0,690.0)
(690.0,690.0)
(690.0,690.0)
(690.0,690.0)
(690.0,690.0)
(690.0,690.0)
(690.0,690.0)
(690.0,690.0)
(690.0,690.0)
(690.0,690.0)
(690.0,690.0)
(690.0,690.0)
(690.0,690.0)
(690.0,690.0)
(690.0,690.0)
(690.0,690.0)
(690.0,690.0)
(690.0,690.0)
(690.0,690.0)
(690.0,690.0)
(690.0,690.0)
(690.0,690.0)
(690.0,690.0)
(690.0,690.0)
(690.0,690.0)
(690.0,690.0)
(690.0,690.0)
(690.0,690.0)
(690.0,690.0)
(690.0,690.0)
(690.0,690.0)
(690.0,690.0)
(690.0,690.0)
(690.0,690.0)
(690.0,690.0)
(690.0,690.0)
(690.0,690.0)
(690.0,690.0)
(690.0,690.0)
(690.0,690.0)
(690.0,690.0)
(690.0,690.0)
(690.0,690.0)
(690.0,690.0)
(690.0,690.0)
(690.0,690.0)
(690.0,690.0)
(690.0,690.0)
(690.0,690.0)
(690.0,690.0)
(690.0,690.0)
(690.0,690.0)
(690.0,690.0)
(690.0,690.0)
(690.0,690.0)
(690.0,690.0)
(690.0,690.0)
(690.0,690.0)
(690.0,690.0)
(690.0,690.0)
(690.0,690.0)
(690.0,690.0)
(690.0,690.0)
(690.0,690.0)
(690.0,690.0)
(690.0,690.0)
(690.0,690.0)
(690.0,690.0)
(690.0,690.0)
(690.0,690.0)
(690.0,690.0)
(690.0,690.0)
(690.0,690.0)
(690.0,690.0)
(690.0,690.0)
(690.0,690.0)
(690.0,690.0)
(690.0,690.0)
(690.0,690.0)
(690.0,690.0)
(690.0,690.0)
(690.0,690.0)
(690.0,690.0)
(690.0,690.0)
(690.0,690.0)
(690.0,690.0)
(690.0,690.0)
(690.0,690.0)
(690.0,690.0)
(690.0,690.0)
(690.0,690.0)
(690.0,690.0)
(690.0,690.0)
(690.0,690.0)
(690.0,690.0)
(690.0,690.0)
(690.0,690.0)
(690.0,690.0)
(690.0,690.0)
(690.0,690.0)
(690.0,690.0)
(690.0,690.0)
(690.0,690.0)
(690.0,690.0)
(690.0,690.0)
(690.0,690.0)
(690.0,690.0)
(690.0,690.0)
(301.0,691.0)
(340.0,691.0)
(301.0,691.0)
(301.0,691.0)
(301.0,691.0)
(301.0,691.0)
(301.0,691.0)
(340.0,691.0)
(689.0,691.0)
(689.0,691.0)
(301.0,691.0)
(301.0,691.0)
(301.0,691.0)
(689.0,691.0)
(689.0,691.0)
(301.0,691.0)
(726.0,691.0)
(340.0,691.0)
(689.0,691.0)
(194.0,691.0)
(301.0,691.0)
(692.0,691.0)
(301.0,691.0)
(301.0,691.0)
(301.0,691.0)
(689.0,691.0)
(692.0,691.0)
(340.0,691.0)
(301.0,691.0)
(689.0,691.0)
(301.0,691.0)
(689.0,691.0)
(301.0,691.0)
(301.0,691.0)
(692.0,691.0)
(689.0,691.0)
(301.0,691.0)
(301.0,691.0)
(692.0,691.0)
(301.0,691.0)
(340.0,691.0)
(689.0,691.0)
(301.0,691.0)
(689.0,691.0)
(301.0,691.0)
(301.0,691.0)
(340.0,691.0)
(301.0,691.0)
(340.0,691.0)
(301.0,691.0)
(689.0,691.0)
(689.0,691.0)
(692.0,691.0)
(340.0,691.0)
(301.0,691.0)
(689.0,691.0)
(689.0,691.0)
(689.0,691.0)
(689.0,691.0)
(689.0,691.0)
(301.0,691.0)
(194.0,691.0)
(689.0,691.0)
(301.0,691.0)
(692.0,691.0)
(692.0,691.0)
(692.0,691.0)
(301.0,691.0)
(301.0,691.0)
(726.0,691.0)
(301.0,691.0)
(692.0,691.0)
(301.0,691.0)
(301.0,691.0)
(194.0,691.0)
(301.0,691.0)
(689.0,691.0)
(689.0,691.0)
(692.0,691.0)
(301.0,691.0)
(301.0,691.0)
(301.0,691.0)
(689.0,691.0)
(692.0,691.0)
(689.0,691.0)
(692.0,691.0)
(301.0,691.0)
(340.0,691.0)
(689.0,691.0)
(692.0,691.0)
(692.0,691.0)
(301.0,691.0)
(689.0,691.0)
(301.0,691.0)
(692.0,691.0)
(301.0,691.0)
(689.0,691.0)
(689.0,691.0)
(689.0,691.0)
(689.0,691.0)
(301.0,691.0)
(301.0,691.0)
(301.0,691.0)
(689.0,691.0)
(301.0,691.0)
(692.0,691.0)
(194.0,691.0)
(692.0,691.0)
(692.0,691.0)
(689.0,691.0)
(301.0,691.0)
(340.0,691.0)
(301.0,691.0)
(689.0,691.0)
(689.0,691.0)
(301.0,691.0)
(301.0,691.0)
(692.0,691.0)
(340.0,691.0)
(301.0,691.0)
(301.0,691.0)
(692.0,691.0)
(340.0,691.0)
(301.0,691.0)
(726.0,691.0)
(301.0,691.0)
(689.0,691.0)
(301.0,691.0)
(301.0,691.0)
(689.0,691.0)
(301.0,691.0)
(301.0,691.0)
(194.0,691.0)
(301.0,691.0)
(194.0,691.0)
(301.0,691.0)
(301.0,691.0)
(301.0,691.0)
(301.0,691.0)
(301.0,691.0)
(689.0,691.0)
(301.0,691.0)
(689.0,691.0)
(301.0,691.0)
(301.0,691.0)
(301.0,691.0)
(340.0,691.0)
(689.0,691.0)
(692.0,691.0)
(340.0,691.0)
(340.0,691.0)
(340.0,691.0)
(689.0,691.0)
(301.0,691.0)
(301.0,691.0)
(692.0,691.0)
(301.0,691.0)
(692.0,691.0)
(301.0,691.0)
(689.0,691.0)
(301.0,691.0)
(301.0,691.0)
(340.0,691.0)
(689.0,691.0)
(689.0,691.0)
(301.0,691.0)
(340.0,691.0)
(689.0,691.0)
(689.0,691.0)
(301.0,691.0)
(692.0,691.0)
(689.0,691.0)
(689.0,691.0)
(689.0,691.0)
(692.0,691.0)
(301.0,691.0)
(340.0,691.0)
(194.0,691.0)
(340.0,691.0)
(692.0,691.0)
(692.0,691.0)
(689.0,691.0)
(689.0,691.0)
(301.0,691.0)
(194.0,691.0)
(301.0,691.0)
(194.0,691.0)
(301.0,691.0)
(689.0,691.0)
(301.0,691.0)
(301.0,691.0)
(689.0,691.0)
(301.0,691.0)
(689.0,691.0)
(301.0,691.0)
(301.0,691.0)
(340.0,691.0)
(301.0,691.0)
(689.0,691.0)
(689.0,691.0)
(690.0,690.0)
(690.0,690.0)
(301.0,690.0)
(301.0,690.0)
(690.0,690.0)
(690.0,690.0)
(690.0,690.0)
(690.0,690.0)
(690.0,690.0)
(690.0,690.0)
(690.0,690.0)
(690.0,690.0)
(690.0,690.0)
(690.0,690.0)
(690.0,690.0)
(690.0,690.0)
(690.0,690.0)
(690.0,690.0)
(301.0,690.0)
(690.0,690.0)
(690.0,690.0)
(690.0,690.0)
(690.0,690.0)
(690.0,690.0)
(690.0,690.0)
(690.0,690.0)
(690.0,690.0)
(690.0,690.0)
(690.0,690.0)
(690.0,690.0)
(690.0,690.0)
(690.0,690.0)
(690.0,690.0)
(690.0,690.0)
(690.0,690.0)
(690.0,690.0)
(690.0,690.0)
(690.0,690.0)
(690.0,690.0)
(690.0,690.0)
(690.0,690.0)
(690.0,690.0)
(690.0,690.0)
(690.0,690.0)
(301.0,690.0)
(690.0,690.0)
(690.0,690.0)
(690.0,690.0)
(690.0,690.0)
(690.0,690.0)
(690.0,690.0)
(301.0,690.0)
(690.0,690.0)
(690.0,690.0)
(690.0,690.0)
(690.0,690.0)
(690.0,690.0)
(690.0,690.0)
(690.0,690.0)
(690.0,690.0)
(690.0,690.0)
(690.0,690.0)
(690.0,690.0)
(690.0,690.0)
(301.0,690.0)
(301.0,690.0)
(690.0,690.0)
(690.0,690.0)
(690.0,690.0)
(690.0,690.0)
(690.0,690.0)
(690.0,690.0)
(690.0,690.0)
(301.0,690.0)
(301.0,690.0)
(690.0,690.0)
(301.0,690.0)
(690.0,690.0)
(690.0,690.0)
(690.0,690.0)
(690.0,690.0)
(690.0,690.0)
(690.0,690.0)
(690.0,690.0)
(690.0,690.0)
(301.0,690.0)
(690.0,690.0)
(690.0,690.0)
(690.0,690.0)
(690.0,690.0)
(690.0,690.0)
(690.0,690.0)
(690.0,690.0)
(690.0,690.0)
(690.0,690.0)
(690.0,690.0)
(690.0,690.0)
(690.0,690.0)
(690.0,690.0)
(690.0,690.0)
(690.0,690.0)
(690.0,690.0)
(690.0,690.0)
(690.0,690.0)
(690.0,690.0)
(690.0,690.0)
(690.0,690.0)
(301.0,690.0)
(690.0,690.0)
(690.0,690.0)
(690.0,690.0)
(690.0,690.0)
(690.0,690.0)
(690.0,690.0)
(690.0,690.0)
(690.0,690.0)
(690.0,690.0)
(690.0,690.0)
(690.0,690.0)
(690.0,690.0)
(690.0,690.0)
(690.0,690.0)
(690.0,690.0)
(690.0,690.0)
(301.0,690.0)
(690.0,690.0)
(690.0,690.0)
(690.0,690.0)
(690.0,690.0)
(690.0,690.0)
(690.0,690.0)
(689.0,689.0)
(302.0,689.0)
(302.0,689.0)
(689.0,689.0)
(689.0,689.0)
(689.0,689.0)
(689.0,689.0)
(301.0,689.0)
(301.0,689.0)
(689.0,689.0)
(689.0,689.0)
(301.0,689.0)
(689.0,689.0)
(689.0,689.0)
(689.0,689.0)
(689.0,689.0)
(302.0,689.0)
(689.0,689.0)
(689.0,689.0)
(689.0,689.0)
(689.0,689.0)
(689.0,689.0)
(689.0,689.0)
(689.0,689.0)
(689.0,689.0)
(689.0,689.0)
(689.0,689.0)
(689.0,689.0)
(689.0,689.0)
(689.0,689.0)
(689.0,689.0)
(689.0,689.0)
(689.0,689.0)
(689.0,689.0)
(302.0,689.0)
(301.0,689.0)
(689.0,689.0)
(689.0,689.0)
(689.0,689.0)
(689.0,689.0)
(689.0,689.0)
(689.0,689.0)
(689.0,689.0)
(689.0,689.0)
(302.0,689.0)
(689.0,689.0)
(689.0,689.0)
(689.0,689.0)
(689.0,689.0)
(689.0,689.0)
(689.0,689.0)
(689.0,689.0)
(689.0,689.0)
(301.0,689.0)
(689.0,689.0)
(301.0,689.0)
(689.0,689.0)
(689.0,689.0)
(302.0,689.0)
(689.0,689.0)
(689.0,689.0)
(689.0,689.0)
(689.0,689.0)
(689.0,689.0)
(302.0,689.0)
(302.0,689.0)
(302.0,689.0)
(689.0,689.0)
(689.0,689.0)
(689.0,689.0)
(689.0,689.0)
(689.0,689.0)
(689.0,689.0)
(301.0,689.0)
(689.0,689.0)
(302.0,689.0)
(689.0,689.0)
(301.0,689.0)
(689.0,689.0)
(689.0,689.0)
(689.0,689.0)
(689.0,689.0)
(301.0,689.0)
(689.0,689.0)
(689.0,689.0)
(689.0,689.0)
(689.0,689.0)
(689.0,689.0)
(689.0,689.0)
(301.0,689.0)
(689.0,689.0)
(689.0,689.0)
(689.0,689.0)
(689.0,689.0)
(689.0,689.0)
(689.0,689.0)
(689.0,689.0)
(301.0,689.0)
(689.0,689.0)
(689.0,689.0)
(301.0,689.0)
(689.0,689.0)
(689.0,689.0)
(689.0,689.0)
(689.0,689.0)
(301.0,689.0)
(302.0,689.0)
(689.0,689.0)
(689.0,689.0)
(689.0,689.0)
(692.0,302.0)
(692.0,302.0)
(692.0,302.0)
(692.0,302.0)
(301.0,302.0)
(692.0,302.0)
(692.0,302.0)
(692.0,302.0)
(692.0,302.0)
(692.0,302.0)
(692.0,302.0)
(692.0,302.0)
(301.0,302.0)
(692.0,302.0)
(692.0,302.0)
(692.0,302.0)
(692.0,302.0)
(692.0,302.0)
(301.0,302.0)
(692.0,302.0)
(692.0,302.0)
(692.0,302.0)
(692.0,302.0)
(692.0,302.0)
(692.0,302.0)
(692.0,302.0)
(692.0,302.0)
(692.0,302.0)
(692.0,302.0)
(692.0,302.0)
(692.0,302.0)
(692.0,302.0)
(692.0,302.0)
(692.0,302.0)
(692.0,302.0)
(301.0,302.0)
(301.0,302.0)
(692.0,302.0)
(692.0,302.0)
(692.0,302.0)
(692.0,302.0)
(692.0,302.0)
(692.0,302.0)
(692.0,302.0)
(692.0,302.0)
(692.0,302.0)
(692.0,302.0)
(301.0,302.0)
(692.0,302.0)
(692.0,302.0)
(692.0,302.0)
(692.0,302.0)
(692.0,302.0)
(692.0,302.0)
(692.0,302.0)
(692.0,302.0)
(692.0,302.0)
(692.0,302.0)
(692.0,302.0)
(692.0,302.0)
(301.0,302.0)
(692.0,302.0)
(301.0,302.0)
(692.0,302.0)
(692.0,302.0)
(692.0,302.0)
(692.0,302.0)
(692.0,302.0)
(301.0,302.0)
(301.0,302.0)
(301.0,302.0)
(692.0,302.0)
(692.0,302.0)
(692.0,302.0)
(692.0,302.0)
(692.0,302.0)
(692.0,302.0)
(692.0,302.0)
(692.0,302.0)
(692.0,302.0)
(692.0,302.0)
(301.0,302.0)
(692.0,302.0)
(302.0,302.0)
(301.0,302.0)
(301.0,302.0)
(301.0,302.0)
(301.0,302.0)
(302.0,302.0)
(302.0,302.0)
(301.0,302.0)
(301.0,302.0)
(301.0,302.0)
(302.0,302.0)
(302.0,302.0)
(301.0,302.0)
(301.0,302.0)
(301.0,302.0)
(301.0,302.0)
(689.0,302.0)
(301.0,302.0)
(301.0,302.0)
(302.0,302.0)
(302.0,302.0)
(301.0,302.0)
(301.0,302.0)
(302.0,302.0)
(301.0,302.0)
(302.0,302.0)
(301.0,302.0)
(301.0,302.0)
(301.0,302.0)
(301.0,302.0)
(302.0,302.0)
(301.0,302.0)
(301.0,302.0)
(302.0,302.0)
(302.0,302.0)
(302.0,302.0)
(301.0,302.0)
(459.0,302.0)
(301.0,302.0)
(301.0,302.0)
(687.0,302.0)
(301.0,302.0)
(302.0,302.0)
(302.0,302.0)
(301.0,302.0)
(301.0,302.0)
(301.0,302.0)
(301.0,302.0)
(302.0,302.0)
(301.0,302.0)
(301.0,302.0)
(301.0,302.0)
(301.0,302.0)
(301.0,302.0)
(301.0,302.0)
(302.0,302.0)
(302.0,302.0)
(301.0,302.0)
(302.0,302.0)
(302.0,302.0)
(301.0,302.0)
(301.0,302.0)
(689.0,302.0)
(459.0,302.0)
(301.0,302.0)
(302.0,302.0)
(302.0,302.0)
(302.0,302.0)
(301.0,302.0)
(301.0,302.0)
(302.0,302.0)
(301.0,302.0)
(301.0,302.0)
(301.0,302.0)
(301.0,302.0)
(301.0,302.0)
(301.0,302.0)
(302.0,302.0)
(301.0,302.0)
(302.0,302.0)
(301.0,302.0)
(459.0,302.0)
(301.0,302.0)
(301.0,302.0)
(301.0,302.0)
(302.0,302.0)
(301.0,302.0)
(301.0,302.0)
(302.0,302.0)
(301.0,302.0)
(301.0,302.0)
(301.0,302.0)
(301.0,302.0)
(302.0,302.0)
(301.0,302.0)
(689.0,302.0)
(301.0,302.0)
(301.0,302.0)
(301.0,302.0)
(301.0,302.0)
(302.0,302.0)
(302.0,302.0)
(302.0,302.0)
(302.0,302.0)
(301.0,302.0)
(689.0,302.0)
(302.0,302.0)
(301.0,302.0)
(301.0,302.0)
(301.0,302.0)
(301.0,302.0)
(302.0,302.0)
(301.0,302.0)
(302.0,302.0)
(302.0,302.0)
(302.0,302.0)
(302.0,302.0)
(301.0,302.0)
(302.0,302.0)
(459.0,302.0)
(301.0,302.0)
(301.0,302.0)
(301.0,302.0)
(301.0,302.0)
(301.0,302.0)
(301.0,302.0)
(301.0,302.0)
(301.0,302.0)
(301.0,302.0)
(302.0,302.0)
(301.0,302.0)
(301.0,302.0)
(302.0,302.0)
(301.0,302.0)
(459.0,302.0)
(301.0,302.0)
(301.0,302.0)
(301.0,302.0)
(302.0,302.0)
(301.0,302.0)
(301.0,302.0)
(301.0,302.0)
(301.0,302.0)
(301.0,302.0)
(301.0,302.0)
(301.0,302.0)
(301.0,302.0)
(301.0,302.0)
(301.0,302.0)
(301.0,302.0)
(301.0,302.0)
(301.0,302.0)
(301.0,302.0)
(301.0,302.0)
(301.0,302.0)
(301.0,302.0)
(302.0,302.0)
(301.0,302.0)
(302.0,302.0)
(301.0,302.0)
(301.0,302.0)
(301.0,302.0)
(301.0,302.0)
(301.0,302.0)
(301.0,302.0)
(459.0,302.0)
(302.0,302.0)
(301.0,302.0)
(302.0,302.0)
(277.0,302.0)
(301.0,302.0)
(301.0,302.0)
(301.0,302.0)
(277.0,302.0)
(277.0,302.0)
(277.0,302.0)
(301.0,302.0)
(301.0,302.0)
(301.0,302.0)
(299.0,302.0)
(302.0,302.0)
(277.0,302.0)
(299.0,302.0)
(299.0,302.0)
(301.0,302.0)
(277.0,302.0)
(299.0,302.0)
(302.0,302.0)
(301.0,302.0)
(301.0,302.0)
(301.0,302.0)
(301.0,302.0)
(301.0,302.0)
(299.0,302.0)
(277.0,302.0)
(277.0,302.0)
(299.0,302.0)
(299.0,302.0)
(301.0,302.0)
(277.0,302.0)
(277.0,302.0)
(301.0,302.0)
(302.0,302.0)
(277.0,302.0)
(301.0,302.0)
(299.0,302.0)
(302.0,302.0)
(301.0,302.0)
(281.0,302.0)
(302.0,302.0)
(277.0,302.0)
(299.0,302.0)
(299.0,302.0)
(299.0,302.0)
(301.0,302.0)
(301.0,302.0)
(459.0,302.0)
(459.0,302.0)
(301.0,302.0)
(299.0,302.0)
(301.0,302.0)
(298.0,302.0)
(302.0,302.0)
(277.0,302.0)
(301.0,302.0)
(299.0,302.0)
(277.0,302.0)
(301.0,302.0)
(301.0,302.0)
(299.0,302.0)
(299.0,302.0)
(301.0,302.0)
(299.0,302.0)
(299.0,302.0)
(277.0,302.0)
(301.0,302.0)
(277.0,302.0)
(299.0,302.0)
(301.0,302.0)
(459.0,302.0)
(301.0,302.0)
(277.0,302.0)
(301.0,302.0)
(301.0,302.0)
(277.0,302.0)
(301.0,302.0)
(299.0,302.0)
(302.0,302.0)
(299.0,302.0)
(299.0,302.0)
(298.0,302.0)
(301.0,302.0)
(301.0,302.0)
(301.0,302.0)
(301.0,302.0)
(299.0,302.0)
(302.0,302.0)
(277.0,302.0)
(277.0,302.0)
(299.0,302.0)
(302.0,302.0)
(301.0,302.0)
(459.0,302.0)
(277.0,302.0)
(301.0,302.0)
(301.0,302.0)
(277.0,302.0)
(301.0,302.0)
(302.0,302.0)
(298.0,302.0)
(302.0,302.0)
(277.0,302.0)
(301.0,302.0)
(277.0,302.0)
(301.0,302.0)
(459.0,302.0)
(301.0,302.0)
(301.0,302.0)
(301.0,302.0)
(301.0,302.0)
(301.0,302.0)
(299.0,302.0)
(301.0,302.0)
(302.0,302.0)
(301.0,302.0)
(301.0,302.0)
(301.0,302.0)
(459.0,302.0)
(299.0,302.0)
(301.0,302.0)
(299.0,302.0)
(301.0,302.0)
(301.0,302.0)
(277.0,302.0)
(301.0,302.0)
(301.0,302.0)
(301.0,302.0)
(301.0,302.0)
(301.0,302.0)
(299.0,302.0)
(301.0,302.0)
(299.0,302.0)
(301.0,302.0)
(302.0,302.0)
(299.0,302.0)
(299.0,302.0)
(301.0,302.0)
(301.0,302.0)
(277.0,302.0)
(302.0,302.0)
(301.0,302.0)
(302.0,302.0)
(301.0,302.0)
(301.0,302.0)
(301.0,302.0)
(301.0,302.0)
(459.0,302.0)
(277.0,302.0)
(301.0,302.0)
(302.0,302.0)
(301.0,302.0)
(301.0,302.0)
(301.0,302.0)
(301.0,302.0)
(301.0,302.0)
(301.0,302.0)
(301.0,302.0)
(301.0,302.0)
(301.0,302.0)
(301.0,302.0)
(301.0,302.0)
(301.0,302.0)
(301.0,302.0)
(301.0,302.0)
(301.0,302.0)
(301.0,302.0)
(301.0,302.0)
(301.0,302.0)
(301.0,302.0)
(301.0,302.0)
(301.0,302.0)
(301.0,302.0)
(301.0,302.0)
(301.0,302.0)
(301.0,302.0)
(301.0,302.0)
(301.0,302.0)
(301.0,302.0)
(301.0,302.0)
(301.0,302.0)
(301.0,302.0)
(301.0,302.0)
(301.0,302.0)
(302.0,302.0)
(692.0,302.0)
(301.0,302.0)
(692.0,302.0)
(301.0,302.0)
(302.0,302.0)
(302.0,302.0)
(692.0,302.0)
(692.0,302.0)
(692.0,302.0)
(302.0,302.0)
(301.0,302.0)
(692.0,302.0)
(692.0,302.0)
(692.0,302.0)
(689.0,302.0)
(692.0,302.0)
(692.0,302.0)
(302.0,302.0)
(302.0,302.0)
(302.0,302.0)
(301.0,302.0)
(301.0,302.0)
(302.0,302.0)
(692.0,302.0)
(302.0,302.0)
(302.0,302.0)
(301.0,302.0)
(692.0,302.0)
(301.0,302.0)
(692.0,302.0)
(301.0,302.0)
(302.0,302.0)
(692.0,302.0)
(302.0,302.0)
(302.0,302.0)
(302.0,302.0)
(302.0,302.0)
(692.0,302.0)
(301.0,302.0)
(302.0,302.0)
(692.0,302.0)
(302.0,302.0)
(301.0,302.0)
(302.0,302.0)
(302.0,302.0)
(692.0,302.0)
(692.0,302.0)
(692.0,302.0)
(692.0,302.0)
(302.0,302.0)
(302.0,302.0)
(301.0,302.0)
(692.0,302.0)
(301.0,302.0)
(692.0,302.0)
(692.0,302.0)
(692.0,302.0)
(687.0,302.0)
(302.0,302.0)
(692.0,302.0)
(302.0,302.0)
(302.0,302.0)
(302.0,302.0)
(302.0,302.0)
(692.0,302.0)
(301.0,302.0)
(689.0,302.0)
(302.0,302.0)
(692.0,302.0)
(302.0,302.0)
(302.0,302.0)
(302.0,302.0)
(301.0,302.0)
(692.0,302.0)
(302.0,302.0)
(302.0,302.0)
(301.0,302.0)
(692.0,302.0)
(302.0,302.0)
(692.0,302.0)
(302.0,302.0)
(692.0,302.0)
(692.0,302.0)
(692.0,302.0)
(302.0,302.0)
(302.0,302.0)
(302.0,302.0)
(301.0,302.0)
(302.0,302.0)
(302.0,302.0)
(301.0,302.0)
(689.0,302.0)
(301.0,302.0)
(692.0,302.0)
(692.0,302.0)
(302.0,302.0)
(301.0,302.0)
(301.0,302.0)
(302.0,302.0)
(692.0,302.0)
(692.0,302.0)
(302.0,302.0)
(692.0,302.0)
(302.0,302.0)
(302.0,302.0)
(692.0,302.0)
(302.0,302.0)
(301.0,302.0)
(689.0,302.0)
(692.0,302.0)
(692.0,302.0)
(301.0,302.0)
(301.0,302.0)
(302.0,302.0)
(302.0,302.0)
(302.0,302.0)
(302.0,302.0)
(302.0,302.0)
(302.0,302.0)
(692.0,302.0)
(689.0,302.0)
(302.0,302.0)
(692.0,302.0)
(301.0,302.0)
(692.0,302.0)
(692.0,302.0)
(302.0,302.0)
(301.0,302.0)
(302.0,302.0)
(302.0,302.0)
(302.0,302.0)
(302.0,302.0)
(692.0,302.0)
(302.0,302.0)
(689.0,302.0)
(692.0,302.0)
(692.0,302.0)
(692.0,302.0)
(301.0,302.0)
(301.0,302.0)
(692.0,302.0)
(692.0,302.0)
(302.0,302.0)
(42.0,302.0)
(302.0,302.0)
(692.0,302.0)
(301.0,302.0)
(301.0,302.0)
(689.0,302.0)
(302.0,302.0)
(301.0,302.0)
(302.0,302.0)
(692.0,302.0)
(692.0,302.0)
(302.0,302.0)
(692.0,302.0)
(301.0,302.0)
(692.0,302.0)
(301.0,302.0)
(692.0,302.0)
(692.0,302.0)
(692.0,302.0)
(301.0,302.0)
(302.0,302.0)
(692.0,302.0)
(692.0,302.0)
(692.0,302.0)
(302.0,302.0)
(301.0,302.0)
(692.0,302.0)
(692.0,302.0)
(692.0,302.0)
(302.0,302.0)
(302.0,302.0)
(692.0,302.0)
(692.0,302.0)
(302.0,302.0)
(692.0,302.0)
(692.0,302.0)
(692.0,302.0)
(692.0,302.0)
(301.0,302.0)
(689.0,302.0)
(692.0,302.0)
(689.0,302.0)
(302.0,302.0)
(301.0,302.0)
(302.0,302.0)
(302.0,302.0)
(692.0,692.0)
(305.0,692.0)
(302.0,692.0)
(692.0,692.0)
(302.0,692.0)
(692.0,692.0)
(692.0,692.0)
(305.0,692.0)
(305.0,692.0)
(305.0,692.0)
(692.0,692.0)
(692.0,692.0)
(301.0,692.0)
(305.0,692.0)
(305.0,692.0)
(305.0,692.0)
(301.0,692.0)
(305.0,692.0)
(305.0,692.0)
(305.0,692.0)
(692.0,692.0)
(692.0,692.0)
(301.0,692.0)
(692.0,692.0)
(692.0,692.0)
(305.0,692.0)
(692.0,692.0)
(305.0,692.0)
(305.0,692.0)
(305.0,692.0)
(692.0,692.0)
(305.0,692.0)
(692.0,692.0)
(301.0,692.0)
(692.0,692.0)
(305.0,692.0)
(692.0,692.0)
(692.0,692.0)
(692.0,692.0)
(692.0,692.0)
(305.0,692.0)
(305.0,692.0)
(692.0,692.0)
(305.0,692.0)
(692.0,692.0)
(692.0,692.0)
(302.0,692.0)
(692.0,692.0)
(305.0,692.0)
(692.0,692.0)
(305.0,692.0)
(305.0,692.0)
(692.0,692.0)
(302.0,692.0)
(692.0,692.0)
(305.0,692.0)
(305.0,692.0)
(305.0,692.0)
(305.0,692.0)
(305.0,692.0)
(692.0,692.0)
(305.0,692.0)
(305.0,692.0)
(692.0,692.0)
(692.0,692.0)
(692.0,692.0)
(692.0,692.0)
(692.0,692.0)
(302.0,692.0)
(301.0,692.0)
(301.0,692.0)
(692.0,692.0)
(692.0,692.0)
(692.0,692.0)
(692.0,692.0)
(305.0,692.0)
(692.0,692.0)
(305.0,692.0)
(305.0,692.0)
(692.0,692.0)
(692.0,692.0)
(692.0,692.0)
(301.0,692.0)
(305.0,692.0)
(305.0,692.0)
(692.0,692.0)
(692.0,692.0)
(305.0,692.0)
(305.0,692.0)
(692.0,692.0)
(692.0,692.0)
(692.0,692.0)
(305.0,692.0)
(692.0,692.0)
(692.0,692.0)
(301.0,692.0)
(301.0,692.0)
(301.0,692.0)
(305.0,692.0)
(305.0,692.0)
(692.0,692.0)
(302.0,692.0)
(302.0,692.0)
(692.0,692.0)
(305.0,692.0)
(305.0,692.0)
(692.0,692.0)
(305.0,692.0)
(692.0,692.0)
(692.0,692.0)
(305.0,692.0)
(692.0,692.0)
(302.0,692.0)
(302.0,692.0)
(305.0,692.0)
(305.0,692.0)
(302.0,692.0)
(301.0,692.0)
(692.0,692.0)
(302.0,692.0)
(692.0,692.0)
(692.0,692.0)
(692.0,692.0)
(305.0,692.0)
(692.0,692.0)
(301.0,692.0)
(692.0,692.0)
(305.0,692.0)
(302.0,692.0)
(692.0,692.0)
(305.0,692.0)
(692.0,692.0)
(301.0,692.0)
(305.0,692.0)
(692.0,692.0)
(305.0,692.0)
(692.0,692.0)
(692.0,692.0)
(692.0,692.0)
(692.0,692.0)
(301.0,692.0)
(305.0,692.0)
(692.0,692.0)
(305.0,692.0)
(692.0,692.0)
(301.0,692.0)
(692.0,692.0)
(305.0,692.0)
(305.0,692.0)
(692.0,692.0)
(302.0,692.0)
(305.0,692.0)
(305.0,692.0)
(305.0,692.0)
(692.0,692.0)
(301.0,692.0)
(301.0,692.0)
(692.0,692.0)
(301.0,692.0)
(692.0,692.0)
(692.0,692.0)
(305.0,692.0)
(692.0,692.0)
(692.0,692.0)
(302.0,692.0)
(305.0,692.0)
(305.0,692.0)
(692.0,692.0)
(305.0,692.0)
(305.0,692.0)
(305.0,692.0)
(301.0,692.0)
(692.0,692.0)
(305.0,692.0)
(305.0,692.0)
(305.0,692.0)
(301.0,692.0)
(305.0,692.0)
(305.0,692.0)
(305.0,692.0)
(692.0,692.0)
(692.0,692.0)
(305.0,692.0)
(305.0,692.0)
(692.0,692.0)
(305.0,692.0)
(692.0,692.0)
(305.0,692.0)
(692.0,692.0)
(305.0,692.0)
(301.0,692.0)
(302.0,692.0)
(305.0,692.0)
(692.0,692.0)
(301.0,692.0)
(692.0,692.0)
(692.0,692.0)
(301.0,692.0)
(692.0,692.0)
(332.0,692.0)
(332.0,692.0)
(692.0,692.0)
(692.0,692.0)
(692.0,692.0)
(692.0,692.0)
(332.0,692.0)
(299.0,692.0)
(692.0,692.0)
(299.0,692.0)
(299.0,692.0)
(332.0,692.0)
(692.0,692.0)
(692.0,692.0)
(692.0,692.0)
(332.0,692.0)
(692.0,692.0)
(692.0,692.0)
(692.0,692.0)
(692.0,692.0)
(332.0,692.0)
(299.0,692.0)
(692.0,692.0)
(692.0,692.0)
(332.0,692.0)
(692.0,692.0)
(692.0,692.0)
(332.0,692.0)
(692.0,692.0)
(692.0,692.0)
(692.0,692.0)
(332.0,692.0)
(692.0,692.0)
(332.0,692.0)
(299.0,692.0)
(299.0,692.0)
(692.0,692.0)
(692.0,692.0)
(299.0,692.0)
(299.0,692.0)
(692.0,692.0)
(332.0,692.0)
(332.0,692.0)
(299.0,692.0)
(692.0,692.0)
(692.0,692.0)
(692.0,692.0)
(692.0,692.0)
(692.0,692.0)
(692.0,692.0)
(332.0,692.0)
(299.0,692.0)
(332.0,692.0)
(692.0,692.0)
(332.0,692.0)
(332.0,692.0)
(692.0,692.0)
(692.0,692.0)
(692.0,692.0)
(692.0,692.0)
(332.0,692.0)
(332.0,692.0)
(332.0,692.0)
(332.0,692.0)
(332.0,692.0)
(692.0,692.0)
(692.0,692.0)
(692.0,692.0)
(332.0,692.0)
(299.0,692.0)
(692.0,692.0)
(332.0,692.0)
(692.0,692.0)
(332.0,692.0)
(692.0,692.0)
(692.0,692.0)
(299.0,692.0)
(332.0,692.0)
(692.0,692.0)
(332.0,692.0)
(692.0,692.0)
(692.0,692.0)
(332.0,692.0)
(692.0,692.0)
(332.0,692.0)
(299.0,692.0)
(692.0,692.0)
(332.0,692.0)
(692.0,692.0)
(332.0,692.0)
(692.0,692.0)
(332.0,692.0)
(692.0,692.0)
(332.0,692.0)
(692.0,692.0)
(692.0,692.0)
(692.0,692.0)
(299.0,692.0)
(332.0,692.0)
(332.0,692.0)
(692.0,692.0)
(417.0,269.0)
(20.0,269.0)
(454.0,269.0)
(599.0,269.0)
(713.0,269.0)
(692.0,269.0)
(354.0,269.0)
(121.0,269.0)
(300.0,269.0)
(219.0,269.0)
(300.0,269.0)
(286.0,269.0)
(743.0,269.0)
(481.0,269.0)
(264.0,269.0)
(287.0,269.0)
(279.0,269.0)
(280.0,269.0)
(264.0,269.0)
(31.0,269.0)
(684.0,269.0)
(287.0,269.0)
(221.0,269.0)
(31.0,269.0)
(417.0,269.0)
(219.0,269.0)
(31.0,269.0)
(300.0,269.0)
(362.0,269.0)
(85.0,269.0)
(287.0,269.0)
(417.0,269.0)
(300.0,269.0)
(121.0,269.0)
(300.0,269.0)
(264.0,269.0)
(280.0,269.0)
(280.0,269.0)
(18.0,269.0)
(280.0,269.0)
(447.0,269.0)
(280.0,269.0)
(287.0,269.0)
(280.0,269.0)
(287.0,269.0)
(515.0,269.0)
(287.0,269.0)
(447.0,269.0)
(280.0,269.0)
(417.0,269.0)
(684.0,269.0)
(645.0,269.0)
(287.0,269.0)
(328.0,269.0)
(18.0,269.0)
(358.0,269.0)
(447.0,269.0)
(38.0,269.0)
(472.0,269.0)
(305.0,269.0)
(287.0,269.0)
(417.0,269.0)
(264.0,269.0)
(645.0,269.0)
(121.0,269.0)
(18.0,269.0)
(447.0,269.0)
(287.0,269.0)
(287.0,269.0)
(305.0,269.0)
(481.0,269.0)
(280.0,269.0)
(300.0,269.0)
(264.0,269.0)
(302.0,269.0)
(774.0,269.0)
(334.0,269.0)
(327.0,693.0)
(327.0,693.0)
(723.0,693.0)
(327.0,693.0)
(327.0,693.0)
(327.0,693.0)
(327.0,693.0)
(693.0,693.0)
(707.0,693.0)
(327.0,693.0)
(327.0,693.0)
(723.0,693.0)
(693.0,693.0)
(713.0,693.0)
(327.0,693.0)
(723.0,693.0)
(327.0,693.0)
(327.0,693.0)
(327.0,693.0)
(327.0,693.0)
(723.0,693.0)
(723.0,693.0)
(693.0,693.0)
(707.0,693.0)
(327.0,693.0)
(327.0,693.0)
(327.0,693.0)
(327.0,693.0)
(327.0,693.0)
(720.0,693.0)
(327.0,693.0)
(693.0,693.0)
(327.0,693.0)
(723.0,693.0)
(327.0,693.0)
(695.0,693.0)
(327.0,693.0)
(327.0,693.0)
(327.0,693.0)
(327.0,693.0)
(327.0,693.0)
(723.0,693.0)
(327.0,693.0)
(723.0,693.0)
(327.0,693.0)
(327.0,693.0)
(327.0,693.0)
(327.0,693.0)
(327.0,693.0)
(327.0,693.0)
(327.0,693.0)
(327.0,693.0)
(707.0,693.0)
(327.0,693.0)
(327.0,693.0)
(327.0,693.0)
(693.0,693.0)
(693.0,693.0)
(327.0,693.0)
(693.0,693.0)
(693.0,693.0)
(327.0,693.0)
(327.0,693.0)
(693.0,693.0)
(327.0,693.0)
(327.0,693.0)
(723.0,693.0)
(327.0,693.0)
(327.0,693.0)
(327.0,693.0)
(723.0,693.0)
(723.0,693.0)
(723.0,693.0)
(327.0,693.0)
(327.0,693.0)
(723.0,693.0)
(723.0,693.0)
(713.0,693.0)
(327.0,693.0)
(327.0,693.0)
(327.0,693.0)
(327.0,693.0)
(693.0,693.0)
(707.0,693.0)
(720.0,693.0)
(720.0,693.0)
(723.0,693.0)
(723.0,693.0)
(327.0,693.0)
(327.0,693.0)
(327.0,693.0)
(713.0,693.0)
(327.0,693.0)
(327.0,693.0)
(327.0,693.0)
(707.0,693.0)
(327.0,693.0)
(327.0,693.0)
(723.0,693.0)
(723.0,693.0)
(723.0,693.0)
(327.0,693.0)
(693.0,693.0)
(327.0,693.0)
(327.0,693.0)
(723.0,693.0)
(327.0,693.0)
(693.0,693.0)
(327.0,693.0)
(327.0,693.0)
(327.0,693.0)
(327.0,693.0)
(327.0,693.0)
(713.0,693.0)
(327.0,693.0)
(707.0,693.0)
(723.0,693.0)
(693.0,693.0)
(693.0,693.0)
(723.0,693.0)
(327.0,693.0)
(327.0,693.0)
(327.0,693.0)
(327.0,693.0)
(327.0,693.0)
(327.0,693.0)
(327.0,693.0)
(723.0,693.0)
(327.0,693.0)
(693.0,693.0)
(723.0,693.0)
(327.0,693.0)
(693.0,693.0)
(327.0,693.0)
(723.0,693.0)
(327.0,693.0)
(327.0,693.0)
(327.0,693.0)
(327.0,693.0)
(327.0,693.0)
(327.0,693.0)
(327.0,693.0)
(723.0,693.0)
(695.0,693.0)
(723.0,693.0)
(693.0,693.0)
(327.0,693.0)
(723.0,693.0)
(327.0,693.0)
(327.0,693.0)
(720.0,693.0)
(327.0,693.0)
(327.0,693.0)
(713.0,693.0)
(327.0,693.0)
(707.0,693.0)
(327.0,693.0)
(723.0,693.0)
(723.0,693.0)
(327.0,693.0)
(723.0,693.0)
(689.0,693.0)
(327.0,693.0)
(720.0,693.0)
(327.0,693.0)
(327.0,693.0)
(707.0,693.0)
(707.0,693.0)
(713.0,693.0)
(327.0,693.0)
(327.0,693.0)
(713.0,693.0)
(693.0,693.0)
(723.0,693.0)
(327.0,693.0)
(693.0,693.0)
(720.0,693.0)
(695.0,693.0)
(689.0,693.0)
(723.0,693.0)
(327.0,693.0)
(327.0,693.0)
(327.0,693.0)
(327.0,693.0)
(327.0,693.0)
(327.0,693.0)
(720.0,693.0)
(327.0,693.0)
(327.0,693.0)
(327.0,693.0)
(327.0,693.0)
(327.0,693.0)
(693.0,693.0)
(723.0,693.0)
(723.0,693.0)
(723.0,693.0)
(693.0,693.0)
(327.0,693.0)
(713.0,694.0)
(713.0,694.0)
(713.0,694.0)
(713.0,694.0)
(713.0,694.0)
(713.0,694.0)
(713.0,694.0)
(713.0,694.0)
(713.0,694.0)
(713.0,694.0)
(713.0,694.0)
(713.0,694.0)
(713.0,694.0)
(713.0,694.0)
(713.0,694.0)
(713.0,694.0)
(309.0,694.0)
(713.0,694.0)
(713.0,694.0)
(713.0,694.0)
(287.0,694.0)
(652.0,694.0)
(309.0,694.0)
(713.0,694.0)
(287.0,694.0)
(713.0,694.0)
(652.0,694.0)
(713.0,694.0)
(713.0,694.0)
(713.0,694.0)
(713.0,694.0)
(713.0,694.0)
(713.0,694.0)
(713.0,694.0)
(652.0,694.0)
(713.0,694.0)
(713.0,694.0)
(713.0,694.0)
(287.0,694.0)
(287.0,694.0)
(713.0,694.0)
(713.0,694.0)
(713.0,694.0)
(713.0,694.0)
(713.0,694.0)
(713.0,694.0)
(713.0,694.0)
(713.0,694.0)
(713.0,694.0)
(713.0,694.0)
(713.0,694.0)
(713.0,694.0)
(287.0,694.0)
(713.0,694.0)
(713.0,694.0)
(713.0,694.0)
(713.0,694.0)
(713.0,694.0)
(713.0,694.0)
(713.0,694.0)
(713.0,694.0)
(309.0,694.0)
(713.0,694.0)
(287.0,694.0)
(287.0,694.0)
(652.0,694.0)
(287.0,694.0)
(713.0,694.0)
(713.0,694.0)
(309.0,694.0)
(713.0,694.0)
(287.0,694.0)
(713.0,694.0)
(713.0,694.0)
(715.0,694.0)
(713.0,694.0)
(713.0,694.0)
(713.0,694.0)
(287.0,694.0)
(713.0,694.0)
(713.0,694.0)
(713.0,694.0)
(713.0,694.0)
(287.0,694.0)
(713.0,694.0)
(287.0,694.0)
(713.0,694.0)
(713.0,694.0)
(713.0,694.0)
(287.0,694.0)
(652.0,694.0)
(713.0,694.0)
(713.0,694.0)
(713.0,694.0)
(287.0,694.0)
(713.0,694.0)
(309.0,694.0)
(309.0,694.0)
(713.0,694.0)
(713.0,694.0)
(287.0,694.0)
(713.0,694.0)
(713.0,694.0)
(713.0,694.0)
(713.0,694.0)
(713.0,694.0)
(652.0,694.0)
(309.0,694.0)
(287.0,694.0)
(287.0,694.0)
(713.0,694.0)
(713.0,694.0)
(713.0,694.0)
(713.0,694.0)
(713.0,694.0)
(713.0,694.0)
(713.0,694.0)
(713.0,694.0)
(652.0,694.0)
(713.0,694.0)
(713.0,694.0)
(713.0,694.0)
(287.0,694.0)
(713.0,694.0)
(713.0,694.0)
(309.0,694.0)
(713.0,694.0)
(713.0,694.0)
(713.0,694.0)
(713.0,694.0)
(713.0,694.0)
(713.0,694.0)
(713.0,694.0)
(715.0,694.0)
(713.0,694.0)
(715.0,694.0)
(713.0,694.0)
(713.0,694.0)
(713.0,694.0)
(713.0,694.0)
(309.0,694.0)
(713.0,694.0)
(713.0,694.0)
(713.0,694.0)
(713.0,694.0)
(713.0,694.0)
(713.0,694.0)
(713.0,694.0)
(713.0,694.0)
(287.0,694.0)
(713.0,694.0)
(713.0,694.0)
(713.0,694.0)
(713.0,694.0)
(713.0,694.0)
(309.0,694.0)
(309.0,694.0)
(287.0,694.0)
(713.0,694.0)
(652.0,694.0)
(713.0,694.0)
(713.0,694.0)
(287.0,694.0)
(713.0,694.0)
(713.0,694.0)
(713.0,694.0)
(713.0,694.0)
(713.0,694.0)
(713.0,694.0)
(713.0,694.0)
(713.0,694.0)
(309.0,694.0)
(287.0,694.0)
(713.0,694.0)
(713.0,694.0)
(713.0,694.0)
(287.0,694.0)
(713.0,694.0)
(713.0,694.0)
(713.0,694.0)
(713.0,694.0)
(287.0,694.0)
(652.0,694.0)
(713.0,694.0)
(713.0,694.0)
(287.0,694.0)
(713.0,694.0)
(713.0,694.0)
(713.0,694.0)
(713.0,694.0)
(713.0,694.0)
(309.0,694.0)
(713.0,694.0)
(713.0,694.0)
(713.0,694.0)
(309.0,694.0)
(713.0,694.0)
(713.0,694.0)
(713.0,694.0)
(287.0,694.0)
(519.0,694.0)
(613.0,694.0)
(354.0,694.0)
(723.0,694.0)
(417.0,694.0)
(395.0,694.0)
(239.0,694.0)
(479.0,694.0)
(519.0,694.0)
(287.0,694.0)
(354.0,694.0)
(212.0,694.0)
(328.0,694.0)
(46.0,694.0)
(723.0,694.0)
(212.0,694.0)
(219.0,694.0)
(354.0,694.0)
(354.0,694.0)
(280.0,694.0)
(354.0,694.0)
(519.0,694.0)
(417.0,694.0)
(309.0,694.0)
(613.0,694.0)
(287.0,694.0)
(519.0,694.0)
(239.0,694.0)
(309.0,694.0)
(157.0,694.0)
(519.0,694.0)
(417.0,694.0)
(723.0,694.0)
(354.0,694.0)
(395.0,694.0)
(519.0,694.0)
(689.0,694.0)
(323.0,694.0)
(157.0,694.0)
(395.0,694.0)
(305.0,694.0)
(613.0,694.0)
(519.0,694.0)
(354.0,694.0)
(406.0,694.0)
(309.0,694.0)
(519.0,694.0)
(479.0,694.0)
(519.0,694.0)
(327.0,694.0)
(239.0,694.0)
(417.0,694.0)
(481.0,694.0)
(417.0,694.0)
(354.0,694.0)
(417.0,694.0)
(395.0,694.0)
(328.0,694.0)
(305.0,694.0)
(519.0,694.0)
(406.0,694.0)
(354.0,694.0)
(31.0,694.0)
(708.0,694.0)
(239.0,694.0)
(447.0,694.0)
(309.0,694.0)
(305.0,694.0)
(280.0,694.0)
(613.0,694.0)
(219.0,694.0)
(305.0,694.0)
(215.0,695.0)
(215.0,695.0)
(215.0,695.0)
(215.0,695.0)
(215.0,695.0)
(215.0,695.0)
(215.0,695.0)
(215.0,695.0)
(215.0,695.0)
(215.0,695.0)
(215.0,695.0)
(215.0,695.0)
(215.0,695.0)
(215.0,695.0)
(658.0,698.0)
(658.0,698.0)
(658.0,698.0)
(658.0,698.0)
(658.0,698.0)
(658.0,698.0)
(658.0,698.0)
(698.0,698.0)
(698.0,698.0)
(658.0,698.0)
(658.0,698.0)
(658.0,698.0)
(658.0,698.0)
(658.0,698.0)
(658.0,698.0)
(658.0,698.0)
(698.0,698.0)
(658.0,698.0)
(658.0,698.0)
(658.0,698.0)
(658.0,698.0)
(658.0,698.0)
(698.0,698.0)
(658.0,698.0)
(658.0,698.0)
(658.0,698.0)
(658.0,698.0)
(658.0,698.0)
(698.0,698.0)
(658.0,698.0)
(658.0,698.0)
(658.0,698.0)
(658.0,698.0)
(658.0,698.0)
(340.0,698.0)
(658.0,698.0)
(658.0,698.0)
(658.0,698.0)
(698.0,698.0)
(190.0,697.0)
(218.0,697.0)
(723.0,697.0)
(723.0,697.0)
(656.0,697.0)
(262.0,697.0)
(280.0,697.0)
(656.0,697.0)
(723.0,697.0)
(284.0,697.0)
(218.0,697.0)
(218.0,697.0)
(658.0,697.0)
(190.0,697.0)
(617.0,697.0)
(723.0,697.0)
(190.0,697.0)
(617.0,697.0)
(658.0,697.0)
(723.0,697.0)
(617.0,697.0)
(190.0,697.0)
(617.0,697.0)
(190.0,697.0)
(218.0,697.0)
(190.0,697.0)
(218.0,697.0)
(186.0,697.0)
(658.0,697.0)
(190.0,697.0)
(218.0,697.0)
(218.0,697.0)
(617.0,697.0)
(723.0,697.0)
(218.0,697.0)
(218.0,697.0)
(186.0,697.0)
(658.0,697.0)
(190.0,697.0)
(617.0,697.0)
(617.0,697.0)
(617.0,697.0)
(658.0,697.0)
(305.0,697.0)
(617.0,697.0)
(658.0,697.0)
(617.0,697.0)
(190.0,697.0)
(723.0,697.0)
(617.0,697.0)
(218.0,697.0)
(190.0,697.0)
(218.0,697.0)
(617.0,697.0)
(617.0,697.0)
(190.0,697.0)
(186.0,697.0)
(617.0,697.0)
(723.0,697.0)
(723.0,697.0)
(658.0,697.0)
(186.0,697.0)
(617.0,697.0)
(658.0,697.0)
(617.0,697.0)
(617.0,697.0)
(658.0,697.0)
(658.0,697.0)
(723.0,697.0)
(723.0,697.0)
(617.0,697.0)
(658.0,697.0)
(190.0,697.0)
(617.0,697.0)
(698.0,697.0)
(617.0,697.0)
(723.0,697.0)
(656.0,697.0)
(723.0,697.0)
(658.0,697.0)
(658.0,697.0)
(186.0,697.0)
(262.0,697.0)
(723.0,697.0)
(723.0,697.0)
(218.0,697.0)
(190.0,697.0)
(658.0,697.0)
(723.0,697.0)
(280.0,697.0)
(723.0,697.0)
(617.0,697.0)
(723.0,697.0)
(617.0,697.0)
(190.0,697.0)
(658.0,697.0)
(280.0,697.0)
(723.0,697.0)
(617.0,697.0)
(617.0,697.0)
(723.0,697.0)
(218.0,697.0)
(658.0,697.0)
(218.0,697.0)
(617.0,697.0)
(617.0,697.0)
(190.0,697.0)
(658.0,697.0)
(658.0,697.0)
(218.0,697.0)
(723.0,697.0)
(658.0,697.0)
(656.0,697.0)
(658.0,697.0)
(190.0,697.0)
(218.0,697.0)
(658.0,698.0)
(658.0,698.0)
(723.0,698.0)
(658.0,698.0)
(658.0,698.0)
(723.0,698.0)
(658.0,698.0)
(723.0,698.0)
(723.0,698.0)
(658.0,698.0)
(658.0,698.0)
(658.0,698.0)
(658.0,698.0)
(723.0,698.0)
(658.0,698.0)
(658.0,698.0)
(658.0,698.0)
(658.0,698.0)
(723.0,698.0)
(658.0,698.0)
(658.0,698.0)
(723.0,698.0)
(723.0,698.0)
(658.0,698.0)
(658.0,698.0)
(658.0,698.0)
(658.0,698.0)
(723.0,698.0)
(698.0,698.0)
(658.0,698.0)
(658.0,698.0)
(723.0,698.0)
(658.0,698.0)
(658.0,698.0)
(658.0,698.0)
(658.0,698.0)
(658.0,698.0)
(658.0,698.0)
(723.0,698.0)
(658.0,698.0)
(658.0,698.0)
(698.0,698.0)
(698.0,698.0)
(658.0,698.0)
(698.0,698.0)
(698.0,698.0)
(698.0,698.0)
(698.0,698.0)
(723.0,698.0)
(698.0,698.0)
(698.0,698.0)
(698.0,698.0)
(698.0,698.0)
(698.0,698.0)
(698.0,698.0)
(698.0,698.0)
(658.0,698.0)
(723.0,698.0)
(658.0,698.0)
(723.0,698.0)
(698.0,698.0)
(723.0,698.0)
(698.0,698.0)
(723.0,698.0)
(658.0,698.0)
(698.0,698.0)
(698.0,698.0)
(698.0,698.0)
(698.0,698.0)
(698.0,698.0)
(698.0,698.0)
(723.0,698.0)
(698.0,698.0)
(658.0,698.0)
(698.0,698.0)
(658.0,698.0)
(698.0,698.0)
(698.0,698.0)
(726.0,698.0)
(334.0,698.0)
(658.0,698.0)
(726.0,698.0)
(346.0,698.0)
(346.0,698.0)
(334.0,698.0)
(346.0,698.0)
(698.0,698.0)
(334.0,698.0)
(726.0,698.0)
(346.0,698.0)
(726.0,698.0)
(658.0,698.0)
(346.0,698.0)
(698.0,698.0)
(698.0,698.0)
(346.0,698.0)
(334.0,698.0)
(346.0,698.0)
(346.0,698.0)
(658.0,698.0)
(726.0,698.0)
(346.0,698.0)
(698.0,698.0)
(346.0,698.0)
(346.0,698.0)
(698.0,698.0)
(698.0,698.0)
(346.0,698.0)
(346.0,698.0)
(346.0,698.0)
(346.0,698.0)
(346.0,698.0)
(698.0,698.0)
(346.0,698.0)
(658.0,698.0)
(334.0,698.0)
(658.0,698.0)
(698.0,698.0)
(698.0,698.0)
(346.0,698.0)
(334.0,698.0)
(346.0,698.0)
(346.0,698.0)
(726.0,698.0)
(346.0,698.0)
(698.0,698.0)
(334.0,698.0)
(658.0,698.0)
(334.0,698.0)
(346.0,698.0)
(346.0,698.0)
(698.0,698.0)
