(239.0,613.0)
(239.0,613.0)
(228.0,613.0)
(239.0,613.0)
(629.0,613.0)
(613.0,613.0)
(267.0,613.0)
(613.0,613.0)
(613.0,613.0)
(602.0,613.0)
(267.0,613.0)
(622.0,613.0)
(613.0,613.0)
(267.0,613.0)
(622.0,613.0)
(622.0,613.0)
(239.0,613.0)
(629.0,613.0)
(267.0,613.0)
(267.0,613.0)
(267.0,613.0)
(629.0,613.0)
(239.0,613.0)
(247.0,613.0)
(267.0,613.0)
(267.0,613.0)
(228.0,613.0)
(629.0,613.0)
(267.0,613.0)
(267.0,613.0)
(613.0,613.0)
(267.0,613.0)
(629.0,613.0)
(267.0,613.0)
(613.0,613.0)
(267.0,613.0)
(239.0,613.0)
(239.0,613.0)
(267.0,613.0)
(613.0,613.0)
(239.0,613.0)
(629.0,613.0)
(613.0,613.0)
(249.0,613.0)
(613.0,613.0)
(267.0,613.0)
(215.0,615.0)
(613.0,615.0)
(219.0,615.0)
(219.0,615.0)
(212.0,615.0)
(212.0,615.0)
(613.0,615.0)
(613.0,615.0)
(613.0,615.0)
(212.0,615.0)
(262.0,615.0)
(613.0,615.0)
(613.0,615.0)
(613.0,615.0)
(239.0,615.0)
(613.0,615.0)
(613.0,615.0)
(613.0,615.0)
(212.0,615.0)
(215.0,615.0)
(239.0,615.0)
(212.0,615.0)
(613.0,615.0)
(212.0,615.0)
(613.0,615.0)
(613.0,615.0)
(262.0,615.0)
(613.0,615.0)
(215.0,615.0)
(613.0,615.0)
(262.0,615.0)
(212.0,615.0)
(212.0,615.0)
(215.0,615.0)
(613.0,615.0)
(212.0,615.0)
(613.0,615.0)
(212.0,615.0)
(613.0,615.0)
(215.0,615.0)
(613.0,615.0)
(613.0,615.0)
(613.0,615.0)
(212.0,615.0)
(613.0,615.0)
(613.0,615.0)
(613.0,615.0)
(613.0,615.0)
(613.0,615.0)
(613.0,615.0)
(212.0,615.0)
(613.0,615.0)
(613.0,615.0)
(212.0,615.0)
(212.0,615.0)
(212.0,615.0)
(215.0,615.0)
(219.0,615.0)
(239.0,615.0)
(215.0,615.0)
(262.0,615.0)
(613.0,615.0)
(212.0,615.0)
(613.0,615.0)
(215.0,615.0)
(215.0,615.0)
(613.0,615.0)
(613.0,615.0)
(215.0,615.0)
(613.0,615.0)
(212.0,615.0)
(613.0,615.0)
(613.0,615.0)
(212.0,615.0)
(215.0,615.0)
(215.0,615.0)
(238.0,615.0)
(215.0,615.0)
(613.0,615.0)
(613.0,615.0)
(613.0,615.0)
(613.0,615.0)
(613.0,615.0)
(219.0,615.0)
(238.0,615.0)
(613.0,615.0)
(215.0,615.0)
(613.0,615.0)
(212.0,615.0)
(215.0,615.0)
(613.0,615.0)
(613.0,615.0)
(219.0,615.0)
(613.0,615.0)
(613.0,615.0)
(219.0,615.0)
(613.0,615.0)
(215.0,615.0)
(613.0,615.0)
(238.0,615.0)
(212.0,615.0)
(613.0,615.0)
(239.0,615.0)
(212.0,615.0)
(613.0,615.0)
(219.0,615.0)
(613.0,615.0)
(212.0,615.0)
(239.0,615.0)
(613.0,615.0)
(613.0,615.0)
(238.0,615.0)
(212.0,615.0)
(239.0,615.0)
(613.0,615.0)
(613.0,615.0)
(613.0,615.0)
(613.0,615.0)
(212.0,615.0)
(613.0,615.0)
(613.0,615.0)
(613.0,615.0)
(262.0,615.0)
(239.0,615.0)
(239.0,615.0)
(212.0,615.0)
(613.0,615.0)
(215.0,615.0)
(212.0,615.0)
(613.0,615.0)
(613.0,615.0)
(613.0,615.0)
(613.0,615.0)
(613.0,615.0)
(239.0,615.0)
(212.0,615.0)
(613.0,615.0)
(613.0,615.0)
(215.0,615.0)
(239.0,615.0)
(613.0,615.0)
(613.0,615.0)
(613.0,615.0)
(212.0,615.0)
(212.0,615.0)
(212.0,615.0)
(613.0,615.0)
(262.0,615.0)
(613.0,615.0)
(613.0,615.0)
(239.0,615.0)
(219.0,615.0)
(613.0,615.0)
(239.0,615.0)
(212.0,615.0)
(613.0,615.0)
(212.0,615.0)
(613.0,615.0)
(264.0,617.0)
(645.0,617.0)
(613.0,617.0)
(597.0,617.0)
(613.0,617.0)
(212.0,617.0)
(670.0,617.0)
(347.0,617.0)
(639.0,617.0)
(639.0,617.0)
(212.0,617.0)
(331.0,617.0)
(613.0,617.0)
(639.0,617.0)
(331.0,617.0)
(597.0,617.0)
(262.0,617.0)
(645.0,617.0)
(347.0,617.0)
(639.0,617.0)
(267.0,617.0)
(660.0,617.0)
(262.0,617.0)
(645.0,617.0)
(267.0,617.0)
(639.0,617.0)
(660.0,617.0)
(617.0,617.0)
(597.0,617.0)
(597.0,617.0)
(194.0,617.0)
(639.0,617.0)
(331.0,617.0)
(613.0,617.0)
(660.0,617.0)
(639.0,617.0)
(331.0,617.0)
(264.0,617.0)
(267.0,617.0)
(264.0,617.0)
(645.0,617.0)
(597.0,617.0)
(264.0,617.0)
(645.0,617.0)
(212.0,617.0)
(331.0,617.0)
(639.0,617.0)
(264.0,617.0)
(645.0,617.0)
(194.0,617.0)
(347.0,617.0)
(331.0,617.0)
(660.0,617.0)
(639.0,617.0)
(645.0,617.0)
(639.0,617.0)
(639.0,617.0)
(347.0,617.0)
(624.0,617.0)
(639.0,617.0)
(212.0,617.0)
(617.0,617.0)
(639.0,617.0)
(267.0,617.0)
(267.0,617.0)
(660.0,617.0)
(660.0,617.0)
(670.0,617.0)
(613.0,617.0)
(262.0,617.0)
(331.0,617.0)
(660.0,617.0)
(670.0,617.0)
(331.0,617.0)
(617.0,617.0)
(670.0,617.0)
(597.0,617.0)
(639.0,617.0)
(660.0,617.0)
(264.0,617.0)
(331.0,617.0)
(613.0,617.0)
(624.0,617.0)
(660.0,617.0)
(639.0,617.0)
(264.0,617.0)
(331.0,617.0)
(347.0,617.0)
(639.0,617.0)
(267.0,617.0)
(660.0,617.0)
(264.0,617.0)
(597.0,617.0)
(212.0,617.0)
(660.0,617.0)
(613.0,617.0)
(670.0,617.0)
(639.0,617.0)
(639.0,617.0)
(639.0,617.0)
(613.0,617.0)
(613.0,617.0)
(212.0,617.0)
(639.0,617.0)
(597.0,617.0)
(660.0,617.0)
(347.0,617.0)
(267.0,617.0)
(660.0,617.0)
(331.0,617.0)
(670.0,617.0)
(613.0,617.0)
(613.0,617.0)
(639.0,617.0)
(639.0,617.0)
(613.0,617.0)
(613.0,617.0)
(660.0,617.0)
(639.0,617.0)
(670.0,617.0)
(264.0,617.0)
(267.0,617.0)
(347.0,617.0)
(194.0,617.0)
(262.0,617.0)
(212.0,617.0)
(639.0,617.0)
(613.0,617.0)
(597.0,617.0)
(639.0,617.0)
(212.0,617.0)
(613.0,617.0)
(639.0,617.0)
(670.0,617.0)
(639.0,617.0)
(212.0,617.0)
(331.0,617.0)
(670.0,617.0)
(331.0,617.0)
(262.0,617.0)
(639.0,617.0)
(645.0,617.0)
(639.0,617.0)
(331.0,617.0)
(613.0,617.0)
(194.0,617.0)
(347.0,617.0)
(597.0,617.0)
(267.0,617.0)
(639.0,617.0)
(639.0,617.0)
(347.0,617.0)
(670.0,617.0)
(331.0,617.0)
(262.0,617.0)
(262.0,617.0)
(660.0,617.0)
(613.0,617.0)
(660.0,617.0)
(331.0,617.0)
(597.0,617.0)
(264.0,617.0)
(194.0,617.0)
(617.0,617.0)
(670.0,617.0)
(639.0,617.0)
(331.0,617.0)
(347.0,617.0)
(639.0,617.0)
(639.0,617.0)
(262.0,617.0)
(660.0,617.0)
(624.0,617.0)
(597.0,617.0)
(639.0,617.0)
(660.0,617.0)
(613.0,617.0)
(645.0,617.0)
(347.0,617.0)
(645.0,617.0)
(660.0,617.0)
(660.0,617.0)
(597.0,617.0)
(597.0,617.0)
(264.0,617.0)
(645.0,617.0)
(331.0,617.0)
(347.0,617.0)
(645.0,617.0)
(645.0,617.0)
(262.0,617.0)
(613.0,617.0)
(639.0,617.0)
(331.0,617.0)
(262.0,617.0)
(212.0,617.0)
(194.0,617.0)
(639.0,617.0)
(264.0,617.0)
(639.0,617.0)
(599.0,619.0)
(215.0,619.0)
(599.0,619.0)
(599.0,619.0)
(215.0,619.0)
(215.0,619.0)
(215.0,619.0)
(215.0,619.0)
(599.0,619.0)
(599.0,619.0)
(599.0,619.0)
(215.0,619.0)
(215.0,619.0)
(215.0,619.0)
(594.0,619.0)
(599.0,619.0)
(599.0,619.0)
(599.0,619.0)
(599.0,619.0)
(599.0,619.0)
(599.0,619.0)
(215.0,619.0)
(599.0,619.0)
(215.0,619.0)
(215.0,619.0)
(599.0,619.0)
(215.0,619.0)
(599.0,619.0)
(599.0,619.0)
(215.0,619.0)
(599.0,619.0)
(599.0,619.0)
(215.0,619.0)
(215.0,619.0)
(599.0,619.0)
(599.0,619.0)
(599.0,619.0)
(599.0,619.0)
(599.0,619.0)
(599.0,619.0)
(599.0,619.0)
(599.0,619.0)
(215.0,619.0)
(599.0,619.0)
(599.0,619.0)
(599.0,619.0)
(599.0,619.0)
(215.0,619.0)
(599.0,619.0)
(215.0,619.0)
(599.0,619.0)
(599.0,619.0)
(215.0,619.0)
(599.0,619.0)
(215.0,619.0)
(215.0,619.0)
(599.0,619.0)
(599.0,619.0)
(215.0,619.0)
(599.0,619.0)
(215.0,619.0)
(599.0,619.0)
(599.0,619.0)
(215.0,619.0)
(599.0,619.0)
(215.0,619.0)
(215.0,619.0)
(215.0,619.0)
(215.0,619.0)
(215.0,619.0)
(599.0,619.0)
(599.0,619.0)
(599.0,619.0)
(215.0,619.0)
(599.0,619.0)
(215.0,619.0)
(599.0,619.0)
(599.0,619.0)
(599.0,619.0)
(599.0,619.0)
(215.0,619.0)
(215.0,619.0)
(599.0,619.0)
(599.0,619.0)
(215.0,619.0)
(599.0,619.0)
(599.0,619.0)
(599.0,619.0)
(215.0,619.0)
(599.0,619.0)
(215.0,619.0)
(215.0,616.0)
(262.0,616.0)
(262.0,616.0)
(218.0,616.0)
(262.0,616.0)
(215.0,616.0)
(215.0,616.0)
(262.0,616.0)
(262.0,616.0)
(215.0,616.0)
(215.0,616.0)
(262.0,616.0)
(218.0,616.0)
(262.0,616.0)
(262.0,616.0)
(262.0,616.0)
(262.0,616.0)
(627.0,616.0)
(262.0,616.0)
(218.0,616.0)
(627.0,616.0)
(262.0,616.0)
(262.0,616.0)
(218.0,616.0)
(182.0,616.0)
(218.0,616.0)
(262.0,616.0)
(215.0,616.0)
(262.0,616.0)
(262.0,616.0)
(215.0,616.0)
(215.0,616.0)
(627.0,616.0)
(262.0,616.0)
(218.0,616.0)
(215.0,616.0)
(262.0,616.0)
(215.0,616.0)
(218.0,616.0)
(262.0,616.0)
(600.0,616.0)
(262.0,616.0)
(218.0,616.0)
(262.0,616.0)
(218.0,616.0)
(262.0,616.0)
(218.0,616.0)
(262.0,616.0)
(262.0,616.0)
(215.0,616.0)
(262.0,616.0)
(262.0,616.0)
(627.0,616.0)
(218.0,616.0)
(262.0,616.0)
(262.0,616.0)
(218.0,616.0)
(218.0,616.0)
(215.0,616.0)
(262.0,616.0)
(636.0,616.0)
(218.0,616.0)
(262.0,616.0)
(215.0,616.0)
(218.0,616.0)
(262.0,616.0)
(262.0,616.0)
(262.0,616.0)
(262.0,616.0)
(218.0,616.0)
(262.0,616.0)
(215.0,616.0)
(218.0,616.0)
(190.0,616.0)
(262.0,616.0)
(218.0,616.0)
(262.0,616.0)
(262.0,616.0)
(262.0,616.0)
(262.0,616.0)
(190.0,616.0)
(262.0,616.0)
(218.0,616.0)
(262.0,616.0)
(218.0,616.0)
(215.0,616.0)
(262.0,616.0)
(262.0,616.0)
(262.0,616.0)
(262.0,616.0)
(262.0,616.0)
(262.0,616.0)
(215.0,616.0)
(627.0,616.0)
(262.0,616.0)
(218.0,616.0)
(262.0,616.0)
(190.0,616.0)
(262.0,616.0)
(262.0,616.0)
(218.0,616.0)
(215.0,616.0)
(262.0,616.0)
(262.0,616.0)
(215.0,616.0)
(262.0,616.0)
(190.0,616.0)
(218.0,616.0)
(215.0,616.0)
(218.0,616.0)
(262.0,616.0)
(262.0,616.0)
(218.0,616.0)
(262.0,616.0)
(218.0,616.0)
(262.0,616.0)
(218.0,616.0)
(262.0,616.0)
(218.0,616.0)
(262.0,616.0)
(262.0,616.0)
(262.0,616.0)
(262.0,616.0)
(218.0,616.0)
(215.0,616.0)
(262.0,616.0)
(262.0,616.0)
(262.0,616.0)
(218.0,616.0)
(218.0,616.0)
(627.0,616.0)
(218.0,616.0)
(262.0,616.0)
(218.0,616.0)
(218.0,616.0)
(262.0,616.0)
(262.0,616.0)
(262.0,616.0)
(218.0,616.0)
(262.0,616.0)
(262.0,616.0)
(262.0,616.0)
(262.0,616.0)
(262.0,616.0)
(218.0,616.0)
(218.0,616.0)
(627.0,616.0)
(262.0,616.0)
(215.0,616.0)
(262.0,616.0)
(218.0,616.0)
(262.0,616.0)
(262.0,616.0)
(262.0,616.0)
(262.0,616.0)
(218.0,616.0)
(262.0,616.0)
(215.0,616.0)
(218.0,616.0)
(262.0,616.0)
(627.0,616.0)
(211.0,618.0)
(241.0,618.0)
(211.0,618.0)
(211.0,618.0)
(262.0,618.0)
(211.0,618.0)
(211.0,618.0)
(241.0,618.0)
(241.0,618.0)
(211.0,618.0)
(211.0,618.0)
(211.0,618.0)
(211.0,618.0)
(241.0,618.0)
(211.0,618.0)
(211.0,618.0)
(716.0,618.0)
(241.0,618.0)
(241.0,618.0)
(241.0,618.0)
(211.0,618.0)
(211.0,618.0)
(241.0,618.0)
(211.0,618.0)
(211.0,618.0)
(211.0,618.0)
(211.0,618.0)
(241.0,618.0)
(211.0,618.0)
(211.0,618.0)
(241.0,618.0)
(211.0,618.0)
(211.0,618.0)
(241.0,618.0)
(211.0,618.0)
(211.0,618.0)
(241.0,618.0)
(211.0,618.0)
(211.0,618.0)
(211.0,618.0)
(211.0,618.0)
(241.0,618.0)
(211.0,618.0)
(241.0,618.0)
(211.0,618.0)
(211.0,618.0)
(211.0,618.0)
(241.0,618.0)
(241.0,618.0)
(241.0,618.0)
(241.0,618.0)
(241.0,618.0)
(211.0,618.0)
(241.0,618.0)
(241.0,618.0)
(211.0,618.0)
(262.0,618.0)
(716.0,618.0)
(211.0,618.0)
(211.0,618.0)
(211.0,618.0)
(211.0,618.0)
(211.0,618.0)
(211.0,618.0)
(241.0,618.0)
(211.0,618.0)
(211.0,618.0)
(211.0,618.0)
(241.0,618.0)
(241.0,618.0)
(211.0,618.0)
(241.0,618.0)
(241.0,618.0)
(211.0,618.0)
(211.0,618.0)
(211.0,618.0)
(211.0,618.0)
(211.0,618.0)
(241.0,618.0)
(241.0,618.0)
(707.0,618.0)
(211.0,618.0)
(211.0,618.0)
(211.0,618.0)
(723.0,618.0)
(211.0,618.0)
(241.0,618.0)
(211.0,618.0)
(211.0,618.0)
(262.0,618.0)
(211.0,618.0)
(241.0,618.0)
(723.0,618.0)
(262.0,618.0)
(211.0,618.0)
(211.0,618.0)
(211.0,618.0)
(211.0,618.0)
(211.0,618.0)
(211.0,618.0)
(716.0,618.0)
(211.0,618.0)
(241.0,618.0)
(211.0,618.0)
(211.0,618.0)
(241.0,618.0)
(211.0,618.0)
(211.0,618.0)
(241.0,618.0)
(211.0,618.0)
(241.0,618.0)
(211.0,618.0)
(211.0,618.0)
(211.0,618.0)
(211.0,618.0)
(716.0,618.0)
(241.0,618.0)
(211.0,618.0)
(241.0,618.0)
(211.0,618.0)
(211.0,618.0)
(211.0,618.0)
(241.0,618.0)
(211.0,618.0)
(211.0,618.0)
(211.0,618.0)
(241.0,618.0)
(211.0,618.0)
(211.0,618.0)
(716.0,618.0)
(211.0,618.0)
(211.0,618.0)
(211.0,618.0)
(211.0,618.0)
(211.0,618.0)
(262.0,618.0)
(211.0,618.0)
(241.0,618.0)
(211.0,618.0)
(241.0,618.0)
(241.0,618.0)
(241.0,618.0)
(716.0,618.0)
(723.0,618.0)
(211.0,618.0)
(241.0,618.0)
(211.0,618.0)
(241.0,618.0)
(241.0,618.0)
(241.0,618.0)
(211.0,618.0)
(211.0,618.0)
(211.0,618.0)
(241.0,618.0)
(211.0,618.0)
(241.0,618.0)
(211.0,618.0)
(723.0,618.0)
(716.0,618.0)
(211.0,618.0)
(241.0,618.0)
(211.0,618.0)
(241.0,618.0)
(211.0,618.0)
(211.0,618.0)
(211.0,618.0)
(211.0,618.0)
(241.0,618.0)
(241.0,618.0)
(212.0,622.0)
(212.0,622.0)
(212.0,622.0)
(212.0,622.0)
(240.0,622.0)
(212.0,622.0)
(212.0,622.0)
(212.0,622.0)
(212.0,622.0)
(212.0,622.0)
(212.0,622.0)
(212.0,622.0)
(212.0,622.0)
(212.0,622.0)
(212.0,622.0)
(212.0,622.0)
(212.0,622.0)
(212.0,622.0)
(212.0,622.0)
(212.0,622.0)
(212.0,622.0)
(212.0,622.0)
(212.0,622.0)
(212.0,622.0)
(212.0,622.0)
(240.0,622.0)
(212.0,622.0)
(212.0,622.0)
(212.0,622.0)
(212.0,622.0)
(212.0,622.0)
(212.0,622.0)
(212.0,622.0)
(212.0,622.0)
(212.0,622.0)
(212.0,622.0)
(212.0,622.0)
(212.0,622.0)
(212.0,622.0)
(212.0,622.0)
(212.0,622.0)
(299.0,620.0)
(184.0,620.0)
(211.0,620.0)
(184.0,620.0)
(211.0,620.0)
(613.0,620.0)
(299.0,620.0)
(184.0,620.0)
(287.0,620.0)
(190.0,620.0)
(299.0,620.0)
(211.0,620.0)
(299.0,620.0)
(211.0,620.0)
(184.0,620.0)
(613.0,620.0)
(613.0,620.0)
(184.0,620.0)
(184.0,620.0)
(211.0,620.0)
(613.0,620.0)
(287.0,620.0)
(299.0,620.0)
(211.0,620.0)
(184.0,620.0)
(613.0,620.0)
(613.0,620.0)
(211.0,620.0)
(184.0,620.0)
(211.0,620.0)
(613.0,620.0)
(211.0,620.0)
(613.0,620.0)
(211.0,620.0)
(613.0,620.0)
(184.0,620.0)
(267.0,623.0)
(631.0,623.0)
(631.0,623.0)
(631.0,623.0)
(631.0,623.0)
(212.0,623.0)
(212.0,623.0)
(631.0,623.0)
(631.0,623.0)
(631.0,623.0)
(212.0,623.0)
(215.0,623.0)
(631.0,623.0)
(631.0,623.0)
(631.0,623.0)
(631.0,623.0)
(631.0,623.0)
(228.0,623.0)
(631.0,623.0)
(238.0,623.0)
(239.0,623.0)
(212.0,623.0)
(631.0,623.0)
(631.0,623.0)
(239.0,623.0)
(631.0,623.0)
(212.0,623.0)
(238.0,623.0)
(631.0,623.0)
(631.0,623.0)
(631.0,623.0)
(215.0,623.0)
(631.0,623.0)
(212.0,623.0)
(631.0,623.0)
(215.0,623.0)
(267.0,623.0)
(212.0,623.0)
(239.0,623.0)
(631.0,623.0)
(631.0,623.0)
(267.0,623.0)
(631.0,623.0)
(212.0,623.0)
(238.0,623.0)
(267.0,623.0)
(631.0,623.0)
(631.0,623.0)
(631.0,623.0)
(631.0,623.0)
(212.0,623.0)
(238.0,623.0)
(631.0,623.0)
(631.0,623.0)
(631.0,623.0)
(631.0,623.0)
(631.0,623.0)
(631.0,623.0)
(212.0,623.0)
(238.0,623.0)
(631.0,623.0)
(239.0,623.0)
(212.0,623.0)
(212.0,623.0)
(239.0,623.0)
(631.0,623.0)
(631.0,623.0)
(631.0,623.0)
(215.0,623.0)
(239.0,623.0)
(631.0,623.0)
(215.0,623.0)
(238.0,623.0)
(212.0,623.0)
(631.0,623.0)
(631.0,623.0)
(239.0,623.0)
(267.0,623.0)
(215.0,623.0)
(228.0,623.0)
(631.0,623.0)
(239.0,623.0)
(631.0,623.0)
(239.0,623.0)
(631.0,623.0)
(631.0,623.0)
(212.0,623.0)
(212.0,623.0)
(267.0,623.0)
(631.0,623.0)
(212.0,623.0)
(239.0,623.0)
(631.0,623.0)
(631.0,623.0)
(631.0,623.0)
(631.0,623.0)
(631.0,623.0)
(228.0,623.0)
(631.0,623.0)
(212.0,623.0)
(631.0,623.0)
(631.0,623.0)
(212.0,623.0)
(631.0,623.0)
(212.0,623.0)
(239.0,623.0)
(631.0,623.0)
(212.0,623.0)
(631.0,623.0)
(631.0,623.0)
(631.0,623.0)
(631.0,623.0)
(631.0,623.0)
(631.0,623.0)
(212.0,623.0)
(238.0,623.0)
(212.0,623.0)
(267.0,623.0)
(212.0,623.0)
(631.0,623.0)
(631.0,623.0)
(212.0,623.0)
(631.0,623.0)
(631.0,623.0)
(631.0,623.0)
(631.0,623.0)
(212.0,623.0)
(631.0,623.0)
(631.0,623.0)
(212.0,623.0)
(238.0,623.0)
(212.0,623.0)
(631.0,623.0)
(212.0,623.0)
(215.0,623.0)
(631.0,623.0)
(631.0,623.0)
(631.0,623.0)
(631.0,623.0)
(631.0,623.0)
(631.0,623.0)
(631.0,623.0)
(239.0,623.0)
(238.0,623.0)
(238.0,623.0)
(631.0,623.0)
(631.0,623.0)
(215.0,623.0)
(631.0,623.0)
(212.0,623.0)
(631.0,623.0)
(212.0,623.0)
(631.0,623.0)
(631.0,623.0)
(602.0,623.0)
(631.0,623.0)
(631.0,623.0)
(631.0,623.0)
(631.0,623.0)
(215.0,623.0)
(631.0,623.0)
(631.0,623.0)
(631.0,623.0)
(631.0,623.0)
(212.0,623.0)
(631.0,623.0)
(631.0,623.0)
(631.0,623.0)
(239.0,623.0)
(631.0,623.0)
(631.0,623.0)
(631.0,623.0)
(631.0,623.0)
(212.0,623.0)
(212.0,623.0)
(631.0,623.0)
(631.0,623.0)
(239.0,623.0)
(631.0,623.0)
(215.0,623.0)
(631.0,623.0)
(631.0,623.0)
(631.0,623.0)
(212.0,623.0)
(631.0,623.0)
(631.0,623.0)
(631.0,623.0)
(212.0,623.0)
(631.0,623.0)
(238.0,623.0)
(239.0,623.0)
(631.0,623.0)
(631.0,623.0)
(631.0,623.0)
(212.0,621.0)
(621.0,621.0)
(621.0,621.0)
(621.0,621.0)
(212.0,621.0)
(631.0,621.0)
(621.0,621.0)
(212.0,621.0)
(631.0,621.0)
(621.0,621.0)
(621.0,621.0)
(621.0,621.0)
(621.0,621.0)
(621.0,621.0)
(212.0,621.0)
(212.0,621.0)
(621.0,621.0)
(212.0,621.0)
(621.0,621.0)
(631.0,621.0)
(621.0,621.0)
(631.0,621.0)
(621.0,621.0)
(631.0,621.0)
(631.0,621.0)
(212.0,621.0)
(212.0,621.0)
(631.0,621.0)
(621.0,621.0)
(212.0,621.0)
(621.0,621.0)
(631.0,621.0)
(621.0,621.0)
(212.0,621.0)
(621.0,621.0)
(621.0,621.0)
(212.0,621.0)
(621.0,621.0)
(621.0,621.0)
(621.0,621.0)
(212.0,621.0)
(621.0,621.0)
(212.0,621.0)
(631.0,621.0)
(631.0,621.0)
(631.0,621.0)
(621.0,621.0)
(621.0,621.0)
(631.0,621.0)
(631.0,621.0)
(631.0,621.0)
(621.0,621.0)
(631.0,621.0)
(631.0,621.0)
(212.0,621.0)
(631.0,621.0)
(621.0,621.0)
(621.0,621.0)
(212.0,621.0)
(621.0,621.0)
(631.0,621.0)
(621.0,621.0)
(212.0,621.0)
(631.0,621.0)
(212.0,621.0)
(631.0,621.0)
(631.0,621.0)
(621.0,621.0)
(621.0,621.0)
(621.0,621.0)
(631.0,621.0)
(631.0,621.0)
(621.0,621.0)
(212.0,621.0)
(631.0,621.0)
(631.0,621.0)
(621.0,621.0)
(621.0,621.0)
(621.0,621.0)
(621.0,621.0)
(631.0,621.0)
(621.0,621.0)
(631.0,621.0)
(631.0,621.0)
(212.0,621.0)
(621.0,621.0)
(621.0,621.0)
(212.0,621.0)
(621.0,621.0)
(212.0,621.0)
(621.0,621.0)
(621.0,621.0)
(631.0,621.0)
(621.0,621.0)
(631.0,621.0)
(631.0,621.0)
(631.0,621.0)
(621.0,621.0)
(621.0,621.0)
(621.0,621.0)
(631.0,621.0)
(621.0,621.0)
(621.0,621.0)
(621.0,621.0)
(631.0,621.0)
(621.0,621.0)
(631.0,621.0)
(621.0,621.0)
(212.0,621.0)
(212.0,621.0)
(621.0,621.0)
(631.0,621.0)
(621.0,621.0)
(621.0,621.0)
(631.0,621.0)
(212.0,621.0)
(621.0,621.0)
(621.0,621.0)
(621.0,621.0)
(621.0,621.0)
(212.0,621.0)
(631.0,621.0)
(212.0,621.0)
(621.0,621.0)
(631.0,621.0)
(621.0,621.0)
(621.0,621.0)
(621.0,621.0)
(621.0,621.0)
(212.0,621.0)
(621.0,621.0)
(212.0,621.0)
(632.0,624.0)
(631.0,624.0)
(645.0,624.0)
(212.0,624.0)
(645.0,624.0)
(240.0,624.0)
(632.0,624.0)
(631.0,624.0)
(631.0,624.0)
(240.0,624.0)
(632.0,624.0)
(645.0,624.0)
(631.0,624.0)
(631.0,624.0)
(212.0,624.0)
(239.0,624.0)
(631.0,624.0)
(631.0,624.0)
(240.0,624.0)
(240.0,624.0)
(645.0,624.0)
(212.0,624.0)
(240.0,624.0)
(631.0,624.0)
(632.0,624.0)
(645.0,624.0)
(212.0,624.0)
(212.0,624.0)
(631.0,624.0)
(632.0,624.0)
(645.0,624.0)
(632.0,624.0)
(631.0,624.0)
(632.0,624.0)
(632.0,624.0)
(240.0,624.0)
(240.0,624.0)
(631.0,624.0)
(631.0,624.0)
(632.0,624.0)
(632.0,624.0)
(645.0,624.0)
(632.0,624.0)
(631.0,624.0)
(212.0,624.0)
(631.0,624.0)
(212.0,624.0)
(632.0,624.0)
(645.0,624.0)
(212.0,624.0)
(631.0,624.0)
(631.0,624.0)
(631.0,624.0)
(631.0,624.0)
(631.0,624.0)
(240.0,624.0)
(645.0,624.0)
(631.0,624.0)
(240.0,624.0)
(240.0,624.0)
(632.0,624.0)
(239.0,624.0)
(631.0,624.0)
(645.0,624.0)
(239.0,624.0)
(632.0,624.0)
(239.0,624.0)
(631.0,624.0)
(632.0,624.0)
(645.0,624.0)
(632.0,624.0)
(631.0,624.0)
(631.0,624.0)
(240.0,624.0)
(632.0,624.0)
(632.0,624.0)
(645.0,624.0)
(631.0,624.0)
(632.0,624.0)
(631.0,624.0)
(240.0,624.0)
(631.0,624.0)
(240.0,624.0)
(240.0,624.0)
(632.0,624.0)
(631.0,624.0)
(632.0,624.0)
(239.0,624.0)
(645.0,624.0)
(212.0,624.0)
(631.0,624.0)
(631.0,624.0)
(631.0,624.0)
(645.0,624.0)
(645.0,624.0)
(632.0,624.0)
(631.0,624.0)
(212.0,624.0)
(240.0,624.0)
(631.0,624.0)
(240.0,624.0)
(239.0,624.0)
(212.0,624.0)
(632.0,624.0)
(239.0,624.0)
(645.0,624.0)
(212.0,624.0)
(631.0,624.0)
(645.0,624.0)
(645.0,624.0)
(632.0,624.0)
(631.0,624.0)
(632.0,624.0)
(240.0,624.0)
(240.0,624.0)
(645.0,624.0)
(631.0,624.0)
(239.0,624.0)
(240.0,624.0)
(631.0,624.0)
(645.0,624.0)
(212.0,624.0)
(631.0,624.0)
(240.0,624.0)
(645.0,624.0)
(632.0,624.0)
(645.0,624.0)
(632.0,624.0)
(212.0,624.0)
(632.0,624.0)
(632.0,624.0)
(239.0,624.0)
(631.0,624.0)
(212.0,624.0)
(631.0,624.0)
(645.0,624.0)
(212.0,624.0)
(240.0,624.0)
(631.0,624.0)
(645.0,624.0)
(632.0,624.0)
(212.0,624.0)
(632.0,624.0)
(645.0,624.0)
(239.0,624.0)
(240.0,624.0)
(645.0,624.0)
(632.0,624.0)
(631.0,624.0)
(212.0,624.0)
(632.0,624.0)
(212.0,624.0)
(645.0,624.0)
(212.0,624.0)
(631.0,624.0)
(632.0,624.0)
(631.0,624.0)
(631.0,624.0)
(645.0,624.0)
(240.0,624.0)
(631.0,624.0)
(212.0,624.0)
(631.0,624.0)
(632.0,624.0)
(645.0,624.0)
(631.0,624.0)
(631.0,624.0)
(240.0,624.0)
(632.0,624.0)
(212.0,624.0)
(212.0,624.0)
(632.0,624.0)
(632.0,624.0)
(631.0,624.0)
(631.0,624.0)
(239.0,624.0)
(645.0,624.0)
(631.0,624.0)
(632.0,624.0)
(239.0,624.0)
(240.0,624.0)
(645.0,624.0)
(240.0,624.0)
(631.0,624.0)
(632.0,624.0)
(240.0,624.0)
(602.0,624.0)
(219.0,624.0)
(602.0,624.0)
(632.0,624.0)
(632.0,624.0)
(240.0,624.0)
(240.0,624.0)
(219.0,624.0)
(632.0,624.0)
(632.0,624.0)
(240.0,624.0)
(240.0,624.0)
(219.0,624.0)
(219.0,624.0)
(212.0,624.0)
(240.0,624.0)
(240.0,624.0)
(240.0,624.0)
(239.0,624.0)
(239.0,624.0)
(212.0,624.0)
(219.0,624.0)
(239.0,624.0)
(239.0,624.0)
(239.0,624.0)
(240.0,624.0)
(219.0,624.0)
(219.0,624.0)
(239.0,624.0)
(240.0,624.0)
(632.0,624.0)
(602.0,624.0)
(239.0,624.0)
(240.0,624.0)
(632.0,624.0)
(632.0,624.0)
(239.0,624.0)
(239.0,624.0)
(240.0,624.0)
(219.0,624.0)
(632.0,624.0)
(240.0,624.0)
(632.0,624.0)
(219.0,624.0)
(602.0,624.0)
(632.0,624.0)
(240.0,624.0)
(219.0,624.0)
(240.0,624.0)
(219.0,624.0)
(239.0,624.0)
(602.0,624.0)
(219.0,624.0)
(219.0,624.0)
(240.0,624.0)
(240.0,624.0)
(240.0,624.0)
(240.0,624.0)
(632.0,624.0)
(240.0,624.0)
(240.0,624.0)
(239.0,624.0)
(239.0,624.0)
(239.0,624.0)
(239.0,624.0)
(219.0,624.0)
(602.0,624.0)
(641.0,624.0)
(632.0,624.0)
(239.0,624.0)
(219.0,624.0)
(632.0,624.0)
(240.0,624.0)
(632.0,624.0)
(219.0,624.0)
(240.0,624.0)
(239.0,624.0)
(632.0,624.0)
(632.0,624.0)
(602.0,624.0)
(239.0,624.0)
(239.0,624.0)
(240.0,624.0)
(239.0,624.0)
(632.0,624.0)
(240.0,624.0)
(219.0,624.0)
(239.0,624.0)
(239.0,624.0)
(632.0,624.0)
(219.0,624.0)
(632.0,624.0)
(239.0,624.0)
(240.0,624.0)
(219.0,624.0)
(240.0,624.0)
(240.0,624.0)
(240.0,624.0)
(602.0,624.0)
(602.0,624.0)
(632.0,624.0)
(238.0,624.0)
(219.0,624.0)
(239.0,624.0)
(240.0,624.0)
(239.0,624.0)
(239.0,624.0)
(219.0,624.0)
(239.0,624.0)
(239.0,624.0)
(602.0,624.0)
(219.0,624.0)
(240.0,624.0)
(602.0,624.0)
(602.0,624.0)
(239.0,624.0)
(602.0,624.0)
(632.0,624.0)
(239.0,624.0)
(239.0,624.0)
(240.0,624.0)
(219.0,624.0)
(641.0,624.0)
(632.0,624.0)
(240.0,624.0)
(602.0,624.0)
(219.0,624.0)
(240.0,624.0)
(632.0,624.0)
(240.0,624.0)
(240.0,624.0)
(239.0,624.0)
(240.0,624.0)
(632.0,624.0)
(219.0,624.0)
(632.0,624.0)
(632.0,624.0)
(641.0,624.0)
(240.0,624.0)
(219.0,624.0)
(240.0,624.0)
(219.0,624.0)
(602.0,624.0)
(632.0,624.0)
(240.0,624.0)
(219.0,624.0)
(239.0,624.0)
(602.0,624.0)
(240.0,624.0)
(240.0,624.0)
(219.0,624.0)
(632.0,624.0)
(212.0,624.0)
(641.0,624.0)
(239.0,624.0)
(240.0,624.0)
(239.0,624.0)
(219.0,624.0)
(219.0,624.0)
(239.0,624.0)
(219.0,624.0)
(602.0,624.0)
(219.0,624.0)
(240.0,624.0)
(632.0,624.0)
(240.0,624.0)
(219.0,624.0)
(219.0,624.0)
(212.0,624.0)
(239.0,624.0)
(238.0,624.0)
(219.0,624.0)
(240.0,624.0)
(239.0,624.0)
(240.0,624.0)
(240.0,624.0)
(240.0,624.0)
(240.0,624.0)
(239.0,624.0)
(239.0,624.0)
(219.0,624.0)
(219.0,624.0)
(239.0,624.0)
(240.0,624.0)
(632.0,624.0)
(240.0,624.0)
(219.0,624.0)
(240.0,624.0)
(212.0,624.0)
(602.0,624.0)
(240.0,624.0)
(219.0,624.0)
(641.0,624.0)
(632.0,624.0)
(632.0,624.0)
(602.0,624.0)
(239.0,624.0)
(240.0,624.0)
(631.0,624.0)
(631.0,624.0)
(645.0,624.0)
(238.0,624.0)
(645.0,624.0)
(631.0,624.0)
(239.0,624.0)
(631.0,624.0)
(219.0,624.0)
(219.0,624.0)
(631.0,624.0)
(239.0,624.0)
(645.0,624.0)
(238.0,624.0)
(238.0,624.0)
(238.0,624.0)
(645.0,624.0)
(631.0,624.0)
(631.0,624.0)
(631.0,624.0)
(239.0,624.0)
(239.0,624.0)
(645.0,624.0)
(238.0,624.0)
(239.0,624.0)
(239.0,624.0)
(239.0,624.0)
(624.0,624.0)
(238.0,624.0)
(238.0,624.0)
(239.0,624.0)
(219.0,624.0)
(239.0,624.0)
(645.0,624.0)
(239.0,624.0)
(219.0,624.0)
(239.0,624.0)
(631.0,624.0)
(239.0,624.0)
(239.0,624.0)
(631.0,624.0)
(238.0,624.0)
(631.0,624.0)
(631.0,624.0)
(631.0,624.0)
(239.0,624.0)
(645.0,624.0)
(631.0,624.0)
(631.0,624.0)
(238.0,624.0)
(631.0,624.0)
(238.0,624.0)
(239.0,624.0)
(645.0,624.0)
(238.0,624.0)
(219.0,624.0)
(219.0,624.0)
(631.0,624.0)
(239.0,624.0)
(238.0,624.0)
(631.0,624.0)
(624.0,624.0)
(219.0,624.0)
(239.0,624.0)
(239.0,624.0)
(239.0,624.0)
(631.0,624.0)
(238.0,624.0)
(645.0,624.0)
(645.0,624.0)
(239.0,624.0)
(631.0,624.0)
(238.0,624.0)
(639.0,624.0)
(624.0,624.0)
(639.0,624.0)
(238.0,624.0)
(238.0,624.0)
(631.0,624.0)
(631.0,624.0)
(239.0,624.0)
(645.0,624.0)
(239.0,624.0)
(239.0,624.0)
(239.0,624.0)
(631.0,624.0)
(239.0,624.0)
(631.0,624.0)
(219.0,624.0)
(239.0,624.0)
(239.0,624.0)
(631.0,624.0)
(238.0,624.0)
(631.0,624.0)
(631.0,624.0)
(645.0,624.0)
(238.0,624.0)
(238.0,624.0)
(219.0,624.0)
(219.0,624.0)
(631.0,624.0)
(645.0,624.0)
(631.0,624.0)
(219.0,624.0)
(238.0,624.0)
(631.0,624.0)
(631.0,624.0)
(239.0,624.0)
(631.0,624.0)
(238.0,624.0)
(239.0,624.0)
(645.0,624.0)
(645.0,624.0)
(238.0,624.0)
(219.0,624.0)
(645.0,624.0)
(645.0,624.0)
(239.0,624.0)
(645.0,624.0)
(239.0,624.0)
(631.0,624.0)
(239.0,624.0)
(645.0,624.0)
(238.0,624.0)
(645.0,624.0)
(631.0,624.0)
(219.0,624.0)
(645.0,624.0)
(238.0,624.0)
(238.0,624.0)
(631.0,624.0)
(645.0,624.0)
(631.0,624.0)
(239.0,624.0)
(624.0,624.0)
(631.0,624.0)
(238.0,624.0)
(239.0,624.0)
(239.0,624.0)
(645.0,624.0)
(219.0,624.0)
(238.0,624.0)
(219.0,624.0)
(239.0,624.0)
(645.0,624.0)
(239.0,624.0)
(631.0,624.0)
(238.0,624.0)
(631.0,624.0)
(645.0,624.0)
(624.0,624.0)
(631.0,624.0)
(238.0,624.0)
(239.0,624.0)
(645.0,624.0)
(645.0,624.0)
(239.0,624.0)
(645.0,624.0)
(239.0,624.0)
(238.0,624.0)
(238.0,624.0)
(631.0,624.0)
(238.0,624.0)
(645.0,624.0)
(238.0,624.0)
(219.0,624.0)
(239.0,624.0)
(631.0,624.0)
(219.0,624.0)
(219.0,624.0)
(645.0,624.0)
(239.0,624.0)
(219.0,624.0)
(238.0,624.0)
(219.0,624.0)
(239.0,624.0)
(645.0,624.0)
(631.0,624.0)
(631.0,624.0)
(631.0,624.0)
(239.0,624.0)
(239.0,624.0)
(238.0,624.0)
(238.0,624.0)
(631.0,624.0)
(631.0,624.0)
(239.0,624.0)
(631.0,624.0)
(238.0,624.0)
(631.0,624.0)
(645.0,624.0)
(645.0,624.0)
(219.0,624.0)
(239.0,624.0)
(645.0,624.0)
(631.0,624.0)
(239.0,624.0)
(645.0,624.0)
(631.0,624.0)
(238.0,624.0)
(632.0,624.0)
(624.0,624.0)
(624.0,624.0)
(624.0,624.0)
(624.0,624.0)
(632.0,624.0)
(632.0,624.0)
(624.0,624.0)
(624.0,624.0)
(624.0,624.0)
(632.0,624.0)
(632.0,624.0)
(624.0,624.0)
(624.0,624.0)
(624.0,624.0)
(624.0,624.0)
(645.0,624.0)
(624.0,624.0)
(240.0,624.0)
(624.0,624.0)
(632.0,624.0)
(240.0,624.0)
(624.0,624.0)
(624.0,624.0)
(632.0,624.0)
(624.0,624.0)
(632.0,624.0)
(624.0,624.0)
(624.0,624.0)
(624.0,624.0)
(624.0,624.0)
(632.0,624.0)
(624.0,624.0)
(632.0,624.0)
(624.0,624.0)
(632.0,624.0)
(632.0,624.0)
(240.0,624.0)
(632.0,624.0)
(624.0,624.0)
(624.0,624.0)
(632.0,624.0)
(624.0,624.0)
(631.0,624.0)
(624.0,624.0)
(632.0,624.0)
(624.0,624.0)
(624.0,624.0)
(240.0,624.0)
(624.0,624.0)
(240.0,624.0)
(624.0,624.0)
(624.0,624.0)
(624.0,624.0)
(624.0,624.0)
(240.0,624.0)
(624.0,624.0)
(624.0,624.0)
(631.0,624.0)
(624.0,624.0)
(624.0,624.0)
(632.0,624.0)
(240.0,624.0)
(632.0,624.0)
(240.0,624.0)
(624.0,624.0)
(624.0,624.0)
(645.0,624.0)
(632.0,624.0)
(240.0,624.0)
(624.0,624.0)
(632.0,624.0)
(624.0,624.0)
(632.0,624.0)
(624.0,624.0)
(624.0,624.0)
(240.0,624.0)
(632.0,624.0)
(632.0,624.0)
(624.0,624.0)
(624.0,624.0)
(240.0,624.0)
(624.0,624.0)
(632.0,624.0)
(624.0,624.0)
(624.0,624.0)
(240.0,624.0)
(240.0,624.0)
(632.0,624.0)
(624.0,624.0)
(631.0,624.0)
(240.0,624.0)
(624.0,624.0)
(624.0,624.0)
(624.0,624.0)
(624.0,624.0)
(624.0,624.0)
(624.0,624.0)
(624.0,624.0)
(631.0,624.0)
(624.0,624.0)
(624.0,624.0)
(240.0,624.0)
(624.0,624.0)
(240.0,624.0)
(240.0,624.0)
(624.0,624.0)
(631.0,624.0)
(624.0,624.0)
(624.0,624.0)
(624.0,624.0)
(624.0,624.0)
(624.0,624.0)
(624.0,624.0)
(632.0,624.0)
(624.0,624.0)
(631.0,624.0)
(632.0,624.0)
(240.0,624.0)
(624.0,624.0)
(624.0,624.0)
(645.0,624.0)
(240.0,624.0)
(624.0,624.0)
(624.0,624.0)
(624.0,624.0)
(624.0,624.0)
(632.0,624.0)
(624.0,624.0)
(624.0,624.0)
(631.0,624.0)
(624.0,624.0)
(631.0,624.0)
(624.0,624.0)
(632.0,624.0)
(632.0,624.0)
(645.0,624.0)
(624.0,624.0)
(624.0,624.0)
(624.0,624.0)
(624.0,624.0)
(624.0,624.0)
(624.0,624.0)
(632.0,624.0)
(624.0,624.0)
(624.0,624.0)
(624.0,624.0)
(624.0,624.0)
(632.0,624.0)
(645.0,624.0)
(645.0,624.0)
(632.0,624.0)
(624.0,624.0)
(240.0,624.0)
(624.0,624.0)
(624.0,624.0)
(632.0,624.0)
(624.0,624.0)
(624.0,624.0)
(624.0,624.0)
(624.0,624.0)
(632.0,624.0)
(624.0,624.0)
(624.0,624.0)
(624.0,624.0)
(645.0,624.0)
(240.0,624.0)
(624.0,624.0)
(624.0,624.0)
(624.0,624.0)
(240.0,624.0)
(624.0,624.0)
(624.0,624.0)
(624.0,624.0)
(624.0,624.0)
(240.0,624.0)
(240.0,624.0)
(624.0,624.0)
(624.0,624.0)
(632.0,624.0)
(624.0,624.0)
(632.0,624.0)
(624.0,624.0)
(624.0,624.0)
(240.0,624.0)
(645.0,624.0)
(624.0,624.0)
(624.0,624.0)
(632.0,624.0)
(645.0,624.0)
(632.0,624.0)
(624.0,624.0)
(632.0,624.0)
(624.0,624.0)
(239.0,624.0)
(641.0,624.0)
(641.0,624.0)
(239.0,624.0)
(239.0,624.0)
(239.0,624.0)
(645.0,624.0)
(641.0,624.0)
(641.0,624.0)
(624.0,624.0)
(239.0,624.0)
(239.0,624.0)
(641.0,624.0)
(239.0,624.0)
(239.0,624.0)
(645.0,624.0)
(641.0,624.0)
(239.0,624.0)
(239.0,624.0)
(239.0,624.0)
(239.0,624.0)
(239.0,624.0)
(239.0,624.0)
(239.0,624.0)
(641.0,624.0)
(239.0,624.0)
(239.0,624.0)
(641.0,624.0)
(239.0,624.0)
(239.0,624.0)
(239.0,624.0)
(239.0,624.0)
(239.0,624.0)
(641.0,624.0)
(641.0,624.0)
(239.0,624.0)
(239.0,624.0)
(239.0,624.0)
(239.0,624.0)
(239.0,624.0)
(239.0,624.0)
(239.0,624.0)
(641.0,624.0)
(239.0,624.0)
(239.0,624.0)
(239.0,624.0)
(239.0,624.0)
(239.0,624.0)
(239.0,624.0)
(239.0,624.0)
(641.0,624.0)
(641.0,624.0)
(641.0,624.0)
(239.0,624.0)
(239.0,624.0)
(624.0,624.0)
(239.0,624.0)
(239.0,624.0)
(239.0,624.0)
(251.0,624.0)
(641.0,624.0)
(641.0,624.0)
(641.0,624.0)
(239.0,624.0)
(641.0,624.0)
(239.0,624.0)
(239.0,624.0)
(239.0,624.0)
(641.0,624.0)
(239.0,624.0)
(641.0,624.0)
(239.0,624.0)
(641.0,624.0)
(624.0,624.0)
(239.0,624.0)
(239.0,624.0)
(239.0,624.0)
(239.0,624.0)
(641.0,624.0)
(641.0,624.0)
(239.0,624.0)
(641.0,624.0)
(239.0,624.0)
(641.0,624.0)
(641.0,624.0)
(239.0,624.0)
(641.0,624.0)
(239.0,624.0)
(239.0,624.0)
(641.0,624.0)
(239.0,624.0)
(641.0,624.0)
(239.0,624.0)
(239.0,624.0)
(641.0,624.0)
(624.0,624.0)
(239.0,624.0)
(239.0,624.0)
(239.0,624.0)
(624.0,624.0)
(645.0,624.0)
(624.0,624.0)
(641.0,624.0)
(641.0,624.0)
(645.0,624.0)
(641.0,624.0)
(239.0,624.0)
(239.0,624.0)
(212.0,624.0)
(240.0,624.0)
(602.0,624.0)
(240.0,624.0)
(602.0,624.0)
(212.0,624.0)
(639.0,624.0)
(240.0,624.0)
(219.0,624.0)
(219.0,624.0)
(212.0,624.0)
(632.0,624.0)
(631.0,624.0)
(219.0,624.0)
(219.0,624.0)
(238.0,624.0)
(631.0,624.0)
(240.0,624.0)
(240.0,624.0)
(240.0,624.0)
(212.0,624.0)
(239.0,624.0)
(631.0,624.0)
(240.0,624.0)
(212.0,624.0)
(229.0,624.0)
(239.0,624.0)
(240.0,624.0)
(238.0,624.0)
(238.0,624.0)
(239.0,624.0)
(219.0,624.0)
(632.0,624.0)
(631.0,624.0)
(239.0,624.0)
(219.0,624.0)
(632.0,624.0)
(212.0,624.0)
(639.0,624.0)
(249.0,624.0)
(240.0,624.0)
(238.0,624.0)
(212.0,624.0)
(240.0,624.0)
(212.0,624.0)
(632.0,624.0)
(631.0,624.0)
(212.0,624.0)
(240.0,624.0)
(240.0,624.0)
(240.0,624.0)
(219.0,624.0)
(639.0,624.0)
(631.0,624.0)
(240.0,624.0)
(219.0,624.0)
(219.0,624.0)
(240.0,624.0)
(240.0,624.0)
(219.0,624.0)
(212.0,624.0)
(240.0,624.0)
(219.0,624.0)
(212.0,624.0)
(249.0,624.0)
(239.0,624.0)
(239.0,624.0)
(240.0,624.0)
(602.0,624.0)
(631.0,624.0)
(632.0,624.0)
(239.0,624.0)
(240.0,624.0)
(639.0,624.0)
(631.0,624.0)
(639.0,624.0)
(219.0,624.0)
(240.0,624.0)
(239.0,624.0)
(212.0,624.0)
(632.0,624.0)
(602.0,624.0)
(624.0,624.0)
(239.0,624.0)
(240.0,624.0)
(249.0,624.0)
(632.0,624.0)
(240.0,624.0)
(219.0,624.0)
(639.0,624.0)
(239.0,624.0)
(212.0,624.0)
(219.0,624.0)
(212.0,624.0)
(239.0,624.0)
(631.0,624.0)
(238.0,624.0)
(219.0,624.0)
(219.0,624.0)
(219.0,624.0)
(631.0,624.0)
(602.0,624.0)
(212.0,624.0)
(219.0,624.0)
(238.0,624.0)
(239.0,624.0)
(240.0,624.0)
(639.0,624.0)
(239.0,624.0)
(219.0,624.0)
(639.0,624.0)
(602.0,624.0)
(602.0,624.0)
(219.0,624.0)
(219.0,624.0)
(602.0,624.0)
(631.0,624.0)
(239.0,624.0)
(631.0,624.0)
(639.0,624.0)
(249.0,624.0)
(639.0,624.0)
(240.0,624.0)
(240.0,624.0)
(631.0,624.0)
(212.0,624.0)
(219.0,624.0)
(602.0,624.0)
(238.0,624.0)
(240.0,624.0)
(212.0,624.0)
(240.0,624.0)
(240.0,624.0)
(639.0,624.0)
(240.0,624.0)
(212.0,624.0)
(219.0,624.0)
(639.0,624.0)
(632.0,624.0)
(631.0,624.0)
(240.0,624.0)
(240.0,624.0)
(219.0,624.0)
(632.0,624.0)
(631.0,624.0)
(632.0,624.0)
(240.0,624.0)
(238.0,624.0)
(249.0,624.0)
(631.0,624.0)
(240.0,624.0)
(240.0,624.0)
(238.0,624.0)
(632.0,624.0)
(631.0,624.0)
(631.0,624.0)
(639.0,624.0)
(631.0,624.0)
(239.0,624.0)
(240.0,624.0)
(238.0,624.0)
(212.0,624.0)
(240.0,624.0)
(602.0,624.0)
(238.0,624.0)
(219.0,624.0)
(632.0,624.0)
(240.0,624.0)
(219.0,624.0)
(219.0,624.0)
(240.0,624.0)
(639.0,624.0)
(219.0,624.0)
(238.0,624.0)
(240.0,624.0)
(239.0,624.0)
(631.0,624.0)
(240.0,624.0)
(240.0,624.0)
(240.0,624.0)
(639.0,624.0)
(239.0,624.0)
(238.0,624.0)
(238.0,624.0)
(212.0,624.0)
(240.0,624.0)
(632.0,624.0)
(240.0,624.0)
(240.0,624.0)
(240.0,624.0)
(240.0,624.0)
(602.0,624.0)
(219.0,624.0)
(632.0,624.0)
(631.0,624.0)
(212.0,624.0)
(632.0,624.0)
(602.0,624.0)
(212.0,624.0)
(240.0,624.0)
(631.0,624.0)
(624.0,624.0)
(219.0,624.0)
(624.0,624.0)
(219.0,624.0)
(631.0,624.0)
(219.0,624.0)
(219.0,624.0)
(219.0,624.0)
(624.0,624.0)
(219.0,624.0)
(219.0,624.0)
(219.0,624.0)
(212.0,624.0)
(631.0,624.0)
(234.0,624.0)
(631.0,624.0)
(624.0,624.0)
(219.0,624.0)
(219.0,624.0)
(624.0,624.0)
(219.0,624.0)
(237.0,624.0)
(219.0,624.0)
(219.0,624.0)
(219.0,624.0)
(624.0,624.0)
(219.0,624.0)
(219.0,624.0)
(252.0,624.0)
(219.0,624.0)
(234.0,624.0)
(219.0,624.0)
(624.0,624.0)
(631.0,624.0)
(219.0,624.0)
(234.0,624.0)
(219.0,624.0)
(624.0,624.0)
(219.0,624.0)
(219.0,624.0)
(219.0,624.0)
(234.0,624.0)
(219.0,624.0)
(219.0,624.0)
(212.0,624.0)
(219.0,624.0)
(219.0,624.0)
(624.0,624.0)
(641.0,624.0)
(219.0,624.0)
(219.0,624.0)
(219.0,624.0)
(212.0,624.0)
(219.0,624.0)
(219.0,624.0)
(219.0,624.0)
(219.0,624.0)
(624.0,624.0)
(219.0,624.0)
(219.0,624.0)
(219.0,624.0)
(631.0,624.0)
(219.0,624.0)
(219.0,624.0)
(624.0,624.0)
(238.0,624.0)
(219.0,624.0)
(219.0,624.0)
(219.0,624.0)
(624.0,624.0)
(624.0,624.0)
(219.0,624.0)
(219.0,624.0)
(631.0,624.0)
(219.0,624.0)
(219.0,624.0)
(602.0,624.0)
(624.0,624.0)
(219.0,624.0)
(219.0,624.0)
(624.0,624.0)
(624.0,624.0)
(624.0,624.0)
(219.0,624.0)
(624.0,624.0)
(219.0,624.0)
(641.0,624.0)
(219.0,624.0)
(624.0,624.0)
(219.0,624.0)
(219.0,624.0)
(624.0,624.0)
(631.0,624.0)
(219.0,624.0)
(212.0,624.0)
(219.0,624.0)
(219.0,624.0)
(219.0,624.0)
(641.0,624.0)
(219.0,624.0)
(219.0,624.0)
(219.0,624.0)
(219.0,624.0)
(624.0,624.0)
(219.0,624.0)
(631.0,624.0)
(238.0,624.0)
(624.0,624.0)
(624.0,624.0)
(631.0,624.0)
(219.0,624.0)
(219.0,624.0)
(624.0,624.0)
(641.0,624.0)
(624.0,624.0)
(219.0,624.0)
(238.0,624.0)
(219.0,624.0)
(602.0,624.0)
(238.0,624.0)
(219.0,624.0)
(219.0,624.0)
(631.0,624.0)
(219.0,624.0)
(219.0,624.0)
(624.0,624.0)
(219.0,624.0)
(219.0,624.0)
(219.0,624.0)
(624.0,624.0)
(631.0,624.0)
(631.0,624.0)
(631.0,624.0)
(237.0,624.0)
(219.0,624.0)
(631.0,624.0)
(219.0,624.0)
(631.0,624.0)
(219.0,624.0)
(212.0,624.0)
(624.0,624.0)
(624.0,624.0)
(219.0,624.0)
(219.0,624.0)
(641.0,624.0)
(219.0,624.0)
(624.0,624.0)
(219.0,624.0)
(631.0,624.0)
(240.0,624.0)
(631.0,624.0)
(240.0,624.0)
(631.0,624.0)
(631.0,624.0)
(239.0,624.0)
(240.0,624.0)
(240.0,624.0)
(240.0,624.0)
(631.0,624.0)
(632.0,624.0)
(212.0,624.0)
(240.0,624.0)
(240.0,624.0)
(240.0,624.0)
(212.0,624.0)
(240.0,624.0)
(240.0,624.0)
(240.0,624.0)
(239.0,624.0)
(239.0,624.0)
(212.0,624.0)
(240.0,624.0)
(239.0,624.0)
(240.0,624.0)
(239.0,624.0)
(631.0,624.0)
(240.0,624.0)
(240.0,624.0)
(240.0,624.0)
(632.0,624.0)
(212.0,624.0)
(239.0,624.0)
(240.0,624.0)
(631.0,624.0)
(239.0,624.0)
(239.0,624.0)
(239.0,624.0)
(240.0,624.0)
(240.0,624.0)
(239.0,624.0)
(240.0,624.0)
(631.0,624.0)
(631.0,624.0)
(631.0,624.0)
(240.0,624.0)
(240.0,624.0)
(240.0,624.0)
(240.0,624.0)
(239.0,624.0)
(631.0,624.0)
(240.0,624.0)
(240.0,624.0)
(240.0,624.0)
(240.0,624.0)
(240.0,624.0)
(240.0,624.0)
(631.0,624.0)
(631.0,624.0)
(240.0,624.0)
(239.0,624.0)
(239.0,624.0)
(239.0,624.0)
(239.0,624.0)
(240.0,624.0)
(631.0,624.0)
(212.0,624.0)
(632.0,624.0)
(239.0,624.0)
(240.0,624.0)
(631.0,624.0)
(631.0,624.0)
(631.0,624.0)
(240.0,624.0)
(240.0,624.0)
(239.0,624.0)
(239.0,624.0)
(632.0,624.0)
(631.0,624.0)
(240.0,624.0)
(239.0,624.0)
(240.0,624.0)
(239.0,624.0)
(240.0,624.0)
(240.0,624.0)
(239.0,624.0)
(239.0,624.0)
(631.0,624.0)
(240.0,624.0)
(631.0,624.0)
(239.0,624.0)
(212.0,624.0)
(240.0,624.0)
(240.0,624.0)
(240.0,624.0)
(240.0,624.0)
(631.0,624.0)
(631.0,624.0)
(631.0,624.0)
(240.0,624.0)
(240.0,624.0)
(239.0,624.0)
(240.0,624.0)
(239.0,624.0)
(239.0,624.0)
(240.0,624.0)
(631.0,624.0)
(631.0,624.0)
(631.0,624.0)
(240.0,624.0)
(240.0,624.0)
(631.0,624.0)
(212.0,624.0)
(239.0,624.0)
(631.0,624.0)
(631.0,624.0)
(239.0,624.0)
(239.0,624.0)
(631.0,624.0)
(240.0,624.0)
(212.0,624.0)
(631.0,624.0)
(240.0,624.0)
(631.0,624.0)
(240.0,624.0)
(240.0,624.0)
(631.0,624.0)
(212.0,624.0)
(240.0,624.0)
(631.0,624.0)
(631.0,624.0)
(631.0,624.0)
(240.0,624.0)
(631.0,624.0)
(632.0,624.0)
(212.0,624.0)
(240.0,624.0)
(240.0,624.0)
(240.0,624.0)
(212.0,624.0)
(240.0,624.0)
(240.0,624.0)
(239.0,624.0)
(631.0,624.0)
(631.0,624.0)
(228.0,624.0)
(240.0,624.0)
(631.0,624.0)
(212.0,624.0)
(212.0,624.0)
(239.0,624.0)
(212.0,624.0)
(239.0,624.0)
(240.0,624.0)
(240.0,624.0)
(239.0,624.0)
(240.0,624.0)
(631.0,624.0)
(240.0,624.0)
(240.0,624.0)
(632.0,624.0)
(240.0,624.0)
(240.0,624.0)
(240.0,624.0)
(212.0,624.0)
(239.0,624.0)
(240.0,624.0)
(240.0,624.0)
(240.0,624.0)
(239.0,624.0)
(212.0,624.0)
(240.0,624.0)
(240.0,624.0)
(240.0,624.0)
(239.0,624.0)
(239.0,624.0)
(240.0,624.0)
(240.0,624.0)
(239.0,624.0)
(240.0,624.0)
(632.0,624.0)
(240.0,624.0)
(240.0,624.0)
(240.0,624.0)
(212.0,624.0)
(631.0,624.0)
(240.0,624.0)
(632.0,624.0)
(212.0,624.0)
(631.0,624.0)
(631.0,624.0)
(239.0,624.0)
(240.0,624.0)
(631.0,627.0)
(617.0,627.0)
(597.0,627.0)
(630.0,627.0)
(597.0,627.0)
(631.0,627.0)
(262.0,627.0)
(617.0,627.0)
(219.0,627.0)
(630.0,627.0)
(631.0,627.0)
(631.0,627.0)
(613.0,627.0)
(630.0,627.0)
(630.0,627.0)
(630.0,627.0)
(645.0,627.0)
(617.0,627.0)
(617.0,627.0)
(617.0,627.0)
(631.0,627.0)
(631.0,627.0)
(645.0,627.0)
(238.0,627.0)
(631.0,627.0)
(617.0,627.0)
(631.0,627.0)
(630.0,627.0)
(630.0,627.0)
(267.0,627.0)
(630.0,627.0)
(631.0,627.0)
(613.0,627.0)
(631.0,627.0)
(630.0,627.0)
(631.0,627.0)
(631.0,627.0)
(613.0,627.0)
(631.0,627.0)
(656.0,627.0)
(630.0,627.0)
(631.0,627.0)
(617.0,627.0)
(631.0,627.0)
(267.0,627.0)
(645.0,627.0)
(631.0,627.0)
(656.0,627.0)
(238.0,627.0)
(617.0,627.0)
(630.0,627.0)
(613.0,627.0)
(645.0,627.0)
(238.0,627.0)
(630.0,627.0)
(630.0,627.0)
(617.0,627.0)
(617.0,627.0)
(630.0,627.0)
(631.0,627.0)
(219.0,627.0)
(631.0,627.0)
(631.0,627.0)
(631.0,627.0)
(631.0,627.0)
(630.0,627.0)
(597.0,627.0)
(645.0,627.0)
(253.0,627.0)
(631.0,627.0)
(186.0,627.0)
(631.0,627.0)
(186.0,627.0)
(630.0,627.0)
(630.0,627.0)
(631.0,627.0)
(631.0,627.0)
(253.0,627.0)
(613.0,627.0)
(617.0,627.0)
(631.0,627.0)
(617.0,627.0)
(631.0,627.0)
(267.0,627.0)
(617.0,627.0)
(630.0,627.0)
(613.0,627.0)
(631.0,627.0)
(631.0,627.0)
(630.0,627.0)
(631.0,627.0)
(631.0,627.0)
(613.0,627.0)
(630.0,627.0)
(630.0,627.0)
(630.0,627.0)
(617.0,627.0)
(613.0,627.0)
(597.0,627.0)
(631.0,627.0)
(630.0,627.0)
(630.0,627.0)
(631.0,627.0)
(617.0,627.0)
(613.0,627.0)
(631.0,627.0)
(630.0,627.0)
(631.0,627.0)
(597.0,627.0)
(597.0,627.0)
(630.0,627.0)
(630.0,627.0)
(597.0,627.0)
(613.0,627.0)
(631.0,627.0)
(645.0,627.0)
(631.0,627.0)
(631.0,627.0)
(613.0,627.0)
(597.0,627.0)
(238.0,627.0)
(645.0,627.0)
(631.0,627.0)
(630.0,627.0)
(613.0,627.0)
(630.0,627.0)
(630.0,627.0)
(631.0,627.0)
(613.0,627.0)
(631.0,627.0)
(631.0,627.0)
(630.0,627.0)
(186.0,627.0)
(253.0,627.0)
(645.0,627.0)
(630.0,627.0)
(238.0,627.0)
(630.0,627.0)
(267.0,627.0)
(613.0,627.0)
(267.0,627.0)
(617.0,627.0)
(630.0,627.0)
(631.0,627.0)
(613.0,627.0)
(617.0,627.0)
(630.0,627.0)
(631.0,627.0)
(645.0,627.0)
(631.0,627.0)
(613.0,627.0)
(631.0,627.0)
(186.0,627.0)
(630.0,627.0)
(631.0,627.0)
(186.0,627.0)
(597.0,627.0)
(630.0,627.0)
(630.0,627.0)
(253.0,627.0)
(617.0,627.0)
(630.0,627.0)
(630.0,627.0)
(645.0,627.0)
(613.0,627.0)
(630.0,627.0)
(630.0,627.0)
(630.0,627.0)
(631.0,627.0)
(613.0,627.0)
(613.0,627.0)
(617.0,627.0)
(617.0,627.0)
(613.0,627.0)
(631.0,627.0)
(630.0,627.0)
(630.0,627.0)
(631.0,627.0)
(656.0,627.0)
(253.0,627.0)
(617.0,627.0)
(186.0,627.0)
(656.0,627.0)
(645.0,627.0)
(597.0,627.0)
(219.0,627.0)
(267.0,627.0)
(630.0,627.0)
(262.0,627.0)
(186.0,627.0)
(645.0,627.0)
(631.0,627.0)
(630.0,627.0)
(630.0,627.0)
(252.0,628.0)
(597.0,628.0)
(636.0,628.0)
(617.0,628.0)
(636.0,628.0)
(252.0,628.0)
(267.0,628.0)
(257.0,628.0)
(656.0,628.0)
(617.0,628.0)
(267.0,628.0)
(267.0,628.0)
(725.0,628.0)
(656.0,628.0)
(617.0,628.0)
(617.0,628.0)
(267.0,628.0)
(597.0,628.0)
(597.0,628.0)
(617.0,628.0)
(636.0,628.0)
(617.0,628.0)
(597.0,628.0)
(253.0,628.0)
(617.0,628.0)
(617.0,628.0)
(267.0,628.0)
(656.0,628.0)
(267.0,628.0)
(725.0,628.0)
(656.0,628.0)
(267.0,628.0)
(252.0,628.0)
(608.0,628.0)
(617.0,628.0)
(252.0,628.0)
(597.0,628.0)
(267.0,628.0)
(617.0,628.0)
(636.0,628.0)
(252.0,628.0)
(608.0,628.0)
(617.0,628.0)
(597.0,628.0)
(617.0,628.0)
(636.0,628.0)
(617.0,628.0)
(656.0,628.0)
(236.0,628.0)
(597.0,628.0)
(597.0,628.0)
(656.0,628.0)
(267.0,628.0)
(617.0,628.0)
(656.0,628.0)
(617.0,628.0)
(636.0,628.0)
(267.0,628.0)
(267.0,628.0)
(617.0,628.0)
(267.0,628.0)
(617.0,628.0)
(267.0,628.0)
(617.0,628.0)
(656.0,628.0)
(252.0,628.0)
(267.0,628.0)
(636.0,628.0)
(597.0,628.0)
(597.0,628.0)
(617.0,628.0)
(257.0,628.0)
(656.0,628.0)
(252.0,628.0)
(617.0,628.0)
(267.0,628.0)
(725.0,628.0)
(267.0,628.0)
(267.0,628.0)
(597.0,628.0)
(656.0,628.0)
(252.0,628.0)
(636.0,628.0)
(636.0,628.0)
(267.0,628.0)
(656.0,628.0)
(617.0,628.0)
(617.0,628.0)
(617.0,628.0)
(267.0,628.0)
(597.0,628.0)
(636.0,628.0)
(656.0,628.0)
(617.0,628.0)
(636.0,628.0)
(725.0,628.0)
(636.0,628.0)
(267.0,628.0)
(252.0,628.0)
(636.0,628.0)
(617.0,628.0)
(267.0,628.0)
(267.0,628.0)
(656.0,628.0)
(636.0,628.0)
(617.0,628.0)
(656.0,628.0)
(267.0,628.0)
(636.0,628.0)
(617.0,628.0)
(267.0,628.0)
(617.0,628.0)
(267.0,628.0)
(617.0,628.0)
(267.0,628.0)
(267.0,628.0)
(267.0,628.0)
(656.0,628.0)
(617.0,628.0)
(656.0,628.0)
(267.0,628.0)
(725.0,628.0)
(267.0,628.0)
(597.0,628.0)
(617.0,628.0)
(636.0,628.0)
(253.0,628.0)
(597.0,628.0)
(617.0,628.0)
(267.0,628.0)
(636.0,628.0)
(267.0,628.0)
(725.0,628.0)
(617.0,628.0)
(617.0,628.0)
(617.0,628.0)
(636.0,628.0)
(617.0,628.0)
(236.0,628.0)
(267.0,628.0)
(257.0,628.0)
(656.0,628.0)
(656.0,628.0)
(267.0,628.0)
(656.0,628.0)
(617.0,628.0)
(656.0,628.0)
(725.0,628.0)
(608.0,628.0)
(617.0,628.0)
(597.0,628.0)
(617.0,628.0)
(617.0,628.0)
(617.0,628.0)
(267.0,628.0)
(617.0,628.0)
(617.0,628.0)
(597.0,628.0)
(267.0,628.0)
(636.0,628.0)
(656.0,628.0)
(267.0,628.0)
(267.0,628.0)
(267.0,628.0)
(617.0,628.0)
(636.0,628.0)
(212.0,626.0)
(645.0,626.0)
(645.0,626.0)
(645.0,626.0)
(645.0,626.0)
(212.0,626.0)
(212.0,626.0)
(645.0,626.0)
(645.0,626.0)
(645.0,626.0)
(212.0,626.0)
(212.0,626.0)
(645.0,626.0)
(645.0,626.0)
(645.0,626.0)
(645.0,626.0)
(645.0,626.0)
(645.0,626.0)
(645.0,626.0)
(212.0,626.0)
(212.0,626.0)
(645.0,626.0)
(629.0,626.0)
(212.0,626.0)
(645.0,626.0)
(212.0,626.0)
(645.0,626.0)
(645.0,626.0)
(645.0,626.0)
(645.0,626.0)
(212.0,626.0)
(645.0,626.0)
(212.0,626.0)
(645.0,626.0)
(212.0,626.0)
(212.0,626.0)
(212.0,626.0)
(212.0,626.0)
(645.0,626.0)
(645.0,626.0)
(212.0,626.0)
(645.0,626.0)
(212.0,626.0)
(645.0,626.0)
(645.0,626.0)
(212.0,626.0)
(645.0,626.0)
(629.0,626.0)
(645.0,626.0)
(645.0,626.0)
(212.0,626.0)
(645.0,626.0)
(629.0,626.0)
(645.0,626.0)
(645.0,626.0)
(645.0,626.0)
(645.0,626.0)
(645.0,626.0)
(212.0,626.0)
(645.0,626.0)
(212.0,626.0)
(212.0,626.0)
(212.0,626.0)
(212.0,626.0)
(645.0,626.0)
(645.0,626.0)
(228.0,626.0)
(212.0,626.0)
(212.0,626.0)
(645.0,626.0)
(212.0,626.0)
(212.0,626.0)
(645.0,626.0)
(645.0,626.0)
(212.0,626.0)
(212.0,626.0)
(212.0,626.0)
(645.0,626.0)
(645.0,626.0)
(212.0,626.0)
(645.0,626.0)
(212.0,626.0)
(645.0,626.0)
(645.0,626.0)
(645.0,626.0)
(212.0,626.0)
(212.0,626.0)
(212.0,626.0)
(645.0,626.0)
(212.0,626.0)
(212.0,626.0)
(645.0,626.0)
(645.0,626.0)
(645.0,626.0)
(645.0,626.0)
(645.0,626.0)
(228.0,626.0)
(645.0,626.0)
(212.0,626.0)
(645.0,626.0)
(645.0,626.0)
(212.0,626.0)
(212.0,626.0)
(212.0,626.0)
(645.0,626.0)
(212.0,626.0)
(645.0,626.0)
(645.0,626.0)
(645.0,626.0)
(645.0,626.0)
(645.0,626.0)
(645.0,626.0)
(212.0,626.0)
(645.0,626.0)
(212.0,626.0)
(212.0,626.0)
(212.0,626.0)
(645.0,626.0)
(645.0,626.0)
(228.0,626.0)
(212.0,626.0)
(645.0,626.0)
(645.0,626.0)
(645.0,626.0)
(645.0,626.0)
(212.0,626.0)
(645.0,626.0)
(212.0,626.0)
(212.0,626.0)
(645.0,626.0)
(212.0,626.0)
(212.0,626.0)
(228.0,626.0)
(645.0,626.0)
(629.0,626.0)
(645.0,626.0)
(645.0,626.0)
(645.0,626.0)
(645.0,626.0)
(645.0,626.0)
(645.0,626.0)
(212.0,626.0)
(645.0,626.0)
(645.0,626.0)
(645.0,626.0)
(212.0,626.0)
(645.0,626.0)
(228.0,626.0)
(212.0,626.0)
(645.0,626.0)
(212.0,626.0)
(645.0,626.0)
(645.0,626.0)
(212.0,626.0)
(645.0,626.0)
(645.0,626.0)
(645.0,626.0)
(645.0,626.0)
(212.0,626.0)
(645.0,626.0)
(645.0,626.0)
(645.0,626.0)
(645.0,626.0)
(212.0,626.0)
(645.0,626.0)
(645.0,626.0)
(645.0,626.0)
(212.0,626.0)
(645.0,626.0)
(645.0,626.0)
(645.0,626.0)
(645.0,626.0)
(212.0,626.0)
(212.0,626.0)
(645.0,626.0)
(645.0,626.0)
(212.0,626.0)
(212.0,626.0)
(645.0,626.0)
(629.0,626.0)
(645.0,626.0)
(645.0,626.0)
(645.0,626.0)
(645.0,626.0)
(212.0,626.0)
(228.0,626.0)
(212.0,626.0)
(645.0,626.0)
(645.0,626.0)
(212.0,626.0)
(645.0,626.0)
(255.0,625.0)
(602.0,625.0)
(602.0,625.0)
(255.0,625.0)
(255.0,625.0)
(255.0,625.0)
(255.0,625.0)
(602.0,625.0)
(208.0,625.0)
(255.0,625.0)
(255.0,625.0)
(602.0,625.0)
(255.0,625.0)
(255.0,625.0)
(255.0,625.0)
(602.0,625.0)
(255.0,625.0)
(255.0,625.0)
(255.0,625.0)
(255.0,625.0)
(255.0,625.0)
(255.0,625.0)
(255.0,625.0)
(602.0,625.0)
(255.0,625.0)
(255.0,625.0)
(602.0,625.0)
(255.0,625.0)
(255.0,625.0)
(255.0,625.0)
(255.0,625.0)
(255.0,625.0)
(602.0,625.0)
(332.0,625.0)
(255.0,625.0)
(255.0,625.0)
(255.0,625.0)
(255.0,625.0)
(255.0,625.0)
(658.0,625.0)
(255.0,625.0)
(255.0,625.0)
(255.0,625.0)
(255.0,625.0)
(255.0,625.0)
(255.0,625.0)
(255.0,625.0)
(602.0,625.0)
(658.0,625.0)
(602.0,625.0)
(255.0,625.0)
(255.0,625.0)
(255.0,625.0)
(255.0,625.0)
(255.0,625.0)
(602.0,625.0)
(602.0,625.0)
(602.0,625.0)
(602.0,625.0)
(255.0,625.0)
(602.0,625.0)
(255.0,625.0)
(255.0,625.0)
(255.0,625.0)
(332.0,625.0)
(255.0,625.0)
(602.0,625.0)
(255.0,625.0)
(602.0,625.0)
(255.0,625.0)
(255.0,625.0)
(255.0,625.0)
(208.0,625.0)
(602.0,625.0)
(255.0,625.0)
(602.0,625.0)
(255.0,625.0)
(208.0,625.0)
(255.0,625.0)
(602.0,625.0)
(255.0,625.0)
(255.0,625.0)
(602.0,625.0)
(332.0,625.0)
(255.0,625.0)
(255.0,625.0)
(602.0,625.0)
(255.0,625.0)
(255.0,625.0)
(255.0,625.0)
(255.0,625.0)
(332.0,625.0)
(602.0,625.0)
(255.0,625.0)
(602.0,625.0)
(255.0,625.0)
(629.0,630.0)
(240.0,630.0)
(228.0,630.0)
(240.0,630.0)
(228.0,630.0)
(629.0,630.0)
(645.0,630.0)
(228.0,630.0)
(240.0,630.0)
(240.0,630.0)
(629.0,630.0)
(619.0,630.0)
(645.0,630.0)
(240.0,630.0)
(240.0,630.0)
(240.0,630.0)
(645.0,630.0)
(240.0,630.0)
(240.0,630.0)
(240.0,630.0)
(629.0,630.0)
(629.0,630.0)
(645.0,630.0)
(240.0,630.0)
(629.0,630.0)
(614.0,630.0)
(629.0,630.0)
(228.0,630.0)
(240.0,630.0)
(240.0,630.0)
(240.0,630.0)
(619.0,630.0)
(645.0,630.0)
(629.0,630.0)
(240.0,630.0)
(619.0,630.0)
(629.0,630.0)
(629.0,630.0)
(629.0,630.0)
(240.0,630.0)
(240.0,630.0)
(629.0,630.0)
(240.0,630.0)
(629.0,630.0)
(215.0,630.0)
(228.0,630.0)
(629.0,630.0)
(240.0,630.0)
(240.0,630.0)
(240.0,630.0)
(240.0,630.0)
(629.0,630.0)
(228.0,630.0)
(240.0,630.0)
(240.0,630.0)
(240.0,630.0)
(240.0,630.0)
(240.0,630.0)
(240.0,630.0)
(629.0,630.0)
(228.0,630.0)
(240.0,630.0)
(629.0,630.0)
(629.0,630.0)
(629.0,630.0)
(629.0,630.0)
(240.0,630.0)
(228.0,630.0)
(228.0,630.0)
(619.0,630.0)
(629.0,630.0)
(240.0,630.0)
(619.0,630.0)
(228.0,630.0)
(619.0,630.0)
(240.0,630.0)
(240.0,630.0)
(629.0,630.0)
(629.0,630.0)
(619.0,630.0)
(228.0,630.0)
(240.0,630.0)
(629.0,630.0)
(240.0,630.0)
(629.0,630.0)
(215.0,630.0)
(228.0,630.0)
(240.0,630.0)
(629.0,630.0)
(629.0,630.0)
(629.0,630.0)
(240.0,630.0)
(629.0,630.0)
(629.0,630.0)
(645.0,630.0)
(228.0,630.0)
(645.0,630.0)
(240.0,630.0)
(240.0,630.0)
(629.0,630.0)
(228.0,630.0)
(228.0,630.0)
(629.0,630.0)
(240.0,630.0)
(240.0,630.0)
(629.0,630.0)
(228.0,630.0)
(629.0,630.0)
(629.0,630.0)
(240.0,630.0)
(619.0,630.0)
(634.0,630.0)
(228.0,630.0)
(240.0,630.0)
(240.0,630.0)
(228.0,630.0)
(645.0,630.0)
(629.0,630.0)
(228.0,630.0)
(619.0,630.0)
(629.0,630.0)
(629.0,630.0)
(228.0,630.0)
(240.0,630.0)
(228.0,630.0)
(629.0,630.0)
(240.0,630.0)
(228.0,630.0)
(240.0,630.0)
(240.0,630.0)
(629.0,630.0)
(645.0,630.0)
(228.0,630.0)
(619.0,630.0)
(228.0,630.0)
(629.0,630.0)
(240.0,630.0)
(619.0,630.0)
(619.0,630.0)
(228.0,630.0)
(240.0,630.0)
(240.0,630.0)
(240.0,630.0)
(215.0,630.0)
(645.0,630.0)
(215.0,630.0)
(228.0,630.0)
(240.0,630.0)
(629.0,630.0)
(228.0,630.0)
(228.0,630.0)
(228.0,630.0)
(240.0,630.0)
(619.0,630.0)
(645.0,630.0)
(228.0,630.0)
(629.0,630.0)
(645.0,630.0)
(629.0,630.0)
(240.0,630.0)
(240.0,630.0)
(629.0,630.0)
(240.0,630.0)
(228.0,630.0)
(240.0,630.0)
(240.0,630.0)
(619.0,630.0)
(228.0,630.0)
(240.0,630.0)
(240.0,630.0)
(645.0,630.0)
(629.0,630.0)
(240.0,630.0)
(240.0,630.0)
(240.0,630.0)
(629.0,630.0)
(645.0,630.0)
(240.0,630.0)
(228.0,630.0)
(240.0,630.0)
(629.0,630.0)
(629.0,630.0)
(240.0,630.0)
(240.0,630.0)
(629.0,630.0)
(228.0,630.0)
(619.0,630.0)
(228.0,630.0)
(240.0,630.0)
(240.0,630.0)
(228.0,630.0)
(228.0,630.0)
(240.0,630.0)
(228.0,630.0)
(629.0,630.0)
(240.0,630.0)
(228.0,630.0)
(629.0,630.0)
(631.0,629.0)
(613.0,629.0)
(629.0,629.0)
(260.0,629.0)
(631.0,629.0)
(631.0,629.0)
(212.0,629.0)
(629.0,629.0)
(212.0,629.0)
(212.0,629.0)
(629.0,629.0)
(239.0,629.0)
(631.0,629.0)
(631.0,629.0)
(631.0,629.0)
(240.0,629.0)
(629.0,629.0)
(631.0,629.0)
(214.0,629.0)
(629.0,629.0)
(629.0,629.0)
(631.0,629.0)
(212.0,629.0)
(212.0,629.0)
(631.0,629.0)
(239.0,629.0)
(631.0,629.0)
(631.0,629.0)
(260.0,629.0)
(631.0,629.0)
(629.0,629.0)
(631.0,629.0)
(212.0,629.0)
(260.0,629.0)
(629.0,629.0)
(631.0,629.0)
(631.0,629.0)
(631.0,629.0)
(631.0,629.0)
(212.0,629.0)
(214.0,629.0)
(631.0,629.0)
(629.0,629.0)
(260.0,629.0)
(239.0,629.0)
(239.0,629.0)
(629.0,629.0)
(214.0,629.0)
(212.0,629.0)
(631.0,629.0)
(212.0,629.0)
(631.0,629.0)
(631.0,629.0)
(631.0,629.0)
(212.0,629.0)
(212.0,629.0)
(212.0,629.0)
(239.0,629.0)
(629.0,629.0)
(631.0,629.0)
(631.0,629.0)
(260.0,629.0)
(613.0,629.0)
(212.0,629.0)
(629.0,629.0)
(631.0,629.0)
(212.0,629.0)
(260.0,629.0)
(613.0,629.0)
(212.0,629.0)
(631.0,629.0)
(260.0,629.0)
(212.0,629.0)
(260.0,629.0)
(214.0,629.0)
(629.0,629.0)
(239.0,629.0)
(631.0,629.0)
(613.0,629.0)
(629.0,629.0)
(212.0,629.0)
(629.0,629.0)
(631.0,629.0)
(214.0,629.0)
(629.0,629.0)
(239.0,629.0)
(212.0,629.0)
(629.0,629.0)
(631.0,629.0)
(212.0,629.0)
(631.0,629.0)
(631.0,629.0)
(260.0,629.0)
(214.0,629.0)
(631.0,629.0)
(212.0,629.0)
(629.0,629.0)
(239.0,629.0)
(212.0,629.0)
(629.0,629.0)
(212.0,629.0)
(629.0,629.0)
(260.0,629.0)
(212.0,629.0)
(631.0,629.0)
(631.0,629.0)
(631.0,629.0)
(631.0,629.0)
(629.0,629.0)
(212.0,629.0)
(631.0,629.0)
(212.0,629.0)
(723.0,629.0)
(631.0,629.0)
(631.0,629.0)
(631.0,629.0)
(629.0,629.0)
(631.0,629.0)
(631.0,629.0)
(631.0,629.0)
(629.0,629.0)
(631.0,629.0)
(240.0,629.0)
(613.0,629.0)
(631.0,629.0)
(239.0,629.0)
(260.0,629.0)
(631.0,631.0)
(645.0,631.0)
(645.0,631.0)
(212.0,631.0)
(632.0,631.0)
(631.0,631.0)
(632.0,631.0)
(625.0,631.0)
(645.0,631.0)
(632.0,631.0)
(632.0,631.0)
(645.0,631.0)
(632.0,631.0)
(632.0,631.0)
(632.0,631.0)
(645.0,631.0)
(632.0,631.0)
(632.0,631.0)
(631.0,631.0)
(212.0,631.0)
(632.0,631.0)
(632.0,631.0)
(212.0,631.0)
(645.0,631.0)
(631.0,631.0)
(212.0,631.0)
(645.0,631.0)
(631.0,631.0)
(632.0,631.0)
(632.0,631.0)
(632.0,631.0)
(632.0,631.0)
(645.0,631.0)
(645.0,631.0)
(646.0,631.0)
(632.0,631.0)
(632.0,631.0)
(632.0,631.0)
(632.0,631.0)
(632.0,631.0)
(632.0,631.0)
(228.0,631.0)
(632.0,631.0)
(632.0,631.0)
(212.0,631.0)
(632.0,631.0)
(631.0,631.0)
(631.0,631.0)
(632.0,631.0)
(645.0,631.0)
(228.0,631.0)
(645.0,631.0)
(631.0,631.0)
(632.0,631.0)
(212.0,631.0)
(632.0,631.0)
(632.0,631.0)
(645.0,631.0)
(645.0,631.0)
(645.0,631.0)
(645.0,631.0)
(632.0,631.0)
(645.0,631.0)
(631.0,631.0)
(631.0,631.0)
(212.0,631.0)
(645.0,631.0)
(645.0,631.0)
(212.0,631.0)
(645.0,631.0)
(631.0,631.0)
(645.0,631.0)
(632.0,631.0)
(631.0,631.0)
(632.0,631.0)
(632.0,631.0)
(645.0,631.0)
(645.0,631.0)
(632.0,631.0)
(645.0,631.0)
(632.0,631.0)
(645.0,631.0)
(645.0,631.0)
(632.0,631.0)
(645.0,631.0)
(632.0,631.0)
(632.0,631.0)
(645.0,631.0)
(645.0,631.0)
(632.0,631.0)
(632.0,631.0)
(645.0,631.0)
(632.0,631.0)
(632.0,631.0)
(632.0,631.0)
(632.0,631.0)
(645.0,631.0)
(645.0,631.0)
(645.0,631.0)
(212.0,631.0)
(645.0,631.0)
(632.0,631.0)
(631.0,631.0)
(212.0,631.0)
(255.0,631.0)
(631.0,631.0)
(212.0,631.0)
(632.0,631.0)
(212.0,631.0)
(631.0,631.0)
(212.0,631.0)
(631.0,631.0)
(212.0,631.0)
(212.0,631.0)
(631.0,631.0)
(212.0,631.0)
(632.0,631.0)
(631.0,631.0)
(212.0,631.0)
(631.0,631.0)
(212.0,631.0)
(631.0,631.0)
(212.0,631.0)
(631.0,631.0)
(212.0,631.0)
(212.0,631.0)
(632.0,631.0)
(212.0,631.0)
(632.0,631.0)
(212.0,631.0)
(212.0,631.0)
(631.0,631.0)
(632.0,631.0)
(631.0,631.0)
(212.0,631.0)
(212.0,631.0)
(212.0,631.0)
(212.0,631.0)
(212.0,631.0)
(631.0,631.0)
(631.0,631.0)
(632.0,631.0)
(631.0,631.0)
(632.0,631.0)
(212.0,631.0)
(212.0,631.0)
(255.0,631.0)
(212.0,631.0)
(631.0,631.0)
(631.0,631.0)
(212.0,631.0)
(212.0,631.0)
(631.0,631.0)
(255.0,631.0)
(212.0,631.0)
(631.0,631.0)
(255.0,631.0)
(212.0,631.0)
(212.0,631.0)
(631.0,631.0)
(212.0,631.0)
(212.0,631.0)
(631.0,631.0)
(212.0,631.0)
(212.0,631.0)
(212.0,631.0)
(212.0,631.0)
(631.0,631.0)
(212.0,631.0)
(212.0,631.0)
(631.0,631.0)
(631.0,631.0)
(641.0,631.0)
(641.0,631.0)
(631.0,631.0)
(631.0,631.0)
(631.0,631.0)
(632.0,631.0)
(255.0,631.0)
(212.0,631.0)
(632.0,631.0)
(632.0,631.0)
(624.0,631.0)
(631.0,631.0)
(212.0,631.0)
(212.0,631.0)
(631.0,631.0)
(641.0,631.0)
(632.0,631.0)
(631.0,631.0)
(631.0,631.0)
(212.0,631.0)
(632.0,631.0)
(631.0,631.0)
(631.0,631.0)
(212.0,631.0)
(631.0,631.0)
(212.0,631.0)
(212.0,631.0)
(631.0,631.0)
(212.0,631.0)
(632.0,631.0)
(212.0,631.0)
(212.0,631.0)
(632.0,631.0)
(641.0,631.0)
(212.0,631.0)
(646.0,631.0)
(632.0,631.0)
(631.0,631.0)
(212.0,631.0)
(631.0,631.0)
(632.0,631.0)
(631.0,631.0)
(646.0,631.0)
(624.0,631.0)
(632.0,631.0)
(632.0,631.0)
(262.0,631.0)
(212.0,631.0)
(212.0,631.0)
(631.0,631.0)
(631.0,631.0)
(632.0,631.0)
(641.0,631.0)
(624.0,631.0)
(641.0,631.0)
(631.0,631.0)
(632.0,631.0)
(212.0,631.0)
(632.0,631.0)
(631.0,631.0)
(212.0,631.0)
(641.0,631.0)
(641.0,631.0)
(641.0,631.0)
(212.0,631.0)
(212.0,631.0)
(631.0,631.0)
(631.0,631.0)
(212.0,631.0)
(212.0,631.0)
(212.0,631.0)
(631.0,631.0)
(641.0,631.0)
(631.0,631.0)
(255.0,631.0)
(631.0,631.0)
(212.0,631.0)
(631.0,631.0)
(631.0,631.0)
(212.0,631.0)
(641.0,631.0)
(641.0,631.0)
(632.0,631.0)
(212.0,631.0)
(212.0,631.0)
(631.0,631.0)
(624.0,631.0)
(641.0,631.0)
(212.0,631.0)
(641.0,631.0)
(632.0,631.0)
(631.0,631.0)
(212.0,631.0)
(262.0,631.0)
(262.0,631.0)
(624.0,631.0)
(212.0,631.0)
(632.0,631.0)
(255.0,631.0)
(212.0,631.0)
(212.0,631.0)
(631.0,631.0)
(646.0,631.0)
(624.0,631.0)
(641.0,631.0)
(631.0,631.0)
(212.0,631.0)
(631.0,631.0)
(632.0,631.0)
(631.0,631.0)
(631.0,631.0)
(632.0,631.0)
(631.0,631.0)
(631.0,631.0)
(212.0,631.0)
(212.0,631.0)
(255.0,631.0)
(632.0,631.0)
(212.0,631.0)
(624.0,631.0)
(632.0,631.0)
(212.0,631.0)
(631.0,631.0)
(212.0,631.0)
(212.0,631.0)
(212.0,631.0)
(631.0,631.0)
(212.0,631.0)
(212.0,631.0)
(632.0,631.0)
(632.0,631.0)
(631.0,631.0)
(631.0,631.0)
(632.0,631.0)
(212.0,631.0)
(631.0,631.0)
(632.0,631.0)
(632.0,631.0)
(212.0,631.0)
(212.0,631.0)
(631.0,631.0)
(624.0,631.0)
(212.0,631.0)
(212.0,631.0)
(631.0,631.0)
(631.0,631.0)
(212.0,631.0)
(632.0,631.0)
(212.0,631.0)
(212.0,631.0)
(212.0,631.0)
(632.0,631.0)
(631.0,631.0)
(212.0,631.0)
(212.0,631.0)
(632.0,631.0)
(631.0,631.0)
(212.0,631.0)
(212.0,631.0)
(212.0,631.0)
(631.0,631.0)
(631.0,631.0)
(212.0,631.0)
(212.0,631.0)
(212.0,631.0)
(631.0,631.0)
(631.0,631.0)
(631.0,631.0)
(602.0,631.0)
(212.0,631.0)
(631.0,631.0)
(212.0,631.0)
(212.0,631.0)
(624.0,631.0)
(631.0,631.0)
(212.0,631.0)
(632.0,631.0)
(641.0,631.0)
(631.0,631.0)
(632.0,631.0)
(631.0,631.0)
(212.0,631.0)
(624.0,631.0)
(631.0,631.0)
(212.0,631.0)
(631.0,631.0)
(632.0,631.0)
(631.0,631.0)
(212.0,631.0)
(641.0,631.0)
(624.0,631.0)
(212.0,631.0)
(239.0,631.0)
(212.0,631.0)
(212.0,631.0)
(646.0,631.0)
(631.0,631.0)
(212.0,631.0)
(641.0,631.0)
(212.0,631.0)
(212.0,631.0)
(641.0,631.0)
(212.0,631.0)
(212.0,631.0)
(212.0,631.0)
(212.0,631.0)
(641.0,631.0)
(631.0,631.0)
(631.0,631.0)
(624.0,631.0)
(632.0,631.0)
(646.0,631.0)
(212.0,631.0)
(212.0,631.0)
(645.0,631.0)
(212.0,631.0)
(212.0,631.0)
(212.0,631.0)
(212.0,631.0)
(212.0,631.0)
(624.0,631.0)
(212.0,631.0)
(212.0,631.0)
(212.0,631.0)
(212.0,631.0)
(212.0,631.0)
(212.0,631.0)
(212.0,631.0)
(212.0,631.0)
(212.0,631.0)
(212.0,631.0)
(212.0,631.0)
(212.0,631.0)
(212.0,631.0)
(212.0,631.0)
(212.0,631.0)
(212.0,631.0)
(645.0,631.0)
(212.0,631.0)
(212.0,631.0)
(645.0,631.0)
(212.0,631.0)
(212.0,631.0)
(212.0,631.0)
(212.0,631.0)
(212.0,631.0)
(212.0,631.0)
(212.0,631.0)
(212.0,631.0)
(212.0,631.0)
(212.0,631.0)
(212.0,631.0)
(212.0,631.0)
(212.0,631.0)
(212.0,631.0)
(212.0,631.0)
(212.0,631.0)
(228.0,631.0)
(212.0,631.0)
(212.0,631.0)
(212.0,631.0)
(212.0,631.0)
(212.0,631.0)
(212.0,631.0)
(212.0,631.0)
(212.0,631.0)
(228.0,631.0)
(645.0,631.0)
(212.0,631.0)
(212.0,631.0)
(212.0,631.0)
(212.0,631.0)
(212.0,631.0)
(212.0,631.0)
(212.0,631.0)
(212.0,631.0)
(212.0,631.0)
(212.0,631.0)
(645.0,631.0)
(212.0,631.0)
(212.0,631.0)
(212.0,631.0)
(645.0,631.0)
(212.0,631.0)
(212.0,631.0)
(645.0,631.0)
(212.0,631.0)
(212.0,631.0)
(212.0,631.0)
(212.0,631.0)
(212.0,631.0)
(212.0,631.0)
(212.0,631.0)
(212.0,631.0)
(212.0,631.0)
(212.0,631.0)
(645.0,631.0)
(212.0,631.0)
(212.0,631.0)
(212.0,631.0)
(212.0,631.0)
(212.0,631.0)
(212.0,631.0)
(212.0,631.0)
(212.0,631.0)
(212.0,631.0)
(212.0,631.0)
(212.0,631.0)
(212.0,631.0)
(212.0,631.0)
(212.0,631.0)
(212.0,631.0)
(212.0,631.0)
(212.0,631.0)
(212.0,631.0)
(212.0,631.0)
(212.0,631.0)
(212.0,631.0)
(645.0,631.0)
(212.0,631.0)
(631.0,631.0)
(631.0,631.0)
(631.0,631.0)
(624.0,631.0)
(631.0,631.0)
(631.0,631.0)
(631.0,631.0)
(631.0,631.0)
(631.0,631.0)
(631.0,631.0)
(631.0,631.0)
(624.0,631.0)
(631.0,631.0)
(631.0,631.0)
(631.0,631.0)
(631.0,631.0)
(631.0,631.0)
(631.0,631.0)
(631.0,631.0)
(631.0,631.0)
(631.0,631.0)
(631.0,631.0)
(631.0,631.0)
(624.0,631.0)
(631.0,631.0)
(631.0,631.0)
(631.0,631.0)
(624.0,631.0)
(631.0,631.0)
(631.0,631.0)
(631.0,631.0)
(631.0,631.0)
(624.0,631.0)
(631.0,631.0)
(631.0,631.0)
(631.0,631.0)
(631.0,631.0)
(624.0,631.0)
(631.0,631.0)
(624.0,631.0)
(631.0,631.0)
(212.0,631.0)
(212.0,631.0)
(212.0,631.0)
(212.0,631.0)
(212.0,631.0)
(212.0,631.0)
(212.0,631.0)
(212.0,631.0)
(212.0,631.0)
(212.0,631.0)
(212.0,631.0)
(212.0,631.0)
(212.0,631.0)
(212.0,631.0)
(212.0,631.0)
(212.0,631.0)
(212.0,631.0)
(212.0,631.0)
(212.0,631.0)
(212.0,631.0)
(212.0,631.0)
(212.0,631.0)
(212.0,631.0)
(212.0,631.0)
(212.0,631.0)
(212.0,631.0)
(645.0,631.0)
(645.0,631.0)
(212.0,631.0)
(212.0,631.0)
(212.0,631.0)
(212.0,631.0)
(645.0,631.0)
(645.0,631.0)
(212.0,631.0)
(212.0,631.0)
(645.0,631.0)
(212.0,631.0)
(212.0,631.0)
(212.0,631.0)
(645.0,631.0)
(212.0,631.0)
(212.0,631.0)
(212.0,631.0)
(212.0,631.0)
(212.0,631.0)
(212.0,631.0)
(212.0,631.0)
(645.0,631.0)
(212.0,631.0)
(212.0,631.0)
(645.0,631.0)
(212.0,631.0)
(212.0,631.0)
(212.0,631.0)
(212.0,631.0)
(212.0,631.0)
(212.0,631.0)
(645.0,631.0)
(645.0,631.0)
(212.0,631.0)
(212.0,631.0)
(212.0,631.0)
(212.0,631.0)
(212.0,631.0)
(212.0,631.0)
(212.0,631.0)
(212.0,631.0)
(631.0,631.0)
(212.0,631.0)
(212.0,631.0)
(212.0,631.0)
(212.0,631.0)
(212.0,631.0)
(212.0,631.0)
(212.0,631.0)
(645.0,631.0)
(631.0,631.0)
(645.0,631.0)
(212.0,631.0)
(212.0,631.0)
(212.0,631.0)
(212.0,631.0)
(212.0,631.0)
(645.0,631.0)
(645.0,631.0)
(645.0,631.0)
(645.0,631.0)
(212.0,631.0)
(645.0,631.0)
(212.0,631.0)
(212.0,631.0)
(212.0,631.0)
(645.0,631.0)
(645.0,631.0)
(212.0,631.0)
(645.0,631.0)
(212.0,631.0)
(645.0,631.0)
(212.0,631.0)
(212.0,631.0)
(212.0,631.0)
(212.0,631.0)
(212.0,631.0)
(645.0,631.0)
(645.0,631.0)
(212.0,631.0)
(645.0,631.0)
(212.0,631.0)
(645.0,631.0)
(645.0,631.0)
(212.0,631.0)
(645.0,631.0)
(212.0,631.0)
(212.0,631.0)
(645.0,631.0)
(645.0,631.0)
(212.0,631.0)
(212.0,631.0)
(645.0,631.0)
(212.0,631.0)
(212.0,631.0)
(212.0,631.0)
(212.0,631.0)
(645.0,631.0)
(645.0,631.0)
(645.0,631.0)
(212.0,631.0)
(645.0,631.0)
(212.0,631.0)
(631.0,631.0)
(631.0,631.0)
(631.0,631.0)
(631.0,631.0)
(631.0,631.0)
(631.0,631.0)
(631.0,631.0)
(631.0,631.0)
(631.0,631.0)
(631.0,631.0)
(631.0,631.0)
(631.0,631.0)
(631.0,631.0)
(631.0,631.0)
(631.0,631.0)
(631.0,631.0)
(631.0,631.0)
(631.0,631.0)
(631.0,631.0)
(631.0,631.0)
(631.0,631.0)
(631.0,631.0)
(631.0,631.0)
(631.0,631.0)
(631.0,631.0)
(631.0,631.0)
(631.0,631.0)
(631.0,631.0)
(631.0,631.0)
(631.0,631.0)
(631.0,631.0)
(631.0,631.0)
(631.0,631.0)
(631.0,631.0)
(631.0,631.0)
(212.0,631.0)
(212.0,631.0)
(621.0,631.0)
(212.0,631.0)
(212.0,631.0)
(212.0,631.0)
(723.0,631.0)
(631.0,631.0)
(212.0,631.0)
(631.0,631.0)
(212.0,631.0)
(212.0,631.0)
(631.0,631.0)
(212.0,631.0)
(212.0,631.0)
(212.0,631.0)
(621.0,631.0)
(212.0,631.0)
(631.0,631.0)
(212.0,631.0)
(631.0,631.0)
(631.0,631.0)
(631.0,631.0)
(212.0,631.0)
(212.0,631.0)
(631.0,631.0)
(212.0,631.0)
(212.0,631.0)
(212.0,631.0)
(212.0,631.0)
(212.0,631.0)
(631.0,631.0)
(212.0,631.0)
(631.0,631.0)
(723.0,631.0)
(631.0,631.0)
(212.0,631.0)
(212.0,631.0)
(621.0,631.0)
(212.0,631.0)
(212.0,631.0)
(631.0,631.0)
(212.0,631.0)
(212.0,631.0)
(621.0,631.0)
(212.0,631.0)
(212.0,631.0)
(212.0,631.0)
(212.0,631.0)
(621.0,631.0)
(631.0,631.0)
(212.0,631.0)
(212.0,631.0)
(631.0,631.0)
(212.0,631.0)
(212.0,631.0)
(631.0,631.0)
(212.0,631.0)
(212.0,631.0)
(631.0,631.0)
(621.0,631.0)
(212.0,631.0)
(631.0,631.0)
(723.0,631.0)
(212.0,631.0)
(621.0,631.0)
(212.0,631.0)
(212.0,631.0)
(212.0,631.0)
(631.0,631.0)
(631.0,631.0)
(723.0,631.0)
(212.0,631.0)
(212.0,631.0)
(621.0,631.0)
(631.0,631.0)
(212.0,631.0)
(212.0,631.0)
(631.0,631.0)
(631.0,631.0)
(212.0,631.0)
(212.0,631.0)
(621.0,631.0)
(212.0,631.0)
(631.0,631.0)
(212.0,631.0)
(212.0,631.0)
(631.0,631.0)
(212.0,631.0)
(212.0,631.0)
(212.0,631.0)
(212.0,631.0)
(212.0,631.0)
(212.0,631.0)
(212.0,631.0)
(631.0,631.0)
(631.0,631.0)
(631.0,631.0)
(212.0,631.0)
(212.0,631.0)
(631.0,631.0)
(631.0,631.0)
(631.0,631.0)
(212.0,631.0)
(631.0,631.0)
(212.0,631.0)
(212.0,631.0)
(631.0,631.0)
(212.0,631.0)
(212.0,631.0)
(253.0,632.0)
(631.0,632.0)
(185.0,632.0)
(632.0,632.0)
(641.0,632.0)
(228.0,632.0)
(255.0,632.0)
(631.0,632.0)
(631.0,632.0)
(255.0,632.0)
(228.0,632.0)
(212.0,632.0)
(641.0,632.0)
(255.0,632.0)
(214.0,632.0)
(632.0,632.0)
(255.0,632.0)
(264.0,632.0)
(632.0,632.0)
(636.0,632.0)
(212.0,632.0)
(212.0,632.0)
(641.0,632.0)
(228.0,632.0)
(212.0,632.0)
(632.0,632.0)
(212.0,632.0)
(632.0,632.0)
(612.0,632.0)
(612.0,632.0)
(228.0,632.0)
(631.0,632.0)
(212.0,632.0)
(641.0,632.0)
(212.0,632.0)
(631.0,632.0)
(228.0,632.0)
(212.0,632.0)
(212.0,632.0)
(212.0,632.0)
(631.0,632.0)
(658.0,632.0)
(212.0,632.0)
(631.0,632.0)
(228.0,632.0)
(228.0,632.0)
(263.0,632.0)
(212.0,632.0)
(247.0,632.0)
(228.0,632.0)
(631.0,632.0)
(212.0,632.0)
(212.0,632.0)
(263.0,632.0)
(228.0,632.0)
(255.0,632.0)
(255.0,632.0)
(631.0,632.0)
(632.0,632.0)
(255.0,632.0)
(228.0,632.0)
(632.0,632.0)
(631.0,632.0)
(212.0,632.0)
(212.0,632.0)
(212.0,632.0)
(212.0,632.0)
(632.0,632.0)
(641.0,632.0)
(228.0,632.0)
(212.0,632.0)
(212.0,632.0)
(255.0,632.0)
(212.0,632.0)
(632.0,632.0)
(212.0,632.0)
(658.0,632.0)
(631.0,632.0)
(212.0,632.0)
(253.0,632.0)
(212.0,632.0)
(641.0,632.0)
(632.0,632.0)
(212.0,632.0)
(632.0,632.0)
(212.0,632.0)
(228.0,632.0)
(636.0,632.0)
(670.0,632.0)
(212.0,632.0)
(212.0,632.0)
(212.0,632.0)
(658.0,632.0)
(228.0,632.0)
(212.0,632.0)
(641.0,632.0)
(622.0,632.0)
(255.0,632.0)
(631.0,632.0)
(632.0,632.0)
(641.0,632.0)
(185.0,632.0)
(228.0,632.0)
(631.0,632.0)
(612.0,632.0)
(212.0,632.0)
(636.0,632.0)
(212.0,632.0)
(212.0,632.0)
(212.0,632.0)
(212.0,632.0)
(239.0,632.0)
(641.0,632.0)
(255.0,632.0)
(632.0,632.0)
(641.0,632.0)
(641.0,632.0)
(212.0,632.0)
(263.0,632.0)
(212.0,632.0)
(212.0,632.0)
(212.0,632.0)
(632.0,632.0)
(228.0,632.0)
(212.0,632.0)
(631.0,632.0)
(641.0,632.0)
(632.0,632.0)
(255.0,632.0)
(228.0,632.0)
(641.0,632.0)
(636.0,632.0)
(212.0,632.0)
(632.0,632.0)
(228.0,632.0)
(228.0,632.0)
(228.0,632.0)
(212.0,632.0)
(641.0,632.0)
(632.0,632.0)
(228.0,632.0)
(631.0,632.0)
(228.0,632.0)
(641.0,632.0)
(228.0,632.0)
(636.0,632.0)
(658.0,632.0)
(212.0,632.0)
(263.0,632.0)
(632.0,632.0)
(636.0,632.0)
(622.0,632.0)
(212.0,632.0)
(264.0,632.0)
(212.0,632.0)
(641.0,632.0)
(212.0,632.0)
(255.0,632.0)
(658.0,632.0)
(212.0,632.0)
(228.0,632.0)
(239.0,632.0)
(632.0,632.0)
(255.0,632.0)
(212.0,632.0)
(631.0,632.0)
(670.0,632.0)
(670.0,632.0)
(264.0,632.0)
(212.0,632.0)
(631.0,632.0)
(658.0,632.0)
(632.0,632.0)
(212.0,632.0)
(641.0,632.0)
(247.0,632.0)
(636.0,632.0)
(631.0,632.0)
(212.0,632.0)
(212.0,632.0)
(612.0,632.0)
(658.0,632.0)
(212.0,632.0)
(636.0,632.0)
(212.0,632.0)
(636.0,632.0)
(228.0,632.0)
(247.0,632.0)
(264.0,632.0)
(641.0,632.0)
(631.0,632.0)
(228.0,632.0)
(631.0,632.0)
(228.0,632.0)
(255.0,632.0)
(263.0,632.0)
(212.0,632.0)
(255.0,632.0)
(255.0,632.0)
(631.0,632.0)
(212.0,631.0)
(645.0,631.0)
(645.0,631.0)
(212.0,631.0)
(212.0,631.0)
(212.0,631.0)
(645.0,631.0)
(212.0,631.0)
(212.0,631.0)
(212.0,631.0)
(645.0,631.0)
(212.0,631.0)
(212.0,631.0)
(212.0,631.0)
(645.0,631.0)
(212.0,631.0)
(212.0,631.0)
(212.0,631.0)
(212.0,631.0)
(212.0,631.0)
(645.0,631.0)
(212.0,631.0)
(212.0,631.0)
(212.0,631.0)
(212.0,631.0)
(212.0,631.0)
(212.0,631.0)
(212.0,631.0)
(212.0,631.0)
(212.0,631.0)
(212.0,631.0)
(212.0,631.0)
(212.0,631.0)
(212.0,631.0)
(212.0,631.0)
(212.0,631.0)
(212.0,631.0)
(645.0,631.0)
(645.0,631.0)
(212.0,631.0)
(212.0,631.0)
(212.0,631.0)
(645.0,631.0)
(212.0,631.0)
(212.0,631.0)
(212.0,631.0)
(212.0,631.0)
(212.0,631.0)
(645.0,631.0)
(212.0,631.0)
(212.0,631.0)
(212.0,631.0)
(212.0,631.0)
(645.0,631.0)
(645.0,631.0)
(212.0,631.0)
(212.0,631.0)
(212.0,631.0)
(212.0,631.0)
(645.0,631.0)
(212.0,631.0)
(212.0,631.0)
(645.0,631.0)
(645.0,631.0)
(212.0,631.0)
(212.0,631.0)
(645.0,631.0)
(212.0,631.0)
(645.0,631.0)
(212.0,631.0)
(212.0,631.0)
(645.0,631.0)
(212.0,631.0)
(212.0,631.0)
(645.0,631.0)
(212.0,631.0)
(212.0,631.0)
(645.0,631.0)
(212.0,631.0)
(212.0,631.0)
(631.0,631.0)
(212.0,631.0)
(212.0,631.0)
(212.0,631.0)
(645.0,631.0)
(645.0,631.0)
(212.0,631.0)
(212.0,631.0)
(212.0,631.0)
(212.0,631.0)
(212.0,631.0)
(212.0,631.0)
(645.0,631.0)
(212.0,631.0)
(212.0,631.0)
(212.0,631.0)
(645.0,631.0)
(212.0,631.0)
(212.0,631.0)
(212.0,631.0)
(212.0,631.0)
(212.0,631.0)
(212.0,631.0)
(212.0,631.0)
(212.0,631.0)
(645.0,631.0)
(645.0,631.0)
(212.0,631.0)
(212.0,631.0)
(212.0,631.0)
(212.0,631.0)
(212.0,631.0)
(212.0,632.0)
(255.0,632.0)
(212.0,632.0)
(255.0,632.0)
(212.0,632.0)
(255.0,632.0)
(212.0,632.0)
(255.0,632.0)
(212.0,632.0)
(212.0,632.0)
(255.0,632.0)
(212.0,632.0)
(253.0,632.0)
(212.0,632.0)
(212.0,632.0)
(255.0,632.0)
(212.0,632.0)
(631.0,632.0)
(212.0,632.0)
(212.0,632.0)
(631.0,632.0)
(212.0,632.0)
(631.0,632.0)
(212.0,632.0)
(631.0,632.0)
(255.0,632.0)
(212.0,632.0)
(631.0,632.0)
(631.0,632.0)
(212.0,632.0)
(255.0,632.0)
(631.0,632.0)
(255.0,632.0)
(212.0,632.0)
(631.0,632.0)
(631.0,632.0)
(255.0,632.0)
(255.0,632.0)
(255.0,632.0)
(631.0,632.0)
(631.0,632.0)
(212.0,632.0)
(255.0,632.0)
(255.0,632.0)
(212.0,632.0)
(255.0,632.0)
(631.0,632.0)
(631.0,632.0)
(212.0,632.0)
(255.0,632.0)
(212.0,632.0)
(255.0,632.0)
(212.0,632.0)
(212.0,632.0)
(631.0,632.0)
(253.0,632.0)
(212.0,632.0)
(255.0,632.0)
(255.0,632.0)
(255.0,632.0)
(212.0,632.0)
(212.0,632.0)
(631.0,632.0)
(212.0,632.0)
(255.0,632.0)
(212.0,632.0)
(255.0,632.0)
(212.0,632.0)
(631.0,632.0)
(212.0,632.0)
