(417.0,417.0)
(417.0,417.0)
(417.0,417.0)
(417.0,417.0)
(417.0,417.0)
(417.0,417.0)
(417.0,417.0)
(417.0,417.0)
(417.0,417.0)
(417.0,417.0)
(417.0,417.0)
(417.0,417.0)
(417.0,417.0)
(417.0,417.0)
(417.0,417.0)
(417.0,417.0)
(417.0,417.0)
(417.0,417.0)
(417.0,417.0)
(417.0,417.0)
(417.0,417.0)
(417.0,417.0)
(417.0,417.0)
(417.0,417.0)
(417.0,417.0)
(417.0,417.0)
(417.0,417.0)
(417.0,417.0)
(417.0,417.0)
(417.0,417.0)
(417.0,417.0)
(417.0,417.0)
(417.0,417.0)
(417.0,417.0)
(417.0,417.0)
(417.0,417.0)
(417.0,417.0)
(417.0,417.0)
(417.0,417.0)
(417.0,417.0)
(417.0,417.0)
(417.0,417.0)
(417.0,417.0)
(417.0,417.0)
(417.0,417.0)
(417.0,417.0)
(405.0,417.0)
(417.0,417.0)
(417.0,417.0)
(417.0,417.0)
(417.0,417.0)
(417.0,417.0)
(417.0,417.0)
(417.0,417.0)
(412.0,417.0)
(417.0,417.0)
(417.0,417.0)
(417.0,417.0)
(417.0,417.0)
(417.0,417.0)
(417.0,417.0)
(417.0,417.0)
(417.0,417.0)
(417.0,417.0)
(417.0,417.0)
(417.0,417.0)
(417.0,417.0)
(417.0,417.0)
(417.0,417.0)
(417.0,417.0)
(417.0,417.0)
(421.0,417.0)
(417.0,417.0)
(416.0,417.0)
(417.0,417.0)
(417.0,417.0)
(417.0,417.0)
(417.0,417.0)
(417.0,417.0)
(417.0,417.0)
(417.0,417.0)
(417.0,417.0)
(417.0,417.0)
(417.0,417.0)
(417.0,417.0)
(417.0,417.0)
(417.0,417.0)
(417.0,417.0)
(417.0,417.0)
(417.0,417.0)
(419.0,417.0)
(417.0,417.0)
(417.0,417.0)
(417.0,417.0)
(417.0,417.0)
(417.0,417.0)
(417.0,417.0)
(417.0,417.0)
(417.0,417.0)
(417.0,417.0)
(417.0,417.0)
(417.0,417.0)
(417.0,417.0)
(417.0,417.0)
(417.0,417.0)
(417.0,417.0)
(417.0,417.0)
(417.0,417.0)
(417.0,417.0)
(417.0,417.0)
(417.0,417.0)
(417.0,417.0)
(417.0,417.0)
(417.0,417.0)
(417.0,417.0)
(417.0,417.0)
(417.0,417.0)
(417.0,417.0)
(417.0,417.0)
(417.0,417.0)
(417.0,417.0)
(417.0,417.0)
(417.0,417.0)
(417.0,417.0)
(417.0,417.0)
(417.0,417.0)
(417.0,417.0)
(417.0,417.0)
(417.0,417.0)
(417.0,417.0)
(417.0,417.0)
(417.0,417.0)
(417.0,417.0)
(417.0,417.0)
(417.0,417.0)
(417.0,417.0)
(417.0,417.0)
(412.0,417.0)
(417.0,417.0)
(417.0,417.0)
(417.0,417.0)
(417.0,417.0)
(417.0,417.0)
(417.0,417.0)
(417.0,417.0)
(417.0,417.0)
(417.0,417.0)
(417.0,417.0)
(417.0,417.0)
(417.0,417.0)
(417.0,417.0)
(417.0,417.0)
(417.0,417.0)
(417.0,417.0)
(417.0,417.0)
(417.0,417.0)
(417.0,417.0)
(417.0,417.0)
(417.0,417.0)
(417.0,417.0)
(413.0,417.0)
(417.0,417.0)
(417.0,417.0)
(417.0,417.0)
(417.0,417.0)
(417.0,417.0)
(417.0,417.0)
(417.0,417.0)
(417.0,417.0)
(417.0,417.0)
(417.0,417.0)
(417.0,417.0)
(417.0,417.0)
(417.0,417.0)
(417.0,417.0)
(417.0,417.0)
(417.0,417.0)
(417.0,417.0)
(417.0,417.0)
(417.0,417.0)
(417.0,417.0)
(417.0,417.0)
(417.0,417.0)
(417.0,417.0)
(417.0,417.0)
(417.0,417.0)
(417.0,417.0)
(417.0,417.0)
(417.0,417.0)
(417.0,417.0)
(417.0,417.0)
(417.0,417.0)
(417.0,417.0)
(417.0,417.0)
(417.0,417.0)
(417.0,417.0)
(417.0,417.0)
(417.0,417.0)
(417.0,417.0)
(417.0,417.0)
(417.0,417.0)
(417.0,417.0)
(417.0,417.0)
(417.0,417.0)
(417.0,417.0)
(417.0,417.0)
(417.0,417.0)
(417.0,417.0)
(417.0,417.0)
(417.0,417.0)
(417.0,417.0)
(417.0,417.0)
(417.0,417.0)
(404.0,417.0)
(417.0,417.0)
(417.0,417.0)
(417.0,417.0)
(417.0,417.0)
(417.0,417.0)
(417.0,417.0)
(417.0,417.0)
(417.0,417.0)
(417.0,417.0)
(417.0,417.0)
(417.0,417.0)
(417.0,417.0)
(417.0,417.0)
(417.0,417.0)
(417.0,417.0)
(417.0,417.0)
(417.0,417.0)
(417.0,417.0)
(417.0,417.0)
(412.0,417.0)
(417.0,417.0)
(417.0,417.0)
(417.0,417.0)
(417.0,417.0)
(417.0,417.0)
(417.0,417.0)
(417.0,417.0)
(417.0,417.0)
(417.0,417.0)
(417.0,417.0)
(417.0,417.0)
(417.0,417.0)
(405.0,417.0)
(417.0,417.0)
(417.0,417.0)
(417.0,417.0)
(784.0,782.0)
(423.0,782.0)
(403.0,782.0)
(421.0,782.0)
(413.0,782.0)
(404.0,782.0)
(417.0,782.0)
(404.0,782.0)
(404.0,782.0)
(403.0,782.0)
(404.0,782.0)
(377.0,782.0)
(423.0,782.0)
(757.0,782.0)
(404.0,782.0)
(404.0,782.0)
(804.0,782.0)
(404.0,782.0)
(784.0,782.0)
(377.0,782.0)
(756.0,782.0)
(404.0,782.0)
(790.0,782.0)
(784.0,782.0)
(784.0,782.0)
(423.0,782.0)
(784.0,782.0)
(784.0,782.0)
(403.0,782.0)
(413.0,782.0)
(403.0,782.0)
(403.0,782.0)
(413.0,782.0)
(417.0,782.0)
(404.0,782.0)
(784.0,782.0)
(417.0,782.0)
(404.0,782.0)
(784.0,782.0)
(404.0,782.0)
(790.0,782.0)
(784.0,782.0)
(403.0,782.0)
(403.0,782.0)
(404.0,782.0)
(435.0,782.0)
(377.0,782.0)
(433.0,782.0)
(403.0,782.0)
(784.0,782.0)
(417.0,782.0)
(404.0,782.0)
(403.0,782.0)
(402.0,782.0)
(403.0,782.0)
(784.0,782.0)
(404.0,782.0)
(386.0,782.0)
(784.0,782.0)
(403.0,782.0)
(409.0,782.0)
(757.0,782.0)
(404.0,782.0)
(398.0,782.0)
(406.0,782.0)
(784.0,782.0)
(403.0,782.0)
(404.0,782.0)
(767.0,782.0)
(767.0,782.0)
(790.0,782.0)
(402.0,782.0)
(789.0,782.0)
(784.0,782.0)
(404.0,782.0)
(767.0,782.0)
(459.0,782.0)
(784.0,782.0)
(784.0,782.0)
(789.0,782.0)
(403.0,782.0)
(784.0,782.0)
(784.0,782.0)
(404.0,782.0)
(479.0,782.0)
(404.0,782.0)
(789.0,782.0)
(401.0,782.0)
(784.0,782.0)
(417.0,782.0)
(423.0,782.0)
(784.0,782.0)
(784.0,782.0)
(413.0,782.0)
(784.0,782.0)
(404.0,782.0)
(784.0,782.0)
(403.0,782.0)
(404.0,782.0)
(756.0,782.0)
(403.0,782.0)
(413.0,782.0)
(377.0,782.0)
(402.0,782.0)
(417.0,782.0)
(784.0,782.0)
(404.0,782.0)
(767.0,782.0)
(461.0,782.0)
(417.0,782.0)
(804.0,782.0)
(784.0,782.0)
(404.0,782.0)
(463.0,782.0)
(403.0,782.0)
(403.0,782.0)
(767.0,782.0)
(459.0,782.0)
(403.0,782.0)
(423.0,782.0)
(404.0,782.0)
(784.0,782.0)
(403.0,782.0)
(417.0,782.0)
(404.0,782.0)
(435.0,782.0)
(435.0,782.0)
(784.0,782.0)
(790.0,782.0)
(403.0,782.0)
(790.0,782.0)
(413.0,782.0)
(434.0,782.0)
(371.0,782.0)
(413.0,782.0)
(404.0,782.0)
(433.0,782.0)
(403.0,782.0)
(417.0,782.0)
(404.0,782.0)
(789.0,782.0)
(401.0,782.0)
(784.0,782.0)
(435.0,782.0)
(413.0,782.0)
(417.0,782.0)
(403.0,782.0)
(404.0,782.0)
(401.0,782.0)
(784.0,782.0)
(417.0,782.0)
(403.0,782.0)
(767.0,782.0)
(417.0,782.0)
(404.0,782.0)
(406.0,782.0)
(417.0,782.0)
(403.0,782.0)
(784.0,782.0)
(756.0,782.0)
(413.0,782.0)
(784.0,782.0)
(409.0,782.0)
(784.0,782.0)
(784.0,782.0)
(404.0,782.0)
(784.0,782.0)
(784.0,782.0)
(412.0,782.0)
(404.0,782.0)
(784.0,782.0)
(423.0,782.0)
(371.0,782.0)
(403.0,782.0)
(410.0,782.0)
(406.0,782.0)
(413.0,782.0)
(404.0,782.0)
(402.0,782.0)
(423.0,782.0)
(404.0,782.0)
(402.0,782.0)
(767.0,782.0)
(417.0,782.0)
(423.0,782.0)
(398.0,782.0)
(406.0,782.0)
(784.0,782.0)
(417.0,782.0)
(483.0,782.0)
(417.0,782.0)
(417.0,782.0)
(423.0,782.0)
(790.0,782.0)
(767.0,782.0)
(417.0,782.0)
(790.0,782.0)
(423.0,782.0)
(767.0,782.0)
(401.0,782.0)
(430.0,782.0)
(417.0,782.0)
(459.0,782.0)
(413.0,782.0)
(413.0,782.0)
(423.0,782.0)
(402.0,782.0)
(409.0,782.0)
(386.0,782.0)
(417.0,782.0)
(790.0,782.0)
(423.0,782.0)
(430.0,782.0)
(434.0,782.0)
(417.0,782.0)
(789.0,782.0)
(789.0,782.0)
(403.0,782.0)
(789.0,782.0)
(409.0,782.0)
(413.0,782.0)
(421.0,782.0)
(789.0,782.0)
(430.0,782.0)
(430.0,782.0)
(403.0,782.0)
(413.0,782.0)
(417.0,782.0)
(412.0,782.0)
(417.0,782.0)
(413.0,782.0)
(423.0,782.0)
(430.0,782.0)
(782.0,782.0)
(423.0,782.0)
(409.0,782.0)
(417.0,782.0)
(424.0,782.0)
(412.0,782.0)
(417.0,782.0)
(430.0,782.0)
(790.0,782.0)
(403.0,782.0)
(417.0,782.0)
(423.0,782.0)
(367.0,782.0)
(784.0,782.0)
(430.0,782.0)
(409.0,782.0)
(430.0,782.0)
(413.0,782.0)
(430.0,782.0)
(417.0,782.0)
(367.0,782.0)
(790.0,782.0)
(406.0,782.0)
(417.0,782.0)
(786.0,782.0)
(417.0,782.0)
(417.0,782.0)
(417.0,782.0)
(789.0,782.0)
(430.0,782.0)
(412.0,782.0)
(417.0,782.0)
(403.0,782.0)
(403.0,782.0)
(430.0,782.0)
(417.0,782.0)
(394.0,782.0)
(412.0,782.0)
(423.0,782.0)
(789.0,782.0)
(430.0,782.0)
(471.0,782.0)
(790.0,782.0)
(424.0,782.0)
(430.0,782.0)
(417.0,782.0)
(417.0,782.0)
(403.0,782.0)
(412.0,782.0)
(412.0,782.0)
(434.0,782.0)
(417.0,782.0)
(430.0,782.0)
(417.0,782.0)
(402.0,782.0)
(789.0,782.0)
(423.0,782.0)
(379.0,782.0)
(455.0,782.0)
(403.0,782.0)
(409.0,782.0)
(789.0,782.0)
(412.0,782.0)
(767.0,782.0)
(417.0,782.0)
(406.0,782.0)
(417.0,782.0)
(434.0,782.0)
(789.0,782.0)
(412.0,782.0)
(417.0,782.0)
(409.0,782.0)
(430.0,782.0)
(417.0,782.0)
(417.0,782.0)
(430.0,782.0)
(403.0,782.0)
(403.0,782.0)
(412.0,782.0)
(417.0,782.0)
(403.0,782.0)
(770.0,782.0)
(423.0,782.0)
(423.0,782.0)
(417.0,782.0)
(416.0,782.0)
(417.0,782.0)
(417.0,782.0)
(413.0,782.0)
(757.0,782.0)
(789.0,782.0)
(789.0,782.0)
(386.0,782.0)
(401.0,782.0)
(430.0,782.0)
(771.0,782.0)
(413.0,782.0)
(416.0,782.0)
(377.0,782.0)
(423.0,782.0)
(417.0,782.0)
(430.0,782.0)
(403.0,782.0)
(782.0,782.0)
(435.0,782.0)
(430.0,782.0)
(417.0,782.0)
(417.0,782.0)
(417.0,782.0)
(386.0,782.0)
(409.0,782.0)
(403.0,782.0)
(430.0,782.0)
(789.0,782.0)
(430.0,782.0)
(430.0,782.0)
(417.0,782.0)
(403.0,782.0)
(417.0,782.0)
(409.0,782.0)
(423.0,782.0)
(790.0,782.0)
(757.0,782.0)
(417.0,782.0)
(417.0,782.0)
(413.0,782.0)
(412.0,782.0)
(409.0,782.0)
(409.0,782.0)
(455.0,782.0)
(430.0,782.0)
(417.0,782.0)
(434.0,782.0)
(430.0,782.0)
(434.0,782.0)
(403.0,782.0)
(402.0,782.0)
(423.0,782.0)
(412.0,782.0)
(424.0,782.0)
(413.0,782.0)
(459.0,782.0)
(423.0,782.0)
(789.0,782.0)
(423.0,782.0)
(423.0,783.0)
(409.0,783.0)
(423.0,783.0)
(430.0,783.0)
(389.0,783.0)
(402.0,783.0)
(387.0,783.0)
(423.0,783.0)
(438.0,783.0)
(438.0,783.0)
(387.0,783.0)
(409.0,783.0)
(386.0,783.0)
(421.0,783.0)
(423.0,783.0)
(782.0,783.0)
(464.0,783.0)
(387.0,783.0)
(403.0,783.0)
(389.0,783.0)
(423.0,783.0)
(391.0,783.0)
(430.0,783.0)
(412.0,783.0)
(423.0,783.0)
(438.0,783.0)
(438.0,783.0)
(438.0,783.0)
(386.0,783.0)
(461.0,783.0)
(782.0,783.0)
(402.0,783.0)
(438.0,783.0)
(438.0,783.0)
(784.0,783.0)
(438.0,783.0)
(434.0,783.0)
(438.0,783.0)
(423.0,783.0)
(430.0,783.0)
(438.0,783.0)
(424.0,783.0)
(423.0,783.0)
(434.0,783.0)
(423.0,783.0)
(438.0,783.0)
(386.0,783.0)
(424.0,783.0)
(39.0,783.0)
(387.0,783.0)
(403.0,783.0)
(424.0,783.0)
(387.0,783.0)
(438.0,783.0)
(438.0,783.0)
(423.0,783.0)
(438.0,783.0)
(782.0,783.0)
(438.0,783.0)
(412.0,783.0)
(434.0,783.0)
(398.0,783.0)
(386.0,783.0)
(403.0,783.0)
(438.0,783.0)
(483.0,783.0)
(438.0,783.0)
(423.0,783.0)
(438.0,783.0)
(438.0,783.0)
(430.0,783.0)
(402.0,783.0)
(423.0,783.0)
(757.0,783.0)
(417.0,783.0)
(423.0,783.0)
(386.0,783.0)
(387.0,783.0)
(387.0,783.0)
(430.0,783.0)
(438.0,783.0)
(402.0,783.0)
(387.0,783.0)
(423.0,783.0)
(424.0,783.0)
(402.0,783.0)
(416.0,783.0)
(402.0,783.0)
(412.0,783.0)
(423.0,783.0)
(389.0,783.0)
(438.0,783.0)
(423.0,783.0)
(438.0,783.0)
(403.0,783.0)
(757.0,783.0)
(461.0,783.0)
(400.0,783.0)
(438.0,783.0)
(438.0,783.0)
(430.0,783.0)
(409.0,783.0)
(479.0,783.0)
(430.0,783.0)
(423.0,783.0)
(412.0,783.0)
(423.0,783.0)
(438.0,783.0)
(402.0,783.0)
(438.0,783.0)
(414.0,783.0)
(423.0,783.0)
(387.0,783.0)
(429.0,783.0)
(438.0,783.0)
(438.0,783.0)
(438.0,783.0)
(741.0,783.0)
(424.0,783.0)
(438.0,783.0)
(417.0,783.0)
(402.0,783.0)
(387.0,783.0)
(417.0,783.0)
(424.0,783.0)
(412.0,783.0)
(387.0,783.0)
(430.0,783.0)
(423.0,783.0)
(423.0,783.0)
(438.0,783.0)
(438.0,783.0)
(387.0,783.0)
(438.0,783.0)
(771.0,783.0)
(389.0,783.0)
(438.0,783.0)
(438.0,783.0)
(387.0,783.0)
(423.0,783.0)
(438.0,783.0)
(438.0,783.0)
(423.0,783.0)
(438.0,783.0)
(402.0,783.0)
(438.0,783.0)
(409.0,783.0)
(423.0,783.0)
(387.0,783.0)
(402.0,783.0)
(387.0,783.0)
(416.0,783.0)
(400.0,783.0)
(461.0,783.0)
(417.0,783.0)
(387.0,783.0)
(438.0,783.0)
(430.0,783.0)
(438.0,783.0)
(438.0,783.0)
(389.0,783.0)
(438.0,783.0)
(399.0,783.0)
(430.0,783.0)
(414.0,783.0)
(402.0,783.0)
(403.0,783.0)
(438.0,783.0)
(386.0,783.0)
(438.0,783.0)
(402.0,783.0)
(424.0,783.0)
(438.0,783.0)
(438.0,783.0)
(409.0,783.0)
(757.0,783.0)
(424.0,783.0)
(438.0,783.0)
(387.0,783.0)
(398.0,783.0)
(403.0,783.0)
(402.0,783.0)
(417.0,783.0)
(403.0,783.0)
(402.0,783.0)
(423.0,783.0)
(461.0,783.0)
(438.0,783.0)
(782.0,783.0)
(771.0,783.0)
(438.0,783.0)
(438.0,783.0)
(424.0,783.0)
(409.0,783.0)
(386.0,783.0)
(763.0,783.0)
(438.0,783.0)
(399.0,783.0)
(399.0,783.0)
(438.0,783.0)
(409.0,783.0)
(763.0,783.0)
(402.0,783.0)
(389.0,783.0)
(388.0,783.0)
(399.0,783.0)
(389.0,783.0)
(388.0,783.0)
(771.0,783.0)
(466.0,783.0)
(466.0,783.0)
(763.0,783.0)
(438.0,783.0)
(386.0,783.0)
(438.0,783.0)
(381.0,783.0)
(386.0,783.0)
(763.0,783.0)
(763.0,783.0)
(417.0,783.0)
(763.0,783.0)
(763.0,783.0)
(763.0,783.0)
(388.0,783.0)
(763.0,783.0)
(386.0,783.0)
(391.0,783.0)
(386.0,783.0)
(388.0,783.0)
(403.0,783.0)
(438.0,783.0)
(438.0,783.0)
(399.0,783.0)
(388.0,783.0)
(386.0,783.0)
(403.0,783.0)
(421.0,783.0)
(440.0,783.0)
(402.0,783.0)
(461.0,783.0)
(424.0,783.0)
(466.0,783.0)
(388.0,783.0)
(388.0,783.0)
(387.0,783.0)
(388.0,783.0)
(389.0,783.0)
(436.0,783.0)
(399.0,783.0)
(438.0,783.0)
(409.0,783.0)
(798.0,783.0)
(438.0,783.0)
(386.0,783.0)
(398.0,783.0)
(763.0,783.0)
(438.0,783.0)
(438.0,783.0)
(424.0,783.0)
(386.0,783.0)
(438.0,783.0)
(438.0,783.0)
(763.0,783.0)
(398.0,783.0)
(386.0,783.0)
(438.0,783.0)
(763.0,783.0)
(438.0,783.0)
(399.0,783.0)
(438.0,783.0)
(386.0,783.0)
(386.0,783.0)
(409.0,783.0)
(386.0,783.0)
(399.0,783.0)
(759.0,783.0)
(386.0,783.0)
(398.0,783.0)
(409.0,783.0)
(438.0,783.0)
(438.0,783.0)
(409.0,783.0)
(430.0,783.0)
(763.0,783.0)
(386.0,783.0)
(400.0,783.0)
(386.0,783.0)
(438.0,783.0)
(438.0,783.0)
(398.0,783.0)
(398.0,783.0)
(438.0,783.0)
(438.0,783.0)
(438.0,783.0)
(402.0,783.0)
(386.0,783.0)
(399.0,783.0)
(763.0,783.0)
(386.0,783.0)
(399.0,783.0)
(438.0,783.0)
(448.0,783.0)
(460.0,783.0)
(744.0,783.0)
(399.0,783.0)
(438.0,783.0)
(438.0,783.0)
(399.0,783.0)
(763.0,783.0)
(443.0,783.0)
(483.0,783.0)
(438.0,783.0)
(438.0,783.0)
(763.0,783.0)
(438.0,783.0)
(438.0,783.0)
(424.0,783.0)
(438.0,783.0)
(409.0,783.0)
(741.0,783.0)
(460.0,783.0)
(438.0,783.0)
(399.0,783.0)
(403.0,783.0)
(438.0,783.0)
(387.0,783.0)
(438.0,783.0)
(438.0,783.0)
(386.0,783.0)
(466.0,783.0)
(438.0,783.0)
(763.0,783.0)
(398.0,783.0)
(759.0,783.0)
(403.0,783.0)
(399.0,783.0)
(387.0,783.0)
(388.0,783.0)
(386.0,783.0)
(386.0,783.0)
(387.0,783.0)
(409.0,783.0)
(399.0,783.0)
(438.0,783.0)
(388.0,783.0)
(398.0,783.0)
(424.0,783.0)
(409.0,783.0)
(782.0,783.0)
(399.0,783.0)
(763.0,783.0)
(438.0,783.0)
(403.0,783.0)
(402.0,783.0)
(388.0,783.0)
(399.0,783.0)
(460.0,783.0)
(438.0,783.0)
(438.0,783.0)
(759.0,783.0)
(438.0,783.0)
(399.0,783.0)
(402.0,783.0)
(409.0,783.0)
(412.0,783.0)
(438.0,783.0)
(398.0,783.0)
(399.0,783.0)
(416.0,783.0)
(443.0,783.0)
(438.0,783.0)
(758.0,783.0)
(763.0,783.0)
(438.0,783.0)
(386.0,783.0)
(381.0,783.0)
(399.0,783.0)
(438.0,783.0)
(763.0,783.0)
(388.0,783.0)
(763.0,783.0)
(409.0,783.0)
(386.0,783.0)
(763.0,783.0)
(417.0,783.0)
(417.0,783.0)
(784.0,783.0)
(386.0,783.0)
(784.0,783.0)
(417.0,783.0)
(784.0,783.0)
(417.0,783.0)
(417.0,783.0)
(417.0,783.0)
(417.0,783.0)
(784.0,783.0)
(387.0,783.0)
(417.0,783.0)
(417.0,783.0)
(386.0,783.0)
(386.0,783.0)
(417.0,783.0)
(417.0,783.0)
(417.0,783.0)
(417.0,783.0)
(386.0,783.0)
(417.0,783.0)
(417.0,783.0)
(417.0,783.0)
(417.0,783.0)
(417.0,783.0)
(417.0,783.0)
(417.0,783.0)
(386.0,783.0)
(417.0,783.0)
(784.0,783.0)
(387.0,783.0)
(417.0,783.0)
(417.0,783.0)
(784.0,783.0)
(417.0,783.0)
(417.0,783.0)
(417.0,783.0)
(417.0,783.0)
(784.0,783.0)
(417.0,783.0)
(417.0,783.0)
(417.0,783.0)
(386.0,783.0)
(784.0,783.0)
(417.0,783.0)
(417.0,783.0)
(417.0,783.0)
(417.0,783.0)
(417.0,783.0)
(417.0,783.0)
(784.0,783.0)
(417.0,783.0)
(417.0,783.0)
(417.0,783.0)
(417.0,783.0)
(417.0,783.0)
(417.0,783.0)
(417.0,783.0)
(417.0,783.0)
(417.0,783.0)
(417.0,783.0)
(417.0,783.0)
(417.0,783.0)
(417.0,783.0)
(386.0,783.0)
(784.0,783.0)
(386.0,783.0)
(784.0,783.0)
(417.0,783.0)
(386.0,783.0)
(784.0,783.0)
(417.0,783.0)
(784.0,783.0)
(784.0,783.0)
(417.0,783.0)
(417.0,783.0)
(417.0,783.0)
(784.0,783.0)
(784.0,783.0)
(417.0,783.0)
(417.0,783.0)
(417.0,783.0)
(417.0,783.0)
(386.0,783.0)
(417.0,783.0)
(417.0,783.0)
(417.0,783.0)
(417.0,783.0)
(417.0,783.0)
(417.0,783.0)
(417.0,783.0)
(417.0,783.0)
(387.0,783.0)
(417.0,783.0)
(386.0,783.0)
(417.0,783.0)
(417.0,783.0)
(784.0,783.0)
(784.0,783.0)
(417.0,783.0)
(417.0,783.0)
(417.0,783.0)
(417.0,783.0)
(417.0,783.0)
(417.0,783.0)
(417.0,783.0)
(417.0,783.0)
(784.0,783.0)
(784.0,783.0)
(784.0,783.0)
(417.0,783.0)
(417.0,783.0)
(784.0,783.0)
(387.0,783.0)
(417.0,783.0)
(784.0,783.0)
(784.0,783.0)
(417.0,783.0)
(417.0,783.0)
(784.0,783.0)
(386.0,783.0)
(417.0,783.0)
(417.0,783.0)
(784.0,783.0)
(386.0,783.0)
(386.0,783.0)
(417.0,783.0)
(386.0,783.0)
(417.0,783.0)
(784.0,783.0)
(417.0,783.0)
(417.0,783.0)
(386.0,783.0)
(784.0,783.0)
(784.0,783.0)
(387.0,783.0)
(417.0,783.0)
(417.0,783.0)
(417.0,783.0)
(386.0,783.0)
(387.0,783.0)
(386.0,783.0)
(417.0,783.0)
(417.0,783.0)
(417.0,783.0)
(784.0,783.0)
(417.0,783.0)
(417.0,783.0)
(417.0,783.0)
(784.0,783.0)
(387.0,783.0)
(417.0,783.0)
(409.0,783.0)
(417.0,783.0)
(386.0,783.0)
(417.0,783.0)
(417.0,783.0)
(386.0,783.0)
(784.0,783.0)
(417.0,783.0)
(417.0,783.0)
(784.0,783.0)
(417.0,783.0)
(417.0,783.0)
(417.0,783.0)
(417.0,783.0)
(417.0,783.0)
(417.0,783.0)
(417.0,783.0)
(417.0,783.0)
(417.0,783.0)
(417.0,783.0)
(417.0,783.0)
(417.0,783.0)
(417.0,783.0)
(417.0,783.0)
(417.0,783.0)
(417.0,783.0)
(417.0,783.0)
(417.0,783.0)
(784.0,783.0)
(417.0,783.0)
(386.0,783.0)
(417.0,783.0)
(417.0,783.0)
(784.0,783.0)
(417.0,783.0)
(386.0,783.0)
(417.0,783.0)
(417.0,783.0)
(386.0,783.0)
(784.0,783.0)
(417.0,783.0)
(386.0,783.0)
(386.0,783.0)
(417.0,783.0)
(409.0,783.0)
(417.0,783.0)
(424.0,783.0)
(445.0,783.0)
(424.0,783.0)
(403.0,783.0)
(416.0,783.0)
(391.0,783.0)
(399.0,783.0)
(438.0,783.0)
(423.0,783.0)
(402.0,783.0)
(414.0,783.0)
(445.0,783.0)
(403.0,783.0)
(386.0,783.0)
(387.0,783.0)
(461.0,783.0)
(430.0,783.0)
(438.0,783.0)
(756.0,783.0)
(438.0,783.0)
(448.0,783.0)
(756.0,783.0)
(410.0,783.0)
(434.0,783.0)
(438.0,783.0)
(424.0,783.0)
(403.0,783.0)
(423.0,783.0)
(438.0,783.0)
(438.0,783.0)
(410.0,783.0)
(782.0,783.0)
(434.0,783.0)
(438.0,783.0)
(402.0,783.0)
(403.0,783.0)
(402.0,783.0)
(402.0,783.0)
(410.0,783.0)
(782.0,783.0)
(767.0,783.0)
(438.0,783.0)
(423.0,783.0)
(403.0,783.0)
(414.0,783.0)
(387.0,783.0)
(802.0,783.0)
(403.0,783.0)
(438.0,783.0)
(389.0,783.0)
(430.0,783.0)
(402.0,783.0)
(409.0,783.0)
(430.0,783.0)
(438.0,783.0)
(387.0,783.0)
(438.0,783.0)
(438.0,783.0)
(430.0,783.0)
(430.0,783.0)
(423.0,783.0)
(402.0,783.0)
(438.0,783.0)
(438.0,783.0)
(387.0,783.0)
(412.0,783.0)
(379.0,783.0)
(421.0,783.0)
(438.0,783.0)
(757.0,783.0)
(402.0,783.0)
(403.0,783.0)
(410.0,783.0)
(430.0,783.0)
(412.0,783.0)
(438.0,783.0)
(438.0,783.0)
(424.0,783.0)
(387.0,783.0)
(423.0,783.0)
(430.0,783.0)
(756.0,783.0)
(402.0,783.0)
(402.0,783.0)
(423.0,783.0)
(445.0,783.0)
(438.0,783.0)
(403.0,783.0)
(438.0,783.0)
(410.0,783.0)
(387.0,783.0)
(387.0,783.0)
(448.0,783.0)
(403.0,783.0)
(438.0,783.0)
(424.0,783.0)
(756.0,783.0)
(410.0,783.0)
(423.0,783.0)
(387.0,783.0)
(386.0,783.0)
(381.0,783.0)
(438.0,783.0)
(423.0,783.0)
(387.0,783.0)
(423.0,783.0)
(430.0,783.0)
(423.0,783.0)
(417.0,783.0)
(424.0,783.0)
(416.0,783.0)
(438.0,783.0)
(399.0,783.0)
(438.0,783.0)
(409.0,783.0)
(424.0,783.0)
(403.0,783.0)
(430.0,783.0)
(423.0,783.0)
(438.0,783.0)
(782.0,783.0)
(386.0,783.0)
(402.0,783.0)
(438.0,783.0)
(387.0,783.0)
(438.0,783.0)
(402.0,783.0)
(399.0,783.0)
(387.0,783.0)
(438.0,783.0)
(416.0,783.0)
(430.0,783.0)
(402.0,783.0)
(430.0,783.0)
(387.0,783.0)
(782.0,783.0)
(386.0,783.0)
(423.0,783.0)
(402.0,783.0)
(461.0,783.0)
(403.0,783.0)
(387.0,783.0)
(430.0,783.0)
(402.0,783.0)
(448.0,783.0)
(434.0,783.0)
(409.0,783.0)
(414.0,783.0)
(445.0,783.0)
(434.0,783.0)
(402.0,783.0)
(403.0,783.0)
(464.0,783.0)
(459.0,783.0)
(423.0,783.0)
(430.0,783.0)
(430.0,783.0)
(402.0,783.0)
(386.0,783.0)
(438.0,783.0)
(409.0,783.0)
(403.0,783.0)
(423.0,783.0)
(424.0,783.0)
(438.0,783.0)
(399.0,783.0)
(438.0,783.0)
(423.0,783.0)
(403.0,783.0)
(438.0,783.0)
(430.0,783.0)
(461.0,783.0)
(387.0,783.0)
(416.0,783.0)
(409.0,783.0)
(430.0,783.0)
(434.0,783.0)
(782.0,783.0)
(430.0,783.0)
(423.0,783.0)
(412.0,783.0)
(434.0,783.0)
(387.0,783.0)
(430.0,783.0)
(430.0,783.0)
(424.0,783.0)
(387.0,783.0)
(399.0,783.0)
(423.0,783.0)
(430.0,783.0)
(423.0,783.0)
(417.0,783.0)
(434.0,783.0)
(391.0,783.0)
(784.0,784.0)
(784.0,784.0)
(404.0,784.0)
(784.0,784.0)
(784.0,784.0)
(784.0,784.0)
(784.0,784.0)
(784.0,784.0)
(404.0,784.0)
(784.0,784.0)
(784.0,784.0)
(784.0,784.0)
(784.0,784.0)
(784.0,784.0)
(784.0,784.0)
(784.0,784.0)
(784.0,784.0)
(455.0,784.0)
(365.0,784.0)
(784.0,784.0)
(784.0,784.0)
(784.0,784.0)
(784.0,784.0)
(784.0,784.0)
(784.0,784.0)
(404.0,784.0)
(404.0,784.0)
(784.0,784.0)
(784.0,784.0)
(784.0,784.0)
(784.0,784.0)
(784.0,784.0)
(784.0,784.0)
(784.0,784.0)
(784.0,784.0)
(784.0,784.0)
(784.0,784.0)
(784.0,784.0)
(784.0,784.0)
(784.0,784.0)
(784.0,784.0)
(784.0,784.0)
(784.0,784.0)
(784.0,784.0)
(784.0,784.0)
(784.0,784.0)
(784.0,784.0)
(784.0,784.0)
(404.0,784.0)
(417.0,784.0)
(784.0,784.0)
(784.0,784.0)
(784.0,784.0)
(784.0,784.0)
(784.0,784.0)
(784.0,784.0)
(417.0,784.0)
(784.0,784.0)
(784.0,784.0)
(784.0,784.0)
(430.0,784.0)
(784.0,784.0)
(784.0,784.0)
(784.0,784.0)
(413.0,784.0)
(784.0,784.0)
(784.0,784.0)
(784.0,784.0)
(435.0,784.0)
(404.0,784.0)
(404.0,784.0)
(784.0,784.0)
(784.0,784.0)
(784.0,784.0)
(784.0,784.0)
(784.0,784.0)
(784.0,784.0)
(784.0,784.0)
(784.0,784.0)
(784.0,784.0)
(404.0,784.0)
(784.0,784.0)
(404.0,784.0)
(413.0,784.0)
(413.0,784.0)
(413.0,784.0)
(784.0,784.0)
(784.0,784.0)
(784.0,784.0)
(784.0,784.0)
(784.0,784.0)
(784.0,784.0)
(404.0,784.0)
(784.0,784.0)
(784.0,784.0)
(784.0,784.0)
(784.0,784.0)
(404.0,784.0)
(784.0,784.0)
(784.0,784.0)
(784.0,784.0)
(784.0,784.0)
(784.0,784.0)
(413.0,784.0)
(404.0,784.0)
(784.0,784.0)
(784.0,784.0)
(784.0,784.0)
(784.0,784.0)
(784.0,784.0)
(784.0,784.0)
(413.0,784.0)
(784.0,784.0)
(784.0,784.0)
(784.0,784.0)
(784.0,784.0)
(413.0,784.0)
(784.0,784.0)
(784.0,784.0)
(413.0,784.0)
(413.0,784.0)
(784.0,784.0)
(784.0,784.0)
(413.0,784.0)
(430.0,784.0)
(404.0,784.0)
(784.0,784.0)
(784.0,784.0)
(784.0,784.0)
(784.0,784.0)
(404.0,784.0)
(784.0,784.0)
(784.0,784.0)
(784.0,784.0)
(784.0,784.0)
(784.0,784.0)
(784.0,784.0)
(404.0,784.0)
(784.0,784.0)
(404.0,784.0)
(784.0,784.0)
(404.0,784.0)
(784.0,784.0)
(784.0,784.0)
(404.0,784.0)
(404.0,784.0)
(784.0,784.0)
(784.0,784.0)
(404.0,784.0)
(784.0,784.0)
(784.0,784.0)
(784.0,784.0)
(784.0,784.0)
(413.0,784.0)
(784.0,784.0)
(784.0,784.0)
(784.0,784.0)
(784.0,784.0)
(784.0,784.0)
(784.0,784.0)
(404.0,784.0)
(784.0,784.0)
(784.0,784.0)
(784.0,784.0)
(404.0,784.0)
(784.0,784.0)
(784.0,784.0)
(784.0,784.0)
(404.0,784.0)
(784.0,784.0)
(784.0,784.0)
(784.0,784.0)
(784.0,784.0)
(417.0,784.0)
(784.0,784.0)
(784.0,784.0)
(784.0,784.0)
(784.0,784.0)
(784.0,784.0)
(784.0,784.0)
(784.0,784.0)
(784.0,784.0)
(404.0,784.0)
(784.0,784.0)
(784.0,784.0)
(784.0,784.0)
(784.0,784.0)
(784.0,784.0)
(784.0,784.0)
(784.0,784.0)
(784.0,784.0)
(784.0,784.0)
(404.0,784.0)
(784.0,784.0)
(417.0,784.0)
(784.0,784.0)
(784.0,784.0)
(784.0,784.0)
(784.0,784.0)
(417.0,784.0)
(784.0,784.0)
(784.0,784.0)
(784.0,784.0)
(786.0,784.0)
(784.0,784.0)
(784.0,784.0)
(417.0,784.0)
(430.0,784.0)
(404.0,784.0)
(404.0,784.0)
(784.0,784.0)
(413.0,784.0)
(784.0,784.0)
(784.0,784.0)
(784.0,784.0)
(430.0,784.0)
(784.0,784.0)
(784.0,784.0)
(784.0,784.0)
(784.0,784.0)
(784.0,784.0)
(784.0,784.0)
(784.0,784.0)
(423.0,784.0)
(413.0,784.0)
(404.0,784.0)
(413.0,784.0)
(784.0,784.0)
(784.0,784.0)
(413.0,784.0)
(784.0,784.0)
(784.0,784.0)
(784.0,784.0)
(784.0,784.0)
(404.0,784.0)
(784.0,784.0)
(784.0,784.0)
(404.0,784.0)
(789.0,784.0)
(784.0,784.0)
(784.0,784.0)
(784.0,784.0)
(413.0,784.0)
(784.0,784.0)
(784.0,784.0)
(784.0,784.0)
(784.0,784.0)
(422.0,784.0)
(784.0,784.0)
(386.0,784.0)
(404.0,784.0)
(784.0,784.0)
(423.0,784.0)
(784.0,784.0)
(404.0,784.0)
(787.0,784.0)
(784.0,784.0)
(430.0,784.0)
(784.0,784.0)
(784.0,784.0)
(784.0,784.0)
(413.0,784.0)
(404.0,784.0)
(784.0,784.0)
(404.0,784.0)
(784.0,784.0)
(784.0,784.0)
(784.0,784.0)
(784.0,784.0)
(784.0,784.0)
(413.0,784.0)
(404.0,784.0)
(430.0,784.0)
(784.0,784.0)
(784.0,784.0)
(417.0,784.0)
(404.0,784.0)
(784.0,784.0)
(784.0,784.0)
(404.0,784.0)
(784.0,784.0)
(784.0,784.0)
(784.0,784.0)
(784.0,784.0)
(784.0,784.0)
(784.0,784.0)
(784.0,784.0)
(784.0,784.0)
(784.0,784.0)
(404.0,784.0)
(784.0,784.0)
(787.0,784.0)
(387.0,784.0)
(784.0,784.0)
(404.0,784.0)
(784.0,784.0)
(784.0,784.0)
(784.0,784.0)
(784.0,784.0)
(784.0,784.0)
(784.0,784.0)
(784.0,784.0)
(430.0,784.0)
(784.0,784.0)
(784.0,784.0)
(404.0,784.0)
(784.0,784.0)
(784.0,784.0)
(784.0,784.0)
(784.0,784.0)
(784.0,784.0)
(784.0,784.0)
(784.0,784.0)
(784.0,784.0)
(413.0,784.0)
(784.0,784.0)
(784.0,784.0)
(784.0,784.0)
(784.0,784.0)
(404.0,784.0)
(404.0,784.0)
(784.0,784.0)
(784.0,784.0)
(784.0,784.0)
(784.0,784.0)
(784.0,784.0)
(784.0,784.0)
(784.0,784.0)
(404.0,784.0)
(784.0,784.0)
(784.0,784.0)
(404.0,784.0)
(784.0,784.0)
(784.0,784.0)
(784.0,784.0)
(784.0,784.0)
(784.0,784.0)
(404.0,784.0)
(784.0,784.0)
(784.0,784.0)
(455.0,784.0)
(784.0,784.0)
(784.0,784.0)
(784.0,784.0)
(784.0,784.0)
(784.0,784.0)
(413.0,784.0)
(784.0,784.0)
(784.0,784.0)
(784.0,784.0)
(404.0,784.0)
(404.0,784.0)
(784.0,784.0)
(404.0,784.0)
(784.0,784.0)
(784.0,784.0)
(430.0,784.0)
(413.0,784.0)
(417.0,784.0)
(784.0,784.0)
(784.0,784.0)
(404.0,784.0)
(784.0,784.0)
(784.0,784.0)
(784.0,784.0)
(784.0,784.0)
(784.0,784.0)
(784.0,784.0)
(784.0,784.0)
(404.0,784.0)
(417.0,784.0)
(784.0,784.0)
(413.0,784.0)
(784.0,784.0)
(404.0,784.0)
(784.0,784.0)
(479.0,784.0)
(784.0,784.0)
(784.0,784.0)
(784.0,784.0)
(784.0,784.0)
(784.0,784.0)
(784.0,784.0)
(784.0,784.0)
(784.0,784.0)
(784.0,784.0)
(404.0,784.0)
(404.0,784.0)
(784.0,784.0)
(784.0,784.0)
(404.0,784.0)
(784.0,784.0)
(784.0,784.0)
(417.0,784.0)
(417.0,784.0)
(417.0,784.0)
(417.0,784.0)
(417.0,784.0)
(417.0,784.0)
(413.0,784.0)
(417.0,784.0)
(413.0,784.0)
(417.0,784.0)
(417.0,784.0)
(413.0,784.0)
(417.0,784.0)
(417.0,784.0)
(413.0,784.0)
(417.0,784.0)
(413.0,784.0)
(417.0,784.0)
(413.0,784.0)
(417.0,784.0)
(413.0,784.0)
(417.0,784.0)
(417.0,784.0)
(455.0,784.0)
(417.0,784.0)
(413.0,784.0)
(415.0,784.0)
(789.0,784.0)
(413.0,784.0)
(789.0,784.0)
(417.0,784.0)
(413.0,784.0)
(415.0,784.0)
(413.0,784.0)
(413.0,784.0)
(786.0,784.0)
(789.0,784.0)
(789.0,784.0)
(789.0,784.0)
(413.0,784.0)
(417.0,784.0)
(786.0,784.0)
(417.0,784.0)
(417.0,784.0)
(386.0,784.0)
(417.0,784.0)
(413.0,784.0)
(417.0,784.0)
(413.0,784.0)
(789.0,784.0)
(412.0,784.0)
(417.0,784.0)
(413.0,784.0)
(413.0,784.0)
(413.0,784.0)
(789.0,784.0)
(804.0,784.0)
(417.0,784.0)
(789.0,784.0)
(789.0,784.0)
(789.0,784.0)
(417.0,784.0)
(417.0,784.0)
(417.0,784.0)
(455.0,784.0)
(417.0,784.0)
(413.0,784.0)
(406.0,784.0)
(417.0,784.0)
(405.0,784.0)
(413.0,784.0)
(415.0,784.0)
(789.0,784.0)
(753.0,784.0)
(417.0,784.0)
(406.0,784.0)
(417.0,784.0)
(417.0,784.0)
(786.0,784.0)
(413.0,784.0)
(417.0,784.0)
(406.0,784.0)
(417.0,784.0)
(417.0,784.0)
(789.0,784.0)
(415.0,784.0)
(784.0,784.0)
(789.0,784.0)
(413.0,784.0)
(417.0,784.0)
(417.0,784.0)
(789.0,784.0)
(417.0,784.0)
(413.0,784.0)
(413.0,784.0)
(786.0,784.0)
(455.0,784.0)
(417.0,784.0)
(413.0,784.0)
(413.0,784.0)
(417.0,784.0)
(417.0,784.0)
(784.0,784.0)
(417.0,784.0)
(413.0,784.0)
(417.0,784.0)
(789.0,784.0)
(413.0,784.0)
(417.0,784.0)
(398.0,784.0)
(789.0,784.0)
(789.0,784.0)
(413.0,784.0)
(417.0,784.0)
(415.0,784.0)
(417.0,784.0)
(455.0,784.0)
(417.0,784.0)
(483.0,784.0)
(455.0,784.0)
(413.0,784.0)
(417.0,784.0)
(417.0,784.0)
(413.0,784.0)
(413.0,784.0)
(412.0,784.0)
(413.0,784.0)
(413.0,784.0)
(413.0,784.0)
(447.0,784.0)
(417.0,784.0)
(415.0,784.0)
(417.0,784.0)
(413.0,784.0)
(417.0,784.0)
(753.0,784.0)
(413.0,784.0)
(789.0,784.0)
(417.0,784.0)
(417.0,784.0)
(413.0,784.0)
(789.0,784.0)
(481.0,784.0)
(786.0,784.0)
(417.0,784.0)
(417.0,784.0)
(481.0,784.0)
(417.0,784.0)
(417.0,784.0)
(417.0,784.0)
(417.0,784.0)
(413.0,784.0)
(413.0,784.0)
(789.0,784.0)
(412.0,784.0)
(413.0,784.0)
(413.0,784.0)
(417.0,784.0)
(789.0,784.0)
(789.0,784.0)
(417.0,784.0)
(417.0,784.0)
(789.0,784.0)
(413.0,784.0)
(412.0,784.0)
(413.0,784.0)
(412.0,784.0)
(413.0,784.0)
(789.0,784.0)
(417.0,784.0)
(430.0,784.0)
(786.0,784.0)
(417.0,784.0)
(417.0,784.0)
(417.0,784.0)
(789.0,784.0)
(404.0,784.0)
(417.0,784.0)
(413.0,784.0)
(417.0,784.0)
(417.0,784.0)
(417.0,784.0)
(413.0,784.0)
(417.0,784.0)
(417.0,784.0)
(413.0,784.0)
(417.0,784.0)
(417.0,784.0)
(417.0,784.0)
(413.0,784.0)
(470.0,784.0)
(413.0,784.0)
(413.0,784.0)
(417.0,784.0)
(415.0,784.0)
(417.0,784.0)
(455.0,784.0)
(409.0,784.0)
(417.0,784.0)
(413.0,784.0)
(417.0,784.0)
(417.0,784.0)
(413.0,784.0)
(401.0,784.0)
(764.0,784.0)
(471.0,784.0)
(417.0,784.0)
(455.0,784.0)
(406.0,784.0)
(767.0,784.0)
(417.0,784.0)
(413.0,784.0)
(413.0,784.0)
(413.0,784.0)
(789.0,784.0)
(413.0,784.0)
(413.0,784.0)
(417.0,784.0)
(413.0,784.0)
(417.0,784.0)
(417.0,784.0)
(417.0,784.0)
(413.0,784.0)
(417.0,784.0)
(413.0,784.0)
(417.0,784.0)
(789.0,784.0)
(417.0,784.0)
(417.0,784.0)
(789.0,784.0)
(413.0,784.0)
(463.0,784.0)
(455.0,784.0)
(401.0,784.0)
(412.0,784.0)
(417.0,784.0)
(413.0,784.0)
(471.0,784.0)
(412.0,784.0)
(789.0,784.0)
(767.0,784.0)
(417.0,784.0)
(417.0,784.0)
(413.0,784.0)
(404.0,784.0)
(413.0,784.0)
(417.0,784.0)
(413.0,784.0)
(455.0,784.0)
(404.0,784.0)
(417.0,784.0)
(417.0,784.0)
(413.0,784.0)
(471.0,784.0)
(413.0,784.0)
(417.0,784.0)
(413.0,784.0)
(413.0,784.0)
(412.0,784.0)
(401.0,784.0)
(417.0,784.0)
(764.0,784.0)
(413.0,784.0)
(412.0,784.0)
(413.0,784.0)
(413.0,784.0)
(417.0,784.0)
(413.0,784.0)
(413.0,784.0)
(413.0,784.0)
(417.0,784.0)
(386.0,784.0)
(430.0,784.0)
(417.0,784.0)
(417.0,784.0)
(413.0,784.0)
(417.0,784.0)
(417.0,784.0)
(417.0,784.0)
(417.0,784.0)
(417.0,784.0)
(417.0,784.0)
(413.0,784.0)
(789.0,784.0)
(413.0,784.0)
(455.0,784.0)
(417.0,784.0)
(417.0,784.0)
(413.0,784.0)
(417.0,784.0)
(413.0,784.0)
(413.0,784.0)
(417.0,784.0)
(417.0,784.0)
(417.0,784.0)
(404.0,784.0)
(413.0,784.0)
(409.0,784.0)
(417.0,784.0)
(401.0,784.0)
(417.0,784.0)
(413.0,784.0)
(413.0,784.0)
(417.0,784.0)
(413.0,784.0)
(789.0,784.0)
(417.0,784.0)
(417.0,784.0)
(415.0,784.0)
(413.0,784.0)
(409.0,784.0)
(455.0,784.0)
(417.0,784.0)
(417.0,784.0)
(417.0,784.0)
(417.0,784.0)
(417.0,784.0)
(417.0,784.0)
(413.0,784.0)
(413.0,784.0)
(417.0,784.0)
(790.0,784.0)
(471.0,784.0)
(401.0,784.0)
(417.0,784.0)
(417.0,784.0)
(455.0,784.0)
(413.0,784.0)
(401.0,784.0)
(417.0,784.0)
(417.0,784.0)
(413.0,784.0)
(417.0,784.0)
(417.0,784.0)
(417.0,784.0)
(413.0,784.0)
(413.0,784.0)
(790.0,784.0)
(412.0,784.0)
(417.0,784.0)
(430.0,784.0)
(767.0,784.0)
(417.0,784.0)
(413.0,784.0)
(789.0,784.0)
(413.0,784.0)
(413.0,784.0)
(406.0,784.0)
(415.0,784.0)
(413.0,784.0)
(417.0,784.0)
(417.0,784.0)
(417.0,784.0)
(789.0,784.0)
(786.0,784.0)
(417.0,784.0)
(417.0,784.0)
(417.0,784.0)
(743.0,784.0)
(417.0,784.0)
(413.0,784.0)
(789.0,784.0)
(417.0,784.0)
(417.0,784.0)
(417.0,784.0)
(789.0,784.0)
(417.0,784.0)
(413.0,784.0)
(417.0,784.0)
(417.0,784.0)
(413.0,784.0)
(786.0,784.0)
(413.0,784.0)
(417.0,784.0)
(786.0,784.0)
(417.0,784.0)
(406.0,784.0)
(413.0,784.0)
(415.0,784.0)
(417.0,784.0)
(417.0,784.0)
(412.0,784.0)
(417.0,784.0)
(417.0,784.0)
(417.0,784.0)
(417.0,784.0)
(417.0,784.0)
(412.0,784.0)
(789.0,784.0)
(417.0,784.0)
(413.0,784.0)
(413.0,784.0)
(421.0,784.0)
(413.0,784.0)
(417.0,784.0)
(417.0,784.0)
(417.0,784.0)
(789.0,784.0)
(413.0,784.0)
(789.0,784.0)
(413.0,784.0)
(413.0,784.0)
(413.0,784.0)
(413.0,784.0)
(417.0,784.0)
(417.0,784.0)
(417.0,784.0)
(413.0,784.0)
(417.0,784.0)
(413.0,784.0)
(413.0,784.0)
(786.0,784.0)
(413.0,784.0)
(417.0,784.0)
(789.0,784.0)
(413.0,784.0)
(413.0,784.0)
(784.0,784.0)
(417.0,784.0)
(789.0,784.0)
(417.0,784.0)
(784.0,784.0)
(789.0,784.0)
(417.0,784.0)
(417.0,784.0)
(413.0,784.0)
(417.0,784.0)
(417.0,784.0)
(417.0,784.0)
(789.0,784.0)
(789.0,784.0)
(413.0,784.0)
(413.0,784.0)
(413.0,784.0)
(789.0,784.0)
(417.0,784.0)
(463.0,784.0)
(413.0,784.0)
(415.0,784.0)
(413.0,784.0)
(789.0,784.0)
(417.0,784.0)
(786.0,784.0)
(413.0,784.0)
(417.0,784.0)
(417.0,784.0)
(386.0,784.0)
(413.0,784.0)
(789.0,784.0)
(417.0,784.0)
(789.0,784.0)
(413.0,784.0)
(415.0,784.0)
(417.0,784.0)
(386.0,784.0)
(413.0,784.0)
(413.0,784.0)
(413.0,784.0)
(417.0,784.0)
(415.0,784.0)
(417.0,784.0)
(417.0,784.0)
(417.0,784.0)
(786.0,784.0)
(417.0,784.0)
(417.0,784.0)
(413.0,784.0)
(417.0,784.0)
(417.0,784.0)
(417.0,784.0)
(413.0,784.0)
(417.0,784.0)
(417.0,784.0)
(413.0,784.0)
(413.0,784.0)
(417.0,784.0)
(413.0,784.0)
(415.0,784.0)
(417.0,784.0)
(417.0,784.0)
(413.0,784.0)
(413.0,784.0)
(417.0,784.0)
(417.0,784.0)
(789.0,784.0)
(417.0,784.0)
(417.0,784.0)
(417.0,784.0)
(417.0,784.0)
(417.0,784.0)
(415.0,784.0)
(417.0,784.0)
(417.0,784.0)
(401.0,784.0)
(789.0,784.0)
(417.0,784.0)
(413.0,784.0)
(417.0,784.0)
(786.0,784.0)
(417.0,784.0)
(769.0,784.0)
(413.0,784.0)
(786.0,784.0)
(417.0,784.0)
(413.0,784.0)
(413.0,784.0)
(789.0,784.0)
(417.0,784.0)
(413.0,784.0)
(417.0,784.0)
(417.0,784.0)
(417.0,784.0)
(413.0,784.0)
(413.0,784.0)
(417.0,784.0)
(417.0,784.0)
(417.0,784.0)
(455.0,784.0)
(455.0,784.0)
(413.0,784.0)
(413.0,784.0)
(417.0,784.0)
(417.0,784.0)
(413.0,784.0)
(430.0,784.0)
(417.0,784.0)
(413.0,784.0)
(413.0,784.0)
(417.0,784.0)
(417.0,784.0)
(417.0,784.0)
(413.0,784.0)
(455.0,784.0)
(787.0,784.0)
(413.0,784.0)
(413.0,784.0)
(413.0,784.0)
(412.0,784.0)
(413.0,784.0)
(417.0,784.0)
(417.0,784.0)
(413.0,784.0)
(415.0,784.0)
(413.0,784.0)
(786.0,784.0)
(413.0,784.0)
(413.0,784.0)
(413.0,784.0)
(417.0,784.0)
(789.0,784.0)
(786.0,784.0)
(430.0,784.0)
(413.0,784.0)
(417.0,784.0)
(784.0,784.0)
(413.0,784.0)
(417.0,784.0)
(771.0,784.0)
(412.0,784.0)
(417.0,784.0)
(417.0,784.0)
(769.0,784.0)
(417.0,784.0)
(790.0,784.0)
(413.0,784.0)
(786.0,784.0)
(413.0,784.0)
(421.0,784.0)
(415.0,784.0)
(786.0,784.0)
(413.0,784.0)
(413.0,784.0)
(413.0,784.0)
(789.0,784.0)
(789.0,784.0)
(471.0,784.0)
(767.0,784.0)
(790.0,784.0)
(409.0,784.0)
(413.0,784.0)
(413.0,784.0)
(413.0,784.0)
(417.0,784.0)
(413.0,784.0)
(789.0,784.0)
(415.0,784.0)
(413.0,784.0)
(417.0,784.0)
(786.0,784.0)
(790.0,784.0)
(790.0,784.0)
(786.0,784.0)
(413.0,784.0)
(413.0,784.0)
(417.0,784.0)
(404.0,784.0)
(412.0,784.0)
(413.0,784.0)
(790.0,784.0)
(413.0,784.0)
(413.0,784.0)
(413.0,784.0)
(790.0,784.0)
(786.0,784.0)
(413.0,784.0)
(417.0,784.0)
(415.0,784.0)
(409.0,784.0)
(413.0,784.0)
(406.0,784.0)
(455.0,784.0)
(786.0,784.0)
(784.0,784.0)
(413.0,784.0)
(417.0,784.0)
(413.0,784.0)
(789.0,784.0)
(435.0,784.0)
(401.0,784.0)
(413.0,784.0)
(417.0,784.0)
(413.0,784.0)
(787.0,784.0)
(790.0,784.0)
(413.0,784.0)
(413.0,784.0)
(789.0,784.0)
(412.0,784.0)
(417.0,784.0)
(417.0,784.0)
(417.0,784.0)
(786.0,784.0)
(417.0,784.0)
(413.0,784.0)
(790.0,784.0)
(413.0,784.0)
(769.0,784.0)
(413.0,784.0)
(417.0,784.0)
(423.0,784.0)
(404.0,784.0)
(417.0,784.0)
(417.0,784.0)
(786.0,784.0)
(784.0,784.0)
(413.0,784.0)
(413.0,784.0)
(415.0,784.0)
(413.0,784.0)
(789.0,784.0)
(417.0,784.0)
(413.0,784.0)
(789.0,784.0)
(790.0,784.0)
(417.0,784.0)
(415.0,784.0)
(413.0,784.0)
(417.0,784.0)
(417.0,784.0)
(406.0,784.0)
(784.0,784.0)
(417.0,784.0)
(789.0,784.0)
(413.0,784.0)
(786.0,784.0)
(790.0,784.0)
(401.0,784.0)
(413.0,784.0)
(401.0,784.0)
(417.0,784.0)
(786.0,784.0)
(415.0,784.0)
(406.0,784.0)
(790.0,784.0)
(790.0,784.0)
(417.0,784.0)
(413.0,784.0)
(427.0,784.0)
(413.0,784.0)
(413.0,784.0)
(413.0,784.0)
(413.0,784.0)
(412.0,784.0)
(417.0,784.0)
(413.0,784.0)
(417.0,784.0)
(417.0,784.0)
(786.0,784.0)
(413.0,784.0)
(786.0,784.0)
(417.0,784.0)
(415.0,784.0)
(417.0,784.0)
(790.0,784.0)
(421.0,784.0)
(417.0,784.0)
(413.0,784.0)
(412.0,784.0)
(413.0,784.0)
(417.0,784.0)
(413.0,784.0)
(401.0,784.0)
(786.0,784.0)
(413.0,784.0)
(790.0,784.0)
(786.0,784.0)
(413.0,784.0)
(413.0,784.0)
(412.0,784.0)
(417.0,784.0)
(413.0,784.0)
(430.0,784.0)
(412.0,784.0)
(786.0,784.0)
(417.0,784.0)
(415.0,784.0)
(413.0,784.0)
(786.0,784.0)
(786.0,784.0)
(417.0,784.0)
(417.0,784.0)
(455.0,784.0)
(417.0,784.0)
(790.0,784.0)
(417.0,784.0)
(790.0,784.0)
(786.0,784.0)
(417.0,784.0)
(413.0,784.0)
(483.0,784.0)
(413.0,784.0)
(789.0,784.0)
(413.0,784.0)
(417.0,784.0)
(786.0,784.0)
(417.0,784.0)
(412.0,784.0)
(406.0,784.0)
(784.0,784.0)
(413.0,784.0)
(413.0,784.0)
(789.0,784.0)
(417.0,784.0)
(417.0,784.0)
(455.0,784.0)
(417.0,784.0)
(412.0,784.0)
(413.0,784.0)
(421.0,784.0)
(789.0,784.0)
(413.0,784.0)
(789.0,784.0)
(413.0,784.0)
(417.0,784.0)
(427.0,784.0)
(413.0,784.0)
(413.0,784.0)
(413.0,784.0)
(789.0,784.0)
(413.0,784.0)
(789.0,784.0)
(417.0,784.0)
(417.0,784.0)
(417.0,784.0)
(413.0,784.0)
(415.0,784.0)
(786.0,784.0)
(789.0,784.0)
(417.0,784.0)
(417.0,784.0)
(417.0,784.0)
(413.0,784.0)
(413.0,784.0)
(417.0,784.0)
(413.0,784.0)
(786.0,784.0)
(417.0,784.0)
(417.0,784.0)
(386.0,784.0)
(413.0,784.0)
(417.0,784.0)
(417.0,784.0)
(413.0,784.0)
(413.0,784.0)
(43.0,784.0)
(417.0,784.0)
(428.0,784.0)
(417.0,784.0)
(413.0,784.0)
(386.0,784.0)
(417.0,784.0)
(417.0,784.0)
(789.0,784.0)
(415.0,784.0)
(413.0,784.0)
(786.0,784.0)
(413.0,784.0)
(435.0,784.0)
(413.0,784.0)
(413.0,784.0)
(789.0,784.0)
(413.0,784.0)
(413.0,784.0)
(769.0,784.0)
(417.0,784.0)
(427.0,784.0)
(786.0,784.0)
(417.0,784.0)
(417.0,784.0)
(417.0,784.0)
(413.0,784.0)
(402.0,784.0)
(413.0,784.0)
(417.0,784.0)
(413.0,784.0)
(417.0,784.0)
(43.0,784.0)
(413.0,784.0)
(789.0,784.0)
(412.0,784.0)
(789.0,784.0)
(413.0,784.0)
(789.0,784.0)
(789.0,784.0)
(413.0,784.0)
(406.0,784.0)
(413.0,784.0)
(413.0,784.0)
(413.0,784.0)
(417.0,784.0)
(413.0,784.0)
(413.0,784.0)
(417.0,784.0)
(417.0,784.0)
(789.0,784.0)
(417.0,784.0)
(417.0,784.0)
(428.0,784.0)
(427.0,784.0)
(417.0,784.0)
(784.0,784.0)
(786.0,784.0)
(413.0,784.0)
(417.0,784.0)
(413.0,784.0)
(417.0,784.0)
(417.0,784.0)
(413.0,784.0)
(786.0,784.0)
(413.0,784.0)
(417.0,784.0)
(417.0,784.0)
(417.0,784.0)
(417.0,784.0)
(471.0,784.0)
(417.0,784.0)
(417.0,784.0)
(413.0,784.0)
(413.0,784.0)
(417.0,784.0)
(417.0,784.0)
(417.0,784.0)
(786.0,784.0)
(789.0,784.0)
(404.0,784.0)
(415.0,784.0)
(413.0,784.0)
(417.0,784.0)
(413.0,784.0)
(442.0,784.0)
(417.0,784.0)
(417.0,784.0)
(413.0,784.0)
(412.0,784.0)
(412.0,784.0)
(417.0,784.0)
(413.0,784.0)
(417.0,784.0)
(413.0,784.0)
(413.0,784.0)
(789.0,784.0)
(786.0,784.0)
(413.0,784.0)
(435.0,784.0)
(406.0,784.0)
(789.0,784.0)
(413.0,784.0)
(413.0,784.0)
(417.0,784.0)
(421.0,784.0)
(417.0,784.0)
(413.0,784.0)
(413.0,784.0)
(417.0,784.0)
(441.0,784.0)
(413.0,784.0)
(417.0,784.0)
(413.0,784.0)
(417.0,784.0)
(417.0,784.0)
(412.0,784.0)
(413.0,784.0)
(789.0,784.0)
(398.0,784.0)
(417.0,784.0)
(421.0,784.0)
(413.0,784.0)
(401.0,784.0)
(413.0,784.0)
(417.0,784.0)
(413.0,784.0)
(417.0,784.0)
(786.0,784.0)
(417.0,784.0)
(417.0,784.0)
(413.0,784.0)
(417.0,784.0)
(413.0,784.0)
(413.0,784.0)
(417.0,784.0)
(481.0,784.0)
(413.0,784.0)
(417.0,784.0)
(417.0,784.0)
(786.0,784.0)
(417.0,784.0)
(417.0,784.0)
(413.0,784.0)
(417.0,784.0)
(417.0,784.0)
(413.0,784.0)
(789.0,784.0)
(413.0,784.0)
(413.0,784.0)
(789.0,784.0)
(417.0,784.0)
(417.0,784.0)
(417.0,784.0)
(417.0,784.0)
(417.0,784.0)
(417.0,784.0)
(417.0,784.0)
(417.0,784.0)
(412.0,784.0)
(789.0,784.0)
(413.0,784.0)
(417.0,784.0)
(417.0,784.0)
(413.0,784.0)
(417.0,784.0)
(417.0,784.0)
(415.0,784.0)
(417.0,784.0)
(413.0,784.0)
(786.0,784.0)
(417.0,784.0)
(789.0,784.0)
(417.0,784.0)
(789.0,784.0)
(417.0,784.0)
(417.0,784.0)
(786.0,784.0)
(413.0,784.0)
(417.0,784.0)
(417.0,784.0)
(409.0,784.0)
(789.0,784.0)
(769.0,784.0)
(417.0,784.0)
(417.0,784.0)
(421.0,784.0)
(409.0,784.0)
(417.0,784.0)
(413.0,784.0)
(435.0,784.0)
(412.0,784.0)
(413.0,784.0)
(786.0,784.0)
(413.0,784.0)
(415.0,784.0)
(417.0,784.0)
(413.0,784.0)
(417.0,784.0)
(413.0,784.0)
(413.0,784.0)
(417.0,784.0)
(417.0,784.0)
(417.0,784.0)
(413.0,784.0)
(413.0,784.0)
(413.0,784.0)
(417.0,784.0)
(413.0,784.0)
(421.0,784.0)
(421.0,784.0)
(413.0,784.0)
(417.0,784.0)
(417.0,784.0)
(786.0,784.0)
(387.0,784.0)
(789.0,784.0)
(789.0,784.0)
(786.0,784.0)
(789.0,784.0)
(417.0,784.0)
(417.0,784.0)
(413.0,784.0)
(413.0,784.0)
(784.0,784.0)
(413.0,784.0)
(434.0,784.0)
(413.0,784.0)
(386.0,784.0)
(417.0,784.0)
(417.0,784.0)
(413.0,784.0)
(417.0,784.0)
(413.0,784.0)
(789.0,784.0)
(413.0,784.0)
(789.0,784.0)
(406.0,784.0)
(789.0,784.0)
(412.0,784.0)
(413.0,784.0)
(417.0,784.0)
(417.0,784.0)
(789.0,784.0)
(413.0,784.0)
(417.0,784.0)
(413.0,784.0)
(417.0,784.0)
(413.0,784.0)
(764.0,784.0)
(413.0,784.0)
(413.0,784.0)
(413.0,784.0)
(789.0,784.0)
(789.0,784.0)
(417.0,784.0)
(784.0,784.0)
(417.0,784.0)
(413.0,784.0)
(417.0,784.0)
(398.0,784.0)
(413.0,784.0)
(455.0,784.0)
(386.0,784.0)
(417.0,784.0)
(417.0,784.0)
(413.0,784.0)
(417.0,784.0)
(417.0,784.0)
(413.0,784.0)
(417.0,784.0)
(417.0,784.0)
(386.0,784.0)
(417.0,784.0)
(455.0,784.0)
(412.0,784.0)
(421.0,784.0)
(417.0,784.0)
(413.0,784.0)
(417.0,784.0)
(413.0,784.0)
(417.0,784.0)
(789.0,784.0)
(417.0,784.0)
(413.0,784.0)
(413.0,784.0)
(784.0,784.0)
(415.0,784.0)
(455.0,784.0)
(459.0,368.0)
(459.0,368.0)
(379.0,368.0)
(447.0,368.0)
(459.0,368.0)
(459.0,368.0)
(395.0,368.0)
(371.0,368.0)
(447.0,368.0)
(785.0,368.0)
(471.0,368.0)
(785.0,368.0)
(743.0,368.0)
(447.0,368.0)
(459.0,368.0)
(475.0,368.0)
(808.0,368.0)
(459.0,368.0)
(743.0,368.0)
(368.0,368.0)
(475.0,368.0)
(387.0,368.0)
(447.0,368.0)
(447.0,368.0)
(447.0,368.0)
(808.0,368.0)
(743.0,368.0)
(447.0,368.0)
(459.0,368.0)
(447.0,368.0)
(475.0,368.0)
(809.0,368.0)
(475.0,368.0)
(482.0,368.0)
(474.0,368.0)
(447.0,368.0)
(459.0,368.0)
(435.0,368.0)
(447.0,368.0)
(379.0,368.0)
(471.0,368.0)
(368.0,368.0)
(459.0,368.0)
(475.0,368.0)
(743.0,368.0)
(442.0,368.0)
(447.0,368.0)
(447.0,368.0)
(459.0,368.0)
(482.0,368.0)
(425.0,368.0)
(447.0,368.0)
(368.0,368.0)
(471.0,368.0)
(459.0,368.0)
(480.0,368.0)
(786.0,368.0)
(459.0,368.0)
(372.0,368.0)
(354.0,368.0)
(387.0,368.0)
(474.0,368.0)
(475.0,368.0)
(371.0,368.0)
(474.0,368.0)
(447.0,368.0)
(474.0,368.0)
(743.0,368.0)
(459.0,368.0)
(474.0,368.0)
(447.0,368.0)
(435.0,368.0)
(447.0,368.0)
(743.0,368.0)
(475.0,368.0)
(417.0,368.0)
(362.0,368.0)
(475.0,368.0)
(475.0,368.0)
(475.0,368.0)
(368.0,368.0)
(743.0,368.0)
(447.0,368.0)
(475.0,368.0)
(475.0,368.0)
(753.0,368.0)
(743.0,368.0)
(474.0,368.0)
(381.0,368.0)
(421.0,368.0)
(459.0,368.0)
(474.0,368.0)
(459.0,368.0)
(475.0,368.0)
(447.0,368.0)
(433.0,368.0)
(459.0,368.0)
(459.0,368.0)
(447.0,368.0)
(459.0,368.0)
(447.0,368.0)
(482.0,368.0)
(459.0,368.0)
(808.0,368.0)
(459.0,368.0)
(804.0,368.0)
(447.0,368.0)
(417.0,368.0)
(417.0,368.0)
(743.0,368.0)
(482.0,368.0)
(368.0,368.0)
(459.0,368.0)
(459.0,368.0)
(447.0,368.0)
(743.0,368.0)
(447.0,368.0)
(368.0,368.0)
(475.0,368.0)
(459.0,368.0)
(474.0,368.0)
(447.0,368.0)
(475.0,368.0)
(475.0,368.0)
(435.0,368.0)
(459.0,368.0)
(475.0,368.0)
(474.0,368.0)
(447.0,368.0)
(459.0,368.0)
(435.0,368.0)
(459.0,368.0)
(743.0,368.0)
(459.0,368.0)
(792.0,368.0)
(459.0,368.0)
(804.0,368.0)
(482.0,368.0)
(382.0,368.0)
(804.0,368.0)
(417.0,368.0)
(455.0,368.0)
(363.0,368.0)
(459.0,368.0)
(459.0,368.0)
(426.0,368.0)
(474.0,368.0)
(475.0,368.0)
(447.0,368.0)
(447.0,368.0)
(804.0,368.0)
(474.0,368.0)
(475.0,368.0)
(459.0,368.0)
(447.0,368.0)
(433.0,368.0)
(732.0,368.0)
(474.0,368.0)
(455.0,368.0)
(482.0,368.0)
(474.0,368.0)
(482.0,368.0)
(447.0,368.0)
(487.0,368.0)
(804.0,368.0)
(471.0,368.0)
(447.0,368.0)
(475.0,368.0)
(474.0,368.0)
(459.0,368.0)
(482.0,368.0)
(447.0,368.0)
(475.0,368.0)
(447.0,368.0)
(474.0,368.0)
(480.0,368.0)
(474.0,368.0)
(368.0,368.0)
(459.0,368.0)
(379.0,368.0)
(806.0,368.0)
(475.0,368.0)
(459.0,368.0)
(474.0,368.0)
(447.0,368.0)
(474.0,368.0)
(435.0,368.0)
(482.0,368.0)
(482.0,368.0)
(475.0,368.0)
(406.0,368.0)
(482.0,368.0)
(447.0,368.0)
(406.0,368.0)
(743.0,368.0)
(471.0,368.0)
(757.0,368.0)
(448.0,368.0)
(410.0,368.0)
(368.0,368.0)
(475.0,368.0)
(475.0,368.0)
(379.0,368.0)
(475.0,368.0)
(412.0,368.0)
(756.0,368.0)
(810.0,368.0)
(757.0,368.0)
(448.0,368.0)
(379.0,368.0)
(379.0,368.0)
(379.0,368.0)
(368.0,368.0)
(475.0,368.0)
(448.0,368.0)
(368.0,368.0)
(459.0,368.0)
(757.0,368.0)
(459.0,368.0)
(459.0,368.0)
(368.0,368.0)
(757.0,368.0)
(368.0,368.0)
(368.0,368.0)
(455.0,368.0)
(212.0,368.0)
(410.0,368.0)
(475.0,368.0)
(379.0,368.0)
(368.0,368.0)
(379.0,368.0)
(459.0,368.0)
(368.0,368.0)
(757.0,368.0)
(448.0,368.0)
(368.0,368.0)
(368.0,368.0)
(368.0,368.0)
(368.0,368.0)
(368.0,368.0)
(368.0,368.0)
(785.0,368.0)
(757.0,368.0)
(756.0,368.0)
(475.0,368.0)
(368.0,368.0)
(368.0,368.0)
(368.0,368.0)
(368.0,368.0)
(368.0,368.0)
(757.0,368.0)
(368.0,368.0)
(757.0,368.0)
(475.0,368.0)
(368.0,368.0)
(368.0,368.0)
(459.0,368.0)
(459.0,368.0)
(475.0,368.0)
(368.0,368.0)
(455.0,368.0)
(410.0,368.0)
(368.0,368.0)
(368.0,368.0)
(757.0,368.0)
(368.0,368.0)
(368.0,368.0)
(474.0,368.0)
(459.0,368.0)
(756.0,368.0)
(368.0,368.0)
(475.0,368.0)
(448.0,368.0)
(368.0,368.0)
(448.0,368.0)
(475.0,368.0)
(459.0,368.0)
(368.0,368.0)
(368.0,368.0)
(379.0,368.0)
(757.0,368.0)
(368.0,368.0)
(475.0,368.0)
(368.0,368.0)
(368.0,368.0)
(757.0,368.0)
(448.0,368.0)
(212.0,368.0)
(368.0,368.0)
(459.0,368.0)
(475.0,368.0)
(757.0,368.0)
(756.0,368.0)
(475.0,368.0)
(459.0,368.0)
(368.0,368.0)
(368.0,368.0)
(368.0,368.0)
(368.0,368.0)
(475.0,368.0)
(368.0,368.0)
(757.0,368.0)
(785.0,368.0)
(368.0,368.0)
(368.0,368.0)
(368.0,368.0)
(368.0,368.0)
(448.0,368.0)
(448.0,368.0)
(368.0,368.0)
(368.0,368.0)
(448.0,368.0)
(368.0,368.0)
(475.0,368.0)
(459.0,368.0)
(475.0,368.0)
(756.0,368.0)
(756.0,368.0)
(475.0,368.0)
(368.0,368.0)
(368.0,368.0)
(368.0,368.0)
(368.0,368.0)
(459.0,368.0)
(410.0,368.0)
(368.0,368.0)
(368.0,368.0)
(427.0,368.0)
(368.0,368.0)
(368.0,368.0)
(448.0,368.0)
(448.0,368.0)
(756.0,368.0)
(448.0,368.0)
(459.0,368.0)
(368.0,368.0)
(368.0,368.0)
(459.0,368.0)
(459.0,368.0)
(368.0,368.0)
(756.0,368.0)
(475.0,368.0)
(475.0,368.0)
(459.0,368.0)
(368.0,368.0)
(368.0,368.0)
(459.0,368.0)
(475.0,368.0)
(475.0,368.0)
(368.0,368.0)
(459.0,368.0)
(448.0,368.0)
(757.0,368.0)
(459.0,368.0)
(459.0,368.0)
(757.0,368.0)
(368.0,368.0)
(368.0,368.0)
(475.0,368.0)
(379.0,368.0)
(757.0,368.0)
(447.0,368.0)
(756.0,368.0)
(475.0,368.0)
(459.0,368.0)
(444.0,368.0)
(748.0,368.0)
(448.0,368.0)
(475.0,368.0)
(459.0,368.0)
(448.0,368.0)
(368.0,368.0)
(448.0,368.0)
(368.0,368.0)
(475.0,368.0)
(459.0,368.0)
(368.0,368.0)
(368.0,368.0)
(448.0,368.0)
(756.0,368.0)
(475.0,368.0)
(757.0,368.0)
(757.0,368.0)
(448.0,368.0)
(792.0,368.0)
(459.0,368.0)
(368.0,368.0)
(368.0,368.0)
(756.0,368.0)
(757.0,368.0)
(368.0,368.0)
(368.0,368.0)
(368.0,368.0)
(368.0,368.0)
(368.0,368.0)
(368.0,368.0)
(368.0,368.0)
(382.0,368.0)
(391.0,368.0)
(368.0,368.0)
(368.0,368.0)
(433.0,368.0)
(368.0,368.0)
(475.0,368.0)
(479.0,368.0)
(379.0,368.0)
(368.0,368.0)
(368.0,368.0)
(757.0,368.0)
(482.0,368.0)
(368.0,368.0)
(368.0,368.0)
(368.0,368.0)
(368.0,368.0)
(368.0,368.0)
(354.0,368.0)
(447.0,368.0)
(379.0,368.0)
(479.0,368.0)
(368.0,368.0)
(368.0,368.0)
(368.0,368.0)
(354.0,368.0)
(447.0,368.0)
(368.0,368.0)
(368.0,368.0)
(368.0,368.0)
(368.0,368.0)
(368.0,368.0)
(368.0,368.0)
(447.0,368.0)
(368.0,368.0)
(368.0,368.0)
(368.0,368.0)
(368.0,368.0)
(447.0,368.0)
(368.0,368.0)
(368.0,368.0)
(382.0,368.0)
(479.0,368.0)
(368.0,368.0)
(368.0,368.0)
(368.0,368.0)
(391.0,368.0)
(368.0,368.0)
(368.0,368.0)
(368.0,368.0)
(471.0,368.0)
(368.0,368.0)
(368.0,368.0)
(368.0,368.0)
(368.0,368.0)
(368.0,368.0)
(368.0,368.0)
(368.0,368.0)
(756.0,368.0)
(368.0,368.0)
(368.0,368.0)
(368.0,368.0)
(482.0,368.0)
(391.0,368.0)
(368.0,368.0)
(368.0,368.0)
(368.0,368.0)
(475.0,368.0)
(757.0,368.0)
(368.0,368.0)
(368.0,368.0)
(368.0,368.0)
(368.0,368.0)
(368.0,368.0)
(785.0,368.0)
(482.0,368.0)
(368.0,368.0)
(757.0,368.0)
(459.0,368.0)
(368.0,368.0)
(368.0,368.0)
(442.0,368.0)
(459.0,368.0)
(785.0,368.0)
(368.0,368.0)
(785.0,368.0)
(368.0,368.0)
(471.0,368.0)
(368.0,368.0)
(368.0,368.0)
(368.0,368.0)
(368.0,368.0)
(368.0,368.0)
(391.0,368.0)
(368.0,368.0)
(368.0,368.0)
(368.0,368.0)
(368.0,368.0)
(447.0,368.0)
(368.0,368.0)
(368.0,368.0)
(368.0,368.0)
(368.0,368.0)
(368.0,368.0)
(368.0,368.0)
(368.0,368.0)
(368.0,368.0)
(482.0,368.0)
(391.0,368.0)
(379.0,368.0)
(479.0,368.0)
(368.0,368.0)
(368.0,368.0)
(447.0,368.0)
(368.0,368.0)
(368.0,368.0)
(368.0,368.0)
(368.0,368.0)
(368.0,368.0)
(368.0,368.0)
(379.0,368.0)
(368.0,368.0)
(459.0,368.0)
(459.0,368.0)
(368.0,368.0)
(447.0,368.0)
(379.0,368.0)
(368.0,368.0)
(447.0,368.0)
(482.0,368.0)
(368.0,368.0)
(368.0,368.0)
(368.0,368.0)
(368.0,368.0)
(368.0,368.0)
(368.0,368.0)
(368.0,368.0)
(368.0,368.0)
(368.0,368.0)
(368.0,368.0)
(368.0,368.0)
(368.0,368.0)
(483.0,368.0)
(368.0,368.0)
(368.0,368.0)
(368.0,368.0)
(368.0,368.0)
(479.0,368.0)
(785.0,368.0)
(368.0,368.0)
(368.0,368.0)
(785.0,368.0)
(368.0,368.0)
(368.0,368.0)
(391.0,368.0)
(479.0,368.0)
(448.0,368.0)
(368.0,368.0)
(368.0,368.0)
(368.0,368.0)
(368.0,368.0)
(368.0,368.0)
(757.0,368.0)
(368.0,368.0)
(471.0,368.0)
(459.0,368.0)
(368.0,368.0)
(368.0,368.0)
(368.0,368.0)
(368.0,368.0)
(380.0,368.0)
(368.0,368.0)
(368.0,368.0)
(368.0,368.0)
(422.0,368.0)
(459.0,368.0)
(368.0,368.0)
(368.0,368.0)
(757.0,368.0)
(459.0,368.0)
(368.0,368.0)
(447.0,368.0)
(785.0,368.0)
(368.0,368.0)
(471.0,368.0)
(479.0,368.0)
(368.0,368.0)
(368.0,368.0)
(741.0,368.0)
(368.0,368.0)
(368.0,368.0)
(368.0,368.0)
(479.0,368.0)
(784.0,368.0)
(387.0,368.0)
(427.0,368.0)
(756.0,368.0)
(756.0,368.0)
(756.0,368.0)
(387.0,368.0)
(482.0,368.0)
(368.0,368.0)
(479.0,368.0)
(756.0,368.0)
(403.0,368.0)
(756.0,368.0)
(433.0,368.0)
(756.0,368.0)
(475.0,368.0)
(433.0,368.0)
(810.0,368.0)
(387.0,368.0)
(479.0,368.0)
(406.0,368.0)
(387.0,368.0)
(756.0,368.0)
(469.0,368.0)
(387.0,368.0)
(435.0,368.0)
(756.0,368.0)
(417.0,368.0)
(403.0,368.0)
(768.0,368.0)
(391.0,368.0)
(382.0,368.0)
(756.0,368.0)
(756.0,368.0)
(387.0,368.0)
(387.0,368.0)
(756.0,368.0)
(756.0,368.0)
(387.0,368.0)
(387.0,368.0)
(382.0,368.0)
(377.0,368.0)
(756.0,368.0)
(756.0,368.0)
(403.0,368.0)
(432.0,368.0)
(403.0,368.0)
(756.0,368.0)
(403.0,368.0)
(756.0,368.0)
(387.0,368.0)
(403.0,368.0)
(756.0,368.0)
(756.0,368.0)
(756.0,368.0)
(382.0,368.0)
(479.0,368.0)
(756.0,368.0)
(756.0,368.0)
(810.0,368.0)
(756.0,368.0)
(756.0,368.0)
(756.0,368.0)
(756.0,368.0)
(403.0,368.0)
(403.0,368.0)
(756.0,368.0)
(756.0,368.0)
(427.0,368.0)
(387.0,368.0)
(756.0,368.0)
(756.0,368.0)
(382.0,368.0)
(387.0,368.0)
(382.0,368.0)
(756.0,368.0)
(382.0,368.0)
(756.0,368.0)
(756.0,368.0)
(756.0,368.0)
(428.0,368.0)
(382.0,368.0)
(387.0,368.0)
(387.0,368.0)
(387.0,368.0)
(756.0,368.0)
(756.0,368.0)
(387.0,368.0)
(786.0,368.0)
(756.0,368.0)
(756.0,368.0)
(435.0,368.0)
(756.0,368.0)
(808.0,368.0)
(435.0,368.0)
(756.0,368.0)
(368.0,368.0)
(756.0,368.0)
(417.0,368.0)
(756.0,368.0)
(756.0,368.0)
(756.0,368.0)
(483.0,368.0)
(406.0,368.0)
(387.0,368.0)
(789.0,368.0)
(756.0,368.0)
(756.0,368.0)
(382.0,368.0)
(387.0,368.0)
(459.0,368.0)
(459.0,368.0)
(756.0,368.0)
(483.0,368.0)
(387.0,368.0)
(382.0,368.0)
(382.0,368.0)
(756.0,368.0)
(756.0,368.0)
(387.0,368.0)
(756.0,368.0)
(350.0,368.0)
(756.0,368.0)
(387.0,368.0)
(756.0,368.0)
(756.0,368.0)
(756.0,368.0)
(387.0,368.0)
(417.0,368.0)
(368.0,368.0)
(756.0,368.0)
(387.0,368.0)
(382.0,368.0)
(756.0,368.0)
(756.0,368.0)
(756.0,368.0)
(756.0,368.0)
(403.0,368.0)
(427.0,368.0)
(368.0,368.0)
(461.0,368.0)
(368.0,368.0)
(452.0,368.0)
(756.0,368.0)
(382.0,368.0)
(756.0,368.0)
(754.0,368.0)
(387.0,368.0)
(756.0,368.0)
(368.0,368.0)
(756.0,368.0)
(756.0,368.0)
(789.0,368.0)
(387.0,368.0)
(387.0,368.0)
(403.0,368.0)
(417.0,368.0)
(403.0,368.0)
(433.0,368.0)
(412.0,368.0)
(756.0,368.0)
(403.0,368.0)
(459.0,368.0)
(756.0,368.0)
(756.0,368.0)
(403.0,368.0)
(412.0,368.0)
(422.0,368.0)
(756.0,368.0)
(367.0,368.0)
(412.0,368.0)
(756.0,368.0)
(387.0,368.0)
(756.0,368.0)
(387.0,368.0)
(403.0,368.0)
(756.0,368.0)
(403.0,368.0)
(421.0,368.0)
(756.0,368.0)
(756.0,368.0)
(426.0,368.0)
(756.0,368.0)
(387.0,368.0)
(756.0,368.0)
(756.0,368.0)
(387.0,368.0)
(756.0,368.0)
(756.0,368.0)
(756.0,368.0)
(756.0,368.0)
(484.0,368.0)
(757.0,368.0)
(444.0,368.0)
(757.0,368.0)
(440.0,368.0)
(440.0,368.0)
(410.0,368.0)
(436.0,368.0)
(757.0,368.0)
(757.0,368.0)
(757.0,368.0)
(757.0,368.0)
(757.0,368.0)
(440.0,368.0)
(368.0,368.0)
(444.0,368.0)
(368.0,368.0)
(757.0,368.0)
(417.0,368.0)
(440.0,368.0)
(757.0,368.0)
(757.0,368.0)
(757.0,368.0)
(757.0,368.0)
(757.0,368.0)
(440.0,368.0)
(447.0,368.0)
(757.0,368.0)
(456.0,368.0)
(440.0,368.0)
(757.0,368.0)
(463.0,368.0)
(410.0,368.0)
(440.0,368.0)
(757.0,368.0)
(757.0,368.0)
(785.0,368.0)
(393.0,368.0)
(757.0,368.0)
(368.0,368.0)
(380.0,368.0)
(440.0,368.0)
(757.0,368.0)
(440.0,368.0)
(757.0,368.0)
(440.0,368.0)
(479.0,368.0)
(368.0,368.0)
(410.0,368.0)
(757.0,368.0)
(212.0,368.0)
(440.0,368.0)
(440.0,368.0)
(447.0,368.0)
(393.0,368.0)
(757.0,368.0)
(440.0,368.0)
(757.0,368.0)
(757.0,368.0)
(474.0,368.0)
(757.0,368.0)
(757.0,368.0)
(757.0,368.0)
(757.0,368.0)
(440.0,368.0)
(417.0,368.0)
(757.0,368.0)
(757.0,368.0)
(440.0,368.0)
(439.0,368.0)
(212.0,368.0)
(757.0,368.0)
(757.0,368.0)
(478.0,368.0)
(757.0,368.0)
(757.0,368.0)
(757.0,368.0)
(757.0,368.0)
(444.0,368.0)
(757.0,368.0)
(757.0,368.0)
(757.0,368.0)
(757.0,368.0)
(757.0,368.0)
(212.0,368.0)
(440.0,368.0)
(757.0,368.0)
(757.0,368.0)
(479.0,368.0)
(757.0,368.0)
(212.0,368.0)
(444.0,368.0)
(440.0,368.0)
(757.0,368.0)
(444.0,368.0)
(440.0,368.0)
(757.0,368.0)
(459.0,368.0)
(757.0,368.0)
(757.0,368.0)
(440.0,368.0)
(757.0,368.0)
(393.0,368.0)
(757.0,368.0)
(446.0,368.0)
(757.0,368.0)
(757.0,368.0)
(440.0,368.0)
(440.0,368.0)
(757.0,368.0)
(410.0,368.0)
(757.0,368.0)
(440.0,368.0)
(757.0,368.0)
(479.0,368.0)
(440.0,368.0)
(757.0,368.0)
(440.0,368.0)
(440.0,368.0)
(440.0,368.0)
(440.0,368.0)
(368.0,368.0)
(444.0,368.0)
(368.0,368.0)
(440.0,368.0)
(410.0,368.0)
(757.0,368.0)
(440.0,368.0)
(757.0,368.0)
(440.0,368.0)
(757.0,368.0)
(757.0,368.0)
(440.0,368.0)
(444.0,368.0)
(440.0,368.0)
(440.0,368.0)
(398.0,368.0)
(446.0,368.0)
(757.0,368.0)
(757.0,368.0)
(410.0,368.0)
(757.0,368.0)
(368.0,368.0)
(757.0,368.0)
(757.0,368.0)
(757.0,368.0)
(757.0,368.0)
(444.0,368.0)
(417.0,368.0)
(757.0,368.0)
(368.0,368.0)
(440.0,368.0)
(757.0,368.0)
(757.0,368.0)
(444.0,368.0)
(757.0,368.0)
(757.0,368.0)
(440.0,368.0)
(757.0,368.0)
(380.0,368.0)
(440.0,368.0)
(757.0,368.0)
(444.0,368.0)
(757.0,368.0)
(368.0,368.0)
(757.0,368.0)
(756.0,368.0)
(440.0,368.0)
(212.0,368.0)
(444.0,368.0)
(757.0,368.0)
(444.0,368.0)
(757.0,368.0)
(757.0,368.0)
(368.0,368.0)
(440.0,368.0)
(444.0,368.0)
(757.0,368.0)
(757.0,368.0)
(757.0,368.0)
(757.0,368.0)
(444.0,368.0)
(757.0,368.0)
(757.0,368.0)
(440.0,368.0)
(440.0,368.0)
(757.0,368.0)
(440.0,368.0)
(444.0,368.0)
(757.0,368.0)
(757.0,368.0)
(757.0,368.0)
(757.0,368.0)
(440.0,368.0)
(757.0,368.0)
(757.0,368.0)
(757.0,368.0)
(757.0,368.0)
(410.0,368.0)
(594.0,368.0)
(785.0,368.0)
(444.0,368.0)
(444.0,368.0)
(444.0,368.0)
(440.0,368.0)
(757.0,368.0)
(757.0,368.0)
(323.0,368.0)
(785.0,368.0)
(757.0,368.0)
(444.0,368.0)
(474.0,368.0)
(757.0,368.0)
(440.0,368.0)
(323.0,368.0)
(757.0,368.0)
(785.0,368.0)
(444.0,368.0)
(440.0,368.0)
(444.0,368.0)
(323.0,368.0)
(444.0,368.0)
(748.0,368.0)
(785.0,368.0)
(479.0,368.0)
(444.0,368.0)
(368.0,368.0)
(444.0,368.0)
(444.0,368.0)
(444.0,368.0)
(323.0,368.0)
(757.0,368.0)
(443.0,368.0)
(474.0,368.0)
(440.0,368.0)
(440.0,368.0)
(594.0,368.0)
(785.0,368.0)
(444.0,368.0)
(757.0,368.0)
(444.0,368.0)
(444.0,368.0)
(444.0,368.0)
(738.0,368.0)
(444.0,368.0)
(785.0,368.0)
(785.0,368.0)
(444.0,368.0)
(323.0,368.0)
(323.0,368.0)
(368.0,368.0)
(748.0,368.0)
(368.0,368.0)
(757.0,368.0)
(449.0,368.0)
(444.0,368.0)
(785.0,368.0)
(444.0,368.0)
(444.0,368.0)
(757.0,368.0)
(785.0,368.0)
(757.0,368.0)
(368.0,368.0)
(444.0,368.0)
(785.0,368.0)
(444.0,368.0)
(444.0,368.0)
(741.0,368.0)
(757.0,368.0)
(594.0,368.0)
(785.0,368.0)
(444.0,368.0)
(444.0,368.0)
(444.0,368.0)
(757.0,368.0)
(444.0,368.0)
(323.0,368.0)
(444.0,368.0)
(757.0,368.0)
(785.0,368.0)
(323.0,368.0)
(444.0,368.0)
(444.0,368.0)
(757.0,368.0)
(757.0,368.0)
(444.0,368.0)
(785.0,368.0)
(785.0,368.0)
(785.0,368.0)
(444.0,368.0)
(444.0,368.0)
(444.0,368.0)
(785.0,368.0)
(368.0,368.0)
(757.0,368.0)
(444.0,368.0)
(323.0,368.0)
(757.0,368.0)
(757.0,368.0)
(444.0,368.0)
(444.0,368.0)
(785.0,368.0)
(444.0,368.0)
(368.0,368.0)
(444.0,368.0)
(444.0,368.0)
(444.0,368.0)
(757.0,368.0)
(785.0,368.0)
(350.0,368.0)
(444.0,368.0)
(594.0,368.0)
(323.0,368.0)
(599.0,368.0)
(323.0,368.0)
(444.0,368.0)
(444.0,368.0)
(444.0,368.0)
(323.0,368.0)
(594.0,368.0)
(785.0,368.0)
(444.0,368.0)
(444.0,368.0)
(785.0,368.0)
(214.0,368.0)
(440.0,368.0)
(785.0,368.0)
(594.0,368.0)
(748.0,368.0)
(757.0,368.0)
(368.0,368.0)
(444.0,368.0)
(748.0,368.0)
(785.0,368.0)
(323.0,368.0)
(368.0,368.0)
(757.0,368.0)
(785.0,368.0)
(444.0,368.0)
(410.0,368.0)
(444.0,368.0)
(785.0,368.0)
(757.0,368.0)
(323.0,368.0)
(474.0,368.0)
(440.0,368.0)
(444.0,368.0)
(410.0,368.0)
(323.0,368.0)
(594.0,368.0)
(444.0,368.0)
(444.0,368.0)
(444.0,368.0)
(323.0,368.0)
(785.0,368.0)
(440.0,368.0)
(757.0,368.0)
(444.0,368.0)
(444.0,368.0)
(444.0,368.0)
(757.0,368.0)
(444.0,368.0)
(757.0,368.0)
(323.0,368.0)
(444.0,368.0)
(757.0,368.0)
(757.0,368.0)
(368.0,368.0)
(785.0,368.0)
(785.0,368.0)
(214.0,368.0)
(474.0,368.0)
(757.0,368.0)
(323.0,368.0)
(323.0,368.0)
(757.0,368.0)
(741.0,368.0)
(410.0,368.0)
(444.0,368.0)
(444.0,368.0)
(444.0,368.0)
(323.0,368.0)
(440.0,368.0)
(757.0,368.0)
(785.0,368.0)
(785.0,368.0)
(440.0,368.0)
(757.0,368.0)
(752.0,368.0)
(360.0,368.0)
(757.0,368.0)
(785.0,368.0)
(444.0,368.0)
(785.0,368.0)
(444.0,368.0)
(757.0,368.0)
(785.0,368.0)
(440.0,368.0)
(444.0,368.0)
(444.0,368.0)
(350.0,368.0)
(440.0,368.0)
(440.0,368.0)
(444.0,368.0)
(752.0,368.0)
(444.0,368.0)
(440.0,368.0)
(785.0,368.0)
(748.0,368.0)
(757.0,368.0)
(444.0,368.0)
(785.0,368.0)
(350.0,368.0)
(323.0,368.0)
(440.0,368.0)
(757.0,368.0)
(444.0,368.0)
(785.0,368.0)
(440.0,368.0)
(323.0,368.0)
(368.0,368.0)
(323.0,368.0)
(368.0,368.0)
(440.0,368.0)
(757.0,368.0)
(440.0,368.0)
(757.0,368.0)
(594.0,368.0)
(757.0,368.0)
(444.0,368.0)
(410.0,368.0)
(440.0,368.0)
(440.0,368.0)
(444.0,368.0)
(368.0,368.0)
(752.0,368.0)
(757.0,368.0)
(444.0,368.0)
(444.0,368.0)
(757.0,368.0)
(444.0,368.0)
(752.0,368.0)
(757.0,368.0)
(436.0,368.0)
(323.0,368.0)
(785.0,368.0)
(368.0,368.0)
(757.0,368.0)
(785.0,368.0)
(785.0,368.0)
(594.0,368.0)
(350.0,368.0)
(323.0,368.0)
(785.0,368.0)
(444.0,368.0)
(459.0,368.0)
(785.0,368.0)
(444.0,368.0)
(748.0,368.0)
(323.0,368.0)
(785.0,368.0)
(757.0,368.0)
(444.0,368.0)
(440.0,368.0)
(754.0,368.0)
(757.0,368.0)
(594.0,368.0)
(748.0,368.0)
(444.0,368.0)
(785.0,368.0)
(785.0,368.0)
(444.0,368.0)
(785.0,368.0)
(475.0,368.0)
(785.0,368.0)
(757.0,368.0)
(785.0,368.0)
(444.0,368.0)
(474.0,368.0)
(444.0,368.0)
(757.0,368.0)
(444.0,368.0)
(785.0,368.0)
(323.0,368.0)
(444.0,368.0)
(757.0,368.0)
(785.0,368.0)
(444.0,368.0)
(474.0,368.0)
(444.0,368.0)
(785.0,368.0)
(757.0,368.0)
(785.0,368.0)
(757.0,368.0)
(757.0,368.0)
(2.0,368.0)
(757.0,368.0)
(393.0,368.0)
(435.0,368.0)
(444.0,368.0)
(757.0,368.0)
(444.0,368.0)
(444.0,368.0)
(757.0,368.0)
(368.0,368.0)
(757.0,368.0)
(350.0,368.0)
(757.0,368.0)
(752.0,368.0)
(757.0,368.0)
(368.0,368.0)
(323.0,368.0)
(440.0,368.0)
(757.0,368.0)
(799.0,368.0)
(440.0,368.0)
(785.0,368.0)
(757.0,368.0)
(757.0,368.0)
(368.0,368.0)
(436.0,368.0)
(444.0,368.0)
(757.0,368.0)
(444.0,368.0)
(757.0,368.0)
(752.0,368.0)
(757.0,368.0)
(444.0,368.0)
(444.0,368.0)
(757.0,368.0)
(350.0,368.0)
(785.0,368.0)
(444.0,368.0)
(440.0,368.0)
(323.0,368.0)
(799.0,368.0)
(440.0,368.0)
(785.0,368.0)
(323.0,368.0)
(785.0,368.0)
(440.0,368.0)
(785.0,368.0)
(444.0,368.0)
(444.0,368.0)
(444.0,368.0)
(785.0,368.0)
(738.0,368.0)
(444.0,368.0)
(757.0,368.0)
(368.0,368.0)
(444.0,368.0)
(785.0,368.0)
(440.0,368.0)
(748.0,368.0)
(440.0,368.0)
(444.0,368.0)
(444.0,368.0)
(757.0,368.0)
(440.0,368.0)
(444.0,368.0)
(757.0,368.0)
(748.0,368.0)
(757.0,368.0)
(785.0,368.0)
(440.0,368.0)
(323.0,368.0)
(368.0,368.0)
(444.0,368.0)
(748.0,368.0)
(350.0,368.0)
(785.0,368.0)
(785.0,368.0)
(444.0,368.0)
(785.0,368.0)
(428.0,368.0)
(444.0,368.0)
(440.0,368.0)
(757.0,368.0)
(323.0,368.0)
(323.0,368.0)
(444.0,368.0)
(785.0,368.0)
(323.0,368.0)
(757.0,368.0)
(785.0,368.0)
(516.0,368.0)
(440.0,368.0)
(785.0,368.0)
(440.0,368.0)
(412.0,368.0)
(412.0,368.0)
(448.0,368.0)
(412.0,368.0)
(412.0,368.0)
(427.0,368.0)
(479.0,368.0)
(479.0,368.0)
(410.0,368.0)
(410.0,368.0)
(479.0,368.0)
(412.0,368.0)
(412.0,368.0)
(410.0,368.0)
(410.0,368.0)
(479.0,368.0)
(412.0,368.0)
(412.0,368.0)
(412.0,368.0)
(412.0,368.0)
(412.0,368.0)
(479.0,368.0)
(412.0,368.0)
(412.0,368.0)
(410.0,368.0)
(787.0,368.0)
(471.0,368.0)
(410.0,368.0)
(410.0,368.0)
(479.0,368.0)
(446.0,368.0)
(412.0,368.0)
(412.0,368.0)
(410.0,368.0)
(479.0,368.0)
(412.0,368.0)
(354.0,368.0)
(410.0,368.0)
(412.0,368.0)
(410.0,368.0)
(412.0,368.0)
(410.0,368.0)
(409.0,368.0)
(479.0,368.0)
(412.0,368.0)
(455.0,368.0)
(410.0,368.0)
(479.0,368.0)
(412.0,368.0)
(410.0,368.0)
(410.0,368.0)
(409.0,368.0)
(408.0,368.0)
(412.0,368.0)
(414.0,368.0)
(787.0,368.0)
(412.0,368.0)
(479.0,368.0)
(448.0,368.0)
(368.0,368.0)
(461.0,368.0)
(409.0,368.0)
(410.0,368.0)
(409.0,368.0)
(379.0,368.0)
(479.0,368.0)
(368.0,368.0)
(412.0,368.0)
(787.0,368.0)
(410.0,368.0)
(757.0,368.0)
(479.0,368.0)
(410.0,368.0)
(410.0,368.0)
(479.0,368.0)
(410.0,368.0)
(412.0,368.0)
(410.0,368.0)
(412.0,368.0)
(412.0,368.0)
(412.0,368.0)
(410.0,368.0)
(412.0,368.0)
(412.0,368.0)
(412.0,368.0)
(412.0,368.0)
(410.0,368.0)
(412.0,368.0)
(412.0,368.0)
(398.0,368.0)
(410.0,368.0)
(410.0,368.0)
(410.0,368.0)
(412.0,368.0)
(769.0,368.0)
(412.0,368.0)
(410.0,368.0)
(410.0,368.0)
(412.0,368.0)
(409.0,368.0)
(409.0,368.0)
(409.0,368.0)
(415.0,368.0)
(410.0,368.0)
(410.0,368.0)
(412.0,368.0)
(810.0,368.0)
(410.0,368.0)
(412.0,368.0)
(479.0,368.0)
(412.0,368.0)
(408.0,368.0)
(769.0,368.0)
(479.0,368.0)
(410.0,368.0)
(410.0,368.0)
(412.0,368.0)
(412.0,368.0)
(410.0,368.0)
(410.0,368.0)
(412.0,368.0)
(446.0,368.0)
(787.0,368.0)
(410.0,368.0)
(479.0,368.0)
(479.0,368.0)
(446.0,368.0)
(410.0,368.0)
(446.0,368.0)
(410.0,368.0)
(412.0,368.0)
(410.0,368.0)
(787.0,368.0)
(379.0,368.0)
(479.0,368.0)
(479.0,368.0)
(412.0,368.0)
(412.0,368.0)
(412.0,368.0)
(412.0,368.0)
(410.0,368.0)
(410.0,368.0)
(427.0,368.0)
(409.0,368.0)
(412.0,368.0)
(409.0,368.0)
(410.0,368.0)
(410.0,368.0)
(410.0,368.0)
(368.0,368.0)
(412.0,368.0)
(409.0,368.0)
(410.0,368.0)
(412.0,368.0)
(410.0,368.0)
(379.0,368.0)
(786.0,368.0)
(410.0,368.0)
(479.0,368.0)
(409.0,368.0)
(409.0,368.0)
(412.0,368.0)
(479.0,368.0)
(483.0,368.0)
(809.0,368.0)
(409.0,368.0)
(483.0,368.0)
(410.0,368.0)
(459.0,368.0)
(479.0,368.0)
(479.0,368.0)
(479.0,368.0)
(410.0,368.0)
(412.0,368.0)
(479.0,368.0)
(412.0,368.0)
(409.0,368.0)
(379.0,368.0)
(412.0,368.0)
(412.0,368.0)
(428.0,368.0)
(412.0,368.0)
(446.0,368.0)
(412.0,368.0)
(479.0,368.0)
(410.0,368.0)
(412.0,368.0)
(410.0,368.0)
(446.0,368.0)
(770.0,368.0)
(479.0,368.0)
(410.0,368.0)
(412.0,368.0)
(479.0,368.0)
(412.0,368.0)
(410.0,368.0)
(409.0,368.0)
(368.0,368.0)
(368.0,368.0)
(447.0,368.0)
(368.0,368.0)
(368.0,368.0)
(479.0,368.0)
(368.0,368.0)
(368.0,368.0)
(391.0,368.0)
(368.0,368.0)
(368.0,368.0)
(459.0,368.0)
(368.0,368.0)
(368.0,368.0)
(368.0,368.0)
(368.0,368.0)
(368.0,368.0)
(368.0,368.0)
(368.0,368.0)
(368.0,368.0)
(368.0,368.0)
(382.0,368.0)
(368.0,368.0)
(459.0,368.0)
(459.0,368.0)
(368.0,368.0)
(368.0,368.0)
(447.0,368.0)
(368.0,368.0)
(368.0,368.0)
(368.0,368.0)
(391.0,368.0)
(447.0,368.0)
(428.0,368.0)
(474.0,368.0)
(368.0,368.0)
(368.0,368.0)
(459.0,368.0)
(368.0,368.0)
(368.0,368.0)
(379.0,368.0)
(368.0,368.0)
(483.0,368.0)
(447.0,368.0)
(368.0,368.0)
(368.0,368.0)
(368.0,368.0)
(368.0,368.0)
(368.0,368.0)
(368.0,368.0)
(368.0,368.0)
(368.0,368.0)
(368.0,368.0)
(368.0,368.0)
(391.0,368.0)
(368.0,368.0)
(757.0,368.0)
(368.0,368.0)
(368.0,368.0)
(368.0,368.0)
(757.0,368.0)
(368.0,368.0)
(368.0,368.0)
(368.0,368.0)
(368.0,368.0)
(368.0,368.0)
(368.0,368.0)
(368.0,368.0)
(368.0,368.0)
(368.0,368.0)
(757.0,368.0)
(447.0,368.0)
(368.0,368.0)
(757.0,368.0)
(382.0,368.0)
(448.0,368.0)
(785.0,368.0)
(368.0,368.0)
(368.0,368.0)
(447.0,368.0)
(447.0,368.0)
(368.0,368.0)
(459.0,368.0)
(368.0,368.0)
(785.0,368.0)
(368.0,368.0)
(368.0,368.0)
(368.0,368.0)
(368.0,368.0)
(368.0,368.0)
(757.0,368.0)
(479.0,368.0)
(368.0,368.0)
(368.0,368.0)
(368.0,368.0)
(368.0,368.0)
(368.0,368.0)
(368.0,368.0)
(368.0,368.0)
(368.0,368.0)
(368.0,368.0)
(368.0,368.0)
(447.0,368.0)
(381.0,368.0)
(757.0,368.0)
(447.0,368.0)
(482.0,368.0)
(368.0,368.0)
(459.0,368.0)
(368.0,368.0)
(368.0,368.0)
(368.0,368.0)
(368.0,368.0)
(368.0,368.0)
(785.0,368.0)
(368.0,368.0)
(368.0,368.0)
(368.0,368.0)
(368.0,368.0)
(368.0,368.0)
(368.0,368.0)
(368.0,368.0)
(368.0,368.0)
(354.0,368.0)
(368.0,368.0)
(368.0,368.0)
(368.0,368.0)
(368.0,368.0)
(368.0,368.0)
(368.0,368.0)
(756.0,368.0)
(354.0,368.0)
(368.0,368.0)
(421.0,368.0)
(756.0,368.0)
(368.0,368.0)
(447.0,368.0)
(368.0,368.0)
(368.0,368.0)
(368.0,368.0)
(785.0,368.0)
(368.0,368.0)
(368.0,368.0)
(368.0,368.0)
(368.0,368.0)
(482.0,368.0)
(368.0,368.0)
(368.0,368.0)
(368.0,368.0)
(368.0,368.0)
(368.0,368.0)
(368.0,368.0)
(368.0,368.0)
(368.0,368.0)
(483.0,368.0)
(368.0,368.0)
(368.0,368.0)
(368.0,368.0)
(368.0,368.0)
(368.0,368.0)
(368.0,368.0)
(368.0,368.0)
(368.0,368.0)
(368.0,368.0)
(757.0,368.0)
(368.0,368.0)
(368.0,368.0)
(756.0,368.0)
(391.0,368.0)
(447.0,368.0)
(757.0,368.0)
(368.0,368.0)
(368.0,368.0)
(459.0,368.0)
(368.0,368.0)
(368.0,368.0)
(368.0,368.0)
(368.0,368.0)
(382.0,368.0)
(368.0,368.0)
(368.0,368.0)
(368.0,368.0)
(368.0,368.0)
(368.0,368.0)
(447.0,368.0)
(368.0,368.0)
(459.0,368.0)
(368.0,368.0)
(368.0,368.0)
(368.0,368.0)
(483.0,368.0)
(757.0,368.0)
(754.0,368.0)
(368.0,368.0)
(368.0,368.0)
(424.0,424.0)
(424.0,424.0)
(424.0,424.0)
(461.0,424.0)
(388.0,424.0)
(424.0,424.0)
(771.0,424.0)
(388.0,424.0)
(424.0,424.0)
(424.0,424.0)
(388.0,424.0)
(424.0,424.0)
(424.0,424.0)
(424.0,424.0)
(424.0,424.0)
(424.0,424.0)
(424.0,424.0)
(424.0,424.0)
(386.0,424.0)
(386.0,424.0)
(388.0,424.0)
(438.0,424.0)
(424.0,424.0)
(388.0,424.0)
(424.0,424.0)
(424.0,424.0)
(388.0,424.0)
(388.0,424.0)
(424.0,424.0)
(424.0,424.0)
(421.0,424.0)
(424.0,424.0)
(424.0,424.0)
(409.0,424.0)
(424.0,424.0)
(386.0,424.0)
(388.0,424.0)
(424.0,424.0)
(388.0,424.0)
(424.0,424.0)
(386.0,424.0)
(424.0,424.0)
(391.0,424.0)
(438.0,424.0)
(424.0,424.0)
(430.0,424.0)
(421.0,424.0)
(424.0,424.0)
(424.0,424.0)
(424.0,424.0)
(402.0,424.0)
(388.0,424.0)
(424.0,424.0)
(388.0,424.0)
(424.0,424.0)
(417.0,424.0)
(388.0,424.0)
(386.0,424.0)
(424.0,424.0)
(399.0,424.0)
(417.0,424.0)
(424.0,424.0)
(421.0,424.0)
(424.0,424.0)
(402.0,424.0)
(391.0,424.0)
(398.0,424.0)
(387.0,424.0)
(424.0,424.0)
(434.0,424.0)
(771.0,424.0)
(424.0,424.0)
(424.0,424.0)
(424.0,424.0)
(424.0,424.0)
(391.0,424.0)
(424.0,424.0)
(424.0,424.0)
(386.0,424.0)
(430.0,424.0)
(424.0,424.0)
(424.0,424.0)
(424.0,424.0)
(388.0,424.0)
(390.0,424.0)
(424.0,424.0)
(424.0,424.0)
(398.0,424.0)
(389.0,424.0)
(763.0,424.0)
(424.0,424.0)
(771.0,424.0)
(424.0,424.0)
(763.0,424.0)
(424.0,424.0)
(423.0,424.0)
