(471.0,471.0)
(471.0,471.0)
(471.0,471.0)
(471.0,471.0)
(422.0,471.0)
(471.0,471.0)
(471.0,471.0)
(471.0,471.0)
(421.0,471.0)
(471.0,471.0)
(804.0,471.0)
(471.0,471.0)
(471.0,471.0)
(471.0,471.0)
(459.0,471.0)
(471.0,471.0)
(471.0,471.0)
(421.0,471.0)
(455.0,471.0)
(471.0,471.0)
(417.0,471.0)
(459.0,471.0)
(459.0,471.0)
(421.0,471.0)
(459.0,471.0)
(471.0,471.0)
(455.0,471.0)
(455.0,471.0)
(421.0,471.0)
(455.0,471.0)
(471.0,471.0)
(471.0,471.0)
(471.0,471.0)
(471.0,471.0)
(804.0,471.0)
(471.0,471.0)
(447.0,471.0)
(459.0,471.0)
(471.0,471.0)
(471.0,471.0)
(459.0,471.0)
(471.0,471.0)
(447.0,471.0)
(447.0,471.0)
(471.0,471.0)
(471.0,471.0)
(471.0,471.0)
(455.0,471.0)
(471.0,471.0)
(455.0,471.0)
(455.0,471.0)
(447.0,471.0)
(455.0,471.0)
(471.0,471.0)
(471.0,471.0)
(447.0,471.0)
(471.0,471.0)
(447.0,471.0)
(471.0,471.0)
(455.0,471.0)
(471.0,471.0)
(447.0,471.0)
(471.0,471.0)
(455.0,471.0)
(471.0,471.0)
(471.0,471.0)
(471.0,471.0)
(471.0,471.0)
(471.0,471.0)
(471.0,471.0)
(471.0,471.0)
(471.0,471.0)
(471.0,471.0)
(471.0,471.0)
(471.0,471.0)
(471.0,471.0)
(471.0,471.0)
(471.0,471.0)
(459.0,471.0)
(471.0,471.0)
(471.0,471.0)
(417.0,471.0)
(459.0,471.0)
(471.0,471.0)
(471.0,471.0)
(471.0,471.0)
(471.0,471.0)
(471.0,471.0)
(471.0,471.0)
(471.0,471.0)
(471.0,471.0)
(471.0,471.0)
(471.0,471.0)
(471.0,471.0)
(471.0,471.0)
(471.0,471.0)
(459.0,471.0)
(483.0,471.0)
(421.0,471.0)
(471.0,471.0)
(455.0,471.0)
(471.0,471.0)
(471.0,471.0)
(471.0,471.0)
(447.0,471.0)
(471.0,471.0)
(471.0,471.0)
(455.0,471.0)
(447.0,471.0)
(471.0,471.0)
(471.0,471.0)
(447.0,471.0)
(471.0,471.0)
(447.0,471.0)
(471.0,471.0)
(471.0,471.0)
(471.0,471.0)
(471.0,471.0)
(471.0,471.0)
(471.0,471.0)
(471.0,471.0)
(459.0,471.0)
(471.0,471.0)
(455.0,471.0)
(455.0,471.0)
(447.0,471.0)
(471.0,471.0)
(471.0,471.0)
(471.0,471.0)
(471.0,471.0)
(459.0,471.0)
(471.0,471.0)
(471.0,471.0)
(471.0,471.0)
(471.0,471.0)
(447.0,471.0)
(455.0,471.0)
(471.0,471.0)
(471.0,471.0)
(471.0,471.0)
(471.0,471.0)
(471.0,471.0)
(471.0,471.0)
(471.0,471.0)
(471.0,471.0)
(455.0,471.0)
(447.0,471.0)
(471.0,471.0)
(471.0,471.0)
(471.0,471.0)
(471.0,471.0)
(447.0,471.0)
(447.0,471.0)
(447.0,471.0)
(471.0,471.0)
(471.0,471.0)
(471.0,471.0)
(471.0,471.0)
(471.0,471.0)
(471.0,471.0)
(471.0,471.0)
(471.0,471.0)
(471.0,471.0)
(447.0,471.0)
(455.0,471.0)
(471.0,471.0)
(455.0,471.0)
(471.0,471.0)
(471.0,471.0)
(471.0,471.0)
(431.0,471.0)
(455.0,471.0)
(471.0,471.0)
(471.0,471.0)
(447.0,471.0)
(447.0,471.0)
(459.0,471.0)
(471.0,471.0)
(804.0,471.0)
(455.0,471.0)
(471.0,471.0)
(455.0,471.0)
(471.0,471.0)
(471.0,471.0)
(421.0,471.0)
(471.0,471.0)
(455.0,471.0)
(471.0,471.0)
(471.0,471.0)
(471.0,471.0)
(471.0,471.0)
(471.0,471.0)
(471.0,471.0)
(471.0,471.0)
(471.0,471.0)
(455.0,471.0)
(471.0,471.0)
(471.0,471.0)
(471.0,471.0)
(455.0,471.0)
(447.0,471.0)
(471.0,471.0)
(471.0,471.0)
(471.0,471.0)
(471.0,471.0)
(471.0,471.0)
(471.0,471.0)
(471.0,471.0)
(471.0,471.0)
(455.0,471.0)
(471.0,471.0)
(471.0,471.0)
(471.0,471.0)
(404.0,471.0)
(471.0,471.0)
(471.0,471.0)
(471.0,471.0)
(455.0,471.0)
(471.0,471.0)
(459.0,471.0)
(447.0,471.0)
(455.0,471.0)
(471.0,471.0)
(481.0,471.0)
(471.0,471.0)
(471.0,471.0)
(804.0,471.0)
(471.0,471.0)
(471.0,471.0)
(771.0,471.0)
(482.0,471.0)
(447.0,471.0)
(471.0,471.0)
(471.0,471.0)
(471.0,471.0)
(471.0,471.0)
(471.0,471.0)
(455.0,471.0)
(471.0,471.0)
(471.0,471.0)
(471.0,471.0)
(471.0,471.0)
(471.0,471.0)
(447.0,471.0)
(441.0,471.0)
(421.0,471.0)
(471.0,471.0)
(455.0,471.0)
(421.0,471.0)
(471.0,471.0)
(459.0,471.0)
(459.0,471.0)
(447.0,471.0)
(471.0,471.0)
(471.0,471.0)
(471.0,471.0)
(471.0,471.0)
(471.0,471.0)
(471.0,471.0)
(471.0,471.0)
(471.0,471.0)
(471.0,471.0)
(471.0,471.0)
(471.0,471.0)
(447.0,471.0)
(421.0,471.0)
(471.0,471.0)
(421.0,471.0)
(471.0,471.0)
(447.0,471.0)
(447.0,471.0)
(447.0,471.0)
(447.0,471.0)
(421.0,471.0)
(471.0,471.0)
(471.0,471.0)
(471.0,471.0)
(455.0,471.0)
(471.0,471.0)
(471.0,471.0)
(471.0,471.0)
(471.0,471.0)
(471.0,471.0)
(471.0,471.0)
(447.0,471.0)
(471.0,471.0)
(471.0,471.0)
(771.0,471.0)
(471.0,471.0)
(447.0,471.0)
(447.0,471.0)
(471.0,471.0)
(471.0,471.0)
(447.0,471.0)
(471.0,471.0)
(471.0,471.0)
(471.0,471.0)
(471.0,471.0)
(447.0,471.0)
(471.0,471.0)
(455.0,471.0)
(455.0,471.0)
(471.0,471.0)
(404.0,471.0)
(447.0,471.0)
(471.0,471.0)
(447.0,471.0)
(459.0,471.0)
(471.0,471.0)
(471.0,471.0)
(471.0,471.0)
(471.0,471.0)
(471.0,471.0)
(471.0,471.0)
(421.0,471.0)
(471.0,471.0)
(471.0,471.0)
(471.0,471.0)
(455.0,471.0)
(447.0,471.0)
(471.0,471.0)
(471.0,471.0)
(455.0,471.0)
(455.0,471.0)
(455.0,471.0)
(785.0,471.0)
(483.0,471.0)
(471.0,471.0)
(447.0,471.0)
(471.0,471.0)
(471.0,471.0)
(455.0,471.0)
(471.0,471.0)
(804.0,471.0)
(431.0,471.0)
(471.0,471.0)
(804.0,471.0)
(471.0,471.0)
(459.0,471.0)
(471.0,471.0)
(471.0,471.0)
(471.0,471.0)
(471.0,471.0)
(447.0,471.0)
(471.0,471.0)
(471.0,471.0)
(455.0,471.0)
(471.0,471.0)
(455.0,471.0)
(471.0,471.0)
(471.0,471.0)
(471.0,471.0)
(471.0,471.0)
(447.0,471.0)
(471.0,471.0)
(471.0,471.0)
(447.0,471.0)
(471.0,471.0)
(471.0,471.0)
(471.0,471.0)
(471.0,471.0)
(455.0,471.0)
(455.0,471.0)
(447.0,471.0)
(417.0,471.0)
(455.0,471.0)
(413.0,471.0)
(421.0,471.0)
(447.0,471.0)
(417.0,471.0)
(471.0,471.0)
(421.0,471.0)
(447.0,471.0)
(471.0,471.0)
(471.0,471.0)
(447.0,471.0)
(471.0,471.0)
(471.0,471.0)
(455.0,471.0)
(471.0,471.0)
(471.0,471.0)
(447.0,471.0)
(447.0,471.0)
(471.0,471.0)
(471.0,471.0)
(804.0,471.0)
(804.0,471.0)
(471.0,471.0)
(455.0,471.0)
(471.0,471.0)
(455.0,471.0)
(804.0,471.0)
(447.0,471.0)
(471.0,471.0)
(481.0,471.0)
(455.0,471.0)
(471.0,471.0)
(471.0,471.0)
(471.0,471.0)
(471.0,471.0)
(471.0,471.0)
(404.0,471.0)
(447.0,471.0)
(471.0,471.0)
(471.0,471.0)
(447.0,471.0)
(471.0,471.0)
(804.0,471.0)
(431.0,471.0)
(471.0,471.0)
(471.0,471.0)
(471.0,471.0)
(471.0,471.0)
(471.0,471.0)
(459.0,471.0)
(471.0,471.0)
(471.0,471.0)
(447.0,471.0)
(421.0,471.0)
(455.0,471.0)
(471.0,471.0)
(471.0,471.0)
(447.0,471.0)
(471.0,471.0)
(459.0,471.0)
(471.0,471.0)
(447.0,471.0)
(471.0,471.0)
(471.0,471.0)
(471.0,471.0)
(471.0,471.0)
(471.0,471.0)
(471.0,471.0)
(804.0,471.0)
(455.0,471.0)
(471.0,471.0)
(447.0,471.0)
(447.0,471.0)
(471.0,471.0)
(471.0,471.0)
(471.0,471.0)
(471.0,471.0)
(471.0,471.0)
(447.0,471.0)
(471.0,471.0)
(471.0,471.0)
(471.0,471.0)
(421.0,471.0)
(471.0,471.0)
(471.0,471.0)
(471.0,471.0)
(471.0,471.0)
(481.0,471.0)
(471.0,471.0)
(471.0,471.0)
(471.0,471.0)
(471.0,471.0)
(455.0,471.0)
(471.0,471.0)
(447.0,471.0)
(459.0,471.0)
(447.0,471.0)
(447.0,471.0)
(447.0,471.0)
(481.0,471.0)
(471.0,471.0)
(455.0,471.0)
(459.0,471.0)
(471.0,471.0)
(421.0,471.0)
(471.0,471.0)
(471.0,471.0)
(471.0,471.0)
(455.0,471.0)
(471.0,471.0)
(471.0,471.0)
(455.0,471.0)
(471.0,471.0)
(471.0,471.0)
(471.0,471.0)
(471.0,471.0)
(471.0,471.0)
(471.0,471.0)
(471.0,471.0)
(471.0,471.0)
(471.0,471.0)
(471.0,471.0)
(471.0,471.0)
(471.0,471.0)
(471.0,471.0)
(471.0,471.0)
(455.0,471.0)
(471.0,471.0)
(471.0,471.0)
(455.0,471.0)
(483.0,471.0)
(471.0,471.0)
(447.0,471.0)
(471.0,471.0)
(471.0,471.0)
(471.0,471.0)
(471.0,471.0)
(471.0,471.0)
(471.0,471.0)
(471.0,471.0)
(404.0,471.0)
(447.0,471.0)
(455.0,471.0)
(471.0,471.0)
(471.0,471.0)
(455.0,471.0)
(447.0,471.0)
(455.0,471.0)
(471.0,471.0)
(471.0,471.0)
(455.0,471.0)
(471.0,471.0)
(455.0,471.0)
(471.0,471.0)
(455.0,471.0)
(447.0,471.0)
(413.0,471.0)
(447.0,471.0)
(447.0,471.0)
(455.0,471.0)
(471.0,471.0)
(471.0,471.0)
(455.0,471.0)
(471.0,471.0)
(434.0,471.0)
(471.0,471.0)
(447.0,471.0)
(471.0,471.0)
(447.0,471.0)
(471.0,471.0)
(471.0,471.0)
(471.0,471.0)
(471.0,471.0)
(471.0,471.0)
(471.0,471.0)
(471.0,471.0)
(447.0,471.0)
(471.0,471.0)
(471.0,471.0)
(471.0,471.0)
(471.0,471.0)
(471.0,471.0)
(471.0,471.0)
(455.0,471.0)
(471.0,471.0)
(447.0,471.0)
(471.0,471.0)
(471.0,471.0)
(471.0,471.0)
(471.0,471.0)
(421.0,471.0)
(431.0,471.0)
(471.0,471.0)
(471.0,471.0)
(471.0,471.0)
(471.0,471.0)
(471.0,471.0)
(447.0,471.0)
(459.0,471.0)
(447.0,471.0)
(471.0,471.0)
(471.0,471.0)
(471.0,471.0)
(421.0,471.0)
(447.0,471.0)
(455.0,471.0)
(459.0,471.0)
(421.0,471.0)
(417.0,471.0)
(471.0,471.0)
(471.0,471.0)
(459.0,471.0)
(471.0,471.0)
(471.0,471.0)
(459.0,471.0)
(471.0,471.0)
(471.0,471.0)
(471.0,471.0)
(471.0,471.0)
(471.0,471.0)
(455.0,471.0)
(471.0,471.0)
(455.0,471.0)
(471.0,471.0)
(471.0,471.0)
(471.0,471.0)
(471.0,471.0)
(471.0,471.0)
(471.0,471.0)
(471.0,471.0)
(482.0,471.0)
(447.0,471.0)
(459.0,471.0)
(471.0,471.0)
(471.0,471.0)
(455.0,471.0)
(471.0,471.0)
(471.0,471.0)
(471.0,471.0)
(447.0,471.0)
(471.0,471.0)
(459.0,471.0)
(471.0,471.0)
(471.0,471.0)
(447.0,471.0)
(447.0,471.0)
(471.0,471.0)
(459.0,471.0)
(471.0,471.0)
(471.0,471.0)
(471.0,471.0)
(471.0,471.0)
(471.0,471.0)
(459.0,471.0)
(471.0,471.0)
(421.0,471.0)
(455.0,471.0)
(421.0,471.0)
(471.0,471.0)
(471.0,471.0)
(471.0,471.0)
(471.0,471.0)
(471.0,471.0)
(471.0,471.0)
(471.0,471.0)
(471.0,471.0)
(471.0,471.0)
(471.0,471.0)
(421.0,471.0)
(471.0,471.0)
(471.0,471.0)
(455.0,471.0)
(471.0,471.0)
(471.0,471.0)
(471.0,471.0)
(471.0,471.0)
(471.0,471.0)
(447.0,471.0)
(459.0,471.0)
(447.0,471.0)
(471.0,471.0)
(471.0,471.0)
(471.0,471.0)
(471.0,471.0)
(471.0,471.0)
(471.0,471.0)
(447.0,471.0)
(404.0,471.0)
(471.0,471.0)
(471.0,471.0)
(471.0,471.0)
(447.0,471.0)
(471.0,471.0)
(447.0,471.0)
(471.0,471.0)
(471.0,471.0)
(421.0,471.0)
(421.0,471.0)
(471.0,471.0)
(471.0,471.0)
(471.0,471.0)
(447.0,471.0)
(421.0,471.0)
(447.0,471.0)
(471.0,471.0)
(447.0,471.0)
(471.0,471.0)
(471.0,471.0)
(471.0,471.0)
(459.0,471.0)
(471.0,471.0)
(471.0,471.0)
(471.0,471.0)
(447.0,471.0)
(471.0,471.0)
(471.0,471.0)
(471.0,471.0)
(471.0,471.0)
(421.0,471.0)
(455.0,471.0)
(471.0,471.0)
(459.0,471.0)
(459.0,471.0)
(471.0,471.0)
(455.0,471.0)
(447.0,471.0)
(455.0,471.0)
(471.0,471.0)
(471.0,471.0)
(471.0,471.0)
(471.0,471.0)
(471.0,471.0)
(471.0,471.0)
(471.0,471.0)
(471.0,471.0)
(471.0,471.0)
(455.0,471.0)
(471.0,471.0)
(471.0,471.0)
(471.0,471.0)
(459.0,471.0)
(471.0,471.0)
(471.0,471.0)
(471.0,471.0)
(471.0,471.0)
(481.0,471.0)
(447.0,471.0)
(471.0,471.0)
(471.0,471.0)
(471.0,471.0)
(471.0,471.0)
(471.0,471.0)
(471.0,471.0)
(471.0,471.0)
(471.0,471.0)
(471.0,471.0)
(447.0,471.0)
(471.0,471.0)
(471.0,471.0)
(471.0,471.0)
(471.0,471.0)
(471.0,471.0)
(471.0,471.0)
(471.0,471.0)
(471.0,471.0)
(455.0,471.0)
(455.0,471.0)
(455.0,471.0)
(447.0,471.0)
(471.0,471.0)
(471.0,471.0)
(459.0,471.0)
(471.0,471.0)
(471.0,471.0)
(471.0,471.0)
(459.0,471.0)
(455.0,471.0)
(447.0,471.0)
(471.0,471.0)
(471.0,471.0)
(471.0,471.0)
(471.0,471.0)
(471.0,471.0)
(417.0,471.0)
(471.0,471.0)
(471.0,471.0)
(471.0,471.0)
(447.0,471.0)
(804.0,471.0)
(422.0,471.0)
(471.0,471.0)
(455.0,471.0)
(474.0,471.0)
(471.0,471.0)
(455.0,471.0)
(471.0,471.0)
(471.0,471.0)
(447.0,471.0)
(471.0,471.0)
(459.0,471.0)
(455.0,471.0)
(455.0,471.0)
(471.0,471.0)
(471.0,471.0)
(471.0,471.0)
(471.0,471.0)
(471.0,471.0)
(471.0,471.0)
(455.0,471.0)
(471.0,471.0)
(455.0,471.0)
(447.0,471.0)
(471.0,471.0)
(455.0,471.0)
(471.0,471.0)
(447.0,471.0)
(471.0,471.0)
(471.0,471.0)
(455.0,471.0)
(471.0,471.0)
(447.0,471.0)
(471.0,471.0)
(471.0,471.0)
(455.0,471.0)
(459.0,471.0)
(471.0,471.0)
(471.0,471.0)
(421.0,471.0)
(471.0,471.0)
(471.0,471.0)
(471.0,471.0)
(471.0,471.0)
(471.0,471.0)
(455.0,471.0)
(471.0,471.0)
(471.0,471.0)
(471.0,471.0)
(455.0,471.0)
(471.0,471.0)
(471.0,471.0)
(471.0,471.0)
(471.0,471.0)
(471.0,471.0)
(422.0,471.0)
(471.0,471.0)
(804.0,471.0)
(455.0,471.0)
(455.0,471.0)
(455.0,471.0)
(417.0,471.0)
(471.0,471.0)
(471.0,471.0)
(471.0,471.0)
(455.0,471.0)
(455.0,471.0)
(455.0,471.0)
(455.0,471.0)
(471.0,471.0)
(471.0,471.0)
(471.0,471.0)
(471.0,471.0)
(471.0,471.0)
(471.0,471.0)
(471.0,471.0)
(471.0,471.0)
(471.0,471.0)
(471.0,471.0)
(471.0,471.0)
(471.0,471.0)
(459.0,471.0)
(471.0,471.0)
(471.0,471.0)
(471.0,471.0)
(471.0,471.0)
(471.0,471.0)
(471.0,471.0)
(471.0,471.0)
(455.0,471.0)
(471.0,471.0)
(447.0,471.0)
(421.0,471.0)
(471.0,471.0)
(471.0,471.0)
(447.0,471.0)
(471.0,471.0)
(471.0,471.0)
(455.0,471.0)
(471.0,471.0)
(471.0,471.0)
(471.0,471.0)
(447.0,471.0)
(471.0,471.0)
(471.0,471.0)
(471.0,471.0)
(471.0,471.0)
(471.0,471.0)
(471.0,471.0)
(471.0,471.0)
(459.0,471.0)
(471.0,471.0)
(471.0,471.0)
(455.0,471.0)
(471.0,471.0)
(471.0,471.0)
(471.0,471.0)
(471.0,471.0)
(471.0,471.0)
(459.0,471.0)
(447.0,471.0)
(471.0,471.0)
(471.0,471.0)
(471.0,471.0)
(471.0,471.0)
(804.0,471.0)
(471.0,471.0)
(471.0,471.0)
(471.0,471.0)
(471.0,471.0)
(471.0,471.0)
(471.0,471.0)
(455.0,471.0)
(471.0,471.0)
(455.0,471.0)
(455.0,471.0)
(482.0,471.0)
(804.0,471.0)
(471.0,471.0)
(471.0,471.0)
(447.0,471.0)
(471.0,471.0)
(471.0,471.0)
(471.0,471.0)
(447.0,471.0)
(471.0,471.0)
(804.0,471.0)
(447.0,471.0)
(471.0,471.0)
(471.0,471.0)
(471.0,471.0)
(471.0,471.0)
(471.0,471.0)
(471.0,471.0)
(474.0,471.0)
(447.0,471.0)
(421.0,471.0)
(471.0,471.0)
(471.0,471.0)
(471.0,471.0)
(447.0,471.0)
(471.0,471.0)
(471.0,471.0)
(471.0,471.0)
(471.0,471.0)
(455.0,471.0)
(471.0,471.0)
(471.0,471.0)
(455.0,471.0)
(447.0,471.0)
(421.0,471.0)
(421.0,471.0)
(471.0,471.0)
(471.0,471.0)
(471.0,471.0)
(447.0,471.0)
(421.0,471.0)
(421.0,471.0)
(455.0,471.0)
(471.0,471.0)
(471.0,471.0)
(471.0,471.0)
(471.0,471.0)
(471.0,471.0)
(421.0,471.0)
(447.0,471.0)
(471.0,471.0)
(471.0,471.0)
(471.0,471.0)
(471.0,471.0)
(455.0,471.0)
(447.0,471.0)
(455.0,471.0)
(471.0,471.0)
(447.0,471.0)
(421.0,471.0)
(471.0,471.0)
(471.0,471.0)
(455.0,471.0)
(471.0,471.0)
(471.0,471.0)
(471.0,471.0)
(471.0,471.0)
(471.0,471.0)
(471.0,471.0)
(447.0,471.0)
(471.0,471.0)
(455.0,471.0)
(455.0,471.0)
(434.0,471.0)
(471.0,471.0)
(459.0,471.0)
(447.0,471.0)
(471.0,471.0)
(471.0,471.0)
(471.0,471.0)
(471.0,471.0)
(447.0,471.0)
(455.0,471.0)
(471.0,471.0)
(471.0,471.0)
(471.0,471.0)
(471.0,471.0)
(447.0,471.0)
(447.0,471.0)
(471.0,471.0)
(447.0,471.0)
(471.0,471.0)
(471.0,471.0)
(447.0,471.0)
(471.0,471.0)
(471.0,471.0)
(455.0,471.0)
(471.0,471.0)
(471.0,471.0)
(471.0,471.0)
(455.0,471.0)
(471.0,471.0)
(483.0,471.0)
(471.0,471.0)
(471.0,471.0)
(471.0,471.0)
(455.0,471.0)
(447.0,471.0)
(471.0,471.0)
(471.0,471.0)
(471.0,471.0)
(447.0,471.0)
(471.0,471.0)
(455.0,471.0)
(421.0,471.0)
(471.0,471.0)
(471.0,471.0)
(455.0,471.0)
(421.0,471.0)
(471.0,471.0)
(471.0,471.0)
(471.0,471.0)
(447.0,471.0)
(471.0,471.0)
(447.0,471.0)
(471.0,471.0)
(471.0,471.0)
(455.0,471.0)
(471.0,471.0)
(455.0,471.0)
(471.0,471.0)
(471.0,471.0)
(471.0,471.0)
(471.0,471.0)
(447.0,471.0)
(471.0,471.0)
(459.0,471.0)
(804.0,471.0)
(471.0,471.0)
(471.0,471.0)
(447.0,471.0)
(447.0,471.0)
(471.0,471.0)
(431.0,471.0)
(471.0,471.0)
(471.0,471.0)
(471.0,471.0)
(471.0,471.0)
(471.0,471.0)
(455.0,471.0)
(471.0,471.0)
(471.0,471.0)
(455.0,471.0)
(471.0,471.0)
(471.0,471.0)
(471.0,471.0)
(471.0,471.0)
(471.0,471.0)
(447.0,471.0)
(471.0,471.0)
(447.0,471.0)
(471.0,471.0)
(455.0,471.0)
(471.0,471.0)
(471.0,471.0)
(471.0,471.0)
(471.0,471.0)
(455.0,471.0)
(471.0,471.0)
(471.0,471.0)
(471.0,471.0)
(471.0,471.0)
(455.0,471.0)
(447.0,471.0)
(455.0,471.0)
(740.0,471.0)
(471.0,471.0)
(459.0,471.0)
(471.0,471.0)
(471.0,471.0)
(455.0,471.0)
(455.0,471.0)
(471.0,471.0)
(455.0,471.0)
(471.0,471.0)
(471.0,471.0)
(471.0,471.0)
(455.0,471.0)
(471.0,471.0)
(471.0,471.0)
(455.0,471.0)
(471.0,471.0)
(471.0,471.0)
(471.0,471.0)
(478.0,471.0)
(471.0,471.0)
(471.0,471.0)
(471.0,471.0)
(421.0,471.0)
(447.0,471.0)
(471.0,471.0)
(471.0,471.0)
(471.0,471.0)
(471.0,471.0)
(471.0,471.0)
(455.0,471.0)
(471.0,471.0)
(471.0,471.0)
(471.0,471.0)
(455.0,471.0)
(471.0,471.0)
(471.0,471.0)
(471.0,471.0)
(483.0,471.0)
(471.0,471.0)
(471.0,471.0)
(455.0,471.0)
(471.0,471.0)
(471.0,471.0)
(471.0,471.0)
(471.0,471.0)
(455.0,471.0)
(471.0,471.0)
(471.0,471.0)
(471.0,471.0)
(404.0,471.0)
(471.0,471.0)
(471.0,471.0)
(455.0,471.0)
(471.0,471.0)
(455.0,471.0)
(471.0,471.0)
(471.0,471.0)
(471.0,471.0)
(471.0,471.0)
(455.0,471.0)
(471.0,471.0)
(471.0,471.0)
(483.0,471.0)
(471.0,471.0)
(471.0,471.0)
(447.0,471.0)
(471.0,471.0)
(481.0,471.0)
(471.0,471.0)
(455.0,471.0)
(471.0,471.0)
(455.0,471.0)
(471.0,471.0)
(471.0,471.0)
(471.0,471.0)
(455.0,471.0)
(455.0,471.0)
(447.0,471.0)
(802.0,471.0)
(471.0,471.0)
(471.0,471.0)
(471.0,471.0)
(471.0,471.0)
(471.0,471.0)
(455.0,471.0)
(455.0,471.0)
(471.0,471.0)
(447.0,471.0)
(455.0,471.0)
(740.0,471.0)
(471.0,471.0)
(471.0,471.0)
(471.0,471.0)
(455.0,471.0)
(471.0,471.0)
(471.0,471.0)
(471.0,471.0)
(455.0,471.0)
(471.0,471.0)
(471.0,471.0)
(471.0,471.0)
(471.0,471.0)
(471.0,471.0)
(471.0,471.0)
(471.0,471.0)
(455.0,471.0)
(471.0,471.0)
(471.0,471.0)
(471.0,471.0)
(455.0,471.0)
(471.0,471.0)
(471.0,471.0)
(471.0,471.0)
(471.0,471.0)
(471.0,471.0)
(471.0,471.0)
(471.0,471.0)
(455.0,471.0)
(471.0,471.0)
(431.0,471.0)
(455.0,471.0)
(471.0,471.0)
(471.0,471.0)
(417.0,471.0)
(471.0,471.0)
(447.0,471.0)
(471.0,471.0)
(471.0,471.0)
(471.0,471.0)
(471.0,471.0)
(471.0,471.0)
(471.0,471.0)
(447.0,471.0)
(455.0,471.0)
(455.0,471.0)
(455.0,471.0)
(471.0,471.0)
(455.0,471.0)
(447.0,471.0)
(37.0,471.0)
(455.0,471.0)
(471.0,471.0)
(455.0,471.0)
(471.0,471.0)
(471.0,471.0)
(471.0,471.0)
(471.0,471.0)
(417.0,471.0)
(455.0,471.0)
(471.0,471.0)
(455.0,471.0)
(455.0,471.0)
(471.0,471.0)
(471.0,471.0)
(471.0,471.0)
(471.0,471.0)
(471.0,471.0)
(471.0,471.0)
(804.0,471.0)
(471.0,471.0)
(455.0,471.0)
(447.0,471.0)
(471.0,471.0)
(471.0,471.0)
(471.0,471.0)
(455.0,471.0)
(471.0,471.0)
(471.0,471.0)
(447.0,471.0)
(471.0,471.0)
(471.0,471.0)
(471.0,471.0)
(471.0,471.0)
(471.0,471.0)
(471.0,471.0)
(471.0,471.0)
(471.0,471.0)
(471.0,471.0)
(471.0,471.0)
(804.0,471.0)
(447.0,471.0)
(471.0,471.0)
(455.0,471.0)
(471.0,471.0)
(447.0,471.0)
(471.0,471.0)
(471.0,471.0)
(459.0,471.0)
(471.0,471.0)
(455.0,471.0)
(471.0,471.0)
(417.0,471.0)
(471.0,471.0)
(471.0,471.0)
(455.0,471.0)
(471.0,471.0)
(471.0,471.0)
(421.0,471.0)
(455.0,471.0)
(471.0,471.0)
(471.0,471.0)
(471.0,471.0)
(471.0,471.0)
(471.0,471.0)
(471.0,471.0)
(459.0,471.0)
(471.0,471.0)
(471.0,471.0)
(471.0,471.0)
(471.0,471.0)
(471.0,471.0)
(471.0,471.0)
(459.0,471.0)
(471.0,471.0)
(471.0,471.0)
(471.0,471.0)
(455.0,471.0)
(471.0,471.0)
(471.0,471.0)
(471.0,471.0)
(471.0,471.0)
(471.0,471.0)
(471.0,471.0)
(471.0,471.0)
(459.0,471.0)
(447.0,471.0)
(447.0,471.0)
(421.0,471.0)
(471.0,471.0)
(471.0,471.0)
(455.0,471.0)
(471.0,471.0)
(471.0,471.0)
(455.0,471.0)
(459.0,471.0)
(471.0,471.0)
(471.0,471.0)
(421.0,471.0)
(455.0,471.0)
(471.0,471.0)
(455.0,471.0)
(471.0,471.0)
(459.0,471.0)
(447.0,471.0)
(459.0,471.0)
(471.0,471.0)
(455.0,471.0)
(471.0,471.0)
(471.0,471.0)
(804.0,471.0)
(404.0,471.0)
(421.0,471.0)
(471.0,471.0)
(471.0,471.0)
(471.0,471.0)
(471.0,471.0)
(447.0,471.0)
(459.0,471.0)
(455.0,471.0)
(471.0,471.0)
(471.0,471.0)
(447.0,471.0)
(421.0,471.0)
(471.0,471.0)
(447.0,471.0)
(421.0,471.0)
(471.0,471.0)
(471.0,471.0)
(471.0,471.0)
(447.0,471.0)
(447.0,471.0)
(471.0,471.0)
(351.0,471.0)
(447.0,471.0)
(421.0,471.0)
(471.0,471.0)
(471.0,471.0)
(471.0,471.0)
(784.0,471.0)
(471.0,471.0)
(459.0,471.0)
(471.0,471.0)
(471.0,471.0)
(471.0,471.0)
(471.0,471.0)
(471.0,471.0)
(471.0,471.0)
(455.0,471.0)
(471.0,471.0)
(471.0,471.0)
(447.0,471.0)
(471.0,471.0)
(455.0,471.0)
(471.0,471.0)
(455.0,471.0)
(471.0,471.0)
(447.0,471.0)
(455.0,471.0)
(447.0,471.0)
(455.0,471.0)
(471.0,471.0)
(447.0,471.0)
(471.0,471.0)
(471.0,471.0)
(471.0,471.0)
(417.0,471.0)
(471.0,471.0)
(471.0,471.0)
(455.0,471.0)
(447.0,471.0)
(804.0,471.0)
(417.0,471.0)
(421.0,471.0)
(459.0,471.0)
(471.0,471.0)
(447.0,471.0)
(471.0,471.0)
(471.0,471.0)
(471.0,471.0)
(368.0,471.0)
(471.0,471.0)
(455.0,471.0)
(471.0,471.0)
(421.0,471.0)
(417.0,471.0)
(471.0,471.0)
(764.0,471.0)
(471.0,471.0)
(459.0,471.0)
(471.0,471.0)
(471.0,471.0)
(471.0,471.0)
(471.0,471.0)
(447.0,471.0)
(471.0,471.0)
(471.0,471.0)
(771.0,471.0)
(455.0,471.0)
(447.0,471.0)
(471.0,471.0)
(471.0,471.0)
(471.0,471.0)
(471.0,471.0)
(421.0,471.0)
(471.0,471.0)
(471.0,471.0)
(413.0,471.0)
(471.0,471.0)
(471.0,471.0)
(471.0,471.0)
(471.0,471.0)
(455.0,471.0)
(471.0,471.0)
(471.0,471.0)
(455.0,471.0)
(804.0,471.0)
(471.0,471.0)
(471.0,471.0)
(421.0,471.0)
(447.0,471.0)
(471.0,471.0)
(459.0,471.0)
(471.0,471.0)
(471.0,471.0)
(471.0,471.0)
(471.0,471.0)
(804.0,471.0)
(417.0,471.0)
(471.0,471.0)
(447.0,471.0)
(471.0,471.0)
(459.0,471.0)
(455.0,471.0)
(471.0,471.0)
(471.0,471.0)
(471.0,471.0)
(471.0,471.0)
(459.0,471.0)
(471.0,471.0)
(421.0,471.0)
(447.0,471.0)
(447.0,471.0)
(471.0,471.0)
(427.0,471.0)
(471.0,471.0)
(455.0,471.0)
(471.0,471.0)
(471.0,471.0)
(471.0,471.0)
(455.0,471.0)
(471.0,471.0)
(471.0,471.0)
(471.0,471.0)
(455.0,471.0)
(471.0,471.0)
(447.0,471.0)
(447.0,471.0)
(455.0,471.0)
(447.0,471.0)
(471.0,471.0)
(455.0,471.0)
(471.0,471.0)
(471.0,471.0)
(471.0,471.0)
(471.0,471.0)
(455.0,471.0)
(804.0,471.0)
(471.0,471.0)
(459.0,471.0)
(471.0,471.0)
(471.0,471.0)
(471.0,471.0)
(471.0,471.0)
(471.0,471.0)
(455.0,471.0)
(471.0,471.0)
(804.0,471.0)
(471.0,471.0)
(471.0,471.0)
(447.0,471.0)
(417.0,471.0)
(471.0,471.0)
(471.0,471.0)
(471.0,471.0)
(455.0,471.0)
(447.0,471.0)
(471.0,471.0)
(471.0,471.0)
(455.0,471.0)
(447.0,471.0)
(804.0,471.0)
(471.0,471.0)
(471.0,471.0)
(455.0,471.0)
(421.0,471.0)
(471.0,471.0)
(471.0,471.0)
(447.0,471.0)
(447.0,471.0)
(471.0,471.0)
(471.0,471.0)
(471.0,471.0)
(471.0,471.0)
(471.0,471.0)
(471.0,471.0)
(447.0,471.0)
(447.0,471.0)
(455.0,471.0)
(447.0,471.0)
(471.0,471.0)
(471.0,471.0)
(455.0,471.0)
(471.0,471.0)
(471.0,471.0)
(471.0,471.0)
(471.0,471.0)
(471.0,471.0)
(455.0,471.0)
(471.0,471.0)
(471.0,471.0)
(471.0,471.0)
(471.0,471.0)
(447.0,471.0)
(471.0,471.0)
(459.0,471.0)
(471.0,471.0)
(471.0,471.0)
(455.0,471.0)
(471.0,471.0)
(459.0,471.0)
(471.0,471.0)
(447.0,471.0)
(471.0,471.0)
(471.0,471.0)
(447.0,471.0)
(471.0,471.0)
(471.0,471.0)
(471.0,471.0)
(421.0,471.0)
(447.0,471.0)
(459.0,471.0)
(455.0,471.0)
(471.0,471.0)
(447.0,471.0)
(471.0,471.0)
(471.0,471.0)
(447.0,471.0)
(447.0,471.0)
(471.0,471.0)
(459.0,471.0)
(471.0,471.0)
(447.0,471.0)
(455.0,471.0)
(471.0,471.0)
(471.0,471.0)
(471.0,471.0)
(471.0,471.0)
(459.0,471.0)
(471.0,471.0)
(471.0,471.0)
(471.0,471.0)
(374.0,471.0)
(804.0,471.0)
(447.0,471.0)
(471.0,471.0)
(447.0,471.0)
(455.0,471.0)
(471.0,471.0)
(421.0,471.0)
(471.0,471.0)
(471.0,471.0)
(459.0,471.0)
(471.0,471.0)
(471.0,471.0)
(471.0,471.0)
(455.0,471.0)
(471.0,471.0)
(459.0,471.0)
(471.0,471.0)
(447.0,471.0)
(459.0,471.0)
(471.0,471.0)
(471.0,471.0)
(471.0,471.0)
(471.0,471.0)
(455.0,471.0)
(455.0,471.0)
(471.0,471.0)
(471.0,471.0)
(471.0,471.0)
(427.0,471.0)
(471.0,471.0)
(471.0,471.0)
(471.0,471.0)
(471.0,471.0)
(471.0,471.0)
(471.0,471.0)
(471.0,471.0)
(471.0,471.0)
(471.0,471.0)
(459.0,471.0)
(471.0,471.0)
(447.0,471.0)
(471.0,471.0)
(459.0,471.0)
(471.0,471.0)
(471.0,471.0)
(417.0,471.0)
(471.0,471.0)
(471.0,471.0)
(471.0,471.0)
(417.0,471.0)
(455.0,471.0)
(471.0,471.0)
(471.0,471.0)
(471.0,471.0)
(447.0,471.0)
(471.0,471.0)
(447.0,471.0)
(471.0,471.0)
(447.0,471.0)
(421.0,471.0)
(471.0,471.0)
(471.0,471.0)
(455.0,471.0)
(455.0,471.0)
(455.0,471.0)
(471.0,471.0)
(471.0,471.0)
(455.0,471.0)
(471.0,471.0)
(471.0,471.0)
(455.0,471.0)
(471.0,471.0)
(455.0,471.0)
(471.0,471.0)
(471.0,471.0)
(471.0,471.0)
(471.0,471.0)
(471.0,471.0)
(771.0,471.0)
(471.0,471.0)
(471.0,471.0)
(421.0,471.0)
(455.0,471.0)
(471.0,471.0)
(471.0,471.0)
(471.0,471.0)
(471.0,471.0)
(471.0,471.0)
(471.0,471.0)
(471.0,471.0)
(455.0,471.0)
(455.0,471.0)
(471.0,471.0)
(471.0,471.0)
(471.0,471.0)
(471.0,471.0)
(447.0,471.0)
(471.0,471.0)
(471.0,471.0)
(455.0,471.0)
(471.0,471.0)
(471.0,471.0)
(471.0,471.0)
(471.0,471.0)
(471.0,471.0)
(455.0,471.0)
(471.0,471.0)
(455.0,471.0)
(416.0,471.0)
(471.0,471.0)
(455.0,471.0)
(471.0,471.0)
(455.0,471.0)
(421.0,471.0)
(471.0,471.0)
(471.0,471.0)
(471.0,471.0)
(471.0,471.0)
(471.0,471.0)
(471.0,471.0)
(471.0,471.0)
(471.0,471.0)
(471.0,471.0)
(455.0,471.0)
(471.0,471.0)
(396.0,471.0)
(471.0,471.0)
(455.0,471.0)
(455.0,471.0)
(483.0,471.0)
(471.0,471.0)
(471.0,471.0)
(471.0,471.0)
(471.0,471.0)
(471.0,471.0)
(481.0,471.0)
(471.0,471.0)
(471.0,471.0)
(455.0,471.0)
(421.0,471.0)
(471.0,471.0)
(471.0,471.0)
(471.0,471.0)
(455.0,471.0)
(471.0,471.0)
(471.0,471.0)
(471.0,471.0)
(447.0,471.0)
(455.0,471.0)
(471.0,471.0)
(471.0,471.0)
(471.0,471.0)
(455.0,471.0)
(471.0,471.0)
(471.0,471.0)
(455.0,471.0)
(471.0,471.0)
(471.0,471.0)
(455.0,471.0)
(471.0,471.0)
(471.0,471.0)
(471.0,471.0)
(471.0,471.0)
(471.0,471.0)
(471.0,471.0)
(471.0,471.0)
(753.0,471.0)
(455.0,471.0)
(471.0,471.0)
(471.0,471.0)
(455.0,471.0)
(471.0,471.0)
(471.0,471.0)
(471.0,471.0)
(471.0,471.0)
(455.0,471.0)
(471.0,471.0)
(471.0,471.0)
(447.0,471.0)
(471.0,471.0)
(471.0,471.0)
(447.0,471.0)
(471.0,471.0)
(471.0,471.0)
(471.0,471.0)
(455.0,471.0)
(455.0,471.0)
(784.0,471.0)
(455.0,471.0)
(455.0,471.0)
(471.0,471.0)
(455.0,471.0)
(471.0,471.0)
(455.0,471.0)
(455.0,471.0)
(471.0,471.0)
(455.0,471.0)
(447.0,471.0)
(771.0,471.0)
(471.0,471.0)
(471.0,471.0)
(471.0,471.0)
(471.0,471.0)
(471.0,471.0)
(455.0,471.0)
(481.0,471.0)
(471.0,471.0)
(471.0,471.0)
(471.0,471.0)
(471.0,471.0)
(471.0,471.0)
(471.0,471.0)
(447.0,471.0)
(471.0,471.0)
(471.0,471.0)
(455.0,471.0)
(471.0,471.0)
(471.0,471.0)
(471.0,471.0)
(471.0,471.0)
(37.0,471.0)
(455.0,471.0)
(471.0,471.0)
(447.0,471.0)
(471.0,471.0)
(471.0,471.0)
(471.0,471.0)
(471.0,471.0)
(455.0,471.0)
(471.0,471.0)
(421.0,471.0)
(471.0,471.0)
(471.0,471.0)
(471.0,471.0)
(471.0,471.0)
(471.0,471.0)
(471.0,471.0)
(471.0,471.0)
(471.0,471.0)
(471.0,471.0)
(471.0,471.0)
(471.0,471.0)
(459.0,471.0)
(455.0,471.0)
(471.0,471.0)
(471.0,471.0)
(455.0,471.0)
(471.0,471.0)
(740.0,471.0)
(455.0,471.0)
(396.0,471.0)
(471.0,471.0)
(471.0,471.0)
(471.0,471.0)
(471.0,471.0)
(455.0,471.0)
(447.0,471.0)
(471.0,471.0)
(471.0,471.0)
(455.0,471.0)
(471.0,471.0)
(471.0,471.0)
(471.0,471.0)
(447.0,471.0)
(422.0,471.0)
(455.0,471.0)
(471.0,471.0)
(471.0,471.0)
(468.0,468.0)
(461.0,468.0)
(468.0,468.0)
(468.0,468.0)
(468.0,468.0)
(468.0,468.0)
(468.0,468.0)
(468.0,468.0)
(468.0,468.0)
(468.0,468.0)
(468.0,468.0)
(468.0,468.0)
(468.0,468.0)
(468.0,468.0)
(468.0,468.0)
(468.0,468.0)
(468.0,468.0)
(468.0,468.0)
(468.0,468.0)
(368.0,468.0)
(440.0,468.0)
(468.0,468.0)
(468.0,468.0)
(468.0,468.0)
(468.0,468.0)
(467.0,468.0)
(468.0,468.0)
(468.0,468.0)
(468.0,468.0)
(468.0,468.0)
(468.0,468.0)
(468.0,468.0)
(468.0,468.0)
(798.0,468.0)
(440.0,468.0)
(468.0,468.0)
(468.0,468.0)
(468.0,468.0)
(468.0,468.0)
(468.0,468.0)
(468.0,468.0)
(468.0,468.0)
(468.0,468.0)
(468.0,468.0)
(468.0,468.0)
(468.0,468.0)
(468.0,468.0)
(468.0,468.0)
(468.0,468.0)
(468.0,468.0)
(468.0,468.0)
(468.0,468.0)
(468.0,468.0)
(468.0,468.0)
(468.0,468.0)
(468.0,468.0)
(468.0,468.0)
(467.0,468.0)
(468.0,468.0)
(468.0,468.0)
(468.0,468.0)
(468.0,468.0)
(468.0,468.0)
(468.0,468.0)
(468.0,468.0)
(468.0,468.0)
(468.0,468.0)
(468.0,468.0)
(468.0,468.0)
(468.0,468.0)
(467.0,468.0)
(459.0,468.0)
(468.0,468.0)
(468.0,468.0)
(2.0,468.0)
(468.0,468.0)
(468.0,468.0)
(479.0,468.0)
(468.0,468.0)
(448.0,468.0)
(468.0,468.0)
(468.0,468.0)
(468.0,468.0)
(468.0,468.0)
(468.0,468.0)
(448.0,468.0)
(468.0,468.0)
(468.0,468.0)
(468.0,468.0)
(468.0,468.0)
(468.0,468.0)
(468.0,468.0)
(468.0,468.0)
(468.0,468.0)
(785.0,468.0)
(468.0,468.0)
(468.0,468.0)
(467.0,468.0)
(468.0,468.0)
(468.0,468.0)
(468.0,468.0)
(468.0,468.0)
(468.0,468.0)
(468.0,468.0)
(468.0,468.0)
(468.0,468.0)
(468.0,468.0)
(468.0,468.0)
(468.0,468.0)
(468.0,468.0)
(468.0,468.0)
(381.0,468.0)
(468.0,468.0)
(468.0,468.0)
(468.0,468.0)
(468.0,468.0)
(468.0,468.0)
(468.0,468.0)
(468.0,468.0)
(468.0,468.0)
(468.0,468.0)
(468.0,468.0)
(468.0,468.0)
(468.0,468.0)
(468.0,468.0)
(468.0,468.0)
(468.0,468.0)
(468.0,468.0)
(468.0,468.0)
(468.0,468.0)
(468.0,468.0)
(468.0,468.0)
(798.0,468.0)
(468.0,468.0)
(468.0,468.0)
(468.0,468.0)
(468.0,468.0)
(468.0,468.0)
(468.0,468.0)
(468.0,468.0)
(468.0,468.0)
(468.0,468.0)
(468.0,468.0)
(468.0,468.0)
(468.0,468.0)
(468.0,468.0)
(468.0,468.0)
(468.0,468.0)
(468.0,468.0)
(468.0,468.0)
(468.0,468.0)
(468.0,468.0)
(467.0,468.0)
(468.0,468.0)
(468.0,468.0)
(468.0,468.0)
(468.0,468.0)
(468.0,468.0)
(468.0,468.0)
(468.0,468.0)
(468.0,468.0)
(468.0,468.0)
(461.0,468.0)
(468.0,468.0)
(468.0,468.0)
(468.0,468.0)
(468.0,468.0)
(468.0,468.0)
(468.0,468.0)
(467.0,468.0)
(468.0,468.0)
(468.0,468.0)
(468.0,468.0)
(757.0,468.0)
(468.0,468.0)
(468.0,468.0)
(468.0,468.0)
(468.0,468.0)
(468.0,468.0)
(468.0,468.0)
(468.0,468.0)
(467.0,468.0)
(468.0,468.0)
(467.0,468.0)
(459.0,468.0)
(468.0,468.0)
(468.0,468.0)
(468.0,468.0)
(483.0,468.0)
(468.0,468.0)
(467.0,468.0)
(468.0,468.0)
(468.0,468.0)
(468.0,468.0)
(468.0,468.0)
(468.0,468.0)
(468.0,468.0)
(468.0,468.0)
(416.0,469.0)
(424.0,469.0)
(466.0,469.0)
(392.0,469.0)
(469.0,469.0)
(399.0,469.0)
(388.0,469.0)
(416.0,469.0)
(469.0,469.0)
(798.0,469.0)
(410.0,469.0)
(429.0,469.0)
(460.0,469.0)
(416.0,469.0)
(466.0,469.0)
(466.0,469.0)
(466.0,469.0)
(469.0,469.0)
(409.0,469.0)
(466.0,469.0)
(388.0,469.0)
(416.0,469.0)
(469.0,469.0)
(400.0,469.0)
(469.0,469.0)
(388.0,469.0)
(469.0,469.0)
(469.0,469.0)
(798.0,469.0)
(469.0,469.0)
(388.0,469.0)
(409.0,469.0)
(469.0,469.0)
(438.0,469.0)
(469.0,469.0)
(400.0,469.0)
(416.0,469.0)
(399.0,469.0)
(388.0,469.0)
(469.0,469.0)
(798.0,469.0)
(399.0,469.0)
(763.0,469.0)
(469.0,469.0)
(469.0,469.0)
(388.0,469.0)
(460.0,469.0)
(469.0,469.0)
(409.0,469.0)
(402.0,469.0)
(388.0,469.0)
(388.0,469.0)
(469.0,469.0)
(469.0,469.0)
(399.0,469.0)
(469.0,469.0)
(388.0,469.0)
(469.0,469.0)
(469.0,469.0)
(469.0,469.0)
(469.0,469.0)
(469.0,469.0)
(469.0,469.0)
(416.0,469.0)
(798.0,469.0)
(469.0,469.0)
(461.0,469.0)
(402.0,469.0)
(416.0,469.0)
(400.0,469.0)
(409.0,469.0)
(469.0,469.0)
(373.0,469.0)
(469.0,469.0)
(469.0,469.0)
(460.0,469.0)
(416.0,469.0)
(416.0,469.0)
(469.0,469.0)
(469.0,469.0)
(469.0,469.0)
(469.0,469.0)
(469.0,469.0)
(409.0,469.0)
(798.0,469.0)
(469.0,469.0)
(469.0,469.0)
(469.0,469.0)
(749.0,469.0)
(388.0,469.0)
(469.0,469.0)
(460.0,469.0)
(469.0,469.0)
(392.0,469.0)
(429.0,469.0)
(424.0,469.0)
(469.0,469.0)
(469.0,469.0)
(460.0,469.0)
(469.0,469.0)
(469.0,469.0)
(402.0,469.0)
(460.0,469.0)
(392.0,469.0)
(798.0,469.0)
(469.0,469.0)
(798.0,469.0)
(469.0,469.0)
(469.0,469.0)
(416.0,469.0)
(416.0,469.0)
(469.0,469.0)
(387.0,469.0)
(466.0,469.0)
(469.0,469.0)
(469.0,469.0)
(469.0,469.0)
(388.0,469.0)
(469.0,469.0)
(469.0,469.0)
(469.0,469.0)
(409.0,469.0)
(469.0,469.0)
(749.0,469.0)
(469.0,469.0)
(469.0,469.0)
(469.0,469.0)
(392.0,469.0)
(409.0,469.0)
(469.0,469.0)
(469.0,469.0)
(469.0,469.0)
(409.0,469.0)
(391.0,469.0)
(469.0,469.0)
(399.0,469.0)
(798.0,469.0)
(469.0,469.0)
(798.0,469.0)
(388.0,469.0)
(469.0,469.0)
(399.0,469.0)
(400.0,469.0)
(469.0,469.0)
(469.0,469.0)
(388.0,469.0)
(402.0,469.0)
(771.0,469.0)
(391.0,469.0)
(469.0,469.0)
(469.0,469.0)
(469.0,469.0)
(469.0,469.0)
(460.0,469.0)
(416.0,469.0)
(409.0,469.0)
(469.0,469.0)
(460.0,469.0)
(416.0,469.0)
(466.0,469.0)
(367.0,469.0)
(469.0,469.0)
(409.0,469.0)
(424.0,469.0)
(388.0,469.0)
(469.0,469.0)
(469.0,469.0)
(469.0,469.0)
(469.0,469.0)
(469.0,469.0)
(469.0,469.0)
(469.0,469.0)
(409.0,469.0)
(469.0,469.0)
(469.0,469.0)
(469.0,469.0)
(469.0,469.0)
(469.0,469.0)
(469.0,469.0)
(469.0,469.0)
(469.0,469.0)
(469.0,469.0)
(469.0,469.0)
(469.0,469.0)
(469.0,469.0)
(469.0,469.0)
(388.0,469.0)
(469.0,469.0)
(416.0,469.0)
(469.0,469.0)
(466.0,469.0)
(400.0,469.0)
(389.0,469.0)
(469.0,469.0)
(469.0,469.0)
(469.0,469.0)
(469.0,469.0)
(446.0,469.0)
(464.0,469.0)
(466.0,469.0)
(469.0,469.0)
(451.0,469.0)
(464.0,469.0)
(771.0,469.0)
(451.0,469.0)
(451.0,469.0)
(464.0,469.0)
(451.0,469.0)
(451.0,469.0)
(451.0,469.0)
(451.0,469.0)
(446.0,469.0)
(451.0,469.0)
(446.0,469.0)
(446.0,469.0)
(451.0,469.0)
(451.0,469.0)
(466.0,469.0)
(464.0,469.0)
(451.0,469.0)
(446.0,469.0)
(464.0,469.0)
(466.0,469.0)
(446.0,469.0)
(464.0,469.0)
(469.0,469.0)
(464.0,469.0)
(464.0,469.0)
(451.0,469.0)
(464.0,469.0)
(446.0,469.0)
(451.0,469.0)
(451.0,469.0)
(464.0,469.0)
(446.0,469.0)
(446.0,469.0)
(745.0,469.0)
(446.0,469.0)
(464.0,469.0)
(771.0,469.0)
(451.0,469.0)
(451.0,469.0)
(451.0,469.0)
(464.0,469.0)
(464.0,469.0)
(451.0,469.0)
(446.0,469.0)
(446.0,469.0)
(446.0,469.0)
(464.0,469.0)
(460.0,469.0)
(446.0,469.0)
(446.0,469.0)
(464.0,469.0)
(464.0,469.0)
(469.0,469.0)
(464.0,469.0)
(451.0,469.0)
(451.0,469.0)
(451.0,469.0)
(469.0,469.0)
(469.0,469.0)
(464.0,469.0)
(451.0,469.0)
(771.0,469.0)
(464.0,469.0)
(451.0,469.0)
(451.0,469.0)
(466.0,469.0)
(464.0,469.0)
(466.0,469.0)
(451.0,469.0)
(446.0,469.0)
(451.0,469.0)
(451.0,469.0)
(771.0,469.0)
(446.0,469.0)
(446.0,469.0)
(464.0,469.0)
(466.0,469.0)
(451.0,469.0)
(451.0,469.0)
(451.0,469.0)
(451.0,469.0)
(417.0,469.0)
(446.0,469.0)
(451.0,469.0)
(451.0,469.0)
(446.0,469.0)
(451.0,469.0)
(446.0,469.0)
(469.0,469.0)
(464.0,469.0)
(446.0,469.0)
(446.0,469.0)
(446.0,469.0)
(451.0,469.0)
(451.0,469.0)
(451.0,469.0)
(464.0,469.0)
(466.0,469.0)
(451.0,469.0)
(446.0,469.0)
(451.0,469.0)
(446.0,469.0)
(446.0,469.0)
(464.0,469.0)
(464.0,469.0)
(451.0,469.0)
(451.0,469.0)
(446.0,469.0)
(464.0,469.0)
(451.0,469.0)
(446.0,469.0)
(451.0,469.0)
(466.0,469.0)
(451.0,469.0)
(464.0,469.0)
(446.0,469.0)
(451.0,469.0)
(446.0,469.0)
(451.0,469.0)
(464.0,469.0)
(461.0,469.0)
(464.0,469.0)
(464.0,469.0)
(451.0,469.0)
(464.0,469.0)
(446.0,469.0)
(771.0,469.0)
(464.0,469.0)
(446.0,469.0)
(451.0,469.0)
(464.0,469.0)
(476.0,469.0)
(444.0,469.0)
(451.0,469.0)
(464.0,469.0)
(466.0,469.0)
(446.0,469.0)
(464.0,469.0)
(466.0,469.0)
(451.0,469.0)
(451.0,469.0)
(451.0,469.0)
(451.0,469.0)
(446.0,469.0)
(446.0,469.0)
(451.0,469.0)
(451.0,469.0)
(466.0,469.0)
(451.0,469.0)
(446.0,469.0)
(451.0,469.0)
(446.0,469.0)
(451.0,469.0)
(451.0,469.0)
(446.0,469.0)
(446.0,469.0)
(451.0,469.0)
(464.0,469.0)
(451.0,469.0)
(451.0,469.0)
(466.0,469.0)
(464.0,469.0)
(451.0,469.0)
(451.0,469.0)
(479.0,469.0)
(461.0,469.0)
(446.0,469.0)
(464.0,469.0)
(464.0,469.0)
(353.0,469.0)
(469.0,469.0)
(771.0,469.0)
(771.0,469.0)
(451.0,469.0)
(771.0,469.0)
(464.0,469.0)
(446.0,469.0)
(464.0,469.0)
(446.0,469.0)
(451.0,469.0)
(469.0,469.0)
(469.0,469.0)
(387.0,469.0)
(387.0,469.0)
(469.0,469.0)
(464.0,469.0)
(771.0,469.0)
(469.0,469.0)
(446.0,469.0)
(469.0,469.0)
(469.0,469.0)
(391.0,469.0)
(469.0,469.0)
(469.0,469.0)
(469.0,469.0)
(469.0,469.0)
(469.0,469.0)
(387.0,469.0)
(387.0,469.0)
(461.0,469.0)
(469.0,469.0)
(469.0,469.0)
(469.0,469.0)
(387.0,469.0)
(469.0,469.0)
(469.0,469.0)
(387.0,469.0)
(387.0,469.0)
(387.0,469.0)
(469.0,469.0)
(387.0,469.0)
(469.0,469.0)
(469.0,469.0)
(387.0,469.0)
(469.0,469.0)
(469.0,469.0)
(469.0,469.0)
(469.0,469.0)
(469.0,469.0)
(469.0,469.0)
(469.0,469.0)
(469.0,469.0)
(469.0,469.0)
(387.0,469.0)
(464.0,469.0)
(373.0,469.0)
(469.0,469.0)
(771.0,469.0)
(469.0,469.0)
(464.0,469.0)
(469.0,469.0)
(469.0,469.0)
(469.0,469.0)
(469.0,469.0)
(458.0,469.0)
(387.0,469.0)
(745.0,469.0)
(771.0,469.0)
(456.0,469.0)
(387.0,469.0)
(469.0,469.0)
(387.0,469.0)
(469.0,469.0)
(469.0,469.0)
(469.0,469.0)
(469.0,469.0)
(458.0,469.0)
(771.0,469.0)
(387.0,469.0)
(387.0,469.0)
(387.0,469.0)
(469.0,469.0)
(469.0,469.0)
(469.0,469.0)
(469.0,469.0)
(469.0,469.0)
(469.0,469.0)
(469.0,469.0)
(469.0,469.0)
(469.0,469.0)
(17.0,469.0)
(469.0,469.0)
(387.0,469.0)
(389.0,469.0)
(387.0,469.0)
(458.0,469.0)
(387.0,469.0)
(757.0,469.0)
(469.0,469.0)
(469.0,469.0)
(469.0,469.0)
(458.0,469.0)
(469.0,469.0)
(458.0,469.0)
(469.0,469.0)
(469.0,469.0)
(469.0,469.0)
(469.0,469.0)
(387.0,469.0)
(785.0,469.0)
(469.0,469.0)
(387.0,469.0)
(448.0,469.0)
(387.0,469.0)
(469.0,469.0)
(458.0,469.0)
(469.0,469.0)
(469.0,469.0)
(387.0,469.0)
(469.0,469.0)
(469.0,469.0)
(445.0,469.0)
(469.0,469.0)
(458.0,469.0)
(469.0,469.0)
(469.0,469.0)
(469.0,469.0)
(469.0,469.0)
(469.0,469.0)
(457.0,469.0)
(461.0,469.0)
(417.0,469.0)
(745.0,469.0)
(387.0,469.0)
(387.0,469.0)
(469.0,469.0)
(469.0,469.0)
(469.0,469.0)
(469.0,469.0)
(469.0,469.0)
(469.0,469.0)
(469.0,469.0)
(469.0,469.0)
(469.0,469.0)
(387.0,469.0)
(458.0,469.0)
(469.0,469.0)
(387.0,469.0)
(387.0,469.0)
(469.0,469.0)
(469.0,469.0)
(469.0,469.0)
(433.0,469.0)
(458.0,469.0)
(458.0,469.0)
(39.0,469.0)
(387.0,469.0)
(387.0,469.0)
(469.0,469.0)
(387.0,469.0)
(469.0,469.0)
(387.0,469.0)
(387.0,469.0)
(458.0,469.0)
(469.0,469.0)
(387.0,469.0)
(469.0,469.0)
(469.0,469.0)
(398.0,469.0)
(458.0,469.0)
(469.0,469.0)
(387.0,469.0)
(387.0,469.0)
(771.0,469.0)
(387.0,469.0)
(382.0,469.0)
(398.0,469.0)
(745.0,469.0)
(469.0,469.0)
(469.0,469.0)
(469.0,469.0)
(387.0,469.0)
(469.0,469.0)
(469.0,469.0)
(469.0,469.0)
(469.0,469.0)
(387.0,469.0)
(469.0,469.0)
(451.0,469.0)
(469.0,469.0)
(447.0,469.0)
(469.0,469.0)
(469.0,469.0)
(469.0,469.0)
(391.0,469.0)
(387.0,469.0)
(387.0,469.0)
(469.0,469.0)
(757.0,469.0)
(469.0,469.0)
(738.0,469.0)
(447.0,470.0)
(447.0,470.0)
(471.0,470.0)
(756.0,470.0)
(471.0,470.0)
(471.0,470.0)
(471.0,470.0)
(471.0,470.0)
(471.0,470.0)
(447.0,470.0)
(471.0,470.0)
(471.0,470.0)
(471.0,470.0)
(447.0,470.0)
(483.0,470.0)
(471.0,470.0)
(471.0,470.0)
(471.0,470.0)
(471.0,470.0)
(471.0,470.0)
(471.0,470.0)
(471.0,470.0)
(471.0,470.0)
(471.0,470.0)
(447.0,470.0)
(471.0,470.0)
(381.0,470.0)
(471.0,470.0)
(471.0,470.0)
(471.0,470.0)
(471.0,470.0)
(471.0,470.0)
(447.0,470.0)
(471.0,470.0)
(368.0,470.0)
(471.0,470.0)
(471.0,470.0)
(471.0,470.0)
(471.0,470.0)
(471.0,470.0)
(471.0,470.0)
(471.0,470.0)
(471.0,470.0)
(471.0,470.0)
(471.0,470.0)
(381.0,470.0)
(447.0,470.0)
(471.0,470.0)
(471.0,470.0)
(447.0,470.0)
(482.0,470.0)
(471.0,470.0)
(381.0,470.0)
(471.0,470.0)
(447.0,470.0)
(387.0,470.0)
(368.0,470.0)
(756.0,470.0)
(471.0,470.0)
(471.0,470.0)
(471.0,470.0)
(471.0,470.0)
(447.0,470.0)
(461.0,470.0)
(471.0,470.0)
(471.0,470.0)
(471.0,470.0)
(471.0,470.0)
(471.0,470.0)
(471.0,470.0)
(471.0,470.0)
(447.0,470.0)
(471.0,470.0)
(447.0,470.0)
(471.0,470.0)
(471.0,470.0)
(471.0,470.0)
(471.0,470.0)
(455.0,470.0)
(447.0,470.0)
(382.0,470.0)
(471.0,470.0)
(471.0,470.0)
(471.0,470.0)
(447.0,470.0)
(471.0,470.0)
(471.0,470.0)
(471.0,470.0)
(471.0,470.0)
(471.0,470.0)
(447.0,470.0)
(447.0,470.0)
(471.0,470.0)
(471.0,470.0)
(471.0,470.0)
(471.0,470.0)
(471.0,470.0)
(471.0,470.0)
(471.0,470.0)
(482.0,470.0)
(447.0,470.0)
(756.0,470.0)
(471.0,470.0)
(471.0,470.0)
(471.0,470.0)
(471.0,470.0)
(471.0,470.0)
(756.0,470.0)
(471.0,470.0)
(447.0,470.0)
(471.0,470.0)
(368.0,470.0)
(471.0,470.0)
(471.0,470.0)
(471.0,470.0)
(471.0,470.0)
(459.0,470.0)
(471.0,470.0)
(447.0,470.0)
(447.0,470.0)
(428.0,470.0)
(471.0,470.0)
(447.0,470.0)
(447.0,470.0)
(756.0,470.0)
(471.0,470.0)
(471.0,470.0)
(482.0,470.0)
(471.0,470.0)
(447.0,470.0)
(471.0,470.0)
(447.0,470.0)
(447.0,470.0)
(471.0,470.0)
(471.0,470.0)
(471.0,470.0)
(471.0,470.0)
(447.0,470.0)
(471.0,470.0)
(447.0,470.0)
(447.0,470.0)
(471.0,470.0)
(471.0,470.0)
(471.0,470.0)
(447.0,470.0)
(471.0,470.0)
(471.0,470.0)
(471.0,470.0)
(447.0,470.0)
(471.0,470.0)
(471.0,470.0)
(447.0,470.0)
(471.0,470.0)
(471.0,470.0)
(471.0,470.0)
(471.0,470.0)
(756.0,470.0)
(447.0,470.0)
(447.0,470.0)
(471.0,470.0)
(471.0,470.0)
(447.0,470.0)
(471.0,470.0)
(471.0,470.0)
(471.0,470.0)
(471.0,470.0)
(471.0,470.0)
(471.0,470.0)
(482.0,470.0)
(447.0,470.0)
(479.0,470.0)
(471.0,470.0)
(368.0,470.0)
(447.0,470.0)
(471.0,470.0)
(471.0,470.0)
(471.0,470.0)
(471.0,470.0)
(471.0,470.0)
(471.0,470.0)
(756.0,470.0)
(447.0,470.0)
(381.0,470.0)
(471.0,470.0)
(471.0,470.0)
(471.0,470.0)
(471.0,470.0)
(368.0,470.0)
(471.0,470.0)
(459.0,470.0)
(447.0,470.0)
(447.0,470.0)
(382.0,470.0)
(471.0,470.0)
(471.0,470.0)
(471.0,470.0)
(471.0,470.0)
(471.0,470.0)
(756.0,470.0)
(447.0,470.0)
(471.0,470.0)
(471.0,470.0)
(471.0,470.0)
(459.0,470.0)
(471.0,470.0)
(756.0,470.0)
(471.0,470.0)
(482.0,470.0)
(471.0,470.0)
(447.0,470.0)
(471.0,470.0)
(471.0,470.0)
(447.0,470.0)
(471.0,470.0)
(471.0,470.0)
(471.0,470.0)
(471.0,470.0)
(447.0,470.0)
(471.0,470.0)
(471.0,470.0)
(471.0,470.0)
(471.0,470.0)
(471.0,470.0)
(447.0,470.0)
(804.0,470.0)
(471.0,470.0)
(471.0,470.0)
(471.0,470.0)
(471.0,470.0)
(471.0,470.0)
(447.0,470.0)
(479.0,470.0)
(471.0,470.0)
(471.0,470.0)
(471.0,470.0)
(471.0,470.0)
(471.0,470.0)
(471.0,470.0)
(447.0,470.0)
(471.0,470.0)
(471.0,470.0)
(471.0,470.0)
(447.0,470.0)
(447.0,470.0)
(756.0,470.0)
(471.0,470.0)
(447.0,470.0)
(447.0,470.0)
(471.0,470.0)
(756.0,470.0)
(475.0,470.0)
(471.0,470.0)
(471.0,470.0)
(471.0,470.0)
(471.0,470.0)
(471.0,470.0)
(471.0,470.0)
(471.0,470.0)
(471.0,470.0)
(757.0,470.0)
(471.0,470.0)
(471.0,470.0)
(471.0,470.0)
(471.0,470.0)
(447.0,470.0)
(471.0,470.0)
(471.0,470.0)
(471.0,470.0)
(804.0,470.0)
(471.0,470.0)
(471.0,470.0)
(471.0,470.0)
(471.0,470.0)
(471.0,470.0)
(471.0,470.0)
(471.0,470.0)
(447.0,470.0)
(447.0,470.0)
(471.0,470.0)
(368.0,470.0)
(471.0,470.0)
(471.0,470.0)
(447.0,470.0)
(387.0,470.0)
(471.0,470.0)
(447.0,470.0)
(771.0,470.0)
(447.0,470.0)
(459.0,470.0)
(471.0,470.0)
(447.0,470.0)
(471.0,470.0)
(471.0,470.0)
(471.0,470.0)
(447.0,470.0)
(471.0,470.0)
(428.0,470.0)
(471.0,470.0)
(471.0,470.0)
(471.0,470.0)
(471.0,470.0)
(381.0,470.0)
(368.0,470.0)
(471.0,470.0)
(471.0,470.0)
(397.0,470.0)
(471.0,470.0)
(471.0,470.0)
(447.0,470.0)
(447.0,470.0)
(471.0,470.0)
(471.0,470.0)
(471.0,470.0)
(471.0,470.0)
(471.0,470.0)
(447.0,470.0)
(756.0,470.0)
(471.0,470.0)
(482.0,470.0)
(471.0,470.0)
(471.0,470.0)
(471.0,470.0)
(471.0,470.0)
(471.0,470.0)
(382.0,470.0)
(471.0,470.0)
(471.0,470.0)
(471.0,470.0)
(471.0,470.0)
(756.0,470.0)
(471.0,470.0)
(471.0,470.0)
(482.0,470.0)
(471.0,470.0)
(368.0,470.0)
(447.0,470.0)
(471.0,470.0)
(471.0,470.0)
(471.0,470.0)
(471.0,470.0)
(471.0,470.0)
(471.0,470.0)
(471.0,470.0)
(471.0,470.0)
(471.0,470.0)
(471.0,470.0)
(459.0,470.0)
(471.0,470.0)
(471.0,470.0)
(447.0,470.0)
(447.0,470.0)
(471.0,470.0)
(447.0,470.0)
(471.0,470.0)
(471.0,470.0)
(471.0,470.0)
(442.0,470.0)
(471.0,470.0)
(471.0,470.0)
(471.0,470.0)
(471.0,470.0)
(474.0,470.0)
(471.0,470.0)
(756.0,470.0)
(471.0,470.0)
(381.0,470.0)
(471.0,470.0)
(471.0,470.0)
(471.0,470.0)
(471.0,470.0)
(471.0,470.0)
(471.0,470.0)
(471.0,470.0)
(471.0,470.0)
(471.0,470.0)
(471.0,470.0)
(471.0,470.0)
(471.0,470.0)
(471.0,470.0)
(471.0,470.0)
(471.0,470.0)
(471.0,470.0)
(471.0,470.0)
(471.0,470.0)
(447.0,470.0)
(471.0,470.0)
(471.0,470.0)
(471.0,470.0)
(447.0,470.0)
(471.0,470.0)
(471.0,470.0)
(482.0,470.0)
(471.0,470.0)
(756.0,470.0)
(368.0,470.0)
(382.0,470.0)
(471.0,470.0)
(756.0,470.0)
(756.0,470.0)
(756.0,470.0)
(757.0,470.0)
(442.0,470.0)
(447.0,470.0)
(380.0,470.0)
(756.0,470.0)
(417.0,470.0)
(756.0,470.0)
(471.0,470.0)
(756.0,470.0)
(380.0,470.0)
(482.0,470.0)
(756.0,470.0)
(810.0,470.0)
(756.0,470.0)
(475.0,470.0)
(787.0,470.0)
(756.0,470.0)
(475.0,470.0)
(757.0,470.0)
(380.0,470.0)
(756.0,470.0)
(770.0,470.0)
(380.0,470.0)
(475.0,470.0)
(756.0,470.0)
(440.0,470.0)
(756.0,470.0)
(427.0,470.0)
(756.0,470.0)
(427.0,470.0)
(756.0,470.0)
(471.0,470.0)
(368.0,470.0)
(756.0,470.0)
(380.0,470.0)
(756.0,470.0)
(810.0,470.0)
(756.0,470.0)
(471.0,470.0)
(482.0,470.0)
(380.0,470.0)
(368.0,470.0)
(756.0,470.0)
(447.0,470.0)
(447.0,470.0)
(380.0,470.0)
(756.0,470.0)
(475.0,470.0)
(475.0,470.0)
(756.0,470.0)
(756.0,470.0)
(756.0,470.0)
(756.0,470.0)
(757.0,470.0)
(440.0,470.0)
(756.0,470.0)
(756.0,470.0)
(756.0,470.0)
(756.0,470.0)
(756.0,470.0)
(756.0,470.0)
(756.0,470.0)
(474.0,470.0)
(810.0,470.0)
(756.0,470.0)
(448.0,470.0)
(757.0,470.0)
(474.0,470.0)
(380.0,470.0)
(756.0,470.0)
(756.0,470.0)
(756.0,470.0)
(756.0,470.0)
(475.0,470.0)
(380.0,470.0)
(475.0,470.0)
(756.0,470.0)
(756.0,470.0)
(756.0,470.0)
(756.0,470.0)
(756.0,470.0)
(447.0,470.0)
(756.0,470.0)
(479.0,470.0)
(756.0,470.0)
(756.0,470.0)
(380.0,470.0)
(738.0,470.0)
(471.0,470.0)
(770.0,470.0)
(471.0,470.0)
(474.0,470.0)
(756.0,470.0)
(756.0,470.0)
(756.0,470.0)
(471.0,470.0)
(756.0,470.0)
(756.0,470.0)
(471.0,470.0)
(440.0,470.0)
(447.0,470.0)
(770.0,470.0)
(756.0,470.0)
(756.0,470.0)
(756.0,470.0)
(756.0,470.0)
(756.0,470.0)
(810.0,470.0)
(756.0,470.0)
(479.0,470.0)
(471.0,470.0)
(756.0,470.0)
(756.0,470.0)
(471.0,470.0)
(756.0,470.0)
(475.0,470.0)
(756.0,470.0)
(455.0,470.0)
(380.0,470.0)
(382.0,470.0)
(380.0,470.0)
(756.0,470.0)
(756.0,470.0)
(756.0,470.0)
(756.0,470.0)
(474.0,470.0)
(756.0,470.0)
(757.0,470.0)
(770.0,470.0)
(479.0,470.0)
(756.0,470.0)
(475.0,470.0)
(756.0,470.0)
(756.0,470.0)
(756.0,470.0)
(756.0,470.0)
(756.0,470.0)
(380.0,470.0)
(475.0,470.0)
(756.0,470.0)
(427.0,470.0)
(756.0,470.0)
(756.0,470.0)
(380.0,470.0)
(474.0,470.0)
(440.0,470.0)
(756.0,470.0)
(757.0,470.0)
(756.0,470.0)
(471.0,470.0)
(756.0,470.0)
(380.0,470.0)
(455.0,470.0)
(756.0,470.0)
(380.0,470.0)
(810.0,470.0)
(380.0,470.0)
(475.0,470.0)
(757.0,470.0)
(756.0,470.0)
(756.0,470.0)
(757.0,470.0)
(756.0,470.0)
(756.0,470.0)
(475.0,470.0)
(475.0,470.0)
(756.0,470.0)
(756.0,470.0)
(756.0,470.0)
(368.0,470.0)
(756.0,470.0)
(756.0,470.0)
(380.0,470.0)
(756.0,470.0)
(756.0,470.0)
(479.0,470.0)
(770.0,470.0)
(810.0,470.0)
(756.0,470.0)
(475.0,470.0)
(756.0,470.0)
(756.0,470.0)
(756.0,470.0)
(810.0,470.0)
(756.0,470.0)
(756.0,470.0)
(471.0,470.0)
(471.0,470.0)
(471.0,470.0)
(447.0,470.0)
(471.0,470.0)
(471.0,470.0)
(368.0,470.0)
(471.0,470.0)
(471.0,470.0)
(447.0,470.0)
(471.0,470.0)
(471.0,470.0)
(756.0,470.0)
(471.0,470.0)
(368.0,470.0)
(471.0,470.0)
(471.0,470.0)
(471.0,470.0)
(447.0,470.0)
(471.0,470.0)
(447.0,470.0)
(471.0,470.0)
(471.0,470.0)
(471.0,470.0)
(447.0,470.0)
(471.0,470.0)
(471.0,470.0)
(381.0,470.0)
(447.0,470.0)
(471.0,470.0)
(471.0,470.0)
(381.0,470.0)
(471.0,470.0)
(471.0,470.0)
(471.0,470.0)
(471.0,470.0)
(447.0,470.0)
(471.0,470.0)
(471.0,470.0)
(381.0,470.0)
(471.0,470.0)
(471.0,470.0)
(471.0,470.0)
(756.0,470.0)
(471.0,470.0)
(471.0,470.0)
(471.0,470.0)
(447.0,470.0)
(471.0,470.0)
(447.0,470.0)
(368.0,470.0)
(471.0,470.0)
(471.0,470.0)
(471.0,470.0)
(447.0,470.0)
(471.0,470.0)
(368.0,470.0)
(471.0,470.0)
(471.0,470.0)
(368.0,470.0)
(471.0,470.0)
(447.0,470.0)
(368.0,470.0)
(382.0,470.0)
(471.0,470.0)
(471.0,470.0)
(440.0,470.0)
(447.0,470.0)
(471.0,470.0)
(471.0,470.0)
(471.0,470.0)
(471.0,470.0)
(471.0,470.0)
(471.0,470.0)
(471.0,470.0)
(471.0,470.0)
(756.0,470.0)
(471.0,470.0)
(471.0,470.0)
(471.0,470.0)
(471.0,470.0)
(447.0,470.0)
(471.0,470.0)
(447.0,470.0)
(471.0,470.0)
(471.0,470.0)
(471.0,470.0)
(482.0,470.0)
(381.0,470.0)
(447.0,470.0)
(471.0,470.0)
(471.0,470.0)
(447.0,470.0)
(756.0,470.0)
(471.0,470.0)
(471.0,470.0)
(447.0,470.0)
(471.0,470.0)
(471.0,470.0)
(756.0,470.0)
(471.0,470.0)
(447.0,470.0)
(482.0,470.0)
(459.0,470.0)
(471.0,470.0)
(471.0,470.0)
(471.0,470.0)
(382.0,470.0)
(471.0,470.0)
(471.0,470.0)
(471.0,470.0)
(471.0,470.0)
(471.0,470.0)
(471.0,470.0)
(471.0,470.0)
(368.0,470.0)
(447.0,470.0)
(471.0,470.0)
(479.0,470.0)
(471.0,470.0)
(471.0,470.0)
(471.0,470.0)
(471.0,470.0)
(471.0,470.0)
(368.0,470.0)
(447.0,470.0)
(471.0,470.0)
(455.0,470.0)
(471.0,470.0)
(471.0,470.0)
(471.0,470.0)
(471.0,470.0)
(471.0,470.0)
(471.0,470.0)
(471.0,470.0)
(471.0,470.0)
(471.0,470.0)
(471.0,470.0)
(471.0,470.0)
(471.0,470.0)
(368.0,470.0)
(471.0,470.0)
(471.0,470.0)
(471.0,470.0)
(756.0,470.0)
(471.0,470.0)
(471.0,470.0)
(471.0,470.0)
(471.0,470.0)
(471.0,470.0)
(471.0,470.0)
(471.0,470.0)
(471.0,470.0)
(471.0,470.0)
(471.0,470.0)
(756.0,470.0)
(471.0,470.0)
(471.0,470.0)
(447.0,470.0)
(475.0,470.0)
(471.0,470.0)
(368.0,470.0)
(471.0,470.0)
(471.0,470.0)
(471.0,470.0)
(471.0,470.0)
(471.0,470.0)
(471.0,470.0)
(471.0,470.0)
(471.0,470.0)
(471.0,470.0)
(471.0,470.0)
(447.0,470.0)
(475.0,470.0)
(368.0,470.0)
(471.0,470.0)
(447.0,470.0)
(447.0,470.0)
(368.0,470.0)
(471.0,470.0)
(471.0,470.0)
(447.0,470.0)
(471.0,470.0)
(447.0,470.0)
(471.0,470.0)
(447.0,470.0)
(471.0,470.0)
(471.0,470.0)
(471.0,470.0)
(471.0,470.0)
(471.0,470.0)
(471.0,470.0)
(471.0,470.0)
(471.0,470.0)
(471.0,470.0)
(447.0,470.0)
(471.0,470.0)
(447.0,470.0)
(471.0,470.0)
(471.0,470.0)
(471.0,470.0)
(471.0,470.0)
(471.0,470.0)
(471.0,470.0)
(447.0,470.0)
(368.0,470.0)
(413.0,470.0)
(471.0,470.0)
(471.0,470.0)
(471.0,470.0)
(447.0,470.0)
(471.0,470.0)
(447.0,470.0)
(447.0,470.0)
(471.0,470.0)
(471.0,470.0)
(471.0,470.0)
(459.0,470.0)
(479.0,470.0)
(471.0,470.0)
(471.0,470.0)
(471.0,470.0)
(471.0,470.0)
(471.0,470.0)
(471.0,470.0)
(471.0,470.0)
(447.0,470.0)
(471.0,470.0)
(471.0,470.0)
(471.0,470.0)
(482.0,470.0)
(471.0,470.0)
(471.0,470.0)
(471.0,470.0)
(447.0,470.0)
(447.0,470.0)
(471.0,470.0)
(471.0,470.0)
(368.0,470.0)
(447.0,470.0)
(471.0,470.0)
(471.0,470.0)
(471.0,470.0)
(471.0,470.0)
(471.0,470.0)
(756.0,470.0)
(447.0,470.0)
(447.0,470.0)
(471.0,470.0)
(368.0,470.0)
(459.0,470.0)
(447.0,470.0)
(471.0,470.0)
(447.0,470.0)
(482.0,470.0)
(447.0,470.0)
(471.0,470.0)
(471.0,470.0)
(447.0,470.0)
(368.0,470.0)
(471.0,470.0)
(471.0,470.0)
(471.0,470.0)
(447.0,470.0)
(471.0,470.0)
(471.0,470.0)
(471.0,470.0)
(471.0,470.0)
(471.0,470.0)
(471.0,470.0)
(471.0,470.0)
(471.0,470.0)
(471.0,470.0)
(471.0,470.0)
(461.0,470.0)
(381.0,470.0)
(471.0,470.0)
(471.0,470.0)
(447.0,470.0)
(471.0,470.0)
(447.0,470.0)
(471.0,470.0)
(471.0,470.0)
(459.0,470.0)
(471.0,470.0)
(471.0,470.0)
(447.0,470.0)
(479.0,470.0)
(447.0,470.0)
(471.0,470.0)
(471.0,470.0)
(368.0,470.0)
(447.0,470.0)
(447.0,470.0)
(447.0,470.0)
(471.0,470.0)
(756.0,470.0)
(471.0,470.0)
(447.0,470.0)
(471.0,470.0)
(471.0,470.0)
(471.0,470.0)
(447.0,470.0)
(471.0,470.0)
(471.0,470.0)
(471.0,470.0)
(471.0,470.0)
(471.0,470.0)
(471.0,470.0)
(381.0,470.0)
(471.0,470.0)
(471.0,470.0)
(471.0,470.0)
(471.0,470.0)
(471.0,470.0)
(756.0,470.0)
(447.0,470.0)
(368.0,470.0)
(447.0,470.0)
(471.0,470.0)
(459.0,470.0)
(471.0,470.0)
(471.0,470.0)
(471.0,470.0)
(471.0,470.0)
(471.0,470.0)
(471.0,470.0)
(447.0,470.0)
(459.0,470.0)
(471.0,470.0)
(471.0,470.0)
(471.0,470.0)
(471.0,470.0)
(471.0,470.0)
(471.0,470.0)
(471.0,470.0)
(471.0,470.0)
(471.0,470.0)
(471.0,470.0)
(757.0,470.0)
(381.0,470.0)
(471.0,470.0)
(447.0,470.0)
(471.0,470.0)
(447.0,470.0)
(448.0,470.0)
(368.0,470.0)
(447.0,470.0)
(471.0,470.0)
(471.0,470.0)
(459.0,470.0)
(459.0,470.0)
(471.0,470.0)
(471.0,470.0)
(447.0,470.0)
(471.0,470.0)
(471.0,470.0)
(447.0,470.0)
(447.0,470.0)
(381.0,470.0)
(471.0,470.0)
(471.0,470.0)
(756.0,470.0)
(471.0,470.0)
(447.0,470.0)
(471.0,470.0)
(471.0,470.0)
(368.0,470.0)
(757.0,470.0)
(475.0,470.0)
(368.0,470.0)
(471.0,470.0)
(471.0,470.0)
(471.0,470.0)
(447.0,470.0)
(471.0,470.0)
(447.0,470.0)
(471.0,470.0)
(471.0,470.0)
(447.0,470.0)
(471.0,470.0)
(471.0,470.0)
(447.0,470.0)
(483.0,470.0)
(483.0,470.0)
(471.0,470.0)
(471.0,470.0)
(447.0,470.0)
(471.0,470.0)
(381.0,470.0)
(479.0,470.0)
(471.0,470.0)
(471.0,470.0)
(756.0,470.0)
(756.0,470.0)
(212.0,470.0)
(382.0,470.0)
(756.0,470.0)
(756.0,470.0)
(756.0,470.0)
(479.0,470.0)
(475.0,470.0)
(475.0,470.0)
(756.0,470.0)
(479.0,470.0)
(440.0,470.0)
(756.0,470.0)
(756.0,470.0)
(475.0,470.0)
(756.0,470.0)
(756.0,470.0)
(756.0,470.0)
(380.0,470.0)
(756.0,470.0)
(440.0,470.0)
(380.0,470.0)
(368.0,470.0)
(475.0,470.0)
(475.0,470.0)
(380.0,470.0)
(757.0,470.0)
(756.0,470.0)
(756.0,470.0)
(440.0,470.0)
(756.0,470.0)
(442.0,470.0)
(368.0,470.0)
(756.0,470.0)
(756.0,470.0)
(380.0,470.0)
(756.0,470.0)
(440.0,470.0)
(756.0,470.0)
(757.0,470.0)
(810.0,470.0)
(380.0,470.0)
(756.0,470.0)
(475.0,470.0)
(756.0,470.0)
(756.0,470.0)
(756.0,470.0)
(471.0,470.0)
(380.0,470.0)
(756.0,470.0)
(756.0,470.0)
(475.0,470.0)
(756.0,470.0)
(380.0,470.0)
(417.0,470.0)
(382.0,470.0)
(756.0,470.0)
(756.0,470.0)
(475.0,470.0)
(756.0,470.0)
(756.0,470.0)
(756.0,470.0)
(447.0,470.0)
(475.0,470.0)
(382.0,470.0)
(756.0,470.0)
(474.0,470.0)
(756.0,470.0)
(756.0,470.0)
(787.0,470.0)
(756.0,470.0)
(756.0,470.0)
(756.0,470.0)
(479.0,470.0)
(756.0,470.0)
(380.0,470.0)
(442.0,470.0)
(475.0,470.0)
(440.0,470.0)
(756.0,470.0)
(440.0,470.0)
(756.0,470.0)
(475.0,470.0)
(756.0,470.0)
(756.0,470.0)
(379.0,470.0)
(756.0,470.0)
(756.0,470.0)
(787.0,470.0)
(756.0,470.0)
(756.0,470.0)
(479.0,470.0)
(440.0,470.0)
(757.0,470.0)
(757.0,470.0)
(756.0,470.0)
(479.0,470.0)
(475.0,470.0)
(756.0,470.0)
(757.0,470.0)
(380.0,470.0)
(212.0,470.0)
(756.0,470.0)
(354.0,470.0)
(756.0,470.0)
(756.0,470.0)
(212.0,470.0)
(756.0,470.0)
(447.0,470.0)
(756.0,470.0)
(475.0,470.0)
(475.0,470.0)
(756.0,470.0)
(756.0,470.0)
(756.0,470.0)
(756.0,470.0)
(382.0,470.0)
(756.0,470.0)
(756.0,470.0)
(756.0,470.0)
(475.0,470.0)
(380.0,470.0)
(756.0,470.0)
(380.0,470.0)
(756.0,470.0)
(756.0,470.0)
(474.0,470.0)
(440.0,470.0)
(479.0,470.0)
(756.0,470.0)
(475.0,470.0)
(757.0,470.0)
(756.0,470.0)
(382.0,470.0)
(756.0,470.0)
(756.0,470.0)
(756.0,470.0)
(756.0,470.0)
(380.0,470.0)
(756.0,470.0)
(382.0,470.0)
(756.0,470.0)
(475.0,470.0)
(475.0,470.0)
(787.0,470.0)
(380.0,470.0)
(471.0,470.0)
(479.0,470.0)
(475.0,470.0)
(756.0,470.0)
(756.0,470.0)
(756.0,470.0)
(382.0,470.0)
(757.0,470.0)
(756.0,470.0)
(471.0,470.0)
(756.0,470.0)
(756.0,470.0)
(756.0,470.0)
(380.0,470.0)
(756.0,470.0)
(475.0,470.0)
(756.0,470.0)
(440.0,470.0)
(756.0,470.0)
(756.0,470.0)
(756.0,470.0)
(756.0,470.0)
(756.0,470.0)
(756.0,470.0)
(471.0,470.0)
(756.0,470.0)
(756.0,470.0)
(475.0,470.0)
(380.0,470.0)
(756.0,470.0)
(475.0,470.0)
(757.0,470.0)
(756.0,470.0)
(756.0,470.0)
(756.0,470.0)
(756.0,470.0)
(479.0,470.0)
(440.0,470.0)
(471.0,470.0)
(475.0,470.0)
(756.0,470.0)
(756.0,470.0)
(483.0,470.0)
(757.0,470.0)
(471.0,470.0)
(471.0,470.0)
(471.0,470.0)
(471.0,470.0)
(810.0,470.0)
(471.0,470.0)
(471.0,470.0)
(471.0,470.0)
(471.0,470.0)
(471.0,470.0)
(471.0,470.0)
(756.0,470.0)
(471.0,470.0)
(471.0,470.0)
(471.0,470.0)
(471.0,470.0)
(447.0,470.0)
(471.0,470.0)
(471.0,470.0)
(471.0,470.0)
(382.0,470.0)
(447.0,470.0)
(479.0,470.0)
(471.0,470.0)
(459.0,470.0)
(471.0,470.0)
(471.0,470.0)
(471.0,470.0)
(471.0,470.0)
(471.0,470.0)
(471.0,470.0)
(471.0,470.0)
(471.0,470.0)
(447.0,470.0)
(471.0,470.0)
(471.0,470.0)
(471.0,470.0)
(471.0,470.0)
(471.0,470.0)
(471.0,470.0)
(471.0,470.0)
(471.0,470.0)
(471.0,470.0)
(471.0,470.0)
(471.0,470.0)
(471.0,470.0)
(471.0,470.0)
(447.0,470.0)
(471.0,470.0)
(471.0,470.0)
(471.0,470.0)
(471.0,470.0)
(471.0,470.0)
(471.0,470.0)
(368.0,470.0)
(471.0,470.0)
(368.0,470.0)
(471.0,470.0)
(471.0,470.0)
(471.0,470.0)
(471.0,470.0)
(471.0,470.0)
(471.0,470.0)
(471.0,470.0)
(471.0,470.0)
(471.0,470.0)
(471.0,470.0)
(471.0,470.0)
(471.0,470.0)
(471.0,470.0)
(471.0,470.0)
(471.0,470.0)
(471.0,470.0)
(471.0,470.0)
(428.0,470.0)
(471.0,470.0)
(471.0,470.0)
(381.0,470.0)
(471.0,470.0)
(475.0,470.0)
(455.0,470.0)
(471.0,470.0)
(447.0,470.0)
(471.0,470.0)
(442.0,470.0)
(471.0,470.0)
(471.0,470.0)
(471.0,470.0)
(447.0,470.0)
(447.0,470.0)
(447.0,470.0)
(471.0,470.0)
(471.0,470.0)
(471.0,470.0)
(471.0,470.0)
(447.0,470.0)
(471.0,470.0)
(471.0,470.0)
(471.0,470.0)
(447.0,470.0)
(471.0,470.0)
(381.0,470.0)
(471.0,470.0)
(756.0,470.0)
(368.0,470.0)
(471.0,470.0)
(471.0,470.0)
(447.0,470.0)
(447.0,470.0)
(471.0,470.0)
(471.0,470.0)
(471.0,470.0)
(471.0,470.0)
(381.0,470.0)
(471.0,470.0)
(471.0,470.0)
(471.0,470.0)
(471.0,470.0)
(471.0,470.0)
(471.0,470.0)
(471.0,470.0)
(447.0,470.0)
(447.0,470.0)
(447.0,470.0)
(471.0,470.0)
(471.0,470.0)
(471.0,470.0)
(471.0,470.0)
(447.0,470.0)
(471.0,470.0)
(471.0,470.0)
(471.0,470.0)
(471.0,470.0)
(447.0,470.0)
(471.0,470.0)
(447.0,470.0)
(471.0,470.0)
(471.0,470.0)
(471.0,470.0)
(471.0,470.0)
(471.0,470.0)
(471.0,470.0)
(447.0,470.0)
(471.0,470.0)
(471.0,470.0)
(471.0,470.0)
(447.0,470.0)
(471.0,470.0)
(471.0,470.0)
(471.0,470.0)
(471.0,470.0)
(471.0,470.0)
(471.0,470.0)
(428.0,470.0)
(440.0,470.0)
(471.0,470.0)
(447.0,470.0)
(471.0,470.0)
(471.0,470.0)
(482.0,470.0)
(368.0,470.0)
(471.0,470.0)
(447.0,470.0)
(471.0,470.0)
(471.0,470.0)
(381.0,470.0)
(447.0,470.0)
(471.0,470.0)
(471.0,470.0)
(471.0,470.0)
(471.0,470.0)
(471.0,470.0)
(471.0,470.0)
(471.0,470.0)
(471.0,470.0)
(471.0,470.0)
(471.0,470.0)
(471.0,470.0)
(447.0,470.0)
(471.0,470.0)
(471.0,470.0)
(447.0,470.0)
(455.0,470.0)
(471.0,470.0)
(471.0,470.0)
(810.0,470.0)
(471.0,470.0)
(471.0,470.0)
(471.0,470.0)
(471.0,470.0)
(471.0,470.0)
(440.0,470.0)
(447.0,470.0)
(471.0,470.0)
(368.0,470.0)
(471.0,470.0)
(471.0,470.0)
(483.0,470.0)
(479.0,470.0)
(479.0,470.0)
(479.0,470.0)
(479.0,470.0)
(483.0,470.0)
(483.0,470.0)
(483.0,470.0)
(479.0,470.0)
(447.0,470.0)
(376.0,470.0)
(479.0,470.0)
(479.0,470.0)
(479.0,470.0)
(479.0,470.0)
(479.0,470.0)
(479.0,470.0)
(479.0,470.0)
(479.0,470.0)
(483.0,470.0)
(479.0,470.0)
(483.0,470.0)
(479.0,470.0)
(479.0,470.0)
(479.0,470.0)
(479.0,470.0)
(479.0,470.0)
(384.0,470.0)
(368.0,470.0)
(431.0,470.0)
(479.0,470.0)
(479.0,470.0)
(479.0,470.0)
(479.0,470.0)
(387.0,470.0)
(479.0,470.0)
(479.0,470.0)
(483.0,470.0)
(479.0,470.0)
(483.0,470.0)
(479.0,470.0)
(479.0,470.0)
(483.0,470.0)
(479.0,470.0)
(479.0,470.0)
(479.0,470.0)
(483.0,470.0)
(479.0,470.0)
(479.0,470.0)
(479.0,470.0)
(483.0,470.0)
(479.0,470.0)
(404.0,470.0)
(483.0,470.0)
(376.0,470.0)
(483.0,470.0)
(479.0,470.0)
(483.0,470.0)
(479.0,470.0)
(479.0,470.0)
(479.0,470.0)
(483.0,470.0)
(479.0,470.0)
(483.0,470.0)
(483.0,470.0)
(479.0,470.0)
(479.0,470.0)
(479.0,470.0)
(479.0,470.0)
(479.0,470.0)
(479.0,470.0)
(479.0,470.0)
(404.0,470.0)
(479.0,470.0)
(483.0,470.0)
(479.0,470.0)
(479.0,470.0)
(479.0,470.0)
(479.0,470.0)
(479.0,470.0)
(483.0,470.0)
(386.0,470.0)
(483.0,470.0)
(479.0,470.0)
(479.0,470.0)
(479.0,470.0)
(479.0,470.0)
(479.0,470.0)
(479.0,470.0)
(435.0,470.0)
(479.0,470.0)
(479.0,470.0)
(479.0,470.0)
(483.0,470.0)
(479.0,470.0)
(479.0,470.0)
(483.0,470.0)
(479.0,470.0)
(483.0,470.0)
(479.0,470.0)
(368.0,470.0)
(483.0,470.0)
(483.0,470.0)
(479.0,470.0)
(404.0,470.0)
(479.0,470.0)
(479.0,470.0)
(479.0,470.0)
(479.0,470.0)
(479.0,470.0)
(479.0,470.0)
(459.0,470.0)
(396.0,470.0)
(479.0,470.0)
(479.0,470.0)
(479.0,470.0)
(479.0,470.0)
(431.0,470.0)
(483.0,470.0)
(479.0,470.0)
(479.0,470.0)
(479.0,470.0)
(435.0,470.0)
(479.0,470.0)
(368.0,470.0)
(479.0,470.0)
(479.0,470.0)
(479.0,470.0)
(479.0,470.0)
(376.0,470.0)
(483.0,470.0)
(483.0,470.0)
(479.0,470.0)
(376.0,470.0)
(483.0,470.0)
(483.0,470.0)
(479.0,470.0)
(479.0,470.0)
(479.0,470.0)
(483.0,470.0)
(483.0,470.0)
(479.0,470.0)
(483.0,470.0)
(479.0,470.0)
(479.0,470.0)
(479.0,470.0)
(479.0,470.0)
(483.0,470.0)
(479.0,470.0)
(479.0,470.0)
(479.0,470.0)
(479.0,470.0)
(435.0,470.0)
(479.0,470.0)
(479.0,470.0)
(479.0,470.0)
(479.0,470.0)
(479.0,470.0)
(483.0,470.0)
(483.0,470.0)
(479.0,470.0)
(479.0,470.0)
(483.0,470.0)
(479.0,470.0)
(483.0,470.0)
(359.0,470.0)
(479.0,470.0)
(483.0,470.0)
(479.0,470.0)
(479.0,470.0)
(479.0,470.0)
(479.0,470.0)
(479.0,470.0)
(479.0,470.0)
(479.0,470.0)
(479.0,470.0)
(479.0,470.0)
(479.0,470.0)
(479.0,470.0)
(479.0,470.0)
(479.0,470.0)
(479.0,470.0)
(479.0,470.0)
(479.0,470.0)
(368.0,470.0)
(479.0,470.0)
(479.0,470.0)
(479.0,470.0)
(479.0,470.0)
(404.0,470.0)
(785.0,470.0)
(479.0,470.0)
(471.0,470.0)
(471.0,470.0)
(471.0,470.0)
(471.0,470.0)
(471.0,470.0)
(471.0,470.0)
(471.0,470.0)
(471.0,470.0)
(479.0,470.0)
(471.0,470.0)
(368.0,470.0)
(447.0,470.0)
(471.0,470.0)
(471.0,470.0)
(471.0,470.0)
(471.0,470.0)
(471.0,470.0)
(471.0,470.0)
(471.0,470.0)
(471.0,470.0)
(471.0,470.0)
(471.0,470.0)
(471.0,470.0)
(447.0,470.0)
(482.0,470.0)
(471.0,470.0)
(804.0,470.0)
(471.0,470.0)
(471.0,470.0)
(447.0,470.0)
(471.0,470.0)
(471.0,470.0)
(440.0,470.0)
(471.0,470.0)
(471.0,470.0)
(471.0,470.0)
(756.0,470.0)
(471.0,470.0)
(417.0,470.0)
(756.0,470.0)
(471.0,470.0)
(447.0,470.0)
(471.0,470.0)
(471.0,470.0)
(471.0,470.0)
(471.0,470.0)
(471.0,470.0)
(471.0,470.0)
(368.0,470.0)
(471.0,470.0)
(471.0,470.0)
(447.0,470.0)
(368.0,470.0)
(447.0,470.0)
(471.0,470.0)
(471.0,470.0)
(471.0,470.0)
(471.0,470.0)
(471.0,470.0)
(471.0,470.0)
(447.0,470.0)
(471.0,470.0)
(471.0,470.0)
(447.0,470.0)
(756.0,470.0)
(447.0,470.0)
(447.0,470.0)
(471.0,470.0)
(447.0,470.0)
(471.0,470.0)
(471.0,470.0)
(756.0,470.0)
(368.0,470.0)
(368.0,470.0)
(471.0,470.0)
(471.0,470.0)
(471.0,470.0)
(471.0,470.0)
(471.0,470.0)
(471.0,470.0)
(471.0,470.0)
(368.0,470.0)
(471.0,470.0)
(471.0,470.0)
(471.0,470.0)
(471.0,470.0)
(471.0,470.0)
(471.0,470.0)
(471.0,470.0)
(471.0,470.0)
(471.0,470.0)
(471.0,470.0)
(471.0,470.0)
(447.0,470.0)
(471.0,470.0)
(471.0,470.0)
(471.0,470.0)
(471.0,470.0)
(471.0,470.0)
(447.0,470.0)
(471.0,470.0)
(471.0,470.0)
(471.0,470.0)
(471.0,470.0)
(471.0,470.0)
(471.0,470.0)
(447.0,470.0)
(447.0,470.0)
(471.0,470.0)
(471.0,470.0)
(471.0,470.0)
(471.0,470.0)
(471.0,470.0)
(447.0,470.0)
(471.0,470.0)
(447.0,470.0)
(447.0,470.0)
(471.0,470.0)
(368.0,470.0)
(471.0,470.0)
(459.0,470.0)
(471.0,470.0)
(471.0,470.0)
(471.0,470.0)
(756.0,470.0)
(471.0,470.0)
(471.0,470.0)
(471.0,470.0)
(368.0,470.0)
(471.0,470.0)
(471.0,470.0)
(471.0,470.0)
(471.0,470.0)
(471.0,470.0)
(481.0,470.0)
(471.0,470.0)
(447.0,470.0)
(447.0,470.0)
(471.0,470.0)
(471.0,470.0)
(471.0,470.0)
(471.0,470.0)
(471.0,470.0)
(471.0,470.0)
(471.0,470.0)
(471.0,470.0)
(471.0,470.0)
(756.0,470.0)
(471.0,470.0)
(447.0,470.0)
(447.0,470.0)
(471.0,470.0)
(475.0,470.0)
(471.0,470.0)
(471.0,470.0)
(368.0,470.0)
(381.0,470.0)
(447.0,470.0)
(447.0,470.0)
(471.0,470.0)
(471.0,470.0)
(471.0,470.0)
(471.0,470.0)
(756.0,470.0)
(471.0,470.0)
(447.0,470.0)
(471.0,470.0)
(368.0,470.0)
(471.0,470.0)
(482.0,470.0)
(471.0,470.0)
(471.0,470.0)
(471.0,470.0)
(471.0,470.0)
(447.0,470.0)
(471.0,470.0)
(471.0,470.0)
(471.0,470.0)
(471.0,470.0)
(471.0,470.0)
(471.0,470.0)
(447.0,470.0)
(471.0,470.0)
(447.0,470.0)
(756.0,470.0)
(471.0,470.0)
(471.0,470.0)
(381.0,470.0)
(471.0,470.0)
(471.0,470.0)
(471.0,470.0)
(471.0,470.0)
(471.0,470.0)
(471.0,470.0)
(471.0,470.0)
(447.0,470.0)
(471.0,470.0)
(479.0,471.0)
(479.0,471.0)
(479.0,471.0)
(482.0,471.0)
(483.0,471.0)
(483.0,471.0)
(483.0,471.0)
(483.0,471.0)
(479.0,471.0)
(482.0,471.0)
(482.0,471.0)
(483.0,471.0)
(479.0,471.0)
(479.0,471.0)
(483.0,471.0)
(483.0,471.0)
(483.0,471.0)
(483.0,471.0)
(483.0,471.0)
(483.0,471.0)
(425.0,471.0)
(483.0,471.0)
(483.0,471.0)
(483.0,471.0)
(483.0,471.0)
(471.0,471.0)
(483.0,471.0)
(479.0,471.0)
(483.0,471.0)
(474.0,471.0)
(483.0,471.0)
(482.0,471.0)
(479.0,471.0)
(479.0,471.0)
(479.0,471.0)
(479.0,471.0)
(479.0,471.0)
(417.0,471.0)
(479.0,471.0)
(483.0,471.0)
(483.0,471.0)
(483.0,471.0)
(483.0,471.0)
(483.0,471.0)
(479.0,471.0)
(475.0,471.0)
(483.0,471.0)
(483.0,471.0)
(483.0,471.0)
(479.0,471.0)
(519.0,471.0)
(474.0,471.0)
(482.0,471.0)
(483.0,471.0)
(483.0,471.0)
(482.0,471.0)
(483.0,471.0)
(483.0,471.0)
(471.0,471.0)
(483.0,471.0)
(483.0,471.0)
(483.0,471.0)
(479.0,471.0)
(479.0,471.0)
(483.0,471.0)
(471.0,471.0)
(471.0,471.0)
(483.0,471.0)
(479.0,471.0)
(483.0,471.0)
(470.0,471.0)
(479.0,471.0)
(479.0,471.0)
(482.0,471.0)
(479.0,471.0)
(483.0,471.0)
(483.0,471.0)
(770.0,471.0)
(479.0,471.0)
(483.0,471.0)
(483.0,471.0)
(483.0,471.0)
(483.0,471.0)
(483.0,471.0)
(442.0,471.0)
(474.0,471.0)
(483.0,471.0)
(483.0,471.0)
(483.0,471.0)
(483.0,471.0)
(483.0,471.0)
(483.0,471.0)
(483.0,471.0)
(483.0,471.0)
(483.0,471.0)
(483.0,471.0)
(479.0,471.0)
(482.0,471.0)
(483.0,471.0)
(447.0,471.0)
(482.0,471.0)
(483.0,471.0)
(479.0,471.0)
(471.0,471.0)
(483.0,471.0)
(483.0,471.0)
(483.0,471.0)
(479.0,471.0)
(479.0,471.0)
(483.0,471.0)
(475.0,471.0)
(483.0,471.0)
(471.0,471.0)
(482.0,471.0)
(483.0,471.0)
(447.0,471.0)
(483.0,471.0)
(483.0,471.0)
(483.0,471.0)
(483.0,471.0)
(479.0,471.0)
(483.0,471.0)
(483.0,471.0)
(483.0,471.0)
(483.0,471.0)
(483.0,471.0)
(479.0,471.0)
(479.0,471.0)
(479.0,471.0)
(483.0,471.0)
(483.0,471.0)
(442.0,471.0)
(482.0,471.0)
(483.0,471.0)
(483.0,471.0)
(479.0,471.0)
(479.0,471.0)
(756.0,471.0)
(483.0,471.0)
(483.0,471.0)
(483.0,471.0)
(479.0,471.0)
(483.0,471.0)
(483.0,471.0)
(483.0,471.0)
(483.0,471.0)
(479.0,471.0)
(483.0,471.0)
(483.0,471.0)
(483.0,471.0)
(482.0,471.0)
(483.0,471.0)
(482.0,471.0)
(483.0,471.0)
(483.0,471.0)
(479.0,471.0)
(483.0,471.0)
(482.0,471.0)
(483.0,471.0)
(479.0,471.0)
(482.0,471.0)
(471.0,471.0)
(479.0,471.0)
(479.0,471.0)
(483.0,471.0)
(483.0,471.0)
(479.0,471.0)
(483.0,471.0)
(483.0,471.0)
(422.0,471.0)
(483.0,471.0)
(483.0,471.0)
(483.0,471.0)
(471.0,471.0)
(479.0,471.0)
(479.0,471.0)
(479.0,471.0)
(483.0,471.0)
(483.0,471.0)
(471.0,471.0)
(479.0,471.0)
(483.0,471.0)
(483.0,471.0)
(483.0,471.0)
(471.0,471.0)
(483.0,471.0)
(479.0,471.0)
(483.0,471.0)
(483.0,471.0)
(483.0,471.0)
(479.0,471.0)
(483.0,471.0)
(479.0,471.0)
(479.0,471.0)
(483.0,471.0)
(471.0,471.0)
(470.0,471.0)
(483.0,471.0)
(479.0,471.0)
(483.0,471.0)
(483.0,471.0)
(766.0,471.0)
(483.0,471.0)
(483.0,471.0)
(482.0,471.0)
(483.0,471.0)
(483.0,471.0)
(483.0,471.0)
(483.0,471.0)
(483.0,471.0)
(483.0,471.0)
(482.0,471.0)
(483.0,471.0)
(483.0,471.0)
(479.0,471.0)
(483.0,471.0)
(483.0,471.0)
(417.0,471.0)
(483.0,471.0)
(483.0,471.0)
(417.0,471.0)
(483.0,471.0)
(479.0,471.0)
(483.0,471.0)
(483.0,471.0)
(474.0,471.0)
(483.0,471.0)
(483.0,471.0)
(483.0,471.0)
(483.0,471.0)
(483.0,471.0)
(483.0,471.0)
(471.0,471.0)
(483.0,471.0)
(479.0,471.0)
(483.0,471.0)
(483.0,471.0)
(483.0,471.0)
(483.0,471.0)
(483.0,471.0)
(479.0,471.0)
(406.0,471.0)
(483.0,471.0)
(483.0,471.0)
(482.0,471.0)
(471.0,471.0)
(483.0,471.0)
(483.0,471.0)
(479.0,471.0)
(479.0,471.0)
(417.0,471.0)
(483.0,471.0)
(483.0,471.0)
(479.0,471.0)
(482.0,471.0)
(474.0,471.0)
(483.0,471.0)
(442.0,471.0)
(483.0,471.0)
(474.0,471.0)
(483.0,471.0)
(483.0,471.0)
(475.0,471.0)
(483.0,471.0)
(471.0,471.0)
(471.0,471.0)
(482.0,471.0)
(474.0,471.0)
(471.0,471.0)
(483.0,471.0)
(483.0,471.0)
(483.0,471.0)
(483.0,471.0)
(483.0,471.0)
(483.0,471.0)
(483.0,471.0)
(483.0,471.0)
(483.0,471.0)
(483.0,471.0)
(483.0,471.0)
(483.0,471.0)
(483.0,471.0)
(482.0,471.0)
(483.0,471.0)
(471.0,471.0)
(483.0,471.0)
(479.0,471.0)
(483.0,471.0)
(471.0,471.0)
(427.0,471.0)
(483.0,471.0)
(483.0,471.0)
(471.0,471.0)
(483.0,471.0)
(483.0,471.0)
(483.0,471.0)
(482.0,471.0)
(483.0,471.0)
(483.0,471.0)
(483.0,471.0)
(483.0,471.0)
(483.0,471.0)
(483.0,471.0)
(479.0,471.0)
(483.0,471.0)
(482.0,471.0)
(479.0,471.0)
(479.0,471.0)
(479.0,471.0)
(482.0,471.0)
(483.0,471.0)
(483.0,471.0)
(483.0,471.0)
(479.0,471.0)
(483.0,471.0)
(471.0,471.0)
(479.0,471.0)
(483.0,471.0)
(483.0,471.0)
(483.0,471.0)
(483.0,471.0)
(483.0,471.0)
(474.0,471.0)
(482.0,471.0)
(483.0,471.0)
(483.0,471.0)
(483.0,471.0)
(479.0,471.0)
(483.0,471.0)
(483.0,471.0)
(483.0,471.0)
(483.0,471.0)
(479.0,471.0)
(482.0,471.0)
(482.0,471.0)
(483.0,471.0)
(483.0,471.0)
(412.0,471.0)
(483.0,471.0)
(483.0,471.0)
(483.0,471.0)
(483.0,471.0)
(471.0,471.0)
(479.0,471.0)
(483.0,471.0)
(475.0,471.0)
(471.0,471.0)
(483.0,471.0)
(482.0,471.0)
(483.0,471.0)
(483.0,471.0)
(483.0,471.0)
(483.0,471.0)
(447.0,471.0)
(483.0,471.0)
(479.0,471.0)
(482.0,471.0)
(483.0,471.0)
(483.0,471.0)
(483.0,471.0)
(483.0,471.0)
(483.0,471.0)
(483.0,471.0)
(483.0,471.0)
(483.0,471.0)
(475.0,471.0)
(483.0,471.0)
(471.0,471.0)
