(405.0,405.0)
(413.0,405.0)
(405.0,405.0)
(405.0,405.0)
(405.0,405.0)
(405.0,405.0)
(405.0,405.0)
(405.0,405.0)
(404.0,405.0)
(417.0,405.0)
(417.0,405.0)
(405.0,405.0)
(405.0,405.0)
(405.0,405.0)
(405.0,405.0)
(405.0,405.0)
(405.0,405.0)
(405.0,405.0)
(417.0,405.0)
(405.0,405.0)
(405.0,405.0)
(405.0,405.0)
(405.0,405.0)
(405.0,405.0)
(405.0,405.0)
(405.0,405.0)
(405.0,405.0)
(405.0,405.0)
(405.0,405.0)
(405.0,405.0)
(405.0,405.0)
(405.0,405.0)
(405.0,405.0)
(405.0,405.0)
(405.0,405.0)
(405.0,405.0)
(405.0,405.0)
(405.0,405.0)
(405.0,405.0)
(405.0,405.0)
(405.0,405.0)
(417.0,405.0)
(405.0,405.0)
(405.0,405.0)
(417.0,405.0)
(417.0,405.0)
(405.0,405.0)
(417.0,405.0)
(405.0,405.0)
(405.0,405.0)
(405.0,405.0)
(405.0,405.0)
(405.0,405.0)
(405.0,405.0)
(405.0,405.0)
(401.0,405.0)
(404.0,405.0)
(405.0,405.0)
(405.0,405.0)
(417.0,405.0)
(405.0,405.0)
(405.0,405.0)
(405.0,405.0)
(447.0,405.0)
(405.0,405.0)
(404.0,405.0)
(412.0,405.0)
(405.0,405.0)
(405.0,405.0)
(405.0,405.0)
(405.0,405.0)
(405.0,405.0)
(405.0,405.0)
(405.0,405.0)
(405.0,405.0)
(417.0,405.0)
(417.0,405.0)
(417.0,405.0)
(405.0,405.0)
(405.0,405.0)
(405.0,405.0)
(405.0,405.0)
(417.0,405.0)
(405.0,405.0)
(405.0,405.0)
(405.0,405.0)
(405.0,405.0)
(417.0,405.0)
(771.0,405.0)
(405.0,405.0)
(417.0,405.0)
(417.0,405.0)
(405.0,405.0)
(405.0,405.0)
(405.0,405.0)
(405.0,405.0)
(405.0,405.0)
(416.0,405.0)
(417.0,405.0)
(417.0,405.0)
(417.0,405.0)
(405.0,405.0)
(405.0,405.0)
(405.0,405.0)
(405.0,405.0)
(405.0,405.0)
(405.0,405.0)
(405.0,405.0)
(405.0,405.0)
(405.0,405.0)
(405.0,405.0)
(405.0,405.0)
(405.0,405.0)
(405.0,405.0)
(376.0,405.0)
(405.0,405.0)
(405.0,405.0)
(405.0,405.0)
(405.0,405.0)
(405.0,405.0)
(405.0,405.0)
(417.0,405.0)
(405.0,405.0)
(405.0,405.0)
(405.0,405.0)
(413.0,405.0)
(405.0,405.0)
(405.0,405.0)
(417.0,405.0)
(405.0,405.0)
(421.0,405.0)
(405.0,405.0)
(446.0,405.0)
(405.0,405.0)
(405.0,405.0)
(405.0,405.0)
(405.0,405.0)
(405.0,405.0)
(417.0,405.0)
(421.0,405.0)
(417.0,405.0)
(405.0,405.0)
(405.0,405.0)
(417.0,405.0)
(405.0,405.0)
(405.0,405.0)
(412.0,405.0)
(405.0,405.0)
(405.0,405.0)
(405.0,405.0)
(405.0,405.0)
(405.0,405.0)
(405.0,405.0)
(405.0,405.0)
(405.0,405.0)
(771.0,405.0)
(421.0,405.0)
(405.0,405.0)
(405.0,405.0)
(405.0,405.0)
(405.0,405.0)
(405.0,405.0)
(405.0,405.0)
(412.0,405.0)
(405.0,405.0)
(405.0,405.0)
(417.0,405.0)
(417.0,405.0)
(405.0,405.0)
(405.0,405.0)
(417.0,405.0)
(405.0,405.0)
(405.0,405.0)
(405.0,405.0)
(405.0,405.0)
(405.0,405.0)
(422.0,405.0)
(405.0,405.0)
(405.0,405.0)
(413.0,405.0)
(405.0,405.0)
(405.0,405.0)
(405.0,405.0)
(405.0,405.0)
(412.0,405.0)
(405.0,405.0)
(405.0,405.0)
(405.0,405.0)
(405.0,405.0)
(405.0,405.0)
(405.0,405.0)
(417.0,405.0)
(405.0,405.0)
(405.0,405.0)
(405.0,405.0)
(417.0,405.0)
(405.0,405.0)
(405.0,405.0)
(417.0,405.0)
(405.0,405.0)
(405.0,405.0)
(405.0,405.0)
(405.0,405.0)
(405.0,405.0)
(401.0,405.0)
(405.0,405.0)
(405.0,405.0)
(405.0,405.0)
(405.0,405.0)
(405.0,405.0)
(405.0,405.0)
(405.0,405.0)
(405.0,405.0)
(405.0,405.0)
(405.0,405.0)
(405.0,405.0)
(413.0,405.0)
(405.0,405.0)
(405.0,405.0)
(405.0,405.0)
(405.0,405.0)
(405.0,405.0)
(405.0,405.0)
(405.0,405.0)
(405.0,405.0)
(405.0,405.0)
(405.0,405.0)
(405.0,405.0)
(412.0,405.0)
(405.0,405.0)
(405.0,405.0)
(405.0,405.0)
(405.0,405.0)
(405.0,405.0)
(417.0,405.0)
(417.0,405.0)
(405.0,405.0)
(405.0,405.0)
(405.0,405.0)
(405.0,405.0)
(421.0,405.0)
(405.0,405.0)
(417.0,405.0)
(405.0,405.0)
(405.0,405.0)
(405.0,405.0)
(405.0,405.0)
(405.0,405.0)
(405.0,405.0)
(405.0,405.0)
(405.0,405.0)
(455.0,405.0)
(405.0,405.0)
(405.0,405.0)
(405.0,405.0)
(405.0,405.0)
(405.0,405.0)
(405.0,405.0)
(405.0,405.0)
(417.0,405.0)
(405.0,405.0)
(405.0,405.0)
(405.0,405.0)
(405.0,405.0)
(405.0,405.0)
(405.0,405.0)
(412.0,405.0)
(417.0,405.0)
(417.0,405.0)
(405.0,405.0)
(417.0,405.0)
(405.0,405.0)
(405.0,405.0)
(405.0,405.0)
(405.0,405.0)
(405.0,405.0)
(405.0,405.0)
(405.0,405.0)
(405.0,405.0)
(405.0,405.0)
(405.0,405.0)
(405.0,405.0)
(405.0,405.0)
(405.0,405.0)
(405.0,405.0)
(417.0,405.0)
(404.0,405.0)
(405.0,405.0)
(405.0,405.0)
(417.0,405.0)
(405.0,405.0)
(405.0,405.0)
(405.0,405.0)
(405.0,405.0)
(405.0,405.0)
(405.0,405.0)
(405.0,405.0)
(405.0,405.0)
(412.0,405.0)
(417.0,405.0)
(405.0,405.0)
(405.0,405.0)
(405.0,405.0)
(405.0,405.0)
(405.0,405.0)
(405.0,405.0)
(417.0,405.0)
(405.0,405.0)
(405.0,405.0)
(405.0,405.0)
(405.0,405.0)
(405.0,405.0)
(405.0,405.0)
(405.0,405.0)
(405.0,405.0)
(405.0,405.0)
(413.0,405.0)
(405.0,405.0)
(405.0,405.0)
(405.0,405.0)
(405.0,405.0)
(405.0,405.0)
(405.0,405.0)
(405.0,405.0)
(405.0,405.0)
(417.0,405.0)
(405.0,405.0)
(405.0,405.0)
(405.0,405.0)
(405.0,405.0)
(405.0,405.0)
(405.0,405.0)
(405.0,405.0)
(405.0,405.0)
(405.0,405.0)
(417.0,405.0)
(405.0,405.0)
(405.0,405.0)
(405.0,405.0)
(412.0,405.0)
(405.0,405.0)
(405.0,405.0)
(405.0,405.0)
(405.0,405.0)
(402.0,405.0)
(405.0,405.0)
(405.0,405.0)
(405.0,405.0)
(413.0,405.0)
(405.0,405.0)
(417.0,405.0)
(405.0,405.0)
(405.0,405.0)
(405.0,405.0)
(405.0,405.0)
(405.0,405.0)
(417.0,405.0)
(412.0,405.0)
(405.0,405.0)
(405.0,405.0)
(405.0,405.0)
(405.0,405.0)
(805.0,405.0)
(405.0,405.0)
(417.0,405.0)
(405.0,405.0)
(405.0,405.0)
(405.0,405.0)
(405.0,405.0)
(405.0,405.0)
(405.0,405.0)
(405.0,405.0)
(405.0,405.0)
(405.0,405.0)
(405.0,405.0)
(405.0,405.0)
(405.0,405.0)
(405.0,405.0)
(405.0,405.0)
(405.0,405.0)
(405.0,405.0)
(405.0,405.0)
(405.0,405.0)
(405.0,405.0)
(405.0,405.0)
(413.0,405.0)
(405.0,405.0)
(405.0,405.0)
(405.0,405.0)
(405.0,405.0)
(405.0,405.0)
(405.0,405.0)
(405.0,405.0)
(405.0,405.0)
(405.0,405.0)
(405.0,405.0)
(405.0,405.0)
(405.0,405.0)
(405.0,405.0)
(405.0,405.0)
(405.0,405.0)
(405.0,405.0)
(405.0,405.0)
(405.0,405.0)
(405.0,405.0)
(413.0,405.0)
(405.0,405.0)
(417.0,405.0)
(405.0,405.0)
(405.0,405.0)
(405.0,405.0)
(405.0,405.0)
(417.0,405.0)
(405.0,405.0)
(413.0,405.0)
(417.0,405.0)
(417.0,405.0)
(405.0,405.0)
(405.0,405.0)
(405.0,405.0)
(405.0,405.0)
(405.0,405.0)
(417.0,405.0)
(405.0,405.0)
(405.0,405.0)
(405.0,405.0)
(405.0,405.0)
(413.0,405.0)
(405.0,405.0)
(405.0,405.0)
(405.0,405.0)
(405.0,405.0)
(405.0,405.0)
(405.0,405.0)
(412.0,405.0)
(405.0,405.0)
(405.0,405.0)
(405.0,405.0)
(405.0,405.0)
(417.0,405.0)
(417.0,405.0)
(405.0,405.0)
(405.0,405.0)
(405.0,405.0)
(405.0,405.0)
(405.0,405.0)
(405.0,405.0)
(405.0,405.0)
(405.0,405.0)
(413.0,405.0)
(401.0,405.0)
(405.0,405.0)
(401.0,405.0)
(417.0,405.0)
(405.0,405.0)
(405.0,405.0)
(405.0,405.0)
(405.0,405.0)
(405.0,405.0)
(405.0,405.0)
(404.0,405.0)
(417.0,405.0)
(405.0,405.0)
(405.0,405.0)
(405.0,405.0)
(405.0,405.0)
(405.0,405.0)
(405.0,405.0)
(405.0,405.0)
(405.0,405.0)
(405.0,405.0)
(405.0,405.0)
(405.0,405.0)
(405.0,405.0)
(405.0,405.0)
(405.0,405.0)
(405.0,405.0)
(405.0,405.0)
(405.0,405.0)
(405.0,405.0)
(405.0,405.0)
(413.0,405.0)
(405.0,405.0)
(405.0,405.0)
(417.0,405.0)
(405.0,405.0)
(405.0,405.0)
(405.0,405.0)
(405.0,405.0)
(405.0,405.0)
(405.0,405.0)
(421.0,405.0)
(405.0,405.0)
(405.0,405.0)
(405.0,405.0)
(405.0,405.0)
(405.0,405.0)
(405.0,405.0)
(417.0,405.0)
(405.0,405.0)
(405.0,405.0)
(417.0,405.0)
(405.0,405.0)
(405.0,405.0)
(405.0,405.0)
(417.0,405.0)
(405.0,405.0)
(405.0,405.0)
(405.0,405.0)
(405.0,405.0)
(412.0,405.0)
(405.0,405.0)
(413.0,405.0)
(405.0,405.0)
(405.0,405.0)
(412.0,405.0)
(392.0,405.0)
(412.0,405.0)
(401.0,405.0)
(417.0,405.0)
(417.0,405.0)
(405.0,405.0)
(405.0,405.0)
(405.0,405.0)
(405.0,405.0)
(412.0,405.0)
(405.0,405.0)
(417.0,405.0)
(405.0,405.0)
(405.0,405.0)
(405.0,405.0)
(405.0,405.0)
(405.0,405.0)
(417.0,405.0)
(406.0,405.0)
(405.0,405.0)
(405.0,405.0)
(405.0,405.0)
(405.0,405.0)
(405.0,405.0)
(405.0,405.0)
(405.0,405.0)
(405.0,405.0)
(405.0,405.0)
(405.0,405.0)
(405.0,405.0)
(405.0,405.0)
(405.0,405.0)
(417.0,405.0)
(405.0,405.0)
(405.0,405.0)
(413.0,405.0)
(417.0,405.0)
(405.0,405.0)
(405.0,405.0)
(405.0,405.0)
(405.0,405.0)
(417.0,405.0)
(405.0,405.0)
(405.0,405.0)
(417.0,405.0)
(417.0,405.0)
(417.0,405.0)
(405.0,405.0)
(413.0,405.0)
(405.0,405.0)
(405.0,405.0)
(405.0,405.0)
(405.0,405.0)
(417.0,405.0)
(405.0,405.0)
(405.0,405.0)
(413.0,405.0)
(405.0,405.0)
(405.0,405.0)
(405.0,405.0)
(405.0,405.0)
(405.0,405.0)
(405.0,405.0)
(417.0,405.0)
(405.0,405.0)
(417.0,405.0)
(405.0,405.0)
(405.0,405.0)
(417.0,405.0)
(405.0,405.0)
(405.0,405.0)
(417.0,405.0)
(405.0,405.0)
(405.0,405.0)
(405.0,405.0)
(402.0,405.0)
(405.0,405.0)
(417.0,405.0)
(405.0,405.0)
(405.0,405.0)
(417.0,405.0)
(417.0,405.0)
(405.0,405.0)
(405.0,405.0)
(417.0,405.0)
(417.0,405.0)
(405.0,405.0)
(405.0,405.0)
(405.0,405.0)
(405.0,405.0)
(405.0,405.0)
(405.0,405.0)
(404.0,405.0)
(405.0,405.0)
(405.0,405.0)
(405.0,405.0)
(405.0,405.0)
(405.0,405.0)
(405.0,405.0)
(405.0,405.0)
(405.0,405.0)
(405.0,405.0)
(405.0,405.0)
(405.0,405.0)
(417.0,405.0)
(405.0,405.0)
(405.0,405.0)
(405.0,405.0)
(405.0,405.0)
(405.0,405.0)
(405.0,405.0)
(405.0,405.0)
(405.0,405.0)
(417.0,405.0)
(405.0,405.0)
(405.0,405.0)
(417.0,405.0)
(405.0,405.0)
(405.0,405.0)
(405.0,405.0)
(405.0,405.0)
(405.0,405.0)
(405.0,405.0)
(405.0,405.0)
(405.0,405.0)
(404.0,405.0)
(405.0,405.0)
(405.0,405.0)
(405.0,405.0)
(412.0,405.0)
(412.0,405.0)
(401.0,405.0)
(405.0,405.0)
(405.0,405.0)
(405.0,405.0)
(417.0,405.0)
(405.0,405.0)
(405.0,405.0)
(405.0,405.0)
(405.0,405.0)
(405.0,405.0)
(417.0,405.0)
(405.0,405.0)
(417.0,405.0)
(405.0,405.0)
(405.0,405.0)
(405.0,405.0)
(405.0,405.0)
(405.0,405.0)
(405.0,405.0)
(377.0,405.0)
(405.0,405.0)
(405.0,405.0)
(405.0,405.0)
(417.0,405.0)
(405.0,405.0)
(405.0,405.0)
(405.0,405.0)
(405.0,405.0)
(405.0,405.0)
(770.0,405.0)
(405.0,405.0)
(405.0,405.0)
(405.0,405.0)
(405.0,405.0)
(405.0,405.0)
(405.0,405.0)
(405.0,405.0)
(405.0,405.0)
(405.0,405.0)
(405.0,405.0)
(405.0,405.0)
(768.0,405.0)
(405.0,405.0)
(405.0,405.0)
(417.0,405.0)
(405.0,405.0)
(405.0,405.0)
(417.0,405.0)
(409.0,405.0)
(405.0,405.0)
(405.0,405.0)
(417.0,405.0)
(405.0,405.0)
(421.0,405.0)
(405.0,405.0)
(405.0,405.0)
(405.0,405.0)
(405.0,405.0)
(405.0,405.0)
(405.0,405.0)
(405.0,405.0)
(405.0,405.0)
(405.0,405.0)
(405.0,405.0)
(405.0,405.0)
(405.0,405.0)
(405.0,405.0)
(401.0,405.0)
(405.0,405.0)
(405.0,405.0)
(405.0,405.0)
(405.0,405.0)
(405.0,405.0)
(405.0,405.0)
(413.0,405.0)
(405.0,405.0)
(405.0,405.0)
(405.0,405.0)
(417.0,405.0)
(405.0,405.0)
(405.0,405.0)
(405.0,405.0)
(405.0,405.0)
(405.0,405.0)
(405.0,405.0)
(412.0,405.0)
(405.0,405.0)
(405.0,405.0)
(405.0,405.0)
(405.0,405.0)
(405.0,405.0)
(405.0,405.0)
(405.0,405.0)
(405.0,405.0)
(417.0,405.0)
(405.0,405.0)
(405.0,405.0)
(405.0,405.0)
(401.0,405.0)
(405.0,405.0)
(405.0,405.0)
(405.0,405.0)
(417.0,405.0)
(417.0,405.0)
(405.0,405.0)
(405.0,405.0)
(405.0,405.0)
(405.0,405.0)
(417.0,405.0)
(405.0,405.0)
(405.0,405.0)
(412.0,405.0)
(405.0,405.0)
(405.0,405.0)
(405.0,405.0)
(405.0,405.0)
(405.0,405.0)
(405.0,405.0)
(405.0,405.0)
(405.0,405.0)
(405.0,405.0)
(405.0,405.0)
(405.0,405.0)
(417.0,405.0)
(417.0,405.0)
(405.0,405.0)
(405.0,405.0)
(405.0,405.0)
(405.0,405.0)
(412.0,405.0)
(421.0,405.0)
(405.0,405.0)
(405.0,405.0)
(405.0,405.0)
(405.0,405.0)
(405.0,405.0)
(405.0,405.0)
(405.0,405.0)
(405.0,405.0)
(405.0,405.0)
(405.0,405.0)
(405.0,405.0)
(405.0,405.0)
(405.0,405.0)
(405.0,405.0)
(417.0,405.0)
(405.0,405.0)
(405.0,405.0)
(417.0,405.0)
(483.0,405.0)
(405.0,405.0)
(405.0,405.0)
(405.0,405.0)
(405.0,405.0)
(405.0,405.0)
(405.0,405.0)
(405.0,405.0)
(405.0,405.0)
(417.0,405.0)
(417.0,405.0)
(417.0,405.0)
(405.0,405.0)
(405.0,405.0)
(423.0,405.0)
(417.0,405.0)
(405.0,405.0)
(405.0,405.0)
(405.0,405.0)
(405.0,405.0)
(412.0,405.0)
(405.0,405.0)
(405.0,405.0)
(401.0,405.0)
(405.0,405.0)
(405.0,405.0)
(405.0,405.0)
(405.0,405.0)
(421.0,405.0)
(405.0,405.0)
(405.0,405.0)
(405.0,405.0)
(405.0,405.0)
(405.0,405.0)
(405.0,405.0)
(405.0,405.0)
(405.0,405.0)
(404.0,405.0)
(405.0,405.0)
(405.0,405.0)
(401.0,405.0)
(405.0,405.0)
(405.0,405.0)
(405.0,405.0)
(405.0,405.0)
(405.0,405.0)
(405.0,405.0)
(405.0,405.0)
(417.0,405.0)
(405.0,405.0)
(417.0,405.0)
(405.0,405.0)
(417.0,405.0)
(405.0,405.0)
(412.0,405.0)
(405.0,405.0)
(417.0,405.0)
(405.0,405.0)
(405.0,405.0)
(405.0,405.0)
(405.0,405.0)
(405.0,405.0)
(447.0,405.0)
(417.0,405.0)
(405.0,405.0)
(405.0,405.0)
(405.0,405.0)
(423.0,405.0)
(405.0,405.0)
(417.0,405.0)
(417.0,405.0)
(405.0,405.0)
(405.0,405.0)
(405.0,405.0)
(405.0,405.0)
(416.0,405.0)
(405.0,405.0)
(405.0,405.0)
(405.0,405.0)
(405.0,405.0)
(405.0,405.0)
(405.0,405.0)
(405.0,405.0)
(405.0,405.0)
(405.0,405.0)
(405.0,405.0)
(405.0,405.0)
(405.0,405.0)
(405.0,405.0)
(405.0,405.0)
(802.0,405.0)
(405.0,405.0)
(405.0,405.0)
(417.0,405.0)
(405.0,405.0)
(405.0,405.0)
(417.0,405.0)
(413.0,405.0)
(405.0,405.0)
(405.0,405.0)
(405.0,405.0)
(412.0,405.0)
(405.0,405.0)
(405.0,405.0)
(405.0,405.0)
(405.0,405.0)
(405.0,405.0)
(405.0,405.0)
(405.0,405.0)
(405.0,405.0)
(405.0,405.0)
(405.0,405.0)
(417.0,405.0)
(405.0,405.0)
(405.0,405.0)
(405.0,405.0)
(405.0,405.0)
(405.0,405.0)
(405.0,405.0)
(405.0,405.0)
(769.0,405.0)
(405.0,405.0)
(405.0,405.0)
(405.0,405.0)
(405.0,405.0)
(405.0,405.0)
(405.0,405.0)
(405.0,405.0)
(405.0,405.0)
(417.0,405.0)
(410.0,410.0)
(409.0,410.0)
(445.0,410.0)
(412.0,410.0)
(409.0,410.0)
(409.0,410.0)
(409.0,410.0)
(409.0,410.0)
(446.0,410.0)
(398.0,410.0)
(410.0,410.0)
(409.0,410.0)
(409.0,410.0)
(446.0,410.0)
(409.0,410.0)
(410.0,410.0)
(412.0,410.0)
(409.0,410.0)
(409.0,410.0)
(409.0,410.0)
(410.0,410.0)
(448.0,410.0)
(409.0,410.0)
(416.0,410.0)
(410.0,410.0)
(410.0,410.0)
(409.0,410.0)
(409.0,410.0)
(409.0,410.0)
(409.0,410.0)
(409.0,410.0)
(410.0,410.0)
(398.0,410.0)
(412.0,410.0)
(409.0,410.0)
(461.0,410.0)
(416.0,410.0)
(409.0,410.0)
(416.0,410.0)
(416.0,410.0)
(445.0,410.0)
(410.0,410.0)
(409.0,410.0)
(448.0,410.0)
(409.0,410.0)
(391.0,410.0)
(409.0,410.0)
(461.0,410.0)
(412.0,410.0)
(416.0,410.0)
(409.0,410.0)
(461.0,410.0)
(410.0,410.0)
(410.0,410.0)
(409.0,410.0)
(416.0,410.0)
(416.0,410.0)
(417.0,410.0)
(445.0,410.0)
(446.0,410.0)
(416.0,410.0)
(771.0,410.0)
(409.0,410.0)
(409.0,410.0)
(409.0,410.0)
(416.0,410.0)
(409.0,410.0)
(461.0,410.0)
(409.0,410.0)
(409.0,410.0)
(409.0,410.0)
(409.0,410.0)
(410.0,410.0)
(417.0,410.0)
(409.0,410.0)
(416.0,410.0)
(409.0,410.0)
(409.0,410.0)
(446.0,410.0)
(412.0,410.0)
(421.0,410.0)
(445.0,410.0)
(416.0,410.0)
(461.0,410.0)
(409.0,410.0)
(446.0,410.0)
(409.0,410.0)
(410.0,410.0)
(410.0,410.0)
(409.0,410.0)
(416.0,410.0)
(416.0,410.0)
(410.0,410.0)
(409.0,410.0)
(409.0,410.0)
(410.0,410.0)
(446.0,410.0)
(387.0,410.0)
(412.0,410.0)
(409.0,410.0)
(409.0,410.0)
(409.0,410.0)
(445.0,410.0)
(409.0,410.0)
(410.0,410.0)
(410.0,410.0)
(461.0,410.0)
(409.0,410.0)
(409.0,410.0)
(416.0,410.0)
(410.0,410.0)
(412.0,410.0)
(410.0,410.0)
(416.0,410.0)
(409.0,410.0)
(409.0,410.0)
(446.0,410.0)
(409.0,410.0)
(412.0,410.0)
(410.0,410.0)
(409.0,410.0)
(410.0,410.0)
(445.0,410.0)
(410.0,410.0)
(409.0,410.0)
(410.0,410.0)
(409.0,410.0)
(416.0,410.0)
(446.0,410.0)
(410.0,410.0)
(445.0,410.0)
(410.0,410.0)
(417.0,410.0)
(409.0,410.0)
(410.0,410.0)
(416.0,410.0)
(412.0,410.0)
(412.0,410.0)
(412.0,410.0)
(409.0,410.0)
(416.0,410.0)
(461.0,410.0)
(410.0,410.0)
(409.0,410.0)
(410.0,410.0)
(445.0,410.0)
(446.0,410.0)
(412.0,410.0)
(445.0,410.0)
(410.0,410.0)
(409.0,410.0)
(461.0,410.0)
(409.0,410.0)
(410.0,410.0)
(387.0,410.0)
(409.0,410.0)
(417.0,410.0)
(416.0,410.0)
(409.0,410.0)
(410.0,410.0)
(445.0,410.0)
(410.0,410.0)
(416.0,410.0)
(416.0,410.0)
(410.0,410.0)
(410.0,410.0)
(409.0,410.0)
(445.0,410.0)
(416.0,410.0)
(416.0,410.0)
(409.0,410.0)
(409.0,410.0)
(445.0,410.0)
(409.0,410.0)
(416.0,410.0)
(461.0,410.0)
(445.0,410.0)
(416.0,410.0)
(410.0,410.0)
(409.0,410.0)
(445.0,410.0)
(416.0,410.0)
(387.0,410.0)
(445.0,410.0)
(409.0,410.0)
(410.0,410.0)
(410.0,410.0)
(412.0,410.0)
(410.0,410.0)
(409.0,410.0)
(409.0,410.0)
(409.0,410.0)
(409.0,410.0)
(417.0,410.0)
(445.0,410.0)
(409.0,410.0)
(409.0,410.0)
(409.0,410.0)
(403.0,410.0)
(412.0,410.0)
(446.0,410.0)
(409.0,410.0)
(409.0,410.0)
(424.0,410.0)
(409.0,410.0)
(409.0,410.0)
(410.0,410.0)
(403.0,410.0)
(416.0,410.0)
(412.0,410.0)
(409.0,410.0)
(461.0,410.0)
(461.0,410.0)
(409.0,410.0)
(424.0,410.0)
(409.0,410.0)
(409.0,410.0)
(409.0,410.0)
(416.0,410.0)
(416.0,410.0)
(409.0,410.0)
(409.0,410.0)
(409.0,410.0)
(412.0,410.0)
(409.0,410.0)
(409.0,410.0)
(409.0,410.0)
(409.0,410.0)
(409.0,410.0)
(409.0,410.0)
(409.0,410.0)
(410.0,410.0)
(409.0,410.0)
(409.0,410.0)
(403.0,410.0)
(409.0,410.0)
(409.0,410.0)
(391.0,410.0)
(391.0,410.0)
(409.0,410.0)
(403.0,410.0)
(409.0,410.0)
(409.0,410.0)
(409.0,410.0)
(409.0,410.0)
(410.0,410.0)
(409.0,410.0)
(409.0,410.0)
(409.0,410.0)
(409.0,410.0)
(409.0,410.0)
(402.0,410.0)
(416.0,410.0)
(466.0,410.0)
(412.0,410.0)
(409.0,410.0)
(409.0,410.0)
(412.0,410.0)
(410.0,410.0)
(448.0,410.0)
(387.0,410.0)
(409.0,410.0)
(412.0,410.0)
(389.0,410.0)
(409.0,410.0)
(409.0,410.0)
(409.0,410.0)
(409.0,410.0)
(409.0,410.0)
(410.0,410.0)
(757.0,410.0)
(409.0,410.0)
(409.0,410.0)
(461.0,410.0)
(409.0,410.0)
(416.0,410.0)
(409.0,410.0)
(412.0,410.0)
(416.0,410.0)
(409.0,410.0)
(409.0,410.0)
(402.0,410.0)
(409.0,410.0)
(459.0,410.0)
(409.0,410.0)
(409.0,410.0)
(409.0,410.0)
(412.0,410.0)
(409.0,410.0)
(409.0,410.0)
(409.0,410.0)
(409.0,410.0)
(403.0,410.0)
(409.0,410.0)
(389.0,410.0)
(386.0,410.0)
(409.0,410.0)
(409.0,410.0)
(412.0,410.0)
(409.0,410.0)
(402.0,410.0)
(403.0,410.0)
(412.0,410.0)
(448.0,410.0)
(446.0,410.0)
(412.0,410.0)
(409.0,410.0)
(416.0,410.0)
(409.0,410.0)
(416.0,410.0)
(410.0,410.0)
(402.0,410.0)
(410.0,410.0)
(409.0,410.0)
(412.0,410.0)
(409.0,410.0)
(409.0,410.0)
(409.0,410.0)
(409.0,410.0)
(447.0,410.0)
(387.0,410.0)
(409.0,410.0)
(416.0,410.0)
(409.0,410.0)
(409.0,410.0)
(409.0,410.0)
(410.0,410.0)
(409.0,410.0)
(386.0,410.0)
(412.0,410.0)
(771.0,410.0)
(416.0,410.0)
(409.0,410.0)
(468.0,410.0)
(409.0,410.0)
(412.0,410.0)
(409.0,410.0)
(409.0,410.0)
(402.0,410.0)
(409.0,410.0)
(386.0,410.0)
(409.0,410.0)
(409.0,410.0)
(461.0,410.0)
(409.0,410.0)
(435.0,410.0)
(389.0,410.0)
(409.0,410.0)
(409.0,410.0)
(409.0,410.0)
(409.0,410.0)
(403.0,410.0)
(412.0,410.0)
(403.0,410.0)
(424.0,410.0)
(409.0,410.0)
(409.0,410.0)
(409.0,410.0)
(403.0,410.0)
(459.0,410.0)
(409.0,410.0)
(409.0,410.0)
(409.0,410.0)
(409.0,410.0)
(409.0,410.0)
(412.0,410.0)
(416.0,410.0)
(410.0,410.0)
(409.0,410.0)
(409.0,410.0)
(409.0,410.0)
(412.0,410.0)
(409.0,410.0)
(412.0,410.0)
(412.0,410.0)
(409.0,410.0)
(416.0,410.0)
(388.0,410.0)
(409.0,410.0)
(403.0,410.0)
(409.0,410.0)
(409.0,410.0)
(409.0,410.0)
(412.0,410.0)
(409.0,410.0)
(391.0,410.0)
(409.0,410.0)
(409.0,410.0)
(412.0,410.0)
(393.0,410.0)
(409.0,410.0)
(416.0,410.0)
(409.0,410.0)
(417.0,410.0)
(416.0,410.0)
(416.0,410.0)
(409.0,410.0)
(412.0,410.0)
(410.0,410.0)
(410.0,410.0)
(409.0,410.0)
(416.0,410.0)
(409.0,410.0)
(417.0,410.0)
(410.0,410.0)
(416.0,410.0)
(409.0,410.0)
(416.0,410.0)
(412.0,410.0)
(410.0,410.0)
(410.0,410.0)
(409.0,410.0)
(409.0,410.0)
(410.0,410.0)
(412.0,410.0)
(416.0,410.0)
(412.0,410.0)
(386.0,410.0)
(416.0,410.0)
(417.0,410.0)
(412.0,410.0)
(410.0,410.0)
(417.0,410.0)
(416.0,410.0)
(412.0,410.0)
(408.0,410.0)
(409.0,410.0)
(798.0,410.0)
(409.0,410.0)
(445.0,410.0)
(410.0,410.0)
(416.0,410.0)
(410.0,410.0)
(412.0,410.0)
(771.0,410.0)
(461.0,410.0)
(417.0,410.0)
(416.0,410.0)
(410.0,410.0)
(448.0,410.0)
(416.0,410.0)
(416.0,410.0)
(412.0,410.0)
(412.0,410.0)
(412.0,410.0)
(416.0,410.0)
(409.0,410.0)
(417.0,410.0)
(409.0,410.0)
(409.0,410.0)
(409.0,410.0)
(416.0,410.0)
(410.0,410.0)
(409.0,410.0)
(787.0,410.0)
(409.0,410.0)
(409.0,410.0)
(409.0,410.0)
(409.0,410.0)
(416.0,410.0)
(416.0,410.0)
(416.0,410.0)
(410.0,410.0)
(409.0,410.0)
(409.0,410.0)
(410.0,410.0)
(410.0,410.0)
(410.0,410.0)
(392.0,410.0)
(412.0,410.0)
(416.0,410.0)
(412.0,410.0)
(416.0,410.0)
(416.0,410.0)
(416.0,410.0)
(438.0,410.0)
(412.0,410.0)
(417.0,410.0)
(412.0,410.0)
(416.0,410.0)
(409.0,410.0)
(409.0,410.0)
(410.0,410.0)
(409.0,410.0)
(409.0,410.0)
(461.0,410.0)
(412.0,410.0)
(412.0,410.0)
(409.0,410.0)
(409.0,410.0)
(409.0,410.0)
(409.0,410.0)
(412.0,410.0)
(416.0,410.0)
(416.0,410.0)
(445.0,410.0)
(410.0,410.0)
(410.0,410.0)
(409.0,410.0)
(409.0,410.0)
(409.0,410.0)
(398.0,410.0)
(416.0,410.0)
(409.0,410.0)
(410.0,410.0)
(416.0,410.0)
(410.0,410.0)
(417.0,410.0)
(409.0,410.0)
(416.0,410.0)
(409.0,410.0)
(409.0,410.0)
(409.0,410.0)
(410.0,410.0)
(412.0,410.0)
(416.0,410.0)
(409.0,410.0)
(412.0,410.0)
(410.0,410.0)
(412.0,410.0)
(409.0,410.0)
(770.0,410.0)
(416.0,410.0)
(412.0,410.0)
(416.0,410.0)
(409.0,410.0)
(410.0,410.0)
(398.0,410.0)
(445.0,410.0)
(416.0,410.0)
(410.0,410.0)
(409.0,410.0)
(409.0,410.0)
(770.0,410.0)
(412.0,410.0)
(409.0,410.0)
(412.0,410.0)
(416.0,410.0)
(412.0,410.0)
(410.0,410.0)
(416.0,410.0)
(416.0,410.0)
(409.0,410.0)
(410.0,410.0)
(416.0,410.0)
(409.0,410.0)
(416.0,410.0)
(410.0,410.0)
(461.0,410.0)
(412.0,410.0)
(416.0,410.0)
(416.0,410.0)
(412.0,410.0)
(409.0,410.0)
(416.0,410.0)
(410.0,410.0)
(412.0,410.0)
(409.0,410.0)
(409.0,410.0)
(412.0,410.0)
(409.0,410.0)
(417.0,410.0)
(412.0,410.0)
(410.0,410.0)
(416.0,410.0)
(409.0,410.0)
(409.0,410.0)
(410.0,410.0)
(412.0,410.0)
(771.0,410.0)
(409.0,410.0)
(410.0,410.0)
(416.0,410.0)
(409.0,410.0)
(412.0,410.0)
(409.0,410.0)
(410.0,410.0)
(412.0,410.0)
(410.0,410.0)
(402.0,410.0)
(416.0,410.0)
(412.0,410.0)
(483.0,410.0)
(412.0,768.0)
(412.0,768.0)
(470.0,768.0)
(405.0,768.0)
(413.0,768.0)
(401.0,768.0)
(401.0,768.0)
(412.0,768.0)
(412.0,768.0)
(455.0,768.0)
(413.0,768.0)
(412.0,768.0)
(412.0,768.0)
(412.0,768.0)
(412.0,768.0)
(413.0,768.0)
(417.0,768.0)
(412.0,768.0)
(459.0,768.0)
(417.0,768.0)
(412.0,768.0)
(412.0,768.0)
(412.0,768.0)
(412.0,768.0)
(413.0,768.0)
(412.0,768.0)
(401.0,768.0)
(412.0,768.0)
(413.0,768.0)
(401.0,768.0)
(412.0,768.0)
(412.0,768.0)
(401.0,768.0)
(405.0,768.0)
(405.0,768.0)
(413.0,768.0)
(412.0,768.0)
(401.0,768.0)
(413.0,768.0)
(413.0,768.0)
(401.0,768.0)
(412.0,768.0)
(412.0,768.0)
(412.0,768.0)
(412.0,768.0)
(417.0,768.0)
(413.0,768.0)
(413.0,768.0)
(768.0,768.0)
(417.0,768.0)
(413.0,768.0)
(767.0,768.0)
(417.0,768.0)
(412.0,768.0)
(412.0,768.0)
(767.0,768.0)
(412.0,768.0)
(412.0,768.0)
(405.0,768.0)
(412.0,768.0)
(405.0,768.0)
(401.0,768.0)
(413.0,768.0)
(401.0,768.0)
(413.0,768.0)
(412.0,768.0)
(413.0,768.0)
(413.0,768.0)
(412.0,768.0)
(412.0,768.0)
(412.0,768.0)
(417.0,768.0)
(412.0,768.0)
(417.0,768.0)
(417.0,768.0)
(405.0,768.0)
(404.0,768.0)
(790.0,768.0)
(412.0,768.0)
(412.0,768.0)
(405.0,768.0)
(412.0,768.0)
(412.0,768.0)
(417.0,768.0)
(413.0,768.0)
(412.0,768.0)
(412.0,768.0)
(767.0,768.0)
(412.0,768.0)
(417.0,768.0)
(401.0,768.0)
(401.0,768.0)
(405.0,768.0)
(409.0,768.0)
(401.0,768.0)
(413.0,768.0)
(401.0,768.0)
(412.0,768.0)
(417.0,768.0)
(412.0,768.0)
(412.0,768.0)
(412.0,768.0)
(413.0,768.0)
(412.0,768.0)
(404.0,768.0)
(412.0,768.0)
(412.0,768.0)
(401.0,768.0)
(412.0,768.0)
(412.0,768.0)
(405.0,768.0)
(790.0,768.0)
(412.0,768.0)
(409.0,768.0)
(412.0,768.0)
(412.0,768.0)
(767.0,768.0)
(405.0,768.0)
(401.0,768.0)
(413.0,768.0)
(413.0,768.0)
(412.0,768.0)
(412.0,768.0)
(405.0,768.0)
(412.0,768.0)
(412.0,768.0)
(404.0,768.0)
(412.0,768.0)
(401.0,768.0)
(401.0,768.0)
(412.0,768.0)
(405.0,768.0)
(790.0,768.0)
(412.0,768.0)
(401.0,768.0)
(417.0,768.0)
(401.0,768.0)
(417.0,768.0)
(412.0,768.0)
(412.0,768.0)
(413.0,768.0)
(401.0,768.0)
(417.0,768.0)
(412.0,768.0)
(412.0,768.0)
(405.0,768.0)
(412.0,768.0)
(412.0,768.0)
(417.0,768.0)
(412.0,768.0)
(413.0,768.0)
(412.0,768.0)
(412.0,768.0)
(412.0,768.0)
(412.0,768.0)
(412.0,768.0)
(412.0,768.0)
(447.0,768.0)
(405.0,768.0)
(412.0,768.0)
(412.0,768.0)
(412.0,768.0)
(413.0,768.0)
(405.0,768.0)
(412.0,768.0)
(412.0,768.0)
(412.0,768.0)
(401.0,768.0)
(412.0,768.0)
(401.0,768.0)
(413.0,768.0)
(412.0,768.0)
(401.0,768.0)
(413.0,768.0)
(412.0,768.0)
(405.0,768.0)
(413.0,768.0)
(412.0,768.0)
(401.0,768.0)
(417.0,768.0)
(412.0,768.0)
(421.0,768.0)
(412.0,768.0)
(412.0,768.0)
(412.0,768.0)
(413.0,768.0)
(417.0,768.0)
(413.0,768.0)
(413.0,768.0)
(790.0,768.0)
(412.0,768.0)
(412.0,768.0)
(412.0,768.0)
(405.0,768.0)
(405.0,768.0)
(412.0,768.0)
(401.0,768.0)
(412.0,768.0)
(412.0,768.0)
(405.0,768.0)
(413.0,768.0)
(412.0,768.0)
(447.0,768.0)
(405.0,768.0)
(405.0,768.0)
(405.0,768.0)
(417.0,768.0)
(413.0,768.0)
(405.0,768.0)
(417.0,768.0)
(412.0,768.0)
(405.0,768.0)
(417.0,768.0)
(412.0,768.0)
(447.0,768.0)
(412.0,768.0)
(455.0,768.0)
(412.0,768.0)
(412.0,768.0)
(401.0,768.0)
(417.0,768.0)
(405.0,768.0)
(409.0,768.0)
(405.0,768.0)
(768.0,768.0)
(768.0,768.0)
(417.0,768.0)
(401.0,768.0)
(405.0,768.0)
(417.0,768.0)
(412.0,768.0)
(455.0,768.0)
(405.0,768.0)
(421.0,768.0)
(421.0,768.0)
(417.0,768.0)
(455.0,768.0)
(405.0,768.0)
(401.0,768.0)
(413.0,768.0)
(417.0,768.0)
(417.0,768.0)
(455.0,768.0)
(447.0,768.0)
(455.0,768.0)
(455.0,768.0)
(413.0,768.0)
(405.0,768.0)
(412.0,768.0)
(405.0,768.0)
(413.0,768.0)
(412.0,768.0)
(412.0,768.0)
(401.0,768.0)
(405.0,768.0)
(412.0,768.0)
(455.0,768.0)
(413.0,768.0)
(768.0,768.0)
(417.0,768.0)
(455.0,768.0)
(405.0,768.0)
(417.0,768.0)
(412.0,768.0)
(412.0,768.0)
(455.0,768.0)
(455.0,768.0)
(412.0,768.0)
(405.0,768.0)
(455.0,768.0)
(405.0,768.0)
(412.0,768.0)
(412.0,768.0)
(768.0,768.0)
(417.0,768.0)
(409.0,768.0)
(401.0,768.0)
(412.0,768.0)
(401.0,768.0)
(455.0,768.0)
(405.0,768.0)
(455.0,768.0)
(401.0,768.0)
(404.0,768.0)
(421.0,768.0)
(447.0,768.0)
(405.0,768.0)
(412.0,768.0)
(401.0,768.0)
(417.0,768.0)
(412.0,768.0)
(417.0,768.0)
(405.0,768.0)
(455.0,768.0)
(447.0,768.0)
(405.0,768.0)
(417.0,768.0)
(405.0,768.0)
(412.0,768.0)
(401.0,768.0)
(412.0,768.0)
(786.0,768.0)
(412.0,768.0)
(401.0,768.0)
(405.0,768.0)
(405.0,768.0)
(412.0,768.0)
(405.0,768.0)
(405.0,768.0)
(401.0,768.0)
(401.0,768.0)
(412.0,768.0)
(455.0,768.0)
(405.0,768.0)
(413.0,768.0)
(417.0,768.0)
(417.0,768.0)
(412.0,768.0)
(412.0,768.0)
(413.0,768.0)
(455.0,768.0)
(417.0,768.0)
(401.0,768.0)
(455.0,768.0)
(412.0,768.0)
(767.0,768.0)
(790.0,768.0)
(404.0,768.0)
(412.0,768.0)
(417.0,768.0)
(412.0,768.0)
(412.0,768.0)
(412.0,768.0)
(455.0,768.0)
(421.0,768.0)
(417.0,768.0)
(405.0,768.0)
(405.0,768.0)
(412.0,768.0)
(405.0,768.0)
(412.0,768.0)
(405.0,768.0)
(417.0,768.0)
(405.0,768.0)
(417.0,768.0)
(413.0,768.0)
(413.0,768.0)
(412.0,768.0)
(405.0,768.0)
(405.0,768.0)
(417.0,768.0)
(417.0,768.0)
(455.0,768.0)
(455.0,768.0)
(417.0,768.0)
(396.0,768.0)
(405.0,768.0)
(413.0,768.0)
(413.0,768.0)
(401.0,768.0)
(413.0,768.0)
(413.0,768.0)
(417.0,768.0)
(405.0,768.0)
(417.0,768.0)
(417.0,768.0)
(405.0,768.0)
(405.0,768.0)
(405.0,768.0)
(412.0,768.0)
(417.0,768.0)
(401.0,768.0)
(455.0,768.0)
(405.0,768.0)
(405.0,768.0)
(417.0,768.0)
(455.0,768.0)
(413.0,768.0)
(455.0,768.0)
(417.0,768.0)
(396.0,768.0)
(406.0,768.0)
(401.0,768.0)
(401.0,768.0)
(405.0,768.0)
(417.0,768.0)
(415.0,768.0)
(405.0,768.0)
(412.0,768.0)
(412.0,768.0)
(417.0,768.0)
(412.0,768.0)
(455.0,768.0)
(455.0,768.0)
(412.0,768.0)
(413.0,768.0)
(405.0,768.0)
(417.0,768.0)
(417.0,768.0)
(413.0,768.0)
(413.0,768.0)
(401.0,768.0)
(417.0,768.0)
(417.0,768.0)
(417.0,768.0)
(417.0,768.0)
(417.0,768.0)
(405.0,768.0)
(412.0,768.0)
(412.0,768.0)
(455.0,768.0)
(405.0,768.0)
(412.0,768.0)
(412.0,768.0)
(401.0,768.0)
(401.0,768.0)
(412.0,768.0)
(417.0,768.0)
(401.0,768.0)
(412.0,768.0)
(401.0,768.0)
(412.0,768.0)
(417.0,768.0)
(401.0,768.0)
(417.0,768.0)
(413.0,768.0)
(401.0,768.0)
(417.0,768.0)
(405.0,768.0)
(412.0,768.0)
(401.0,768.0)
(412.0,768.0)
(405.0,768.0)
(412.0,768.0)
(405.0,768.0)
(413.0,768.0)
(405.0,768.0)
(413.0,768.0)
(412.0,768.0)
(412.0,768.0)
(412.0,768.0)
(417.0,768.0)
(401.0,768.0)
(405.0,768.0)
(412.0,768.0)
(412.0,768.0)
(401.0,768.0)
(412.0,768.0)
(417.0,768.0)
(413.0,768.0)
(401.0,768.0)
(405.0,768.0)
(401.0,768.0)
(417.0,768.0)
(412.0,768.0)
(413.0,768.0)
(405.0,768.0)
(412.0,768.0)
(401.0,768.0)
(412.0,768.0)
(412.0,768.0)
(396.0,768.0)
(412.0,768.0)
(413.0,768.0)
(405.0,768.0)
(401.0,768.0)
(412.0,768.0)
(417.0,768.0)
(412.0,768.0)
(405.0,768.0)
(412.0,768.0)
(417.0,768.0)
(405.0,768.0)
(412.0,768.0)
(455.0,768.0)
(401.0,768.0)
(405.0,768.0)
(412.0,768.0)
(455.0,768.0)
(417.0,768.0)
(412.0,768.0)
(412.0,768.0)
(412.0,768.0)
(401.0,768.0)
(405.0,768.0)
(412.0,768.0)
(417.0,768.0)
(401.0,768.0)
(417.0,768.0)
(401.0,768.0)
(417.0,768.0)
(413.0,768.0)
(406.0,768.0)
(405.0,768.0)
(417.0,768.0)
(401.0,768.0)
(417.0,768.0)
(401.0,768.0)
(401.0,768.0)
(413.0,768.0)
(401.0,768.0)
(412.0,768.0)
(417.0,768.0)
(417.0,768.0)
(412.0,768.0)
(412.0,768.0)
(417.0,768.0)
(401.0,768.0)
(405.0,768.0)
(401.0,768.0)
(412.0,768.0)
(417.0,768.0)
(405.0,768.0)
(417.0,768.0)
(412.0,768.0)
(455.0,768.0)
(455.0,768.0)
(405.0,768.0)
(417.0,768.0)
(413.0,768.0)
(401.0,768.0)
(455.0,768.0)
(413.0,768.0)
(412.0,768.0)
(401.0,768.0)
(412.0,768.0)
(417.0,768.0)
(412.0,768.0)
(417.0,768.0)
(417.0,768.0)
(417.0,768.0)
(455.0,768.0)
(401.0,768.0)
(401.0,768.0)
(412.0,768.0)
(405.0,768.0)
(405.0,768.0)
(412.0,768.0)
(413.0,768.0)
(412.0,768.0)
(455.0,768.0)
(417.0,768.0)
(768.0,768.0)
(412.0,768.0)
(401.0,768.0)
(401.0,768.0)
(404.0,768.0)
(404.0,768.0)
(455.0,768.0)
(412.0,768.0)
(767.0,768.0)
(417.0,768.0)
(417.0,768.0)
(401.0,768.0)
(401.0,768.0)
(417.0,768.0)
(401.0,768.0)
(401.0,768.0)
(413.0,768.0)
(405.0,768.0)
(435.0,768.0)
(455.0,768.0)
(412.0,768.0)
(412.0,768.0)
(768.0,768.0)
(790.0,768.0)
(417.0,768.0)
(401.0,768.0)
(417.0,768.0)
(401.0,768.0)
(412.0,768.0)
(417.0,768.0)
(412.0,768.0)
(417.0,768.0)
(455.0,768.0)
(404.0,768.0)
(405.0,768.0)
(412.0,768.0)
(417.0,768.0)
(413.0,768.0)
(401.0,768.0)
(405.0,768.0)
(447.0,768.0)
(405.0,768.0)
(412.0,768.0)
(412.0,768.0)
(412.0,768.0)
(412.0,768.0)
(455.0,768.0)
(417.0,768.0)
(417.0,768.0)
(401.0,768.0)
(405.0,768.0)
(412.0,768.0)
(412.0,768.0)
(405.0,768.0)
(455.0,768.0)
(417.0,768.0)
(412.0,768.0)
(405.0,768.0)
(401.0,768.0)
(417.0,768.0)
(401.0,768.0)
(401.0,768.0)
(401.0,768.0)
(405.0,768.0)
(412.0,768.0)
(409.0,768.0)
(405.0,768.0)
(417.0,768.0)
(447.0,768.0)
(401.0,768.0)
(417.0,768.0)
(455.0,768.0)
(401.0,768.0)
(417.0,768.0)
(417.0,768.0)
(412.0,768.0)
(455.0,768.0)
(417.0,768.0)
(401.0,768.0)
(412.0,768.0)
(413.0,768.0)
(417.0,768.0)
(412.0,768.0)
(412.0,768.0)
(455.0,768.0)
(417.0,768.0)
(412.0,768.0)
(767.0,768.0)
(455.0,768.0)
(417.0,768.0)
(412.0,768.0)
(405.0,768.0)
(405.0,768.0)
(401.0,768.0)
(396.0,768.0)
(412.0,768.0)
(412.0,768.0)
(412.0,768.0)
(417.0,768.0)
(417.0,768.0)
(401.0,768.0)
(412.0,768.0)
(401.0,768.0)
(405.0,768.0)
(413.0,768.0)
(412.0,768.0)
(412.0,768.0)
(790.0,768.0)
(405.0,768.0)
(417.0,768.0)
(417.0,768.0)
(768.0,768.0)
(412.0,768.0)
(412.0,768.0)
(768.0,768.0)
(412.0,768.0)
(405.0,768.0)
(412.0,768.0)
(373.0,768.0)
(412.0,768.0)
(417.0,768.0)
(455.0,768.0)
(417.0,768.0)
(417.0,768.0)
(412.0,768.0)
(412.0,768.0)
(405.0,768.0)
(771.0,768.0)
(401.0,768.0)
(455.0,768.0)
(412.0,768.0)
(404.0,768.0)
(405.0,768.0)
(412.0,768.0)
(405.0,768.0)
(447.0,768.0)
(412.0,768.0)
(396.0,768.0)
(455.0,768.0)
(405.0,768.0)
(417.0,768.0)
(413.0,768.0)
(768.0,768.0)
(447.0,768.0)
(417.0,768.0)
(405.0,768.0)
(416.0,768.0)
(405.0,768.0)
(412.0,768.0)
(417.0,768.0)
(435.0,768.0)
(405.0,768.0)
(401.0,768.0)
(412.0,768.0)
(417.0,768.0)
(412.0,768.0)
(417.0,768.0)
(412.0,768.0)
(455.0,768.0)
(786.0,768.0)
(401.0,768.0)
(417.0,768.0)
(417.0,768.0)
(401.0,768.0)
(401.0,768.0)
(413.0,768.0)
(421.0,768.0)
(447.0,768.0)
(401.0,768.0)
(412.0,768.0)
(447.0,768.0)
(412.0,768.0)
(413.0,768.0)
(417.0,768.0)
(417.0,768.0)
(401.0,768.0)
(412.0,768.0)
(768.0,768.0)
(405.0,768.0)
(417.0,768.0)
(417.0,768.0)
(768.0,768.0)
(405.0,768.0)
(413.0,768.0)
(401.0,768.0)
(401.0,768.0)
(412.0,768.0)
(412.0,768.0)
(412.0,768.0)
(417.0,768.0)
(405.0,768.0)
(401.0,768.0)
(412.0,768.0)
(401.0,768.0)
(401.0,768.0)
(417.0,768.0)
(412.0,768.0)
(412.0,768.0)
(412.0,768.0)
(417.0,768.0)
(412.0,768.0)
(405.0,768.0)
(417.0,768.0)
(412.0,768.0)
(405.0,768.0)
(412.0,768.0)
(405.0,768.0)
(405.0,768.0)
(401.0,768.0)
(376.0,768.0)
(401.0,768.0)
(412.0,768.0)
(404.0,768.0)
(417.0,768.0)
(401.0,768.0)
(405.0,768.0)
(401.0,768.0)
(412.0,768.0)
(421.0,768.0)
(417.0,768.0)
(417.0,768.0)
(405.0,768.0)
(417.0,768.0)
(764.0,768.0)
(405.0,768.0)
(412.0,768.0)
(412.0,768.0)
(401.0,768.0)
(412.0,768.0)
(412.0,768.0)
(455.0,768.0)
(401.0,768.0)
(405.0,768.0)
(412.0,768.0)
(416.0,768.0)
(413.0,768.0)
(417.0,768.0)
(412.0,768.0)
(401.0,768.0)
(412.0,412.0)
(412.0,412.0)
(412.0,412.0)
(412.0,412.0)
(405.0,412.0)
(412.0,412.0)
(415.0,412.0)
(405.0,412.0)
(412.0,412.0)
(412.0,412.0)
(412.0,412.0)
(409.0,412.0)
(412.0,412.0)
(405.0,412.0)
(412.0,412.0)
(412.0,412.0)
(412.0,412.0)
(413.0,412.0)
(412.0,412.0)
(412.0,412.0)
(412.0,412.0)
(412.0,412.0)
(790.0,412.0)
(412.0,412.0)
(415.0,412.0)
(415.0,412.0)
(413.0,412.0)
(412.0,412.0)
(412.0,412.0)
(416.0,412.0)
(412.0,412.0)
(415.0,412.0)
(412.0,412.0)
(412.0,412.0)
(405.0,412.0)
(412.0,412.0)
(412.0,412.0)
(415.0,412.0)
(412.0,412.0)
(412.0,412.0)
(412.0,412.0)
(405.0,412.0)
(412.0,412.0)
(405.0,412.0)
(412.0,412.0)
(405.0,412.0)
(412.0,412.0)
(412.0,412.0)
(412.0,412.0)
(412.0,412.0)
(412.0,412.0)
(405.0,412.0)
(412.0,412.0)
(412.0,412.0)
(412.0,412.0)
(412.0,412.0)
(412.0,412.0)
(412.0,412.0)
(412.0,412.0)
(412.0,412.0)
(412.0,412.0)
(412.0,412.0)
(412.0,412.0)
(413.0,412.0)
(413.0,412.0)
(412.0,412.0)
(412.0,412.0)
(790.0,412.0)
(412.0,412.0)
(412.0,412.0)
(412.0,412.0)
(412.0,412.0)
(412.0,412.0)
(412.0,412.0)
(413.0,412.0)
(412.0,412.0)
(435.0,412.0)
(405.0,412.0)
(435.0,412.0)
(412.0,412.0)
(767.0,412.0)
(412.0,412.0)
(412.0,412.0)
(768.0,412.0)
(412.0,412.0)
(412.0,412.0)
(412.0,412.0)
(412.0,412.0)
(405.0,412.0)
(405.0,412.0)
(409.0,412.0)
(412.0,412.0)
(412.0,412.0)
(413.0,412.0)
(405.0,412.0)
(412.0,412.0)
(412.0,412.0)
(405.0,412.0)
(412.0,412.0)
(401.0,412.0)
(412.0,412.0)
(412.0,412.0)
(412.0,412.0)
(412.0,412.0)
(409.0,412.0)
(412.0,412.0)
(405.0,412.0)
(415.0,412.0)
(412.0,412.0)
(412.0,412.0)
(412.0,412.0)
(405.0,412.0)
(412.0,412.0)
(412.0,412.0)
(412.0,412.0)
(412.0,412.0)
(412.0,412.0)
(401.0,412.0)
(412.0,412.0)
(412.0,412.0)
(412.0,412.0)
(412.0,412.0)
(413.0,412.0)
(412.0,412.0)
(415.0,412.0)
(401.0,412.0)
(405.0,412.0)
(412.0,412.0)
(412.0,412.0)
(405.0,412.0)
(412.0,412.0)
(415.0,412.0)
(412.0,412.0)
(413.0,412.0)
(412.0,412.0)
(412.0,412.0)
(415.0,412.0)
(412.0,412.0)
(412.0,412.0)
(412.0,412.0)
(412.0,412.0)
(412.0,412.0)
(412.0,412.0)
(405.0,412.0)
(412.0,412.0)
(405.0,412.0)
(427.0,412.0)
(412.0,412.0)
(415.0,412.0)
(401.0,412.0)
(767.0,412.0)
(412.0,412.0)
(412.0,412.0)
(412.0,412.0)
(412.0,412.0)
(412.0,412.0)
(412.0,412.0)
(412.0,412.0)
(412.0,412.0)
(412.0,412.0)
(412.0,412.0)
(413.0,412.0)
(412.0,412.0)
(409.0,412.0)
(412.0,412.0)
(412.0,412.0)
(412.0,412.0)
(412.0,412.0)
(412.0,412.0)
(412.0,412.0)
(412.0,412.0)
(412.0,412.0)
(412.0,412.0)
(415.0,412.0)
(413.0,412.0)
(412.0,412.0)
(405.0,412.0)
(412.0,412.0)
(409.0,412.0)
(415.0,412.0)
(401.0,412.0)
(412.0,412.0)
(412.0,412.0)
(412.0,412.0)
(405.0,412.0)
(412.0,412.0)
(412.0,412.0)
(412.0,412.0)
(412.0,412.0)
(405.0,412.0)
(412.0,412.0)
(413.0,412.0)
(412.0,412.0)
(405.0,412.0)
(405.0,412.0)
(412.0,412.0)
(412.0,412.0)
(412.0,412.0)
(415.0,412.0)
(412.0,412.0)
(412.0,412.0)
(412.0,412.0)
(412.0,412.0)
(412.0,412.0)
(412.0,412.0)
(412.0,412.0)
(412.0,412.0)
(412.0,412.0)
(412.0,412.0)
(412.0,412.0)
(412.0,412.0)
(412.0,412.0)
(416.0,412.0)
(413.0,412.0)
(412.0,412.0)
(412.0,412.0)
(412.0,412.0)
(412.0,412.0)
(412.0,412.0)
(412.0,412.0)
(412.0,412.0)
(412.0,412.0)
(412.0,412.0)
(412.0,412.0)
(412.0,412.0)
(412.0,412.0)
(412.0,412.0)
(412.0,412.0)
(412.0,412.0)
(434.0,412.0)
(412.0,412.0)
(409.0,412.0)
(412.0,412.0)
(412.0,412.0)
(416.0,412.0)
(412.0,412.0)
(412.0,412.0)
(412.0,412.0)
(412.0,412.0)
(412.0,412.0)
(413.0,412.0)
(409.0,412.0)
(412.0,412.0)
(412.0,412.0)
(412.0,412.0)
(412.0,412.0)
(412.0,412.0)
(412.0,412.0)
(412.0,412.0)
(412.0,412.0)
(412.0,412.0)
(412.0,412.0)
(412.0,412.0)
(412.0,412.0)
(416.0,412.0)
(412.0,412.0)
(412.0,412.0)
(412.0,412.0)
(412.0,412.0)
(412.0,412.0)
(412.0,412.0)
(412.0,412.0)
(417.0,412.0)
(416.0,412.0)
(412.0,412.0)
(412.0,412.0)
(427.0,412.0)
(412.0,412.0)
(412.0,412.0)
(412.0,412.0)
(412.0,412.0)
(412.0,412.0)
(483.0,412.0)
(417.0,412.0)
(412.0,412.0)
(412.0,412.0)
(412.0,412.0)
(412.0,412.0)
(412.0,412.0)
(412.0,412.0)
(412.0,412.0)
(412.0,412.0)
(412.0,412.0)
(412.0,412.0)
(412.0,412.0)
(461.0,412.0)
(412.0,412.0)
(412.0,412.0)
(408.0,412.0)
(412.0,412.0)
(417.0,412.0)
(412.0,412.0)
(416.0,412.0)
(412.0,412.0)
(412.0,412.0)
(416.0,412.0)
(417.0,412.0)
(424.0,412.0)
(416.0,412.0)
(412.0,412.0)
(412.0,412.0)
(417.0,412.0)
(417.0,412.0)
(412.0,412.0)
(412.0,412.0)
(416.0,412.0)
(412.0,412.0)
(409.0,412.0)
(412.0,412.0)
(412.0,412.0)
(412.0,412.0)
(412.0,412.0)
(412.0,412.0)
(413.0,412.0)
(412.0,412.0)
(417.0,412.0)
(412.0,412.0)
(412.0,412.0)
(412.0,412.0)
(412.0,412.0)
(412.0,412.0)
(416.0,412.0)
(412.0,412.0)
(412.0,412.0)
(412.0,412.0)
(412.0,412.0)
(412.0,412.0)
(416.0,412.0)
(412.0,412.0)
(412.0,412.0)
(466.0,412.0)
(412.0,412.0)
(414.0,412.0)
(412.0,412.0)
(412.0,412.0)
(412.0,412.0)
(412.0,412.0)
(412.0,412.0)
(412.0,412.0)
(429.0,412.0)
(412.0,412.0)
(416.0,412.0)
(402.0,412.0)
(412.0,412.0)
(412.0,412.0)
(412.0,412.0)
(412.0,412.0)
(412.0,412.0)
(412.0,412.0)
(412.0,412.0)
(412.0,412.0)
(416.0,412.0)
(412.0,412.0)
(412.0,412.0)
(412.0,412.0)
(412.0,412.0)
(412.0,412.0)
(417.0,412.0)
(412.0,412.0)
(412.0,412.0)
(412.0,412.0)
(412.0,412.0)
(412.0,412.0)
(412.0,412.0)
(412.0,412.0)
(412.0,412.0)
(416.0,412.0)
(409.0,412.0)
(412.0,412.0)
(412.0,412.0)
(412.0,412.0)
(412.0,412.0)
(412.0,412.0)
(412.0,412.0)
(417.0,412.0)
(412.0,412.0)
(416.0,412.0)
(417.0,412.0)
(412.0,412.0)
(412.0,412.0)
(412.0,412.0)
(412.0,412.0)
(412.0,412.0)
(412.0,412.0)
(412.0,412.0)
(412.0,412.0)
(412.0,412.0)
(412.0,412.0)
(412.0,412.0)
(412.0,412.0)
(412.0,412.0)
(789.0,412.0)
(413.0,412.0)
(413.0,412.0)
(413.0,412.0)
(413.0,412.0)
(413.0,412.0)
(413.0,412.0)
(413.0,412.0)
(413.0,412.0)
(413.0,412.0)
(413.0,412.0)
(413.0,412.0)
(413.0,412.0)
(413.0,412.0)
(413.0,412.0)
(413.0,412.0)
(413.0,412.0)
(413.0,412.0)
(413.0,412.0)
(413.0,412.0)
(413.0,412.0)
(413.0,412.0)
(413.0,412.0)
(413.0,412.0)
(413.0,412.0)
(413.0,412.0)
(413.0,412.0)
(413.0,412.0)
(413.0,412.0)
(413.0,412.0)
(413.0,412.0)
(413.0,412.0)
(413.0,412.0)
(413.0,412.0)
(413.0,412.0)
(413.0,412.0)
(413.0,412.0)
(413.0,412.0)
(413.0,412.0)
(413.0,412.0)
(413.0,412.0)
(413.0,412.0)
(413.0,412.0)
(413.0,412.0)
(413.0,412.0)
(413.0,412.0)
(413.0,412.0)
(413.0,412.0)
(413.0,412.0)
(413.0,412.0)
(413.0,412.0)
(413.0,412.0)
(413.0,412.0)
(413.0,412.0)
(413.0,412.0)
(413.0,412.0)
(413.0,412.0)
(413.0,412.0)
(413.0,412.0)
(413.0,412.0)
(413.0,412.0)
(413.0,412.0)
(413.0,412.0)
(413.0,412.0)
(413.0,412.0)
(413.0,412.0)
(413.0,412.0)
(413.0,412.0)
(413.0,412.0)
(413.0,412.0)
(413.0,412.0)
(413.0,412.0)
(413.0,412.0)
(413.0,412.0)
(413.0,412.0)
(413.0,412.0)
(413.0,412.0)
(413.0,412.0)
(413.0,412.0)
(413.0,412.0)
(413.0,412.0)
(413.0,412.0)
(413.0,412.0)
(413.0,412.0)
(413.0,412.0)
(413.0,412.0)
(413.0,412.0)
(413.0,412.0)
(413.0,412.0)
(413.0,412.0)
(413.0,412.0)
(413.0,412.0)
(413.0,412.0)
(413.0,412.0)
(413.0,412.0)
(413.0,412.0)
(413.0,412.0)
(413.0,412.0)
(413.0,412.0)
(413.0,412.0)
(413.0,412.0)
(413.0,412.0)
(413.0,412.0)
(413.0,412.0)
(413.0,412.0)
(413.0,412.0)
(413.0,412.0)
(413.0,412.0)
(413.0,412.0)
(413.0,412.0)
(413.0,412.0)
(413.0,412.0)
(413.0,412.0)
(413.0,412.0)
(413.0,412.0)
(413.0,412.0)
(413.0,412.0)
(413.0,412.0)
(413.0,412.0)
(413.0,412.0)
(413.0,412.0)
(413.0,412.0)
(413.0,412.0)
(413.0,412.0)
(413.0,412.0)
(413.0,412.0)
(413.0,412.0)
(413.0,412.0)
(413.0,412.0)
(413.0,412.0)
(413.0,412.0)
(413.0,412.0)
(413.0,412.0)
(413.0,412.0)
(413.0,412.0)
(413.0,412.0)
(413.0,412.0)
(413.0,412.0)
(413.0,412.0)
(413.0,412.0)
(413.0,412.0)
(413.0,412.0)
(413.0,412.0)
(413.0,412.0)
(413.0,412.0)
(413.0,412.0)
(413.0,412.0)
(413.0,412.0)
(413.0,412.0)
(413.0,412.0)
(413.0,412.0)
(413.0,412.0)
(413.0,412.0)
(413.0,412.0)
(413.0,412.0)
(413.0,412.0)
(413.0,412.0)
(413.0,412.0)
(413.0,412.0)
(413.0,412.0)
(413.0,412.0)
(413.0,412.0)
(413.0,412.0)
(413.0,412.0)
(413.0,412.0)
(413.0,412.0)
(413.0,412.0)
(413.0,412.0)
(413.0,412.0)
(413.0,412.0)
(413.0,412.0)
(413.0,412.0)
(413.0,412.0)
(413.0,412.0)
(413.0,412.0)
(413.0,412.0)
(413.0,412.0)
(413.0,412.0)
(413.0,412.0)
(413.0,412.0)
(413.0,412.0)
(413.0,412.0)
(413.0,412.0)
(413.0,412.0)
(413.0,412.0)
(413.0,412.0)
(413.0,412.0)
(413.0,412.0)
(413.0,412.0)
(413.0,412.0)
(413.0,412.0)
(413.0,412.0)
(413.0,412.0)
(413.0,412.0)
(413.0,412.0)
(413.0,412.0)
(413.0,412.0)
(413.0,412.0)
(413.0,412.0)
(413.0,412.0)
(413.0,412.0)
(461.0,412.0)
(412.0,412.0)
(412.0,412.0)
(412.0,412.0)
(412.0,412.0)
(412.0,412.0)
(412.0,412.0)
(412.0,412.0)
(412.0,412.0)
(416.0,412.0)
(412.0,412.0)
(415.0,412.0)
(412.0,412.0)
(417.0,412.0)
(412.0,412.0)
(413.0,412.0)
(412.0,412.0)
(442.0,412.0)
(412.0,412.0)
(412.0,412.0)
(412.0,412.0)
(412.0,412.0)
(405.0,412.0)
(412.0,412.0)
(412.0,412.0)
(417.0,412.0)
(387.0,412.0)
(412.0,412.0)
(412.0,412.0)
(412.0,412.0)
(416.0,412.0)
(412.0,412.0)
(412.0,412.0)
(412.0,412.0)
(417.0,412.0)
(412.0,412.0)
(412.0,412.0)
(412.0,412.0)
(416.0,412.0)
(416.0,412.0)
(417.0,412.0)
(412.0,412.0)
(770.0,412.0)
(412.0,412.0)
(412.0,412.0)
(412.0,412.0)
(416.0,412.0)
(412.0,412.0)
(412.0,412.0)
(412.0,412.0)
(412.0,412.0)
(412.0,412.0)
(412.0,412.0)
(412.0,412.0)
(412.0,412.0)
(412.0,412.0)
(412.0,412.0)
(412.0,412.0)
(460.0,412.0)
(417.0,412.0)
(412.0,412.0)
(412.0,412.0)
(413.0,412.0)
(412.0,412.0)
(412.0,412.0)
(416.0,412.0)
(412.0,412.0)
(412.0,412.0)
(412.0,412.0)
(412.0,412.0)
(413.0,412.0)
(412.0,412.0)
(412.0,412.0)
(409.0,412.0)
(412.0,412.0)
(412.0,412.0)
(412.0,412.0)
(412.0,412.0)
(417.0,412.0)
(412.0,412.0)
(409.0,412.0)
(412.0,412.0)
(412.0,412.0)
(412.0,412.0)
(386.0,412.0)
(412.0,412.0)
(412.0,412.0)
(412.0,412.0)
(417.0,412.0)
(412.0,412.0)
(412.0,412.0)
(412.0,412.0)
(412.0,412.0)
(412.0,412.0)
(417.0,412.0)
(412.0,412.0)
(412.0,412.0)
(412.0,412.0)
(405.0,412.0)
(409.0,412.0)
(412.0,412.0)
(412.0,412.0)
(409.0,412.0)
(438.0,412.0)
(422.0,412.0)
(423.0,412.0)
(412.0,412.0)
(483.0,412.0)
(412.0,412.0)
(412.0,412.0)
(412.0,412.0)
(447.0,412.0)
(416.0,412.0)
(412.0,412.0)
(412.0,412.0)
(412.0,412.0)
(412.0,412.0)
(412.0,412.0)
(412.0,412.0)
(408.0,412.0)
(412.0,412.0)
(412.0,412.0)
(412.0,412.0)
(412.0,412.0)
(412.0,412.0)
(412.0,412.0)
(412.0,412.0)
(412.0,412.0)
(412.0,412.0)
(417.0,412.0)
(412.0,412.0)
(412.0,412.0)
(412.0,412.0)
(412.0,412.0)
(412.0,412.0)
(412.0,412.0)
(416.0,412.0)
(412.0,412.0)
(412.0,412.0)
(412.0,412.0)
(412.0,412.0)
(412.0,412.0)
(412.0,412.0)
(412.0,412.0)
(412.0,412.0)
(409.0,412.0)
(770.0,412.0)
(416.0,412.0)
(412.0,412.0)
(412.0,412.0)
(412.0,412.0)
(417.0,412.0)
(412.0,412.0)
(412.0,412.0)
(412.0,412.0)
(421.0,412.0)
(412.0,412.0)
(412.0,412.0)
(412.0,412.0)
(412.0,412.0)
(412.0,412.0)
(423.0,412.0)
(412.0,412.0)
(461.0,412.0)
(770.0,412.0)
(412.0,412.0)
(416.0,412.0)
(412.0,412.0)
(405.0,412.0)
(417.0,412.0)
(412.0,412.0)
(412.0,412.0)
(412.0,412.0)
(770.0,412.0)
(412.0,412.0)
(408.0,412.0)
(412.0,412.0)
(412.0,412.0)
(417.0,412.0)
(412.0,412.0)
(412.0,412.0)
(412.0,412.0)
(412.0,412.0)
(409.0,412.0)
(412.0,412.0)
(412.0,412.0)
(412.0,412.0)
(412.0,412.0)
(412.0,412.0)
(412.0,412.0)
(412.0,412.0)
(412.0,412.0)
(412.0,412.0)
(416.0,412.0)
(412.0,412.0)
(412.0,412.0)
(412.0,412.0)
(412.0,412.0)
(412.0,412.0)
(412.0,412.0)
(412.0,412.0)
(412.0,412.0)
(412.0,412.0)
(412.0,412.0)
(412.0,412.0)
(412.0,412.0)
(412.0,412.0)
(770.0,412.0)
(409.0,412.0)
(412.0,412.0)
(412.0,412.0)
(412.0,412.0)
(412.0,412.0)
(412.0,412.0)
(412.0,412.0)
(412.0,412.0)
(416.0,412.0)
(412.0,412.0)
(412.0,412.0)
(412.0,412.0)
(412.0,412.0)
(412.0,412.0)
(423.0,412.0)
(412.0,412.0)
(412.0,412.0)
(412.0,412.0)
(412.0,412.0)
(412.0,412.0)
(412.0,412.0)
(416.0,412.0)
(412.0,412.0)
(409.0,412.0)
(412.0,412.0)
(412.0,412.0)
(417.0,412.0)
(412.0,412.0)
(412.0,412.0)
(409.0,412.0)
(412.0,412.0)
(412.0,412.0)
(409.0,412.0)
(416.0,412.0)
(412.0,412.0)
(412.0,412.0)
(412.0,412.0)
(413.0,412.0)
(412.0,412.0)
(412.0,412.0)
(409.0,412.0)
(434.0,412.0)
(412.0,412.0)
(412.0,412.0)
(412.0,412.0)
(412.0,412.0)
(412.0,412.0)
(412.0,412.0)
(412.0,412.0)
(412.0,412.0)
(412.0,412.0)
(412.0,412.0)
(412.0,412.0)
(412.0,412.0)
(767.0,412.0)
(412.0,412.0)
(412.0,412.0)
(412.0,412.0)
(412.0,412.0)
(770.0,412.0)
(412.0,412.0)
(412.0,412.0)
(412.0,412.0)
(412.0,412.0)
(417.0,412.0)
(412.0,412.0)
(412.0,412.0)
(401.0,412.0)
(412.0,412.0)
(412.0,412.0)
(412.0,412.0)
(416.0,412.0)
(398.0,412.0)
(412.0,412.0)
(409.0,412.0)
(412.0,412.0)
(412.0,412.0)
(412.0,412.0)
(770.0,412.0)
(412.0,412.0)
(412.0,412.0)
(412.0,412.0)
(412.0,412.0)
(412.0,412.0)
(415.0,412.0)
(412.0,412.0)
(405.0,412.0)
(770.0,412.0)
(412.0,412.0)
(412.0,412.0)
(409.0,412.0)
(412.0,412.0)
(415.0,412.0)
(412.0,412.0)
(412.0,412.0)
(770.0,412.0)
(412.0,412.0)
(412.0,412.0)
(412.0,412.0)
(412.0,412.0)
(412.0,412.0)
(401.0,412.0)
(412.0,412.0)
(416.0,412.0)
(412.0,412.0)
(412.0,412.0)
(412.0,412.0)
(412.0,412.0)
(770.0,412.0)
(412.0,412.0)
(771.0,412.0)
(412.0,412.0)
(415.0,412.0)
(416.0,412.0)
(423.0,412.0)
(412.0,412.0)
(412.0,412.0)
(412.0,412.0)
(412.0,412.0)
(413.0,412.0)
(412.0,412.0)
(410.0,412.0)
(412.0,412.0)
(412.0,412.0)
(409.0,412.0)
(412.0,412.0)
(412.0,412.0)
(412.0,412.0)
(412.0,412.0)
(409.0,412.0)
(412.0,412.0)
(412.0,412.0)
(412.0,412.0)
(412.0,412.0)
(412.0,412.0)
(412.0,412.0)
(412.0,412.0)
(412.0,412.0)
(412.0,412.0)
(446.0,412.0)
(412.0,412.0)
(412.0,412.0)
(412.0,412.0)
(412.0,412.0)
(412.0,412.0)
(409.0,412.0)
(412.0,412.0)
(401.0,412.0)
(416.0,412.0)
(412.0,412.0)
(412.0,412.0)
(416.0,412.0)
(408.0,412.0)
(412.0,412.0)
(412.0,412.0)
(412.0,412.0)
(401.0,412.0)
(417.0,412.0)
(412.0,412.0)
(434.0,412.0)
(412.0,412.0)
(412.0,412.0)
(412.0,412.0)
(412.0,412.0)
(423.0,412.0)
(412.0,412.0)
(412.0,412.0)
(412.0,412.0)
(417.0,412.0)
(412.0,412.0)
(412.0,412.0)
(412.0,412.0)
(412.0,412.0)
(412.0,412.0)
(412.0,412.0)
(412.0,412.0)
(412.0,412.0)
(412.0,412.0)
(412.0,412.0)
(412.0,412.0)
(412.0,412.0)
(401.0,412.0)
(412.0,412.0)
(413.0,412.0)
(405.0,412.0)
(412.0,412.0)
(405.0,412.0)
(405.0,412.0)
(405.0,412.0)
(412.0,412.0)
(412.0,412.0)
(417.0,412.0)
(405.0,412.0)
(447.0,412.0)
(412.0,412.0)
(417.0,412.0)
(412.0,412.0)
(412.0,412.0)
(412.0,412.0)
(412.0,412.0)
(405.0,412.0)
(412.0,412.0)
(412.0,412.0)
(412.0,412.0)
(405.0,412.0)
(412.0,412.0)
(435.0,412.0)
(417.0,412.0)
(412.0,412.0)
(412.0,412.0)
(412.0,412.0)
(421.0,412.0)
(417.0,412.0)
(417.0,412.0)
(412.0,412.0)
(412.0,412.0)
(412.0,412.0)
(412.0,412.0)
(412.0,412.0)
(413.0,412.0)
(412.0,412.0)
(412.0,412.0)
(412.0,412.0)
(412.0,412.0)
(412.0,412.0)
(412.0,412.0)
(435.0,412.0)
(405.0,412.0)
(412.0,412.0)
(412.0,412.0)
(412.0,412.0)
(412.0,412.0)
(412.0,412.0)
(417.0,412.0)
(412.0,412.0)
(412.0,412.0)
(412.0,412.0)
(412.0,412.0)
(417.0,412.0)
(412.0,412.0)
(412.0,412.0)
(405.0,412.0)
(405.0,412.0)
(417.0,412.0)
(412.0,412.0)
(416.0,412.0)
(417.0,412.0)
(412.0,412.0)
(412.0,412.0)
(412.0,412.0)
(412.0,412.0)
(405.0,412.0)
(771.0,412.0)
(413.0,412.0)
(417.0,412.0)
(412.0,412.0)
(405.0,412.0)
(412.0,412.0)
(405.0,412.0)
(412.0,412.0)
(412.0,412.0)
(412.0,412.0)
(405.0,412.0)
(412.0,412.0)
(412.0,412.0)
(412.0,412.0)
(412.0,412.0)
(412.0,412.0)
(412.0,412.0)
(412.0,412.0)
(412.0,412.0)
(412.0,412.0)
(412.0,412.0)
(412.0,412.0)
(412.0,412.0)
(412.0,412.0)
(412.0,412.0)
(412.0,412.0)
(412.0,412.0)
(412.0,412.0)
(412.0,412.0)
(412.0,412.0)
(417.0,412.0)
(412.0,412.0)
(435.0,412.0)
(447.0,412.0)
(412.0,412.0)
(412.0,412.0)
(412.0,412.0)
(412.0,412.0)
(405.0,412.0)
(405.0,412.0)
(412.0,412.0)
(417.0,412.0)
(412.0,412.0)
(412.0,412.0)
(412.0,412.0)
(412.0,412.0)
(412.0,412.0)
(412.0,412.0)
(405.0,412.0)
(412.0,412.0)
(412.0,412.0)
(412.0,412.0)
(417.0,412.0)
(372.0,412.0)
(417.0,412.0)
(417.0,412.0)
(412.0,412.0)
(417.0,412.0)
(412.0,412.0)
(447.0,412.0)
(417.0,412.0)
(417.0,412.0)
(416.0,412.0)
(417.0,412.0)
(405.0,412.0)
(417.0,412.0)
(416.0,412.0)
(412.0,412.0)
(412.0,412.0)
(412.0,412.0)
(412.0,412.0)
(412.0,412.0)
(412.0,412.0)
(412.0,412.0)
(412.0,412.0)
(447.0,412.0)
(401.0,412.0)
(417.0,412.0)
(412.0,412.0)
(405.0,412.0)
(427.0,412.0)
(412.0,412.0)
(417.0,412.0)
(412.0,412.0)
(412.0,412.0)
(417.0,412.0)
(401.0,412.0)
(412.0,412.0)
(417.0,412.0)
(768.0,412.0)
(421.0,412.0)
(417.0,412.0)
(412.0,412.0)
(421.0,412.0)
(412.0,412.0)
(417.0,412.0)
(447.0,412.0)
(412.0,412.0)
(412.0,412.0)
(412.0,412.0)
(417.0,412.0)
(412.0,412.0)
(405.0,412.0)
(412.0,412.0)
(412.0,412.0)
(412.0,412.0)
(412.0,412.0)
(417.0,412.0)
(412.0,412.0)
(405.0,412.0)
(412.0,412.0)
(777.0,412.0)
(417.0,412.0)
(405.0,412.0)
(417.0,412.0)
(412.0,412.0)
(412.0,412.0)
(412.0,412.0)
(412.0,412.0)
(412.0,412.0)
(412.0,412.0)
(417.0,412.0)
(412.0,412.0)
(412.0,412.0)
(412.0,412.0)
(405.0,412.0)
(412.0,412.0)
(405.0,412.0)
(404.0,412.0)
(405.0,412.0)
(786.0,412.0)
(417.0,412.0)
(790.0,412.0)
(405.0,412.0)
(412.0,412.0)
(777.0,412.0)
(405.0,412.0)
(412.0,412.0)
(427.0,412.0)
(412.0,412.0)
(412.0,412.0)
(412.0,412.0)
(412.0,412.0)
(412.0,412.0)
(412.0,412.0)
(413.0,412.0)
(417.0,412.0)
(412.0,412.0)
(416.0,412.0)
(455.0,412.0)
(405.0,412.0)
(412.0,412.0)
(412.0,412.0)
(771.0,412.0)
(412.0,412.0)
(417.0,412.0)
(412.0,412.0)
(427.0,412.0)
(412.0,412.0)
(412.0,412.0)
(405.0,412.0)
(412.0,412.0)
(412.0,412.0)
(412.0,412.0)
(412.0,412.0)
(412.0,412.0)
(412.0,412.0)
(417.0,412.0)
(412.0,412.0)
(412.0,412.0)
(412.0,412.0)
(412.0,412.0)
(412.0,412.0)
(412.0,412.0)
(412.0,412.0)
(412.0,412.0)
(395.0,412.0)
(412.0,412.0)
(405.0,412.0)
(412.0,412.0)
(412.0,412.0)
(455.0,412.0)
(421.0,412.0)
(412.0,412.0)
(412.0,412.0)
(412.0,412.0)
(412.0,412.0)
(405.0,412.0)
(412.0,412.0)
(405.0,412.0)
(417.0,412.0)
(413.0,412.0)
(447.0,412.0)
(417.0,412.0)
(405.0,412.0)
(427.0,412.0)
(412.0,412.0)
(412.0,412.0)
(412.0,412.0)
(404.0,412.0)
(412.0,412.0)
(412.0,412.0)
(405.0,412.0)
(413.0,412.0)
(412.0,412.0)
(447.0,412.0)
(412.0,412.0)
(412.0,412.0)
(412.0,412.0)
(412.0,412.0)
(405.0,412.0)
(413.0,412.0)
(412.0,412.0)
(412.0,412.0)
(416.0,412.0)
(412.0,412.0)
(412.0,412.0)
(417.0,412.0)
(455.0,412.0)
(412.0,412.0)
(405.0,412.0)
(417.0,412.0)
(412.0,412.0)
(405.0,412.0)
(412.0,412.0)
(412.0,412.0)
(412.0,412.0)
(412.0,412.0)
(412.0,412.0)
(412.0,412.0)
(412.0,412.0)
(412.0,412.0)
(412.0,412.0)
(412.0,412.0)
(771.0,412.0)
(412.0,412.0)
(412.0,412.0)
(412.0,412.0)
(412.0,412.0)
(412.0,412.0)
(412.0,412.0)
(412.0,412.0)
(412.0,412.0)
(412.0,412.0)
(412.0,412.0)
(412.0,412.0)
(412.0,412.0)
(435.0,412.0)
(412.0,412.0)
(417.0,412.0)
(412.0,412.0)
(412.0,412.0)
(397.0,412.0)
(412.0,412.0)
(413.0,412.0)
(412.0,412.0)
(405.0,412.0)
(412.0,412.0)
(417.0,412.0)
(412.0,412.0)
(412.0,412.0)
(395.0,412.0)
(412.0,412.0)
(404.0,412.0)
(405.0,412.0)
(412.0,412.0)
(412.0,412.0)
(412.0,412.0)
(412.0,412.0)
(412.0,412.0)
(447.0,412.0)
(412.0,412.0)
(417.0,412.0)
(412.0,412.0)
(412.0,412.0)
(417.0,412.0)
(412.0,412.0)
(768.0,412.0)
(413.0,412.0)
(373.0,412.0)
(455.0,412.0)
(412.0,412.0)
(412.0,412.0)
(412.0,412.0)
(412.0,412.0)
(412.0,412.0)
(412.0,412.0)
(412.0,412.0)
(404.0,412.0)
(412.0,412.0)
(412.0,412.0)
(412.0,412.0)
(790.0,412.0)
(412.0,412.0)
(412.0,412.0)
(412.0,412.0)
(435.0,412.0)
(417.0,412.0)
(455.0,412.0)
(412.0,412.0)
(417.0,412.0)
(412.0,412.0)
(412.0,412.0)
(405.0,412.0)
(417.0,412.0)
(417.0,412.0)
(412.0,412.0)
(412.0,412.0)
(412.0,412.0)
(770.0,412.0)
(417.0,412.0)
(412.0,412.0)
(412.0,412.0)
(417.0,412.0)
(412.0,412.0)
(413.0,412.0)
(412.0,412.0)
(427.0,412.0)
(412.0,412.0)
(421.0,412.0)
(435.0,412.0)
(422.0,412.0)
(412.0,412.0)
(412.0,412.0)
(405.0,412.0)
(447.0,412.0)
(413.0,412.0)
(417.0,412.0)
(412.0,412.0)
(417.0,412.0)
(416.0,412.0)
(405.0,412.0)
(417.0,412.0)
(412.0,412.0)
(412.0,412.0)
(417.0,412.0)
(401.0,412.0)
(412.0,412.0)
(405.0,412.0)
(412.0,412.0)
(412.0,412.0)
(412.0,412.0)
(412.0,412.0)
(417.0,412.0)
(412.0,412.0)
(412.0,412.0)
(417.0,412.0)
(417.0,412.0)
(405.0,412.0)
(412.0,412.0)
(412.0,412.0)
(412.0,412.0)
(412.0,412.0)
(417.0,412.0)
(412.0,412.0)
(412.0,412.0)
(412.0,412.0)
(412.0,412.0)
(412.0,412.0)
(412.0,412.0)
(401.0,412.0)
(767.0,412.0)
(412.0,412.0)
(412.0,412.0)
(412.0,412.0)
(412.0,412.0)
(417.0,412.0)
(417.0,412.0)
(417.0,412.0)
(412.0,412.0)
(412.0,412.0)
(412.0,412.0)
(412.0,412.0)
(405.0,412.0)
(417.0,412.0)
(412.0,412.0)
(417.0,412.0)
(417.0,412.0)
(413.0,412.0)
(412.0,412.0)
(412.0,412.0)
(417.0,412.0)
(412.0,412.0)
(412.0,412.0)
(417.0,412.0)
(405.0,412.0)
(412.0,412.0)
(405.0,412.0)
(412.0,412.0)
(405.0,412.0)
(417.0,412.0)
(412.0,412.0)
(417.0,412.0)
(412.0,412.0)
(412.0,412.0)
(417.0,412.0)
(413.0,412.0)
(412.0,412.0)
(405.0,412.0)
(455.0,412.0)
(412.0,412.0)
(412.0,412.0)
(409.0,412.0)
(417.0,412.0)
(405.0,412.0)
(455.0,412.0)
(412.0,412.0)
(417.0,412.0)
(417.0,412.0)
(412.0,412.0)
(412.0,412.0)
(401.0,412.0)
(412.0,412.0)
(412.0,412.0)
(405.0,412.0)
(405.0,412.0)
(412.0,412.0)
(412.0,412.0)
(417.0,412.0)
(412.0,412.0)
(417.0,412.0)
(417.0,412.0)
(412.0,412.0)
(405.0,412.0)
(412.0,412.0)
(417.0,412.0)
(412.0,412.0)
(412.0,412.0)
(405.0,412.0)
(412.0,412.0)
(412.0,412.0)
(412.0,412.0)
(412.0,412.0)
(412.0,412.0)
(412.0,412.0)
(412.0,412.0)
(417.0,412.0)
(427.0,412.0)
(405.0,412.0)
(412.0,412.0)
(412.0,412.0)
(417.0,412.0)
(412.0,412.0)
(412.0,412.0)
(412.0,412.0)
(417.0,412.0)
(412.0,412.0)
(412.0,412.0)
(412.0,412.0)
(412.0,412.0)
(412.0,412.0)
(405.0,412.0)
(793.0,412.0)
(416.0,412.0)
(417.0,412.0)
(417.0,412.0)
(417.0,412.0)
(412.0,412.0)
(417.0,412.0)
(405.0,412.0)
(417.0,412.0)
(771.0,412.0)
(412.0,412.0)
(434.0,412.0)
(417.0,412.0)
(412.0,412.0)
(412.0,412.0)
(412.0,412.0)
(417.0,412.0)
(412.0,412.0)
(412.0,412.0)
(447.0,412.0)
(412.0,412.0)
(417.0,412.0)
(412.0,412.0)
(412.0,412.0)
(412.0,412.0)
(412.0,412.0)
(417.0,412.0)
(417.0,412.0)
(417.0,412.0)
(455.0,412.0)
(405.0,412.0)
(412.0,412.0)
(405.0,412.0)
(417.0,412.0)
(447.0,412.0)
(412.0,412.0)
(412.0,412.0)
(447.0,412.0)
(405.0,412.0)
(412.0,412.0)
(412.0,412.0)
(412.0,412.0)
(413.0,412.0)
(412.0,412.0)
(413.0,412.0)
(405.0,412.0)
(417.0,412.0)
(412.0,412.0)
(412.0,412.0)
(412.0,412.0)
(417.0,412.0)
(417.0,412.0)
(405.0,412.0)
(412.0,412.0)
(412.0,412.0)
(412.0,412.0)
(412.0,412.0)
(412.0,412.0)
(417.0,412.0)
(405.0,412.0)
(417.0,412.0)
(412.0,412.0)
(412.0,412.0)
(412.0,412.0)
(401.0,412.0)
(417.0,412.0)
(417.0,412.0)
(417.0,412.0)
(409.0,412.0)
(417.0,412.0)
(417.0,412.0)
(405.0,412.0)
(417.0,412.0)
(417.0,412.0)
(412.0,412.0)
(413.0,412.0)
(412.0,412.0)
(412.0,412.0)
(412.0,412.0)
(412.0,412.0)
(409.0,412.0)
(405.0,412.0)
(412.0,412.0)
(416.0,412.0)
(405.0,412.0)
(405.0,412.0)
(412.0,412.0)
(412.0,412.0)
(412.0,412.0)
(412.0,412.0)
(405.0,412.0)
(412.0,412.0)
(412.0,412.0)
(768.0,412.0)
(401.0,412.0)
(412.0,412.0)
(447.0,412.0)
(412.0,412.0)
(768.0,412.0)
(412.0,412.0)
(412.0,412.0)
(417.0,412.0)
(412.0,412.0)
(412.0,412.0)
(417.0,412.0)
(405.0,412.0)
(767.0,412.0)
(409.0,412.0)
(398.0,412.0)
(417.0,412.0)
(412.0,412.0)
(405.0,412.0)
(412.0,412.0)
(416.0,412.0)
(417.0,412.0)
(401.0,412.0)
(412.0,412.0)
(412.0,412.0)
(405.0,412.0)
(405.0,412.0)
(412.0,412.0)
(416.0,412.0)
(405.0,412.0)
(417.0,412.0)
(412.0,412.0)
(417.0,412.0)
(417.0,412.0)
(401.0,412.0)
(412.0,412.0)
(412.0,412.0)
(417.0,412.0)
(412.0,412.0)
(412.0,412.0)
(417.0,412.0)
(412.0,412.0)
(417.0,412.0)
(412.0,412.0)
(405.0,412.0)
(412.0,412.0)
(412.0,412.0)
(412.0,412.0)
(417.0,412.0)
(412.0,412.0)
(412.0,412.0)
(412.0,412.0)
(412.0,412.0)
(412.0,412.0)
(398.0,412.0)
(412.0,412.0)
(417.0,412.0)
(793.0,412.0)
(417.0,412.0)
(417.0,412.0)
(412.0,412.0)
(412.0,412.0)
(412.0,412.0)
(417.0,412.0)
(790.0,412.0)
(405.0,412.0)
(405.0,412.0)
(412.0,412.0)
(412.0,412.0)
(412.0,412.0)
(417.0,412.0)
(405.0,412.0)
(412.0,412.0)
(401.0,412.0)
(413.0,412.0)
(412.0,412.0)
(412.0,412.0)
(412.0,412.0)
(412.0,412.0)
(412.0,412.0)
(417.0,412.0)
(435.0,412.0)
(412.0,412.0)
(405.0,412.0)
(412.0,412.0)
(417.0,412.0)
(417.0,412.0)
(412.0,412.0)
(412.0,412.0)
(412.0,412.0)
(412.0,412.0)
(412.0,412.0)
(417.0,412.0)
(435.0,412.0)
(412.0,412.0)
(412.0,412.0)
(417.0,412.0)
(412.0,412.0)
(412.0,412.0)
(412.0,412.0)
(401.0,412.0)
(417.0,412.0)
(427.0,412.0)
(435.0,412.0)
(405.0,412.0)
(412.0,412.0)
(768.0,412.0)
(455.0,412.0)
(412.0,412.0)
(417.0,412.0)
(405.0,412.0)
(412.0,412.0)
(412.0,412.0)
(412.0,412.0)
(412.0,412.0)
(412.0,412.0)
(412.0,412.0)
(412.0,412.0)
(417.0,412.0)
(435.0,412.0)
(412.0,412.0)
(412.0,412.0)
(405.0,412.0)
(412.0,412.0)
(412.0,412.0)
(412.0,412.0)
(435.0,412.0)
(417.0,412.0)
(413.0,412.0)
(413.0,412.0)
(412.0,412.0)
(784.0,412.0)
(412.0,412.0)
(417.0,412.0)
(412.0,412.0)
(419.0,412.0)
(417.0,412.0)
(417.0,412.0)
(412.0,412.0)
(417.0,412.0)
(412.0,412.0)
(412.0,412.0)
(412.0,412.0)
(412.0,412.0)
(417.0,412.0)
(447.0,412.0)
(412.0,412.0)
(412.0,412.0)
(412.0,412.0)
(417.0,412.0)
(412.0,412.0)
(412.0,412.0)
(405.0,412.0)
(412.0,412.0)
(405.0,412.0)
(412.0,412.0)
(412.0,412.0)
(413.0,412.0)
(412.0,412.0)
(417.0,412.0)
(401.0,412.0)
(405.0,412.0)
(417.0,412.0)
(412.0,412.0)
(412.0,412.0)
(412.0,412.0)
(405.0,412.0)
(412.0,412.0)
(417.0,412.0)
(405.0,412.0)
(412.0,412.0)
(405.0,412.0)
(412.0,412.0)
(412.0,412.0)
(412.0,412.0)
(412.0,412.0)
(412.0,412.0)
(405.0,412.0)
(412.0,412.0)
(412.0,412.0)
(412.0,412.0)
(412.0,412.0)
(412.0,412.0)
(412.0,412.0)
(412.0,412.0)
(412.0,412.0)
(412.0,412.0)
(767.0,412.0)
(412.0,412.0)
(412.0,412.0)
(412.0,412.0)
(405.0,412.0)
(412.0,412.0)
(417.0,412.0)
(417.0,412.0)
(417.0,412.0)
(412.0,412.0)
(412.0,412.0)
(412.0,412.0)
(412.0,412.0)
(412.0,412.0)
(413.0,412.0)
(405.0,412.0)
(412.0,412.0)
(412.0,412.0)
(412.0,412.0)
(405.0,412.0)
(412.0,412.0)
(417.0,412.0)
(412.0,412.0)
(412.0,412.0)
(412.0,412.0)
(412.0,412.0)
(412.0,412.0)
(412.0,412.0)
(455.0,412.0)
(447.0,412.0)
(412.0,412.0)
(405.0,412.0)
(417.0,412.0)
(405.0,412.0)
(412.0,412.0)
(412.0,412.0)
(413.0,412.0)
(412.0,412.0)
(405.0,412.0)
(412.0,412.0)
(455.0,412.0)
(412.0,412.0)
(412.0,412.0)
(412.0,412.0)
(412.0,412.0)
(412.0,412.0)
(405.0,412.0)
(413.0,412.0)
(412.0,412.0)
(405.0,412.0)
(412.0,412.0)
(412.0,412.0)
(412.0,412.0)
(417.0,412.0)
(412.0,412.0)
(412.0,412.0)
(405.0,412.0)
(405.0,412.0)
(447.0,412.0)
(771.0,412.0)
(412.0,412.0)
(412.0,412.0)
(405.0,412.0)
(412.0,412.0)
(405.0,412.0)
(412.0,412.0)
(412.0,412.0)
(412.0,412.0)
(412.0,412.0)
(412.0,412.0)
(412.0,412.0)
(412.0,412.0)
(447.0,412.0)
(412.0,412.0)
(417.0,412.0)
(405.0,412.0)
(405.0,412.0)
(412.0,412.0)
(412.0,412.0)
(447.0,412.0)
(417.0,412.0)
(412.0,412.0)
(412.0,412.0)
(412.0,412.0)
(417.0,412.0)
(417.0,412.0)
(405.0,412.0)
(435.0,412.0)
(404.0,412.0)
(413.0,412.0)
(402.0,412.0)
(412.0,412.0)
(412.0,412.0)
(413.0,412.0)
(412.0,412.0)
(415.0,412.0)
(412.0,412.0)
(405.0,412.0)
(412.0,412.0)
(447.0,412.0)
(405.0,412.0)
(412.0,412.0)
(412.0,412.0)
(412.0,412.0)
(417.0,412.0)
(412.0,412.0)
(413.0,412.0)
(412.0,412.0)
(412.0,412.0)
(412.0,412.0)
(405.0,412.0)
(405.0,412.0)
(413.0,412.0)
(412.0,412.0)
(412.0,412.0)
(412.0,412.0)
(405.0,412.0)
(771.0,412.0)
(455.0,412.0)
(412.0,412.0)
(417.0,412.0)
(786.0,412.0)
(417.0,412.0)
(405.0,412.0)
(412.0,412.0)
(412.0,412.0)
(417.0,412.0)
(417.0,412.0)
(417.0,412.0)
(377.0,412.0)
(412.0,412.0)
(412.0,412.0)
(412.0,412.0)
(412.0,412.0)
(412.0,412.0)
(455.0,412.0)
(412.0,412.0)
(412.0,412.0)
(412.0,412.0)
(412.0,412.0)
(412.0,412.0)
(470.0,412.0)
(412.0,412.0)
(412.0,412.0)
(412.0,412.0)
(412.0,412.0)
(412.0,412.0)
(417.0,412.0)
(771.0,412.0)
(417.0,412.0)
(405.0,412.0)
(405.0,412.0)
(405.0,412.0)
(417.0,412.0)
(417.0,412.0)
(417.0,412.0)
(455.0,412.0)
(412.0,412.0)
(405.0,412.0)
(424.0,412.0)
(412.0,412.0)
(412.0,412.0)
(405.0,412.0)
(412.0,412.0)
(412.0,412.0)
(412.0,412.0)
(412.0,412.0)
(412.0,412.0)
(405.0,412.0)
(768.0,412.0)
(412.0,412.0)
(412.0,412.0)
(401.0,412.0)
(417.0,412.0)
(412.0,412.0)
(417.0,412.0)
(412.0,412.0)
(412.0,412.0)
(412.0,412.0)
(417.0,412.0)
(412.0,412.0)
(417.0,412.0)
(413.0,412.0)
(413.0,412.0)
(412.0,412.0)
(417.0,412.0)
(412.0,412.0)
(417.0,412.0)
(412.0,412.0)
(412.0,412.0)
(416.0,412.0)
(789.0,412.0)
(413.0,412.0)
(412.0,412.0)
(412.0,412.0)
(412.0,412.0)
(417.0,412.0)
(412.0,412.0)
(435.0,412.0)
(413.0,412.0)
(405.0,412.0)
(412.0,412.0)
(434.0,412.0)
(405.0,412.0)
(413.0,412.0)
(405.0,412.0)
(412.0,412.0)
(412.0,412.0)
(412.0,412.0)
(413.0,412.0)
(405.0,412.0)
(417.0,412.0)
(412.0,412.0)
(412.0,412.0)
(412.0,412.0)
(412.0,412.0)
(412.0,412.0)
(417.0,412.0)
(412.0,412.0)
(416.0,412.0)
(412.0,412.0)
(790.0,412.0)
(412.0,412.0)
(413.0,412.0)
(412.0,412.0)
(412.0,412.0)
(416.0,412.0)
(412.0,412.0)
(405.0,412.0)
(405.0,412.0)
(405.0,412.0)
(417.0,412.0)
(412.0,412.0)
(405.0,412.0)
(413.0,412.0)
(405.0,412.0)
(412.0,412.0)
(417.0,412.0)
(412.0,412.0)
(412.0,412.0)
(412.0,412.0)
(405.0,412.0)
(412.0,412.0)
(405.0,412.0)
(412.0,412.0)
(417.0,412.0)
(412.0,412.0)
(412.0,412.0)
(417.0,412.0)
(421.0,412.0)
(412.0,412.0)
(417.0,412.0)
(405.0,412.0)
(413.0,412.0)
(427.0,412.0)
(401.0,412.0)
(412.0,412.0)
(412.0,412.0)
(412.0,412.0)
(412.0,412.0)
(412.0,412.0)
(412.0,412.0)
(435.0,412.0)
(412.0,412.0)
(415.0,412.0)
(417.0,412.0)
(412.0,412.0)
(412.0,412.0)
(412.0,412.0)
(405.0,412.0)
(405.0,412.0)
(417.0,412.0)
(412.0,412.0)
(404.0,412.0)
(412.0,412.0)
(412.0,412.0)
(421.0,412.0)
(412.0,412.0)
(421.0,412.0)
(413.0,412.0)
(767.0,412.0)
(455.0,412.0)
(412.0,412.0)
(412.0,412.0)
(435.0,412.0)
(412.0,412.0)
(412.0,412.0)
(405.0,412.0)
(417.0,412.0)
(412.0,412.0)
(412.0,412.0)
(405.0,412.0)
(412.0,412.0)
(412.0,412.0)
(412.0,412.0)
(412.0,412.0)
(405.0,412.0)
(413.0,412.0)
(412.0,412.0)
(427.0,412.0)
(412.0,412.0)
(405.0,412.0)
(413.0,412.0)
(412.0,412.0)
(417.0,412.0)
(412.0,412.0)
(412.0,412.0)
(412.0,412.0)
(412.0,412.0)
(405.0,412.0)
(412.0,412.0)
(416.0,412.0)
(412.0,412.0)
(405.0,412.0)
(405.0,412.0)
(417.0,412.0)
(412.0,412.0)
(412.0,412.0)
(412.0,412.0)
(401.0,412.0)
(412.0,412.0)
(405.0,412.0)
(412.0,412.0)
(771.0,412.0)
(412.0,412.0)
(421.0,412.0)
(412.0,412.0)
(412.0,412.0)
(401.0,412.0)
(412.0,412.0)
(417.0,412.0)
(427.0,412.0)
(412.0,412.0)
(412.0,412.0)
(412.0,412.0)
(405.0,412.0)
(412.0,412.0)
(412.0,412.0)
(412.0,412.0)
(405.0,412.0)
(412.0,412.0)
(412.0,412.0)
(412.0,412.0)
(447.0,412.0)
(413.0,412.0)
(405.0,412.0)
(421.0,412.0)
(409.0,412.0)
(412.0,412.0)
(412.0,412.0)
(412.0,412.0)
(412.0,412.0)
(417.0,412.0)
(435.0,412.0)
(405.0,412.0)
(412.0,412.0)
(771.0,412.0)
(412.0,412.0)
(412.0,412.0)
(421.0,412.0)
(43.0,412.0)
(412.0,412.0)
(417.0,412.0)
(412.0,412.0)
(412.0,412.0)
(412.0,412.0)
(405.0,412.0)
(412.0,412.0)
(412.0,412.0)
(412.0,412.0)
(412.0,412.0)
(405.0,412.0)
(412.0,412.0)
(412.0,412.0)
(412.0,412.0)
(427.0,412.0)
(412.0,412.0)
(414.0,414.0)
(771.0,414.0)
(416.0,414.0)
(416.0,414.0)
(416.0,414.0)
(416.0,414.0)
(416.0,414.0)
(416.0,414.0)
(387.0,414.0)
(412.0,414.0)
(416.0,414.0)
(402.0,414.0)
(412.0,414.0)
(423.0,414.0)
(423.0,414.0)
(416.0,414.0)
(416.0,414.0)
(416.0,414.0)
(416.0,414.0)
(416.0,414.0)
(412.0,414.0)
(416.0,414.0)
(414.0,414.0)
(412.0,414.0)
(423.0,414.0)
(414.0,414.0)
(416.0,414.0)
(381.0,414.0)
(412.0,414.0)
(409.0,414.0)
(386.0,414.0)
(416.0,414.0)
(416.0,414.0)
(438.0,414.0)
(409.0,414.0)
(416.0,414.0)
(402.0,414.0)
(409.0,414.0)
(409.0,414.0)
(409.0,414.0)
(417.0,414.0)
(416.0,414.0)
(402.0,414.0)
(448.0,414.0)
(416.0,414.0)
(414.0,414.0)
(416.0,414.0)
(416.0,414.0)
(416.0,414.0)
(412.0,414.0)
(416.0,414.0)
(416.0,414.0)
(416.0,414.0)
(416.0,414.0)
(409.0,414.0)
(438.0,414.0)
(414.0,414.0)
(409.0,414.0)
(409.0,414.0)
(412.0,414.0)
(409.0,414.0)
(414.0,414.0)
(438.0,414.0)
(416.0,414.0)
(412.0,414.0)
(412.0,414.0)
(416.0,414.0)
(416.0,414.0)
(423.0,414.0)
(416.0,414.0)
(464.0,414.0)
(387.0,414.0)
(416.0,414.0)
(414.0,414.0)
(412.0,414.0)
(412.0,414.0)
(416.0,414.0)
(438.0,414.0)
(416.0,414.0)
(417.0,414.0)
(438.0,414.0)
(402.0,414.0)
(416.0,414.0)
(417.0,414.0)
(414.0,414.0)
(412.0,414.0)
(416.0,414.0)
(416.0,414.0)
(416.0,414.0)
(438.0,414.0)
(416.0,414.0)
(412.0,414.0)
(423.0,414.0)
(417.0,414.0)
(412.0,414.0)
(412.0,414.0)
(438.0,414.0)
(409.0,414.0)
(412.0,414.0)
(412.0,414.0)
(438.0,414.0)
(423.0,414.0)
(438.0,414.0)
(412.0,414.0)
(402.0,414.0)
(412.0,414.0)
(448.0,414.0)
(409.0,414.0)
(416.0,414.0)
(409.0,414.0)
(416.0,414.0)
(386.0,414.0)
(416.0,414.0)
(416.0,414.0)
(438.0,414.0)
(412.0,414.0)
(434.0,414.0)
(782.0,414.0)
(416.0,414.0)
(483.0,414.0)
(416.0,414.0)
(414.0,414.0)
(416.0,414.0)
(416.0,414.0)
(412.0,414.0)
(414.0,414.0)
(387.0,414.0)
(412.0,414.0)
(414.0,414.0)
(438.0,414.0)
(438.0,414.0)
(416.0,414.0)
(416.0,414.0)
(414.0,414.0)
(438.0,414.0)
(416.0,414.0)
(414.0,414.0)
(414.0,414.0)
(414.0,414.0)
(417.0,414.0)
(412.0,414.0)
(423.0,414.0)
(416.0,414.0)
(416.0,414.0)
(423.0,414.0)
(402.0,414.0)
(416.0,414.0)
(438.0,414.0)
(416.0,414.0)
(412.0,414.0)
(416.0,414.0)
(402.0,414.0)
(416.0,414.0)
(448.0,414.0)
(416.0,414.0)
(412.0,414.0)
(381.0,414.0)
(438.0,414.0)
(423.0,414.0)
(414.0,414.0)
(414.0,414.0)
(409.0,414.0)
(438.0,414.0)
(409.0,414.0)
(412.0,414.0)
(438.0,414.0)
(408.0,414.0)
(423.0,414.0)
(416.0,414.0)
(438.0,414.0)
(782.0,414.0)
(417.0,414.0)
(438.0,414.0)
(416.0,414.0)
(412.0,414.0)
(416.0,414.0)
(438.0,414.0)
(416.0,414.0)
(412.0,414.0)
(423.0,414.0)
(438.0,414.0)
(423.0,414.0)
(416.0,414.0)
(412.0,414.0)
(438.0,414.0)
(414.0,414.0)
(412.0,414.0)
(417.0,414.0)
(409.0,414.0)
(434.0,414.0)
(412.0,414.0)
(438.0,414.0)
(423.0,414.0)
(416.0,414.0)
(402.0,414.0)
(416.0,414.0)
(438.0,414.0)
(423.0,414.0)
(387.0,414.0)
(387.0,414.0)
(412.0,414.0)
(423.0,414.0)
(402.0,414.0)
(417.0,414.0)
(412.0,414.0)
(421.0,414.0)
(412.0,414.0)
(412.0,414.0)
(412.0,414.0)
(403.0,414.0)
(412.0,414.0)
(403.0,414.0)
(423.0,414.0)
(402.0,414.0)
(434.0,414.0)
(423.0,414.0)
(414.0,414.0)
(412.0,414.0)
(412.0,414.0)
(413.0,414.0)
(423.0,414.0)
(483.0,414.0)
(412.0,414.0)
(387.0,414.0)
(423.0,414.0)
(389.0,414.0)
(423.0,414.0)
(414.0,414.0)
(412.0,414.0)
(412.0,414.0)
(387.0,414.0)
(423.0,414.0)
(412.0,414.0)
(412.0,414.0)
(387.0,414.0)
(423.0,414.0)
(402.0,414.0)
(412.0,414.0)
(412.0,414.0)
(402.0,414.0)
(402.0,414.0)
(423.0,414.0)
(423.0,414.0)
(424.0,414.0)
(412.0,414.0)
(405.0,414.0)
(414.0,414.0)
(412.0,414.0)
(387.0,414.0)
(412.0,414.0)
(412.0,414.0)
(438.0,414.0)
(417.0,414.0)
(412.0,414.0)
(423.0,414.0)
(412.0,414.0)
(412.0,414.0)
(460.0,414.0)
(414.0,414.0)
(423.0,414.0)
(387.0,414.0)
(414.0,414.0)
(769.0,414.0)
(402.0,414.0)
(423.0,414.0)
(412.0,414.0)
(402.0,414.0)
(409.0,414.0)
(412.0,414.0)
(413.0,414.0)
(423.0,414.0)
(412.0,414.0)
(412.0,414.0)
(402.0,414.0)
(412.0,414.0)
(403.0,414.0)
(412.0,414.0)
(412.0,414.0)
(416.0,414.0)
(412.0,414.0)
(402.0,414.0)
(461.0,414.0)
