(394.0,788.0)
(424.0,788.0)
(448.0,788.0)
(394.0,788.0)
(394.0,788.0)
(421.0,788.0)
(448.0,788.0)
(392.0,788.0)
(394.0,788.0)
(788.0,788.0)
(367.0,788.0)
(448.0,788.0)
(394.0,788.0)
(386.0,788.0)
(391.0,788.0)
(386.0,788.0)
(397.0,788.0)
(788.0,788.0)
(394.0,788.0)
(386.0,788.0)
(391.0,788.0)
(397.0,788.0)
(386.0,788.0)
(448.0,788.0)
(424.0,788.0)
(448.0,788.0)
(448.0,788.0)
(394.0,788.0)
(381.0,788.0)
(390.0,788.0)
(448.0,788.0)
(413.0,788.0)
(386.0,788.0)
(447.0,788.0)
(788.0,788.0)
(471.0,788.0)
(391.0,788.0)
(461.0,788.0)
(394.0,788.0)
(397.0,788.0)
(471.0,788.0)
(394.0,788.0)
(394.0,788.0)
(448.0,788.0)
(390.0,788.0)
(448.0,788.0)
(448.0,788.0)
(448.0,788.0)
(424.0,788.0)
(471.0,788.0)
(391.0,788.0)
(448.0,788.0)
(394.0,788.0)
(471.0,788.0)
(391.0,788.0)
(391.0,788.0)
(367.0,788.0)
(448.0,788.0)
(413.0,788.0)
(398.0,788.0)
(381.0,788.0)
(390.0,788.0)
(471.0,788.0)
(436.0,788.0)
(394.0,788.0)
(417.0,788.0)
(394.0,788.0)
(424.0,788.0)
(394.0,788.0)
(448.0,788.0)
(394.0,788.0)
(448.0,788.0)
(759.0,788.0)
(440.0,788.0)
(392.0,788.0)
(759.0,788.0)
(464.0,788.0)
(440.0,788.0)
(464.0,788.0)
(464.0,788.0)
(448.0,788.0)
(464.0,788.0)
(440.0,788.0)
(464.0,788.0)
(464.0,788.0)
(464.0,788.0)
(464.0,788.0)
(440.0,788.0)
(398.0,788.0)
(440.0,788.0)
(464.0,788.0)
(440.0,788.0)
(448.0,788.0)
(759.0,788.0)
(759.0,788.0)
(467.0,788.0)
(759.0,788.0)
(440.0,788.0)
(798.0,788.0)
(788.0,788.0)
(440.0,788.0)
(448.0,788.0)
(440.0,788.0)
(761.0,788.0)
(448.0,788.0)
(15.0,788.0)
(398.0,788.0)
(440.0,788.0)
(448.0,788.0)
(467.0,788.0)
(464.0,788.0)
(464.0,788.0)
(798.0,788.0)
(464.0,788.0)
(440.0,788.0)
(798.0,788.0)
(788.0,788.0)
(440.0,788.0)
(798.0,788.0)
(440.0,788.0)
(398.0,788.0)
(761.0,788.0)
(398.0,788.0)
(759.0,788.0)
(440.0,788.0)
(393.0,788.0)
(464.0,788.0)
(448.0,788.0)
(464.0,788.0)
(398.0,788.0)
(759.0,788.0)
(464.0,788.0)
(464.0,788.0)
(440.0,788.0)
(759.0,788.0)
(440.0,788.0)
(448.0,788.0)
(440.0,788.0)
(798.0,788.0)
(428.0,788.0)
(440.0,788.0)
(788.0,788.0)
(448.0,788.0)
(759.0,788.0)
(464.0,788.0)
(440.0,788.0)
(440.0,788.0)
(448.0,788.0)
(440.0,788.0)
(759.0,788.0)
(464.0,788.0)
(440.0,788.0)
(440.0,788.0)
(428.0,788.0)
(448.0,788.0)
(448.0,788.0)
(464.0,788.0)
(759.0,788.0)
(464.0,788.0)
(464.0,788.0)
(464.0,788.0)
(759.0,788.0)
(391.0,788.0)
(464.0,788.0)
(783.0,788.0)
(440.0,788.0)
(440.0,788.0)
(440.0,788.0)
(440.0,788.0)
(759.0,788.0)
(436.0,788.0)
(440.0,788.0)
(798.0,788.0)
(464.0,788.0)
(464.0,788.0)
(440.0,788.0)
(440.0,788.0)
(440.0,788.0)
(464.0,788.0)
(798.0,788.0)
(464.0,788.0)
(798.0,788.0)
(440.0,788.0)
(440.0,788.0)
(464.0,788.0)
(440.0,788.0)
(440.0,788.0)
(440.0,788.0)
(440.0,788.0)
(798.0,788.0)
(440.0,788.0)
(788.0,788.0)
(440.0,788.0)
(759.0,788.0)
(448.0,788.0)
(464.0,788.0)
(440.0,788.0)
(440.0,788.0)
(448.0,788.0)
(464.0,788.0)
(448.0,788.0)
(759.0,788.0)
(448.0,788.0)
(759.0,788.0)
(761.0,788.0)
(771.0,788.0)
(798.0,788.0)
(381.0,788.0)
(440.0,788.0)
(398.0,788.0)
(798.0,788.0)
(771.0,788.0)
(436.0,788.0)
(464.0,788.0)
(440.0,788.0)
(440.0,788.0)
(464.0,788.0)
(440.0,788.0)
(448.0,788.0)
(448.0,788.0)
(398.0,788.0)
(440.0,788.0)
(464.0,788.0)
(798.0,788.0)
(798.0,788.0)
(440.0,788.0)
(759.0,788.0)
(440.0,788.0)
(398.0,788.0)
(464.0,788.0)
(440.0,788.0)
(798.0,788.0)
(440.0,788.0)
(798.0,788.0)
(464.0,788.0)
(398.0,788.0)
(464.0,788.0)
(440.0,788.0)
(440.0,788.0)
(759.0,788.0)
(798.0,788.0)
(440.0,788.0)
(448.0,788.0)
(759.0,788.0)
(759.0,788.0)
(798.0,788.0)
(440.0,788.0)
(391.0,788.0)
(759.0,788.0)
(759.0,788.0)
(440.0,788.0)
(783.0,788.0)
(798.0,788.0)
(440.0,788.0)
(798.0,788.0)
(788.0,788.0)
(798.0,788.0)
(464.0,788.0)
(464.0,788.0)
(788.0,788.0)
(464.0,788.0)
(398.0,788.0)
(384.0,788.0)
(479.0,788.0)
(391.0,788.0)
(761.0,788.0)
(381.0,788.0)
(788.0,788.0)
(381.0,788.0)
(483.0,788.0)
(391.0,788.0)
(759.0,788.0)
(467.0,788.0)
(391.0,788.0)
(436.0,788.0)
(759.0,788.0)
(788.0,788.0)
(464.0,788.0)
(464.0,788.0)
(459.0,788.0)
(381.0,788.0)
(386.0,788.0)
(452.0,788.0)
(381.0,788.0)
(391.0,788.0)
(381.0,788.0)
(468.0,788.0)
(381.0,788.0)
(788.0,788.0)
(788.0,788.0)
(471.0,788.0)
(391.0,788.0)
(381.0,788.0)
(745.0,788.0)
(381.0,788.0)
(754.0,788.0)
(381.0,788.0)
(440.0,788.0)
(452.0,788.0)
(381.0,788.0)
(381.0,788.0)
(393.0,788.0)
(381.0,788.0)
(391.0,788.0)
(381.0,788.0)
(391.0,788.0)
(471.0,788.0)
(771.0,788.0)
(757.0,788.0)
(388.0,788.0)
(381.0,788.0)
(381.0,788.0)
(391.0,788.0)
(788.0,788.0)
(803.0,788.0)
(398.0,788.0)
(381.0,788.0)
(440.0,788.0)
(381.0,788.0)
(381.0,788.0)
(391.0,788.0)
(381.0,788.0)
(479.0,788.0)
(749.0,788.0)
(381.0,788.0)
(759.0,788.0)
(471.0,788.0)
(391.0,788.0)
(440.0,788.0)
(759.0,788.0)
(381.0,788.0)
(440.0,788.0)
(381.0,788.0)
(455.0,788.0)
(392.0,788.0)
(381.0,788.0)
(381.0,788.0)
(381.0,788.0)
(759.0,788.0)
(381.0,788.0)
(381.0,788.0)
(788.0,788.0)
(381.0,788.0)
(391.0,788.0)
(381.0,788.0)
(759.0,788.0)
(771.0,788.0)
(771.0,788.0)
(381.0,788.0)
(393.0,788.0)
(381.0,788.0)
(391.0,788.0)
(381.0,788.0)
(457.0,788.0)
(391.0,788.0)
(391.0,788.0)
(468.0,788.0)
(381.0,788.0)
(440.0,788.0)
(447.0,788.0)
(448.0,788.0)
(788.0,788.0)
(381.0,788.0)
(391.0,788.0)
(391.0,788.0)
(398.0,788.0)
(803.0,788.0)
(440.0,788.0)
(381.0,788.0)
(422.0,788.0)
(381.0,788.0)
(471.0,788.0)
(391.0,788.0)
(759.0,788.0)
(788.0,788.0)
(788.0,788.0)
(381.0,788.0)
(391.0,788.0)
(448.0,788.0)
(381.0,788.0)
(391.0,788.0)
(381.0,788.0)
(381.0,788.0)
(391.0,788.0)
(393.0,788.0)
(440.0,788.0)
(464.0,788.0)
(757.0,788.0)
(467.0,788.0)
(391.0,788.0)
(757.0,788.0)
(391.0,788.0)
(393.0,788.0)
(381.0,788.0)
(381.0,788.0)
(459.0,788.0)
(788.0,788.0)
(467.0,788.0)
(759.0,788.0)
(391.0,788.0)
(391.0,788.0)
(381.0,788.0)
(391.0,788.0)
(393.0,788.0)
(391.0,788.0)
(381.0,788.0)
(386.0,788.0)
(381.0,788.0)
(464.0,788.0)
(381.0,788.0)
(759.0,788.0)
(381.0,788.0)
(759.0,788.0)
(381.0,788.0)
(381.0,788.0)
(448.0,788.0)
(440.0,788.0)
(381.0,788.0)
(381.0,788.0)
(391.0,788.0)
(391.0,788.0)
(803.0,788.0)
(467.0,788.0)
(452.0,788.0)
(417.0,788.0)
(788.0,788.0)
(381.0,788.0)
(381.0,788.0)
(467.0,788.0)
(391.0,788.0)
(447.0,788.0)
(391.0,788.0)
(788.0,788.0)
(381.0,788.0)
(393.0,788.0)
(386.0,788.0)
(381.0,788.0)
(757.0,788.0)
(783.0,788.0)
(757.0,788.0)
(381.0,788.0)
(381.0,788.0)
(381.0,788.0)
(467.0,788.0)
(759.0,788.0)
(798.0,788.0)
(381.0,788.0)
(391.0,788.0)
(422.0,788.0)
(391.0,788.0)
(391.0,788.0)
(391.0,788.0)
(440.0,788.0)
(350.0,788.0)
(381.0,788.0)
(789.0,789.0)
(434.0,789.0)
(789.0,789.0)
(430.0,789.0)
(430.0,789.0)
(756.0,789.0)
(756.0,789.0)
(479.0,789.0)
(403.0,789.0)
(455.0,789.0)
(386.0,789.0)
(789.0,789.0)
(387.0,789.0)
(409.0,789.0)
(424.0,789.0)
(789.0,789.0)
(391.0,789.0)
(430.0,789.0)
(789.0,789.0)
(412.0,789.0)
(387.0,789.0)
(771.0,789.0)
(403.0,789.0)
(391.0,789.0)
(471.0,789.0)
(738.0,789.0)
(789.0,789.0)
(382.0,789.0)
(789.0,789.0)
(423.0,789.0)
(403.0,789.0)
(459.0,789.0)
(403.0,789.0)
(387.0,789.0)
(354.0,789.0)
(402.0,789.0)
(403.0,789.0)
(409.0,789.0)
(403.0,789.0)
(403.0,789.0)
(789.0,789.0)
(403.0,789.0)
(386.0,789.0)
(391.0,789.0)
(403.0,789.0)
(789.0,789.0)
(423.0,789.0)
(789.0,789.0)
(430.0,789.0)
(789.0,789.0)
(471.0,789.0)
(403.0,789.0)
(417.0,789.0)
(755.0,789.0)
(471.0,789.0)
(403.0,789.0)
(417.0,789.0)
(789.0,789.0)
(387.0,789.0)
(459.0,789.0)
(403.0,789.0)
(417.0,789.0)
(789.0,789.0)
(403.0,789.0)
(368.0,789.0)
(403.0,789.0)
(787.0,789.0)
(382.0,789.0)
(417.0,789.0)
(471.0,789.0)
(789.0,789.0)
(387.0,789.0)
(756.0,789.0)
(414.0,789.0)
(403.0,789.0)
(403.0,789.0)
(403.0,789.0)
(412.0,789.0)
(417.0,789.0)
(417.0,789.0)
(386.0,789.0)
(417.0,789.0)
(403.0,789.0)
(471.0,789.0)
(409.0,789.0)
(403.0,789.0)
(403.0,789.0)
(417.0,789.0)
(448.0,789.0)
(459.0,789.0)
(738.0,789.0)
(403.0,789.0)
(789.0,789.0)
(403.0,789.0)
(479.0,789.0)
(421.0,789.0)
(417.0,789.0)
(409.0,789.0)
(789.0,789.0)
(403.0,789.0)
(417.0,789.0)
(471.0,789.0)
(471.0,789.0)
(402.0,789.0)
(757.0,789.0)
(409.0,789.0)
(417.0,789.0)
(421.0,789.0)
(424.0,789.0)
(471.0,789.0)
(471.0,789.0)
(386.0,789.0)
(757.0,789.0)
(789.0,789.0)
(755.0,789.0)
(789.0,789.0)
(789.0,789.0)
(789.0,789.0)
(409.0,789.0)
(430.0,789.0)
(789.0,789.0)
(459.0,789.0)
(403.0,789.0)
(448.0,789.0)
(403.0,789.0)
(409.0,789.0)
(789.0,789.0)
(459.0,789.0)
(399.0,789.0)
(430.0,789.0)
(400.0,789.0)
(417.0,789.0)
(421.0,789.0)
(400.0,789.0)
(789.0,789.0)
(403.0,789.0)
(757.0,789.0)
(756.0,789.0)
(403.0,789.0)
(430.0,789.0)
(417.0,789.0)
(789.0,789.0)
(459.0,789.0)
(471.0,789.0)
(459.0,789.0)
(789.0,789.0)
(789.0,789.0)
(447.0,789.0)
(789.0,789.0)
(479.0,789.0)
(434.0,789.0)
(389.0,789.0)
(403.0,789.0)
(789.0,789.0)
(386.0,789.0)
(417.0,789.0)
(417.0,789.0)
(789.0,789.0)
(403.0,789.0)
(409.0,789.0)
(382.0,789.0)
(789.0,789.0)
(459.0,789.0)
(471.0,789.0)
(417.0,789.0)
(782.0,789.0)
(387.0,789.0)
(430.0,789.0)
(789.0,789.0)
(459.0,789.0)
(424.0,789.0)
(459.0,789.0)
(403.0,789.0)
(789.0,789.0)
(756.0,789.0)
(427.0,789.0)
(459.0,789.0)
(417.0,789.0)
(771.0,789.0)
(757.0,789.0)
(399.0,789.0)
(789.0,789.0)
(459.0,789.0)
(403.0,789.0)
(789.0,789.0)
(771.0,789.0)
(789.0,789.0)
(424.0,789.0)
(403.0,789.0)
(417.0,789.0)
(409.0,789.0)
(403.0,789.0)
(403.0,789.0)
(789.0,789.0)
(789.0,789.0)
(789.0,789.0)
(459.0,789.0)
(417.0,789.0)
(789.0,789.0)
(387.0,789.0)
(409.0,789.0)
(408.0,789.0)
(430.0,789.0)
(789.0,789.0)
(386.0,789.0)
(417.0,789.0)
(471.0,789.0)
(789.0,789.0)
(459.0,789.0)
(403.0,789.0)
(403.0,789.0)
(483.0,789.0)
(756.0,789.0)
(471.0,789.0)
(386.0,789.0)
(403.0,789.0)
(789.0,789.0)
(391.0,789.0)
(417.0,789.0)
(387.0,789.0)
(386.0,789.0)
(770.0,789.0)
(386.0,789.0)
(382.0,789.0)
(409.0,789.0)
(756.0,789.0)
(430.0,789.0)
(430.0,789.0)
(406.0,789.0)
(789.0,789.0)
(409.0,789.0)
(387.0,789.0)
(459.0,789.0)
(789.0,789.0)
(787.0,789.0)
(403.0,789.0)
(430.0,789.0)
(382.0,789.0)
(412.0,789.0)
(430.0,789.0)
(461.0,789.0)
(403.0,789.0)
(430.0,789.0)
(471.0,789.0)
(410.0,789.0)
(417.0,789.0)
(771.0,789.0)
(409.0,789.0)
(403.0,789.0)
(403.0,789.0)
(471.0,789.0)
(789.0,789.0)
(417.0,789.0)
(417.0,789.0)
(459.0,789.0)
(756.0,789.0)
(789.0,789.0)
(789.0,789.0)
(789.0,789.0)
(404.0,789.0)
(770.0,789.0)
(471.0,789.0)
(438.0,789.0)
(789.0,789.0)
(789.0,789.0)
(417.0,789.0)
(789.0,789.0)
(459.0,789.0)
(386.0,789.0)
(403.0,789.0)
(398.0,789.0)
(459.0,789.0)
(387.0,789.0)
(789.0,789.0)
(386.0,789.0)
(417.0,789.0)
(409.0,789.0)
(789.0,789.0)
(789.0,789.0)
(471.0,789.0)
(417.0,789.0)
(403.0,789.0)
(386.0,789.0)
(789.0,789.0)
(409.0,789.0)
(459.0,789.0)
(430.0,789.0)
(427.0,789.0)
(789.0,789.0)
(416.0,789.0)
(770.0,789.0)
(430.0,789.0)
(471.0,789.0)
(430.0,789.0)
(403.0,789.0)
(403.0,789.0)
(382.0,789.0)
(459.0,789.0)
(386.0,789.0)
(786.0,789.0)
(417.0,789.0)
(386.0,789.0)
(756.0,789.0)
(430.0,789.0)
(403.0,789.0)
(471.0,789.0)
(423.0,789.0)
(386.0,789.0)
(403.0,789.0)
(789.0,789.0)
(471.0,789.0)
(417.0,789.0)
(483.0,789.0)
(417.0,789.0)
(386.0,789.0)
(387.0,789.0)
(387.0,789.0)
(430.0,789.0)
(386.0,789.0)
(789.0,789.0)
(361.0,789.0)
(386.0,789.0)
(417.0,789.0)
(789.0,789.0)
(389.0,789.0)
(412.0,789.0)
(389.0,789.0)
(459.0,789.0)
(403.0,789.0)
(789.0,789.0)
(417.0,789.0)
(403.0,789.0)
(790.0,789.0)
(459.0,789.0)
(422.0,789.0)
(399.0,789.0)
(417.0,789.0)
(417.0,789.0)
(403.0,789.0)
(387.0,789.0)
(471.0,789.0)
(479.0,789.0)
(479.0,789.0)
(408.0,789.0)
(789.0,789.0)
(459.0,789.0)
(784.0,789.0)
(471.0,789.0)
(403.0,789.0)
(459.0,789.0)
(789.0,789.0)
(756.0,789.0)
(789.0,789.0)
(403.0,789.0)
(471.0,789.0)
(417.0,789.0)
(430.0,789.0)
(448.0,789.0)
(771.0,789.0)
(403.0,789.0)
(391.0,789.0)
(417.0,789.0)
(471.0,789.0)
(403.0,789.0)
(417.0,789.0)
(756.0,789.0)
(430.0,789.0)
(430.0,789.0)
(471.0,789.0)
(409.0,789.0)
(789.0,789.0)
(403.0,789.0)
(382.0,789.0)
(471.0,789.0)
(417.0,789.0)
(789.0,789.0)
(403.0,789.0)
(403.0,789.0)
(789.0,789.0)
(789.0,789.0)
(756.0,789.0)
(386.0,789.0)
(430.0,789.0)
(459.0,789.0)
(403.0,789.0)
(789.0,789.0)
(382.0,789.0)
(391.0,789.0)
(479.0,789.0)
(455.0,789.0)
(757.0,789.0)
(789.0,789.0)
(432.0,789.0)
(789.0,789.0)
(479.0,789.0)
(471.0,789.0)
(386.0,789.0)
(408.0,789.0)
(391.0,789.0)
(471.0,789.0)
(400.0,789.0)
(757.0,789.0)
(459.0,789.0)
(448.0,789.0)
(459.0,789.0)
(459.0,789.0)
(789.0,789.0)
(789.0,789.0)
(459.0,789.0)
(757.0,789.0)
(479.0,789.0)
(471.0,789.0)
(459.0,789.0)
(479.0,789.0)
(382.0,789.0)
(417.0,789.0)
(471.0,789.0)
(789.0,789.0)
(389.0,789.0)
(382.0,789.0)
(789.0,789.0)
(479.0,789.0)
(423.0,789.0)
(789.0,789.0)
(471.0,789.0)
(414.0,789.0)
(417.0,789.0)
(459.0,789.0)
(400.0,789.0)
(391.0,789.0)
(424.0,789.0)
(403.0,789.0)
(754.0,789.0)
(414.0,789.0)
(471.0,789.0)
(403.0,789.0)
(756.0,789.0)
(483.0,789.0)
(382.0,789.0)
(757.0,789.0)
(479.0,789.0)
(789.0,789.0)
(789.0,789.0)
(386.0,789.0)
(461.0,789.0)
(789.0,789.0)
(402.0,789.0)
(406.0,789.0)
(387.0,789.0)
(459.0,789.0)
(757.0,789.0)
(757.0,789.0)
(403.0,789.0)
(382.0,789.0)
(417.0,789.0)
(789.0,789.0)
(417.0,789.0)
(757.0,789.0)
(459.0,789.0)
(354.0,789.0)
(427.0,789.0)
(386.0,789.0)
(757.0,789.0)
(409.0,789.0)
(417.0,789.0)
(386.0,789.0)
(789.0,789.0)
(757.0,789.0)
(382.0,789.0)
(757.0,789.0)
(386.0,789.0)
(757.0,789.0)
(757.0,789.0)
(789.0,789.0)
(459.0,789.0)
(789.0,789.0)
(757.0,789.0)
(459.0,789.0)
(757.0,789.0)
(382.0,789.0)
(432.0,789.0)
(364.0,789.0)
(459.0,789.0)
(789.0,789.0)
(471.0,789.0)
(403.0,789.0)
(459.0,789.0)
(448.0,789.0)
(448.0,789.0)
(459.0,789.0)
(438.0,789.0)
(403.0,789.0)
(756.0,789.0)
(789.0,789.0)
(448.0,789.0)
(448.0,789.0)
(379.0,789.0)
(459.0,789.0)
(479.0,789.0)
(459.0,789.0)
(368.0,789.0)
(407.0,789.0)
(770.0,789.0)
(459.0,789.0)
(459.0,789.0)
(479.0,789.0)
(386.0,789.0)
(382.0,789.0)
(757.0,789.0)
(459.0,789.0)
(789.0,789.0)
(459.0,789.0)
(789.0,789.0)
(479.0,789.0)
(407.0,789.0)
(447.0,789.0)
(789.0,789.0)
(398.0,789.0)
(406.0,789.0)
(757.0,789.0)
(757.0,789.0)
(386.0,789.0)
(789.0,789.0)
(756.0,789.0)
(789.0,789.0)
(417.0,789.0)
(417.0,789.0)
(401.0,789.0)
(757.0,789.0)
(459.0,789.0)
(364.0,789.0)
(386.0,789.0)
(409.0,789.0)
(447.0,789.0)
(757.0,789.0)
(479.0,789.0)
(382.0,789.0)
(430.0,789.0)
(386.0,789.0)
(409.0,789.0)
(757.0,789.0)
(479.0,789.0)
(789.0,789.0)
(417.0,789.0)
(757.0,789.0)
(382.0,789.0)
(459.0,789.0)
(459.0,789.0)
(386.0,789.0)
(789.0,789.0)
(448.0,789.0)
(386.0,789.0)
(789.0,789.0)
(459.0,789.0)
(789.0,789.0)
(757.0,789.0)
(447.0,789.0)
(397.0,789.0)
(757.0,789.0)
(417.0,789.0)
(459.0,789.0)
(354.0,789.0)
(368.0,789.0)
(479.0,789.0)
(386.0,789.0)
(431.0,789.0)
(479.0,789.0)
(403.0,789.0)
(757.0,789.0)
(387.0,789.0)
(459.0,789.0)
(414.0,789.0)
(403.0,789.0)
(459.0,789.0)
(459.0,789.0)
(459.0,789.0)
(789.0,789.0)
(757.0,789.0)
(757.0,789.0)
(435.0,789.0)
(379.0,789.0)
(757.0,789.0)
(386.0,789.0)
(471.0,789.0)
(417.0,789.0)
(789.0,789.0)
(430.0,789.0)
(459.0,789.0)
(386.0,789.0)
(409.0,789.0)
(789.0,789.0)
(386.0,789.0)
(789.0,789.0)
(789.0,789.0)
(387.0,789.0)
(403.0,789.0)
(403.0,789.0)
(479.0,789.0)
(403.0,789.0)
(789.0,789.0)
(403.0,789.0)
(403.0,789.0)
(403.0,789.0)
(754.0,789.0)
(789.0,789.0)
(403.0,789.0)
(381.0,789.0)
(409.0,789.0)
(403.0,789.0)
(403.0,789.0)
(399.0,789.0)
(789.0,789.0)
(459.0,789.0)
(386.0,789.0)
(417.0,789.0)
(412.0,789.0)
(789.0,789.0)
(757.0,789.0)
(789.0,789.0)
(459.0,789.0)
(783.0,789.0)
(430.0,789.0)
(430.0,789.0)
(387.0,789.0)
(416.0,789.0)
(789.0,789.0)
(412.0,789.0)
(403.0,789.0)
(448.0,789.0)
(430.0,789.0)
(403.0,789.0)
(403.0,789.0)
(789.0,789.0)
(409.0,789.0)
(391.0,789.0)
(789.0,789.0)
(789.0,789.0)
(784.0,789.0)
(386.0,789.0)
(403.0,789.0)
(409.0,789.0)
(403.0,789.0)
(789.0,789.0)
(789.0,789.0)
(403.0,789.0)
(391.0,789.0)
(386.0,789.0)
(403.0,789.0)
(403.0,789.0)
(403.0,789.0)
(417.0,789.0)
(430.0,789.0)
(789.0,789.0)
(459.0,789.0)
(412.0,789.0)
(417.0,789.0)
(403.0,789.0)
(459.0,789.0)
(386.0,789.0)
(430.0,789.0)
(403.0,789.0)
(417.0,789.0)
(403.0,789.0)
(403.0,789.0)
(386.0,789.0)
(771.0,789.0)
(417.0,789.0)
(421.0,789.0)
(403.0,789.0)
(403.0,789.0)
(417.0,789.0)
(459.0,789.0)
(754.0,789.0)
(789.0,789.0)
(471.0,789.0)
(391.0,789.0)
(471.0,789.0)
(403.0,789.0)
(423.0,789.0)
(409.0,789.0)
(789.0,789.0)
(802.0,789.0)
(789.0,789.0)
(386.0,789.0)
(459.0,789.0)
(391.0,789.0)
(789.0,789.0)
(789.0,789.0)
(471.0,789.0)
(430.0,789.0)
(789.0,789.0)
(417.0,789.0)
(412.0,789.0)
(459.0,789.0)
(403.0,789.0)
(789.0,789.0)
(483.0,789.0)
(789.0,789.0)
(789.0,789.0)
(417.0,789.0)
(403.0,789.0)
(430.0,789.0)
(412.0,789.0)
(789.0,789.0)
(417.0,789.0)
(403.0,789.0)
(403.0,789.0)
(789.0,789.0)
(386.0,789.0)
(412.0,789.0)
(403.0,789.0)
(459.0,789.0)
(382.0,789.0)
(471.0,789.0)
(789.0,789.0)
(789.0,789.0)
(459.0,789.0)
(789.0,789.0)
(789.0,789.0)
(417.0,789.0)
(391.0,789.0)
(412.0,789.0)
(479.0,789.0)
(471.0,789.0)
(409.0,789.0)
(771.0,789.0)
(403.0,789.0)
(409.0,789.0)
(403.0,789.0)
(403.0,789.0)
(471.0,789.0)
(789.0,789.0)
(789.0,789.0)
(409.0,789.0)
(410.0,789.0)
(789.0,789.0)
(452.0,789.0)
(789.0,789.0)
(386.0,789.0)
(417.0,789.0)
(789.0,789.0)
(403.0,789.0)
(479.0,789.0)
(403.0,789.0)
(789.0,789.0)
(386.0,789.0)
(413.0,789.0)
(391.0,789.0)
(412.0,789.0)
(403.0,789.0)
(386.0,789.0)
(403.0,789.0)
(789.0,789.0)
(403.0,789.0)
(756.0,789.0)
(459.0,789.0)
(387.0,789.0)
(409.0,789.0)
(459.0,789.0)
(399.0,789.0)
(424.0,789.0)
(391.0,789.0)
(391.0,789.0)
(789.0,789.0)
(479.0,789.0)
(789.0,789.0)
(430.0,789.0)
(387.0,789.0)
(412.0,789.0)
(409.0,789.0)
(423.0,789.0)
(403.0,789.0)
(412.0,789.0)
(430.0,789.0)
(483.0,789.0)
(417.0,789.0)
(789.0,789.0)
(459.0,789.0)
(460.0,438.0)
(388.0,438.0)
(412.0,438.0)
(402.0,438.0)
(438.0,438.0)
(438.0,438.0)
(388.0,438.0)
(460.0,438.0)
(438.0,438.0)
(410.0,438.0)
(458.0,438.0)
(399.0,438.0)
(417.0,438.0)
(763.0,438.0)
(424.0,438.0)
(409.0,438.0)
(460.0,438.0)
(423.0,438.0)
(424.0,438.0)
(388.0,438.0)
(424.0,438.0)
(798.0,438.0)
(460.0,438.0)
(771.0,438.0)
(424.0,438.0)
(429.0,438.0)
(438.0,438.0)
(763.0,438.0)
(399.0,438.0)
(438.0,438.0)
(438.0,438.0)
(464.0,438.0)
(387.0,438.0)
(771.0,438.0)
(763.0,438.0)
(438.0,438.0)
(387.0,438.0)
(410.0,438.0)
(430.0,438.0)
(460.0,438.0)
(798.0,438.0)
(438.0,438.0)
(438.0,438.0)
(388.0,438.0)
(460.0,438.0)
(399.0,438.0)
(399.0,438.0)
(438.0,438.0)
(763.0,438.0)
(421.0,438.0)
(388.0,438.0)
(438.0,438.0)
(424.0,438.0)
(438.0,438.0)
(421.0,438.0)
(421.0,438.0)
(448.0,438.0)
(387.0,438.0)
(424.0,438.0)
(438.0,438.0)
(438.0,438.0)
(438.0,438.0)
(417.0,438.0)
(438.0,438.0)
(438.0,438.0)
(387.0,438.0)
(403.0,438.0)
(424.0,438.0)
(389.0,438.0)
(424.0,438.0)
(388.0,438.0)
(763.0,438.0)
(409.0,438.0)
(424.0,438.0)
(402.0,438.0)
(399.0,438.0)
(763.0,438.0)
(782.0,438.0)
(763.0,438.0)
(386.0,438.0)
(438.0,438.0)
(428.0,438.0)
(757.0,438.0)
(460.0,438.0)
(421.0,438.0)
(387.0,438.0)
(391.0,438.0)
(438.0,438.0)
(402.0,438.0)
(438.0,438.0)
(424.0,438.0)
(410.0,438.0)
(393.0,438.0)
(763.0,438.0)
(757.0,438.0)
(388.0,438.0)
(757.0,438.0)
(399.0,438.0)
(438.0,438.0)
(424.0,438.0)
(438.0,438.0)
(438.0,438.0)
(438.0,438.0)
(386.0,438.0)
(429.0,438.0)
(461.0,438.0)
(410.0,438.0)
(438.0,438.0)
(391.0,438.0)
(438.0,438.0)
(416.0,438.0)
(438.0,438.0)
(424.0,438.0)
(386.0,438.0)
(409.0,438.0)
(438.0,438.0)
(460.0,438.0)
(402.0,438.0)
(399.0,438.0)
(763.0,438.0)
(438.0,438.0)
(386.0,438.0)
(438.0,438.0)
(763.0,438.0)
(438.0,438.0)
(438.0,438.0)
(403.0,438.0)
(429.0,438.0)
(460.0,438.0)
(388.0,438.0)
(438.0,438.0)
(798.0,438.0)
(402.0,438.0)
(410.0,438.0)
(438.0,438.0)
(438.0,438.0)
(386.0,438.0)
(438.0,438.0)
(387.0,438.0)
(399.0,438.0)
(386.0,438.0)
(438.0,438.0)
(386.0,438.0)
(398.0,438.0)
(434.0,438.0)
(388.0,438.0)
(479.0,438.0)
(763.0,438.0)
(389.0,438.0)
(412.0,438.0)
(403.0,438.0)
(416.0,438.0)
(388.0,438.0)
(388.0,438.0)
(424.0,438.0)
(387.0,438.0)
(438.0,438.0)
(403.0,438.0)
(391.0,438.0)
(461.0,438.0)
(391.0,438.0)
(391.0,438.0)
(438.0,438.0)
(763.0,438.0)
(399.0,438.0)
(399.0,438.0)
(410.0,438.0)
(398.0,438.0)
(416.0,438.0)
(784.0,438.0)
(438.0,438.0)
(388.0,438.0)
(416.0,438.0)
(783.0,438.0)
(388.0,438.0)
(460.0,438.0)
(388.0,438.0)
(802.0,438.0)
(399.0,438.0)
(460.0,438.0)
(413.0,438.0)
(438.0,438.0)
(388.0,438.0)
(409.0,438.0)
(417.0,438.0)
(387.0,438.0)
(388.0,438.0)
(387.0,438.0)
(438.0,438.0)
(399.0,438.0)
(460.0,438.0)
(460.0,438.0)
(388.0,438.0)
(400.0,438.0)
(763.0,438.0)
(388.0,438.0)
(421.0,438.0)
(438.0,438.0)
(466.0,438.0)
(438.0,438.0)
(464.0,438.0)
(402.0,438.0)
(438.0,438.0)
(438.0,438.0)
(438.0,438.0)
(402.0,438.0)
(757.0,438.0)
(438.0,438.0)
(424.0,438.0)
(402.0,438.0)
(438.0,438.0)
(762.0,438.0)
(423.0,438.0)
(438.0,438.0)
(414.0,438.0)
(762.0,438.0)
(417.0,438.0)
(438.0,438.0)
(430.0,438.0)
(387.0,438.0)
(387.0,438.0)
(464.0,438.0)
(438.0,438.0)
(464.0,438.0)
(438.0,438.0)
(387.0,438.0)
(402.0,438.0)
(438.0,438.0)
(438.0,438.0)
(438.0,438.0)
(438.0,438.0)
(424.0,438.0)
(402.0,438.0)
(438.0,438.0)
(399.0,438.0)
(438.0,438.0)
(438.0,438.0)
(464.0,438.0)
(461.0,438.0)
(438.0,438.0)
(438.0,438.0)
(438.0,438.0)
(438.0,438.0)
(798.0,438.0)
(402.0,438.0)
(438.0,438.0)
(438.0,438.0)
(438.0,438.0)
(402.0,438.0)
(424.0,438.0)
(438.0,438.0)
(398.0,438.0)
(438.0,438.0)
(438.0,438.0)
(438.0,438.0)
(448.0,438.0)
(438.0,438.0)
(424.0,438.0)
(402.0,438.0)
(438.0,438.0)
(402.0,438.0)
(438.0,438.0)
(771.0,438.0)
(387.0,438.0)
(400.0,438.0)
(479.0,438.0)
(402.0,438.0)
(402.0,438.0)
(438.0,438.0)
(438.0,438.0)
(402.0,438.0)
(402.0,438.0)
(438.0,438.0)
(438.0,438.0)
(402.0,438.0)
(438.0,438.0)
(438.0,438.0)
(438.0,438.0)
(438.0,438.0)
(387.0,438.0)
(438.0,438.0)
(402.0,438.0)
(389.0,438.0)
(414.0,438.0)
(464.0,438.0)
(438.0,438.0)
(387.0,438.0)
(398.0,438.0)
(438.0,438.0)
(438.0,438.0)
(438.0,438.0)
(402.0,438.0)
(402.0,438.0)
(438.0,438.0)
(438.0,438.0)
(424.0,438.0)
(771.0,438.0)
(438.0,438.0)
(387.0,438.0)
(438.0,438.0)
(402.0,438.0)
(461.0,438.0)
(387.0,438.0)
(423.0,438.0)
(438.0,438.0)
(438.0,438.0)
(402.0,438.0)
(387.0,438.0)
(438.0,438.0)
(438.0,438.0)
(438.0,438.0)
(464.0,438.0)
(438.0,438.0)
(402.0,438.0)
(438.0,438.0)
(438.0,438.0)
(424.0,438.0)
(438.0,438.0)
(402.0,438.0)
(402.0,438.0)
(438.0,438.0)
(387.0,438.0)
(438.0,438.0)
(389.0,438.0)
(403.0,438.0)
(402.0,438.0)
(438.0,438.0)
(438.0,438.0)
(438.0,438.0)
(759.0,438.0)
(438.0,438.0)
(479.0,438.0)
(438.0,438.0)
(402.0,438.0)
(438.0,438.0)
(438.0,438.0)
(387.0,438.0)
(387.0,438.0)
(464.0,438.0)
(414.0,438.0)
(409.0,438.0)
(409.0,438.0)
(409.0,438.0)
(387.0,438.0)
(409.0,438.0)
(402.0,438.0)
(387.0,438.0)
(402.0,438.0)
(438.0,438.0)
(387.0,438.0)
(384.0,438.0)
(438.0,438.0)
(438.0,438.0)
(423.0,438.0)
(386.0,438.0)
(464.0,438.0)
(423.0,438.0)
(399.0,438.0)
(438.0,438.0)
(438.0,438.0)
(402.0,438.0)
(438.0,438.0)
(438.0,438.0)
(410.0,438.0)
(461.0,438.0)
(438.0,438.0)
(438.0,438.0)
(384.0,438.0)
(464.0,438.0)
(438.0,438.0)
(438.0,438.0)
(464.0,438.0)
(402.0,438.0)
(402.0,438.0)
(762.0,438.0)
(460.0,438.0)
(438.0,438.0)
(438.0,438.0)
(438.0,438.0)
(464.0,438.0)
(438.0,438.0)
(402.0,438.0)
(438.0,438.0)
(402.0,438.0)
(464.0,438.0)
(464.0,438.0)
(423.0,438.0)
(438.0,438.0)
(402.0,438.0)
(402.0,438.0)
(438.0,438.0)
(771.0,438.0)
(438.0,438.0)
(438.0,438.0)
(402.0,438.0)
(388.0,438.0)
(471.0,438.0)
(438.0,438.0)
(438.0,438.0)
(388.0,438.0)
(424.0,438.0)
(386.0,438.0)
(466.0,438.0)
(399.0,438.0)
(438.0,438.0)
(402.0,438.0)
(483.0,438.0)
(438.0,438.0)
(438.0,438.0)
(771.0,438.0)
(438.0,438.0)
(438.0,438.0)
(438.0,438.0)
(464.0,438.0)
(438.0,438.0)
(388.0,438.0)
(438.0,438.0)
(464.0,438.0)
(438.0,438.0)
(438.0,438.0)
(782.0,438.0)
(389.0,438.0)
(402.0,438.0)
(460.0,438.0)
(438.0,438.0)
(398.0,438.0)
(417.0,438.0)
(399.0,438.0)
(438.0,438.0)
(479.0,438.0)
(399.0,438.0)
(388.0,438.0)
(386.0,438.0)
(460.0,438.0)
(399.0,438.0)
(438.0,438.0)
(771.0,438.0)
(464.0,438.0)
(438.0,438.0)
(438.0,438.0)
(759.0,438.0)
(387.0,438.0)
(438.0,438.0)
(402.0,438.0)
(438.0,438.0)
(388.0,438.0)
(448.0,438.0)
(782.0,438.0)
(428.0,438.0)
(424.0,438.0)
(424.0,438.0)
(771.0,438.0)
(782.0,438.0)
(398.0,438.0)
(402.0,438.0)
(398.0,438.0)
(438.0,438.0)
(387.0,438.0)
(438.0,438.0)
(460.0,438.0)
(798.0,438.0)
(424.0,438.0)
(388.0,438.0)
(438.0,438.0)
(424.0,438.0)
(402.0,438.0)
(399.0,438.0)
(387.0,438.0)
(399.0,438.0)
(402.0,438.0)
(409.0,438.0)
(438.0,438.0)
(402.0,438.0)
(375.0,438.0)
(399.0,438.0)
(381.0,438.0)
(438.0,438.0)
(416.0,438.0)
(464.0,438.0)
(483.0,438.0)
(388.0,438.0)
(438.0,438.0)
(387.0,438.0)
(438.0,438.0)
(464.0,438.0)
(434.0,438.0)
(759.0,438.0)
(417.0,438.0)
(388.0,438.0)
(438.0,438.0)
(438.0,438.0)
(519.0,438.0)
(409.0,438.0)
(399.0,438.0)
(410.0,438.0)
(759.0,438.0)
(464.0,438.0)
(460.0,438.0)
(461.0,438.0)
(460.0,438.0)
(399.0,438.0)
(438.0,438.0)
(438.0,438.0)
(402.0,438.0)
(402.0,438.0)
(438.0,438.0)
(424.0,438.0)
(438.0,438.0)
(438.0,438.0)
(386.0,438.0)
(402.0,438.0)
(771.0,438.0)
(438.0,438.0)
(438.0,438.0)
(402.0,438.0)
(783.0,438.0)
(402.0,438.0)
(438.0,438.0)
(438.0,438.0)
(410.0,438.0)
(399.0,438.0)
(424.0,438.0)
(438.0,438.0)
(438.0,438.0)
(387.0,438.0)
(464.0,438.0)
(398.0,438.0)
(467.0,438.0)
(438.0,438.0)
(757.0,438.0)
(464.0,438.0)
(759.0,438.0)
(424.0,438.0)
(393.0,438.0)
(460.0,438.0)
(421.0,438.0)
(388.0,438.0)
(388.0,438.0)
(386.0,438.0)
(438.0,438.0)
(446.0,438.0)
(438.0,438.0)
(438.0,438.0)
(782.0,438.0)
(429.0,438.0)
(438.0,438.0)
(438.0,438.0)
(460.0,438.0)
(402.0,438.0)
(438.0,438.0)
(388.0,438.0)
(438.0,438.0)
(399.0,438.0)
(438.0,438.0)
(402.0,438.0)
(438.0,438.0)
(398.0,438.0)
(409.0,438.0)
(438.0,438.0)
(402.0,438.0)
(741.0,438.0)
(438.0,438.0)
(460.0,438.0)
(438.0,438.0)
(744.0,438.0)
(460.0,438.0)
(771.0,438.0)
(387.0,438.0)
(438.0,438.0)
(424.0,438.0)
(388.0,438.0)
(388.0,438.0)
(386.0,438.0)
(763.0,438.0)
(438.0,438.0)
(438.0,438.0)
(464.0,438.0)
(402.0,438.0)
(460.0,438.0)
(438.0,438.0)
(763.0,438.0)
(424.0,438.0)
(783.0,438.0)
(398.0,438.0)
(438.0,438.0)
(438.0,438.0)
(402.0,438.0)
(388.0,438.0)
(438.0,438.0)
(387.0,438.0)
(391.0,438.0)
(388.0,438.0)
(438.0,438.0)
(399.0,438.0)
(399.0,438.0)
(438.0,438.0)
(384.0,438.0)
(438.0,438.0)
(460.0,438.0)
(438.0,438.0)
(399.0,438.0)
(464.0,438.0)
(393.0,438.0)
(763.0,438.0)
(464.0,438.0)
(438.0,438.0)
(388.0,438.0)
(387.0,438.0)
(409.0,438.0)
(422.0,438.0)
(388.0,438.0)
(448.0,438.0)
(438.0,438.0)
(388.0,438.0)
(448.0,438.0)
(438.0,438.0)
(771.0,438.0)
(438.0,438.0)
(364.0,438.0)
(399.0,438.0)
(479.0,438.0)
(391.0,438.0)
(438.0,438.0)
(391.0,438.0)
(798.0,438.0)
(438.0,438.0)
(409.0,438.0)
(438.0,438.0)
(438.0,438.0)
(391.0,438.0)
(388.0,438.0)
(402.0,438.0)
(387.0,438.0)
(388.0,438.0)
(438.0,438.0)
(387.0,438.0)
(438.0,438.0)
(414.0,438.0)
(414.0,438.0)
(757.0,438.0)
(387.0,438.0)
(461.0,438.0)
(783.0,438.0)
(464.0,438.0)
(438.0,438.0)
(402.0,438.0)
(438.0,438.0)
(438.0,438.0)
(391.0,438.0)
(399.0,438.0)
(388.0,438.0)
(410.0,438.0)
(438.0,438.0)
(798.0,438.0)
(763.0,438.0)
(402.0,438.0)
(391.0,438.0)
(391.0,438.0)
(391.0,438.0)
(391.0,438.0)
(763.0,438.0)
(783.0,438.0)
(438.0,438.0)
(387.0,438.0)
(424.0,438.0)
(391.0,438.0)
(763.0,438.0)
(399.0,438.0)
(387.0,438.0)
(398.0,438.0)
(438.0,438.0)
(438.0,438.0)
(438.0,438.0)
(409.0,438.0)
(460.0,438.0)
(438.0,438.0)
(438.0,438.0)
(399.0,438.0)
(398.0,438.0)
(438.0,438.0)
(448.0,438.0)
(771.0,438.0)
(387.0,438.0)
(438.0,438.0)
(757.0,438.0)
(399.0,438.0)
(783.0,438.0)
(387.0,438.0)
(399.0,438.0)
(399.0,438.0)
(438.0,438.0)
(398.0,438.0)
(402.0,438.0)
(399.0,438.0)
(388.0,438.0)
(759.0,438.0)
(399.0,438.0)
(377.0,438.0)
(399.0,438.0)
(461.0,438.0)
(398.0,438.0)
(388.0,438.0)
(399.0,438.0)
(757.0,438.0)
(409.0,438.0)
(438.0,438.0)
(386.0,438.0)
(402.0,438.0)
(402.0,438.0)
(387.0,438.0)
(460.0,438.0)
(387.0,438.0)
(391.0,438.0)
(388.0,438.0)
(771.0,438.0)
(759.0,438.0)
(466.0,438.0)
(388.0,438.0)
(759.0,438.0)
(388.0,438.0)
(438.0,438.0)
(387.0,438.0)
(375.0,438.0)
(438.0,438.0)
(759.0,438.0)
(429.0,438.0)
(400.0,438.0)
(438.0,438.0)
(757.0,438.0)
(388.0,438.0)
(410.0,438.0)
(759.0,438.0)
(388.0,438.0)
(399.0,438.0)
(402.0,438.0)
(388.0,438.0)
(399.0,438.0)
(798.0,438.0)
(387.0,438.0)
(438.0,438.0)
(377.0,438.0)
(438.0,438.0)
(398.0,438.0)
(391.0,438.0)
(438.0,438.0)
(438.0,438.0)
(399.0,438.0)
(438.0,438.0)
(763.0,438.0)
(759.0,438.0)
(460.0,438.0)
(469.0,438.0)
(387.0,438.0)
(388.0,438.0)
(388.0,438.0)
(388.0,438.0)
(387.0,438.0)
(391.0,438.0)
(399.0,438.0)
(388.0,438.0)
(438.0,438.0)
(438.0,438.0)
(438.0,438.0)
(424.0,438.0)
(438.0,438.0)
(402.0,438.0)
(438.0,438.0)
(438.0,438.0)
(438.0,438.0)
(438.0,438.0)
(388.0,438.0)
(438.0,438.0)
(387.0,438.0)
(438.0,438.0)
(387.0,438.0)
(438.0,438.0)
(464.0,438.0)
(402.0,438.0)
(763.0,438.0)
(782.0,438.0)
(388.0,438.0)
(466.0,438.0)
(386.0,438.0)
(388.0,438.0)
(402.0,438.0)
(399.0,438.0)
(402.0,438.0)
(387.0,438.0)
(387.0,438.0)
(387.0,438.0)
(438.0,438.0)
(409.0,438.0)
(387.0,438.0)
(387.0,438.0)
(423.0,438.0)
(387.0,438.0)
(403.0,438.0)
(438.0,438.0)
(430.0,438.0)
(771.0,438.0)
(387.0,438.0)
(412.0,438.0)
(387.0,438.0)
(438.0,438.0)
(387.0,438.0)
(430.0,438.0)
(422.0,438.0)
(387.0,438.0)
(438.0,438.0)
(427.0,438.0)
(438.0,438.0)
(389.0,438.0)
(402.0,438.0)
(438.0,438.0)
(423.0,438.0)
(430.0,438.0)
(423.0,438.0)
(414.0,438.0)
(430.0,438.0)
(416.0,438.0)
(387.0,438.0)
(767.0,438.0)
(413.0,438.0)
(387.0,438.0)
(403.0,438.0)
(430.0,438.0)
(387.0,438.0)
(387.0,438.0)
(387.0,438.0)
(387.0,438.0)
(387.0,438.0)
(387.0,438.0)
(387.0,438.0)
(387.0,438.0)
(438.0,438.0)
(438.0,438.0)
(430.0,438.0)
(423.0,438.0)
(438.0,438.0)
(438.0,438.0)
(387.0,438.0)
(438.0,438.0)
(387.0,438.0)
(389.0,438.0)
(438.0,438.0)
(403.0,438.0)
(412.0,438.0)
(438.0,438.0)
(387.0,438.0)
(784.0,438.0)
(387.0,438.0)
(387.0,438.0)
(438.0,438.0)
(430.0,438.0)
(387.0,438.0)
(387.0,438.0)
(387.0,438.0)
(389.0,438.0)
(387.0,438.0)
(387.0,438.0)
(438.0,438.0)
(402.0,438.0)
(765.0,438.0)
(387.0,438.0)
(387.0,438.0)
(765.0,438.0)
(423.0,438.0)
(403.0,438.0)
(403.0,438.0)
(387.0,438.0)
(387.0,438.0)
(423.0,438.0)
(438.0,438.0)
(387.0,438.0)
(430.0,438.0)
(423.0,438.0)
(387.0,438.0)
(438.0,438.0)
(409.0,438.0)
(387.0,438.0)
(387.0,438.0)
(423.0,438.0)
(387.0,438.0)
(403.0,438.0)
(412.0,438.0)
(438.0,438.0)
(387.0,438.0)
(387.0,438.0)
(757.0,438.0)
(438.0,438.0)
(387.0,438.0)
(438.0,438.0)
(387.0,438.0)
(438.0,438.0)
(438.0,438.0)
(387.0,438.0)
(434.0,438.0)
(387.0,438.0)
(389.0,438.0)
(423.0,438.0)
(438.0,438.0)
(438.0,438.0)
(412.0,438.0)
(387.0,438.0)
(389.0,438.0)
(403.0,438.0)
(414.0,438.0)
(387.0,438.0)
(403.0,438.0)
(438.0,438.0)
(423.0,438.0)
(387.0,438.0)
(466.0,438.0)
(387.0,438.0)
(387.0,438.0)
(387.0,438.0)
(387.0,438.0)
(438.0,438.0)
(438.0,438.0)
(438.0,438.0)
(430.0,438.0)
(438.0,438.0)
(403.0,438.0)
(387.0,438.0)
(430.0,438.0)
(387.0,438.0)
(389.0,438.0)
(438.0,438.0)
(387.0,438.0)
(430.0,438.0)
(438.0,438.0)
(483.0,438.0)
(409.0,438.0)
(429.0,438.0)
(389.0,438.0)
(387.0,438.0)
(412.0,438.0)
(389.0,438.0)
(387.0,438.0)
(387.0,438.0)
(387.0,438.0)
(387.0,438.0)
(387.0,438.0)
(387.0,438.0)
(403.0,438.0)
(403.0,438.0)
(438.0,438.0)
(387.0,438.0)
(409.0,438.0)
(438.0,438.0)
(387.0,438.0)
(387.0,438.0)
(446.0,438.0)
(430.0,438.0)
(430.0,438.0)
(387.0,438.0)
(414.0,438.0)
(438.0,438.0)
(430.0,438.0)
(438.0,438.0)
(409.0,438.0)
(387.0,438.0)
(438.0,438.0)
(403.0,438.0)
(414.0,438.0)
(423.0,438.0)
(387.0,438.0)
(387.0,438.0)
(387.0,438.0)
(387.0,438.0)
(446.0,438.0)
(413.0,790.0)
(790.0,790.0)
(790.0,790.0)
(401.0,790.0)
(413.0,790.0)
(417.0,790.0)
(367.0,790.0)
(401.0,790.0)
(463.0,790.0)
(790.0,790.0)
(413.0,790.0)
(463.0,790.0)
(413.0,790.0)
(790.0,790.0)
(790.0,790.0)
(790.0,790.0)
(790.0,790.0)
(413.0,790.0)
(434.0,790.0)
(790.0,790.0)
(790.0,790.0)
(790.0,790.0)
(413.0,790.0)
(790.0,790.0)
(413.0,790.0)
(413.0,790.0)
(401.0,790.0)
(413.0,790.0)
(790.0,790.0)
(413.0,790.0)
(790.0,790.0)
(413.0,790.0)
(790.0,790.0)
(790.0,790.0)
(401.0,790.0)
(455.0,790.0)
(413.0,790.0)
(790.0,790.0)
(413.0,790.0)
(790.0,790.0)
(413.0,790.0)
(417.0,790.0)
(401.0,790.0)
(790.0,790.0)
(417.0,790.0)
(413.0,790.0)
(413.0,790.0)
(790.0,790.0)
(401.0,790.0)
(790.0,790.0)
(413.0,790.0)
(413.0,790.0)
(790.0,790.0)
(790.0,790.0)
(790.0,790.0)
(377.0,790.0)
(790.0,790.0)
(455.0,790.0)
(413.0,790.0)
(413.0,790.0)
(417.0,790.0)
(413.0,790.0)
(790.0,790.0)
(413.0,790.0)
(413.0,790.0)
(413.0,790.0)
(413.0,790.0)
(401.0,790.0)
(790.0,790.0)
(401.0,790.0)
(790.0,790.0)
(790.0,790.0)
(413.0,790.0)
(417.0,790.0)
(413.0,790.0)
(404.0,790.0)
(790.0,790.0)
(790.0,790.0)
(790.0,790.0)
(413.0,790.0)
(413.0,790.0)
(413.0,790.0)
(790.0,790.0)
(775.0,790.0)
(413.0,790.0)
(413.0,790.0)
(790.0,790.0)
(790.0,790.0)
(401.0,790.0)
(790.0,790.0)
(413.0,790.0)
(413.0,790.0)
(413.0,790.0)
(790.0,790.0)
(790.0,790.0)
(413.0,790.0)
(790.0,790.0)
(790.0,790.0)
(401.0,790.0)
(413.0,790.0)
(434.0,790.0)
(413.0,790.0)
(413.0,790.0)
(790.0,790.0)
(413.0,790.0)
(790.0,790.0)
(790.0,790.0)
(790.0,790.0)
(401.0,790.0)
(402.0,790.0)
(447.0,790.0)
(413.0,790.0)
(401.0,790.0)
(790.0,790.0)
(790.0,790.0)
(790.0,790.0)
(421.0,790.0)
(401.0,790.0)
(790.0,790.0)
(790.0,790.0)
(413.0,790.0)
(790.0,790.0)
(413.0,790.0)
(413.0,790.0)
(790.0,790.0)
(790.0,790.0)
(790.0,790.0)
(401.0,790.0)
(790.0,790.0)
(790.0,790.0)
(790.0,790.0)
(413.0,790.0)
(401.0,790.0)
(413.0,790.0)
(401.0,790.0)
(413.0,790.0)
(413.0,790.0)
(405.0,790.0)
(790.0,790.0)
(413.0,790.0)
(377.0,790.0)
(413.0,790.0)
(790.0,790.0)
(413.0,790.0)
(401.0,790.0)
(413.0,790.0)
(413.0,790.0)
(413.0,790.0)
(790.0,790.0)
(406.0,790.0)
(790.0,790.0)
(790.0,790.0)
(790.0,790.0)
(401.0,790.0)
(413.0,790.0)
(790.0,790.0)
(401.0,790.0)
(401.0,790.0)
(790.0,790.0)
(401.0,790.0)
(790.0,790.0)
(790.0,790.0)
(447.0,790.0)
(790.0,790.0)
(790.0,790.0)
(790.0,790.0)
(455.0,790.0)
(413.0,790.0)
(413.0,790.0)
(790.0,790.0)
(790.0,790.0)
(790.0,790.0)
(790.0,790.0)
(413.0,790.0)
(790.0,790.0)
(413.0,790.0)
(790.0,790.0)
(401.0,790.0)
(790.0,790.0)
(401.0,790.0)
(790.0,790.0)
(413.0,790.0)
(413.0,790.0)
(790.0,790.0)
(790.0,790.0)
(790.0,790.0)
(790.0,790.0)
(401.0,790.0)
(790.0,790.0)
(417.0,790.0)
(424.0,790.0)
(790.0,790.0)
(790.0,790.0)
(790.0,790.0)
(417.0,790.0)
(406.0,790.0)
(413.0,790.0)
(376.0,790.0)
(417.0,790.0)
(413.0,790.0)
(455.0,790.0)
(401.0,790.0)
(397.0,790.0)
(406.0,790.0)
(455.0,790.0)
(406.0,790.0)
(417.0,790.0)
(417.0,790.0)
(417.0,790.0)
(417.0,790.0)
(372.0,790.0)
(397.0,790.0)
(395.0,790.0)
(396.0,790.0)
(455.0,790.0)
(455.0,790.0)
(401.0,790.0)
(455.0,790.0)
(417.0,790.0)
(447.0,790.0)
(406.0,790.0)
(413.0,790.0)
(412.0,790.0)
(377.0,790.0)
(413.0,790.0)
(447.0,790.0)
(455.0,790.0)
(455.0,790.0)
(369.0,790.0)
(401.0,790.0)
(455.0,790.0)
(413.0,790.0)
(455.0,790.0)
(790.0,790.0)
(407.0,790.0)
(455.0,790.0)
(413.0,790.0)
(417.0,790.0)
(413.0,790.0)
(413.0,790.0)
(413.0,790.0)
(401.0,790.0)
(424.0,790.0)
(413.0,790.0)
(406.0,790.0)
(455.0,790.0)
(413.0,790.0)
(413.0,790.0)
(447.0,790.0)
(401.0,790.0)
(413.0,790.0)
(376.0,790.0)
(417.0,790.0)
(463.0,790.0)
(447.0,790.0)
(413.0,790.0)
(413.0,790.0)
(455.0,790.0)
(447.0,790.0)
(455.0,790.0)
(376.0,790.0)
(788.0,790.0)
(406.0,790.0)
(454.0,790.0)
(417.0,790.0)
(369.0,790.0)
(417.0,790.0)
(455.0,790.0)
(455.0,790.0)
(413.0,790.0)
(413.0,790.0)
(455.0,790.0)
(447.0,790.0)
(413.0,790.0)
(413.0,790.0)
(369.0,790.0)
(455.0,790.0)
(519.0,790.0)
(413.0,790.0)
(471.0,790.0)
(455.0,790.0)
(455.0,790.0)
(455.0,790.0)
(804.0,790.0)
(417.0,790.0)
(455.0,790.0)
(455.0,790.0)
(413.0,790.0)
(455.0,790.0)
(764.0,790.0)
(413.0,790.0)
(417.0,790.0)
(455.0,790.0)
(397.0,790.0)
(455.0,790.0)
(417.0,790.0)
(455.0,790.0)
(455.0,790.0)
(401.0,790.0)
(413.0,790.0)
(413.0,790.0)
(455.0,790.0)
(406.0,790.0)
(413.0,790.0)
(790.0,790.0)
(413.0,790.0)
(413.0,790.0)
(369.0,790.0)
(413.0,790.0)
(401.0,790.0)
(455.0,790.0)
(417.0,790.0)
(413.0,790.0)
(413.0,790.0)
(401.0,790.0)
(413.0,790.0)
(401.0,790.0)
(447.0,790.0)
(455.0,790.0)
(455.0,790.0)
(447.0,790.0)
(455.0,790.0)
(401.0,790.0)
(447.0,790.0)
(455.0,790.0)
(401.0,790.0)
(790.0,790.0)
(802.0,790.0)
(786.0,790.0)
(406.0,790.0)
(413.0,790.0)
(417.0,790.0)
(413.0,790.0)
(413.0,790.0)
(804.0,790.0)
(455.0,790.0)
(407.0,790.0)
(417.0,790.0)
(455.0,790.0)
(401.0,790.0)
(417.0,790.0)
(455.0,790.0)
(786.0,790.0)
(413.0,790.0)
(455.0,790.0)
(455.0,790.0)
(417.0,790.0)
(376.0,790.0)
(455.0,790.0)
(398.0,790.0)
(406.0,790.0)
(401.0,790.0)
(455.0,790.0)
(417.0,790.0)
(413.0,790.0)
(455.0,790.0)
(455.0,790.0)
(489.0,790.0)
(399.0,790.0)
(455.0,790.0)
(413.0,790.0)
(455.0,790.0)
(406.0,790.0)
(455.0,790.0)
(455.0,790.0)
(413.0,790.0)
(447.0,790.0)
(455.0,790.0)
(406.0,790.0)
(413.0,790.0)
(406.0,790.0)
(455.0,790.0)
(424.0,790.0)
(413.0,790.0)
(401.0,790.0)
(455.0,790.0)
(455.0,790.0)
(407.0,790.0)
(413.0,790.0)
(413.0,790.0)
(455.0,790.0)
(401.0,790.0)
(455.0,790.0)
(417.0,790.0)
(417.0,790.0)
(413.0,790.0)
(455.0,790.0)
(519.0,790.0)
(417.0,790.0)
(397.0,790.0)
(417.0,790.0)
(455.0,786.0)
(435.0,786.0)
(785.0,786.0)
(435.0,786.0)
(786.0,786.0)
(435.0,786.0)
(786.0,786.0)
(471.0,786.0)
(435.0,786.0)
(793.0,786.0)
(785.0,786.0)
(786.0,786.0)
(431.0,786.0)
(793.0,786.0)
(786.0,786.0)
(785.0,786.0)
(425.0,786.0)
(471.0,786.0)
(786.0,786.0)
(786.0,786.0)
(431.0,786.0)
(785.0,786.0)
(785.0,786.0)
(427.0,786.0)
(786.0,786.0)
(785.0,786.0)
(435.0,786.0)
(471.0,786.0)
(785.0,786.0)
(431.0,786.0)
(785.0,786.0)
(435.0,786.0)
(785.0,786.0)
(793.0,786.0)
(435.0,786.0)
(471.0,786.0)
(786.0,786.0)
(406.0,786.0)
(435.0,786.0)
(431.0,786.0)
(431.0,786.0)
(471.0,786.0)
(785.0,786.0)
(417.0,786.0)
(435.0,786.0)
(433.0,786.0)
(785.0,786.0)
(427.0,786.0)
(785.0,786.0)
(785.0,786.0)
(786.0,786.0)
(786.0,786.0)
(431.0,786.0)
(786.0,786.0)
(785.0,786.0)
(786.0,786.0)
(471.0,786.0)
(786.0,786.0)
(435.0,786.0)
(785.0,786.0)
(785.0,786.0)
(786.0,786.0)
(786.0,786.0)
(459.0,786.0)
(435.0,786.0)
(785.0,786.0)
(427.0,786.0)
(786.0,786.0)
(786.0,786.0)
(398.0,786.0)
(435.0,786.0)
(785.0,786.0)
(786.0,786.0)
(435.0,786.0)
(785.0,786.0)
(786.0,786.0)
(431.0,786.0)
(435.0,786.0)
(785.0,786.0)
(786.0,786.0)
(431.0,786.0)
(427.0,786.0)
(785.0,786.0)
(786.0,786.0)
(786.0,786.0)
(786.0,786.0)
(786.0,786.0)
(427.0,786.0)
(786.0,786.0)
(786.0,786.0)
(785.0,786.0)
(431.0,786.0)
(793.0,786.0)
(786.0,786.0)
(427.0,786.0)
(435.0,786.0)
(435.0,786.0)
(786.0,786.0)
(786.0,786.0)
(471.0,786.0)
(435.0,786.0)
(786.0,786.0)
(786.0,786.0)
(785.0,786.0)
(786.0,786.0)
(431.0,786.0)
(427.0,786.0)
(427.0,786.0)
(786.0,786.0)
(786.0,786.0)
(785.0,786.0)
(785.0,786.0)
(785.0,786.0)
(786.0,786.0)
(785.0,786.0)
(431.0,786.0)
(785.0,786.0)
(786.0,786.0)
(427.0,786.0)
(786.0,786.0)
(786.0,786.0)
(786.0,786.0)
(785.0,786.0)
(786.0,786.0)
(785.0,786.0)
(427.0,786.0)
(785.0,786.0)
(785.0,786.0)
(471.0,786.0)
(786.0,786.0)
(454.0,786.0)
(785.0,786.0)
(786.0,786.0)
(431.0,786.0)
(435.0,786.0)
(435.0,786.0)
(447.0,786.0)
(786.0,786.0)
(471.0,786.0)
(427.0,786.0)
(786.0,786.0)
(785.0,786.0)
(785.0,786.0)
(463.0,786.0)
(435.0,786.0)
(786.0,786.0)
(435.0,786.0)
(785.0,786.0)
(793.0,786.0)
(435.0,786.0)
(431.0,786.0)
(427.0,786.0)
(785.0,786.0)
(785.0,786.0)
(785.0,786.0)
(786.0,786.0)
(785.0,786.0)
(435.0,786.0)
(427.0,786.0)
(793.0,786.0)
(435.0,786.0)
(435.0,786.0)
(786.0,786.0)
(435.0,786.0)
(431.0,786.0)
(786.0,786.0)
(479.0,786.0)
(435.0,786.0)
(427.0,786.0)
(435.0,786.0)
(431.0,786.0)
(785.0,786.0)
(786.0,786.0)
(785.0,786.0)
(785.0,786.0)
(479.0,786.0)
(431.0,786.0)
(785.0,786.0)
(786.0,786.0)
(471.0,786.0)
(785.0,786.0)
(431.0,786.0)
(786.0,786.0)
(427.0,786.0)
(435.0,786.0)
(471.0,786.0)
(427.0,786.0)
(431.0,786.0)
(786.0,786.0)
(785.0,786.0)
(786.0,786.0)
(471.0,786.0)
(785.0,786.0)
(785.0,786.0)
(431.0,786.0)
(435.0,786.0)
(786.0,786.0)
(435.0,786.0)
(471.0,786.0)
(435.0,786.0)
(786.0,786.0)
(435.0,786.0)
(804.0,786.0)
(786.0,786.0)
(459.0,786.0)
(804.0,786.0)
(447.0,786.0)
(786.0,786.0)
(786.0,786.0)
(455.0,786.0)
(447.0,786.0)
(786.0,786.0)
(786.0,786.0)
(786.0,786.0)
(786.0,786.0)
(786.0,786.0)
(787.0,786.0)
(435.0,786.0)
(786.0,786.0)
(427.0,786.0)
(786.0,786.0)
(786.0,786.0)
(787.0,786.0)
(787.0,786.0)
(786.0,786.0)
(431.0,786.0)
(786.0,786.0)
(787.0,786.0)
(786.0,786.0)
(786.0,786.0)
(786.0,786.0)
(786.0,786.0)
(455.0,786.0)
(786.0,786.0)
(785.0,786.0)
(455.0,786.0)
(786.0,786.0)
(417.0,786.0)
(786.0,786.0)
(787.0,786.0)
(483.0,786.0)
(786.0,786.0)
(413.0,786.0)
(786.0,786.0)
(427.0,786.0)
(427.0,786.0)
(447.0,786.0)
(427.0,786.0)
(786.0,786.0)
(786.0,786.0)
(786.0,786.0)
(786.0,786.0)
(786.0,786.0)
(786.0,786.0)
(435.0,786.0)
(786.0,786.0)
(426.0,786.0)
(786.0,786.0)
(435.0,786.0)
(455.0,786.0)
(786.0,786.0)
(786.0,786.0)
(417.0,786.0)
(404.0,786.0)
(447.0,786.0)
(417.0,786.0)
(447.0,786.0)
(435.0,786.0)
(786.0,786.0)
(786.0,786.0)
(435.0,786.0)
(435.0,786.0)
(427.0,786.0)
(435.0,786.0)
(417.0,786.0)
(435.0,786.0)
(471.0,786.0)
(786.0,786.0)
(786.0,786.0)
(787.0,786.0)
(435.0,786.0)
(786.0,786.0)
(435.0,786.0)
(786.0,786.0)
(804.0,786.0)
(786.0,786.0)
(427.0,786.0)
(804.0,786.0)
(786.0,786.0)
(786.0,786.0)
(427.0,786.0)
(786.0,786.0)
(426.0,786.0)
(459.0,786.0)
(786.0,786.0)
(786.0,786.0)
(786.0,786.0)
(786.0,786.0)
(435.0,786.0)
(786.0,786.0)
(786.0,786.0)
(786.0,786.0)
(786.0,786.0)
(459.0,786.0)
(786.0,786.0)
(786.0,786.0)
(787.0,786.0)
(459.0,786.0)
(787.0,786.0)
(435.0,786.0)
(435.0,786.0)
(786.0,786.0)
(435.0,786.0)
(435.0,786.0)
(786.0,786.0)
(459.0,786.0)
(787.0,786.0)
(786.0,786.0)
(785.0,786.0)
(447.0,786.0)
(362.0,786.0)
(435.0,786.0)
(786.0,786.0)
(786.0,786.0)
(786.0,786.0)
(786.0,786.0)
(435.0,786.0)
(447.0,786.0)
(786.0,786.0)
(786.0,786.0)
(787.0,786.0)
(787.0,786.0)
(435.0,786.0)
(786.0,786.0)
(786.0,786.0)
(786.0,786.0)
(786.0,786.0)
(786.0,786.0)
(786.0,786.0)
(786.0,786.0)
(786.0,786.0)
(786.0,786.0)
(786.0,786.0)
(787.0,786.0)
(786.0,786.0)
(354.0,786.0)
(435.0,786.0)
(786.0,786.0)
(786.0,786.0)
(786.0,786.0)
(417.0,786.0)
(435.0,786.0)
(786.0,786.0)
(455.0,786.0)
(786.0,786.0)
(787.0,786.0)
(786.0,786.0)
(786.0,786.0)
(787.0,786.0)
(413.0,786.0)
(435.0,786.0)
(786.0,786.0)
(786.0,786.0)
(786.0,786.0)
(786.0,786.0)
(435.0,786.0)
(786.0,786.0)
(786.0,786.0)
(421.0,786.0)
(786.0,786.0)
(786.0,786.0)
(786.0,786.0)
(786.0,786.0)
(435.0,786.0)
(435.0,786.0)
(786.0,786.0)
(427.0,786.0)
(786.0,786.0)
(786.0,786.0)
(447.0,786.0)
(786.0,786.0)
(455.0,786.0)
(786.0,786.0)
(786.0,786.0)
(787.0,786.0)
(786.0,786.0)
(786.0,786.0)
(786.0,786.0)
(786.0,786.0)
(471.0,786.0)
(460.0,791.0)
(460.0,791.0)
(460.0,791.0)
(460.0,791.0)
(460.0,791.0)
(466.0,791.0)
(460.0,791.0)
(460.0,791.0)
(460.0,791.0)
(461.0,791.0)
(460.0,791.0)
(460.0,791.0)
(460.0,791.0)
(460.0,791.0)
(460.0,791.0)
(460.0,791.0)
(460.0,791.0)
(460.0,791.0)
(460.0,791.0)
(460.0,791.0)
(460.0,791.0)
(460.0,791.0)
(460.0,791.0)
(460.0,791.0)
(460.0,791.0)
(461.0,791.0)
(460.0,791.0)
(460.0,791.0)
(460.0,791.0)
(460.0,791.0)
(461.0,791.0)
(466.0,791.0)
(460.0,791.0)
(460.0,791.0)
(460.0,791.0)
(460.0,791.0)
(460.0,791.0)
(460.0,791.0)
(460.0,791.0)
(461.0,791.0)
(460.0,791.0)
(460.0,791.0)
(460.0,791.0)
(445.0,791.0)
(460.0,791.0)
(460.0,791.0)
(460.0,791.0)
(460.0,791.0)
(460.0,791.0)
(460.0,791.0)
(460.0,791.0)
(460.0,791.0)
(460.0,791.0)
(461.0,791.0)
(460.0,791.0)
(460.0,791.0)
(460.0,791.0)
(460.0,791.0)
(460.0,791.0)
(460.0,791.0)
(460.0,791.0)
(460.0,791.0)
(460.0,791.0)
(460.0,791.0)
(460.0,791.0)
(460.0,791.0)
(460.0,791.0)
(451.0,791.0)
(799.0,791.0)
(460.0,791.0)
(460.0,791.0)
(460.0,791.0)
(460.0,791.0)
(461.0,791.0)
(460.0,791.0)
(460.0,791.0)
(460.0,791.0)
(460.0,791.0)
(460.0,791.0)
(460.0,791.0)
(460.0,791.0)
(460.0,791.0)
(460.0,791.0)
(460.0,791.0)
(451.0,791.0)
(460.0,791.0)
(460.0,791.0)
(460.0,791.0)
(460.0,791.0)
(460.0,791.0)
(460.0,791.0)
(460.0,791.0)
(460.0,791.0)
(460.0,791.0)
(460.0,791.0)
(460.0,791.0)
(460.0,791.0)
(460.0,791.0)
(460.0,791.0)
(460.0,791.0)
(460.0,791.0)
(460.0,791.0)
(460.0,791.0)
(448.0,791.0)
(461.0,791.0)
(460.0,791.0)
(460.0,791.0)
(460.0,791.0)
(460.0,791.0)
(460.0,791.0)
(460.0,791.0)
(460.0,791.0)
(460.0,791.0)
(445.0,791.0)
(460.0,791.0)
(460.0,791.0)
(460.0,791.0)
(460.0,791.0)
(460.0,791.0)
(460.0,791.0)
(451.0,791.0)
(460.0,791.0)
(460.0,791.0)
(460.0,791.0)
(460.0,791.0)
(460.0,791.0)
(460.0,791.0)
(460.0,791.0)
(460.0,791.0)
(460.0,791.0)
(460.0,791.0)
(460.0,791.0)
(460.0,791.0)
(460.0,791.0)
(460.0,791.0)
(460.0,791.0)
(460.0,791.0)
(460.0,791.0)
(460.0,791.0)
(460.0,791.0)
(460.0,791.0)
(460.0,791.0)
(460.0,791.0)
(460.0,791.0)
(460.0,791.0)
(460.0,791.0)
(445.0,791.0)
(460.0,791.0)
(460.0,791.0)
(466.0,791.0)
(460.0,791.0)
(460.0,791.0)
(460.0,791.0)
(460.0,791.0)
(460.0,791.0)
(460.0,791.0)
(460.0,791.0)
(460.0,791.0)
(460.0,791.0)
(460.0,791.0)
(460.0,791.0)
(463.0,791.0)
(460.0,791.0)
(461.0,791.0)
(460.0,791.0)
(460.0,791.0)
(460.0,791.0)
(460.0,791.0)
(460.0,791.0)
(451.0,791.0)
(460.0,791.0)
(460.0,791.0)
(460.0,791.0)
(460.0,791.0)
(460.0,791.0)
(460.0,791.0)
(798.0,791.0)
(460.0,791.0)
(460.0,791.0)
(460.0,791.0)
(460.0,791.0)
(460.0,791.0)
(460.0,791.0)
(460.0,791.0)
(460.0,791.0)
(460.0,791.0)
(460.0,791.0)
(460.0,791.0)
(460.0,791.0)
(461.0,791.0)
(451.0,791.0)
(460.0,791.0)
(460.0,791.0)
(460.0,791.0)
(798.0,791.0)
(460.0,791.0)
(460.0,791.0)
(460.0,791.0)
(460.0,791.0)
(466.0,791.0)
(460.0,791.0)
(460.0,791.0)
(460.0,791.0)
(466.0,791.0)
(460.0,791.0)
(460.0,791.0)
(460.0,791.0)
(466.0,791.0)
(460.0,791.0)
(460.0,791.0)
(460.0,791.0)
(460.0,791.0)
(460.0,791.0)
(460.0,791.0)
(461.0,791.0)
(460.0,791.0)
(460.0,791.0)
(461.0,791.0)
(460.0,791.0)
(460.0,791.0)
(460.0,791.0)
(460.0,791.0)
(460.0,791.0)
(460.0,791.0)
(460.0,791.0)
(460.0,791.0)
(461.0,791.0)
(351.0,791.0)
(460.0,791.0)
(460.0,791.0)
(460.0,791.0)
(460.0,791.0)
(460.0,791.0)
(460.0,791.0)
(460.0,791.0)
(460.0,791.0)
(466.0,791.0)
(460.0,791.0)
(460.0,791.0)
(461.0,791.0)
(460.0,791.0)
(460.0,791.0)
(460.0,791.0)
(460.0,791.0)
(445.0,791.0)
(460.0,791.0)
(445.0,791.0)
(466.0,791.0)
(461.0,791.0)
(460.0,791.0)
(460.0,791.0)
(460.0,791.0)
(460.0,791.0)
(460.0,791.0)
(460.0,791.0)
(460.0,791.0)
(460.0,791.0)
(446.0,791.0)
(461.0,791.0)
(460.0,791.0)
(460.0,791.0)
(460.0,791.0)
(460.0,791.0)
(460.0,791.0)
(446.0,791.0)
(461.0,791.0)
(460.0,791.0)
(460.0,791.0)
(460.0,791.0)
(460.0,791.0)
(460.0,791.0)
(460.0,791.0)
(460.0,791.0)
(460.0,791.0)
(460.0,791.0)
(460.0,791.0)
(460.0,791.0)
(460.0,791.0)
(461.0,791.0)
(460.0,791.0)
(460.0,791.0)
(460.0,791.0)
(460.0,791.0)
(460.0,791.0)
(460.0,791.0)
(446.0,791.0)
(460.0,791.0)
(451.0,791.0)
(460.0,791.0)
(460.0,791.0)
(461.0,791.0)
(460.0,791.0)
(460.0,791.0)
(460.0,791.0)
(461.0,791.0)
(460.0,791.0)
(460.0,791.0)
(460.0,791.0)
(460.0,791.0)
(460.0,791.0)
(461.0,791.0)
(460.0,791.0)
(460.0,791.0)
(460.0,791.0)
(460.0,791.0)
(461.0,791.0)
(461.0,791.0)
(460.0,791.0)
(460.0,791.0)
(460.0,791.0)
(446.0,791.0)
(460.0,791.0)
(461.0,791.0)
(460.0,791.0)
(460.0,791.0)
(446.0,791.0)
(460.0,791.0)
(466.0,791.0)
(460.0,791.0)
(460.0,791.0)
(466.0,791.0)
(460.0,791.0)
(461.0,791.0)
(445.0,791.0)
(460.0,791.0)
(461.0,791.0)
(460.0,791.0)
(460.0,791.0)
(451.0,791.0)
(461.0,791.0)
(460.0,791.0)
(460.0,791.0)
(461.0,791.0)
(460.0,791.0)
(460.0,791.0)
(460.0,791.0)
(460.0,791.0)
(445.0,791.0)
(460.0,791.0)
(460.0,791.0)
(460.0,791.0)
(460.0,791.0)
(460.0,791.0)
(466.0,791.0)
(461.0,791.0)
(460.0,791.0)
(460.0,791.0)
(460.0,791.0)
(798.0,791.0)
(460.0,791.0)
(460.0,791.0)
(460.0,791.0)
(460.0,791.0)
(460.0,791.0)
(460.0,791.0)
(460.0,791.0)
(460.0,791.0)
(460.0,791.0)
(460.0,791.0)
(460.0,791.0)
(460.0,791.0)
(460.0,791.0)
(460.0,791.0)
(460.0,791.0)
(461.0,791.0)
(460.0,791.0)
(460.0,791.0)
(460.0,791.0)
(460.0,791.0)
(460.0,791.0)
(460.0,791.0)
(460.0,791.0)
(460.0,791.0)
(460.0,791.0)
(460.0,791.0)
(461.0,791.0)
(460.0,791.0)
(460.0,791.0)
(460.0,791.0)
(461.0,791.0)
(460.0,791.0)
(460.0,791.0)
(460.0,791.0)
(461.0,791.0)
(460.0,791.0)
(460.0,791.0)
(461.0,791.0)
(460.0,791.0)
(460.0,791.0)
(427.0,792.0)
(435.0,792.0)
(435.0,792.0)
(426.0,792.0)
(435.0,792.0)
(427.0,792.0)
(426.0,792.0)
(435.0,792.0)
(425.0,792.0)
(435.0,792.0)
(426.0,792.0)
(426.0,792.0)
(427.0,792.0)
(426.0,792.0)
(435.0,792.0)
(427.0,792.0)
(435.0,792.0)
(435.0,792.0)
(427.0,792.0)
(787.0,792.0)
(435.0,792.0)
(427.0,792.0)
(413.0,792.0)
(435.0,792.0)
(427.0,792.0)
(426.0,792.0)
(435.0,792.0)
(793.0,792.0)
(427.0,792.0)
(435.0,792.0)
(435.0,792.0)
(427.0,792.0)
(793.0,792.0)
(435.0,792.0)
(435.0,792.0)
(435.0,792.0)
(435.0,792.0)
(413.0,792.0)
(785.0,792.0)
(427.0,792.0)
(427.0,792.0)
(426.0,792.0)
(427.0,792.0)
(427.0,792.0)
(435.0,792.0)
(435.0,792.0)
(425.0,792.0)
(427.0,792.0)
(787.0,792.0)
(427.0,792.0)
(435.0,792.0)
(426.0,792.0)
(435.0,792.0)
(787.0,792.0)
(427.0,792.0)
(435.0,792.0)
(427.0,792.0)
(435.0,792.0)
(435.0,792.0)
(427.0,792.0)
(427.0,792.0)
(787.0,792.0)
(435.0,792.0)
(793.0,792.0)
(427.0,792.0)
(426.0,792.0)
(427.0,792.0)
(435.0,792.0)
(427.0,792.0)
(435.0,792.0)
(427.0,792.0)
(427.0,792.0)
(435.0,792.0)
(810.0,792.0)
(435.0,792.0)
(435.0,792.0)
(426.0,792.0)
(433.0,792.0)
(435.0,792.0)
(435.0,792.0)
(435.0,792.0)
(427.0,792.0)
(435.0,792.0)
(426.0,792.0)
(435.0,792.0)
(427.0,792.0)
(435.0,792.0)
(793.0,792.0)
(427.0,792.0)
(435.0,792.0)
(435.0,792.0)
(413.0,792.0)
(426.0,792.0)
(425.0,792.0)
(425.0,792.0)
(435.0,792.0)
(435.0,792.0)
(427.0,792.0)
(435.0,792.0)
(435.0,792.0)
(427.0,792.0)
(427.0,792.0)
(435.0,792.0)
(426.0,792.0)
(435.0,792.0)
(427.0,792.0)
(426.0,792.0)
(426.0,792.0)
(435.0,792.0)
(435.0,792.0)
(435.0,792.0)
(427.0,792.0)
(435.0,792.0)
(425.0,792.0)
(435.0,792.0)
(435.0,792.0)
(413.0,792.0)
(435.0,792.0)
(427.0,792.0)
(426.0,792.0)
(435.0,792.0)
(435.0,792.0)
(793.0,792.0)
(426.0,792.0)
(435.0,792.0)
(435.0,792.0)
(427.0,792.0)
(426.0,792.0)
(427.0,792.0)
(427.0,792.0)
(427.0,792.0)
(435.0,792.0)
(427.0,792.0)
(435.0,792.0)
(435.0,792.0)
(435.0,792.0)
(427.0,792.0)
(793.0,792.0)
(435.0,792.0)
(435.0,792.0)
(483.0,792.0)
(435.0,792.0)
(427.0,792.0)
(435.0,792.0)
(426.0,792.0)
(426.0,792.0)
(427.0,792.0)
(426.0,792.0)
(427.0,792.0)
(427.0,792.0)
(435.0,792.0)
(793.0,792.0)
(427.0,792.0)
(435.0,792.0)
(435.0,792.0)
(435.0,792.0)
(425.0,792.0)
(413.0,792.0)
(435.0,792.0)
(427.0,792.0)
(435.0,792.0)
(435.0,792.0)
(435.0,792.0)
(435.0,792.0)
(435.0,792.0)
(435.0,792.0)
(435.0,792.0)
(426.0,792.0)
(793.0,792.0)
(435.0,792.0)
(435.0,792.0)
(427.0,792.0)
(435.0,792.0)
(427.0,792.0)
(793.0,792.0)
(427.0,792.0)
(435.0,792.0)
(435.0,792.0)
(785.0,792.0)
(426.0,792.0)
(362.0,792.0)
(471.0,792.0)
(435.0,792.0)
(435.0,792.0)
(435.0,792.0)
(435.0,792.0)
(413.0,792.0)
(426.0,792.0)
(368.0,792.0)
(435.0,792.0)
(435.0,792.0)
(435.0,435.0)
(435.0,435.0)
(785.0,435.0)
(785.0,435.0)
(785.0,435.0)
(435.0,435.0)
(435.0,435.0)
(435.0,435.0)
(435.0,435.0)
(435.0,435.0)
(785.0,435.0)
(447.0,435.0)
(435.0,435.0)
(785.0,435.0)
(785.0,435.0)
(785.0,435.0)
(435.0,435.0)
(431.0,435.0)
(785.0,435.0)
(785.0,435.0)
(785.0,435.0)
(435.0,435.0)
(435.0,435.0)
(435.0,435.0)
(435.0,435.0)
(435.0,435.0)
(435.0,435.0)
(785.0,435.0)
(785.0,435.0)
(785.0,435.0)
(435.0,435.0)
(435.0,435.0)
(435.0,435.0)
(785.0,435.0)
(435.0,435.0)
(785.0,435.0)
(785.0,435.0)
(435.0,435.0)
(435.0,435.0)
(435.0,435.0)
(785.0,435.0)
(435.0,435.0)
(435.0,435.0)
(427.0,435.0)
(427.0,435.0)
(404.0,435.0)
(785.0,435.0)
(431.0,435.0)
(785.0,435.0)
(785.0,435.0)
(785.0,435.0)
(435.0,435.0)
(435.0,435.0)
(435.0,435.0)
(785.0,435.0)
(435.0,435.0)
(435.0,435.0)
(427.0,435.0)
(785.0,435.0)
(435.0,435.0)
(435.0,435.0)
(785.0,435.0)
(785.0,435.0)
(435.0,435.0)
(435.0,435.0)
(435.0,435.0)
(435.0,435.0)
(785.0,435.0)
(785.0,435.0)
(435.0,435.0)
(426.0,435.0)
(435.0,435.0)
(785.0,435.0)
(435.0,435.0)
(431.0,435.0)
(435.0,435.0)
(435.0,435.0)
(435.0,435.0)
(785.0,435.0)
(785.0,435.0)
(435.0,435.0)
(785.0,435.0)
(785.0,435.0)
(435.0,435.0)
(785.0,435.0)
(435.0,435.0)
(809.0,435.0)
(785.0,435.0)
(435.0,435.0)
(431.0,435.0)
(435.0,435.0)
(785.0,435.0)
(435.0,435.0)
(435.0,435.0)
(435.0,435.0)
(435.0,435.0)
(435.0,435.0)
(785.0,435.0)
(785.0,435.0)
(435.0,435.0)
(435.0,435.0)
(435.0,435.0)
(427.0,435.0)
(435.0,435.0)
(785.0,435.0)
(435.0,435.0)
(435.0,435.0)
(435.0,435.0)
(435.0,435.0)
(435.0,435.0)
(785.0,435.0)
(435.0,435.0)
(435.0,435.0)
(785.0,435.0)
(785.0,435.0)
(435.0,435.0)
(435.0,435.0)
(404.0,435.0)
(435.0,435.0)
(785.0,435.0)
(435.0,435.0)
(785.0,435.0)
(435.0,435.0)
(435.0,435.0)
(785.0,435.0)
(785.0,435.0)
(435.0,435.0)
(435.0,435.0)
(785.0,435.0)
(435.0,435.0)
(435.0,435.0)
(435.0,435.0)
(809.0,435.0)
(435.0,435.0)
(785.0,435.0)
(785.0,435.0)
(785.0,435.0)
(785.0,435.0)
(785.0,435.0)
(435.0,435.0)
(435.0,435.0)
(785.0,435.0)
(435.0,435.0)
(435.0,435.0)
(785.0,435.0)
(785.0,435.0)
(785.0,435.0)
(427.0,435.0)
(435.0,435.0)
(435.0,435.0)
(435.0,435.0)
(435.0,435.0)
(435.0,435.0)
(435.0,435.0)
(785.0,435.0)
(413.0,435.0)
(435.0,435.0)
(785.0,435.0)
(435.0,435.0)
(435.0,435.0)
(435.0,435.0)
(793.0,435.0)
(435.0,435.0)
(435.0,435.0)
(435.0,435.0)
(785.0,435.0)
(435.0,435.0)
(435.0,435.0)
(785.0,435.0)
(427.0,435.0)
(435.0,435.0)
(785.0,435.0)
(435.0,435.0)
(435.0,435.0)
(435.0,435.0)
(435.0,435.0)
(785.0,435.0)
(435.0,435.0)
(435.0,435.0)
(435.0,435.0)
(435.0,435.0)
(785.0,435.0)
(435.0,435.0)
(435.0,435.0)
(435.0,435.0)
(435.0,435.0)
(435.0,435.0)
(435.0,435.0)
(785.0,435.0)
(785.0,435.0)
(785.0,435.0)
(435.0,435.0)
(785.0,435.0)
(435.0,435.0)
(435.0,435.0)
(435.0,435.0)
(435.0,435.0)
(435.0,435.0)
(785.0,435.0)
(435.0,435.0)
(435.0,435.0)
(785.0,435.0)
(396.0,435.0)
(435.0,435.0)
(435.0,435.0)
(435.0,435.0)
(435.0,435.0)
(435.0,435.0)
(435.0,435.0)
(435.0,435.0)
(435.0,435.0)
(785.0,435.0)
(785.0,435.0)
(435.0,435.0)
(435.0,435.0)
(435.0,435.0)
(435.0,435.0)
(435.0,435.0)
(435.0,435.0)
(785.0,435.0)
(435.0,435.0)
(427.0,435.0)
(435.0,435.0)
(435.0,435.0)
(427.0,435.0)
(435.0,435.0)
(435.0,435.0)
(435.0,435.0)
(435.0,435.0)
(435.0,435.0)
(435.0,435.0)
(435.0,435.0)
(785.0,435.0)
(785.0,435.0)
(435.0,435.0)
(435.0,435.0)
(435.0,435.0)
(435.0,435.0)
(435.0,435.0)
(435.0,435.0)
(785.0,435.0)
(435.0,435.0)
(785.0,435.0)
(435.0,435.0)
(785.0,435.0)
(435.0,435.0)
(435.0,435.0)
(427.0,435.0)
(435.0,435.0)
(435.0,435.0)
(435.0,435.0)
(435.0,435.0)
(435.0,435.0)
(435.0,435.0)
(435.0,435.0)
(785.0,435.0)
(435.0,435.0)
(435.0,435.0)
(435.0,435.0)
(435.0,435.0)
(435.0,435.0)
(435.0,435.0)
(435.0,435.0)
(785.0,435.0)
(785.0,435.0)
(435.0,435.0)
(435.0,435.0)
(435.0,435.0)
(435.0,435.0)
(427.0,435.0)
(785.0,435.0)
(435.0,435.0)
(785.0,435.0)
(435.0,435.0)
(785.0,435.0)
(447.0,435.0)
(785.0,435.0)
(435.0,435.0)
(435.0,435.0)
(435.0,435.0)
(435.0,435.0)
(435.0,435.0)
(435.0,435.0)
(785.0,435.0)
(785.0,435.0)
(435.0,435.0)
(435.0,435.0)
(435.0,435.0)
(435.0,435.0)
(435.0,435.0)
(785.0,435.0)
(785.0,435.0)
(435.0,435.0)
(435.0,435.0)
(785.0,435.0)
(435.0,435.0)
(785.0,435.0)
(435.0,435.0)
(785.0,435.0)
(785.0,435.0)
(435.0,435.0)
(435.0,435.0)
(435.0,435.0)
(785.0,435.0)
(435.0,435.0)
(785.0,435.0)
(785.0,435.0)
(435.0,435.0)
(435.0,435.0)
(435.0,435.0)
(435.0,435.0)
(435.0,435.0)
(785.0,435.0)
(435.0,435.0)
(785.0,435.0)
(431.0,435.0)
(435.0,435.0)
(435.0,435.0)
(785.0,435.0)
(785.0,435.0)
(435.0,435.0)
(435.0,435.0)
(435.0,435.0)
(435.0,435.0)
(435.0,435.0)
(785.0,435.0)
(435.0,435.0)
(435.0,435.0)
(435.0,435.0)
(417.0,435.0)
(785.0,435.0)
(435.0,435.0)
(435.0,435.0)
(435.0,435.0)
(785.0,435.0)
(427.0,435.0)
(435.0,435.0)
(435.0,435.0)
(427.0,435.0)
(435.0,435.0)
(435.0,435.0)
(785.0,435.0)
(435.0,435.0)
(435.0,435.0)
(785.0,435.0)
(785.0,435.0)
(435.0,435.0)
(435.0,435.0)
(404.0,435.0)
(785.0,435.0)
(435.0,435.0)
(435.0,435.0)
(435.0,435.0)
(435.0,435.0)
(435.0,435.0)
(793.0,435.0)
(435.0,435.0)
(435.0,435.0)
(785.0,435.0)
(785.0,435.0)
(435.0,435.0)
(785.0,435.0)
(785.0,435.0)
(435.0,435.0)
(435.0,435.0)
(785.0,435.0)
(785.0,435.0)
(435.0,435.0)
(435.0,435.0)
(785.0,435.0)
(785.0,435.0)
(785.0,435.0)
(435.0,435.0)
(435.0,435.0)
(435.0,435.0)
(435.0,435.0)
(785.0,435.0)
(435.0,435.0)
(435.0,435.0)
(435.0,435.0)
(426.0,435.0)
(785.0,435.0)
(435.0,435.0)
(427.0,435.0)
(431.0,435.0)
(435.0,435.0)
(785.0,435.0)
(427.0,435.0)
(785.0,435.0)
(785.0,435.0)
(785.0,435.0)
(435.0,435.0)
(785.0,435.0)
(435.0,435.0)
(427.0,435.0)
(435.0,435.0)
(785.0,435.0)
(785.0,435.0)
(417.0,435.0)
(435.0,435.0)
(427.0,435.0)
(435.0,435.0)
(785.0,435.0)
(435.0,435.0)
(427.0,435.0)
(435.0,435.0)
(435.0,435.0)
(785.0,435.0)
(785.0,435.0)
(435.0,435.0)
(785.0,435.0)
(785.0,435.0)
(785.0,435.0)
(435.0,435.0)
(427.0,435.0)
(785.0,435.0)
(431.0,435.0)
(435.0,435.0)
(435.0,435.0)
(417.0,435.0)
(786.0,435.0)
(785.0,435.0)
(809.0,435.0)
(785.0,435.0)
(435.0,435.0)
(785.0,435.0)
(785.0,435.0)
(431.0,435.0)
(435.0,435.0)
(435.0,435.0)
(435.0,435.0)
(785.0,435.0)
(427.0,435.0)
(785.0,435.0)
(435.0,435.0)
(435.0,435.0)
(785.0,435.0)
(784.0,435.0)
(785.0,435.0)
(793.0,435.0)
(785.0,435.0)
(431.0,435.0)
(427.0,435.0)
(785.0,435.0)
(427.0,435.0)
(435.0,435.0)
(435.0,435.0)
(785.0,435.0)
(435.0,435.0)
(435.0,435.0)
(435.0,435.0)
(435.0,435.0)
(417.0,435.0)
(785.0,435.0)
(431.0,435.0)
(435.0,435.0)
(435.0,435.0)
(785.0,435.0)
(354.0,435.0)
(785.0,435.0)
(427.0,435.0)
(435.0,435.0)
(785.0,435.0)
(427.0,435.0)
(435.0,435.0)
(427.0,435.0)
(435.0,435.0)
(431.0,435.0)
(431.0,435.0)
(785.0,435.0)
(435.0,435.0)
(435.0,435.0)
(435.0,435.0)
(785.0,435.0)
(431.0,435.0)
(785.0,435.0)
(431.0,435.0)
(784.0,435.0)
(785.0,435.0)
(785.0,435.0)
(785.0,435.0)
(435.0,435.0)
(435.0,435.0)
(435.0,435.0)
(435.0,435.0)
(435.0,435.0)
(431.0,435.0)
(435.0,435.0)
(785.0,435.0)
(435.0,435.0)
(435.0,435.0)
(435.0,435.0)
(427.0,435.0)
(785.0,435.0)
(417.0,435.0)
(427.0,435.0)
(785.0,435.0)
(785.0,435.0)
(435.0,435.0)
(427.0,435.0)
(427.0,435.0)
(785.0,435.0)
(435.0,435.0)
(435.0,435.0)
(435.0,435.0)
(435.0,435.0)
(435.0,435.0)
(427.0,435.0)
(435.0,435.0)
(435.0,435.0)
(786.0,435.0)
(427.0,435.0)
(435.0,435.0)
(435.0,435.0)
(785.0,435.0)
(785.0,435.0)
(435.0,435.0)
(427.0,435.0)
(435.0,435.0)
(435.0,435.0)
(435.0,435.0)
(435.0,435.0)
(435.0,435.0)
(426.0,435.0)
(435.0,435.0)
(785.0,435.0)
(435.0,435.0)
(785.0,435.0)
(785.0,435.0)
(785.0,435.0)
(435.0,435.0)
(435.0,435.0)
(427.0,435.0)
(435.0,435.0)
(427.0,435.0)
(435.0,435.0)
(785.0,435.0)
(427.0,435.0)
(427.0,435.0)
(785.0,435.0)
(435.0,435.0)
(435.0,435.0)
(435.0,435.0)
(427.0,435.0)
(785.0,435.0)
(435.0,435.0)
(435.0,435.0)
(785.0,435.0)
(427.0,435.0)
(785.0,435.0)
(786.0,435.0)
(427.0,435.0)
(785.0,435.0)
(431.0,435.0)
(435.0,435.0)
(427.0,435.0)
(435.0,435.0)
(427.0,435.0)
(785.0,435.0)
(785.0,435.0)
(785.0,435.0)
(435.0,435.0)
(785.0,435.0)
(435.0,435.0)
(785.0,435.0)
(785.0,435.0)
(785.0,435.0)
(431.0,435.0)
(435.0,435.0)
(435.0,435.0)
(785.0,435.0)
(785.0,435.0)
(785.0,435.0)
(785.0,435.0)
(785.0,435.0)
(435.0,435.0)
(785.0,435.0)
(785.0,435.0)
(785.0,435.0)
(785.0,435.0)
(785.0,435.0)
(785.0,435.0)
(785.0,435.0)
(785.0,435.0)
(785.0,435.0)
(435.0,435.0)
(785.0,435.0)
(785.0,435.0)
(785.0,435.0)
(785.0,435.0)
(785.0,435.0)
(785.0,435.0)
(435.0,435.0)
(785.0,435.0)
(785.0,435.0)
(785.0,435.0)
(785.0,435.0)
(785.0,435.0)
(785.0,435.0)
(426.0,435.0)
(785.0,435.0)
(785.0,435.0)
(785.0,435.0)
(809.0,435.0)
(785.0,435.0)
(784.0,435.0)
(785.0,435.0)
(435.0,435.0)
(785.0,435.0)
(785.0,435.0)
(785.0,435.0)
(809.0,435.0)
(793.0,435.0)
(785.0,435.0)
(425.0,435.0)
(785.0,435.0)
(431.0,435.0)
(785.0,435.0)
(793.0,435.0)
(350.0,435.0)
(785.0,435.0)
(785.0,435.0)
(785.0,435.0)
(785.0,435.0)
(785.0,435.0)
(785.0,435.0)
(350.0,435.0)
(785.0,435.0)
(435.0,435.0)
(785.0,435.0)
(435.0,435.0)
(785.0,435.0)
(785.0,435.0)
(427.0,435.0)
(785.0,435.0)
(785.0,435.0)
(785.0,435.0)
(785.0,435.0)
(785.0,435.0)
(785.0,435.0)
(785.0,435.0)
(785.0,435.0)
(785.0,435.0)
(785.0,435.0)
(785.0,435.0)
(785.0,435.0)
(785.0,435.0)
(781.0,435.0)
(785.0,435.0)
(785.0,435.0)
(785.0,435.0)
(785.0,435.0)
(785.0,435.0)
(785.0,435.0)
(785.0,435.0)
(785.0,435.0)
(427.0,435.0)
(435.0,435.0)
(785.0,435.0)
(785.0,435.0)
(785.0,435.0)
(785.0,435.0)
(785.0,435.0)
(785.0,435.0)
(785.0,435.0)
(785.0,435.0)
(785.0,435.0)
(793.0,435.0)
(785.0,435.0)
(785.0,435.0)
(785.0,435.0)
(785.0,435.0)
(785.0,435.0)
(785.0,435.0)
(427.0,435.0)
(785.0,435.0)
(785.0,435.0)
(785.0,435.0)
(785.0,435.0)
(785.0,435.0)
(435.0,435.0)
(435.0,435.0)
(785.0,435.0)
(435.0,435.0)
(435.0,435.0)
(435.0,435.0)
(785.0,435.0)
(785.0,435.0)
(435.0,435.0)
(431.0,435.0)
(785.0,435.0)
(785.0,435.0)
(785.0,435.0)
(785.0,435.0)
(785.0,435.0)
(785.0,435.0)
(362.0,435.0)
(793.0,435.0)
(785.0,435.0)
(435.0,435.0)
(785.0,435.0)
(785.0,435.0)
(435.0,435.0)
(785.0,435.0)
(785.0,435.0)
(435.0,435.0)
(785.0,435.0)
(785.0,435.0)
(785.0,435.0)
(785.0,435.0)
(482.0,435.0)
(435.0,435.0)
(785.0,435.0)
(785.0,435.0)
(785.0,435.0)
(785.0,435.0)
(785.0,435.0)
(785.0,435.0)
(431.0,435.0)
(426.0,435.0)
(785.0,435.0)
(785.0,435.0)
(785.0,435.0)
(785.0,435.0)
(785.0,435.0)
(785.0,435.0)
(785.0,435.0)
(435.0,435.0)
(785.0,435.0)
(785.0,435.0)
(785.0,435.0)
(785.0,435.0)
(785.0,435.0)
(785.0,435.0)
(785.0,435.0)
(785.0,435.0)
(435.0,435.0)
(785.0,435.0)
(427.0,435.0)
(435.0,435.0)
(785.0,435.0)
(785.0,435.0)
(785.0,435.0)
(435.0,435.0)
(785.0,435.0)
(785.0,435.0)
(785.0,435.0)
(785.0,435.0)
(785.0,435.0)
(435.0,435.0)
(785.0,435.0)
(435.0,435.0)
(785.0,435.0)
(435.0,435.0)
(785.0,435.0)
(785.0,435.0)
(785.0,435.0)
(219.0,435.0)
(435.0,435.0)
(435.0,435.0)
(435.0,435.0)
(785.0,435.0)
(809.0,435.0)
(785.0,435.0)
(785.0,435.0)
(785.0,435.0)
(435.0,435.0)
(785.0,435.0)
(785.0,435.0)
(785.0,435.0)
(785.0,435.0)
(785.0,435.0)
(435.0,435.0)
(426.0,435.0)
(785.0,435.0)
(435.0,435.0)
(471.0,435.0)
(785.0,435.0)
(785.0,435.0)
(427.0,435.0)
(785.0,435.0)
(785.0,435.0)
(785.0,435.0)
(785.0,435.0)
(785.0,435.0)
(785.0,435.0)
(785.0,435.0)
(785.0,435.0)
(785.0,435.0)
(435.0,435.0)
(435.0,435.0)
(482.0,435.0)
(785.0,435.0)
(785.0,435.0)
(785.0,435.0)
(435.0,435.0)
(785.0,435.0)
(785.0,435.0)
(435.0,435.0)
(785.0,435.0)
(785.0,435.0)
(785.0,435.0)
(785.0,435.0)
(785.0,435.0)
(785.0,435.0)
(435.0,435.0)
(785.0,435.0)
(785.0,435.0)
(435.0,435.0)
(785.0,435.0)
(785.0,435.0)
(435.0,435.0)
(435.0,435.0)
(785.0,435.0)
(785.0,435.0)
(785.0,435.0)
(785.0,435.0)
(785.0,435.0)
(427.0,435.0)
(482.0,435.0)
(471.0,435.0)
(426.0,435.0)
(785.0,435.0)
(785.0,435.0)
(785.0,435.0)
(785.0,435.0)
(785.0,435.0)
(435.0,435.0)
(785.0,435.0)
(435.0,435.0)
(482.0,435.0)
(785.0,435.0)
(785.0,435.0)
(781.0,435.0)
(426.0,435.0)
(785.0,435.0)
(785.0,435.0)
(785.0,435.0)
(785.0,435.0)
(785.0,435.0)
(785.0,435.0)
(785.0,435.0)
(435.0,435.0)
(435.0,435.0)
(785.0,435.0)
(785.0,435.0)
(785.0,435.0)
(785.0,435.0)
(785.0,435.0)
(785.0,435.0)
(785.0,435.0)
(435.0,435.0)
(785.0,435.0)
(435.0,435.0)
(785.0,435.0)
(435.0,435.0)
(435.0,435.0)
(785.0,435.0)
(785.0,435.0)
(785.0,435.0)
(785.0,435.0)
(785.0,435.0)
(785.0,435.0)
(785.0,435.0)
(435.0,435.0)
(785.0,435.0)
(785.0,435.0)
(785.0,435.0)
(785.0,435.0)
(785.0,435.0)
(785.0,435.0)
(785.0,435.0)
(785.0,435.0)
(435.0,435.0)
(785.0,435.0)
(426.0,435.0)
(785.0,435.0)
(785.0,435.0)
(785.0,435.0)
(785.0,435.0)
(785.0,435.0)
(435.0,435.0)
(785.0,435.0)
(781.0,435.0)
(435.0,435.0)
(785.0,435.0)
(785.0,435.0)
(785.0,435.0)
(785.0,435.0)
(785.0,435.0)
(447.0,435.0)
(785.0,435.0)
(785.0,435.0)
(785.0,435.0)
(785.0,435.0)
(785.0,435.0)
(785.0,435.0)
(785.0,435.0)
(785.0,435.0)
(435.0,435.0)
(785.0,435.0)
(402.0,435.0)
(435.0,435.0)
(785.0,435.0)
(785.0,435.0)
(785.0,435.0)
(427.0,435.0)
(785.0,435.0)
(785.0,435.0)
(785.0,435.0)
(785.0,435.0)
(785.0,435.0)
(785.0,435.0)
(793.0,435.0)
(785.0,435.0)
(785.0,435.0)
(785.0,435.0)
(785.0,435.0)
(426.0,435.0)
(785.0,435.0)
(431.0,435.0)
(785.0,435.0)
(785.0,435.0)
(785.0,435.0)
(481.0,435.0)
(785.0,435.0)
(785.0,435.0)
(785.0,435.0)
(785.0,435.0)
(785.0,435.0)
(426.0,435.0)
(785.0,435.0)
(785.0,435.0)
(785.0,435.0)
(785.0,435.0)
(785.0,435.0)
(785.0,435.0)
(785.0,435.0)
(435.0,435.0)
(809.0,435.0)
(785.0,435.0)
(785.0,435.0)
(435.0,435.0)
(785.0,435.0)
(426.0,435.0)
(785.0,435.0)
(426.0,435.0)
(785.0,435.0)
(435.0,435.0)
(427.0,435.0)
(785.0,435.0)
(785.0,435.0)
(785.0,435.0)
(809.0,435.0)
(785.0,435.0)
(785.0,435.0)
(785.0,435.0)
(785.0,435.0)
(785.0,435.0)
(435.0,435.0)
(785.0,435.0)
(785.0,435.0)
(431.0,435.0)
(435.0,435.0)
(785.0,435.0)
(809.0,435.0)
(435.0,435.0)
(785.0,435.0)
(785.0,435.0)
(785.0,435.0)
(435.0,435.0)
(435.0,435.0)
(426.0,435.0)
(435.0,435.0)
(785.0,435.0)
(435.0,435.0)
(431.0,435.0)
(435.0,435.0)
(435.0,435.0)
(431.0,435.0)
(368.0,435.0)
(435.0,435.0)
(785.0,435.0)
(435.0,435.0)
(785.0,435.0)
(435.0,435.0)
(785.0,435.0)
(447.0,435.0)
(435.0,435.0)
(435.0,435.0)
(426.0,435.0)
(354.0,435.0)
(785.0,435.0)
(785.0,435.0)
(785.0,435.0)
(435.0,435.0)
(785.0,435.0)
(435.0,435.0)
(785.0,435.0)
(785.0,435.0)
(471.0,435.0)
(362.0,435.0)
(785.0,435.0)
(785.0,435.0)
(785.0,435.0)
(435.0,435.0)
(482.0,435.0)
(431.0,435.0)
(431.0,435.0)
(435.0,435.0)
(785.0,435.0)
(785.0,435.0)
(435.0,435.0)
(785.0,435.0)
(785.0,435.0)
(435.0,435.0)
(435.0,435.0)
(447.0,435.0)
(785.0,435.0)
(362.0,435.0)
(785.0,435.0)
(362.0,435.0)
(435.0,435.0)
(482.0,435.0)
(785.0,435.0)
(435.0,435.0)
(785.0,435.0)
(785.0,435.0)
(435.0,435.0)
(475.0,435.0)
(435.0,435.0)
(785.0,435.0)
(435.0,435.0)
(471.0,435.0)
(785.0,435.0)
(435.0,435.0)
(435.0,435.0)
(785.0,435.0)
(417.0,435.0)
(435.0,435.0)
(426.0,435.0)
(435.0,435.0)
(785.0,435.0)
(785.0,435.0)
(435.0,435.0)
(435.0,435.0)
(785.0,435.0)
(431.0,435.0)
(435.0,435.0)
(785.0,435.0)
(471.0,435.0)
(785.0,435.0)
(482.0,435.0)
(362.0,435.0)
(435.0,435.0)
(435.0,435.0)
(435.0,435.0)
(435.0,435.0)
(431.0,435.0)
(431.0,435.0)
(482.0,435.0)
(785.0,435.0)
(785.0,435.0)
(785.0,435.0)
(471.0,435.0)
(435.0,435.0)
(354.0,435.0)
(431.0,435.0)
(417.0,435.0)
(785.0,435.0)
(471.0,435.0)
(435.0,435.0)
(447.0,435.0)
(785.0,435.0)
(785.0,435.0)
(435.0,435.0)
(785.0,435.0)
(435.0,435.0)
(435.0,435.0)
(475.0,435.0)
(785.0,435.0)
(362.0,435.0)
(435.0,435.0)
(426.0,435.0)
(435.0,435.0)
(785.0,435.0)
(435.0,435.0)
(354.0,435.0)
(785.0,435.0)
(785.0,435.0)
(435.0,435.0)
(785.0,435.0)
(785.0,435.0)
(435.0,435.0)
(431.0,435.0)
(785.0,435.0)
(435.0,435.0)
(435.0,435.0)
(785.0,435.0)
(435.0,435.0)
(431.0,435.0)
(785.0,435.0)
(785.0,435.0)
(785.0,435.0)
(435.0,435.0)
(38.0,435.0)
(785.0,435.0)
(785.0,435.0)
(785.0,435.0)
(435.0,435.0)
(435.0,435.0)
(435.0,435.0)
(435.0,435.0)
(447.0,435.0)
(431.0,435.0)
(785.0,435.0)
(447.0,435.0)
(354.0,435.0)
(435.0,435.0)
(386.0,435.0)
(102.0,435.0)
(785.0,435.0)
(354.0,435.0)
(435.0,435.0)
(435.0,435.0)
(354.0,435.0)
(435.0,435.0)
(785.0,435.0)
(785.0,435.0)
(402.0,435.0)
(435.0,435.0)
(785.0,435.0)
(435.0,435.0)
(435.0,435.0)
(785.0,435.0)
(785.0,435.0)
(417.0,435.0)
(435.0,435.0)
(435.0,435.0)
(435.0,435.0)
(785.0,435.0)
(482.0,435.0)
(435.0,435.0)
(785.0,435.0)
(435.0,435.0)
(431.0,435.0)
(785.0,435.0)
(785.0,435.0)
(426.0,435.0)
(426.0,435.0)
(471.0,435.0)
(785.0,435.0)
(785.0,435.0)
(435.0,435.0)
(435.0,435.0)
(785.0,435.0)
(785.0,435.0)
(435.0,435.0)
(785.0,435.0)
(435.0,435.0)
(435.0,435.0)
(785.0,435.0)
