(386.0,386.0)
(386.0,386.0)
(417.0,386.0)
(417.0,386.0)
(386.0,386.0)
(417.0,386.0)
(387.0,386.0)
(386.0,386.0)
(386.0,386.0)
(386.0,386.0)
(386.0,386.0)
(386.0,386.0)
(387.0,386.0)
(386.0,386.0)
(386.0,386.0)
(387.0,386.0)
(386.0,386.0)
(386.0,386.0)
(386.0,386.0)
(386.0,386.0)
(386.0,386.0)
(417.0,386.0)
(386.0,386.0)
(386.0,386.0)
(417.0,386.0)
(386.0,386.0)
(386.0,386.0)
(386.0,386.0)
(387.0,386.0)
(417.0,386.0)
(387.0,386.0)
(386.0,386.0)
(386.0,386.0)
(386.0,386.0)
(386.0,386.0)
(387.0,386.0)
(386.0,386.0)
(386.0,386.0)
(386.0,386.0)
(386.0,386.0)
(417.0,386.0)
(386.0,386.0)
(417.0,386.0)
(386.0,386.0)
(386.0,386.0)
(386.0,386.0)
(417.0,386.0)
(386.0,386.0)
(386.0,386.0)
(386.0,386.0)
(386.0,386.0)
(386.0,386.0)
(386.0,386.0)
(417.0,386.0)
(417.0,386.0)
(386.0,386.0)
(386.0,386.0)
(386.0,386.0)
(386.0,386.0)
(417.0,386.0)
(386.0,386.0)
(386.0,386.0)
(386.0,386.0)
(387.0,386.0)
(417.0,386.0)
(417.0,386.0)
(417.0,386.0)
(417.0,386.0)
(386.0,386.0)
(386.0,386.0)
(386.0,386.0)
(386.0,386.0)
(386.0,386.0)
(386.0,386.0)
(417.0,386.0)
(386.0,386.0)
(387.0,386.0)
(387.0,386.0)
(386.0,386.0)
(417.0,386.0)
(386.0,386.0)
(417.0,386.0)
(417.0,386.0)
(386.0,386.0)
(386.0,386.0)
(387.0,386.0)
(387.0,386.0)
(386.0,386.0)
(417.0,386.0)
(417.0,386.0)
(386.0,386.0)
(417.0,386.0)
(386.0,386.0)
(386.0,386.0)
(386.0,386.0)
(417.0,386.0)
(417.0,386.0)
(386.0,386.0)
(386.0,386.0)
(386.0,386.0)
(387.0,386.0)
(386.0,386.0)
(386.0,386.0)
(417.0,386.0)
(386.0,386.0)
(387.0,386.0)
(386.0,386.0)
(386.0,386.0)
(387.0,386.0)
(386.0,386.0)
(386.0,386.0)
(386.0,386.0)
(386.0,386.0)
(386.0,386.0)
(386.0,386.0)
(387.0,386.0)
(386.0,386.0)
(386.0,386.0)
(417.0,386.0)
(387.0,386.0)
(386.0,386.0)
(417.0,386.0)
(387.0,386.0)
(386.0,386.0)
(386.0,386.0)
(386.0,386.0)
(386.0,386.0)
(386.0,386.0)
(386.0,386.0)
(386.0,386.0)
(417.0,386.0)
(417.0,386.0)
(386.0,386.0)
(386.0,386.0)
(386.0,386.0)
(386.0,386.0)
(386.0,386.0)
(386.0,386.0)
(386.0,386.0)
(386.0,386.0)
(386.0,386.0)
(417.0,386.0)
(417.0,386.0)
(386.0,386.0)
(386.0,386.0)
(386.0,386.0)
(387.0,386.0)
(417.0,386.0)
(386.0,386.0)
(387.0,386.0)
(386.0,386.0)
(386.0,386.0)
(417.0,386.0)
(386.0,386.0)
(386.0,386.0)
(386.0,386.0)
(386.0,386.0)
(386.0,386.0)
(386.0,386.0)
(386.0,386.0)
(386.0,386.0)
(417.0,386.0)
(387.0,386.0)
(387.0,386.0)
(386.0,386.0)
(386.0,386.0)
(386.0,386.0)
(386.0,386.0)
(386.0,386.0)
(417.0,386.0)
(386.0,386.0)
(417.0,386.0)
(386.0,386.0)
(417.0,386.0)
(387.0,386.0)
(386.0,386.0)
(386.0,386.0)
(417.0,386.0)
(386.0,386.0)
(387.0,386.0)
(386.0,386.0)
(417.0,386.0)
(417.0,386.0)
(386.0,386.0)
(386.0,386.0)
(417.0,386.0)
(386.0,386.0)
(386.0,386.0)
(387.0,386.0)
(386.0,386.0)
(386.0,386.0)
(386.0,386.0)
(417.0,386.0)
(386.0,386.0)
(417.0,386.0)
(417.0,386.0)
(417.0,386.0)
(386.0,386.0)
(387.0,386.0)
(386.0,386.0)
(386.0,386.0)
(386.0,386.0)
(386.0,386.0)
(386.0,386.0)
(386.0,386.0)
(386.0,386.0)
(386.0,386.0)
(386.0,386.0)
(386.0,386.0)
(386.0,386.0)
(386.0,386.0)
(386.0,386.0)
(386.0,386.0)
(386.0,386.0)
(386.0,386.0)
(430.0,386.0)
(386.0,386.0)
(381.0,386.0)
(386.0,386.0)
(386.0,386.0)
(386.0,386.0)
(386.0,386.0)
(386.0,386.0)
(386.0,386.0)
(421.0,386.0)
(386.0,386.0)
(386.0,386.0)
(386.0,386.0)
(386.0,386.0)
(386.0,386.0)
(386.0,386.0)
(386.0,386.0)
(386.0,386.0)
(387.0,386.0)
(417.0,386.0)
(386.0,386.0)
(386.0,386.0)
(386.0,386.0)
(386.0,386.0)
(386.0,386.0)
(386.0,386.0)
(386.0,386.0)
(386.0,386.0)
(386.0,386.0)
(386.0,386.0)
(386.0,386.0)
(422.0,386.0)
(417.0,386.0)
(386.0,386.0)
(386.0,386.0)
(386.0,386.0)
(386.0,386.0)
(386.0,386.0)
(386.0,386.0)
(387.0,386.0)
(386.0,386.0)
(386.0,386.0)
(386.0,386.0)
(386.0,386.0)
(398.0,386.0)
(386.0,386.0)
(386.0,386.0)
(386.0,386.0)
(386.0,386.0)
(386.0,386.0)
(386.0,386.0)
(386.0,386.0)
(386.0,386.0)
(386.0,386.0)
(386.0,386.0)
(386.0,386.0)
(386.0,386.0)
(386.0,386.0)
(386.0,386.0)
(386.0,386.0)
(756.0,386.0)
(386.0,386.0)
(386.0,386.0)
(386.0,386.0)
(386.0,386.0)
(756.0,386.0)
(386.0,386.0)
(386.0,386.0)
(387.0,386.0)
(386.0,386.0)
(386.0,386.0)
(386.0,386.0)
(386.0,386.0)
(386.0,386.0)
(386.0,386.0)
(386.0,386.0)
(386.0,386.0)
(386.0,386.0)
(387.0,386.0)
(386.0,386.0)
(399.0,386.0)
(386.0,386.0)
(386.0,386.0)
(386.0,386.0)
(386.0,386.0)
(386.0,386.0)
(416.0,386.0)
(386.0,386.0)
(398.0,386.0)
(386.0,386.0)
(417.0,386.0)
(386.0,386.0)
(386.0,386.0)
(386.0,386.0)
(386.0,386.0)
(386.0,386.0)
(386.0,386.0)
(391.0,386.0)
(387.0,386.0)
(386.0,386.0)
(386.0,386.0)
(387.0,386.0)
(399.0,386.0)
(386.0,386.0)
(386.0,386.0)
(386.0,386.0)
(386.0,386.0)
(386.0,386.0)
(386.0,386.0)
(386.0,386.0)
(386.0,386.0)
(386.0,386.0)
(386.0,386.0)
(386.0,386.0)
(386.0,386.0)
(417.0,386.0)
(403.0,386.0)
(386.0,386.0)
(386.0,386.0)
(386.0,386.0)
(386.0,386.0)
(387.0,386.0)
(386.0,386.0)
(386.0,386.0)
(386.0,386.0)
(386.0,386.0)
(386.0,386.0)
(387.0,386.0)
(471.0,386.0)
(386.0,386.0)
(386.0,386.0)
(386.0,386.0)
(386.0,386.0)
(386.0,386.0)
(386.0,386.0)
(386.0,386.0)
(386.0,386.0)
(386.0,386.0)
(386.0,386.0)
(403.0,386.0)
(387.0,386.0)
(386.0,386.0)
(386.0,386.0)
(386.0,386.0)
(386.0,386.0)
(386.0,386.0)
(386.0,386.0)
(386.0,386.0)
(417.0,386.0)
(386.0,386.0)
(386.0,386.0)
(386.0,386.0)
(386.0,386.0)
(386.0,386.0)
(386.0,386.0)
(387.0,386.0)
(386.0,386.0)
(386.0,386.0)
(386.0,386.0)
(386.0,386.0)
(387.0,386.0)
(756.0,386.0)
(771.0,386.0)
(386.0,386.0)
(386.0,386.0)
(386.0,386.0)
(386.0,386.0)
(386.0,386.0)
(386.0,386.0)
(386.0,386.0)
(386.0,386.0)
(386.0,386.0)
(386.0,386.0)
(386.0,386.0)
(386.0,386.0)
(386.0,386.0)
(386.0,386.0)
(386.0,386.0)
(386.0,386.0)
(386.0,386.0)
(387.0,386.0)
(417.0,386.0)
(387.0,386.0)
(386.0,386.0)
(386.0,386.0)
(386.0,386.0)
(387.0,386.0)
(386.0,386.0)
(386.0,386.0)
(386.0,386.0)
(386.0,386.0)
(417.0,386.0)
(387.0,386.0)
(386.0,386.0)
(386.0,386.0)
(483.0,386.0)
(386.0,386.0)
(386.0,386.0)
(386.0,386.0)
(386.0,386.0)
(386.0,386.0)
(386.0,386.0)
(386.0,386.0)
(386.0,386.0)
(386.0,386.0)
(386.0,386.0)
(387.0,386.0)
(386.0,386.0)
(386.0,386.0)
(386.0,386.0)
(386.0,386.0)
(386.0,386.0)
(387.0,386.0)
(386.0,386.0)
(386.0,386.0)
(386.0,386.0)
(386.0,386.0)
(386.0,386.0)
(386.0,386.0)
(386.0,386.0)
(386.0,386.0)
(386.0,386.0)
(386.0,386.0)
(387.0,386.0)
(386.0,386.0)
(386.0,386.0)
(386.0,386.0)
(756.0,386.0)
(386.0,386.0)
(386.0,386.0)
(386.0,386.0)
(386.0,386.0)
(386.0,386.0)
(386.0,386.0)
(386.0,386.0)
(386.0,386.0)
(386.0,386.0)
(386.0,386.0)
(386.0,386.0)
(386.0,386.0)
(386.0,386.0)
(386.0,386.0)
(386.0,386.0)
(386.0,386.0)
(386.0,386.0)
(386.0,386.0)
(386.0,386.0)
(386.0,386.0)
(386.0,386.0)
(387.0,386.0)
(386.0,386.0)
(386.0,386.0)
(386.0,386.0)
(386.0,386.0)
(386.0,386.0)
(386.0,386.0)
(386.0,386.0)
(386.0,386.0)
(387.0,386.0)
(386.0,386.0)
(386.0,386.0)
(422.0,386.0)
(386.0,386.0)
(386.0,386.0)
(386.0,386.0)
(386.0,386.0)
(386.0,386.0)
(417.0,386.0)
(386.0,386.0)
(386.0,386.0)
(386.0,386.0)
(386.0,386.0)
(387.0,386.0)
(386.0,386.0)
(386.0,386.0)
(386.0,386.0)
(386.0,386.0)
(386.0,386.0)
(386.0,386.0)
(386.0,386.0)
(386.0,386.0)
(386.0,386.0)
(387.0,386.0)
(386.0,386.0)
(386.0,386.0)
(386.0,386.0)
(386.0,386.0)
(386.0,386.0)
(386.0,386.0)
(386.0,386.0)
(386.0,386.0)
(386.0,386.0)
(386.0,386.0)
(386.0,386.0)
(386.0,386.0)
(386.0,386.0)
(771.0,386.0)
(386.0,386.0)
(386.0,386.0)
(386.0,386.0)
(386.0,386.0)
(387.0,386.0)
(386.0,386.0)
(381.0,386.0)
(398.0,386.0)
(386.0,386.0)
(386.0,386.0)
(386.0,386.0)
(386.0,386.0)
(386.0,386.0)
(386.0,386.0)
(386.0,386.0)
(386.0,386.0)
(386.0,386.0)
(386.0,386.0)
(464.0,386.0)
(386.0,386.0)
(386.0,386.0)
(386.0,386.0)
(386.0,386.0)
(387.0,386.0)
(417.0,386.0)
(455.0,386.0)
(386.0,386.0)
(386.0,386.0)
(386.0,386.0)
(386.0,386.0)
(386.0,386.0)
(386.0,386.0)
(386.0,386.0)
(386.0,386.0)
(386.0,386.0)
(386.0,386.0)
(386.0,386.0)
(771.0,386.0)
(386.0,386.0)
(386.0,386.0)
(386.0,386.0)
(386.0,386.0)
(386.0,386.0)
(386.0,386.0)
(386.0,386.0)
(386.0,386.0)
(386.0,386.0)
(386.0,386.0)
(386.0,386.0)
(386.0,386.0)
(386.0,386.0)
(386.0,386.0)
(386.0,386.0)
(381.0,386.0)
(398.0,386.0)
(386.0,386.0)
(386.0,386.0)
(386.0,386.0)
(386.0,386.0)
(386.0,386.0)
(387.0,386.0)
(386.0,386.0)
(386.0,386.0)
(386.0,386.0)
(386.0,386.0)
(386.0,386.0)
(387.0,386.0)
(386.0,386.0)
(387.0,386.0)
(386.0,386.0)
(386.0,386.0)
(386.0,386.0)
(386.0,386.0)
(386.0,386.0)
(386.0,386.0)
(386.0,386.0)
(386.0,386.0)
(386.0,386.0)
(387.0,386.0)
(386.0,386.0)
(386.0,386.0)
(386.0,386.0)
(386.0,386.0)
(386.0,386.0)
(386.0,386.0)
(386.0,386.0)
(386.0,386.0)
(386.0,386.0)
(386.0,386.0)
(386.0,386.0)
(386.0,386.0)
(386.0,386.0)
(387.0,386.0)
(386.0,386.0)
(387.0,386.0)
(387.0,386.0)
(386.0,386.0)
(386.0,386.0)
(386.0,386.0)
(386.0,386.0)
(386.0,386.0)
(386.0,386.0)
(386.0,386.0)
(386.0,386.0)
(386.0,386.0)
(386.0,386.0)
(386.0,386.0)
(386.0,386.0)
(386.0,386.0)
(386.0,386.0)
(386.0,386.0)
(756.0,386.0)
(386.0,386.0)
(386.0,386.0)
(417.0,386.0)
(386.0,386.0)
(386.0,386.0)
(386.0,386.0)
(386.0,386.0)
(387.0,386.0)
(387.0,386.0)
(386.0,386.0)
(417.0,386.0)
(386.0,386.0)
(386.0,386.0)
(386.0,386.0)
(386.0,386.0)
(386.0,386.0)
(386.0,386.0)
(386.0,386.0)
(386.0,386.0)
(387.0,386.0)
(386.0,386.0)
(386.0,386.0)
(386.0,386.0)
(386.0,386.0)
(386.0,386.0)
(386.0,386.0)
(386.0,386.0)
(386.0,386.0)
(386.0,386.0)
(386.0,386.0)
(386.0,386.0)
(386.0,386.0)
(386.0,386.0)
(386.0,386.0)
(386.0,386.0)
(386.0,386.0)
(386.0,386.0)
(386.0,386.0)
(386.0,386.0)
(417.0,386.0)
(386.0,386.0)
(398.0,386.0)
(386.0,386.0)
(386.0,386.0)
(386.0,386.0)
(386.0,386.0)
(417.0,386.0)
(386.0,386.0)
(386.0,386.0)
(386.0,386.0)
(386.0,386.0)
(381.0,386.0)
(386.0,386.0)
(386.0,386.0)
(386.0,386.0)
(386.0,386.0)
(386.0,386.0)
(386.0,386.0)
(386.0,386.0)
(386.0,386.0)
(386.0,386.0)
(386.0,386.0)
(387.0,386.0)
(386.0,386.0)
(386.0,386.0)
(386.0,386.0)
(386.0,386.0)
(386.0,386.0)
(386.0,386.0)
(386.0,386.0)
(391.0,386.0)
(386.0,386.0)
(386.0,386.0)
(386.0,386.0)
(386.0,386.0)
(386.0,386.0)
(386.0,386.0)
(386.0,386.0)
(387.0,386.0)
(387.0,386.0)
(386.0,386.0)
(386.0,386.0)
(386.0,386.0)
(386.0,386.0)
(386.0,386.0)
(381.0,386.0)
(386.0,386.0)
(386.0,386.0)
(386.0,386.0)
(386.0,386.0)
(386.0,386.0)
(386.0,386.0)
(386.0,386.0)
(386.0,386.0)
(386.0,386.0)
(386.0,386.0)
(386.0,386.0)
(386.0,386.0)
(386.0,386.0)
(386.0,386.0)
(386.0,386.0)
(386.0,386.0)
(386.0,386.0)
(386.0,386.0)
(387.0,386.0)
(381.0,386.0)
(387.0,386.0)
(386.0,386.0)
(386.0,386.0)
(386.0,386.0)
(410.0,386.0)
(387.0,386.0)
(386.0,386.0)
(386.0,386.0)
(387.0,386.0)
(387.0,386.0)
(386.0,386.0)
(398.0,386.0)
(386.0,386.0)
(386.0,386.0)
(386.0,386.0)
(386.0,386.0)
(386.0,386.0)
(386.0,386.0)
(398.0,386.0)
(386.0,386.0)
(386.0,386.0)
(386.0,386.0)
(386.0,386.0)
(386.0,386.0)
(387.0,386.0)
(386.0,386.0)
(386.0,386.0)
(386.0,386.0)
(386.0,386.0)
(381.0,386.0)
(386.0,386.0)
(388.0,388.0)
(388.0,388.0)
(388.0,388.0)
(388.0,388.0)
(388.0,388.0)
(388.0,388.0)
(388.0,388.0)
(388.0,388.0)
(388.0,388.0)
(388.0,388.0)
(400.0,388.0)
(388.0,388.0)
(388.0,388.0)
(388.0,388.0)
(460.0,388.0)
(389.0,388.0)
(388.0,388.0)
(388.0,388.0)
(388.0,388.0)
(388.0,388.0)
(388.0,388.0)
(388.0,388.0)
(388.0,388.0)
(388.0,388.0)
(388.0,388.0)
(399.0,388.0)
(388.0,388.0)
(388.0,388.0)
(388.0,388.0)
(388.0,388.0)
(388.0,388.0)
(388.0,388.0)
(388.0,388.0)
(388.0,388.0)
(388.0,388.0)
(388.0,388.0)
(388.0,388.0)
(388.0,388.0)
(388.0,388.0)
(388.0,388.0)
(409.0,388.0)
(388.0,388.0)
(388.0,388.0)
(388.0,388.0)
(388.0,388.0)
(388.0,388.0)
(388.0,388.0)
(388.0,388.0)
(399.0,388.0)
(417.0,388.0)
(460.0,388.0)
(388.0,388.0)
(388.0,388.0)
(388.0,388.0)
(388.0,388.0)
(388.0,388.0)
(388.0,388.0)
(388.0,388.0)
(388.0,388.0)
(388.0,388.0)
(388.0,388.0)
(388.0,388.0)
(388.0,388.0)
(461.0,388.0)
(388.0,388.0)
(388.0,388.0)
(388.0,388.0)
(416.0,388.0)
(387.0,388.0)
(388.0,388.0)
(388.0,388.0)
(461.0,388.0)
(388.0,388.0)
(388.0,388.0)
(388.0,388.0)
(391.0,388.0)
(387.0,388.0)
(388.0,388.0)
(409.0,388.0)
(388.0,388.0)
(388.0,388.0)
(388.0,388.0)
(388.0,388.0)
(388.0,388.0)
(388.0,388.0)
(388.0,388.0)
(388.0,388.0)
(409.0,388.0)
(388.0,388.0)
(388.0,388.0)
(417.0,388.0)
(388.0,388.0)
(399.0,388.0)
(388.0,388.0)
(388.0,388.0)
(388.0,388.0)
(388.0,388.0)
(388.0,388.0)
(461.0,388.0)
(399.0,388.0)
(388.0,388.0)
(388.0,388.0)
(388.0,388.0)
(388.0,388.0)
(388.0,388.0)
(388.0,388.0)
(388.0,388.0)
(388.0,388.0)
(389.0,388.0)
(388.0,388.0)
(388.0,388.0)
(388.0,388.0)
(388.0,388.0)
(388.0,388.0)
(391.0,388.0)
(388.0,388.0)
(388.0,388.0)
(388.0,388.0)
(388.0,388.0)
(388.0,388.0)
(388.0,388.0)
(388.0,388.0)
(388.0,388.0)
(388.0,388.0)
(388.0,388.0)
(388.0,388.0)
(388.0,388.0)
(388.0,388.0)
(388.0,388.0)
(388.0,388.0)
(391.0,388.0)
(388.0,388.0)
(388.0,388.0)
(388.0,388.0)
(388.0,388.0)
(388.0,388.0)
(388.0,388.0)
(388.0,388.0)
(388.0,388.0)
(388.0,388.0)
(388.0,388.0)
(389.0,388.0)
(388.0,388.0)
(388.0,388.0)
(388.0,388.0)
(388.0,388.0)
(388.0,388.0)
(388.0,388.0)
(388.0,388.0)
(388.0,388.0)
(388.0,388.0)
(388.0,388.0)
(388.0,388.0)
(387.0,388.0)
(388.0,388.0)
(388.0,388.0)
(388.0,388.0)
(388.0,388.0)
(388.0,388.0)
(388.0,388.0)
(389.0,388.0)
(388.0,388.0)
(389.0,388.0)
(409.0,388.0)
(388.0,388.0)
(388.0,388.0)
(388.0,388.0)
(388.0,388.0)
(388.0,388.0)
(388.0,388.0)
(388.0,388.0)
(388.0,388.0)
(388.0,388.0)
(388.0,388.0)
(388.0,388.0)
(388.0,388.0)
(388.0,388.0)
(771.0,388.0)
(388.0,388.0)
(399.0,388.0)
(388.0,388.0)
(389.0,388.0)
(388.0,388.0)
(388.0,388.0)
(388.0,388.0)
(409.0,388.0)
(388.0,388.0)
(388.0,388.0)
(388.0,388.0)
(388.0,388.0)
(388.0,388.0)
(388.0,388.0)
(388.0,388.0)
(388.0,388.0)
(388.0,388.0)
(388.0,388.0)
(388.0,388.0)
(388.0,388.0)
(388.0,388.0)
(398.0,388.0)
(388.0,388.0)
(389.0,388.0)
(388.0,388.0)
(389.0,388.0)
(417.0,388.0)
(388.0,388.0)
(388.0,388.0)
(388.0,388.0)
(388.0,388.0)
(758.0,388.0)
(391.0,388.0)
(388.0,388.0)
(388.0,388.0)
(388.0,388.0)
(386.0,388.0)
(388.0,388.0)
(388.0,388.0)
(466.0,388.0)
(388.0,388.0)
(387.0,388.0)
(391.0,388.0)
(388.0,388.0)
(388.0,388.0)
(393.0,388.0)
(388.0,388.0)
(388.0,388.0)
(388.0,388.0)
(388.0,388.0)
(399.0,388.0)
(388.0,388.0)
(391.0,388.0)
(388.0,388.0)
(391.0,388.0)
(388.0,388.0)
(391.0,388.0)
(388.0,388.0)
(386.0,388.0)
(387.0,388.0)
(388.0,388.0)
(388.0,388.0)
(388.0,388.0)
(397.0,388.0)
(388.0,388.0)
(388.0,388.0)
(391.0,388.0)
(388.0,388.0)
(398.0,388.0)
(388.0,388.0)
(388.0,388.0)
(388.0,388.0)
(388.0,388.0)
(388.0,388.0)
(387.0,388.0)
(388.0,388.0)
(391.0,388.0)
(388.0,388.0)
(417.0,388.0)
(388.0,388.0)
(388.0,388.0)
(402.0,388.0)
(388.0,388.0)
(388.0,388.0)
(388.0,388.0)
(399.0,388.0)
(771.0,388.0)
(388.0,388.0)
(388.0,388.0)
(388.0,388.0)
(387.0,388.0)
(398.0,388.0)
(388.0,388.0)
(391.0,388.0)
(389.0,388.0)
(391.0,388.0)
(388.0,388.0)
(388.0,388.0)
(388.0,388.0)
(388.0,388.0)
(388.0,388.0)
(388.0,388.0)
(388.0,388.0)
(388.0,388.0)
(399.0,388.0)
(388.0,388.0)
(388.0,388.0)
(388.0,388.0)
(388.0,388.0)
(388.0,388.0)
(388.0,388.0)
(389.0,388.0)
(388.0,388.0)
(388.0,388.0)
(388.0,388.0)
(388.0,388.0)
(388.0,388.0)
(388.0,388.0)
(388.0,388.0)
(388.0,388.0)
(388.0,388.0)
(388.0,388.0)
(388.0,388.0)
(388.0,388.0)
(391.0,388.0)
(398.0,388.0)
(388.0,388.0)
(388.0,388.0)
(388.0,388.0)
(388.0,388.0)
(388.0,388.0)
(762.0,388.0)
(398.0,388.0)
(388.0,388.0)
(388.0,388.0)
(388.0,388.0)
(388.0,388.0)
(388.0,388.0)
(391.0,388.0)
(388.0,388.0)
(388.0,388.0)
(388.0,388.0)
(388.0,388.0)
(388.0,388.0)
(388.0,388.0)
(391.0,388.0)
(388.0,388.0)
(391.0,388.0)
(388.0,388.0)
(388.0,388.0)
(388.0,388.0)
(388.0,388.0)
(388.0,388.0)
(388.0,388.0)
(388.0,388.0)
(771.0,388.0)
(388.0,388.0)
(388.0,388.0)
(388.0,388.0)
(388.0,388.0)
(388.0,388.0)
(388.0,388.0)
(388.0,388.0)
(388.0,388.0)
(758.0,388.0)
(388.0,388.0)
(388.0,388.0)
(388.0,388.0)
(388.0,388.0)
(391.0,388.0)
(388.0,388.0)
(388.0,388.0)
(388.0,388.0)
(386.0,388.0)
(376.0,388.0)
(389.0,388.0)
(388.0,388.0)
(393.0,388.0)
(388.0,388.0)
(388.0,388.0)
(388.0,388.0)
(388.0,388.0)
(388.0,388.0)
(388.0,388.0)
(388.0,388.0)
(388.0,388.0)
(388.0,388.0)
(388.0,388.0)
(388.0,388.0)
(388.0,388.0)
(388.0,388.0)
(388.0,388.0)
(388.0,388.0)
(388.0,388.0)
(388.0,388.0)
(461.0,388.0)
(388.0,388.0)
(388.0,388.0)
(398.0,388.0)
(388.0,388.0)
(388.0,388.0)
(388.0,388.0)
(388.0,388.0)
(388.0,388.0)
(388.0,388.0)
(388.0,388.0)
(388.0,388.0)
(387.0,388.0)
(771.0,388.0)
(388.0,388.0)
(388.0,388.0)
(391.0,388.0)
(388.0,388.0)
(388.0,388.0)
(388.0,388.0)
(388.0,388.0)
(398.0,388.0)
(388.0,388.0)
(388.0,388.0)
(388.0,388.0)
(388.0,388.0)
(388.0,388.0)
(784.0,388.0)
(388.0,388.0)
(388.0,388.0)
(388.0,388.0)
(388.0,388.0)
(388.0,388.0)
(389.0,388.0)
(391.0,388.0)
(466.0,388.0)
(388.0,388.0)
(399.0,388.0)
(388.0,388.0)
(388.0,388.0)
(388.0,388.0)
(388.0,388.0)
(388.0,388.0)
(388.0,388.0)
(388.0,388.0)
(388.0,388.0)
(387.0,388.0)
(388.0,388.0)
(388.0,388.0)
(391.0,388.0)
(388.0,388.0)
(388.0,388.0)
(460.0,388.0)
(388.0,388.0)
(388.0,388.0)
(387.0,388.0)
(388.0,388.0)
(388.0,388.0)
(388.0,388.0)
(386.0,388.0)
(387.0,388.0)
(388.0,388.0)
(388.0,388.0)
(388.0,388.0)
(397.0,388.0)
(388.0,388.0)
(388.0,388.0)
(388.0,388.0)
(388.0,388.0)
(388.0,388.0)
(388.0,388.0)
(388.0,388.0)
(388.0,388.0)
(398.0,388.0)
(388.0,388.0)
(388.0,388.0)
(388.0,388.0)
(388.0,388.0)
(388.0,388.0)
(388.0,388.0)
(388.0,388.0)
(388.0,388.0)
(388.0,388.0)
(399.0,388.0)
(388.0,388.0)
(388.0,388.0)
(388.0,388.0)
(388.0,388.0)
(393.0,388.0)
(388.0,388.0)
(391.0,388.0)
(387.0,388.0)
(388.0,388.0)
(388.0,388.0)
(391.0,388.0)
(398.0,388.0)
(387.0,388.0)
(388.0,388.0)
(388.0,388.0)
(388.0,388.0)
(388.0,388.0)
(388.0,388.0)
(391.0,388.0)
(388.0,388.0)
(388.0,388.0)
(388.0,388.0)
(388.0,388.0)
(388.0,388.0)
(388.0,388.0)
(388.0,388.0)
(388.0,388.0)
(388.0,388.0)
(388.0,388.0)
(388.0,388.0)
(388.0,388.0)
(388.0,388.0)
(771.0,388.0)
(417.0,388.0)
(388.0,388.0)
(388.0,388.0)
(388.0,388.0)
(388.0,388.0)
(388.0,388.0)
(399.0,388.0)
(388.0,388.0)
(388.0,388.0)
(388.0,388.0)
(388.0,388.0)
(388.0,388.0)
(388.0,388.0)
(388.0,388.0)
(388.0,388.0)
(388.0,388.0)
(388.0,388.0)
(388.0,388.0)
(388.0,388.0)
(388.0,388.0)
(388.0,388.0)
(398.0,388.0)
(388.0,388.0)
(398.0,388.0)
(388.0,388.0)
(388.0,388.0)
(389.0,388.0)
(771.0,388.0)
(388.0,388.0)
(388.0,388.0)
(388.0,388.0)
(391.0,388.0)
(388.0,388.0)
(388.0,388.0)
(388.0,388.0)
(399.0,388.0)
(388.0,388.0)
(388.0,388.0)
(388.0,388.0)
(771.0,388.0)
(386.0,388.0)
(388.0,388.0)
(388.0,388.0)
(388.0,388.0)
(388.0,388.0)
(388.0,388.0)
(388.0,388.0)
(388.0,388.0)
(388.0,388.0)
(389.0,388.0)
(388.0,388.0)
(398.0,388.0)
(388.0,388.0)
(391.0,388.0)
(388.0,388.0)
(388.0,388.0)
(386.0,388.0)
(388.0,388.0)
(389.0,388.0)
(388.0,388.0)
(388.0,388.0)
(388.0,388.0)
(387.0,388.0)
(388.0,388.0)
(388.0,388.0)
(388.0,388.0)
(388.0,388.0)
(388.0,388.0)
(388.0,388.0)
(391.0,388.0)
(388.0,388.0)
(388.0,388.0)
(388.0,388.0)
(388.0,388.0)
(388.0,388.0)
(388.0,388.0)
(388.0,388.0)
(388.0,388.0)
(388.0,388.0)
(388.0,388.0)
(388.0,388.0)
(388.0,388.0)
(771.0,388.0)
(399.0,388.0)
(388.0,388.0)
(391.0,388.0)
(388.0,388.0)
(386.0,388.0)
(388.0,388.0)
(388.0,388.0)
(388.0,388.0)
(388.0,388.0)
(388.0,388.0)
(391.0,388.0)
(391.0,388.0)
(388.0,388.0)
(388.0,388.0)
(388.0,388.0)
(388.0,388.0)
(388.0,388.0)
(388.0,388.0)
(388.0,388.0)
(388.0,388.0)
(388.0,388.0)
(388.0,388.0)
(388.0,388.0)
(388.0,388.0)
(461.0,388.0)
(388.0,388.0)
(388.0,388.0)
(388.0,388.0)
(388.0,388.0)
(388.0,388.0)
(417.0,388.0)
(388.0,388.0)
(388.0,388.0)
(387.0,388.0)
(388.0,388.0)
(388.0,388.0)
(388.0,388.0)
(388.0,388.0)
(388.0,388.0)
(388.0,388.0)
(388.0,388.0)
(388.0,388.0)
(388.0,388.0)
(388.0,388.0)
(388.0,388.0)
(387.0,388.0)
(388.0,388.0)
(388.0,388.0)
(388.0,388.0)
(388.0,388.0)
(388.0,388.0)
(461.0,388.0)
(388.0,388.0)
(388.0,388.0)
(388.0,388.0)
(388.0,388.0)
(388.0,388.0)
(388.0,388.0)
(461.0,388.0)
(391.0,388.0)
(388.0,388.0)
(388.0,388.0)
(391.0,388.0)
(388.0,388.0)
(388.0,388.0)
(391.0,388.0)
(388.0,388.0)
(388.0,388.0)
(388.0,388.0)
(388.0,388.0)
(388.0,388.0)
(388.0,388.0)
(388.0,388.0)
(388.0,388.0)
(461.0,388.0)
(388.0,388.0)
(388.0,388.0)
(388.0,388.0)
(388.0,388.0)
(389.0,388.0)
(388.0,388.0)
(388.0,388.0)
(391.0,388.0)
(388.0,388.0)
(388.0,388.0)
(388.0,388.0)
(388.0,388.0)
(388.0,388.0)
(388.0,388.0)
(388.0,388.0)
(387.0,388.0)
(388.0,388.0)
(388.0,388.0)
(388.0,388.0)
(388.0,388.0)
(388.0,388.0)
(388.0,388.0)
(388.0,388.0)
(387.0,388.0)
(388.0,388.0)
(388.0,388.0)
(388.0,388.0)
(388.0,388.0)
(387.0,388.0)
(388.0,388.0)
(389.0,388.0)
(388.0,388.0)
(388.0,388.0)
(388.0,388.0)
(388.0,388.0)
(387.0,388.0)
(389.0,388.0)
(388.0,388.0)
(387.0,388.0)
(388.0,388.0)
(389.0,388.0)
(388.0,388.0)
(389.0,388.0)
(387.0,388.0)
(388.0,388.0)
(388.0,388.0)
(388.0,388.0)
(388.0,388.0)
(388.0,388.0)
(387.0,388.0)
(388.0,388.0)
(391.0,388.0)
(388.0,388.0)
(387.0,388.0)
(388.0,388.0)
(388.0,388.0)
(387.0,388.0)
(388.0,388.0)
(388.0,388.0)
(388.0,388.0)
(388.0,388.0)
(388.0,388.0)
(388.0,388.0)
(388.0,388.0)
(388.0,388.0)
(388.0,388.0)
(461.0,388.0)
(388.0,388.0)
(391.0,388.0)
(388.0,388.0)
(388.0,388.0)
(388.0,388.0)
(391.0,388.0)
(388.0,388.0)
(388.0,388.0)
(388.0,388.0)
(388.0,388.0)
(389.0,388.0)
(388.0,388.0)
(388.0,388.0)
(388.0,388.0)
(388.0,388.0)
(389.0,388.0)
(388.0,388.0)
(388.0,388.0)
(388.0,388.0)
(388.0,388.0)
(388.0,388.0)
(388.0,388.0)
(389.0,388.0)
(391.0,388.0)
(388.0,388.0)
(388.0,388.0)
(388.0,388.0)
(399.0,388.0)
(388.0,388.0)
(388.0,388.0)
(388.0,388.0)
(388.0,388.0)
(388.0,388.0)
(388.0,388.0)
(388.0,388.0)
(388.0,388.0)
(388.0,388.0)
(388.0,388.0)
(388.0,388.0)
(388.0,388.0)
(763.0,388.0)
(388.0,388.0)
(388.0,388.0)
(387.0,388.0)
(388.0,388.0)
(388.0,388.0)
(388.0,388.0)
(388.0,388.0)
(388.0,388.0)
(388.0,388.0)
(388.0,388.0)
(388.0,388.0)
(387.0,388.0)
(388.0,388.0)
(388.0,388.0)
(388.0,388.0)
(386.0,388.0)
(388.0,388.0)
(388.0,388.0)
(389.0,388.0)
(388.0,388.0)
(388.0,388.0)
(388.0,388.0)
(388.0,388.0)
(388.0,388.0)
(388.0,388.0)
(388.0,388.0)
(388.0,388.0)
(389.0,388.0)
(388.0,388.0)
(388.0,388.0)
(388.0,388.0)
(461.0,388.0)
(387.0,388.0)
(388.0,388.0)
(461.0,388.0)
(388.0,388.0)
(388.0,388.0)
(388.0,388.0)
(388.0,388.0)
(388.0,388.0)
(388.0,388.0)
(461.0,388.0)
(388.0,388.0)
(388.0,388.0)
(388.0,388.0)
(389.0,388.0)
(388.0,388.0)
(388.0,388.0)
(388.0,388.0)
(388.0,388.0)
(388.0,388.0)
(388.0,388.0)
(461.0,388.0)
(388.0,388.0)
(388.0,388.0)
(388.0,388.0)
(388.0,388.0)
(388.0,388.0)
(461.0,388.0)
(388.0,388.0)
(388.0,388.0)
(388.0,388.0)
(388.0,388.0)
(388.0,388.0)
(388.0,388.0)
(388.0,388.0)
(388.0,388.0)
(388.0,388.0)
(388.0,388.0)
(388.0,388.0)
(388.0,388.0)
(388.0,388.0)
(388.0,388.0)
(388.0,388.0)
(388.0,388.0)
(387.0,388.0)
(387.0,388.0)
(388.0,388.0)
(388.0,388.0)
(388.0,388.0)
(387.0,388.0)
(388.0,388.0)
(388.0,388.0)
(388.0,388.0)
(388.0,388.0)
(388.0,388.0)
(388.0,388.0)
(388.0,388.0)
(388.0,388.0)
(388.0,388.0)
(399.0,388.0)
(388.0,388.0)
(461.0,388.0)
(388.0,388.0)
(398.0,388.0)
(388.0,388.0)
(388.0,388.0)
(388.0,388.0)
(388.0,388.0)
(388.0,388.0)
(388.0,388.0)
(461.0,388.0)
(388.0,388.0)
(388.0,388.0)
(388.0,388.0)
(388.0,388.0)
(461.0,388.0)
(388.0,388.0)
(388.0,388.0)
(388.0,388.0)
(388.0,388.0)
(461.0,388.0)
(388.0,388.0)
(388.0,388.0)
(388.0,388.0)
(388.0,388.0)
(389.0,388.0)
(388.0,388.0)
(388.0,388.0)
(388.0,388.0)
(461.0,388.0)
(388.0,388.0)
(388.0,388.0)
(388.0,388.0)
(388.0,388.0)
(388.0,388.0)
(388.0,388.0)
(461.0,388.0)
(388.0,388.0)
(388.0,388.0)
(388.0,388.0)
(387.0,388.0)
(388.0,388.0)
(461.0,388.0)
(388.0,388.0)
(388.0,388.0)
(393.0,388.0)
(388.0,388.0)
(388.0,388.0)
(388.0,388.0)
(388.0,388.0)
(409.0,388.0)
(388.0,388.0)
(388.0,388.0)
(388.0,388.0)
(388.0,388.0)
(460.0,388.0)
(388.0,388.0)
(388.0,388.0)
(461.0,388.0)
(388.0,388.0)
(388.0,388.0)
(388.0,388.0)
(388.0,388.0)
(388.0,388.0)
(388.0,388.0)
(388.0,388.0)
(387.0,388.0)
(388.0,388.0)
(388.0,388.0)
(417.0,388.0)
(388.0,388.0)
(387.0,388.0)
(387.0,388.0)
(388.0,388.0)
(388.0,388.0)
(388.0,388.0)
(388.0,388.0)
(388.0,388.0)
(388.0,388.0)
(461.0,388.0)
(388.0,388.0)
(461.0,388.0)
(388.0,388.0)
(460.0,388.0)
(387.0,388.0)
(388.0,388.0)
(388.0,388.0)
(388.0,388.0)
(388.0,388.0)
(398.0,388.0)
(388.0,388.0)
(461.0,388.0)
(461.0,388.0)
(388.0,388.0)
(388.0,388.0)
(388.0,388.0)
(388.0,388.0)
(389.0,388.0)
(461.0,388.0)
(387.0,388.0)
(388.0,388.0)
(388.0,388.0)
(388.0,388.0)
(388.0,388.0)
(388.0,388.0)
(388.0,388.0)
(388.0,388.0)
(388.0,388.0)
(388.0,388.0)
(389.0,388.0)
(398.0,388.0)
(389.0,388.0)
(388.0,388.0)
(388.0,388.0)
(388.0,388.0)
(388.0,388.0)
(388.0,388.0)
(388.0,388.0)
(460.0,388.0)
(388.0,388.0)
(388.0,388.0)
(388.0,388.0)
(391.0,388.0)
(388.0,388.0)
(388.0,388.0)
(388.0,388.0)
(388.0,388.0)
(398.0,388.0)
(388.0,388.0)
(388.0,388.0)
(388.0,388.0)
(388.0,388.0)
(388.0,388.0)
(388.0,388.0)
(388.0,388.0)
(388.0,388.0)
(388.0,388.0)
(388.0,388.0)
(388.0,388.0)
(388.0,388.0)
(446.0,388.0)
(388.0,388.0)
(388.0,388.0)
(388.0,388.0)
(388.0,388.0)
(388.0,388.0)
(388.0,388.0)
(461.0,388.0)
(388.0,388.0)
(388.0,388.0)
(388.0,388.0)
(388.0,388.0)
(388.0,388.0)
(387.0,388.0)
(388.0,388.0)
(388.0,388.0)
(388.0,388.0)
(388.0,388.0)
(388.0,388.0)
(388.0,388.0)
(388.0,388.0)
(388.0,388.0)
(388.0,388.0)
(388.0,388.0)
(388.0,388.0)
(388.0,388.0)
(388.0,388.0)
(388.0,388.0)
(388.0,388.0)
(388.0,388.0)
(388.0,388.0)
(388.0,388.0)
(388.0,388.0)
(388.0,388.0)
(388.0,388.0)
(388.0,388.0)
(388.0,388.0)
(388.0,388.0)
(388.0,388.0)
(388.0,388.0)
(388.0,388.0)
(388.0,388.0)
(400.0,388.0)
(388.0,388.0)
(388.0,388.0)
(388.0,388.0)
(388.0,388.0)
(388.0,388.0)
(388.0,388.0)
(388.0,388.0)
(388.0,388.0)
(388.0,388.0)
(388.0,388.0)
(388.0,388.0)
(388.0,388.0)
(388.0,388.0)
(388.0,388.0)
(388.0,388.0)
(461.0,388.0)
(388.0,388.0)
(389.0,388.0)
(388.0,388.0)
(388.0,388.0)
(388.0,388.0)
(388.0,388.0)
(388.0,388.0)
(388.0,388.0)
(388.0,388.0)
(388.0,388.0)
(387.0,388.0)
(388.0,388.0)
(388.0,388.0)
(388.0,388.0)
(388.0,388.0)
(388.0,388.0)
(388.0,388.0)
(388.0,388.0)
(388.0,388.0)
(388.0,388.0)
(387.0,388.0)
(388.0,388.0)
(388.0,388.0)
(388.0,388.0)
(388.0,388.0)
(388.0,388.0)
(388.0,388.0)
(388.0,388.0)
(388.0,388.0)
(390.0,388.0)
(388.0,388.0)
(388.0,388.0)
(398.0,388.0)
(388.0,388.0)
(388.0,388.0)
(388.0,388.0)
(388.0,388.0)
(388.0,388.0)
(388.0,388.0)
(461.0,388.0)
(388.0,388.0)
(388.0,388.0)
(388.0,388.0)
(388.0,388.0)
(388.0,388.0)
(388.0,388.0)
(388.0,388.0)
(388.0,388.0)
(388.0,388.0)
(388.0,388.0)
(388.0,388.0)
(388.0,388.0)
(388.0,388.0)
(388.0,388.0)
(771.0,388.0)
(388.0,388.0)
(391.0,388.0)
(388.0,388.0)
(388.0,388.0)
(398.0,388.0)
(409.0,388.0)
(388.0,388.0)
(388.0,388.0)
(399.0,388.0)
(388.0,388.0)
(388.0,388.0)
(388.0,388.0)
(388.0,388.0)
(388.0,388.0)
(388.0,388.0)
(388.0,388.0)
(388.0,388.0)
(388.0,388.0)
(388.0,388.0)
(388.0,388.0)
(388.0,388.0)
(388.0,388.0)
(388.0,388.0)
(388.0,388.0)
(388.0,388.0)
(388.0,388.0)
(388.0,388.0)
(388.0,388.0)
(388.0,388.0)
(388.0,388.0)
(388.0,388.0)
(388.0,388.0)
(388.0,388.0)
(388.0,388.0)
(388.0,388.0)
(388.0,388.0)
(388.0,388.0)
(388.0,388.0)
(388.0,388.0)
(388.0,388.0)
(388.0,388.0)
(391.0,388.0)
(388.0,388.0)
(388.0,388.0)
(388.0,388.0)
(388.0,388.0)
(388.0,388.0)
(388.0,388.0)
(388.0,388.0)
(388.0,388.0)
(388.0,388.0)
(388.0,388.0)
(388.0,388.0)
(388.0,388.0)
(388.0,388.0)
(388.0,388.0)
(388.0,388.0)
(388.0,388.0)
(388.0,388.0)
(388.0,388.0)
(388.0,388.0)
(388.0,388.0)
(388.0,388.0)
(388.0,388.0)
(388.0,388.0)
(388.0,388.0)
(387.0,388.0)
(409.0,388.0)
(388.0,388.0)
(389.0,388.0)
(388.0,388.0)
(388.0,388.0)
(399.0,388.0)
(388.0,388.0)
(388.0,388.0)
(388.0,388.0)
(388.0,388.0)
(389.0,388.0)
(392.0,388.0)
(388.0,388.0)
(388.0,388.0)
(388.0,388.0)
(460.0,388.0)
(388.0,388.0)
(389.0,388.0)
(387.0,388.0)
(388.0,388.0)
(388.0,388.0)
(388.0,388.0)
(461.0,388.0)
(388.0,388.0)
(388.0,388.0)
(388.0,388.0)
(388.0,388.0)
(387.0,388.0)
(387.0,388.0)
(388.0,388.0)
(388.0,388.0)
(388.0,388.0)
(388.0,388.0)
(388.0,388.0)
(388.0,388.0)
(388.0,388.0)
(388.0,388.0)
(389.0,388.0)
(388.0,388.0)
(388.0,388.0)
(389.0,388.0)
(389.0,388.0)
(389.0,388.0)
(403.0,388.0)
(388.0,388.0)
(388.0,388.0)
(388.0,388.0)
(388.0,388.0)
(388.0,388.0)
(388.0,388.0)
(388.0,388.0)
(388.0,388.0)
(388.0,388.0)
(388.0,388.0)
(417.0,388.0)
(388.0,388.0)
(388.0,388.0)
(388.0,388.0)
(388.0,388.0)
(388.0,388.0)
(388.0,388.0)
(388.0,388.0)
(388.0,388.0)
(399.0,388.0)
(388.0,388.0)
(388.0,388.0)
(388.0,388.0)
(388.0,388.0)
(388.0,388.0)
(423.0,388.0)
(388.0,388.0)
(388.0,388.0)
(388.0,388.0)
(388.0,388.0)
(388.0,388.0)
(388.0,388.0)
(388.0,388.0)
(388.0,388.0)
(389.0,388.0)
(388.0,388.0)
(388.0,388.0)
(388.0,388.0)
(388.0,388.0)
(388.0,388.0)
(387.0,388.0)
(388.0,388.0)
(388.0,388.0)
(409.0,388.0)
(388.0,388.0)
(388.0,388.0)
(391.0,388.0)
(388.0,388.0)
(388.0,388.0)
(388.0,388.0)
(388.0,388.0)
(388.0,388.0)
(388.0,388.0)
(388.0,388.0)
(388.0,388.0)
(388.0,388.0)
(388.0,388.0)
(388.0,388.0)
(387.0,388.0)
(387.0,388.0)
(388.0,388.0)
(388.0,388.0)
(388.0,388.0)
(388.0,388.0)
(388.0,388.0)
(388.0,388.0)
(388.0,388.0)
(388.0,388.0)
(388.0,388.0)
(388.0,388.0)
(388.0,388.0)
(388.0,388.0)
(388.0,388.0)
(388.0,388.0)
(409.0,388.0)
(388.0,388.0)
(388.0,388.0)
(388.0,388.0)
(388.0,388.0)
(388.0,388.0)
(388.0,388.0)
(771.0,388.0)
(388.0,388.0)
(388.0,388.0)
(388.0,388.0)
(387.0,388.0)
(388.0,388.0)
(388.0,388.0)
(388.0,388.0)
(388.0,388.0)
(388.0,388.0)
(389.0,388.0)
(409.0,388.0)
(388.0,388.0)
(388.0,388.0)
(388.0,388.0)
(388.0,388.0)
(388.0,388.0)
(388.0,388.0)
(388.0,388.0)
(388.0,388.0)
(388.0,388.0)
(771.0,388.0)
(389.0,388.0)
(461.0,388.0)
(388.0,388.0)
(388.0,388.0)
(388.0,388.0)
(388.0,388.0)
(388.0,388.0)
(388.0,388.0)
(388.0,388.0)
(388.0,388.0)
(388.0,388.0)
(388.0,388.0)
(388.0,388.0)
(461.0,388.0)
(388.0,388.0)
(388.0,388.0)
(388.0,388.0)
(388.0,388.0)
(388.0,388.0)
(389.0,388.0)
(388.0,388.0)
(388.0,388.0)
(388.0,388.0)
(388.0,388.0)
(388.0,388.0)
(388.0,388.0)
(388.0,388.0)
(387.0,388.0)
(388.0,388.0)
(392.0,388.0)
(388.0,388.0)
(388.0,388.0)
(388.0,388.0)
(388.0,388.0)
(387.0,388.0)
(388.0,388.0)
(388.0,388.0)
(388.0,388.0)
(388.0,388.0)
(388.0,388.0)
(388.0,388.0)
(391.0,388.0)
(388.0,388.0)
(461.0,388.0)
(388.0,388.0)
(388.0,388.0)
(388.0,388.0)
(388.0,388.0)
(409.0,388.0)
(460.0,388.0)
(387.0,388.0)
(389.0,388.0)
(388.0,388.0)
(388.0,388.0)
(388.0,388.0)
(759.0,388.0)
(388.0,388.0)
(388.0,388.0)
(388.0,388.0)
(388.0,388.0)
(388.0,388.0)
(388.0,388.0)
(388.0,388.0)
(388.0,388.0)
(388.0,388.0)
(388.0,388.0)
(388.0,388.0)
(388.0,388.0)
(388.0,388.0)
(388.0,388.0)
(460.0,388.0)
(387.0,388.0)
(461.0,388.0)
(388.0,388.0)
(388.0,388.0)
(388.0,388.0)
(388.0,388.0)
(388.0,388.0)
(388.0,388.0)
(388.0,388.0)
(388.0,388.0)
(388.0,388.0)
(460.0,388.0)
(388.0,388.0)
(388.0,388.0)
(461.0,388.0)
(388.0,388.0)
(387.0,388.0)
(448.0,388.0)
(391.0,388.0)
(388.0,388.0)
(388.0,388.0)
(398.0,388.0)
(388.0,388.0)
(388.0,388.0)
(388.0,388.0)
(461.0,388.0)
(388.0,388.0)
(388.0,388.0)
(388.0,388.0)
(388.0,388.0)
(387.0,388.0)
(461.0,388.0)
(461.0,388.0)
(388.0,388.0)
(388.0,388.0)
(387.0,388.0)
(388.0,388.0)
(388.0,388.0)
(388.0,388.0)
(388.0,388.0)
(388.0,388.0)
(388.0,388.0)
(388.0,388.0)
(388.0,388.0)
(388.0,388.0)
(388.0,388.0)
(388.0,388.0)
(388.0,388.0)
(388.0,388.0)
(388.0,388.0)
(390.0,388.0)
(388.0,388.0)
(461.0,388.0)
(387.0,388.0)
(388.0,388.0)
(388.0,388.0)
(388.0,388.0)
(388.0,388.0)
(388.0,388.0)
(398.0,388.0)
(388.0,388.0)
(460.0,388.0)
(388.0,388.0)
(388.0,388.0)
(388.0,388.0)
(461.0,388.0)
(388.0,388.0)
(388.0,388.0)
(399.0,388.0)
(388.0,388.0)
(387.0,388.0)
(388.0,388.0)
(388.0,388.0)
(388.0,388.0)
(388.0,388.0)
(387.0,388.0)
(461.0,388.0)
(460.0,388.0)
(399.0,388.0)
(387.0,388.0)
(461.0,388.0)
(388.0,388.0)
(409.0,388.0)
(388.0,388.0)
(388.0,388.0)
(388.0,388.0)
(388.0,388.0)
(461.0,388.0)
(388.0,388.0)
(388.0,388.0)
(388.0,388.0)
(460.0,388.0)
(388.0,388.0)
(388.0,388.0)
(388.0,388.0)
(388.0,388.0)
(388.0,388.0)
(388.0,388.0)
(388.0,388.0)
(388.0,388.0)
(388.0,388.0)
(388.0,388.0)
(391.0,388.0)
(388.0,388.0)
(387.0,388.0)
(388.0,388.0)
(388.0,388.0)
(388.0,388.0)
(388.0,388.0)
(387.0,388.0)
(388.0,388.0)
(388.0,388.0)
(388.0,388.0)
(388.0,388.0)
(388.0,388.0)
(388.0,388.0)
(460.0,388.0)
(388.0,388.0)
(461.0,388.0)
(388.0,388.0)
(388.0,388.0)
(388.0,388.0)
(460.0,388.0)
(388.0,388.0)
(387.0,388.0)
(388.0,388.0)
(388.0,388.0)
(446.0,388.0)
(388.0,388.0)
(388.0,388.0)
(388.0,388.0)
(461.0,388.0)
(388.0,388.0)
(388.0,388.0)
(388.0,388.0)
(388.0,388.0)
(388.0,388.0)
(388.0,388.0)
(388.0,388.0)
(388.0,388.0)
(388.0,388.0)
(388.0,388.0)
(388.0,388.0)
(388.0,388.0)
(388.0,388.0)
(388.0,388.0)
(461.0,388.0)
(460.0,388.0)
(388.0,388.0)
(388.0,388.0)
(387.0,388.0)
(388.0,388.0)
(460.0,388.0)
(388.0,388.0)
(388.0,388.0)
(388.0,388.0)
(388.0,388.0)
(388.0,388.0)
(388.0,388.0)
(388.0,388.0)
(388.0,388.0)
(388.0,388.0)
(461.0,388.0)
(391.0,388.0)
(388.0,388.0)
(388.0,388.0)
(388.0,388.0)
(388.0,388.0)
(388.0,388.0)
(461.0,388.0)
(388.0,388.0)
(388.0,388.0)
(388.0,388.0)
(388.0,388.0)
(388.0,388.0)
(388.0,388.0)
(388.0,388.0)
(388.0,388.0)
(461.0,388.0)
(388.0,388.0)
(388.0,388.0)
(461.0,388.0)
(388.0,388.0)
(388.0,388.0)
(388.0,388.0)
(388.0,388.0)
(388.0,388.0)
(388.0,388.0)
(388.0,388.0)
(388.0,388.0)
(388.0,388.0)
(387.0,388.0)
(388.0,388.0)
(388.0,388.0)
(423.0,388.0)
(399.0,388.0)
(388.0,388.0)
(388.0,388.0)
(388.0,388.0)
(387.0,388.0)
(388.0,388.0)
(388.0,388.0)
(388.0,388.0)
(388.0,388.0)
(388.0,388.0)
(388.0,388.0)
(388.0,388.0)
(388.0,388.0)
(461.0,388.0)
(388.0,388.0)
(388.0,388.0)
(388.0,388.0)
(391.0,388.0)
(388.0,388.0)
(388.0,388.0)
(388.0,388.0)
(388.0,388.0)
(388.0,388.0)
(388.0,388.0)
(388.0,388.0)
(388.0,388.0)
(388.0,388.0)
(388.0,388.0)
(388.0,388.0)
(398.0,388.0)
(388.0,388.0)
(388.0,388.0)
(388.0,388.0)
(388.0,388.0)
(388.0,388.0)
(388.0,388.0)
(388.0,388.0)
(388.0,388.0)
(388.0,388.0)
(388.0,388.0)
(388.0,388.0)
(388.0,388.0)
(388.0,388.0)
(388.0,388.0)
(388.0,388.0)
(388.0,388.0)
(388.0,388.0)
(388.0,388.0)
(388.0,388.0)
(460.0,388.0)
(388.0,388.0)
(399.0,388.0)
(388.0,388.0)
(388.0,388.0)
(388.0,388.0)
(388.0,388.0)
(388.0,388.0)
(388.0,388.0)
(388.0,388.0)
(388.0,388.0)
(388.0,388.0)
(388.0,388.0)
(388.0,388.0)
(460.0,388.0)
(388.0,388.0)
(388.0,388.0)
(388.0,388.0)
(388.0,388.0)
(460.0,388.0)
(388.0,388.0)
(388.0,388.0)
(388.0,388.0)
(391.0,388.0)
(388.0,388.0)
(388.0,388.0)
(388.0,388.0)
(388.0,388.0)
(388.0,388.0)
(388.0,388.0)
(388.0,388.0)
(388.0,388.0)
(388.0,388.0)
(388.0,388.0)
(388.0,388.0)
(399.0,388.0)
(460.0,388.0)
(388.0,388.0)
(388.0,388.0)
(388.0,388.0)
(388.0,388.0)
(387.0,388.0)
(388.0,388.0)
(388.0,388.0)
(388.0,388.0)
(388.0,388.0)
(388.0,388.0)
(388.0,388.0)
(388.0,388.0)
(388.0,388.0)
(461.0,388.0)
(388.0,388.0)
(388.0,388.0)
(388.0,388.0)
(388.0,388.0)
(388.0,388.0)
(388.0,388.0)
(388.0,388.0)
(388.0,388.0)
(388.0,388.0)
(388.0,388.0)
(388.0,388.0)
(388.0,388.0)
(388.0,388.0)
(388.0,388.0)
(388.0,388.0)
(388.0,388.0)
(388.0,388.0)
(388.0,388.0)
(388.0,388.0)
(388.0,388.0)
(388.0,388.0)
(388.0,388.0)
(460.0,388.0)
(388.0,388.0)
(388.0,388.0)
(388.0,388.0)
(388.0,388.0)
(398.0,388.0)
(388.0,388.0)
(388.0,388.0)
(388.0,388.0)
(388.0,388.0)
(388.0,388.0)
(388.0,388.0)
(388.0,388.0)
(461.0,388.0)
(388.0,388.0)
(388.0,388.0)
(388.0,388.0)
(388.0,388.0)
(413.0,388.0)
(388.0,388.0)
(388.0,388.0)
(388.0,388.0)
(388.0,388.0)
(388.0,388.0)
(388.0,388.0)
(388.0,388.0)
(388.0,388.0)
(388.0,388.0)
(388.0,388.0)
(388.0,388.0)
(389.0,388.0)
(461.0,388.0)
(388.0,388.0)
(388.0,388.0)
(388.0,388.0)
(388.0,388.0)
(388.0,388.0)
(388.0,388.0)
(388.0,388.0)
(388.0,388.0)
(388.0,388.0)
(388.0,388.0)
(388.0,388.0)
(388.0,388.0)
(388.0,388.0)
(388.0,388.0)
(399.0,388.0)
(388.0,388.0)
(387.0,388.0)
(399.0,388.0)
(388.0,388.0)
(388.0,388.0)
(388.0,388.0)
(388.0,388.0)
(388.0,388.0)
(388.0,388.0)
(388.0,388.0)
(388.0,388.0)
(388.0,388.0)
(388.0,388.0)
(388.0,388.0)
(398.0,388.0)
(388.0,388.0)
(387.0,388.0)
(460.0,388.0)
(388.0,388.0)
(388.0,388.0)
(388.0,388.0)
(388.0,388.0)
(388.0,388.0)
(388.0,388.0)
(388.0,388.0)
(388.0,388.0)
(388.0,388.0)
(387.0,388.0)
(389.0,388.0)
(388.0,388.0)
(388.0,388.0)
(388.0,388.0)
(398.0,388.0)
(388.0,388.0)
(388.0,388.0)
(388.0,388.0)
(388.0,388.0)
(388.0,388.0)
(388.0,388.0)
(388.0,388.0)
(399.0,388.0)
(388.0,388.0)
(771.0,388.0)
(461.0,388.0)
(388.0,388.0)
(461.0,388.0)
(388.0,388.0)
(399.0,388.0)
(388.0,388.0)
(388.0,388.0)
(388.0,388.0)
(388.0,388.0)
(388.0,388.0)
(388.0,388.0)
(388.0,388.0)
(388.0,388.0)
(388.0,388.0)
(771.0,388.0)
(388.0,388.0)
(388.0,388.0)
(388.0,388.0)
(388.0,388.0)
(388.0,388.0)
(388.0,388.0)
(388.0,388.0)
(388.0,388.0)
(388.0,388.0)
(388.0,388.0)
(388.0,388.0)
(422.0,388.0)
(388.0,388.0)
(388.0,388.0)
(388.0,388.0)
(388.0,388.0)
(388.0,388.0)
(388.0,388.0)
(388.0,388.0)
(388.0,388.0)
(460.0,388.0)
(771.0,388.0)
(388.0,388.0)
(388.0,388.0)
(461.0,388.0)
(388.0,388.0)
(388.0,388.0)
(388.0,388.0)
(388.0,388.0)
(388.0,388.0)
(388.0,388.0)
(388.0,388.0)
(388.0,388.0)
(388.0,388.0)
(388.0,388.0)
(388.0,388.0)
(460.0,388.0)
(388.0,388.0)
(388.0,388.0)
(461.0,388.0)
(388.0,388.0)
(388.0,388.0)
(388.0,388.0)
(388.0,388.0)
(389.0,388.0)
(388.0,388.0)
(388.0,388.0)
(388.0,388.0)
(388.0,388.0)
(388.0,388.0)
(388.0,388.0)
(390.0,388.0)
(438.0,388.0)
(388.0,388.0)
(388.0,388.0)
(388.0,388.0)
(388.0,388.0)
(388.0,388.0)
(388.0,388.0)
(388.0,388.0)
(388.0,388.0)
(461.0,388.0)
(388.0,388.0)
(388.0,388.0)
(388.0,388.0)
(388.0,388.0)
(388.0,388.0)
(388.0,388.0)
(388.0,388.0)
(461.0,388.0)
(398.0,388.0)
(388.0,388.0)
(388.0,388.0)
(388.0,388.0)
(388.0,388.0)
(388.0,388.0)
(391.0,388.0)
(409.0,388.0)
(388.0,388.0)
(388.0,388.0)
(388.0,388.0)
(388.0,388.0)
(388.0,388.0)
(388.0,388.0)
(388.0,388.0)
(388.0,388.0)
(388.0,388.0)
(388.0,388.0)
(388.0,388.0)
(388.0,388.0)
(388.0,388.0)
(388.0,388.0)
(388.0,388.0)
(388.0,388.0)
(388.0,388.0)
(388.0,388.0)
(388.0,388.0)
(388.0,388.0)
(388.0,388.0)
(438.0,388.0)
(388.0,388.0)
(387.0,388.0)
(388.0,388.0)
(388.0,388.0)
(388.0,388.0)
(388.0,388.0)
(460.0,388.0)
(388.0,388.0)
(461.0,388.0)
(388.0,388.0)
(388.0,388.0)
(388.0,388.0)
(388.0,388.0)
(393.0,388.0)
(388.0,388.0)
(388.0,388.0)
(388.0,388.0)
(388.0,388.0)
(388.0,388.0)
(388.0,388.0)
(388.0,388.0)
(388.0,388.0)
(388.0,388.0)
(461.0,388.0)
(388.0,388.0)
(388.0,388.0)
(388.0,388.0)
(388.0,388.0)
(388.0,388.0)
(461.0,388.0)
(388.0,388.0)
(388.0,388.0)
(388.0,388.0)
(399.0,388.0)
(388.0,388.0)
(388.0,388.0)
(387.0,388.0)
(398.0,388.0)
(388.0,388.0)
(388.0,388.0)
(388.0,388.0)
(388.0,388.0)
(388.0,388.0)
(388.0,388.0)
(388.0,388.0)
(388.0,388.0)
(388.0,388.0)
(388.0,388.0)
(391.0,388.0)
(388.0,388.0)
(387.0,388.0)
(461.0,388.0)
(388.0,388.0)
(388.0,388.0)
(399.0,388.0)
(387.0,388.0)
(388.0,388.0)
(388.0,388.0)
(388.0,388.0)
(461.0,388.0)
(460.0,388.0)
(391.0,388.0)
(389.0,388.0)
(388.0,388.0)
(388.0,388.0)
(461.0,388.0)
(389.0,388.0)
(399.0,388.0)
(388.0,388.0)
(388.0,388.0)
(388.0,388.0)
(391.0,388.0)
(388.0,388.0)
(461.0,388.0)
(388.0,388.0)
(388.0,388.0)
(388.0,388.0)
(388.0,388.0)
(388.0,388.0)
(388.0,388.0)
(388.0,388.0)
(388.0,388.0)
(423.0,388.0)
(389.0,388.0)
(388.0,388.0)
(388.0,388.0)
(388.0,388.0)
(388.0,388.0)
(388.0,388.0)
(388.0,388.0)
(388.0,388.0)
(388.0,388.0)
(388.0,388.0)
(388.0,388.0)
(387.0,388.0)
(388.0,388.0)
(388.0,388.0)
(388.0,388.0)
(388.0,388.0)
(388.0,388.0)
(388.0,388.0)
(388.0,388.0)
(388.0,388.0)
(388.0,388.0)
(387.0,388.0)
(389.0,388.0)
(388.0,388.0)
(388.0,388.0)
(461.0,388.0)
(387.0,388.0)
(403.0,388.0)
(388.0,388.0)
(388.0,388.0)
(393.0,388.0)
(389.0,388.0)
(388.0,388.0)
(388.0,388.0)
(460.0,388.0)
(391.0,388.0)
(388.0,388.0)
(388.0,388.0)
(388.0,388.0)
(388.0,388.0)
(388.0,388.0)
(388.0,388.0)
(389.0,388.0)
(388.0,388.0)
(388.0,388.0)
(388.0,388.0)
(460.0,388.0)
(388.0,388.0)
(388.0,388.0)
(388.0,388.0)
(460.0,388.0)
(389.0,388.0)
(387.0,388.0)
(388.0,388.0)
(388.0,388.0)
(388.0,388.0)
(388.0,388.0)
(387.0,388.0)
(388.0,388.0)
(388.0,388.0)
(771.0,388.0)
(388.0,388.0)
(388.0,388.0)
(388.0,388.0)
(388.0,388.0)
(388.0,388.0)
(388.0,388.0)
(387.0,388.0)
(388.0,388.0)
(389.0,388.0)
(387.0,388.0)
(388.0,388.0)
(388.0,388.0)
(388.0,388.0)
(389.0,388.0)
(389.0,388.0)
(388.0,388.0)
(387.0,388.0)
(388.0,388.0)
(388.0,388.0)
(388.0,388.0)
(461.0,388.0)
(389.0,388.0)
(399.0,388.0)
(388.0,388.0)
(388.0,388.0)
(388.0,388.0)
(400.0,388.0)
(388.0,388.0)
(387.0,388.0)
(388.0,388.0)
(461.0,388.0)
(389.0,388.0)
(388.0,388.0)
(388.0,388.0)
(388.0,388.0)
(388.0,388.0)
(387.0,388.0)
(388.0,388.0)
(388.0,388.0)
(388.0,388.0)
(387.0,388.0)
(388.0,388.0)
(388.0,388.0)
(388.0,388.0)
(461.0,388.0)
(388.0,388.0)
(388.0,388.0)
(409.0,388.0)
(461.0,388.0)
(388.0,388.0)
(460.0,388.0)
(388.0,388.0)
(388.0,388.0)
(461.0,388.0)
(388.0,388.0)
(391.0,388.0)
(460.0,388.0)
(388.0,388.0)
(388.0,388.0)
(388.0,388.0)
(388.0,388.0)
(388.0,388.0)
(461.0,388.0)
(388.0,388.0)
(388.0,388.0)
(386.0,388.0)
(461.0,388.0)
(388.0,388.0)
(393.0,388.0)
(387.0,388.0)
(391.0,388.0)
(388.0,388.0)
(387.0,388.0)
(387.0,388.0)
(388.0,388.0)
(388.0,388.0)
(388.0,388.0)
(388.0,388.0)
(388.0,388.0)
(388.0,388.0)
(388.0,388.0)
(388.0,388.0)
(461.0,388.0)
(388.0,388.0)
(388.0,388.0)
(461.0,388.0)
(399.0,388.0)
(388.0,388.0)
(388.0,388.0)
(388.0,388.0)
(388.0,388.0)
(387.0,388.0)
(388.0,388.0)
(388.0,388.0)
(387.0,388.0)
(389.0,388.0)
(388.0,388.0)
(388.0,388.0)
(388.0,388.0)
(388.0,388.0)
(388.0,388.0)
(388.0,388.0)
(388.0,388.0)
(389.0,388.0)
(388.0,388.0)
(388.0,388.0)
(388.0,388.0)
(388.0,388.0)
(388.0,388.0)
(388.0,388.0)
(763.0,388.0)
(388.0,388.0)
(388.0,388.0)
(388.0,388.0)
(388.0,388.0)
(461.0,388.0)
(388.0,388.0)
(388.0,388.0)
(349.0,388.0)
(460.0,388.0)
(388.0,388.0)
(388.0,388.0)
(388.0,388.0)
(388.0,388.0)
(388.0,388.0)
(388.0,388.0)
(388.0,388.0)
(388.0,388.0)
(388.0,388.0)
(386.0,388.0)
(388.0,388.0)
(388.0,388.0)
(388.0,388.0)
(388.0,388.0)
(388.0,388.0)
(388.0,388.0)
(388.0,388.0)
(388.0,388.0)
(386.0,388.0)
(388.0,388.0)
(388.0,388.0)
(388.0,388.0)
(388.0,388.0)
(388.0,388.0)
(388.0,388.0)
(388.0,388.0)
(388.0,388.0)
(388.0,388.0)
(388.0,388.0)
(388.0,388.0)
(388.0,388.0)
(388.0,388.0)
(388.0,388.0)
(388.0,388.0)
(388.0,388.0)
(388.0,388.0)
(388.0,388.0)
(388.0,388.0)
(388.0,388.0)
(388.0,388.0)
(388.0,388.0)
(388.0,388.0)
(388.0,388.0)
(388.0,388.0)
(388.0,388.0)
(388.0,388.0)
(388.0,388.0)
(388.0,388.0)
(388.0,388.0)
(388.0,388.0)
(388.0,388.0)
(388.0,388.0)
(388.0,388.0)
(388.0,388.0)
(388.0,388.0)
(388.0,388.0)
(388.0,388.0)
(388.0,388.0)
(388.0,388.0)
(389.0,388.0)
(388.0,388.0)
(388.0,388.0)
(388.0,388.0)
(388.0,388.0)
(388.0,388.0)
(388.0,388.0)
(461.0,388.0)
(388.0,388.0)
(388.0,388.0)
(388.0,388.0)
(388.0,388.0)
(388.0,388.0)
(460.0,388.0)
(388.0,388.0)
(388.0,388.0)
(388.0,388.0)
(388.0,388.0)
(388.0,388.0)
(388.0,388.0)
(388.0,388.0)
(388.0,388.0)
(388.0,388.0)
(388.0,388.0)
(388.0,388.0)
(388.0,388.0)
(388.0,388.0)
(388.0,388.0)
(388.0,388.0)
(388.0,388.0)
(388.0,388.0)
(388.0,388.0)
(387.0,388.0)
(388.0,388.0)
(388.0,388.0)
(388.0,388.0)
(388.0,388.0)
(388.0,388.0)
(388.0,388.0)
(388.0,388.0)
(388.0,388.0)
(388.0,388.0)
(389.0,388.0)
(388.0,388.0)
(389.0,388.0)
(388.0,388.0)
(388.0,388.0)
(386.0,388.0)
(388.0,388.0)
(388.0,388.0)
(388.0,388.0)
(460.0,388.0)
(388.0,388.0)
(388.0,388.0)
(388.0,388.0)
(388.0,388.0)
(388.0,388.0)
(461.0,388.0)
(460.0,388.0)
(387.0,388.0)
(387.0,388.0)
(388.0,388.0)
(388.0,388.0)
(388.0,388.0)
(388.0,388.0)
(388.0,388.0)
(389.0,388.0)
(417.0,388.0)
(388.0,388.0)
(388.0,388.0)
(388.0,388.0)
(388.0,388.0)
(391.0,388.0)
(388.0,388.0)
(388.0,388.0)
(388.0,388.0)
(388.0,388.0)
(388.0,388.0)
(388.0,388.0)
(388.0,388.0)
(388.0,388.0)
(388.0,388.0)
(388.0,388.0)
(388.0,388.0)
(388.0,388.0)
(388.0,388.0)
(388.0,388.0)
(388.0,388.0)
(461.0,388.0)
(388.0,388.0)
(388.0,388.0)
(388.0,388.0)
(771.0,388.0)
(409.0,388.0)
(388.0,388.0)
(388.0,388.0)
(388.0,388.0)
(388.0,388.0)
(461.0,388.0)
(388.0,388.0)
(388.0,388.0)
(388.0,388.0)
(388.0,388.0)
(388.0,388.0)
(388.0,388.0)
(388.0,388.0)
(399.0,388.0)
(388.0,388.0)
(388.0,388.0)
(388.0,388.0)
(390.0,390.0)
(390.0,390.0)
(390.0,390.0)
(390.0,390.0)
(390.0,390.0)
(390.0,390.0)
(390.0,390.0)
(390.0,390.0)
(390.0,390.0)
(390.0,390.0)
(390.0,390.0)
(390.0,390.0)
(390.0,390.0)
(390.0,390.0)
(392.0,390.0)
(390.0,390.0)
(390.0,390.0)
(390.0,390.0)
(391.0,390.0)
(760.0,390.0)
(390.0,390.0)
(390.0,390.0)
(390.0,390.0)
(390.0,390.0)
(390.0,390.0)
(390.0,390.0)
(390.0,390.0)
(390.0,390.0)
(390.0,390.0)
(390.0,390.0)
(390.0,390.0)
(388.0,390.0)
(390.0,390.0)
(390.0,390.0)
(390.0,390.0)
(390.0,390.0)
(390.0,390.0)
(390.0,390.0)
(390.0,390.0)
(390.0,390.0)
(388.0,390.0)
(390.0,390.0)
(390.0,390.0)
(390.0,390.0)
(390.0,390.0)
(391.0,390.0)
(390.0,390.0)
(390.0,390.0)
(760.0,390.0)
(390.0,390.0)
(391.0,390.0)
(390.0,390.0)
(390.0,390.0)
(393.0,390.0)
(759.0,390.0)
(386.0,390.0)
(388.0,390.0)
(390.0,390.0)
(390.0,390.0)
(390.0,390.0)
(388.0,390.0)
(390.0,390.0)
(390.0,390.0)
(390.0,390.0)
(388.0,390.0)
(760.0,390.0)
(392.0,390.0)
(390.0,390.0)
(390.0,390.0)
(760.0,390.0)
(386.0,390.0)
(390.0,390.0)
(390.0,390.0)
(390.0,390.0)
(390.0,390.0)
(390.0,390.0)
(390.0,390.0)
(390.0,390.0)
(390.0,390.0)
(390.0,390.0)
(390.0,390.0)
(390.0,390.0)
(391.0,390.0)
(390.0,390.0)
(390.0,390.0)
(390.0,390.0)
(390.0,390.0)
(390.0,390.0)
(390.0,390.0)
(390.0,390.0)
(390.0,390.0)
(745.0,390.0)
(390.0,390.0)
(390.0,390.0)
(390.0,390.0)
(390.0,390.0)
(390.0,390.0)
(390.0,390.0)
(390.0,390.0)
(390.0,390.0)
(390.0,390.0)
(390.0,390.0)
(390.0,390.0)
(389.0,390.0)
(390.0,390.0)
(390.0,390.0)
(390.0,390.0)
(388.0,390.0)
(390.0,390.0)
(390.0,390.0)
(391.0,390.0)
(390.0,390.0)
(390.0,390.0)
(390.0,390.0)
(390.0,390.0)
(390.0,390.0)
(390.0,390.0)
(390.0,390.0)
(390.0,390.0)
(393.0,390.0)
(390.0,390.0)
(390.0,390.0)
(390.0,390.0)
(390.0,390.0)
(388.0,390.0)
(390.0,390.0)
(390.0,390.0)
(390.0,390.0)
(390.0,390.0)
(390.0,390.0)
(390.0,390.0)
(390.0,390.0)
(390.0,390.0)
(390.0,390.0)
(390.0,390.0)
(390.0,390.0)
(386.0,390.0)
(390.0,390.0)
(390.0,390.0)
(390.0,390.0)
(390.0,390.0)
(391.0,390.0)
(390.0,390.0)
(390.0,390.0)
(390.0,390.0)
(390.0,390.0)
(390.0,390.0)
(386.0,390.0)
(390.0,390.0)
(390.0,390.0)
(388.0,390.0)
(390.0,390.0)
(390.0,390.0)
(390.0,390.0)
(390.0,390.0)
(390.0,390.0)
(390.0,390.0)
(388.0,390.0)
(390.0,390.0)
(390.0,390.0)
(760.0,390.0)
(390.0,390.0)
(388.0,390.0)
(390.0,390.0)
(390.0,390.0)
(390.0,390.0)
(390.0,390.0)
(390.0,390.0)
(390.0,390.0)
(390.0,390.0)
(390.0,390.0)
(388.0,390.0)
(388.0,390.0)
(390.0,390.0)
(390.0,390.0)
(388.0,390.0)
(390.0,390.0)
(390.0,390.0)
(390.0,390.0)
(390.0,390.0)
(390.0,390.0)
(391.0,390.0)
(390.0,390.0)
(391.0,390.0)
(390.0,390.0)
(388.0,390.0)
(390.0,390.0)
(390.0,390.0)
(390.0,390.0)
(399.0,390.0)
(390.0,390.0)
(390.0,390.0)
(390.0,390.0)
(390.0,390.0)
(388.0,390.0)
(390.0,390.0)
(388.0,390.0)
(390.0,390.0)
(388.0,390.0)
(386.0,390.0)
(390.0,390.0)
(391.0,390.0)
(390.0,390.0)
(390.0,390.0)
(388.0,390.0)
(390.0,390.0)
(390.0,390.0)
(435.0,390.0)
(390.0,390.0)
(390.0,390.0)
(390.0,390.0)
(388.0,390.0)
(390.0,390.0)
(386.0,390.0)
(388.0,390.0)
(390.0,390.0)
(390.0,390.0)
(391.0,390.0)
(390.0,390.0)
(390.0,390.0)
(393.0,390.0)
(388.0,390.0)
(390.0,390.0)
(760.0,390.0)
(390.0,390.0)
(760.0,390.0)
(388.0,390.0)
(390.0,390.0)
(440.0,390.0)
(390.0,390.0)
(390.0,390.0)
(459.0,390.0)
(388.0,390.0)
(390.0,390.0)
(390.0,390.0)
(390.0,390.0)
(390.0,390.0)
(388.0,390.0)
(760.0,390.0)
(390.0,390.0)
(390.0,390.0)
(390.0,390.0)
(388.0,390.0)
(388.0,390.0)
(387.0,390.0)
(413.0,390.0)
(393.0,390.0)
(388.0,390.0)
(388.0,390.0)
(459.0,390.0)
(390.0,390.0)
(388.0,390.0)
(390.0,390.0)
(388.0,390.0)
(387.0,390.0)
(390.0,390.0)
(390.0,390.0)
(388.0,390.0)
(386.0,390.0)
(390.0,390.0)
(388.0,390.0)
(390.0,390.0)
(390.0,390.0)
(390.0,390.0)
(388.0,390.0)
(390.0,390.0)
(390.0,390.0)
(390.0,390.0)
(392.0,390.0)
(390.0,390.0)
(390.0,390.0)
(390.0,390.0)
(390.0,390.0)
(390.0,390.0)
(386.0,390.0)
(388.0,390.0)
(390.0,390.0)
(387.0,390.0)
(390.0,390.0)
(390.0,390.0)
(760.0,390.0)
(388.0,390.0)
(388.0,390.0)
(390.0,390.0)
(390.0,390.0)
(390.0,390.0)
(390.0,390.0)
(388.0,390.0)
(390.0,390.0)
(390.0,390.0)
(390.0,390.0)
(390.0,390.0)
(390.0,390.0)
(388.0,390.0)
(388.0,390.0)
(390.0,390.0)
(388.0,390.0)
(390.0,390.0)
(390.0,390.0)
(388.0,390.0)
(390.0,390.0)
(390.0,390.0)
(388.0,390.0)
(388.0,390.0)
(393.0,390.0)
(390.0,390.0)
(391.0,390.0)
(391.0,390.0)
(390.0,390.0)
(390.0,390.0)
(390.0,390.0)
(390.0,390.0)
(390.0,390.0)
(390.0,390.0)
(390.0,390.0)
(390.0,390.0)
(390.0,390.0)
(388.0,390.0)
(390.0,390.0)
(409.0,390.0)
(390.0,390.0)
(390.0,390.0)
(388.0,390.0)
(390.0,390.0)
(388.0,390.0)
(388.0,390.0)
(390.0,390.0)
(390.0,390.0)
(390.0,390.0)
(388.0,390.0)
(390.0,390.0)
(388.0,390.0)
(388.0,390.0)
(390.0,390.0)
(390.0,390.0)
(388.0,390.0)
(390.0,390.0)
(390.0,390.0)
(390.0,390.0)
(392.0,390.0)
(390.0,390.0)
(388.0,390.0)
(388.0,390.0)
(388.0,390.0)
(388.0,390.0)
(390.0,390.0)
(390.0,390.0)
(390.0,390.0)
(390.0,390.0)
(399.0,390.0)
(390.0,390.0)
(390.0,390.0)
(390.0,390.0)
(390.0,390.0)
(388.0,390.0)
(388.0,390.0)
(388.0,390.0)
(390.0,390.0)
(388.0,390.0)
(388.0,390.0)
(390.0,390.0)
(390.0,390.0)
(390.0,390.0)
(390.0,390.0)
(390.0,390.0)
(390.0,390.0)
(390.0,390.0)
(390.0,390.0)
(390.0,390.0)
(393.0,390.0)
(390.0,390.0)
(388.0,390.0)
(391.0,390.0)
(388.0,390.0)
(388.0,390.0)
(390.0,390.0)
(745.0,390.0)
(390.0,390.0)
(390.0,390.0)
(388.0,390.0)
(392.0,390.0)
(390.0,390.0)
(390.0,390.0)
(390.0,390.0)
(390.0,390.0)
(388.0,390.0)
(388.0,390.0)
(390.0,390.0)
(390.0,390.0)
(388.0,390.0)
(390.0,390.0)
(400.0,390.0)
(388.0,390.0)
(393.0,390.0)
(391.0,390.0)
(390.0,390.0)
(390.0,390.0)
(390.0,390.0)
(388.0,390.0)
(390.0,390.0)
(390.0,390.0)
(390.0,390.0)
(390.0,390.0)
(388.0,390.0)
(388.0,390.0)
(388.0,390.0)
(390.0,390.0)
(399.0,390.0)
(391.0,390.0)
(390.0,390.0)
(390.0,390.0)
(390.0,390.0)
(388.0,390.0)
(390.0,390.0)
(388.0,390.0)
(390.0,390.0)
(390.0,390.0)
(390.0,390.0)
(391.0,390.0)
(390.0,390.0)
(391.0,390.0)
(390.0,390.0)
(390.0,390.0)
(390.0,390.0)
(390.0,390.0)
(390.0,390.0)
(390.0,390.0)
(390.0,390.0)
(390.0,390.0)
(391.0,390.0)
(388.0,390.0)
(417.0,390.0)
(390.0,390.0)
(390.0,390.0)
(390.0,390.0)
(390.0,390.0)
(390.0,390.0)
(388.0,390.0)
(391.0,390.0)
(390.0,390.0)
(399.0,390.0)
(390.0,390.0)
(390.0,390.0)
(403.0,390.0)
(390.0,390.0)
(390.0,390.0)
(390.0,390.0)
(388.0,390.0)
(390.0,390.0)
(390.0,390.0)
(390.0,390.0)
(390.0,390.0)
(390.0,390.0)
(390.0,390.0)
(390.0,390.0)
(390.0,390.0)
(390.0,390.0)
(390.0,390.0)
(479.0,390.0)
(391.0,390.0)
(390.0,390.0)
(388.0,390.0)
(390.0,390.0)
(390.0,390.0)
(390.0,390.0)
(390.0,390.0)
(390.0,390.0)
(390.0,390.0)
(388.0,390.0)
(390.0,390.0)
(390.0,390.0)
(390.0,390.0)
(421.0,390.0)
(388.0,390.0)
(760.0,390.0)
(388.0,390.0)
(390.0,390.0)
(388.0,390.0)
(390.0,390.0)
(390.0,390.0)
(390.0,390.0)
(390.0,390.0)
(390.0,390.0)
(390.0,390.0)
(390.0,390.0)
(390.0,390.0)
(390.0,390.0)
(390.0,390.0)
(390.0,390.0)
(390.0,390.0)
(391.0,390.0)
(390.0,390.0)
(390.0,390.0)
(390.0,390.0)
(390.0,390.0)
(388.0,390.0)
(390.0,390.0)
(392.0,390.0)
(390.0,390.0)
(390.0,390.0)
(390.0,390.0)
(390.0,390.0)
(390.0,390.0)
(390.0,390.0)
(391.0,390.0)
(390.0,390.0)
(388.0,390.0)
(390.0,390.0)
(388.0,390.0)
(388.0,390.0)
(388.0,390.0)
(391.0,390.0)
(390.0,390.0)
(435.0,390.0)
(388.0,390.0)
(390.0,390.0)
(388.0,390.0)
(390.0,390.0)
(390.0,390.0)
(390.0,390.0)
(390.0,390.0)
(390.0,390.0)
(389.0,390.0)
(390.0,390.0)
(390.0,390.0)
(390.0,390.0)
(390.0,390.0)
(390.0,390.0)
(388.0,390.0)
(390.0,390.0)
(388.0,390.0)
(390.0,390.0)
(466.0,390.0)
(390.0,390.0)
(390.0,390.0)
(390.0,390.0)
(390.0,390.0)
(386.0,390.0)
(388.0,390.0)
(388.0,390.0)
(390.0,390.0)
(390.0,390.0)
(386.0,390.0)
(391.0,390.0)
(390.0,390.0)
(390.0,390.0)
(390.0,390.0)
(390.0,390.0)
(390.0,390.0)
(760.0,390.0)
(388.0,390.0)
(388.0,390.0)
(390.0,390.0)
(760.0,390.0)
(391.0,390.0)
(390.0,390.0)
(390.0,390.0)
(390.0,390.0)
(390.0,390.0)
(390.0,390.0)
(390.0,390.0)
(388.0,390.0)
(391.0,390.0)
(390.0,390.0)
(390.0,390.0)
(390.0,390.0)
(390.0,390.0)
(392.0,390.0)
(390.0,390.0)
(390.0,390.0)
(388.0,390.0)
(390.0,390.0)
(390.0,390.0)
(390.0,390.0)
(390.0,390.0)
(388.0,390.0)
(760.0,390.0)
(390.0,390.0)
(390.0,390.0)
(390.0,390.0)
(390.0,390.0)
(390.0,390.0)
(390.0,390.0)
(390.0,390.0)
(390.0,390.0)
(390.0,390.0)
(390.0,390.0)
(393.0,390.0)
(390.0,390.0)
(388.0,390.0)
(388.0,390.0)
(390.0,390.0)
(390.0,390.0)
(390.0,390.0)
(390.0,390.0)
(390.0,390.0)
(388.0,390.0)
(391.0,390.0)
(390.0,390.0)
(391.0,390.0)
(388.0,390.0)
(390.0,390.0)
(390.0,390.0)
(390.0,390.0)
(390.0,390.0)
(388.0,390.0)
(761.0,390.0)
(761.0,390.0)
(390.0,390.0)
(390.0,390.0)
(390.0,390.0)
(390.0,390.0)
(390.0,390.0)
(388.0,390.0)
(390.0,390.0)
(390.0,390.0)
(390.0,390.0)
(390.0,390.0)
(390.0,390.0)
(390.0,390.0)
(387.0,390.0)
(392.0,390.0)
(390.0,390.0)
(760.0,390.0)
(390.0,390.0)
(390.0,390.0)
(760.0,390.0)
(390.0,390.0)
(390.0,390.0)
(390.0,390.0)
(760.0,390.0)
(388.0,390.0)
(390.0,390.0)
(390.0,390.0)
(390.0,390.0)
(390.0,390.0)
(391.0,390.0)
(390.0,390.0)
(390.0,390.0)
(390.0,390.0)
(391.0,390.0)
(390.0,390.0)
(760.0,390.0)
(763.0,390.0)
(390.0,390.0)
(388.0,390.0)
(390.0,390.0)
(390.0,390.0)
(390.0,390.0)
(390.0,390.0)
(390.0,390.0)
(391.0,390.0)
(390.0,390.0)
(390.0,390.0)
(393.0,390.0)
(388.0,390.0)
(390.0,390.0)
(390.0,390.0)
(390.0,390.0)
(390.0,390.0)
(390.0,390.0)
(390.0,390.0)
(392.0,390.0)
(390.0,390.0)
(390.0,390.0)
(388.0,390.0)
(393.0,390.0)
(388.0,390.0)
(390.0,390.0)
(390.0,390.0)
(390.0,390.0)
(388.0,390.0)
(390.0,390.0)
(389.0,390.0)
(390.0,390.0)
(390.0,390.0)
(388.0,390.0)
(390.0,390.0)
(390.0,390.0)
(390.0,390.0)
(388.0,390.0)
(390.0,390.0)
(390.0,390.0)
(581.0,390.0)
(390.0,390.0)
(388.0,390.0)
(390.0,390.0)
(390.0,390.0)
(390.0,390.0)
(390.0,390.0)
(390.0,390.0)
(390.0,390.0)
(386.0,390.0)
(390.0,390.0)
(390.0,390.0)
(390.0,390.0)
(390.0,390.0)
(390.0,390.0)
(390.0,390.0)
(390.0,390.0)
(388.0,390.0)
(388.0,390.0)
(390.0,390.0)
(388.0,390.0)
(390.0,390.0)
(388.0,390.0)
(390.0,390.0)
(388.0,390.0)
(760.0,390.0)
(390.0,390.0)
(390.0,390.0)
(391.0,390.0)
(390.0,390.0)
(390.0,390.0)
(390.0,390.0)
(388.0,390.0)
(390.0,390.0)
(390.0,390.0)
(390.0,390.0)
(409.0,390.0)
(390.0,390.0)
(389.0,390.0)
(760.0,390.0)
(390.0,390.0)
(390.0,390.0)
(391.0,390.0)
(390.0,390.0)
(390.0,390.0)
(393.0,390.0)
(391.0,390.0)
(760.0,390.0)
(390.0,390.0)
(390.0,390.0)
(390.0,390.0)
(390.0,390.0)
(388.0,390.0)
(390.0,390.0)
(390.0,390.0)
(390.0,390.0)
(390.0,390.0)
(390.0,390.0)
(390.0,390.0)
(390.0,390.0)
(390.0,390.0)
(390.0,390.0)
(390.0,390.0)
(388.0,390.0)
(390.0,390.0)
(390.0,390.0)
(390.0,390.0)
(390.0,390.0)
(388.0,390.0)
(390.0,390.0)
(388.0,390.0)
(390.0,390.0)
(390.0,390.0)
(390.0,390.0)
(390.0,390.0)
(390.0,390.0)
(390.0,390.0)
(390.0,390.0)
(388.0,390.0)
(390.0,390.0)
(388.0,390.0)
(390.0,390.0)
(391.0,390.0)
(390.0,390.0)
(390.0,390.0)
(390.0,390.0)
(390.0,390.0)
(390.0,390.0)
(786.0,391.0)
(417.0,391.0)
(406.0,391.0)
(417.0,391.0)
(369.0,391.0)
(386.0,391.0)
(386.0,391.0)
(447.0,391.0)
(447.0,391.0)
(447.0,391.0)
(471.0,391.0)
(442.0,391.0)
(395.0,391.0)
(369.0,391.0)
(471.0,391.0)
(417.0,391.0)
(386.0,391.0)
(417.0,391.0)
(399.0,391.0)
(417.0,391.0)
(417.0,391.0)
(386.0,391.0)
(417.0,391.0)
(447.0,391.0)
(386.0,391.0)
(417.0,391.0)
(369.0,391.0)
(386.0,391.0)
(789.0,391.0)
(417.0,391.0)
(417.0,391.0)
(417.0,391.0)
(417.0,391.0)
(417.0,391.0)
(386.0,391.0)
(417.0,391.0)
(785.0,391.0)
(417.0,391.0)
(417.0,391.0)
(386.0,391.0)
(455.0,391.0)
(422.0,391.0)
(386.0,391.0)
(369.0,391.0)
(789.0,391.0)
(386.0,391.0)
(417.0,391.0)
(417.0,391.0)
(417.0,391.0)
(386.0,391.0)
(417.0,391.0)
(447.0,391.0)
(471.0,391.0)
(386.0,391.0)
(417.0,391.0)
(417.0,391.0)
(417.0,391.0)
(404.0,391.0)
(386.0,391.0)
(395.0,391.0)
(417.0,391.0)
(386.0,391.0)
(386.0,391.0)
(387.0,391.0)
(395.0,391.0)
(435.0,391.0)
(417.0,391.0)
(386.0,391.0)
(471.0,391.0)
(447.0,391.0)
(417.0,391.0)
(417.0,391.0)
(789.0,391.0)
(417.0,391.0)
(417.0,391.0)
(471.0,391.0)
(474.0,391.0)
(370.0,391.0)
(386.0,391.0)
(804.0,391.0)
(417.0,391.0)
(789.0,391.0)
(447.0,391.0)
(22.0,391.0)
(455.0,391.0)
(417.0,391.0)
(387.0,391.0)
(447.0,391.0)
(471.0,391.0)
(417.0,391.0)
(447.0,391.0)
(417.0,391.0)
(417.0,391.0)
(386.0,391.0)
(417.0,391.0)
(417.0,391.0)
(377.0,391.0)
(386.0,391.0)
(417.0,391.0)
(471.0,391.0)
(386.0,391.0)
(386.0,391.0)
(471.0,391.0)
(386.0,391.0)
(447.0,391.0)
(421.0,391.0)
(417.0,391.0)
(417.0,391.0)
(447.0,391.0)
(404.0,391.0)
(417.0,391.0)
(406.0,391.0)
(417.0,391.0)
(459.0,391.0)
(417.0,391.0)
(417.0,391.0)
(417.0,391.0)
(447.0,391.0)
(417.0,391.0)
(417.0,391.0)
(785.0,391.0)
(417.0,391.0)
(386.0,391.0)
(386.0,391.0)
(417.0,391.0)
(789.0,391.0)
(369.0,391.0)
(417.0,391.0)
(386.0,391.0)
(785.0,391.0)
(417.0,391.0)
(447.0,391.0)
(386.0,391.0)
(417.0,391.0)
(387.0,391.0)
(789.0,391.0)
(459.0,391.0)
(386.0,391.0)
(417.0,391.0)
(417.0,391.0)
(471.0,391.0)
(417.0,391.0)
(417.0,391.0)
(417.0,391.0)
(804.0,391.0)
(447.0,391.0)
(417.0,391.0)
(417.0,391.0)
(417.0,391.0)
(417.0,391.0)
(417.0,391.0)
(386.0,391.0)
(447.0,391.0)
(386.0,391.0)
(417.0,391.0)
(515.0,391.0)
(386.0,391.0)
(417.0,391.0)
(386.0,391.0)
(417.0,391.0)
(785.0,391.0)
(417.0,391.0)
(369.0,391.0)
(471.0,391.0)
(417.0,391.0)
(417.0,391.0)
(386.0,391.0)
(431.0,391.0)
(417.0,391.0)
(417.0,391.0)
(447.0,391.0)
(386.0,391.0)
(369.0,391.0)
(417.0,391.0)
(386.0,391.0)
(417.0,391.0)
(417.0,391.0)
(471.0,391.0)
(386.0,391.0)
(386.0,391.0)
(417.0,391.0)
(471.0,391.0)
(417.0,391.0)
(395.0,391.0)
(354.0,391.0)
(471.0,391.0)
(417.0,391.0)
(417.0,391.0)
(386.0,391.0)
(406.0,391.0)
(417.0,391.0)
(417.0,391.0)
(417.0,391.0)
(417.0,391.0)
(417.0,391.0)
(386.0,391.0)
(395.0,391.0)
(417.0,391.0)
(417.0,391.0)
(447.0,391.0)
(417.0,391.0)
(417.0,391.0)
(404.0,391.0)
(417.0,391.0)
(417.0,391.0)
(417.0,391.0)
(417.0,391.0)
(386.0,391.0)
(417.0,391.0)
(386.0,391.0)
(417.0,391.0)
(471.0,391.0)
(417.0,391.0)
(395.0,391.0)
(417.0,391.0)
(417.0,391.0)
(455.0,391.0)
(386.0,391.0)
(447.0,391.0)
(435.0,391.0)
(417.0,391.0)
(417.0,391.0)
(369.0,391.0)
(417.0,391.0)
(386.0,391.0)
(447.0,391.0)
(386.0,391.0)
(417.0,391.0)
(368.0,391.0)
(417.0,391.0)
(386.0,391.0)
(417.0,391.0)
(471.0,391.0)
(417.0,391.0)
(417.0,391.0)
(417.0,391.0)
(417.0,391.0)
(489.0,391.0)
(386.0,391.0)
(447.0,391.0)
(417.0,391.0)
(417.0,391.0)
(417.0,391.0)
(417.0,391.0)
(417.0,391.0)
(417.0,391.0)
(471.0,391.0)
(386.0,391.0)
(417.0,391.0)
(789.0,391.0)
(387.0,391.0)
(417.0,391.0)
(386.0,391.0)
(447.0,391.0)
(447.0,391.0)
(386.0,391.0)
(386.0,391.0)
(417.0,391.0)
(399.0,391.0)
(386.0,391.0)
(417.0,391.0)
(459.0,391.0)
(417.0,391.0)
(386.0,391.0)
(386.0,391.0)
(417.0,391.0)
(417.0,391.0)
(804.0,391.0)
(386.0,391.0)
(386.0,391.0)
(417.0,391.0)
(735.0,391.0)
(386.0,391.0)
(386.0,391.0)
(471.0,391.0)
(471.0,391.0)
(386.0,391.0)
(417.0,391.0)
(471.0,391.0)
(417.0,391.0)
(386.0,391.0)
(471.0,391.0)
(417.0,391.0)
(447.0,391.0)
(417.0,391.0)
(417.0,391.0)
(417.0,391.0)
(417.0,391.0)
(471.0,391.0)
(417.0,391.0)
(386.0,391.0)
(417.0,391.0)
(386.0,391.0)
(417.0,391.0)
(404.0,391.0)
(417.0,391.0)
(417.0,391.0)
(417.0,391.0)
(417.0,391.0)
(417.0,391.0)
(368.0,391.0)
(387.0,391.0)
(386.0,391.0)
(417.0,391.0)
(417.0,391.0)
(404.0,391.0)
(369.0,391.0)
(447.0,391.0)
(455.0,391.0)
(85.0,391.0)
(785.0,391.0)
(417.0,391.0)
(386.0,391.0)
(447.0,391.0)
(789.0,391.0)
(386.0,391.0)
(417.0,391.0)
(369.0,391.0)
(417.0,391.0)
(386.0,391.0)
(417.0,391.0)
(417.0,391.0)
(417.0,391.0)
(386.0,391.0)
(395.0,391.0)
(395.0,391.0)
(417.0,391.0)
(417.0,391.0)
(431.0,391.0)
(417.0,391.0)
(386.0,391.0)
(417.0,391.0)
(447.0,391.0)
(447.0,391.0)
(417.0,391.0)
(484.0,391.0)
(417.0,391.0)
(369.0,391.0)
(386.0,391.0)
(386.0,391.0)
(386.0,391.0)
(417.0,391.0)
(417.0,391.0)
(417.0,391.0)
(455.0,391.0)
(395.0,391.0)
(447.0,391.0)
(417.0,391.0)
(447.0,391.0)
(447.0,391.0)
(395.0,391.0)
(471.0,391.0)
(386.0,391.0)
(417.0,391.0)
(417.0,391.0)
(417.0,391.0)
(386.0,391.0)
(386.0,391.0)
(447.0,391.0)
(386.0,391.0)
(406.0,391.0)
(471.0,391.0)
(1.0,391.0)
(417.0,391.0)
(386.0,391.0)
(386.0,391.0)
(386.0,391.0)
(736.0,391.0)
(417.0,391.0)
(417.0,391.0)
(417.0,391.0)
(447.0,391.0)
(417.0,391.0)
(442.0,391.0)
(417.0,391.0)
(789.0,391.0)
(386.0,391.0)
(785.0,391.0)
(447.0,391.0)
(417.0,391.0)
(804.0,391.0)
(386.0,391.0)
(417.0,391.0)
(417.0,391.0)
(417.0,391.0)
(1.0,391.0)
(417.0,391.0)
(386.0,391.0)
(447.0,391.0)
(369.0,391.0)
(417.0,391.0)
(447.0,391.0)
(417.0,391.0)
(158.0,391.0)
(442.0,391.0)
(386.0,391.0)
(417.0,391.0)
(386.0,391.0)
(417.0,391.0)
(417.0,391.0)
(417.0,391.0)
(386.0,391.0)
(786.0,391.0)
(417.0,391.0)
(474.0,391.0)
(417.0,391.0)
(417.0,391.0)
(447.0,391.0)
(386.0,391.0)
(447.0,391.0)
(417.0,391.0)
(417.0,391.0)
(435.0,391.0)
(417.0,391.0)
(804.0,391.0)
(459.0,391.0)
(386.0,391.0)
(386.0,391.0)
(471.0,391.0)
(386.0,391.0)
(417.0,391.0)
(447.0,391.0)
(417.0,391.0)
(459.0,391.0)
(386.0,391.0)
(386.0,391.0)
(407.0,391.0)
(417.0,391.0)
(447.0,391.0)
(399.0,391.0)
(369.0,391.0)
(417.0,391.0)
(417.0,391.0)
(471.0,391.0)
(386.0,391.0)
(386.0,391.0)
(370.0,391.0)
(417.0,391.0)
(369.0,391.0)
(406.0,391.0)
(386.0,391.0)
(387.0,391.0)
(417.0,391.0)
(387.0,391.0)
(484.0,391.0)
(804.0,391.0)
(386.0,391.0)
(459.0,391.0)
(417.0,391.0)
(417.0,391.0)
(417.0,391.0)
(386.0,391.0)
(386.0,391.0)
(417.0,391.0)
(417.0,391.0)
(386.0,391.0)
(417.0,391.0)
(417.0,391.0)
(386.0,391.0)
(386.0,391.0)
(158.0,391.0)
(386.0,391.0)
(417.0,391.0)
(417.0,391.0)
(417.0,391.0)
(386.0,391.0)
(417.0,391.0)
(387.0,391.0)
(417.0,391.0)
(386.0,391.0)
(417.0,391.0)
(804.0,391.0)
(771.0,391.0)
(386.0,391.0)
(421.0,391.0)
(386.0,391.0)
(386.0,391.0)
(369.0,391.0)
(417.0,391.0)
(386.0,391.0)
(386.0,391.0)
(417.0,391.0)
(417.0,391.0)
(386.0,391.0)
(22.0,391.0)
(387.0,391.0)
(417.0,391.0)
(417.0,391.0)
(386.0,391.0)
(417.0,391.0)
(771.0,391.0)
(789.0,391.0)
(417.0,391.0)
(417.0,391.0)
(471.0,391.0)
(22.0,391.0)
(404.0,391.0)
(459.0,391.0)
(417.0,391.0)
(471.0,391.0)
(447.0,391.0)
(788.0,391.0)
(386.0,391.0)
(417.0,391.0)
(386.0,391.0)
(370.0,391.0)
(386.0,391.0)
(406.0,391.0)
(386.0,391.0)
(417.0,391.0)
(417.0,391.0)
(417.0,391.0)
(386.0,391.0)
(471.0,391.0)
(417.0,391.0)
(386.0,391.0)
(417.0,391.0)
(377.0,391.0)
(417.0,391.0)
(471.0,391.0)
(417.0,391.0)
(417.0,391.0)
(386.0,391.0)
(386.0,391.0)
(417.0,391.0)
(386.0,391.0)
(447.0,391.0)
(417.0,391.0)
(430.0,391.0)
(417.0,391.0)
(386.0,391.0)
(417.0,391.0)
(417.0,391.0)
(386.0,391.0)
(386.0,391.0)
(413.0,391.0)
(386.0,391.0)
(417.0,391.0)
(471.0,391.0)
(387.0,391.0)
(658.0,391.0)
(386.0,391.0)
(417.0,391.0)
(386.0,391.0)
(417.0,391.0)
(386.0,391.0)
(386.0,391.0)
(386.0,391.0)
(417.0,391.0)
(417.0,391.0)
(442.0,391.0)
(804.0,391.0)
(442.0,391.0)
(447.0,391.0)
(386.0,391.0)
(387.0,391.0)
(447.0,391.0)
(417.0,391.0)
(447.0,391.0)
(386.0,391.0)
(447.0,391.0)
(386.0,391.0)
(417.0,391.0)
(447.0,391.0)
(789.0,391.0)
(386.0,391.0)
(459.0,391.0)
(459.0,391.0)
(447.0,391.0)
(447.0,391.0)
(386.0,391.0)
(417.0,391.0)
(417.0,391.0)
(471.0,391.0)
(417.0,391.0)
(417.0,391.0)
(417.0,391.0)
(386.0,391.0)
(447.0,391.0)
(386.0,391.0)
(386.0,391.0)
(369.0,391.0)
(417.0,391.0)
(417.0,391.0)
(386.0,391.0)
(447.0,391.0)
(386.0,391.0)
(417.0,391.0)
(417.0,391.0)
(386.0,391.0)
(471.0,391.0)
(386.0,391.0)
(417.0,391.0)
(417.0,391.0)
(417.0,391.0)
(417.0,391.0)
(386.0,391.0)
(417.0,391.0)
(386.0,391.0)
(459.0,391.0)
(417.0,391.0)
(417.0,391.0)
(395.0,391.0)
(417.0,391.0)
(417.0,391.0)
(417.0,391.0)
(417.0,391.0)
(386.0,391.0)
(471.0,391.0)
(386.0,391.0)
(417.0,391.0)
(417.0,391.0)
(417.0,391.0)
(386.0,391.0)
(386.0,391.0)
(789.0,391.0)
(417.0,391.0)
(447.0,391.0)
(471.0,391.0)
(417.0,391.0)
(417.0,391.0)
(404.0,391.0)
(386.0,391.0)
(417.0,391.0)
(417.0,391.0)
(386.0,391.0)
(386.0,391.0)
(422.0,391.0)
(386.0,391.0)
(417.0,391.0)
(447.0,391.0)
(417.0,391.0)
(417.0,391.0)
(417.0,391.0)
(417.0,391.0)
(386.0,391.0)
(417.0,391.0)
(417.0,391.0)
(431.0,391.0)
(417.0,391.0)
(386.0,391.0)
(417.0,391.0)
(447.0,391.0)
(417.0,391.0)
(417.0,391.0)
(417.0,391.0)
(417.0,391.0)
(365.0,391.0)
(386.0,391.0)
(417.0,391.0)
(417.0,391.0)
(386.0,391.0)
(417.0,391.0)
(386.0,391.0)
(386.0,391.0)
(417.0,391.0)
(789.0,391.0)
(386.0,391.0)
(386.0,391.0)
(417.0,391.0)
(386.0,391.0)
(417.0,391.0)
(789.0,391.0)
(417.0,391.0)
(417.0,391.0)
(417.0,391.0)
(417.0,391.0)
(471.0,391.0)
(386.0,391.0)
(417.0,391.0)
(417.0,391.0)
(417.0,391.0)
(417.0,391.0)
(417.0,391.0)
(417.0,391.0)
(417.0,391.0)
(417.0,391.0)
(417.0,391.0)
(417.0,391.0)
(417.0,391.0)
(447.0,391.0)
(417.0,391.0)
(417.0,391.0)
(417.0,391.0)
(471.0,391.0)
(482.0,391.0)
(459.0,391.0)
(422.0,391.0)
(447.0,391.0)
(435.0,391.0)
(417.0,391.0)
(386.0,391.0)
(421.0,391.0)
(417.0,391.0)
(417.0,391.0)
(395.0,391.0)
(386.0,391.0)
(386.0,391.0)
(395.0,391.0)
(417.0,391.0)
(417.0,391.0)
(447.0,391.0)
(386.0,391.0)
(417.0,391.0)
(417.0,391.0)
(386.0,391.0)
(386.0,391.0)
(804.0,391.0)
(417.0,391.0)
(417.0,391.0)
(386.0,391.0)
(417.0,391.0)
(386.0,391.0)
(417.0,391.0)
(386.0,391.0)
(386.0,391.0)
(459.0,391.0)
(804.0,391.0)
(447.0,391.0)
(417.0,391.0)
(386.0,391.0)
(417.0,391.0)
(417.0,391.0)
(455.0,391.0)
(417.0,391.0)
(417.0,391.0)
(417.0,391.0)
(417.0,391.0)
(417.0,391.0)
(386.0,391.0)
(417.0,391.0)
(386.0,391.0)
(386.0,391.0)
(386.0,391.0)
(417.0,391.0)
(386.0,391.0)
(417.0,391.0)
(417.0,391.0)
(417.0,391.0)
(417.0,391.0)
(386.0,391.0)
(390.0,391.0)
(471.0,391.0)
(417.0,391.0)
(447.0,391.0)
(417.0,391.0)
(417.0,391.0)
(381.0,391.0)
(417.0,391.0)
(417.0,391.0)
(417.0,391.0)
(417.0,391.0)
(386.0,391.0)
(515.0,391.0)
(417.0,391.0)
(386.0,391.0)
(417.0,391.0)
(417.0,391.0)
(455.0,391.0)
(417.0,391.0)
(417.0,391.0)
(417.0,391.0)
(447.0,391.0)
(417.0,391.0)
(417.0,391.0)
(417.0,391.0)
(417.0,391.0)
(417.0,391.0)
(417.0,391.0)
(417.0,391.0)
(417.0,391.0)
(386.0,391.0)
(417.0,391.0)
(417.0,391.0)
(447.0,391.0)
(386.0,391.0)
(417.0,391.0)
(406.0,391.0)
(395.0,391.0)
(447.0,391.0)
(447.0,391.0)
(386.0,391.0)
(417.0,391.0)
(386.0,391.0)
(395.0,391.0)
(386.0,391.0)
(417.0,391.0)
(804.0,391.0)
(417.0,391.0)
(417.0,391.0)
(417.0,391.0)
(459.0,391.0)
(447.0,391.0)
(387.0,391.0)
(804.0,391.0)
(764.0,391.0)
(789.0,391.0)
(386.0,391.0)
(417.0,391.0)
(417.0,391.0)
(407.0,391.0)
(386.0,391.0)
(789.0,391.0)
(386.0,391.0)
(370.0,391.0)
(447.0,391.0)
(386.0,391.0)
(417.0,391.0)
(417.0,391.0)
(417.0,391.0)
(789.0,391.0)
(447.0,391.0)
(447.0,391.0)
(447.0,391.0)
(417.0,391.0)
(406.0,391.0)
(417.0,391.0)
(386.0,391.0)
(447.0,391.0)
(386.0,391.0)
(386.0,391.0)
(471.0,391.0)
(447.0,391.0)
(386.0,391.0)
(459.0,391.0)
(368.0,391.0)
(447.0,391.0)
(735.0,391.0)
(471.0,391.0)
(435.0,391.0)
(417.0,391.0)
(417.0,391.0)
(417.0,391.0)
(386.0,391.0)
(789.0,391.0)
(447.0,391.0)
(417.0,391.0)
(386.0,391.0)
(447.0,391.0)
(789.0,391.0)
(370.0,391.0)
(417.0,391.0)
(435.0,391.0)
(789.0,391.0)
(431.0,391.0)
(785.0,391.0)
(417.0,391.0)
(386.0,391.0)
(417.0,391.0)
(22.0,391.0)
(471.0,391.0)
(417.0,391.0)
(417.0,391.0)
(417.0,391.0)
(417.0,391.0)
(395.0,391.0)
(386.0,391.0)
(417.0,391.0)
(489.0,391.0)
(417.0,391.0)
(431.0,391.0)
(417.0,391.0)
(417.0,391.0)
(386.0,391.0)
(789.0,391.0)
(471.0,391.0)
