(211.0,211.0)
(653.0,211.0)
(240.0,211.0)
(617.0,211.0)
(617.0,211.0)
(240.0,211.0)
(653.0,211.0)
(653.0,211.0)
(240.0,211.0)
(653.0,211.0)
(240.0,211.0)
(240.0,211.0)
(653.0,211.0)
(240.0,211.0)
(617.0,211.0)
(617.0,211.0)
(211.0,211.0)
(653.0,211.0)
(617.0,211.0)
(617.0,211.0)
(240.0,211.0)
(617.0,211.0)
(240.0,211.0)
(240.0,211.0)
(240.0,211.0)
(255.0,211.0)
(653.0,211.0)
(305.0,211.0)
(240.0,211.0)
(211.0,211.0)
(617.0,211.0)
(653.0,211.0)
(653.0,211.0)
(240.0,211.0)
(617.0,211.0)
(653.0,211.0)
(317.0,211.0)
(653.0,211.0)
(240.0,211.0)
(653.0,211.0)
(240.0,211.0)
(240.0,211.0)
(305.0,211.0)
(211.0,211.0)
(190.0,211.0)
(653.0,211.0)
(617.0,211.0)
(653.0,211.0)
(653.0,211.0)
(240.0,211.0)
(617.0,211.0)
(255.0,211.0)
(653.0,211.0)
(653.0,211.0)
(240.0,211.0)
(617.0,211.0)
(190.0,211.0)
(240.0,211.0)
(617.0,211.0)
(211.0,211.0)
(653.0,211.0)
(653.0,211.0)
(240.0,211.0)
(653.0,211.0)
(617.0,211.0)
(653.0,211.0)
(211.0,211.0)
(653.0,211.0)
(211.0,211.0)
(211.0,211.0)
(617.0,211.0)
(240.0,211.0)
(653.0,211.0)
(653.0,211.0)
(211.0,211.0)
(211.0,211.0)
(617.0,211.0)
(653.0,211.0)
(653.0,211.0)
(653.0,211.0)
(240.0,211.0)
(240.0,211.0)
(653.0,211.0)
(653.0,211.0)
(240.0,211.0)
(653.0,211.0)
(240.0,211.0)
(653.0,211.0)
(653.0,211.0)
(211.0,211.0)
(190.0,211.0)
(190.0,211.0)
(617.0,211.0)
(211.0,211.0)
(212.0,212.0)
(262.0,212.0)
(617.0,212.0)
(255.0,212.0)
(617.0,212.0)
(212.0,212.0)
(656.0,212.0)
(262.0,212.0)
(262.0,212.0)
(262.0,212.0)
(212.0,212.0)
(262.0,212.0)
(617.0,212.0)
(262.0,212.0)
(262.0,212.0)
(255.0,212.0)
(617.0,212.0)
(262.0,212.0)
(262.0,212.0)
(617.0,212.0)
(212.0,212.0)
(262.0,212.0)
(617.0,212.0)
(255.0,212.0)
(212.0,212.0)
(262.0,212.0)
(262.0,212.0)
(617.0,212.0)
(255.0,212.0)
(255.0,212.0)
(262.0,212.0)
(262.0,212.0)
(617.0,212.0)
(262.0,212.0)
(262.0,212.0)
(656.0,212.0)
(656.0,212.0)
(212.0,212.0)
(212.0,212.0)
(262.0,212.0)
(262.0,212.0)
(656.0,212.0)
(262.0,212.0)
(212.0,212.0)
(617.0,212.0)
(212.0,212.0)
(262.0,212.0)
(255.0,212.0)
(262.0,212.0)
(262.0,212.0)
(212.0,212.0)
(617.0,212.0)
(255.0,212.0)
(262.0,212.0)
(262.0,212.0)
(262.0,212.0)
(262.0,212.0)
(262.0,212.0)
(212.0,212.0)
(262.0,212.0)
(262.0,212.0)
(212.0,212.0)
(262.0,212.0)
(262.0,212.0)
(262.0,212.0)
(255.0,212.0)
(617.0,212.0)
(617.0,212.0)
(262.0,212.0)
(262.0,212.0)
(255.0,212.0)
(656.0,212.0)
(262.0,212.0)
(262.0,212.0)
(262.0,212.0)
(262.0,212.0)
(262.0,212.0)
(656.0,212.0)
(262.0,212.0)
(617.0,212.0)
(262.0,212.0)
(262.0,212.0)
(262.0,212.0)
(262.0,212.0)
(255.0,212.0)
(262.0,212.0)
(262.0,212.0)
(212.0,212.0)
(262.0,212.0)
(212.0,212.0)
(262.0,212.0)
(212.0,212.0)
(262.0,212.0)
(617.0,212.0)
(617.0,212.0)
(617.0,212.0)
(262.0,212.0)
(262.0,212.0)
(212.0,212.0)
(617.0,212.0)
(617.0,212.0)
(212.0,212.0)
(262.0,212.0)
(255.0,212.0)
(262.0,212.0)
(255.0,212.0)
(212.0,212.0)
(262.0,212.0)
(262.0,212.0)
(262.0,212.0)
(262.0,212.0)
(617.0,212.0)
(262.0,212.0)
(262.0,212.0)
(617.0,212.0)
(617.0,212.0)
(262.0,212.0)
(617.0,212.0)
(262.0,212.0)
(212.0,212.0)
(212.0,212.0)
(262.0,212.0)
(255.0,212.0)
(617.0,212.0)
(656.0,212.0)
(262.0,212.0)
(617.0,212.0)
(255.0,212.0)
(262.0,212.0)
(212.0,212.0)
(617.0,212.0)
(262.0,212.0)
(262.0,212.0)
(262.0,212.0)
(212.0,212.0)
(255.0,212.0)
(656.0,212.0)
(262.0,212.0)
(617.0,212.0)
(262.0,212.0)
(255.0,212.0)
(262.0,212.0)
(617.0,212.0)
(262.0,212.0)
(255.0,212.0)
(262.0,212.0)
(617.0,212.0)
(617.0,212.0)
(262.0,212.0)
(262.0,212.0)
(656.0,212.0)
(617.0,212.0)
(617.0,212.0)
(262.0,212.0)
(617.0,212.0)
(262.0,212.0)
(255.0,212.0)
(255.0,212.0)
(212.0,212.0)
(262.0,212.0)
(262.0,212.0)
(255.0,212.0)
(262.0,212.0)
(262.0,212.0)
(262.0,212.0)
(262.0,212.0)
(262.0,212.0)
(617.0,212.0)
(617.0,212.0)
(262.0,212.0)
(255.0,212.0)
(262.0,212.0)
(262.0,212.0)
(617.0,212.0)
(262.0,212.0)
(262.0,212.0)
(262.0,212.0)
(212.0,212.0)
(262.0,212.0)
(255.0,212.0)
(255.0,212.0)
(212.0,212.0)
(262.0,212.0)
(262.0,212.0)
(262.0,212.0)
(262.0,212.0)
(262.0,212.0)
(617.0,212.0)
(617.0,212.0)
(262.0,212.0)
(617.0,212.0)
(212.0,212.0)
(255.0,212.0)
(617.0,212.0)
(212.0,212.0)
(212.0,212.0)
(212.0,212.0)
(212.0,212.0)
(212.0,212.0)
(212.0,212.0)
(212.0,212.0)
(212.0,212.0)
(212.0,212.0)
(212.0,212.0)
(212.0,212.0)
(212.0,212.0)
(212.0,212.0)
(262.0,212.0)
(212.0,212.0)
(212.0,212.0)
(212.0,212.0)
(212.0,212.0)
(212.0,212.0)
(212.0,212.0)
(212.0,212.0)
(212.0,212.0)
(212.0,212.0)
(212.0,212.0)
(212.0,212.0)
(212.0,212.0)
(212.0,212.0)
(212.0,212.0)
(212.0,212.0)
(212.0,212.0)
(262.0,212.0)
(212.0,212.0)
(212.0,212.0)
(262.0,212.0)
(212.0,212.0)
(212.0,212.0)
(212.0,212.0)
(212.0,212.0)
(212.0,212.0)
(212.0,212.0)
(262.0,212.0)
(212.0,212.0)
(212.0,212.0)
(262.0,212.0)
(212.0,212.0)
(212.0,212.0)
(212.0,212.0)
(212.0,212.0)
(212.0,212.0)
(212.0,212.0)
(212.0,212.0)
(212.0,212.0)
(212.0,212.0)
(212.0,212.0)
(212.0,212.0)
(212.0,212.0)
(212.0,212.0)
(212.0,212.0)
(212.0,212.0)
(212.0,212.0)
(262.0,212.0)
(212.0,212.0)
(212.0,212.0)
(212.0,212.0)
(212.0,212.0)
(212.0,212.0)
(212.0,212.0)
(212.0,212.0)
(212.0,212.0)
(212.0,212.0)
(212.0,212.0)
(212.0,212.0)
(212.0,212.0)
(212.0,212.0)
(212.0,212.0)
(212.0,212.0)
(212.0,212.0)
(212.0,212.0)
(212.0,212.0)
(212.0,212.0)
(262.0,212.0)
(262.0,212.0)
(212.0,212.0)
(212.0,212.0)
(212.0,212.0)
(212.0,212.0)
(212.0,212.0)
(212.0,212.0)
(262.0,212.0)
(212.0,212.0)
(212.0,212.0)
(262.0,212.0)
(262.0,212.0)
(212.0,212.0)
(212.0,212.0)
(212.0,212.0)
(212.0,212.0)
(212.0,212.0)
(212.0,212.0)
(212.0,212.0)
(212.0,212.0)
(262.0,212.0)
(212.0,212.0)
(212.0,212.0)
(212.0,212.0)
(262.0,212.0)
(212.0,212.0)
(262.0,212.0)
(212.0,212.0)
(212.0,212.0)
(212.0,212.0)
(212.0,212.0)
(212.0,212.0)
(212.0,212.0)
(212.0,212.0)
(212.0,212.0)
(212.0,212.0)
(212.0,212.0)
(262.0,212.0)
(212.0,212.0)
(212.0,212.0)
(212.0,212.0)
(262.0,212.0)
(212.0,212.0)
(262.0,212.0)
(212.0,212.0)
(212.0,212.0)
(212.0,212.0)
(262.0,212.0)
(212.0,212.0)
(262.0,212.0)
(212.0,212.0)
(212.0,212.0)
(212.0,212.0)
(262.0,212.0)
(262.0,212.0)
(262.0,212.0)
(212.0,212.0)
(646.0,212.0)
(212.0,212.0)
(262.0,212.0)
(262.0,212.0)
(262.0,212.0)
(641.0,212.0)
(262.0,212.0)
(262.0,212.0)
(262.0,212.0)
(212.0,212.0)
(212.0,212.0)
(212.0,212.0)
(212.0,212.0)
(262.0,212.0)
(212.0,212.0)
(212.0,212.0)
(262.0,212.0)
(262.0,212.0)
(646.0,212.0)
(262.0,212.0)
(646.0,212.0)
(212.0,212.0)
(212.0,212.0)
(262.0,212.0)
(646.0,212.0)
(212.0,212.0)
(212.0,212.0)
(212.0,212.0)
(262.0,212.0)
(262.0,212.0)
(212.0,212.0)
(262.0,212.0)
(212.0,212.0)
(646.0,212.0)
(212.0,212.0)
(212.0,212.0)
(262.0,212.0)
(262.0,212.0)
(262.0,212.0)
(212.0,212.0)
(212.0,212.0)
(262.0,212.0)
(262.0,212.0)
(262.0,212.0)
(262.0,212.0)
(262.0,212.0)
(212.0,212.0)
(212.0,212.0)
(262.0,212.0)
(212.0,212.0)
(212.0,212.0)
(212.0,212.0)
(212.0,212.0)
(262.0,212.0)
(212.0,212.0)
(641.0,212.0)
(641.0,212.0)
(646.0,212.0)
(212.0,212.0)
(646.0,212.0)
(212.0,212.0)
(646.0,212.0)
(262.0,212.0)
(262.0,212.0)
(212.0,212.0)
(212.0,212.0)
(646.0,212.0)
(212.0,212.0)
(262.0,212.0)
(212.0,212.0)
(262.0,212.0)
(212.0,212.0)
(646.0,212.0)
(262.0,212.0)
(212.0,212.0)
(212.0,212.0)
(212.0,212.0)
(212.0,212.0)
(262.0,212.0)
(212.0,212.0)
(212.0,212.0)
(212.0,212.0)
(641.0,212.0)
(212.0,212.0)
(262.0,212.0)
(262.0,212.0)
(212.0,212.0)
(212.0,212.0)
(212.0,212.0)
(212.0,212.0)
(262.0,212.0)
(262.0,212.0)
(212.0,212.0)
(262.0,212.0)
(212.0,212.0)
(212.0,212.0)
(262.0,212.0)
(646.0,212.0)
(212.0,212.0)
(212.0,212.0)
(262.0,212.0)
(262.0,212.0)
(212.0,212.0)
(212.0,212.0)
(212.0,212.0)
(212.0,212.0)
(646.0,212.0)
(212.0,212.0)
(212.0,212.0)
(212.0,212.0)
(641.0,212.0)
(212.0,212.0)
(262.0,212.0)
(212.0,212.0)
(262.0,212.0)
(262.0,212.0)
(212.0,212.0)
(212.0,212.0)
(262.0,212.0)
(646.0,212.0)
(212.0,212.0)
(212.0,212.0)
(646.0,212.0)
(646.0,212.0)
(641.0,212.0)
(262.0,212.0)
(262.0,212.0)
(646.0,212.0)
(212.0,212.0)
(646.0,212.0)
(262.0,212.0)
(262.0,212.0)
(212.0,212.0)
(212.0,212.0)
(212.0,212.0)
(262.0,212.0)
(262.0,212.0)
(646.0,212.0)
(212.0,212.0)
(641.0,212.0)
(212.0,212.0)
(212.0,212.0)
(212.0,212.0)
(262.0,212.0)
(212.0,212.0)
(646.0,212.0)
(212.0,212.0)
(262.0,212.0)
(262.0,212.0)
(646.0,212.0)
(262.0,212.0)
(212.0,212.0)
(212.0,212.0)
(212.0,212.0)
(212.0,212.0)
(262.0,212.0)
(262.0,212.0)
(262.0,212.0)
(212.0,212.0)
(212.0,212.0)
(262.0,212.0)
(262.0,212.0)
(262.0,212.0)
(212.0,212.0)
(212.0,212.0)
(262.0,212.0)
(262.0,212.0)
(212.0,212.0)
(262.0,212.0)
(646.0,212.0)
(262.0,212.0)
(262.0,212.0)
(641.0,212.0)
(212.0,212.0)
(262.0,212.0)
(646.0,212.0)
(641.0,212.0)
(212.0,212.0)
(646.0,212.0)
(212.0,212.0)
(212.0,212.0)
(212.0,212.0)
(212.0,212.0)
(212.0,212.0)
(212.0,212.0)
(212.0,212.0)
(212.0,212.0)
(212.0,212.0)
(212.0,212.0)
(212.0,212.0)
(212.0,212.0)
(212.0,212.0)
(212.0,212.0)
(212.0,212.0)
(631.0,212.0)
(212.0,212.0)
(212.0,212.0)
(212.0,212.0)
(212.0,212.0)
(212.0,212.0)
(212.0,212.0)
(212.0,212.0)
(212.0,212.0)
(212.0,212.0)
(631.0,212.0)
(212.0,212.0)
(212.0,212.0)
(212.0,212.0)
(212.0,212.0)
(212.0,212.0)
(212.0,212.0)
(212.0,212.0)
(212.0,212.0)
(212.0,212.0)
(212.0,212.0)
(212.0,212.0)
(299.0,212.0)
(212.0,212.0)
(212.0,212.0)
(212.0,212.0)
(212.0,212.0)
(212.0,212.0)
(212.0,212.0)
(212.0,212.0)
(212.0,212.0)
(212.0,212.0)
(212.0,212.0)
(262.0,212.0)
(212.0,212.0)
(212.0,212.0)
(212.0,212.0)
(212.0,212.0)
(212.0,212.0)
(212.0,212.0)
(212.0,212.0)
(212.0,212.0)
(212.0,212.0)
(212.0,212.0)
(212.0,212.0)
(212.0,212.0)
(212.0,212.0)
(212.0,212.0)
(212.0,212.0)
(212.0,212.0)
(212.0,212.0)
(212.0,212.0)
(212.0,212.0)
(212.0,212.0)
(212.0,212.0)
(212.0,212.0)
(212.0,212.0)
(212.0,212.0)
(212.0,212.0)
(212.0,212.0)
(212.0,212.0)
(212.0,212.0)
(212.0,212.0)
(212.0,212.0)
(212.0,212.0)
(212.0,212.0)
(212.0,212.0)
(212.0,212.0)
(212.0,212.0)
(212.0,212.0)
(631.0,212.0)
(212.0,212.0)
(262.0,212.0)
(212.0,212.0)
(212.0,212.0)
(212.0,212.0)
(212.0,212.0)
(212.0,212.0)
(212.0,212.0)
(212.0,212.0)
(212.0,212.0)
(212.0,212.0)
(212.0,212.0)
(262.0,212.0)
(212.0,212.0)
(212.0,212.0)
(212.0,212.0)
(212.0,212.0)
(212.0,212.0)
(212.0,212.0)
(212.0,212.0)
(212.0,212.0)
(212.0,212.0)
(212.0,212.0)
(212.0,212.0)
(212.0,212.0)
(631.0,212.0)
(212.0,212.0)
(212.0,212.0)
(262.0,212.0)
(212.0,212.0)
(212.0,212.0)
(212.0,212.0)
(212.0,212.0)
(212.0,212.0)
(212.0,212.0)
(212.0,212.0)
(212.0,212.0)
(212.0,212.0)
(212.0,212.0)
(212.0,212.0)
(212.0,212.0)
(212.0,212.0)
(212.0,212.0)
(212.0,212.0)
(212.0,212.0)
(212.0,212.0)
(212.0,212.0)
(212.0,212.0)
(212.0,212.0)
(212.0,212.0)
(212.0,212.0)
(212.0,212.0)
(212.0,212.0)
(212.0,212.0)
(212.0,212.0)
(212.0,212.0)
(212.0,212.0)
(212.0,212.0)
(212.0,212.0)
(212.0,212.0)
(212.0,212.0)
(212.0,212.0)
(212.0,212.0)
(212.0,212.0)
(212.0,212.0)
(212.0,212.0)
(212.0,212.0)
(212.0,212.0)
(212.0,212.0)
(212.0,212.0)
(212.0,212.0)
(212.0,212.0)
(212.0,212.0)
(212.0,212.0)
(212.0,212.0)
(212.0,212.0)
(212.0,212.0)
(212.0,212.0)
(212.0,212.0)
(212.0,212.0)
(212.0,212.0)
(212.0,212.0)
(212.0,212.0)
(212.0,212.0)
(212.0,212.0)
(212.0,212.0)
(212.0,212.0)
(212.0,212.0)
(212.0,212.0)
(212.0,212.0)
(212.0,212.0)
(212.0,212.0)
(212.0,212.0)
(212.0,212.0)
(212.0,212.0)
(212.0,212.0)
(212.0,212.0)
(212.0,212.0)
(212.0,212.0)
(212.0,212.0)
(212.0,212.0)
(212.0,212.0)
(212.0,212.0)
(212.0,212.0)
(212.0,212.0)
(212.0,212.0)
(212.0,212.0)
(212.0,212.0)
(212.0,212.0)
(212.0,212.0)
(212.0,212.0)
(212.0,212.0)
(212.0,212.0)
(212.0,212.0)
(212.0,212.0)
(212.0,212.0)
(212.0,212.0)
(212.0,212.0)
(212.0,212.0)
(212.0,212.0)
(212.0,212.0)
(212.0,212.0)
(212.0,212.0)
(212.0,212.0)
(212.0,212.0)
(212.0,212.0)
(212.0,212.0)
(212.0,212.0)
(212.0,212.0)
(212.0,212.0)
(212.0,212.0)
(212.0,212.0)
(212.0,212.0)
(212.0,212.0)
(212.0,212.0)
(212.0,212.0)
(212.0,212.0)
(212.0,212.0)
(212.0,212.0)
(212.0,212.0)
(212.0,212.0)
(212.0,212.0)
(212.0,212.0)
(212.0,212.0)
(212.0,212.0)
(212.0,212.0)
(212.0,212.0)
(212.0,212.0)
(212.0,212.0)
(212.0,212.0)
(212.0,212.0)
(212.0,212.0)
(212.0,212.0)
(212.0,212.0)
(212.0,212.0)
(212.0,212.0)
(212.0,212.0)
(212.0,212.0)
(212.0,212.0)
(212.0,212.0)
(212.0,212.0)
(212.0,212.0)
(212.0,212.0)
(212.0,212.0)
(212.0,212.0)
(212.0,212.0)
(212.0,212.0)
(212.0,212.0)
(212.0,212.0)
(212.0,212.0)
(212.0,212.0)
(212.0,212.0)
(212.0,212.0)
(212.0,212.0)
(212.0,212.0)
(212.0,212.0)
(212.0,212.0)
(212.0,212.0)
(212.0,212.0)
(212.0,212.0)
(212.0,212.0)
(212.0,212.0)
(212.0,212.0)
(212.0,212.0)
(212.0,212.0)
(212.0,212.0)
(212.0,212.0)
(212.0,212.0)
(212.0,212.0)
(212.0,212.0)
(212.0,212.0)
(212.0,212.0)
(212.0,212.0)
(212.0,212.0)
(212.0,212.0)
(212.0,212.0)
(212.0,212.0)
(212.0,212.0)
(212.0,212.0)
(212.0,212.0)
(212.0,212.0)
(212.0,212.0)
(212.0,212.0)
(212.0,212.0)
(212.0,212.0)
(212.0,212.0)
(212.0,212.0)
(212.0,212.0)
(212.0,212.0)
(212.0,212.0)
(212.0,212.0)
(212.0,212.0)
(212.0,212.0)
(212.0,212.0)
(212.0,212.0)
(212.0,212.0)
(212.0,212.0)
(212.0,212.0)
(262.0,212.0)
(212.0,212.0)
(212.0,212.0)
(212.0,212.0)
(212.0,212.0)
(212.0,212.0)
(212.0,212.0)
(212.0,212.0)
(212.0,212.0)
(212.0,212.0)
(212.0,212.0)
(212.0,212.0)
(212.0,212.0)
(212.0,212.0)
(212.0,212.0)
(212.0,212.0)
(212.0,212.0)
(212.0,212.0)
(212.0,212.0)
(212.0,212.0)
(212.0,212.0)
(212.0,212.0)
(212.0,212.0)
(212.0,212.0)
(212.0,212.0)
(212.0,212.0)
(212.0,212.0)
(262.0,212.0)
(262.0,212.0)
(212.0,212.0)
(212.0,212.0)
(212.0,212.0)
(212.0,212.0)
(212.0,212.0)
(212.0,212.0)
(212.0,212.0)
(212.0,212.0)
(212.0,212.0)
(212.0,212.0)
(212.0,212.0)
(212.0,212.0)
(212.0,212.0)
(212.0,212.0)
(212.0,212.0)
(212.0,212.0)
(212.0,212.0)
(212.0,212.0)
(212.0,212.0)
(212.0,212.0)
(212.0,212.0)
(212.0,212.0)
(212.0,212.0)
(212.0,212.0)
(212.0,212.0)
(212.0,212.0)
(212.0,212.0)
(262.0,212.0)
(212.0,212.0)
(212.0,212.0)
(212.0,212.0)
(212.0,212.0)
(212.0,212.0)
(212.0,212.0)
(212.0,212.0)
(212.0,212.0)
(212.0,212.0)
(212.0,212.0)
(212.0,212.0)
(212.0,212.0)
(212.0,212.0)
(212.0,212.0)
(262.0,212.0)
(212.0,212.0)
(212.0,212.0)
(212.0,212.0)
(212.0,212.0)
(212.0,212.0)
(212.0,212.0)
(212.0,212.0)
(212.0,212.0)
(212.0,212.0)
(212.0,212.0)
(212.0,212.0)
(212.0,212.0)
(212.0,212.0)
(212.0,212.0)
(212.0,212.0)
(262.0,212.0)
(212.0,212.0)
(212.0,212.0)
(212.0,212.0)
(212.0,212.0)
(212.0,212.0)
(212.0,212.0)
(212.0,212.0)
(212.0,212.0)
(212.0,212.0)
(212.0,212.0)
(212.0,212.0)
(212.0,212.0)
(212.0,212.0)
(212.0,212.0)
(262.0,212.0)
(212.0,212.0)
(212.0,212.0)
(212.0,212.0)
(212.0,212.0)
(212.0,212.0)
(212.0,212.0)
(212.0,212.0)
(212.0,212.0)
(212.0,212.0)
(212.0,212.0)
(212.0,212.0)
(212.0,212.0)
(212.0,212.0)
(212.0,212.0)
(212.0,212.0)
(212.0,212.0)
(212.0,212.0)
(212.0,212.0)
(212.0,212.0)
(212.0,212.0)
(212.0,212.0)
(212.0,212.0)
(212.0,212.0)
(262.0,212.0)
(212.0,212.0)
(212.0,212.0)
(212.0,212.0)
(212.0,212.0)
(212.0,212.0)
(211.0,212.0)
(190.0,212.0)
(211.0,212.0)
(212.0,212.0)
(212.0,212.0)
(262.0,212.0)
(212.0,212.0)
(262.0,212.0)
(211.0,212.0)
(262.0,212.0)
(190.0,212.0)
(211.0,212.0)
(212.0,212.0)
(212.0,212.0)
(211.0,212.0)
(262.0,212.0)
(212.0,212.0)
(212.0,212.0)
(190.0,212.0)
(190.0,212.0)
(722.0,212.0)
(262.0,212.0)
(211.0,212.0)
(212.0,212.0)
(262.0,212.0)
(212.0,212.0)
(212.0,212.0)
(212.0,212.0)
(262.0,212.0)
(212.0,212.0)
(212.0,212.0)
(190.0,212.0)
(211.0,212.0)
(212.0,212.0)
(262.0,212.0)
(262.0,212.0)
(212.0,212.0)
(262.0,212.0)
(262.0,212.0)
(212.0,212.0)
(212.0,212.0)
(212.0,212.0)
(212.0,212.0)
(212.0,212.0)
(190.0,212.0)
(211.0,212.0)
(211.0,212.0)
(262.0,212.0)
(212.0,212.0)
(722.0,212.0)
(262.0,212.0)
(212.0,212.0)
(262.0,212.0)
(212.0,212.0)
(212.0,212.0)
(262.0,212.0)
(211.0,212.0)
(212.0,212.0)
(212.0,212.0)
(722.0,212.0)
(212.0,212.0)
(212.0,212.0)
(212.0,212.0)
(262.0,212.0)
(212.0,212.0)
(212.0,212.0)
(211.0,212.0)
(211.0,212.0)
(211.0,212.0)
(212.0,212.0)
(211.0,212.0)
(211.0,212.0)
(212.0,212.0)
(190.0,212.0)
(212.0,212.0)
(212.0,212.0)
(212.0,212.0)
(262.0,212.0)
(212.0,212.0)
(211.0,212.0)
(211.0,212.0)
(211.0,212.0)
(211.0,212.0)
(212.0,212.0)
(211.0,212.0)
(212.0,212.0)
(212.0,212.0)
(212.0,212.0)
(211.0,212.0)
(262.0,212.0)
(211.0,212.0)
(212.0,212.0)
(211.0,212.0)
(190.0,212.0)
(212.0,212.0)
(211.0,212.0)
(212.0,212.0)
(212.0,212.0)
(262.0,212.0)
(212.0,212.0)
(262.0,212.0)
(211.0,212.0)
(262.0,212.0)
(722.0,212.0)
(211.0,212.0)
(262.0,212.0)
(262.0,212.0)
(212.0,212.0)
(211.0,212.0)
(211.0,212.0)
(262.0,212.0)
(262.0,212.0)
(652.0,212.0)
(211.0,212.0)
(212.0,212.0)
(211.0,212.0)
(212.0,212.0)
(722.0,212.0)
(190.0,212.0)
(212.0,212.0)
(262.0,212.0)
(211.0,212.0)
(262.0,212.0)
(262.0,212.0)
(262.0,212.0)
(211.0,212.0)
(212.0,212.0)
(262.0,212.0)
(212.0,212.0)
(211.0,212.0)
(212.0,212.0)
(212.0,212.0)
(190.0,212.0)
(262.0,212.0)
(212.0,212.0)
(262.0,212.0)
(262.0,212.0)
(211.0,212.0)
(211.0,212.0)
(722.0,212.0)
(211.0,212.0)
(212.0,212.0)
(722.0,212.0)
(211.0,212.0)
(212.0,212.0)
(212.0,212.0)
(212.0,212.0)
(212.0,212.0)
(212.0,212.0)
(212.0,212.0)
(212.0,212.0)
(212.0,212.0)
(212.0,212.0)
(212.0,212.0)
(212.0,212.0)
(212.0,212.0)
(212.0,212.0)
(212.0,212.0)
(212.0,212.0)
(212.0,212.0)
(212.0,212.0)
(212.0,212.0)
(212.0,212.0)
(212.0,212.0)
(212.0,212.0)
(212.0,212.0)
(212.0,212.0)
(212.0,212.0)
(212.0,212.0)
(212.0,212.0)
(212.0,212.0)
(212.0,212.0)
(212.0,212.0)
(212.0,212.0)
(212.0,212.0)
(212.0,212.0)
(212.0,212.0)
(212.0,212.0)
(212.0,212.0)
(212.0,212.0)
(212.0,212.0)
(212.0,212.0)
(212.0,212.0)
(212.0,212.0)
(212.0,212.0)
(212.0,212.0)
(212.0,212.0)
(212.0,212.0)
(212.0,212.0)
(212.0,212.0)
(212.0,212.0)
(212.0,212.0)
(212.0,212.0)
(212.0,212.0)
(212.0,212.0)
(212.0,212.0)
(212.0,212.0)
(212.0,212.0)
(212.0,212.0)
(212.0,212.0)
(212.0,212.0)
(212.0,212.0)
(212.0,212.0)
(212.0,212.0)
(212.0,212.0)
(212.0,212.0)
(212.0,212.0)
(212.0,212.0)
(212.0,212.0)
(212.0,212.0)
(212.0,212.0)
(212.0,212.0)
(212.0,212.0)
(212.0,212.0)
(212.0,212.0)
(212.0,212.0)
(212.0,212.0)
(212.0,212.0)
(212.0,212.0)
(212.0,212.0)
(212.0,212.0)
(212.0,212.0)
(212.0,212.0)
(212.0,212.0)
(212.0,212.0)
(212.0,212.0)
(212.0,212.0)
(212.0,212.0)
(212.0,212.0)
(212.0,212.0)
(212.0,212.0)
(212.0,212.0)
(212.0,212.0)
(212.0,212.0)
(212.0,212.0)
(212.0,212.0)
(212.0,212.0)
(212.0,212.0)
(212.0,212.0)
(212.0,212.0)
(212.0,212.0)
(212.0,212.0)
(212.0,212.0)
(212.0,212.0)
(212.0,212.0)
(212.0,212.0)
(212.0,212.0)
(212.0,212.0)
(212.0,212.0)
(212.0,212.0)
(212.0,212.0)
(212.0,212.0)
(212.0,212.0)
(212.0,212.0)
(212.0,212.0)
(212.0,212.0)
(212.0,212.0)
(212.0,212.0)
(212.0,212.0)
(212.0,212.0)
(212.0,212.0)
(212.0,212.0)
(212.0,212.0)
(212.0,212.0)
(212.0,212.0)
(212.0,212.0)
(212.0,212.0)
(212.0,212.0)
(212.0,212.0)
(212.0,212.0)
(212.0,212.0)
(212.0,212.0)
(212.0,212.0)
(212.0,212.0)
(212.0,212.0)
(212.0,212.0)
(212.0,212.0)
(212.0,212.0)
(212.0,212.0)
(212.0,212.0)
(212.0,212.0)
(212.0,212.0)
(212.0,212.0)
(212.0,212.0)
(212.0,212.0)
(212.0,212.0)
(212.0,212.0)
(212.0,212.0)
(212.0,212.0)
(212.0,212.0)
(212.0,212.0)
(212.0,212.0)
(212.0,212.0)
(212.0,212.0)
(212.0,212.0)
(212.0,212.0)
(212.0,212.0)
(212.0,212.0)
(212.0,212.0)
(212.0,212.0)
(212.0,212.0)
(212.0,212.0)
(212.0,212.0)
(212.0,212.0)
(212.0,212.0)
(212.0,212.0)
(212.0,212.0)
(212.0,212.0)
(212.0,212.0)
(212.0,212.0)
(212.0,212.0)
(212.0,212.0)
(212.0,212.0)
(212.0,212.0)
(212.0,212.0)
(212.0,212.0)
(212.0,212.0)
(212.0,212.0)
(212.0,212.0)
(212.0,212.0)
(212.0,212.0)
(212.0,212.0)
(212.0,212.0)
(212.0,212.0)
(212.0,212.0)
(212.0,212.0)
(212.0,212.0)
(212.0,212.0)
(212.0,212.0)
(212.0,212.0)
(212.0,212.0)
(212.0,212.0)
(212.0,212.0)
(212.0,212.0)
(212.0,212.0)
(212.0,212.0)
(212.0,212.0)
(212.0,212.0)
(212.0,212.0)
(212.0,212.0)
(212.0,212.0)
(212.0,212.0)
(212.0,212.0)
(212.0,212.0)
(212.0,212.0)
(212.0,212.0)
(212.0,212.0)
(212.0,212.0)
(212.0,212.0)
(212.0,212.0)
(212.0,212.0)
(212.0,212.0)
(212.0,212.0)
(212.0,212.0)
(212.0,212.0)
(212.0,212.0)
(212.0,212.0)
(212.0,212.0)
(212.0,212.0)
(212.0,212.0)
(212.0,212.0)
(212.0,212.0)
(212.0,212.0)
(212.0,212.0)
(212.0,212.0)
(212.0,212.0)
(212.0,212.0)
(212.0,212.0)
(212.0,212.0)
(212.0,212.0)
(212.0,212.0)
(212.0,212.0)
(212.0,212.0)
(212.0,212.0)
(212.0,212.0)
(212.0,212.0)
(212.0,212.0)
(212.0,212.0)
(212.0,212.0)
(212.0,212.0)
(212.0,212.0)
(212.0,212.0)
(613.0,212.0)
(212.0,212.0)
(613.0,212.0)
(212.0,212.0)
(212.0,212.0)
(212.0,212.0)
(613.0,212.0)
(212.0,212.0)
(212.0,212.0)
(212.0,212.0)
(211.0,212.0)
(212.0,212.0)
(212.0,212.0)
(212.0,212.0)
(613.0,212.0)
(212.0,212.0)
(212.0,212.0)
(613.0,212.0)
(212.0,212.0)
(212.0,212.0)
(212.0,212.0)
(613.0,212.0)
(212.0,212.0)
(212.0,212.0)
(212.0,212.0)
(212.0,212.0)
(613.0,212.0)
(212.0,212.0)
(212.0,212.0)
(212.0,212.0)
(212.0,212.0)
(613.0,212.0)
(212.0,212.0)
(212.0,212.0)
(212.0,212.0)
(212.0,212.0)
(212.0,212.0)
(212.0,212.0)
(212.0,212.0)
(212.0,212.0)
(212.0,212.0)
(613.0,212.0)
(211.0,212.0)
(212.0,212.0)
(212.0,212.0)
(212.0,212.0)
(613.0,212.0)
(212.0,212.0)
(212.0,212.0)
(212.0,212.0)
(212.0,212.0)
(212.0,212.0)
(613.0,212.0)
(211.0,212.0)
(211.0,212.0)
(212.0,212.0)
(212.0,212.0)
(613.0,212.0)
(613.0,212.0)
(212.0,212.0)
(212.0,212.0)
(212.0,212.0)
(212.0,212.0)
(613.0,212.0)
(613.0,212.0)
(212.0,212.0)
(212.0,212.0)
(613.0,212.0)
(613.0,212.0)
(613.0,212.0)
(613.0,212.0)
(212.0,212.0)
(211.0,212.0)
(212.0,212.0)
(613.0,212.0)
(212.0,212.0)
(212.0,212.0)
(613.0,212.0)
(212.0,212.0)
(212.0,212.0)
(212.0,212.0)
(211.0,212.0)
(212.0,212.0)
(212.0,212.0)
(212.0,212.0)
(613.0,212.0)
(212.0,212.0)
(212.0,212.0)
(613.0,212.0)
(613.0,212.0)
(212.0,212.0)
(212.0,212.0)
(211.0,212.0)
(211.0,212.0)
(613.0,212.0)
(212.0,212.0)
(212.0,212.0)
(212.0,212.0)
(613.0,212.0)
(212.0,212.0)
(212.0,212.0)
(212.0,212.0)
(212.0,212.0)
(212.0,212.0)
(211.0,212.0)
(212.0,212.0)
(212.0,212.0)
(212.0,212.0)
(613.0,212.0)
(212.0,212.0)
(212.0,212.0)
(212.0,212.0)
(212.0,212.0)
(212.0,212.0)
(212.0,212.0)
(212.0,212.0)
(212.0,212.0)
(212.0,212.0)
(211.0,212.0)
(613.0,212.0)
(212.0,212.0)
(211.0,212.0)
(212.0,212.0)
(613.0,212.0)
(212.0,212.0)
(212.0,212.0)
(212.0,212.0)
(212.0,212.0)
(212.0,212.0)
(212.0,212.0)
(212.0,212.0)
(212.0,212.0)
(212.0,212.0)
(212.0,212.0)
(212.0,212.0)
(212.0,212.0)
(212.0,212.0)
(212.0,212.0)
(212.0,212.0)
(212.0,212.0)
(212.0,212.0)
(212.0,212.0)
(212.0,212.0)
(212.0,212.0)
(212.0,212.0)
(212.0,212.0)
(212.0,212.0)
(212.0,212.0)
(212.0,212.0)
(212.0,212.0)
(212.0,212.0)
(212.0,212.0)
(212.0,212.0)
(212.0,212.0)
(212.0,212.0)
(212.0,212.0)
(212.0,212.0)
(212.0,212.0)
(212.0,212.0)
(212.0,212.0)
(212.0,212.0)
(212.0,212.0)
(212.0,212.0)
(212.0,212.0)
(212.0,212.0)
(212.0,212.0)
(212.0,212.0)
(212.0,212.0)
(212.0,212.0)
(212.0,212.0)
(212.0,212.0)
(212.0,212.0)
(212.0,212.0)
(212.0,212.0)
(212.0,212.0)
(212.0,212.0)
(212.0,212.0)
(212.0,212.0)
(212.0,212.0)
(212.0,212.0)
(212.0,212.0)
(212.0,212.0)
(212.0,212.0)
(212.0,212.0)
(212.0,212.0)
(212.0,212.0)
(212.0,212.0)
(212.0,212.0)
(212.0,212.0)
(212.0,212.0)
(212.0,212.0)
(212.0,212.0)
(212.0,212.0)
(212.0,212.0)
(212.0,212.0)
(212.0,212.0)
(212.0,212.0)
(212.0,212.0)
(212.0,212.0)
(212.0,212.0)
(212.0,212.0)
(212.0,212.0)
(212.0,212.0)
(212.0,212.0)
(212.0,212.0)
(212.0,212.0)
(212.0,212.0)
(212.0,212.0)
(212.0,212.0)
(212.0,212.0)
(212.0,212.0)
(212.0,212.0)
(212.0,212.0)
(212.0,212.0)
(212.0,212.0)
(212.0,212.0)
(212.0,212.0)
(212.0,212.0)
(212.0,212.0)
(212.0,212.0)
(212.0,212.0)
(212.0,212.0)
(212.0,212.0)
(212.0,212.0)
(212.0,212.0)
(212.0,212.0)
(212.0,212.0)
(212.0,212.0)
(212.0,212.0)
(212.0,212.0)
(212.0,212.0)
(212.0,212.0)
(212.0,212.0)
(212.0,212.0)
(212.0,212.0)
(212.0,212.0)
(212.0,212.0)
(212.0,212.0)
(212.0,212.0)
(212.0,212.0)
(212.0,212.0)
(212.0,212.0)
(212.0,212.0)
(212.0,212.0)
(212.0,212.0)
(212.0,212.0)
(212.0,212.0)
(212.0,212.0)
(214.0,214.0)
(214.0,214.0)
(214.0,214.0)
(238.0,214.0)
(214.0,214.0)
(214.0,214.0)
(639.0,214.0)
(214.0,214.0)
(214.0,214.0)
(214.0,214.0)
(214.0,214.0)
(215.0,214.0)
(215.0,214.0)
(214.0,214.0)
(214.0,214.0)
(238.0,214.0)
(215.0,214.0)
(214.0,214.0)
(214.0,214.0)
(214.0,214.0)
(214.0,214.0)
(215.0,214.0)
(215.0,214.0)
(214.0,214.0)
(214.0,214.0)
(639.0,214.0)
(214.0,214.0)
(214.0,214.0)
(214.0,214.0)
(238.0,214.0)
(212.0,214.0)
(215.0,214.0)
(214.0,214.0)
(639.0,214.0)
(215.0,214.0)
(214.0,214.0)
(214.0,214.0)
(639.0,214.0)
(214.0,214.0)
(214.0,214.0)
(214.0,214.0)
(214.0,214.0)
(215.0,214.0)
(214.0,214.0)
(215.0,214.0)
(214.0,214.0)
(214.0,214.0)
(215.0,214.0)
(214.0,214.0)
(214.0,214.0)
(214.0,214.0)
(215.0,214.0)
(214.0,214.0)
(214.0,214.0)
(214.0,214.0)
(214.0,214.0)
(215.0,214.0)
(214.0,214.0)
(214.0,214.0)
(214.0,214.0)
(214.0,214.0)
(214.0,214.0)
(214.0,214.0)
(214.0,214.0)
(214.0,214.0)
(214.0,214.0)
(214.0,214.0)
(215.0,214.0)
(214.0,214.0)
(214.0,214.0)
(639.0,214.0)
(214.0,214.0)
(215.0,214.0)
(215.0,214.0)
(215.0,214.0)
(214.0,214.0)
(215.0,214.0)
(215.0,214.0)
(214.0,214.0)
(214.0,214.0)
(214.0,214.0)
(214.0,214.0)
(214.0,214.0)
(214.0,214.0)
(214.0,214.0)
(214.0,214.0)
(214.0,214.0)
(215.0,214.0)
(215.0,214.0)
(214.0,214.0)
(215.0,214.0)
(214.0,214.0)
(214.0,214.0)
(214.0,214.0)
(214.0,214.0)
(214.0,214.0)
(214.0,214.0)
(214.0,214.0)
(214.0,214.0)
(215.0,214.0)
(215.0,214.0)
(215.0,214.0)
(214.0,214.0)
(214.0,214.0)
(214.0,214.0)
(214.0,214.0)
(214.0,214.0)
(214.0,214.0)
(214.0,214.0)
(238.0,214.0)
(214.0,214.0)
(214.0,214.0)
(214.0,214.0)
(215.0,214.0)
(214.0,214.0)
(639.0,214.0)
(214.0,214.0)
(214.0,214.0)
(214.0,214.0)
(214.0,214.0)
(214.0,214.0)
(215.0,214.0)
(214.0,214.0)
(214.0,214.0)
(639.0,214.0)
(214.0,214.0)
(214.0,214.0)
(214.0,214.0)
(215.0,214.0)
(215.0,214.0)
(214.0,214.0)
(214.0,214.0)
(214.0,214.0)
(238.0,214.0)
(214.0,214.0)
(214.0,214.0)
(215.0,214.0)
(214.0,214.0)
(639.0,214.0)
(214.0,214.0)
(214.0,214.0)
(215.0,214.0)
(639.0,214.0)
(215.0,214.0)
(215.0,214.0)
(214.0,214.0)
(215.0,214.0)
(214.0,214.0)
(215.0,214.0)
(215.0,214.0)
(215.0,214.0)
(214.0,214.0)
(214.0,214.0)
(214.0,214.0)
(214.0,214.0)
(214.0,214.0)
(214.0,214.0)
(214.0,214.0)
(639.0,214.0)
(215.0,214.0)
(215.0,214.0)
(214.0,214.0)
(215.0,214.0)
(214.0,214.0)
(238.0,214.0)
(214.0,214.0)
(214.0,214.0)
(215.0,214.0)
(214.0,214.0)
(214.0,214.0)
(214.0,214.0)
(215.0,214.0)
(214.0,214.0)
(214.0,214.0)
(214.0,214.0)
(215.0,214.0)
(214.0,214.0)
(214.0,214.0)
(214.0,214.0)
(214.0,214.0)
(214.0,214.0)
(215.0,214.0)
(214.0,214.0)
(214.0,214.0)
(214.0,214.0)
(214.0,214.0)
(214.0,214.0)
(238.0,214.0)
(214.0,214.0)
(214.0,214.0)
(214.0,214.0)
(215.0,214.0)
(214.0,214.0)
(215.0,214.0)
(214.0,214.0)
(215.0,214.0)
(215.0,214.0)
(214.0,214.0)
(214.0,214.0)
(215.0,214.0)
(215.0,215.0)
(215.0,215.0)
(215.0,215.0)
(215.0,215.0)
(215.0,215.0)
(215.0,215.0)
(215.0,215.0)
(215.0,215.0)
(215.0,215.0)
(215.0,215.0)
(215.0,215.0)
(215.0,215.0)
(215.0,215.0)
(215.0,215.0)
(215.0,215.0)
(215.0,215.0)
(215.0,215.0)
(215.0,215.0)
(215.0,215.0)
(215.0,215.0)
(215.0,215.0)
(215.0,215.0)
(215.0,215.0)
(215.0,215.0)
(629.0,215.0)
(215.0,215.0)
(215.0,215.0)
(215.0,215.0)
(215.0,215.0)
(215.0,215.0)
(215.0,215.0)
(215.0,215.0)
(215.0,215.0)
(215.0,215.0)
(215.0,215.0)
(215.0,215.0)
(215.0,215.0)
(215.0,215.0)
(215.0,215.0)
(215.0,215.0)
(215.0,215.0)
(215.0,215.0)
(215.0,215.0)
(215.0,215.0)
(215.0,215.0)
(215.0,215.0)
(215.0,215.0)
(215.0,215.0)
(215.0,215.0)
(229.0,215.0)
(215.0,215.0)
(215.0,215.0)
(215.0,215.0)
(215.0,215.0)
(215.0,215.0)
(215.0,215.0)
(215.0,215.0)
(629.0,215.0)
(215.0,215.0)
(215.0,215.0)
(215.0,215.0)
(215.0,215.0)
(215.0,215.0)
(215.0,215.0)
(215.0,215.0)
(215.0,215.0)
(215.0,215.0)
(215.0,215.0)
(215.0,215.0)
(215.0,215.0)
(629.0,215.0)
(215.0,215.0)
(229.0,215.0)
(215.0,215.0)
(215.0,215.0)
(215.0,215.0)
(215.0,215.0)
(215.0,215.0)
(215.0,215.0)
(229.0,215.0)
(215.0,215.0)
(629.0,215.0)
(215.0,215.0)
(215.0,215.0)
(215.0,215.0)
(212.0,215.0)
(215.0,215.0)
(215.0,215.0)
(215.0,215.0)
(229.0,215.0)
(215.0,215.0)
(215.0,215.0)
(215.0,215.0)
(229.0,215.0)
(215.0,215.0)
(215.0,215.0)
(215.0,215.0)
(215.0,215.0)
(215.0,215.0)
(215.0,215.0)
(215.0,215.0)
(215.0,215.0)
(215.0,215.0)
(215.0,215.0)
(215.0,215.0)
(215.0,215.0)
(215.0,215.0)
(215.0,215.0)
(215.0,215.0)
(215.0,215.0)
(215.0,215.0)
(215.0,215.0)
(215.0,215.0)
(215.0,215.0)
(215.0,215.0)
(215.0,215.0)
(215.0,215.0)
(215.0,215.0)
(629.0,215.0)
(215.0,215.0)
(215.0,215.0)
(215.0,215.0)
(215.0,215.0)
(215.0,215.0)
(215.0,215.0)
(215.0,215.0)
(215.0,215.0)
(215.0,215.0)
(215.0,215.0)
(215.0,215.0)
(215.0,215.0)
(215.0,215.0)
(215.0,215.0)
(215.0,215.0)
(215.0,215.0)
(215.0,215.0)
(215.0,215.0)
(215.0,215.0)
(215.0,215.0)
(215.0,215.0)
(215.0,215.0)
(215.0,215.0)
(215.0,215.0)
(215.0,215.0)
(215.0,215.0)
(215.0,215.0)
(215.0,215.0)
(215.0,215.0)
(215.0,215.0)
(215.0,215.0)
(215.0,215.0)
(215.0,215.0)
(215.0,215.0)
(215.0,215.0)
(215.0,215.0)
(215.0,215.0)
(215.0,215.0)
(215.0,215.0)
(215.0,215.0)
(215.0,215.0)
(215.0,215.0)
(215.0,215.0)
(215.0,215.0)
(215.0,215.0)
(215.0,215.0)
(215.0,215.0)
(215.0,215.0)
(215.0,215.0)
(215.0,215.0)
(215.0,215.0)
(215.0,215.0)
(215.0,215.0)
(215.0,215.0)
(215.0,215.0)
(215.0,215.0)
(215.0,215.0)
(215.0,215.0)
(215.0,215.0)
(215.0,215.0)
(215.0,215.0)
(215.0,215.0)
(215.0,215.0)
(215.0,215.0)
(215.0,215.0)
(215.0,215.0)
(215.0,215.0)
(215.0,215.0)
(215.0,215.0)
(215.0,215.0)
(215.0,215.0)
(215.0,215.0)
(215.0,215.0)
(215.0,215.0)
(215.0,215.0)
(215.0,215.0)
(215.0,215.0)
(215.0,215.0)
(215.0,215.0)
(215.0,215.0)
(215.0,215.0)
(215.0,215.0)
(215.0,215.0)
(215.0,215.0)
(215.0,215.0)
(215.0,215.0)
(215.0,215.0)
(215.0,215.0)
(215.0,215.0)
(215.0,215.0)
(215.0,215.0)
(215.0,215.0)
(215.0,215.0)
(215.0,215.0)
(215.0,215.0)
(215.0,215.0)
(215.0,215.0)
(215.0,215.0)
(215.0,215.0)
(215.0,215.0)
(215.0,215.0)
(215.0,215.0)
(215.0,215.0)
(215.0,215.0)
(215.0,215.0)
(215.0,215.0)
(215.0,215.0)
(215.0,215.0)
(215.0,215.0)
(215.0,215.0)
(215.0,215.0)
(215.0,215.0)
(215.0,215.0)
(215.0,215.0)
(215.0,215.0)
(215.0,215.0)
(215.0,215.0)
(215.0,215.0)
(215.0,215.0)
(645.0,215.0)
(215.0,215.0)
(215.0,215.0)
(645.0,215.0)
(215.0,215.0)
(645.0,215.0)
(215.0,215.0)
(215.0,215.0)
(215.0,215.0)
(215.0,215.0)
(215.0,215.0)
(215.0,215.0)
(215.0,215.0)
(215.0,215.0)
(215.0,215.0)
(215.0,215.0)
(215.0,215.0)
(215.0,215.0)
(645.0,215.0)
(215.0,215.0)
(215.0,215.0)
(645.0,215.0)
(215.0,215.0)
(215.0,215.0)
(645.0,215.0)
(215.0,215.0)
(215.0,215.0)
(215.0,215.0)
(215.0,215.0)
(645.0,215.0)
(215.0,215.0)
(215.0,215.0)
(215.0,215.0)
(215.0,215.0)
(215.0,215.0)
(215.0,215.0)
(215.0,215.0)
(215.0,215.0)
(215.0,215.0)
(645.0,215.0)
(215.0,215.0)
(215.0,215.0)
(215.0,215.0)
(215.0,215.0)
(215.0,215.0)
(215.0,215.0)
(645.0,215.0)
(645.0,215.0)
(215.0,215.0)
(215.0,215.0)
(215.0,215.0)
(215.0,215.0)
(645.0,215.0)
(215.0,215.0)
(215.0,215.0)
(645.0,215.0)
(215.0,215.0)
(215.0,215.0)
(215.0,215.0)
(215.0,215.0)
(215.0,215.0)
(215.0,215.0)
(215.0,215.0)
(215.0,215.0)
(215.0,215.0)
(215.0,215.0)
(215.0,215.0)
(645.0,215.0)
(215.0,215.0)
(215.0,215.0)
(215.0,215.0)
(215.0,215.0)
(215.0,215.0)
(645.0,215.0)
(215.0,215.0)
(215.0,215.0)
(645.0,215.0)
(215.0,215.0)
(215.0,215.0)
(215.0,215.0)
(215.0,215.0)
(215.0,215.0)
(215.0,215.0)
(215.0,215.0)
(215.0,215.0)
(215.0,215.0)
(215.0,215.0)
(215.0,215.0)
(215.0,215.0)
(215.0,215.0)
(645.0,215.0)
(215.0,215.0)
(215.0,215.0)
(215.0,215.0)
(215.0,215.0)
(215.0,215.0)
(215.0,215.0)
(215.0,215.0)
(215.0,215.0)
(645.0,215.0)
(215.0,215.0)
(215.0,215.0)
(215.0,215.0)
(215.0,215.0)
(645.0,215.0)
(215.0,215.0)
(645.0,215.0)
(215.0,215.0)
(215.0,215.0)
(215.0,215.0)
(215.0,215.0)
(215.0,215.0)
(215.0,215.0)
(215.0,215.0)
(215.0,215.0)
(215.0,215.0)
(215.0,215.0)
(215.0,215.0)
(215.0,215.0)
(215.0,215.0)
(215.0,215.0)
(215.0,215.0)
(215.0,215.0)
(215.0,215.0)
(215.0,215.0)
(215.0,215.0)
(215.0,215.0)
(215.0,215.0)
(215.0,215.0)
(215.0,215.0)
(215.0,215.0)
(215.0,215.0)
(215.0,215.0)
(215.0,215.0)
(215.0,215.0)
(215.0,215.0)
(215.0,215.0)
(215.0,215.0)
(215.0,215.0)
(215.0,215.0)
(215.0,215.0)
(215.0,215.0)
(215.0,215.0)
(215.0,215.0)
(215.0,215.0)
(215.0,215.0)
(215.0,215.0)
(215.0,215.0)
(215.0,215.0)
(215.0,215.0)
(215.0,215.0)
(215.0,215.0)
(215.0,215.0)
(215.0,215.0)
(215.0,215.0)
(215.0,215.0)
(215.0,215.0)
(215.0,215.0)
(215.0,215.0)
(215.0,215.0)
(215.0,215.0)
(215.0,215.0)
(215.0,215.0)
(215.0,215.0)
(215.0,215.0)
(215.0,215.0)
(215.0,215.0)
(215.0,215.0)
(215.0,215.0)
(215.0,215.0)
(215.0,215.0)
(215.0,215.0)
(215.0,215.0)
(215.0,215.0)
(215.0,215.0)
(215.0,215.0)
(215.0,215.0)
(215.0,215.0)
(215.0,215.0)
(215.0,215.0)
(215.0,215.0)
(215.0,215.0)
(215.0,215.0)
(215.0,215.0)
(215.0,215.0)
(215.0,215.0)
(215.0,215.0)
(215.0,215.0)
(215.0,215.0)
(215.0,215.0)
(215.0,215.0)
(215.0,215.0)
(215.0,215.0)
(215.0,215.0)
(215.0,215.0)
(215.0,215.0)
(215.0,215.0)
(215.0,215.0)
(215.0,215.0)
(215.0,215.0)
(215.0,215.0)
(215.0,215.0)
(215.0,215.0)
(215.0,215.0)
(215.0,215.0)
(215.0,215.0)
(215.0,215.0)
(215.0,215.0)
(215.0,215.0)
(215.0,215.0)
(215.0,215.0)
(215.0,215.0)
(215.0,215.0)
(215.0,215.0)
(215.0,215.0)
(215.0,215.0)
(215.0,215.0)
(215.0,215.0)
(215.0,215.0)
(215.0,215.0)
(215.0,215.0)
(240.0,215.0)
(215.0,215.0)
(215.0,215.0)
(215.0,215.0)
(215.0,215.0)
(215.0,215.0)
(215.0,215.0)
(215.0,215.0)
(240.0,215.0)
(215.0,215.0)
(215.0,215.0)
(240.0,215.0)
(215.0,215.0)
(645.0,215.0)
(645.0,215.0)
(645.0,215.0)
(215.0,215.0)
(215.0,215.0)
(645.0,215.0)
(215.0,215.0)
(215.0,215.0)
(215.0,215.0)
(215.0,215.0)
(645.0,215.0)
(215.0,215.0)
(215.0,215.0)
(215.0,215.0)
(215.0,215.0)
(645.0,215.0)
(215.0,215.0)
(645.0,215.0)
(645.0,215.0)
(215.0,215.0)
(645.0,215.0)
(645.0,215.0)
(215.0,215.0)
(215.0,215.0)
(645.0,215.0)
(645.0,215.0)
(215.0,215.0)
(645.0,215.0)
(215.0,215.0)
(215.0,215.0)
(215.0,215.0)
(215.0,215.0)
(215.0,215.0)
(645.0,215.0)
(215.0,215.0)
(215.0,215.0)
(215.0,215.0)
(215.0,215.0)
(645.0,215.0)
(215.0,215.0)
(645.0,215.0)
(215.0,215.0)
(215.0,215.0)
(215.0,215.0)
(215.0,215.0)
(215.0,215.0)
(215.0,215.0)
(645.0,215.0)
(215.0,215.0)
(215.0,215.0)
(215.0,215.0)
(215.0,215.0)
(215.0,215.0)
(215.0,215.0)
(215.0,215.0)
(215.0,215.0)
(645.0,215.0)
(215.0,215.0)
(215.0,215.0)
(645.0,215.0)
(215.0,215.0)
(215.0,215.0)
(645.0,215.0)
(215.0,215.0)
(240.0,215.0)
(215.0,215.0)
(215.0,215.0)
(215.0,215.0)
(215.0,215.0)
(215.0,215.0)
(215.0,215.0)
(215.0,215.0)
(645.0,215.0)
(215.0,215.0)
(215.0,215.0)
(215.0,215.0)
(215.0,215.0)
(215.0,215.0)
(215.0,215.0)
(215.0,215.0)
(240.0,215.0)
(215.0,215.0)
(215.0,215.0)
(215.0,215.0)
(215.0,215.0)
(215.0,215.0)
(215.0,215.0)
(215.0,215.0)
(215.0,215.0)
(215.0,215.0)
(215.0,215.0)
(215.0,215.0)
(215.0,215.0)
(215.0,215.0)
(215.0,215.0)
(215.0,215.0)
(215.0,215.0)
(215.0,215.0)
(215.0,215.0)
(215.0,215.0)
(215.0,215.0)
(215.0,215.0)
(215.0,215.0)
(215.0,215.0)
(215.0,215.0)
(215.0,215.0)
(215.0,215.0)
(215.0,215.0)
(215.0,215.0)
(215.0,215.0)
(215.0,215.0)
(215.0,215.0)
(215.0,215.0)
(215.0,215.0)
(215.0,215.0)
(215.0,215.0)
(215.0,215.0)
(215.0,215.0)
(215.0,215.0)
(215.0,215.0)
(215.0,215.0)
(215.0,215.0)
(215.0,215.0)
(215.0,215.0)
(215.0,215.0)
(215.0,215.0)
(215.0,215.0)
(215.0,215.0)
(215.0,215.0)
(215.0,215.0)
(215.0,215.0)
(215.0,215.0)
(215.0,215.0)
(215.0,215.0)
(215.0,215.0)
(215.0,215.0)
(215.0,215.0)
(215.0,215.0)
(215.0,215.0)
(215.0,215.0)
(215.0,215.0)
(215.0,215.0)
(215.0,215.0)
(215.0,215.0)
(215.0,215.0)
(215.0,215.0)
(215.0,215.0)
(215.0,215.0)
(215.0,215.0)
(215.0,215.0)
(215.0,215.0)
(215.0,215.0)
(215.0,215.0)
(215.0,215.0)
(215.0,215.0)
(215.0,215.0)
(215.0,215.0)
(215.0,215.0)
(215.0,215.0)
(215.0,215.0)
(215.0,215.0)
(215.0,215.0)
(215.0,215.0)
(215.0,215.0)
(215.0,215.0)
(215.0,215.0)
(215.0,215.0)
(215.0,215.0)
(215.0,215.0)
(215.0,215.0)
(215.0,215.0)
(215.0,215.0)
(215.0,215.0)
(215.0,215.0)
(215.0,215.0)
(215.0,215.0)
(215.0,215.0)
(215.0,215.0)
(215.0,215.0)
(215.0,215.0)
(215.0,215.0)
(215.0,215.0)
(215.0,215.0)
(215.0,215.0)
(215.0,215.0)
(215.0,215.0)
(215.0,215.0)
(215.0,215.0)
(215.0,215.0)
(215.0,215.0)
(215.0,215.0)
(215.0,215.0)
(215.0,215.0)
(215.0,215.0)
(645.0,215.0)
(215.0,215.0)
(212.0,215.0)
(215.0,215.0)
(212.0,215.0)
(212.0,215.0)
(212.0,215.0)
(212.0,215.0)
(215.0,215.0)
(215.0,215.0)
(212.0,215.0)
(212.0,215.0)
(215.0,215.0)
(645.0,215.0)
(215.0,215.0)
(215.0,215.0)
(212.0,215.0)
(645.0,215.0)
(215.0,215.0)
(212.0,215.0)
(212.0,215.0)
(212.0,215.0)
(215.0,215.0)
(215.0,215.0)
(215.0,215.0)
(215.0,215.0)
(645.0,215.0)
(645.0,215.0)
(645.0,215.0)
(212.0,215.0)
(645.0,215.0)
(212.0,215.0)
(212.0,215.0)
(645.0,215.0)
(212.0,215.0)
(212.0,215.0)
(645.0,215.0)
(212.0,215.0)
(212.0,215.0)
(645.0,215.0)
(645.0,215.0)
(215.0,215.0)
(645.0,215.0)
(212.0,215.0)
(215.0,215.0)
(215.0,215.0)
(215.0,215.0)
(645.0,215.0)
(212.0,215.0)
(215.0,215.0)
(212.0,215.0)
(212.0,215.0)
(645.0,215.0)
(645.0,215.0)
(212.0,215.0)
(215.0,215.0)
(215.0,215.0)
(645.0,215.0)
(212.0,215.0)
(212.0,215.0)
(645.0,215.0)
(215.0,215.0)
(645.0,215.0)
(212.0,215.0)
(212.0,215.0)
(645.0,215.0)
(215.0,215.0)
(215.0,215.0)
(215.0,215.0)
(645.0,215.0)
(215.0,215.0)
(212.0,215.0)
(212.0,215.0)
(645.0,215.0)
(645.0,215.0)
(645.0,215.0)
(212.0,215.0)
(212.0,215.0)
(215.0,215.0)
(215.0,215.0)
(215.0,215.0)
(215.0,215.0)
(212.0,215.0)
(645.0,215.0)
(645.0,215.0)
(212.0,215.0)
(215.0,215.0)
(212.0,215.0)
(215.0,215.0)
(212.0,215.0)
(212.0,215.0)
(215.0,215.0)
(212.0,215.0)
(212.0,215.0)
(212.0,215.0)
(212.0,215.0)
(215.0,215.0)
(215.0,215.0)
(212.0,215.0)
(212.0,215.0)
(215.0,215.0)
(212.0,215.0)
(212.0,215.0)
(645.0,215.0)
(212.0,215.0)
(215.0,215.0)
(215.0,215.0)
(215.0,215.0)
(645.0,215.0)
(215.0,215.0)
(215.0,215.0)
(212.0,215.0)
(212.0,215.0)
(645.0,215.0)
(212.0,215.0)
(215.0,215.0)
(212.0,215.0)
(215.0,215.0)
(212.0,215.0)
(215.0,215.0)
(645.0,215.0)
(212.0,215.0)
(215.0,215.0)
(215.0,215.0)
(645.0,215.0)
(215.0,215.0)
(212.0,215.0)
(212.0,215.0)
(645.0,215.0)
(215.0,215.0)
(212.0,215.0)
(215.0,215.0)
(215.0,215.0)
(212.0,215.0)
(215.0,215.0)
(212.0,215.0)
(212.0,215.0)
(645.0,215.0)
(617.0,216.0)
(648.0,216.0)
(648.0,216.0)
(234.0,216.0)
(646.0,216.0)
(234.0,216.0)
(617.0,216.0)
(648.0,216.0)
(648.0,216.0)
(617.0,216.0)
(262.0,216.0)
(648.0,216.0)
(664.0,216.0)
(617.0,216.0)
(646.0,216.0)
(646.0,216.0)
(617.0,216.0)
(664.0,216.0)
(617.0,216.0)
(648.0,216.0)
(646.0,216.0)
(664.0,216.0)
(617.0,216.0)
(617.0,216.0)
(617.0,216.0)
(617.0,216.0)
(172.0,216.0)
(664.0,216.0)
(278.0,216.0)
(617.0,216.0)
(664.0,216.0)
(617.0,216.0)
(278.0,216.0)
(664.0,216.0)
(172.0,216.0)
(617.0,216.0)
(617.0,216.0)
(646.0,216.0)
(617.0,216.0)
(664.0,216.0)
(648.0,216.0)
(648.0,216.0)
(617.0,216.0)
(617.0,216.0)
(299.0,216.0)
(617.0,216.0)
(617.0,216.0)
(646.0,216.0)
(617.0,216.0)
(617.0,216.0)
(617.0,216.0)
(648.0,216.0)
(262.0,216.0)
(617.0,216.0)
(664.0,216.0)
(617.0,216.0)
(646.0,216.0)
(617.0,216.0)
(172.0,216.0)
(617.0,216.0)
(648.0,216.0)
(648.0,216.0)
(648.0,216.0)
(172.0,216.0)
(617.0,216.0)
(617.0,216.0)
(617.0,216.0)
(646.0,216.0)
(278.0,216.0)
(648.0,216.0)
(648.0,216.0)
(648.0,216.0)
(646.0,216.0)
(278.0,216.0)
(646.0,216.0)
(617.0,216.0)
(617.0,216.0)
(278.0,216.0)
(664.0,216.0)
(648.0,216.0)
(234.0,216.0)
(648.0,216.0)
(234.0,216.0)
(648.0,216.0)
(646.0,216.0)
(172.0,216.0)
(664.0,216.0)
(646.0,216.0)
(617.0,216.0)
(648.0,216.0)
(664.0,216.0)
(664.0,216.0)
(648.0,216.0)
(664.0,216.0)
(617.0,216.0)
(278.0,216.0)
(617.0,216.0)
(617.0,216.0)
(648.0,216.0)
(617.0,216.0)
(648.0,216.0)
(262.0,216.0)
(664.0,216.0)
(617.0,216.0)
(664.0,216.0)
(656.0,216.0)
(617.0,216.0)
(648.0,216.0)
(617.0,216.0)
(262.0,216.0)
(648.0,216.0)
(617.0,216.0)
(646.0,216.0)
(617.0,216.0)
(617.0,216.0)
(664.0,216.0)
(648.0,216.0)
(648.0,216.0)
(617.0,216.0)
(234.0,216.0)
(664.0,216.0)
(278.0,216.0)
(617.0,216.0)
(215.0,215.0)
(215.0,215.0)
(215.0,215.0)
(215.0,215.0)
(215.0,215.0)
(215.0,215.0)
(215.0,215.0)
(215.0,215.0)
(215.0,215.0)
(215.0,215.0)
(215.0,215.0)
(215.0,215.0)
(215.0,215.0)
(215.0,215.0)
(215.0,215.0)
(645.0,215.0)
(215.0,215.0)
(215.0,215.0)
(214.0,215.0)
(215.0,215.0)
(215.0,215.0)
(215.0,215.0)
(215.0,215.0)
(215.0,215.0)
(215.0,215.0)
(215.0,215.0)
(215.0,215.0)
(215.0,215.0)
(215.0,215.0)
(215.0,215.0)
(215.0,215.0)
(212.0,215.0)
(215.0,215.0)
(215.0,215.0)
(215.0,215.0)
(215.0,215.0)
(215.0,215.0)
(215.0,215.0)
(215.0,215.0)
(215.0,215.0)
(215.0,215.0)
(645.0,215.0)
(215.0,215.0)
(215.0,215.0)
(215.0,215.0)
(215.0,215.0)
(215.0,215.0)
(215.0,215.0)
(215.0,215.0)
(215.0,215.0)
(215.0,215.0)
(215.0,215.0)
(215.0,215.0)
(215.0,215.0)
(215.0,215.0)
(212.0,215.0)
(215.0,215.0)
(215.0,215.0)
(215.0,215.0)
(215.0,215.0)
(215.0,215.0)
(215.0,215.0)
(215.0,215.0)
(215.0,215.0)
(215.0,215.0)
(215.0,215.0)
(215.0,215.0)
(215.0,215.0)
(215.0,215.0)
(215.0,215.0)
(215.0,215.0)
(215.0,215.0)
(215.0,215.0)
(645.0,215.0)
(212.0,215.0)
(212.0,215.0)
(215.0,215.0)
(215.0,215.0)
(215.0,215.0)
(645.0,215.0)
(215.0,215.0)
(215.0,215.0)
(215.0,215.0)
(215.0,215.0)
(215.0,215.0)
(215.0,215.0)
(215.0,215.0)
(215.0,215.0)
(215.0,215.0)
(215.0,215.0)
(215.0,215.0)
(215.0,215.0)
(215.0,215.0)
(215.0,215.0)
(215.0,215.0)
(645.0,215.0)
(215.0,215.0)
(215.0,215.0)
(215.0,215.0)
(215.0,215.0)
(215.0,215.0)
(645.0,215.0)
(215.0,215.0)
(215.0,215.0)
(215.0,215.0)
(215.0,215.0)
(215.0,215.0)
(215.0,215.0)
(212.0,215.0)
(215.0,215.0)
(215.0,215.0)
(215.0,215.0)
(215.0,215.0)
(215.0,215.0)
(645.0,215.0)
(215.0,215.0)
(215.0,215.0)
(212.0,215.0)
(215.0,215.0)
(645.0,215.0)
(215.0,215.0)
(215.0,215.0)
(215.0,215.0)
(215.0,215.0)
(215.0,215.0)
(215.0,215.0)
(215.0,215.0)
(212.0,215.0)
(215.0,215.0)
(215.0,215.0)
(215.0,215.0)
(215.0,215.0)
(215.0,215.0)
(215.0,215.0)
(215.0,215.0)
(215.0,215.0)
(215.0,215.0)
(215.0,215.0)
(215.0,215.0)
(215.0,215.0)
(215.0,215.0)
(215.0,215.0)
(215.0,215.0)
(215.0,215.0)
(215.0,215.0)
(215.0,215.0)
(651.0,217.0)
(194.0,217.0)
(651.0,217.0)
(651.0,217.0)
(651.0,217.0)
(651.0,217.0)
(217.0,217.0)
(651.0,217.0)
(651.0,217.0)
(652.0,217.0)
(651.0,217.0)
(651.0,217.0)
(651.0,217.0)
(190.0,217.0)
(190.0,217.0)
(243.0,217.0)
(621.0,217.0)
(243.0,217.0)
(621.0,217.0)
(651.0,217.0)
(645.0,217.0)
(651.0,217.0)
(651.0,217.0)
(190.0,217.0)
(651.0,217.0)
(651.0,217.0)
(621.0,217.0)
(651.0,217.0)
(651.0,217.0)
(651.0,217.0)
(621.0,217.0)
(651.0,217.0)
(651.0,217.0)
(651.0,217.0)
(621.0,217.0)
(651.0,217.0)
(621.0,217.0)
(243.0,217.0)
(190.0,217.0)
(651.0,217.0)
(651.0,217.0)
(652.0,217.0)
(190.0,217.0)
(190.0,217.0)
(652.0,217.0)
(651.0,217.0)
(621.0,217.0)
(651.0,217.0)
(651.0,217.0)
(621.0,217.0)
(217.0,217.0)
(190.0,217.0)
(651.0,217.0)
(651.0,217.0)
(217.0,217.0)
(190.0,217.0)
(720.0,217.0)
(651.0,217.0)
(243.0,217.0)
(621.0,217.0)
(194.0,217.0)
(243.0,217.0)
(651.0,217.0)
(651.0,217.0)
(621.0,217.0)
(651.0,217.0)
(651.0,217.0)
(243.0,217.0)
(651.0,217.0)
(217.0,217.0)
(621.0,217.0)
(621.0,217.0)
(652.0,217.0)
(243.0,217.0)
(194.0,217.0)
(651.0,217.0)
(723.0,217.0)
(651.0,217.0)
(621.0,217.0)
(652.0,217.0)
(651.0,217.0)
(190.0,217.0)
(651.0,217.0)
(217.0,217.0)
(651.0,217.0)
(621.0,217.0)
(621.0,217.0)
(651.0,217.0)
(720.0,217.0)
(190.0,217.0)
(217.0,217.0)
(621.0,217.0)
(651.0,217.0)
(651.0,217.0)
(651.0,217.0)
(651.0,217.0)
(720.0,217.0)
(243.0,217.0)
(651.0,217.0)
(723.0,217.0)
(651.0,217.0)
(651.0,217.0)
(651.0,217.0)
(651.0,217.0)
(651.0,217.0)
(651.0,217.0)
(652.0,217.0)
(194.0,217.0)
(651.0,217.0)
(190.0,217.0)
(217.0,217.0)
(194.0,217.0)
(194.0,217.0)
(217.0,217.0)
(217.0,217.0)
(217.0,217.0)
(217.0,217.0)
(194.0,217.0)
(652.0,217.0)
(726.0,217.0)
(653.0,217.0)
(217.0,217.0)
(217.0,217.0)
(726.0,217.0)
(726.0,217.0)
(645.0,217.0)
(217.0,217.0)
(217.0,217.0)
(217.0,217.0)
(652.0,217.0)
(217.0,217.0)
(645.0,217.0)
(217.0,217.0)
(217.0,217.0)
(217.0,217.0)
(217.0,217.0)
(217.0,217.0)
(726.0,217.0)
(218.0,217.0)
(726.0,217.0)
(217.0,217.0)
(217.0,217.0)
(645.0,217.0)
(217.0,217.0)
(653.0,217.0)
(217.0,217.0)
(645.0,217.0)
(652.0,217.0)
(652.0,217.0)
(653.0,217.0)
(652.0,217.0)
(217.0,217.0)
(217.0,217.0)
(217.0,217.0)
(217.0,217.0)
(726.0,217.0)
(217.0,217.0)
(217.0,217.0)
(194.0,217.0)
(726.0,217.0)
(726.0,217.0)
(217.0,217.0)
(217.0,217.0)
(726.0,217.0)
(726.0,217.0)
(217.0,217.0)
(217.0,217.0)
(652.0,217.0)
(645.0,217.0)
(645.0,217.0)
(726.0,217.0)
(217.0,217.0)
(217.0,217.0)
(652.0,217.0)
(217.0,217.0)
(217.0,217.0)
(217.0,217.0)
(217.0,217.0)
(217.0,217.0)
(194.0,217.0)
(726.0,217.0)
(194.0,217.0)
(653.0,217.0)
(217.0,217.0)
(645.0,217.0)
(194.0,217.0)
(217.0,217.0)
(217.0,217.0)
(218.0,217.0)
(217.0,217.0)
(726.0,217.0)
(217.0,217.0)
(645.0,217.0)
(194.0,217.0)
(194.0,217.0)
(645.0,217.0)
(217.0,217.0)
(645.0,217.0)
(217.0,217.0)
(217.0,217.0)
(217.0,217.0)
(707.0,217.0)
(726.0,217.0)
(217.0,217.0)
(194.0,217.0)
(652.0,217.0)
(217.0,217.0)
(645.0,217.0)
(217.0,217.0)
(217.0,217.0)
(217.0,217.0)
(217.0,217.0)
(217.0,217.0)
(217.0,217.0)
(726.0,217.0)
(726.0,217.0)
(217.0,217.0)
(645.0,217.0)
(217.0,217.0)
(217.0,217.0)
(645.0,217.0)
(217.0,217.0)
(217.0,217.0)
(194.0,217.0)
(726.0,217.0)
(217.0,217.0)
(194.0,217.0)
(217.0,217.0)
(217.0,217.0)
(194.0,217.0)
(652.0,217.0)
(218.0,217.0)
(652.0,217.0)
(652.0,217.0)
(194.0,217.0)
(217.0,217.0)
(217.0,217.0)
(645.0,217.0)
(217.0,217.0)
(217.0,217.0)
(217.0,217.0)
(217.0,217.0)
(217.0,217.0)
(217.0,217.0)
(217.0,217.0)
(653.0,217.0)
(726.0,217.0)
(194.0,217.0)
(194.0,217.0)
(218.0,217.0)
(646.0,218.0)
(656.0,218.0)
(656.0,218.0)
(646.0,218.0)
(646.0,218.0)
(646.0,218.0)
(646.0,218.0)
(332.0,218.0)
(332.0,218.0)
(646.0,218.0)
(262.0,218.0)
(332.0,218.0)
(646.0,218.0)
(646.0,218.0)
(646.0,218.0)
(646.0,218.0)
(332.0,218.0)
(262.0,218.0)
(646.0,218.0)
(646.0,218.0)
(646.0,218.0)
(646.0,218.0)
(262.0,218.0)
(646.0,218.0)
(646.0,218.0)
(646.0,218.0)
(646.0,218.0)
(646.0,218.0)
(646.0,218.0)
(646.0,218.0)
(646.0,218.0)
(646.0,218.0)
(656.0,218.0)
(332.0,218.0)
(262.0,218.0)
(646.0,218.0)
(646.0,218.0)
(646.0,218.0)
(646.0,218.0)
(646.0,218.0)
(646.0,218.0)
(646.0,218.0)
(332.0,218.0)
(262.0,218.0)
(646.0,218.0)
(646.0,218.0)
(646.0,218.0)
(646.0,218.0)
(646.0,218.0)
(646.0,218.0)
(646.0,218.0)
(332.0,218.0)
(660.0,218.0)
(262.0,218.0)
(646.0,218.0)
(656.0,218.0)
(646.0,218.0)
(646.0,218.0)
(646.0,218.0)
(646.0,218.0)
(646.0,218.0)
(656.0,218.0)
(656.0,218.0)
(332.0,218.0)
(646.0,218.0)
(646.0,218.0)
(646.0,218.0)
(646.0,218.0)
(332.0,218.0)
(646.0,218.0)
(656.0,218.0)
(646.0,218.0)
(332.0,218.0)
(646.0,218.0)
(646.0,218.0)
(646.0,218.0)
(646.0,218.0)
(660.0,218.0)
(646.0,218.0)
(332.0,218.0)
(646.0,218.0)
(646.0,218.0)
(646.0,218.0)
(332.0,218.0)
(660.0,218.0)
(646.0,218.0)
(332.0,218.0)
(262.0,218.0)
(646.0,218.0)
(646.0,218.0)
(656.0,218.0)
(646.0,218.0)
(262.0,218.0)
(646.0,218.0)
(262.0,218.0)
(332.0,218.0)
(646.0,218.0)
(646.0,218.0)
(646.0,218.0)
(646.0,218.0)
(262.0,218.0)
(656.0,218.0)
(646.0,218.0)
(660.0,218.0)
(646.0,218.0)
(646.0,218.0)
(313.0,217.0)
(218.0,217.0)
(217.0,217.0)
(217.0,217.0)
(313.0,217.0)
(309.0,217.0)
(218.0,217.0)
(218.0,217.0)
(328.0,217.0)
(217.0,217.0)
(218.0,217.0)
(218.0,217.0)
(217.0,217.0)
(309.0,217.0)
(218.0,217.0)
(320.0,217.0)
(217.0,217.0)
(218.0,217.0)
(720.0,217.0)
(218.0,217.0)
(328.0,217.0)
(217.0,217.0)
(218.0,217.0)
(328.0,217.0)
(218.0,217.0)
(218.0,217.0)
(313.0,217.0)
(218.0,217.0)
(217.0,217.0)
(313.0,217.0)
(218.0,217.0)
(218.0,217.0)
(218.0,217.0)
(217.0,217.0)
(218.0,217.0)
(218.0,217.0)
(218.0,217.0)
(218.0,217.0)
(218.0,217.0)
(320.0,217.0)
(218.0,217.0)
(217.0,217.0)
(217.0,217.0)
(328.0,217.0)
(328.0,217.0)
(320.0,217.0)
(313.0,217.0)
(218.0,217.0)
(218.0,217.0)
(313.0,217.0)
(217.0,217.0)
(218.0,217.0)
(218.0,217.0)
(309.0,217.0)
(218.0,217.0)
(313.0,217.0)
(218.0,217.0)
(217.0,217.0)
(340.0,217.0)
(217.0,217.0)
(218.0,217.0)
(218.0,217.0)
(313.0,217.0)
(217.0,217.0)
(217.0,217.0)
(218.0,217.0)
(309.0,217.0)
(218.0,217.0)
(313.0,217.0)
(217.0,217.0)
(217.0,217.0)
(218.0,217.0)
(218.0,217.0)
(217.0,217.0)
(217.0,217.0)
(217.0,217.0)
(313.0,217.0)
(313.0,217.0)
(217.0,217.0)
(217.0,217.0)
(218.0,217.0)
(217.0,217.0)
(218.0,217.0)
(217.0,217.0)
(309.0,217.0)
(313.0,217.0)
(320.0,217.0)
(313.0,217.0)
(217.0,217.0)
(218.0,217.0)
(218.0,217.0)
(217.0,217.0)
(309.0,217.0)
(218.0,217.0)
(217.0,217.0)
(720.0,217.0)
(218.0,217.0)
(327.0,217.0)
(328.0,217.0)
(217.0,217.0)
(340.0,217.0)
(217.0,217.0)
(327.0,217.0)
(313.0,217.0)
(217.0,217.0)
(217.0,217.0)
(327.0,217.0)
(218.0,217.0)
(309.0,217.0)
(218.0,217.0)
(218.0,217.0)
(217.0,217.0)
(218.0,217.0)
(218.0,217.0)
(218.0,217.0)
(217.0,217.0)
(218.0,217.0)
(218.0,217.0)
(309.0,217.0)
(313.0,217.0)
(313.0,217.0)
(218.0,217.0)
(313.0,217.0)
(218.0,217.0)
(313.0,217.0)
(218.0,217.0)
(218.0,217.0)
(217.0,217.0)
(217.0,217.0)
(218.0,217.0)
(340.0,217.0)
(217.0,217.0)
(313.0,217.0)
(219.0,219.0)
(645.0,219.0)
(219.0,219.0)
(653.0,219.0)
(219.0,219.0)
(219.0,219.0)
(219.0,219.0)
(219.0,219.0)
(645.0,219.0)
(629.0,219.0)
(219.0,219.0)
(219.0,219.0)
(219.0,219.0)
(645.0,219.0)
(629.0,219.0)
(653.0,219.0)
(645.0,219.0)
(645.0,219.0)
(645.0,219.0)
(645.0,219.0)
(219.0,219.0)
(219.0,219.0)
(219.0,219.0)
(629.0,219.0)
(219.0,219.0)
(645.0,219.0)
(219.0,219.0)
(645.0,219.0)
(653.0,219.0)
(653.0,219.0)
(219.0,219.0)
(645.0,219.0)
(219.0,219.0)
(219.0,219.0)
(219.0,219.0)
(645.0,219.0)
(219.0,219.0)
(219.0,219.0)
(219.0,219.0)
(219.0,219.0)
(645.0,219.0)
(645.0,219.0)
(219.0,219.0)
(645.0,219.0)
(219.0,219.0)
(219.0,219.0)
(645.0,219.0)
(219.0,219.0)
(645.0,219.0)
(629.0,219.0)
(645.0,219.0)
(629.0,219.0)
(219.0,219.0)
(645.0,219.0)
(629.0,219.0)
(645.0,219.0)
(645.0,219.0)
(645.0,219.0)
(645.0,219.0)
(645.0,219.0)
(219.0,219.0)
(645.0,219.0)
(645.0,219.0)
(219.0,219.0)
(219.0,219.0)
(219.0,219.0)
(219.0,219.0)
(653.0,219.0)
(219.0,219.0)
(645.0,219.0)
(219.0,219.0)
(219.0,219.0)
(653.0,219.0)
(219.0,219.0)
(645.0,219.0)
(219.0,219.0)
(645.0,219.0)
(645.0,219.0)
(219.0,219.0)
(219.0,219.0)
(219.0,219.0)
(634.0,219.0)
(645.0,219.0)
(219.0,219.0)
(645.0,219.0)
(219.0,219.0)
(219.0,219.0)
(645.0,219.0)
(629.0,219.0)
(219.0,219.0)
(239.0,219.0)
(219.0,219.0)
(629.0,219.0)
(219.0,219.0)
(219.0,219.0)
(645.0,219.0)
(629.0,219.0)
(645.0,219.0)
(645.0,219.0)
(645.0,219.0)
(219.0,219.0)
(219.0,219.0)
(219.0,219.0)
(645.0,219.0)
(653.0,219.0)
(219.0,219.0)
(645.0,219.0)
(219.0,219.0)
(219.0,219.0)
(629.0,219.0)
(219.0,219.0)
(219.0,219.0)
(219.0,219.0)
(629.0,219.0)
(645.0,219.0)
(219.0,219.0)
(219.0,219.0)
(219.0,219.0)
(645.0,219.0)
(219.0,219.0)
(219.0,219.0)
(219.0,219.0)
(645.0,219.0)
(629.0,219.0)
(645.0,219.0)
(219.0,219.0)
(645.0,219.0)
(219.0,219.0)
(653.0,219.0)
(645.0,219.0)
(219.0,219.0)
(645.0,219.0)
(645.0,219.0)
(219.0,219.0)
(645.0,219.0)
(219.0,219.0)
(629.0,219.0)
(219.0,219.0)
(219.0,219.0)
(645.0,219.0)
(645.0,219.0)
(629.0,219.0)
(645.0,219.0)
(219.0,219.0)
(219.0,219.0)
(219.0,219.0)
(645.0,219.0)
(645.0,219.0)
(219.0,219.0)
(645.0,219.0)
(645.0,219.0)
(645.0,219.0)
(629.0,219.0)
(219.0,219.0)
(645.0,219.0)
(645.0,219.0)
(219.0,219.0)
(288.0,219.0)
(219.0,219.0)
(629.0,219.0)
(645.0,219.0)
(219.0,219.0)
(629.0,219.0)
(219.0,219.0)
(645.0,219.0)
(645.0,219.0)
(219.0,219.0)
(219.0,219.0)
(629.0,219.0)
(629.0,219.0)
(645.0,219.0)
(219.0,219.0)
(645.0,219.0)
(645.0,219.0)
(645.0,219.0)
(219.0,219.0)
(645.0,219.0)
(645.0,219.0)
(219.0,219.0)
(645.0,219.0)
(219.0,219.0)
(219.0,219.0)
(653.0,219.0)
(645.0,219.0)
(219.0,219.0)
(219.0,219.0)
(219.0,219.0)
(219.0,219.0)
(629.0,219.0)
(645.0,219.0)
(645.0,219.0)
(219.0,219.0)
(645.0,219.0)
(219.0,219.0)
(645.0,219.0)
(219.0,219.0)
(219.0,219.0)
(645.0,219.0)
(219.0,219.0)
(645.0,219.0)
(219.0,219.0)
(243.0,219.0)
(219.0,219.0)
(645.0,219.0)
(219.0,219.0)
(219.0,219.0)
(219.0,219.0)
(228.0,219.0)
(613.0,219.0)
(219.0,219.0)
(219.0,219.0)
(219.0,219.0)
(613.0,219.0)
(645.0,219.0)
(219.0,219.0)
(636.0,219.0)
(243.0,219.0)
(219.0,219.0)
(219.0,219.0)
(219.0,219.0)
(219.0,219.0)
(645.0,219.0)
(219.0,219.0)
(219.0,219.0)
(228.0,219.0)
(613.0,219.0)
(645.0,219.0)
(645.0,219.0)
(219.0,219.0)
(219.0,219.0)
(219.0,219.0)
(219.0,219.0)
(219.0,219.0)
(219.0,219.0)
(219.0,219.0)
(243.0,219.0)
(228.0,219.0)
(219.0,219.0)
(252.0,219.0)
(219.0,219.0)
(645.0,219.0)
(645.0,219.0)
(219.0,219.0)
(243.0,219.0)
(645.0,219.0)
(243.0,219.0)
(613.0,219.0)
(219.0,219.0)
(645.0,219.0)
(645.0,219.0)
(243.0,219.0)
(636.0,219.0)
(219.0,219.0)
(228.0,219.0)
(219.0,219.0)
(219.0,219.0)
(219.0,219.0)
(219.0,219.0)
(645.0,219.0)
(219.0,219.0)
(219.0,219.0)
(219.0,219.0)
(219.0,219.0)
(645.0,219.0)
(219.0,219.0)
(228.0,219.0)
(219.0,219.0)
(228.0,219.0)
(219.0,219.0)
(219.0,219.0)
(219.0,219.0)
(219.0,219.0)
(243.0,219.0)
(219.0,219.0)
(243.0,219.0)
(219.0,219.0)
(645.0,219.0)
(228.0,219.0)
(219.0,219.0)
(219.0,219.0)
(219.0,219.0)
(228.0,219.0)
(219.0,219.0)
(219.0,219.0)
(219.0,219.0)
(228.0,219.0)
(621.0,219.0)
(219.0,219.0)
(219.0,219.0)
(219.0,219.0)
(645.0,219.0)
(219.0,219.0)
(228.0,219.0)
(219.0,219.0)
(219.0,219.0)
(613.0,219.0)
(219.0,219.0)
(634.0,219.0)
(219.0,219.0)
(219.0,219.0)
(219.0,219.0)
(219.0,219.0)
(645.0,219.0)
(219.0,219.0)
(219.0,219.0)
(219.0,219.0)
(645.0,219.0)
(645.0,219.0)
(219.0,219.0)
(219.0,219.0)
(219.0,219.0)
(645.0,219.0)
(219.0,219.0)
(219.0,219.0)
(219.0,219.0)
(219.0,219.0)
(228.0,219.0)
(219.0,219.0)
(645.0,219.0)
(219.0,219.0)
(219.0,219.0)
(219.0,219.0)
(645.0,219.0)
(645.0,219.0)
(219.0,219.0)
(645.0,219.0)
(228.0,219.0)
(613.0,219.0)
(219.0,219.0)
(645.0,219.0)
(228.0,219.0)
(228.0,219.0)
(228.0,219.0)
(219.0,219.0)
(219.0,219.0)
(219.0,219.0)
(219.0,219.0)
(219.0,219.0)
(219.0,219.0)
(613.0,219.0)
(613.0,219.0)
(219.0,219.0)
(613.0,219.0)
(634.0,219.0)
(228.0,219.0)
(645.0,219.0)
(243.0,219.0)
(219.0,219.0)
(219.0,219.0)
(613.0,219.0)
(219.0,219.0)
(219.0,219.0)
(243.0,219.0)
(228.0,219.0)
(243.0,219.0)
(219.0,219.0)
(219.0,219.0)
(645.0,219.0)
(613.0,219.0)
(219.0,219.0)
(228.0,219.0)
(219.0,219.0)
(228.0,219.0)
(613.0,219.0)
(252.0,219.0)
(219.0,219.0)
(219.0,219.0)
(645.0,219.0)
(219.0,219.0)
(645.0,219.0)
(645.0,219.0)
(219.0,219.0)
(239.0,219.0)
(252.0,219.0)
(219.0,219.0)
(624.0,219.0)
(645.0,219.0)
(645.0,219.0)
(645.0,219.0)
(645.0,219.0)
(219.0,219.0)
(624.0,219.0)
(624.0,219.0)
(645.0,219.0)
(645.0,219.0)
(239.0,219.0)
(239.0,219.0)
(239.0,219.0)
(624.0,219.0)
(645.0,219.0)
(239.0,219.0)
(239.0,219.0)
(645.0,219.0)
(645.0,219.0)
(219.0,219.0)
(624.0,219.0)
(239.0,219.0)
(645.0,219.0)
(645.0,219.0)
(239.0,219.0)
(239.0,219.0)
(645.0,219.0)
(239.0,219.0)
(645.0,219.0)
(645.0,219.0)
(645.0,219.0)
(645.0,219.0)
(239.0,219.0)
(645.0,219.0)
(645.0,219.0)
(645.0,219.0)
(239.0,219.0)
(645.0,219.0)
(645.0,219.0)
(645.0,219.0)
(645.0,219.0)
(645.0,219.0)
(239.0,219.0)
(239.0,219.0)
(239.0,219.0)
(219.0,219.0)
(624.0,219.0)
(624.0,219.0)
(645.0,219.0)
(219.0,219.0)
(645.0,219.0)
(645.0,219.0)
(645.0,219.0)
(239.0,219.0)
(239.0,219.0)
(645.0,219.0)
(624.0,219.0)
(239.0,219.0)
(645.0,219.0)
(239.0,219.0)
(645.0,219.0)
(645.0,219.0)
(239.0,219.0)
(239.0,219.0)
(239.0,219.0)
(645.0,219.0)
(239.0,219.0)
(624.0,219.0)
(624.0,219.0)
(219.0,219.0)
(645.0,219.0)
(239.0,219.0)
(239.0,219.0)
(239.0,219.0)
(239.0,219.0)
(645.0,219.0)
(636.0,219.0)
(624.0,219.0)
(624.0,219.0)
(624.0,219.0)
(239.0,219.0)
(645.0,219.0)
(645.0,219.0)
(239.0,219.0)
(239.0,219.0)
(645.0,219.0)
(645.0,219.0)
(219.0,219.0)
(645.0,219.0)
(219.0,219.0)
(645.0,219.0)
(624.0,219.0)
(645.0,219.0)
(645.0,219.0)
(645.0,219.0)
(645.0,219.0)
(645.0,219.0)
(219.0,219.0)
(645.0,219.0)
(219.0,219.0)
(645.0,219.0)
(645.0,219.0)
(624.0,219.0)
(645.0,219.0)
(645.0,219.0)
(239.0,219.0)
(645.0,219.0)
(645.0,219.0)
(645.0,219.0)
(219.0,219.0)
(624.0,219.0)
(219.0,219.0)
(239.0,219.0)
(624.0,219.0)
(239.0,219.0)
(645.0,219.0)
(239.0,219.0)
(645.0,219.0)
(636.0,219.0)
(645.0,219.0)
(645.0,219.0)
(624.0,219.0)
(239.0,219.0)
(239.0,219.0)
(624.0,219.0)
(645.0,219.0)
(645.0,219.0)
(645.0,219.0)
(239.0,219.0)
(239.0,219.0)
(239.0,219.0)
(645.0,219.0)
(219.0,219.0)
(645.0,219.0)
(645.0,219.0)
(645.0,219.0)
(624.0,219.0)
(219.0,219.0)
(645.0,219.0)
(219.0,219.0)
(645.0,219.0)
(645.0,219.0)
(645.0,219.0)
(239.0,219.0)
(624.0,219.0)
(219.0,219.0)
(239.0,219.0)
(620.0,219.0)
(239.0,219.0)
(631.0,219.0)
(631.0,219.0)
(219.0,219.0)
(219.0,219.0)
(219.0,219.0)
(631.0,219.0)
(624.0,219.0)
(239.0,219.0)
(219.0,219.0)
(219.0,219.0)
(620.0,219.0)
(219.0,219.0)
(219.0,219.0)
(219.0,219.0)
(219.0,219.0)
(613.0,219.0)
(613.0,219.0)
(239.0,219.0)
(219.0,219.0)
(613.0,219.0)
(219.0,219.0)
(613.0,219.0)
(239.0,219.0)
(620.0,219.0)
(223.0,219.0)
(624.0,219.0)
(219.0,219.0)
(624.0,219.0)
(239.0,219.0)
(613.0,219.0)
(219.0,219.0)
(624.0,219.0)
(613.0,219.0)
(613.0,219.0)
(613.0,219.0)
(219.0,219.0)
(219.0,219.0)
(613.0,219.0)
(219.0,219.0)
(631.0,219.0)
(624.0,219.0)
(219.0,219.0)
(624.0,219.0)
(219.0,219.0)
(219.0,219.0)
(219.0,219.0)
(219.0,219.0)
(613.0,219.0)
(219.0,219.0)
(219.0,219.0)
(219.0,219.0)
(219.0,219.0)
(219.0,219.0)
(219.0,219.0)
(219.0,219.0)
(631.0,219.0)
(219.0,219.0)
(219.0,219.0)
(613.0,219.0)
(613.0,219.0)
(613.0,219.0)
(613.0,219.0)
(620.0,219.0)
(239.0,219.0)
(219.0,219.0)
(624.0,219.0)
(613.0,219.0)
(229.0,219.0)
(624.0,219.0)
(239.0,219.0)
(631.0,219.0)
(219.0,219.0)
(219.0,219.0)
(613.0,219.0)
(613.0,219.0)
(624.0,219.0)
(239.0,219.0)
(219.0,219.0)
(613.0,219.0)
(219.0,219.0)
(613.0,219.0)
(613.0,219.0)
(219.0,219.0)
(219.0,219.0)
(613.0,219.0)
(613.0,219.0)
(624.0,219.0)
(219.0,219.0)
(631.0,219.0)
(613.0,219.0)
(239.0,219.0)
(219.0,219.0)
(219.0,219.0)
(219.0,219.0)
(219.0,219.0)
(239.0,219.0)
(239.0,219.0)
(631.0,219.0)
(219.0,219.0)
(620.0,219.0)
(613.0,219.0)
(219.0,219.0)
(613.0,219.0)
(613.0,219.0)
(219.0,219.0)
(631.0,219.0)
(239.0,219.0)
(239.0,219.0)
(219.0,219.0)
(219.0,219.0)
(239.0,219.0)
(239.0,219.0)
(613.0,219.0)
(239.0,219.0)
(631.0,219.0)
(624.0,219.0)
(613.0,219.0)
(239.0,219.0)
(219.0,219.0)
(219.0,219.0)
(613.0,219.0)
(219.0,219.0)
(239.0,219.0)
(620.0,219.0)
(219.0,219.0)
(631.0,219.0)
(239.0,219.0)
(219.0,219.0)
(631.0,219.0)
(219.0,219.0)
(631.0,219.0)
(219.0,219.0)
(624.0,219.0)
(624.0,219.0)
(219.0,219.0)
(219.0,219.0)
(219.0,219.0)
(219.0,219.0)
(624.0,219.0)
(239.0,219.0)
(613.0,219.0)
(219.0,219.0)
(620.0,219.0)
(613.0,219.0)
(239.0,219.0)
(239.0,219.0)
(219.0,219.0)
(219.0,219.0)
(624.0,219.0)
(239.0,219.0)
(613.0,219.0)
(239.0,219.0)
(613.0,219.0)
(229.0,219.0)
(620.0,219.0)
(613.0,219.0)
(613.0,219.0)
(239.0,219.0)
(620.0,219.0)
(219.0,219.0)
(624.0,219.0)
(219.0,219.0)
(219.0,219.0)
(219.0,219.0)
(239.0,219.0)
(613.0,219.0)
(219.0,219.0)
(620.0,219.0)
(219.0,219.0)
(613.0,219.0)
(239.0,219.0)
(219.0,219.0)
(219.0,219.0)
(219.0,219.0)
(613.0,219.0)
(613.0,219.0)
(620.0,219.0)
(620.0,219.0)
(613.0,219.0)
(219.0,219.0)
(624.0,219.0)
(219.0,219.0)
(219.0,219.0)
(219.0,219.0)
(239.0,219.0)
(239.0,219.0)
(219.0,219.0)
(624.0,219.0)
(219.0,219.0)
(631.0,219.0)
(629.0,219.0)
(219.0,219.0)
(613.0,219.0)
(219.0,219.0)
(219.0,219.0)
(212.0,221.0)
(211.0,221.0)
(212.0,221.0)
(212.0,221.0)
(212.0,221.0)
(211.0,221.0)
(212.0,221.0)
(212.0,221.0)
(212.0,221.0)
(212.0,221.0)
(212.0,221.0)
(212.0,221.0)
(212.0,221.0)
(211.0,221.0)
(212.0,221.0)
(211.0,221.0)
(212.0,221.0)
(212.0,221.0)
(212.0,221.0)
(212.0,221.0)
(212.0,221.0)
(212.0,221.0)
(212.0,221.0)
(631.0,221.0)
(212.0,221.0)
(212.0,221.0)
(212.0,221.0)
(212.0,221.0)
(212.0,221.0)
(212.0,221.0)
(212.0,221.0)
(212.0,221.0)
(211.0,221.0)
(211.0,221.0)
(211.0,221.0)
(212.0,221.0)
(631.0,221.0)
(212.0,221.0)
(211.0,221.0)
(212.0,221.0)
(212.0,221.0)
(212.0,221.0)
(212.0,221.0)
(212.0,221.0)
(212.0,221.0)
(212.0,221.0)
(212.0,221.0)
(212.0,221.0)
(212.0,221.0)
(212.0,221.0)
(211.0,221.0)
(212.0,221.0)
(212.0,221.0)
(212.0,221.0)
(212.0,221.0)
(211.0,221.0)
(212.0,221.0)
(212.0,221.0)
(212.0,221.0)
(212.0,221.0)
(212.0,221.0)
(211.0,221.0)
(212.0,221.0)
(212.0,221.0)
(212.0,221.0)
(212.0,221.0)
(212.0,221.0)
(624.0,221.0)
(211.0,221.0)
(212.0,221.0)
(212.0,221.0)
(212.0,221.0)
(212.0,221.0)
(212.0,221.0)
(212.0,221.0)
(212.0,221.0)
(212.0,221.0)
(212.0,221.0)
(212.0,221.0)
(212.0,221.0)
(212.0,221.0)
(212.0,221.0)
(212.0,221.0)
(211.0,221.0)
(212.0,221.0)
(212.0,221.0)
(212.0,221.0)
(212.0,221.0)
(212.0,221.0)
(212.0,221.0)
(212.0,221.0)
(212.0,221.0)
(212.0,221.0)
(212.0,221.0)
(212.0,221.0)
(212.0,221.0)
(212.0,221.0)
(212.0,221.0)
(212.0,221.0)
(211.0,221.0)
(212.0,221.0)
(211.0,221.0)
(212.0,221.0)
(212.0,221.0)
(212.0,221.0)
(212.0,221.0)
(212.0,221.0)
(212.0,221.0)
(631.0,221.0)
(631.0,221.0)
(211.0,221.0)
(212.0,221.0)
(212.0,221.0)
(211.0,221.0)
(212.0,221.0)
(212.0,221.0)
(212.0,221.0)
(212.0,221.0)
(212.0,221.0)
(212.0,221.0)
(212.0,221.0)
(212.0,221.0)
(212.0,221.0)
(212.0,221.0)
(212.0,221.0)
(211.0,221.0)
(212.0,221.0)
(212.0,221.0)
(212.0,221.0)
(212.0,221.0)
(212.0,221.0)
(212.0,221.0)
(212.0,221.0)
(211.0,221.0)
(211.0,221.0)
(211.0,221.0)
(212.0,221.0)
(212.0,221.0)
(212.0,221.0)
(212.0,221.0)
(212.0,221.0)
(211.0,221.0)
(212.0,221.0)
(212.0,221.0)
(212.0,221.0)
(212.0,221.0)
(212.0,221.0)
(631.0,221.0)
(212.0,221.0)
(221.0,221.0)
(255.0,221.0)
(255.0,221.0)
(212.0,221.0)
(212.0,221.0)
(221.0,221.0)
(212.0,221.0)
(221.0,221.0)
(255.0,221.0)
(255.0,221.0)
(221.0,221.0)
(221.0,221.0)
(221.0,221.0)
(212.0,221.0)
(212.0,221.0)
(255.0,221.0)
(212.0,221.0)
(212.0,221.0)
(255.0,221.0)
(221.0,221.0)
(255.0,221.0)
(212.0,221.0)
(221.0,221.0)
(212.0,221.0)
(212.0,221.0)
(212.0,221.0)
(221.0,221.0)
(255.0,221.0)
(221.0,221.0)
(221.0,221.0)
(212.0,221.0)
(221.0,221.0)
(212.0,221.0)
(221.0,221.0)
(221.0,221.0)
(212.0,221.0)
(255.0,221.0)
(221.0,221.0)
(221.0,221.0)
(212.0,221.0)
(255.0,221.0)
(212.0,221.0)
(212.0,221.0)
(212.0,221.0)
(212.0,221.0)
(255.0,221.0)
(255.0,221.0)
(255.0,221.0)
(221.0,221.0)
(212.0,221.0)
(221.0,221.0)
(255.0,221.0)
(221.0,221.0)
(212.0,221.0)
(212.0,221.0)
(221.0,221.0)
(255.0,221.0)
(221.0,221.0)
(212.0,221.0)
(221.0,221.0)
(212.0,221.0)
(221.0,221.0)
(212.0,221.0)
(212.0,221.0)
(212.0,221.0)
(212.0,221.0)
(212.0,221.0)
(255.0,221.0)
(255.0,221.0)
(255.0,221.0)
(221.0,221.0)
(212.0,221.0)
(255.0,221.0)
(255.0,221.0)
(212.0,221.0)
(212.0,221.0)
(221.0,221.0)
(212.0,221.0)
(212.0,221.0)
(221.0,221.0)
(636.0,221.0)
(255.0,221.0)
(255.0,221.0)
(255.0,221.0)
(212.0,221.0)
(255.0,221.0)
(221.0,221.0)
(212.0,221.0)
(212.0,221.0)
(221.0,221.0)
(255.0,221.0)
(212.0,221.0)
(255.0,221.0)
(212.0,221.0)
(255.0,221.0)
(221.0,221.0)
(221.0,221.0)
(255.0,221.0)
(212.0,221.0)
(221.0,221.0)
(221.0,221.0)
(255.0,221.0)
(255.0,221.0)
(221.0,221.0)
(212.0,221.0)
(255.0,221.0)
(255.0,221.0)
(221.0,221.0)
(221.0,221.0)
(255.0,221.0)
(255.0,221.0)
(212.0,221.0)
(255.0,221.0)
(212.0,221.0)
(624.0,221.0)
(636.0,221.0)
(221.0,221.0)
(221.0,221.0)
(255.0,221.0)
(212.0,221.0)
(212.0,221.0)
(255.0,221.0)
(221.0,221.0)
(221.0,221.0)
(221.0,221.0)
(212.0,221.0)
(212.0,221.0)
(212.0,221.0)
(221.0,221.0)
(221.0,221.0)
(221.0,221.0)
(221.0,221.0)
(255.0,221.0)
(255.0,221.0)
(255.0,221.0)
(212.0,221.0)
(221.0,221.0)
(267.0,220.0)
(617.0,220.0)
(617.0,220.0)
(617.0,220.0)
(267.0,220.0)
(627.0,220.0)
(617.0,220.0)
(617.0,220.0)
(617.0,220.0)
(617.0,220.0)
(608.0,220.0)
(617.0,220.0)
(617.0,220.0)
(613.0,220.0)
(608.0,220.0)
(617.0,220.0)
(617.0,220.0)
(608.0,220.0)
(617.0,220.0)
(617.0,220.0)
(617.0,220.0)
(617.0,220.0)
(267.0,220.0)
(608.0,220.0)
(608.0,220.0)
(608.0,220.0)
(617.0,220.0)
(617.0,220.0)
(617.0,220.0)
(267.0,220.0)
(613.0,220.0)
(608.0,220.0)
(617.0,220.0)
(613.0,220.0)
(627.0,220.0)
(617.0,220.0)
(608.0,220.0)
(608.0,220.0)
(617.0,220.0)
(617.0,220.0)
(617.0,220.0)
(617.0,220.0)
(608.0,220.0)
(617.0,220.0)
(617.0,220.0)
(617.0,220.0)
(267.0,220.0)
(617.0,220.0)
(267.0,220.0)
(608.0,220.0)
(617.0,220.0)
(617.0,220.0)
(608.0,220.0)
(617.0,220.0)
(608.0,220.0)
(617.0,220.0)
(267.0,220.0)
(617.0,220.0)
(617.0,220.0)
(617.0,220.0)
(617.0,220.0)
(617.0,220.0)
(267.0,220.0)
(617.0,220.0)
(617.0,220.0)
(617.0,220.0)
(617.0,220.0)
(608.0,220.0)
(617.0,220.0)
(617.0,220.0)
(617.0,220.0)
(617.0,220.0)
(617.0,220.0)
(617.0,220.0)
(617.0,220.0)
(617.0,220.0)
(267.0,220.0)
(267.0,220.0)
(608.0,220.0)
(617.0,220.0)
(613.0,220.0)
(617.0,220.0)
(617.0,220.0)
(617.0,220.0)
(627.0,220.0)
(617.0,220.0)
(231.0,220.0)
(617.0,220.0)
(267.0,220.0)
(617.0,220.0)
(267.0,220.0)
(617.0,220.0)
(617.0,220.0)
(613.0,220.0)
(617.0,220.0)
(617.0,220.0)
(617.0,220.0)
(608.0,220.0)
(617.0,220.0)
(617.0,220.0)
(617.0,220.0)
(617.0,220.0)
(617.0,220.0)
(608.0,220.0)
(617.0,220.0)
(617.0,220.0)
(218.0,220.0)
(608.0,220.0)
(613.0,220.0)
(617.0,220.0)
(617.0,220.0)
(617.0,220.0)
(617.0,220.0)
(617.0,220.0)
(617.0,220.0)
(608.0,220.0)
(617.0,220.0)
(608.0,220.0)
(617.0,220.0)
(613.0,220.0)
(617.0,220.0)
(617.0,220.0)
(617.0,220.0)
(617.0,220.0)
(627.0,220.0)
(617.0,220.0)
(617.0,220.0)
(608.0,220.0)
(239.0,221.0)
(221.0,221.0)
(239.0,221.0)
(212.0,221.0)
(624.0,221.0)
(239.0,221.0)
(239.0,221.0)
(221.0,221.0)
(212.0,221.0)
(239.0,221.0)
(212.0,221.0)
(239.0,221.0)
(212.0,221.0)
(212.0,221.0)
(219.0,221.0)
(221.0,221.0)
(221.0,221.0)
(221.0,221.0)
(624.0,221.0)
(212.0,221.0)
(249.0,221.0)
(212.0,221.0)
(212.0,221.0)
(212.0,221.0)
(212.0,221.0)
(239.0,221.0)
(212.0,221.0)
(239.0,221.0)
(221.0,221.0)
(255.0,221.0)
(221.0,221.0)
(239.0,221.0)
(239.0,221.0)
(212.0,221.0)
(249.0,221.0)
(239.0,221.0)
(221.0,221.0)
(212.0,221.0)
(221.0,221.0)
(212.0,221.0)
(249.0,221.0)
(212.0,221.0)
(221.0,221.0)
(239.0,221.0)
(239.0,221.0)
(249.0,221.0)
(212.0,221.0)
(624.0,221.0)
(219.0,221.0)
(255.0,221.0)
(212.0,221.0)
(212.0,221.0)
(267.0,221.0)
(249.0,221.0)
(239.0,221.0)
(212.0,221.0)
(239.0,221.0)
(212.0,221.0)
(239.0,221.0)
(239.0,221.0)
(239.0,221.0)
(212.0,221.0)
(221.0,221.0)
(212.0,221.0)
(239.0,221.0)
(212.0,221.0)
(239.0,221.0)
(624.0,221.0)
(219.0,221.0)
(624.0,221.0)
(602.0,221.0)
(239.0,221.0)
(239.0,221.0)
(239.0,221.0)
(239.0,221.0)
(212.0,221.0)
(221.0,221.0)
(212.0,221.0)
(239.0,221.0)
(239.0,221.0)
(624.0,221.0)
(212.0,221.0)
(624.0,221.0)
(239.0,221.0)
(249.0,221.0)
(239.0,221.0)
(239.0,221.0)
(249.0,221.0)
(212.0,221.0)
(219.0,221.0)
(239.0,221.0)
(239.0,221.0)
(212.0,221.0)
(239.0,221.0)
(624.0,221.0)
(221.0,221.0)
(239.0,221.0)
(239.0,221.0)
(239.0,221.0)
(212.0,221.0)
(239.0,221.0)
(212.0,221.0)
(219.0,221.0)
(212.0,221.0)
(212.0,221.0)
(239.0,221.0)
(212.0,221.0)
(221.0,221.0)
(212.0,221.0)
(249.0,221.0)
(239.0,221.0)
(221.0,221.0)
(212.0,221.0)
(212.0,221.0)
(624.0,221.0)
(219.0,221.0)
(239.0,221.0)
(212.0,221.0)
(212.0,221.0)
(212.0,221.0)
(239.0,221.0)
(212.0,221.0)
(212.0,221.0)
(221.0,221.0)
(212.0,221.0)
(212.0,221.0)
(624.0,221.0)
(212.0,221.0)
(624.0,221.0)
(221.0,221.0)
(221.0,221.0)
(221.0,221.0)
(212.0,221.0)
(212.0,221.0)
(221.0,221.0)
(212.0,221.0)
(221.0,221.0)
(212.0,221.0)
(221.0,221.0)
(624.0,221.0)
(239.0,221.0)
(212.0,221.0)
(219.0,221.0)
(239.0,221.0)
(212.0,221.0)
(249.0,221.0)
(602.0,221.0)
(240.0,221.0)
(624.0,221.0)
(212.0,221.0)
(602.0,221.0)
(212.0,221.0)
(212.0,221.0)
(240.0,221.0)
(255.0,221.0)
(602.0,221.0)
(602.0,221.0)
(240.0,221.0)
(602.0,221.0)
(602.0,221.0)
(624.0,221.0)
(212.0,221.0)
(240.0,221.0)
(602.0,221.0)
(212.0,221.0)
(602.0,221.0)
(602.0,221.0)
(602.0,221.0)
(255.0,221.0)
(212.0,221.0)
(624.0,221.0)
(602.0,221.0)
(602.0,221.0)
(624.0,221.0)
(212.0,221.0)
(624.0,221.0)
(602.0,221.0)
(602.0,221.0)
(602.0,221.0)
(602.0,221.0)
(624.0,221.0)
(255.0,221.0)
(255.0,221.0)
(212.0,221.0)
(602.0,221.0)
(212.0,221.0)
(624.0,221.0)
(212.0,221.0)
(602.0,221.0)
(602.0,221.0)
(212.0,221.0)
(624.0,221.0)
(602.0,221.0)
(602.0,221.0)
(602.0,221.0)
(602.0,221.0)
(602.0,221.0)
(212.0,221.0)
(602.0,221.0)
(240.0,221.0)
(255.0,221.0)
(255.0,221.0)
(602.0,221.0)
(624.0,221.0)
(240.0,221.0)
(212.0,221.0)
(602.0,221.0)
(602.0,221.0)
(602.0,221.0)
(212.0,221.0)
(632.0,221.0)
(240.0,221.0)
(624.0,221.0)
(240.0,221.0)
(602.0,221.0)
(240.0,221.0)
(212.0,221.0)
(602.0,221.0)
(602.0,221.0)
(624.0,221.0)
(255.0,221.0)
(212.0,221.0)
(240.0,221.0)
(212.0,221.0)
(239.0,221.0)
(212.0,221.0)
(624.0,221.0)
(212.0,221.0)
(602.0,221.0)
(212.0,221.0)
(255.0,221.0)
(240.0,221.0)
(602.0,221.0)
(240.0,221.0)
(624.0,221.0)
(212.0,221.0)
(239.0,221.0)
(255.0,221.0)
(602.0,221.0)
(240.0,221.0)
(602.0,221.0)
(602.0,221.0)
(239.0,221.0)
(212.0,221.0)
(255.0,221.0)
(602.0,221.0)
(602.0,221.0)
(239.0,221.0)
(602.0,221.0)
(602.0,221.0)
(602.0,221.0)
(212.0,221.0)
(255.0,221.0)
(240.0,221.0)
(255.0,221.0)
(212.0,221.0)
(624.0,221.0)
