(313.0,310.0)
(327.0,310.0)
(713.0,310.0)
(313.0,310.0)
(713.0,310.0)
(713.0,310.0)
(713.0,310.0)
(194.0,310.0)
(327.0,310.0)
(327.0,310.0)
(713.0,310.0)
(713.0,310.0)
(313.0,310.0)
(713.0,310.0)
(713.0,310.0)
(713.0,310.0)
(327.0,310.0)
(313.0,310.0)
(713.0,310.0)
(327.0,310.0)
(713.0,310.0)
(704.0,310.0)
(713.0,310.0)
(313.0,310.0)
(713.0,310.0)
(194.0,310.0)
(713.0,310.0)
(327.0,310.0)
(713.0,310.0)
(713.0,310.0)
(713.0,310.0)
(194.0,310.0)
(713.0,310.0)
(713.0,310.0)
(713.0,310.0)
(313.0,310.0)
(327.0,310.0)
(327.0,310.0)
(713.0,310.0)
(313.0,310.0)
(713.0,310.0)
(713.0,310.0)
(327.0,310.0)
(713.0,310.0)
(713.0,310.0)
(704.0,310.0)
(713.0,310.0)
(327.0,310.0)
(713.0,310.0)
(313.0,310.0)
(194.0,310.0)
(194.0,310.0)
(327.0,310.0)
(713.0,310.0)
(713.0,310.0)
(713.0,310.0)
(313.0,310.0)
(713.0,310.0)
(194.0,310.0)
(713.0,310.0)
(713.0,310.0)
(713.0,310.0)
(713.0,310.0)
(313.0,310.0)
(327.0,310.0)
(327.0,310.0)
(313.0,310.0)
(313.0,310.0)
(313.0,310.0)
(327.0,310.0)
(713.0,310.0)
(313.0,310.0)
(194.0,310.0)
(713.0,310.0)
(713.0,310.0)
(696.0,310.0)
(327.0,310.0)
(713.0,310.0)
(327.0,310.0)
(327.0,310.0)
(713.0,310.0)
(713.0,310.0)
(327.0,310.0)
(713.0,310.0)
(713.0,310.0)
(313.0,310.0)
(713.0,310.0)
(713.0,310.0)
(713.0,310.0)
(713.0,310.0)
(713.0,310.0)
(327.0,310.0)
(713.0,310.0)
(636.0,310.0)
(194.0,310.0)
(713.0,310.0)
(327.0,310.0)
(194.0,310.0)
(713.0,310.0)
(713.0,310.0)
(327.0,310.0)
(327.0,310.0)
(327.0,310.0)
(313.0,310.0)
(713.0,310.0)
(313.0,310.0)
(696.0,310.0)
(713.0,310.0)
(194.0,310.0)
(713.0,310.0)
(713.0,310.0)
(327.0,310.0)
(719.0,310.0)
(332.0,310.0)
(715.0,310.0)
(327.0,310.0)
(718.0,310.0)
(713.0,310.0)
(327.0,310.0)
(719.0,310.0)
(713.0,310.0)
(713.0,310.0)
(327.0,310.0)
(328.0,310.0)
(312.0,310.0)
(713.0,310.0)
(713.0,310.0)
(328.0,310.0)
(696.0,310.0)
(719.0,310.0)
(719.0,310.0)
(715.0,310.0)
(327.0,310.0)
(332.0,310.0)
(696.0,310.0)
(713.0,310.0)
(326.0,310.0)
(327.0,310.0)
(719.0,310.0)
(255.0,310.0)
(723.0,310.0)
(332.0,310.0)
(326.0,310.0)
(255.0,310.0)
(327.0,310.0)
(332.0,310.0)
(312.0,310.0)
(255.0,310.0)
(713.0,310.0)
(327.0,310.0)
(327.0,310.0)
(255.0,310.0)
(327.0,310.0)
(719.0,310.0)
(696.0,310.0)
(719.0,310.0)
(332.0,310.0)
(719.0,310.0)
(327.0,310.0)
(718.0,310.0)
(326.0,310.0)
(327.0,310.0)
(719.0,310.0)
(718.0,310.0)
(719.0,310.0)
(713.0,310.0)
(332.0,310.0)
(332.0,310.0)
(713.0,310.0)
(713.0,310.0)
(713.0,310.0)
(719.0,310.0)
(719.0,310.0)
(713.0,310.0)
(327.0,310.0)
(715.0,310.0)
(713.0,310.0)
(327.0,310.0)
(255.0,310.0)
(332.0,310.0)
(327.0,310.0)
(719.0,310.0)
(327.0,310.0)
(723.0,310.0)
(696.0,310.0)
(696.0,310.0)
(328.0,310.0)
(255.0,310.0)
(332.0,310.0)
(696.0,310.0)
(713.0,310.0)
(327.0,310.0)
(715.0,310.0)
(719.0,310.0)
(718.0,310.0)
(713.0,310.0)
(326.0,310.0)
(327.0,310.0)
(718.0,310.0)
(326.0,310.0)
(313.0,310.0)
(636.0,310.0)
(718.0,310.0)
(719.0,310.0)
(713.0,310.0)
(255.0,310.0)
(255.0,310.0)
(332.0,310.0)
(327.0,310.0)
(327.0,310.0)
(255.0,310.0)
(312.0,310.0)
(696.0,310.0)
(326.0,310.0)
(719.0,310.0)
(713.0,310.0)
(327.0,310.0)
(326.0,310.0)
(723.0,310.0)
(327.0,310.0)
(713.0,310.0)
(718.0,310.0)
(255.0,310.0)
(715.0,310.0)
(255.0,310.0)
(332.0,310.0)
(713.0,310.0)
(327.0,310.0)
(326.0,310.0)
(723.0,310.0)
(713.0,310.0)
(332.0,310.0)
(328.0,310.0)
(312.0,310.0)
(255.0,310.0)
(723.0,310.0)
(327.0,310.0)
(327.0,310.0)
(255.0,310.0)
(313.0,310.0)
(718.0,310.0)
(696.0,310.0)
(327.0,310.0)
(713.0,310.0)
(723.0,310.0)
(328.0,310.0)
(713.0,310.0)
(327.0,310.0)
(312.0,310.0)
(715.0,310.0)
(332.0,310.0)
(332.0,310.0)
(327.0,310.0)
(326.0,310.0)
(713.0,310.0)
(713.0,310.0)
(313.0,310.0)
(713.0,310.0)
(332.0,310.0)
(713.0,310.0)
(328.0,310.0)
(312.0,310.0)
(718.0,310.0)
(719.0,310.0)
(327.0,310.0)
(636.0,310.0)
(723.0,310.0)
(715.0,310.0)
(719.0,310.0)
(327.0,310.0)
(327.0,310.0)
(326.0,310.0)
(332.0,310.0)
(255.0,310.0)
(312.0,310.0)
(255.0,310.0)
(718.0,310.0)
(327.0,310.0)
(327.0,310.0)
(718.0,310.0)
(723.0,310.0)
(327.0,310.0)
(713.0,310.0)
(328.0,310.0)
(719.0,310.0)
(713.0,310.0)
(713.0,310.0)
(326.0,310.0)
(255.0,310.0)
(713.0,310.0)
(327.0,310.0)
(713.0,310.0)
(255.0,310.0)
(332.0,310.0)
(255.0,310.0)
(327.0,310.0)
(332.0,310.0)
(255.0,310.0)
(255.0,310.0)
(718.0,310.0)
(327.0,310.0)
(327.0,310.0)
(719.0,310.0)
(328.0,310.0)
(719.0,310.0)
(332.0,310.0)
(719.0,310.0)
(332.0,310.0)
(326.0,310.0)
(723.0,310.0)
(713.0,310.0)
(327.0,309.0)
(313.0,309.0)
(327.0,309.0)
(315.0,309.0)
(327.0,309.0)
(701.0,309.0)
(701.0,309.0)
(313.0,309.0)
(723.0,309.0)
(327.0,309.0)
(723.0,309.0)
(315.0,309.0)
(347.0,309.0)
(327.0,309.0)
(327.0,309.0)
(313.0,309.0)
(313.0,309.0)
(327.0,309.0)
(288.0,309.0)
(327.0,309.0)
(288.0,309.0)
(313.0,309.0)
(288.0,309.0)
(701.0,309.0)
(347.0,309.0)
(347.0,309.0)
(327.0,309.0)
(327.0,309.0)
(347.0,309.0)
(315.0,309.0)
(327.0,309.0)
(288.0,309.0)
(347.0,309.0)
(327.0,309.0)
(313.0,309.0)
(327.0,309.0)
(327.0,309.0)
(347.0,309.0)
(313.0,309.0)
(327.0,309.0)
(327.0,309.0)
(723.0,309.0)
(327.0,309.0)
(327.0,309.0)
(327.0,309.0)
(288.0,309.0)
(327.0,309.0)
(313.0,309.0)
(309.0,309.0)
(288.0,309.0)
(313.0,309.0)
(313.0,309.0)
(327.0,309.0)
(288.0,309.0)
(327.0,309.0)
(347.0,309.0)
(327.0,309.0)
(327.0,309.0)
(327.0,309.0)
(288.0,309.0)
(327.0,309.0)
(327.0,309.0)
(715.0,309.0)
(313.0,309.0)
(327.0,309.0)
(327.0,309.0)
(288.0,309.0)
(288.0,309.0)
(347.0,309.0)
(313.0,309.0)
(327.0,309.0)
(327.0,309.0)
(313.0,309.0)
(715.0,309.0)
(313.0,309.0)
(327.0,309.0)
(288.0,309.0)
(327.0,309.0)
(313.0,309.0)
(347.0,309.0)
(347.0,309.0)
(288.0,309.0)
(288.0,309.0)
(315.0,309.0)
(327.0,309.0)
(288.0,309.0)
(315.0,309.0)
(327.0,309.0)
(327.0,309.0)
(347.0,309.0)
(313.0,309.0)
(288.0,309.0)
(327.0,309.0)
(327.0,309.0)
(313.0,309.0)
(327.0,309.0)
(313.0,309.0)
(327.0,309.0)
(288.0,309.0)
(327.0,309.0)
(315.0,309.0)
(288.0,309.0)
(288.0,309.0)
(723.0,309.0)
(315.0,309.0)
(313.0,309.0)
(288.0,309.0)
(347.0,309.0)
(315.0,309.0)
(315.0,309.0)
(315.0,309.0)
(288.0,309.0)
(315.0,309.0)
(327.0,309.0)
(327.0,309.0)
(327.0,309.0)
(327.0,309.0)
(327.0,309.0)
(315.0,309.0)
(327.0,309.0)
(313.0,309.0)
(313.0,309.0)
(347.0,309.0)
(315.0,309.0)
(315.0,309.0)
(309.0,309.0)
(701.0,309.0)
(315.0,309.0)
(645.0,310.0)
(328.0,310.0)
(262.0,310.0)
(670.0,310.0)
(645.0,310.0)
(328.0,310.0)
(713.0,310.0)
(327.0,310.0)
(328.0,310.0)
(713.0,310.0)
(328.0,310.0)
(645.0,310.0)
(645.0,310.0)
(713.0,310.0)
(328.0,310.0)
(328.0,310.0)
(328.0,310.0)
(713.0,310.0)
(328.0,310.0)
(328.0,310.0)
(670.0,310.0)
(645.0,310.0)
(262.0,310.0)
(340.0,310.0)
(713.0,310.0)
(347.0,310.0)
(327.0,310.0)
(328.0,310.0)
(645.0,310.0)
(670.0,310.0)
(262.0,310.0)
(713.0,310.0)
(645.0,310.0)
(327.0,310.0)
(262.0,310.0)
(713.0,310.0)
(645.0,310.0)
(328.0,310.0)
(645.0,310.0)
(645.0,310.0)
(645.0,310.0)
(645.0,310.0)
(328.0,310.0)
(340.0,310.0)
(328.0,310.0)
(262.0,310.0)
(328.0,310.0)
(645.0,310.0)
(713.0,310.0)
(670.0,310.0)
(645.0,310.0)
(328.0,310.0)
(718.0,310.0)
(328.0,310.0)
(328.0,310.0)
(262.0,310.0)
(340.0,310.0)
(328.0,310.0)
(328.0,310.0)
(328.0,310.0)
(328.0,310.0)
(328.0,310.0)
(328.0,310.0)
(645.0,310.0)
(670.0,310.0)
(713.0,310.0)
(645.0,310.0)
(645.0,310.0)
(262.0,310.0)
(645.0,310.0)
(328.0,310.0)
(327.0,310.0)
(713.0,310.0)
(713.0,310.0)
(340.0,310.0)
(645.0,310.0)
(645.0,310.0)
(262.0,310.0)
(713.0,310.0)
(328.0,310.0)
(645.0,310.0)
(670.0,310.0)
(328.0,310.0)
(328.0,310.0)
(328.0,310.0)
(347.0,310.0)
(328.0,310.0)
(328.0,310.0)
(347.0,310.0)
(713.0,310.0)
(645.0,310.0)
(718.0,310.0)
(328.0,310.0)
(328.0,310.0)
(645.0,310.0)
(645.0,310.0)
(262.0,310.0)
(645.0,310.0)
(645.0,310.0)
(645.0,310.0)
(713.0,310.0)
(713.0,310.0)
(713.0,310.0)
(328.0,310.0)
(713.0,310.0)
(645.0,310.0)
(347.0,310.0)
(347.0,310.0)
(645.0,310.0)
(713.0,310.0)
(328.0,310.0)
(645.0,310.0)
(328.0,310.0)
(645.0,310.0)
(262.0,310.0)
(328.0,310.0)
(327.0,310.0)
(347.0,310.0)
(347.0,310.0)
(328.0,310.0)
(262.0,310.0)
(645.0,310.0)
(347.0,310.0)
(645.0,310.0)
(670.0,310.0)
(327.0,310.0)
(645.0,310.0)
(645.0,310.0)
(670.0,310.0)
(718.0,310.0)
(713.0,310.0)
(645.0,310.0)
(713.0,310.0)
(347.0,310.0)
(328.0,310.0)
(328.0,310.0)
(645.0,310.0)
(713.0,310.0)
(670.0,310.0)
(262.0,310.0)
(262.0,310.0)
(327.0,310.0)
(713.0,310.0)
(713.0,310.0)
(713.0,310.0)
(713.0,310.0)
(328.0,310.0)
(262.0,310.0)
(713.0,310.0)
(713.0,310.0)
(713.0,310.0)
(713.0,310.0)
(328.0,310.0)
(328.0,310.0)
(645.0,310.0)
(670.0,310.0)
(670.0,310.0)
(328.0,310.0)
(328.0,310.0)
(645.0,310.0)
(713.0,310.0)
(262.0,310.0)
(645.0,310.0)
(713.0,310.0)
(645.0,310.0)
(718.0,310.0)
(328.0,310.0)
(645.0,310.0)
(718.0,310.0)
(713.0,310.0)
(328.0,310.0)
(328.0,310.0)
(645.0,310.0)
(328.0,310.0)
(328.0,310.0)
(328.0,310.0)
(713.0,310.0)
(645.0,310.0)
(713.0,310.0)
(328.0,310.0)
(328.0,310.0)
(645.0,310.0)
(262.0,310.0)
(645.0,310.0)
(645.0,310.0)
(262.0,310.0)
(645.0,310.0)
(645.0,310.0)
(328.0,310.0)
(328.0,310.0)
(645.0,310.0)
(328.0,310.0)
(645.0,310.0)
(328.0,310.0)
(262.0,310.0)
(328.0,310.0)
(262.0,310.0)
(713.0,310.0)
(347.0,310.0)
(713.0,310.0)
(157.0,310.0)
(519.0,310.0)
(472.0,310.0)
(354.0,310.0)
(305.0,310.0)
(380.0,310.0)
(157.0,310.0)
(380.0,310.0)
(613.0,310.0)
(280.0,310.0)
(305.0,310.0)
(607.0,310.0)
(354.0,310.0)
(219.0,310.0)
(309.0,310.0)
(43.0,310.0)
(447.0,310.0)
(613.0,310.0)
(305.0,310.0)
(519.0,310.0)
(723.0,310.0)
(43.0,310.0)
(417.0,310.0)
(613.0,310.0)
(519.0,310.0)
(417.0,310.0)
(239.0,310.0)
(417.0,310.0)
(766.0,310.0)
(613.0,310.0)
(426.0,310.0)
(309.0,310.0)
(239.0,310.0)
(682.0,310.0)
(354.0,310.0)
(613.0,310.0)
(723.0,310.0)
(483.0,310.0)
(519.0,310.0)
(613.0,310.0)
(102.0,310.0)
(673.0,310.0)
(417.0,310.0)
(309.0,310.0)
(613.0,310.0)
(723.0,310.0)
(395.0,310.0)
(354.0,310.0)
(286.0,310.0)
(413.0,310.0)
(613.0,310.0)
(287.0,310.0)
(519.0,310.0)
(784.0,310.0)
(613.0,310.0)
(613.0,310.0)
(613.0,310.0)
(519.0,310.0)
(769.0,310.0)
(262.0,310.0)
(314.0,310.0)
(300.0,310.0)
(305.0,310.0)
(314.0,310.0)
(613.0,310.0)
(354.0,310.0)
(613.0,310.0)
(354.0,310.0)
(413.0,310.0)
(354.0,310.0)
(157.0,310.0)
(417.0,310.0)
(519.0,310.0)
(519.0,310.0)
(519.0,310.0)
(660.0,310.0)
(417.0,310.0)
(613.0,310.0)
(519.0,310.0)
(769.0,310.0)
(305.0,310.0)
(380.0,310.0)
(327.0,309.0)
(328.0,309.0)
(327.0,309.0)
(327.0,309.0)
(327.0,309.0)
(327.0,309.0)
(327.0,309.0)
(328.0,309.0)
(327.0,309.0)
(327.0,309.0)
(327.0,309.0)
(313.0,309.0)
(327.0,309.0)
(327.0,309.0)
(328.0,309.0)
(328.0,309.0)
(327.0,309.0)
(328.0,309.0)
(327.0,309.0)
(328.0,309.0)
(328.0,309.0)
(328.0,309.0)
(328.0,309.0)
(327.0,309.0)
(327.0,309.0)
(328.0,309.0)
(328.0,309.0)
(327.0,309.0)
(713.0,309.0)
(328.0,309.0)
(328.0,309.0)
(327.0,309.0)
(701.0,309.0)
(327.0,309.0)
(327.0,309.0)
(328.0,309.0)
(328.0,309.0)
(327.0,309.0)
(327.0,309.0)
(327.0,309.0)
(327.0,309.0)
(327.0,309.0)
(327.0,309.0)
(327.0,309.0)
(328.0,309.0)
(327.0,309.0)
(328.0,309.0)
(328.0,309.0)
(328.0,309.0)
(328.0,309.0)
(315.0,309.0)
(327.0,309.0)
(327.0,309.0)
(327.0,309.0)
(327.0,309.0)
(328.0,309.0)
(327.0,309.0)
(327.0,309.0)
(328.0,309.0)
(328.0,309.0)
(315.0,309.0)
(327.0,309.0)
(327.0,309.0)
(328.0,309.0)
(328.0,309.0)
(328.0,309.0)
(713.0,309.0)
(327.0,309.0)
(327.0,309.0)
(328.0,309.0)
(328.0,309.0)
(327.0,309.0)
(327.0,309.0)
(328.0,309.0)
(327.0,309.0)
(328.0,309.0)
(328.0,309.0)
(327.0,309.0)
(328.0,309.0)
(328.0,309.0)
(328.0,309.0)
(315.0,309.0)
(328.0,309.0)
(327.0,309.0)
(328.0,309.0)
(315.0,309.0)
(327.0,309.0)
(328.0,309.0)
(328.0,309.0)
(328.0,309.0)
(328.0,309.0)
(327.0,309.0)
(327.0,309.0)
(328.0,309.0)
(327.0,309.0)
(328.0,309.0)
(327.0,309.0)
(713.0,309.0)
(328.0,309.0)
(315.0,309.0)
(327.0,309.0)
(327.0,309.0)
(328.0,309.0)
(327.0,309.0)
(713.0,309.0)
(328.0,309.0)
(328.0,309.0)
(328.0,309.0)
(315.0,309.0)
(327.0,309.0)
(315.0,309.0)
(328.0,309.0)
(327.0,309.0)
(327.0,309.0)
(327.0,309.0)
(327.0,309.0)
(327.0,309.0)
(713.0,309.0)
(327.0,309.0)
(327.0,309.0)
(327.0,309.0)
(328.0,309.0)
(328.0,309.0)
(327.0,309.0)
(327.0,309.0)
(328.0,309.0)
(327.0,309.0)
(328.0,309.0)
(713.0,309.0)
(328.0,309.0)
(713.0,311.0)
(713.0,311.0)
(713.0,311.0)
(713.0,311.0)
(713.0,311.0)
(713.0,311.0)
(713.0,311.0)
(713.0,311.0)
(713.0,311.0)
(713.0,311.0)
(713.0,311.0)
(309.0,311.0)
(713.0,311.0)
(713.0,311.0)
(713.0,311.0)
(309.0,311.0)
(713.0,311.0)
(327.0,311.0)
(713.0,311.0)
(327.0,311.0)
(713.0,311.0)
(327.0,311.0)
(713.0,311.0)
(327.0,311.0)
(713.0,311.0)
(713.0,311.0)
(347.0,311.0)
(713.0,311.0)
(713.0,311.0)
(713.0,311.0)
(347.0,311.0)
(713.0,311.0)
(713.0,311.0)
(713.0,311.0)
(713.0,311.0)
(713.0,311.0)
(347.0,311.0)
(713.0,311.0)
(713.0,311.0)
(713.0,311.0)
(713.0,311.0)
(713.0,311.0)
(713.0,311.0)
(713.0,311.0)
(347.0,311.0)
(327.0,311.0)
(309.0,311.0)
(309.0,311.0)
(713.0,311.0)
(309.0,311.0)
(713.0,311.0)
(327.0,311.0)
(713.0,311.0)
(713.0,311.0)
(713.0,311.0)
(327.0,311.0)
(713.0,311.0)
(713.0,311.0)
(327.0,311.0)
(309.0,311.0)
(713.0,311.0)
(713.0,311.0)
(713.0,311.0)
(713.0,311.0)
(309.0,311.0)
(309.0,311.0)
(713.0,311.0)
(713.0,311.0)
(327.0,311.0)
(327.0,311.0)
(713.0,311.0)
(713.0,311.0)
(713.0,311.0)
(713.0,311.0)
(327.0,311.0)
(327.0,311.0)
(713.0,311.0)
(713.0,311.0)
(327.0,311.0)
(327.0,311.0)
(347.0,311.0)
(713.0,311.0)
(309.0,311.0)
(713.0,311.0)
(327.0,311.0)
(713.0,311.0)
(713.0,311.0)
(713.0,311.0)
(713.0,311.0)
(713.0,311.0)
(327.0,311.0)
(713.0,311.0)
(713.0,311.0)
(309.0,311.0)
(713.0,311.0)
(347.0,311.0)
(713.0,311.0)
(713.0,311.0)
(327.0,311.0)
(713.0,311.0)
(713.0,311.0)
(327.0,311.0)
(327.0,311.0)
(713.0,311.0)
(309.0,311.0)
(713.0,311.0)
(713.0,311.0)
(713.0,311.0)
(713.0,311.0)
(713.0,311.0)
(327.0,311.0)
(713.0,311.0)
(713.0,311.0)
(713.0,311.0)
(713.0,311.0)
(713.0,311.0)
(309.0,311.0)
(713.0,311.0)
(713.0,311.0)
(713.0,311.0)
(713.0,311.0)
(713.0,311.0)
(713.0,311.0)
(713.0,311.0)
(713.0,311.0)
(713.0,311.0)
(713.0,311.0)
(309.0,311.0)
(327.0,311.0)
(713.0,311.0)
(312.0,312.0)
(312.0,312.0)
(262.0,312.0)
(262.0,312.0)
(312.0,312.0)
(312.0,312.0)
(312.0,312.0)
(262.0,312.0)
(262.0,312.0)
(312.0,312.0)
(312.0,312.0)
(312.0,312.0)
(312.0,312.0)
(312.0,312.0)
(312.0,312.0)
(543.0,312.0)
(312.0,312.0)
(262.0,312.0)
(312.0,312.0)
(543.0,312.0)
(312.0,312.0)
(312.0,312.0)
(312.0,312.0)
(262.0,312.0)
(312.0,312.0)
(262.0,312.0)
(543.0,312.0)
(312.0,312.0)
(262.0,312.0)
(543.0,312.0)
(543.0,312.0)
(312.0,312.0)
(312.0,312.0)
(312.0,312.0)
(262.0,312.0)
(262.0,312.0)
(312.0,312.0)
(312.0,312.0)
(262.0,312.0)
(312.0,312.0)
(312.0,312.0)
(543.0,312.0)
(312.0,312.0)
(262.0,312.0)
(312.0,312.0)
(312.0,312.0)
(312.0,312.0)
(312.0,312.0)
(312.0,312.0)
(262.0,312.0)
(312.0,312.0)
(312.0,312.0)
(543.0,312.0)
(543.0,312.0)
(262.0,312.0)
(312.0,312.0)
(262.0,312.0)
(262.0,312.0)
(543.0,312.0)
(279.0,312.0)
(312.0,312.0)
(312.0,312.0)
(312.0,312.0)
(312.0,312.0)
(312.0,312.0)
(312.0,312.0)
(543.0,312.0)
(262.0,312.0)
(312.0,312.0)
(312.0,312.0)
(543.0,312.0)
(543.0,312.0)
(312.0,312.0)
(262.0,312.0)
(543.0,312.0)
(312.0,312.0)
(312.0,312.0)
(262.0,312.0)
(312.0,312.0)
(312.0,312.0)
(543.0,312.0)
(312.0,312.0)
(543.0,312.0)
(335.0,312.0)
(279.0,312.0)
(262.0,312.0)
(312.0,312.0)
(312.0,312.0)
(543.0,312.0)
(262.0,312.0)
(543.0,312.0)
(543.0,312.0)
(312.0,312.0)
(262.0,312.0)
(262.0,312.0)
(312.0,312.0)
(312.0,312.0)
(312.0,312.0)
(262.0,312.0)
(312.0,312.0)
(262.0,312.0)
(312.0,312.0)
(262.0,312.0)
(262.0,312.0)
(262.0,312.0)
(262.0,312.0)
(312.0,312.0)
(312.0,312.0)
(262.0,312.0)
(262.0,312.0)
(312.0,312.0)
(312.0,312.0)
(543.0,312.0)
(312.0,312.0)
(312.0,312.0)
(312.0,312.0)
(262.0,312.0)
(543.0,312.0)
(543.0,312.0)
(312.0,312.0)
(312.0,312.0)
(543.0,312.0)
(262.0,312.0)
(312.0,312.0)
(312.0,312.0)
(262.0,312.0)
(312.0,312.0)
(312.0,312.0)
(312.0,312.0)
(543.0,312.0)
(312.0,312.0)
(312.0,312.0)
(312.0,312.0)
(543.0,312.0)
(312.0,312.0)
(312.0,312.0)
(312.0,312.0)
(543.0,312.0)
(543.0,312.0)
(312.0,312.0)
(312.0,312.0)
(543.0,312.0)
(312.0,312.0)
(262.0,312.0)
(312.0,312.0)
(262.0,312.0)
(312.0,312.0)
(335.0,312.0)
(312.0,312.0)
(262.0,312.0)
(313.0,313.0)
(313.0,313.0)
(313.0,313.0)
(713.0,313.0)
(313.0,313.0)
(313.0,313.0)
(313.0,313.0)
(313.0,313.0)
(713.0,313.0)
(713.0,313.0)
(313.0,313.0)
(313.0,313.0)
(313.0,313.0)
(713.0,313.0)
(713.0,313.0)
(713.0,313.0)
(716.0,313.0)
(313.0,313.0)
(313.0,313.0)
(313.0,313.0)
(313.0,313.0)
(313.0,313.0)
(716.0,313.0)
(713.0,313.0)
(313.0,313.0)
(313.0,313.0)
(313.0,313.0)
(313.0,313.0)
(723.0,313.0)
(713.0,313.0)
(713.0,313.0)
(313.0,313.0)
(313.0,313.0)
(313.0,313.0)
(713.0,313.0)
(313.0,313.0)
(313.0,313.0)
(313.0,313.0)
(313.0,313.0)
(313.0,313.0)
(713.0,313.0)
(313.0,313.0)
(313.0,313.0)
(313.0,313.0)
(313.0,313.0)
(313.0,313.0)
(313.0,313.0)
(713.0,313.0)
(313.0,313.0)
(713.0,313.0)
(313.0,313.0)
(313.0,313.0)
(713.0,313.0)
(713.0,313.0)
(713.0,313.0)
(313.0,313.0)
(313.0,313.0)
(713.0,313.0)
(313.0,313.0)
(313.0,313.0)
(713.0,313.0)
(313.0,313.0)
(313.0,313.0)
(313.0,313.0)
(313.0,313.0)
(713.0,313.0)
(313.0,313.0)
(716.0,313.0)
(313.0,313.0)
(313.0,313.0)
(713.0,313.0)
(313.0,313.0)
(313.0,313.0)
(313.0,313.0)
(713.0,313.0)
(713.0,313.0)
(313.0,313.0)
(313.0,313.0)
(313.0,313.0)
(313.0,313.0)
(313.0,313.0)
(313.0,313.0)
(313.0,313.0)
(313.0,313.0)
(713.0,313.0)
(313.0,313.0)
(713.0,313.0)
(313.0,313.0)
(313.0,313.0)
(313.0,313.0)
(713.0,313.0)
(313.0,313.0)
(313.0,313.0)
(313.0,313.0)
(716.0,313.0)
(716.0,313.0)
(313.0,313.0)
(713.0,313.0)
(313.0,313.0)
(313.0,313.0)
(313.0,313.0)
(313.0,313.0)
(713.0,313.0)
(723.0,313.0)
(313.0,313.0)
(313.0,313.0)
(313.0,313.0)
(313.0,313.0)
(713.0,313.0)
(313.0,313.0)
(313.0,313.0)
(313.0,313.0)
(713.0,313.0)
(713.0,313.0)
(313.0,313.0)
(313.0,313.0)
(313.0,313.0)
(313.0,313.0)
(313.0,313.0)
(313.0,313.0)
(313.0,313.0)
(313.0,313.0)
(713.0,313.0)
(716.0,313.0)
(313.0,313.0)
(713.0,313.0)
(313.0,313.0)
(713.0,313.0)
(713.0,313.0)
(313.0,313.0)
(313.0,313.0)
(313.0,313.0)
(313.0,313.0)
(313.0,313.0)
(313.0,313.0)
(713.0,313.0)
(313.0,313.0)
(313.0,313.0)
(716.0,313.0)
(713.0,313.0)
(713.0,313.0)
(713.0,313.0)
(713.0,313.0)
(313.0,313.0)
(713.0,313.0)
(313.0,313.0)
(713.0,313.0)
(313.0,313.0)
(313.0,313.0)
(313.0,313.0)
(313.0,313.0)
(713.0,313.0)
(313.0,313.0)
(716.0,313.0)
(716.0,313.0)
(313.0,313.0)
(313.0,313.0)
(313.0,313.0)
(713.0,313.0)
(713.0,313.0)
(313.0,313.0)
(713.0,313.0)
(313.0,313.0)
(713.0,313.0)
(713.0,313.0)
(313.0,313.0)
(313.0,313.0)
(713.0,313.0)
(713.0,313.0)
(716.0,313.0)
(313.0,313.0)
(713.0,313.0)
(713.0,313.0)
(713.0,313.0)
(313.0,313.0)
(313.0,313.0)
(313.0,313.0)
(313.0,313.0)
(313.0,313.0)
(313.0,313.0)
(313.0,313.0)
(723.0,313.0)
(713.0,313.0)
(313.0,313.0)
(313.0,313.0)
(313.0,313.0)
(313.0,313.0)
(713.0,313.0)
(313.0,313.0)
(716.0,313.0)
(313.0,313.0)
(713.0,313.0)
(716.0,313.0)
(313.0,313.0)
(713.0,313.0)
(313.0,313.0)
(313.0,313.0)
(313.0,313.0)
(713.0,313.0)
(713.0,313.0)
(313.0,313.0)
(313.0,313.0)
(713.0,313.0)
(713.0,313.0)
(713.0,313.0)
(313.0,313.0)
(313.0,313.0)
(713.0,313.0)
(713.0,313.0)
(713.0,313.0)
(309.0,313.0)
(713.0,313.0)
(713.0,313.0)
(720.0,313.0)
(313.0,313.0)
(617.0,313.0)
(309.0,313.0)
(713.0,313.0)
(313.0,313.0)
(713.0,313.0)
(313.0,313.0)
(713.0,313.0)
(713.0,313.0)
(713.0,313.0)
(313.0,313.0)
(313.0,313.0)
(713.0,313.0)
(313.0,313.0)
(313.0,313.0)
(313.0,313.0)
(313.0,313.0)
(713.0,313.0)
(713.0,313.0)
(313.0,313.0)
(713.0,313.0)
(313.0,313.0)
(313.0,313.0)
(713.0,313.0)
(713.0,313.0)
(713.0,313.0)
(713.0,313.0)
(313.0,313.0)
(713.0,313.0)
(713.0,313.0)
(713.0,313.0)
(713.0,313.0)
(713.0,313.0)
(713.0,313.0)
(287.0,313.0)
(713.0,313.0)
(313.0,313.0)
(313.0,313.0)
(313.0,313.0)
(313.0,313.0)
(713.0,313.0)
(309.0,313.0)
(313.0,313.0)
(313.0,313.0)
(713.0,313.0)
(313.0,313.0)
(313.0,313.0)
(713.0,313.0)
(713.0,313.0)
(313.0,313.0)
(313.0,313.0)
(313.0,313.0)
(713.0,313.0)
(715.0,313.0)
(713.0,313.0)
(313.0,313.0)
(713.0,313.0)
(713.0,313.0)
(713.0,313.0)
(313.0,313.0)
(313.0,313.0)
(313.0,313.0)
(713.0,313.0)
(313.0,313.0)
(313.0,313.0)
(309.0,313.0)
(309.0,313.0)
(713.0,313.0)
(713.0,313.0)
(313.0,313.0)
(313.0,313.0)
(713.0,313.0)
(713.0,313.0)
(313.0,313.0)
(720.0,313.0)
(313.0,313.0)
(313.0,313.0)
(713.0,313.0)
(313.0,313.0)
(713.0,313.0)
(713.0,313.0)
(313.0,313.0)
(313.0,313.0)
(313.0,313.0)
(313.0,313.0)
(713.0,313.0)
(309.0,313.0)
(313.0,313.0)
(713.0,313.0)
(713.0,313.0)
(713.0,313.0)
(313.0,313.0)
(720.0,313.0)
(313.0,313.0)
(313.0,313.0)
(713.0,313.0)
(313.0,313.0)
(313.0,313.0)
(309.0,313.0)
(713.0,313.0)
(713.0,313.0)
(713.0,313.0)
(713.0,313.0)
(713.0,313.0)
(713.0,313.0)
(313.0,313.0)
(713.0,313.0)
(713.0,313.0)
(313.0,313.0)
(309.0,313.0)
(309.0,313.0)
(313.0,313.0)
(617.0,313.0)
(713.0,313.0)
(713.0,313.0)
(313.0,313.0)
(713.0,313.0)
(713.0,313.0)
(713.0,313.0)
(313.0,313.0)
(713.0,313.0)
(713.0,313.0)
(713.0,313.0)
(309.0,313.0)
(313.0,313.0)
(713.0,313.0)
(713.0,313.0)
(713.0,313.0)
(715.0,313.0)
(713.0,313.0)
(713.0,313.0)
(713.0,313.0)
(313.0,313.0)
(313.0,313.0)
(723.0,313.0)
(713.0,313.0)
(313.0,313.0)
(713.0,313.0)
(313.0,313.0)
(713.0,313.0)
(713.0,313.0)
(713.0,313.0)
(309.0,313.0)
(713.0,313.0)
(309.0,313.0)
(313.0,313.0)
(713.0,313.0)
(313.0,313.0)
(313.0,313.0)
(313.0,313.0)
(313.0,313.0)
(313.0,313.0)
(313.0,313.0)
(313.0,313.0)
(313.0,313.0)
(313.0,313.0)
(313.0,313.0)
(313.0,313.0)
(313.0,313.0)
(313.0,313.0)
(313.0,313.0)
(313.0,313.0)
(313.0,313.0)
(313.0,313.0)
(313.0,313.0)
(313.0,313.0)
(313.0,313.0)
(313.0,313.0)
(313.0,313.0)
(313.0,313.0)
(313.0,313.0)
(313.0,313.0)
(313.0,313.0)
(313.0,313.0)
(313.0,313.0)
(313.0,313.0)
(313.0,313.0)
(313.0,313.0)
(313.0,313.0)
(313.0,313.0)
(313.0,313.0)
(313.0,313.0)
(313.0,313.0)
(715.0,313.0)
(313.0,313.0)
(313.0,313.0)
(313.0,313.0)
(313.0,313.0)
(313.0,313.0)
(313.0,313.0)
(313.0,313.0)
(313.0,313.0)
(313.0,313.0)
(313.0,313.0)
(313.0,313.0)
(313.0,313.0)
(313.0,313.0)
(313.0,313.0)
(313.0,313.0)
(313.0,313.0)
(313.0,313.0)
(313.0,313.0)
(313.0,313.0)
(313.0,313.0)
(313.0,313.0)
(313.0,313.0)
(313.0,313.0)
(313.0,313.0)
(313.0,313.0)
(313.0,313.0)
(313.0,313.0)
(313.0,313.0)
(313.0,313.0)
(313.0,313.0)
(313.0,313.0)
(313.0,313.0)
(313.0,313.0)
(313.0,313.0)
(313.0,313.0)
(713.0,312.0)
(713.0,312.0)
(713.0,312.0)
(713.0,312.0)
(713.0,312.0)
(713.0,312.0)
(713.0,312.0)
(713.0,312.0)
(713.0,312.0)
(713.0,312.0)
(713.0,312.0)
(713.0,312.0)
(340.0,312.0)
(713.0,312.0)
(713.0,312.0)
(713.0,312.0)
(713.0,312.0)
(636.0,312.0)
(713.0,312.0)
(713.0,312.0)
(713.0,312.0)
(713.0,312.0)
(713.0,312.0)
(713.0,312.0)
(713.0,312.0)
(713.0,312.0)
(713.0,312.0)
(713.0,312.0)
(713.0,312.0)
(713.0,312.0)
(713.0,312.0)
(713.0,312.0)
(713.0,312.0)
(713.0,312.0)
(713.0,312.0)
(713.0,312.0)
(713.0,312.0)
(704.0,312.0)
(713.0,312.0)
(713.0,312.0)
(713.0,312.0)
(713.0,312.0)
(713.0,312.0)
(713.0,312.0)
(713.0,312.0)
(713.0,312.0)
(713.0,312.0)
(713.0,312.0)
(713.0,312.0)
(713.0,312.0)
(713.0,312.0)
(713.0,312.0)
(713.0,312.0)
(713.0,312.0)
(713.0,312.0)
(713.0,312.0)
(713.0,312.0)
(713.0,312.0)
(713.0,312.0)
(713.0,312.0)
(340.0,312.0)
(713.0,312.0)
(713.0,312.0)
(713.0,312.0)
(713.0,312.0)
(713.0,312.0)
(713.0,312.0)
(713.0,312.0)
(713.0,312.0)
(713.0,312.0)
(713.0,312.0)
(713.0,312.0)
(713.0,312.0)
(713.0,312.0)
(713.0,312.0)
(713.0,312.0)
(713.0,312.0)
(713.0,312.0)
(713.0,312.0)
(713.0,312.0)
(713.0,312.0)
(713.0,312.0)
(713.0,312.0)
(713.0,312.0)
(713.0,312.0)
(713.0,312.0)
(704.0,312.0)
(713.0,312.0)
(713.0,312.0)
(713.0,312.0)
(713.0,312.0)
(713.0,312.0)
(713.0,312.0)
(713.0,312.0)
(713.0,312.0)
(713.0,312.0)
(713.0,312.0)
(262.0,312.0)
(713.0,312.0)
(713.0,312.0)
(713.0,312.0)
(713.0,312.0)
(262.0,312.0)
(713.0,312.0)
(713.0,312.0)
(713.0,312.0)
(713.0,312.0)
(713.0,312.0)
(713.0,312.0)
(713.0,312.0)
(713.0,312.0)
(713.0,312.0)
(713.0,312.0)
(713.0,312.0)
(713.0,312.0)
(313.0,313.0)
(713.0,313.0)
(313.0,313.0)
(313.0,313.0)
(313.0,313.0)
(313.0,313.0)
(313.0,313.0)
(327.0,313.0)
(327.0,313.0)
(327.0,313.0)
(313.0,313.0)
(313.0,313.0)
(313.0,313.0)
(327.0,313.0)
(327.0,313.0)
(313.0,313.0)
(313.0,313.0)
(713.0,313.0)
(713.0,313.0)
(327.0,313.0)
(713.0,313.0)
(262.0,313.0)
(313.0,313.0)
(313.0,313.0)
(713.0,313.0)
(713.0,313.0)
(262.0,313.0)
(713.0,313.0)
(313.0,313.0)
(327.0,313.0)
(713.0,313.0)
(327.0,313.0)
(313.0,313.0)
(313.0,313.0)
(262.0,313.0)
(327.0,313.0)
(313.0,313.0)
(313.0,313.0)
(262.0,313.0)
(262.0,313.0)
(713.0,313.0)
(327.0,313.0)
(313.0,313.0)
(713.0,313.0)
(313.0,313.0)
(713.0,313.0)
(313.0,313.0)
(313.0,313.0)
(713.0,313.0)
(313.0,313.0)
(713.0,313.0)
(327.0,313.0)
(262.0,313.0)
(313.0,313.0)
(313.0,313.0)
(327.0,313.0)
(327.0,313.0)
(713.0,313.0)
(713.0,313.0)
(327.0,313.0)
(313.0,313.0)
(713.0,313.0)
(327.0,313.0)
(713.0,313.0)
(262.0,313.0)
(262.0,313.0)
(262.0,313.0)
(313.0,313.0)
(313.0,313.0)
(313.0,313.0)
(313.0,313.0)
(262.0,313.0)
(313.0,313.0)
(313.0,313.0)
(713.0,313.0)
(313.0,313.0)
(327.0,313.0)
(327.0,313.0)
(262.0,313.0)
(313.0,313.0)
(313.0,313.0)
(313.0,313.0)
(713.0,313.0)
(262.0,313.0)
(713.0,313.0)
(262.0,313.0)
(713.0,313.0)
(327.0,313.0)
(327.0,313.0)
(262.0,313.0)
(262.0,313.0)
(313.0,313.0)
(327.0,313.0)
(313.0,313.0)
(262.0,313.0)
(313.0,313.0)
(327.0,313.0)
(327.0,313.0)
(327.0,313.0)
(713.0,313.0)
(313.0,313.0)
(313.0,313.0)
(313.0,313.0)
(713.0,313.0)
(327.0,313.0)
(262.0,313.0)
(327.0,313.0)
(262.0,313.0)
(262.0,313.0)
(327.0,313.0)
(313.0,313.0)
(313.0,313.0)
(313.0,313.0)
(327.0,313.0)
(327.0,313.0)
(313.0,313.0)
(313.0,313.0)
(262.0,313.0)
(313.0,313.0)
(313.0,313.0)
(713.0,313.0)
(262.0,313.0)
(313.0,313.0)
(313.0,313.0)
(313.0,313.0)
(313.0,313.0)
(327.0,313.0)
(313.0,313.0)
(313.0,313.0)
(327.0,313.0)
(313.0,313.0)
(313.0,313.0)
(327.0,313.0)
(313.0,313.0)
(713.0,313.0)
(313.0,313.0)
(313.0,313.0)
(313.0,313.0)
(313.0,313.0)
(313.0,313.0)
(327.0,313.0)
(313.0,313.0)
(327.0,313.0)
(713.0,313.0)
(313.0,313.0)
(713.0,313.0)
(327.0,313.0)
(327.0,313.0)
(262.0,313.0)
(313.0,313.0)
(312.0,313.0)
(327.0,313.0)
(327.0,313.0)
(313.0,313.0)
(313.0,313.0)
(313.0,313.0)
(262.0,313.0)
(313.0,313.0)
(262.0,313.0)
(313.0,313.0)
(327.0,313.0)
(713.0,313.0)
(713.0,313.0)
(313.0,313.0)
(327.0,313.0)
(327.0,313.0)
(313.0,313.0)
(327.0,313.0)
(327.0,313.0)
(327.0,313.0)
(313.0,313.0)
(262.0,313.0)
(713.0,313.0)
(327.0,313.0)
(327.0,313.0)
(262.0,313.0)
(313.0,313.0)
(327.0,313.0)
(327.0,313.0)
(713.0,313.0)
(262.0,313.0)
(262.0,313.0)
(327.0,313.0)
(327.0,313.0)
(713.0,313.0)
(327.0,313.0)
(313.0,313.0)
(327.0,313.0)
(313.0,313.0)
(327.0,313.0)
(313.0,313.0)
(313.0,313.0)
(327.0,313.0)
(713.0,313.0)
(313.0,313.0)
(313.0,313.0)
(713.0,313.0)
(313.0,313.0)
(713.0,313.0)
(327.0,313.0)
(313.0,313.0)
(715.0,313.0)
(715.0,313.0)
(313.0,313.0)
(715.0,313.0)
(340.0,313.0)
(313.0,313.0)
(313.0,313.0)
(715.0,313.0)
(715.0,313.0)
(313.0,313.0)
(715.0,313.0)
(715.0,313.0)
(313.0,313.0)
(313.0,313.0)
(715.0,313.0)
(313.0,313.0)
(313.0,313.0)
(715.0,313.0)
(313.0,313.0)
(313.0,313.0)
(715.0,313.0)
(715.0,313.0)
(340.0,313.0)
(715.0,313.0)
(715.0,313.0)
(313.0,313.0)
(313.0,313.0)
(313.0,313.0)
(715.0,313.0)
(340.0,313.0)
(340.0,313.0)
(313.0,313.0)
(715.0,313.0)
(715.0,313.0)
(715.0,313.0)
(715.0,313.0)
(715.0,313.0)
(715.0,313.0)
(715.0,313.0)
(715.0,313.0)
(715.0,313.0)
(340.0,313.0)
(715.0,313.0)
(715.0,313.0)
(715.0,313.0)
(715.0,313.0)
(313.0,313.0)
(340.0,313.0)
(715.0,313.0)
(313.0,313.0)
(715.0,313.0)
(715.0,313.0)
(313.0,313.0)
(340.0,313.0)
(340.0,313.0)
(715.0,313.0)
(715.0,313.0)
(313.0,313.0)
(340.0,313.0)
(715.0,313.0)
(313.0,313.0)
(715.0,313.0)
(313.0,313.0)
(715.0,313.0)
(715.0,313.0)
(313.0,313.0)
(340.0,313.0)
(715.0,313.0)
(340.0,313.0)
(715.0,313.0)
(313.0,313.0)
(313.0,313.0)
(313.0,313.0)
(313.0,313.0)
(313.0,313.0)
(313.0,313.0)
(313.0,313.0)
(313.0,313.0)
(713.0,313.0)
(313.0,313.0)
(313.0,313.0)
(313.0,313.0)
(313.0,313.0)
(713.0,313.0)
(713.0,313.0)
(713.0,313.0)
(309.0,313.0)
(313.0,313.0)
(313.0,313.0)
(313.0,313.0)
(313.0,313.0)
(313.0,313.0)
(715.0,313.0)
(313.0,313.0)
(313.0,313.0)
(313.0,313.0)
(313.0,313.0)
(313.0,313.0)
(713.0,313.0)
(713.0,313.0)
(713.0,313.0)
(313.0,313.0)
(313.0,313.0)
(313.0,313.0)
(713.0,313.0)
(313.0,313.0)
(313.0,313.0)
(313.0,313.0)
(313.0,313.0)
(313.0,313.0)
(313.0,313.0)
(313.0,313.0)
(313.0,313.0)
(313.0,313.0)
(313.0,313.0)
(313.0,313.0)
(313.0,313.0)
(313.0,313.0)
(313.0,313.0)
(313.0,313.0)
(313.0,313.0)
(313.0,313.0)
(713.0,313.0)
(713.0,313.0)
(713.0,313.0)
(313.0,313.0)
(313.0,313.0)
(713.0,313.0)
(313.0,313.0)
(313.0,313.0)
(713.0,313.0)
(313.0,313.0)
(313.0,313.0)
(313.0,313.0)
(313.0,313.0)
(313.0,313.0)
(313.0,313.0)
(309.0,313.0)
(313.0,313.0)
(313.0,313.0)
(313.0,313.0)
(313.0,313.0)
(313.0,313.0)
(313.0,313.0)
(313.0,313.0)
(713.0,313.0)
(313.0,313.0)
(313.0,313.0)
(313.0,313.0)
(313.0,313.0)
(313.0,313.0)
(313.0,313.0)
(313.0,313.0)
(313.0,313.0)
(713.0,313.0)
(313.0,313.0)
(713.0,313.0)
(313.0,313.0)
(313.0,313.0)
(313.0,313.0)
(313.0,313.0)
(313.0,313.0)
(313.0,313.0)
(313.0,313.0)
(309.0,313.0)
(309.0,313.0)
(313.0,313.0)
(713.0,313.0)
(313.0,313.0)
(313.0,313.0)
(313.0,313.0)
(313.0,313.0)
(713.0,313.0)
(713.0,313.0)
(313.0,313.0)
(313.0,313.0)
(313.0,313.0)
(313.0,313.0)
(713.0,313.0)
(313.0,313.0)
(313.0,313.0)
(313.0,313.0)
(313.0,313.0)
(713.0,313.0)
(313.0,313.0)
(313.0,313.0)
(313.0,313.0)
(313.0,313.0)
(313.0,313.0)
(313.0,313.0)
(313.0,313.0)
(313.0,313.0)
(313.0,313.0)
(309.0,313.0)
(313.0,313.0)
(713.0,313.0)
(313.0,313.0)
(713.0,313.0)
(713.0,313.0)
(313.0,313.0)
(715.0,313.0)
(313.0,313.0)
(313.0,313.0)
(313.0,313.0)
(313.0,313.0)
(713.0,313.0)
(313.0,313.0)
(313.0,313.0)
(309.0,313.0)
(713.0,313.0)
(313.0,313.0)
(713.0,313.0)
(313.0,313.0)
(713.0,313.0)
(313.0,313.0)
(313.0,313.0)
(313.0,313.0)
(313.0,313.0)
(313.0,313.0)
(313.0,313.0)
(313.0,313.0)
(313.0,313.0)
(309.0,313.0)
(309.0,313.0)
(313.0,313.0)
(313.0,313.0)
(313.0,313.0)
(713.0,313.0)
(313.0,313.0)
(313.0,313.0)
(713.0,313.0)
(313.0,313.0)
(313.0,313.0)
(713.0,313.0)
(313.0,313.0)
(313.0,313.0)
(713.0,313.0)
(713.0,313.0)
(309.0,313.0)
(313.0,313.0)
(713.0,313.0)
(313.0,313.0)
(713.0,313.0)
(313.0,313.0)
(715.0,313.0)
(313.0,313.0)
(313.0,313.0)
(313.0,313.0)
(313.0,313.0)
(313.0,313.0)
(713.0,313.0)
(313.0,313.0)
(313.0,313.0)
(313.0,313.0)
(313.0,313.0)
(313.0,313.0)
(713.0,313.0)
(313.0,313.0)
(309.0,313.0)
(313.0,313.0)
(713.0,313.0)
(309.0,313.0)
(313.0,313.0)
(713.0,313.0)
(313.0,313.0)
(313.0,313.0)
(715.0,313.0)
(707.0,313.0)
(715.0,313.0)
(713.0,313.0)
(715.0,313.0)
(715.0,313.0)
(715.0,313.0)
(707.0,313.0)
(713.0,313.0)
(713.0,313.0)
(715.0,313.0)
(715.0,313.0)
(715.0,313.0)
(713.0,313.0)
(713.0,313.0)
(713.0,313.0)
(715.0,313.0)
(707.0,313.0)
(707.0,313.0)
(707.0,313.0)
(715.0,313.0)
(715.0,313.0)
(715.0,313.0)
(713.0,313.0)
(715.0,313.0)
(707.0,313.0)
(715.0,313.0)
(715.0,313.0)
(237.0,313.0)
(713.0,313.0)
(713.0,313.0)
(715.0,313.0)
(715.0,313.0)
(715.0,313.0)
(713.0,313.0)
(715.0,313.0)
(715.0,313.0)
(715.0,313.0)
(715.0,313.0)
(707.0,313.0)
(713.0,313.0)
(715.0,313.0)
(707.0,313.0)
(715.0,313.0)
(313.0,313.0)
(715.0,313.0)
(707.0,313.0)
(713.0,313.0)
(707.0,313.0)
(713.0,313.0)
(715.0,313.0)
(313.0,313.0)
(713.0,313.0)
(713.0,313.0)
(713.0,313.0)
(707.0,313.0)
(707.0,313.0)
(713.0,313.0)
(715.0,313.0)
(707.0,313.0)
(713.0,313.0)
(715.0,313.0)
(715.0,313.0)
(715.0,313.0)
(715.0,313.0)
(713.0,313.0)
(715.0,313.0)
(715.0,313.0)
(715.0,313.0)
(715.0,313.0)
(713.0,313.0)
(715.0,313.0)
(280.0,313.0)
(715.0,313.0)
(713.0,313.0)
(713.0,313.0)
(715.0,313.0)
(715.0,313.0)
(715.0,313.0)
(715.0,313.0)
(707.0,313.0)
(715.0,313.0)
(707.0,313.0)
(715.0,313.0)
(707.0,313.0)
(713.0,313.0)
(715.0,313.0)
(715.0,313.0)
(715.0,313.0)
(713.0,313.0)
(715.0,313.0)
(715.0,313.0)
(715.0,313.0)
(715.0,313.0)
(715.0,313.0)
(707.0,313.0)
(713.0,313.0)
(715.0,313.0)
(335.0,313.0)
(715.0,313.0)
(715.0,313.0)
(713.0,313.0)
(237.0,313.0)
(715.0,313.0)
(707.0,313.0)
(715.0,313.0)
(715.0,313.0)
(713.0,313.0)
(715.0,313.0)
(335.0,313.0)
(715.0,313.0)
(713.0,313.0)
(713.0,313.0)
(715.0,313.0)
(715.0,313.0)
(715.0,313.0)
(313.0,313.0)
(715.0,313.0)
(715.0,313.0)
(715.0,313.0)
(715.0,313.0)
(713.0,313.0)
(715.0,313.0)
(715.0,313.0)
(713.0,313.0)
(715.0,313.0)
(713.0,313.0)
(713.0,313.0)
(715.0,313.0)
(715.0,313.0)
(707.0,313.0)
(715.0,313.0)
(707.0,313.0)
(713.0,313.0)
(715.0,313.0)
(715.0,313.0)
(715.0,313.0)
(713.0,313.0)
(713.0,313.0)
(713.0,313.0)
(715.0,313.0)
(707.0,313.0)
(713.0,313.0)
(715.0,313.0)
(335.0,313.0)
(715.0,313.0)
(707.0,313.0)
(713.0,313.0)
(715.0,313.0)
(715.0,313.0)
(715.0,313.0)
(715.0,313.0)
(715.0,313.0)
(715.0,313.0)
(713.0,313.0)
(713.0,313.0)
(715.0,313.0)
(335.0,313.0)
(713.0,313.0)
(713.0,313.0)
(715.0,313.0)
(707.0,313.0)
(713.0,313.0)
(713.0,313.0)
(715.0,313.0)
(715.0,313.0)
(713.0,313.0)
(713.0,313.0)
(713.0,313.0)
(715.0,313.0)
(715.0,313.0)
(707.0,313.0)
(707.0,313.0)
(707.0,313.0)
(715.0,313.0)
(715.0,313.0)
(237.0,313.0)
(713.0,313.0)
(715.0,313.0)
(707.0,313.0)
(715.0,313.0)
(707.0,313.0)
(713.0,313.0)
(707.0,313.0)
(715.0,313.0)
(715.0,313.0)
(713.0,313.0)
(715.0,313.0)
(715.0,313.0)
(313.0,313.0)
(715.0,313.0)
(313.0,313.0)
(718.0,313.0)
(313.0,313.0)
(713.0,313.0)
(313.0,313.0)
(313.0,313.0)
(713.0,313.0)
(718.0,313.0)
(713.0,313.0)
(713.0,313.0)
(313.0,313.0)
(713.0,313.0)
(313.0,313.0)
(713.0,313.0)
(713.0,313.0)
(717.0,313.0)
(335.0,313.0)
(718.0,313.0)
(718.0,313.0)
(715.0,313.0)
(713.0,313.0)
(715.0,313.0)
(715.0,313.0)
(713.0,313.0)
(713.0,313.0)
(718.0,313.0)
(715.0,313.0)
(713.0,313.0)
(713.0,313.0)
(713.0,313.0)
(713.0,313.0)
(713.0,313.0)
(713.0,313.0)
(313.0,313.0)
(715.0,313.0)
(713.0,313.0)
(713.0,313.0)
(313.0,313.0)
(715.0,313.0)
(313.0,313.0)
(718.0,313.0)
(327.0,313.0)
(713.0,313.0)
(718.0,313.0)
(313.0,313.0)
(713.0,313.0)
(313.0,313.0)
(313.0,313.0)
(718.0,313.0)
(713.0,313.0)
(718.0,313.0)
(713.0,313.0)
(715.0,313.0)
(313.0,313.0)
(713.0,313.0)
(713.0,313.0)
(713.0,313.0)
(718.0,313.0)
(718.0,313.0)
(713.0,313.0)
(313.0,313.0)
(713.0,313.0)
(713.0,313.0)
(713.0,313.0)
(715.0,313.0)
(713.0,313.0)
(713.0,313.0)
(713.0,313.0)
(313.0,313.0)
(335.0,313.0)
(713.0,313.0)
(713.0,313.0)
(713.0,313.0)
(713.0,313.0)
(713.0,313.0)
(713.0,313.0)
(713.0,313.0)
(713.0,313.0)
(713.0,313.0)
(313.0,313.0)
(713.0,313.0)
(313.0,313.0)
(718.0,313.0)
(715.0,313.0)
(718.0,313.0)
(715.0,313.0)
(713.0,313.0)
(718.0,313.0)
(713.0,313.0)
(715.0,313.0)
(715.0,313.0)
(313.0,313.0)
(713.0,313.0)
(313.0,313.0)
(713.0,313.0)
(313.0,313.0)
(335.0,313.0)
(335.0,313.0)
(718.0,313.0)
(713.0,313.0)
(313.0,313.0)
(313.0,313.0)
(313.0,313.0)
(313.0,313.0)
(713.0,313.0)
(713.0,313.0)
(713.0,313.0)
(715.0,313.0)
(715.0,313.0)
(713.0,313.0)
(713.0,313.0)
(713.0,313.0)
(313.0,313.0)
(313.0,313.0)
(713.0,313.0)
(713.0,313.0)
(313.0,313.0)
(313.0,313.0)
(715.0,313.0)
(313.0,313.0)
(713.0,313.0)
(713.0,313.0)
(715.0,313.0)
(313.0,313.0)
(713.0,313.0)
(335.0,313.0)
(713.0,313.0)
(713.0,313.0)
(313.0,313.0)
(713.0,313.0)
(713.0,313.0)
(313.0,313.0)
(313.0,313.0)
(715.0,313.0)
(713.0,313.0)
(715.0,313.0)
(313.0,313.0)
(713.0,313.0)
(713.0,313.0)
(713.0,313.0)
(335.0,313.0)
(713.0,313.0)
(713.0,313.0)
(713.0,313.0)
(713.0,313.0)
(313.0,313.0)
(713.0,313.0)
(718.0,313.0)
(327.0,313.0)
(715.0,313.0)
(313.0,313.0)
(313.0,313.0)
(718.0,313.0)
(327.0,313.0)
(713.0,313.0)
(715.0,313.0)
(335.0,313.0)
(715.0,313.0)
(313.0,313.0)
(715.0,313.0)
(713.0,313.0)
(327.0,313.0)
(713.0,313.0)
(713.0,313.0)
(313.0,313.0)
(327.0,313.0)
(713.0,313.0)
(713.0,313.0)
(718.0,313.0)
(713.0,313.0)
(713.0,313.0)
(335.0,313.0)
(713.0,313.0)
(713.0,313.0)
(327.0,313.0)
(713.0,313.0)
(715.0,313.0)
(313.0,313.0)
(718.0,313.0)
(715.0,313.0)
(718.0,313.0)
(715.0,313.0)
(715.0,313.0)
(713.0,313.0)
(327.0,313.0)
(713.0,313.0)
(715.0,313.0)
(713.0,313.0)
(715.0,313.0)
(713.0,313.0)
(718.0,313.0)
(335.0,313.0)
(313.0,313.0)
(713.0,313.0)
(713.0,313.0)
(335.0,313.0)
(313.0,313.0)
(713.0,313.0)
(313.0,313.0)
(713.0,313.0)
(707.0,313.0)
(313.0,313.0)
(713.0,313.0)
(313.0,313.0)
(707.0,313.0)
(713.0,313.0)
(713.0,313.0)
(335.0,313.0)
(713.0,313.0)
(713.0,313.0)
(713.0,313.0)
(335.0,313.0)
(707.0,313.0)
(707.0,313.0)
(707.0,313.0)
(335.0,313.0)
(713.0,313.0)
(707.0,313.0)
(707.0,313.0)
(237.0,313.0)
(713.0,313.0)
(713.0,313.0)
(715.0,313.0)
(713.0,313.0)
(707.0,313.0)
(713.0,313.0)
(707.0,313.0)
(313.0,313.0)
(707.0,313.0)
(713.0,313.0)
(707.0,313.0)
(713.0,313.0)
(313.0,313.0)
(713.0,313.0)
(713.0,313.0)
(713.0,313.0)
(707.0,313.0)
(707.0,313.0)
(713.0,313.0)
(280.0,313.0)
(713.0,313.0)
(713.0,313.0)
(313.0,313.0)
(335.0,313.0)
(713.0,313.0)
(280.0,313.0)
(713.0,313.0)
(713.0,313.0)
(715.0,313.0)
(707.0,313.0)
(707.0,313.0)
(707.0,313.0)
(713.0,313.0)
(713.0,313.0)
(335.0,313.0)
(335.0,313.0)
(335.0,313.0)
(707.0,313.0)
(713.0,313.0)
(335.0,313.0)
(313.0,313.0)
(713.0,313.0)
(237.0,313.0)
(707.0,313.0)
(713.0,313.0)
(335.0,313.0)
(313.0,313.0)
(713.0,313.0)
(713.0,313.0)
(313.0,313.0)
(715.0,313.0)
(313.0,313.0)
(707.0,313.0)
(713.0,313.0)
(335.0,313.0)
(713.0,313.0)
(715.0,313.0)
(713.0,313.0)
(713.0,313.0)
(335.0,313.0)
(707.0,313.0)
(707.0,313.0)
(713.0,313.0)
(335.0,313.0)
(713.0,313.0)
(713.0,313.0)
(713.0,313.0)
(715.0,313.0)
(707.0,313.0)
(713.0,313.0)
(313.0,313.0)
(707.0,313.0)
(707.0,313.0)
(713.0,313.0)
(335.0,313.0)
(335.0,313.0)
(335.0,313.0)
(713.0,313.0)
(713.0,313.0)
(335.0,313.0)
(713.0,313.0)
(713.0,313.0)
(707.0,313.0)
(713.0,313.0)
(713.0,313.0)
(335.0,313.0)
(713.0,313.0)
(713.0,313.0)
(713.0,313.0)
(335.0,313.0)
(707.0,313.0)
(707.0,313.0)
(707.0,313.0)
(237.0,313.0)
(713.0,313.0)
(707.0,313.0)
(707.0,313.0)
(713.0,313.0)
(707.0,313.0)
(335.0,313.0)
(313.0,313.0)
(713.0,313.0)
(335.0,313.0)
(313.0,313.0)
(715.0,314.0)
(713.0,314.0)
(328.0,314.0)
(713.0,314.0)
(715.0,314.0)
(328.0,314.0)
(326.0,314.0)
(328.0,314.0)
(715.0,314.0)
(328.0,314.0)
(713.0,314.0)
(328.0,314.0)
(328.0,314.0)
(328.0,314.0)
(713.0,314.0)
(715.0,314.0)
(715.0,314.0)
(713.0,314.0)
(328.0,314.0)
(715.0,314.0)
(715.0,314.0)
(313.0,314.0)
(328.0,314.0)
(328.0,314.0)
(328.0,314.0)
(326.0,314.0)
(328.0,314.0)
(713.0,314.0)
(715.0,314.0)
(328.0,314.0)
(328.0,314.0)
(715.0,314.0)
(715.0,314.0)
(715.0,314.0)
(718.0,314.0)
(715.0,314.0)
(328.0,314.0)
(313.0,314.0)
(715.0,314.0)
(328.0,314.0)
(328.0,314.0)
(715.0,314.0)
(313.0,314.0)
(328.0,314.0)
(328.0,314.0)
(328.0,314.0)
(328.0,314.0)
(715.0,314.0)
(328.0,314.0)
(715.0,314.0)
(715.0,314.0)
(715.0,314.0)
(715.0,314.0)
(328.0,314.0)
(713.0,314.0)
(713.0,314.0)
(719.0,314.0)
(328.0,314.0)
(715.0,314.0)
(328.0,314.0)
(328.0,314.0)
(328.0,314.0)
(328.0,314.0)
(328.0,314.0)
(715.0,314.0)
(715.0,314.0)
(328.0,314.0)
(713.0,314.0)
(715.0,314.0)
(715.0,314.0)
(328.0,314.0)
(328.0,314.0)
(715.0,314.0)
(715.0,314.0)
(715.0,314.0)
(328.0,314.0)
(715.0,314.0)
(715.0,314.0)
(713.0,314.0)
(719.0,314.0)
(713.0,314.0)
(715.0,314.0)
(713.0,314.0)
(713.0,314.0)
(715.0,314.0)
(328.0,314.0)
(715.0,314.0)
(715.0,314.0)
(715.0,314.0)
(328.0,314.0)
(328.0,314.0)
(713.0,314.0)
(713.0,314.0)
(328.0,314.0)
(713.0,314.0)
(713.0,314.0)
(715.0,314.0)
(313.0,314.0)
(328.0,314.0)
(715.0,314.0)
(715.0,314.0)
(313.0,314.0)
(328.0,314.0)
(713.0,314.0)
(328.0,314.0)
(713.0,314.0)
(328.0,314.0)
(328.0,314.0)
(715.0,314.0)
(328.0,314.0)
(328.0,314.0)
(715.0,314.0)
(328.0,314.0)
(328.0,314.0)
(328.0,314.0)
(713.0,314.0)
(328.0,314.0)
(328.0,314.0)
(326.0,314.0)
(328.0,314.0)
(713.0,314.0)
(328.0,314.0)
(328.0,314.0)
(715.0,314.0)
(713.0,314.0)
(313.0,314.0)
(328.0,314.0)
(328.0,314.0)
(713.0,314.0)
(713.0,314.0)
(715.0,314.0)
(713.0,314.0)
(715.0,314.0)
(328.0,314.0)
(328.0,314.0)
(715.0,314.0)
(328.0,314.0)
(713.0,314.0)
(328.0,314.0)
(182.0,314.0)
(328.0,314.0)
(328.0,314.0)
(328.0,314.0)
(713.0,314.0)
(715.0,314.0)
(328.0,314.0)
(328.0,314.0)
(715.0,314.0)
(713.0,314.0)
(715.0,314.0)
(715.0,314.0)
(328.0,314.0)
(328.0,314.0)
(715.0,314.0)
(328.0,314.0)
(328.0,314.0)
(713.0,314.0)
(713.0,314.0)
(326.0,314.0)
(328.0,314.0)
(713.0,314.0)
(715.0,314.0)
(328.0,314.0)
(313.0,314.0)
(313.0,313.0)
(313.0,313.0)
(713.0,313.0)
(313.0,313.0)
(313.0,313.0)
(713.0,313.0)
(713.0,313.0)
(313.0,313.0)
(713.0,313.0)
(713.0,313.0)
(713.0,313.0)
(313.0,313.0)
(313.0,313.0)
(313.0,313.0)
(313.0,313.0)
(313.0,313.0)
(713.0,313.0)
(313.0,313.0)
(313.0,313.0)
(313.0,313.0)
(313.0,313.0)
(713.0,313.0)
(713.0,313.0)
(713.0,313.0)
(313.0,313.0)
(715.0,313.0)
(713.0,313.0)
(313.0,313.0)
(313.0,313.0)
(313.0,313.0)
(713.0,313.0)
(313.0,313.0)
(713.0,313.0)
(313.0,313.0)
(313.0,313.0)
(713.0,313.0)
(313.0,313.0)
(713.0,313.0)
(313.0,313.0)
(313.0,313.0)
(713.0,313.0)
(713.0,313.0)
(713.0,313.0)
(313.0,313.0)
(313.0,313.0)
(713.0,313.0)
(313.0,313.0)
(713.0,313.0)
(313.0,313.0)
(313.0,313.0)
(313.0,313.0)
(313.0,313.0)
(713.0,313.0)
(313.0,313.0)
(313.0,313.0)
(313.0,313.0)
(713.0,313.0)
(313.0,313.0)
(713.0,313.0)
(713.0,313.0)
(313.0,313.0)
(313.0,313.0)
(313.0,313.0)
(313.0,313.0)
(313.0,313.0)
(713.0,313.0)
(313.0,313.0)
(713.0,313.0)
(313.0,313.0)
(313.0,313.0)
(713.0,313.0)
(313.0,313.0)
(313.0,313.0)
(313.0,313.0)
(313.0,313.0)
(313.0,313.0)
(713.0,313.0)
(313.0,313.0)
(313.0,313.0)
(713.0,313.0)
(237.0,313.0)
(313.0,313.0)
(313.0,313.0)
(313.0,313.0)
(713.0,313.0)
(313.0,313.0)
(313.0,313.0)
(713.0,313.0)
(713.0,313.0)
(313.0,313.0)
(313.0,313.0)
(313.0,313.0)
(313.0,313.0)
(313.0,313.0)
(313.0,313.0)
(713.0,313.0)
(313.0,313.0)
(713.0,313.0)
(313.0,313.0)
(713.0,313.0)
(713.0,313.0)
(313.0,313.0)
(313.0,313.0)
(313.0,313.0)
(313.0,313.0)
(713.0,313.0)
(313.0,313.0)
(313.0,313.0)
(713.0,313.0)
(713.0,313.0)
(713.0,313.0)
(313.0,313.0)
(713.0,313.0)
(313.0,313.0)
(327.0,313.0)
(313.0,313.0)
(313.0,313.0)
(313.0,313.0)
(313.0,313.0)
(327.0,313.0)
(313.0,313.0)
(313.0,313.0)
(313.0,313.0)
(313.0,313.0)
(713.0,313.0)
(327.0,313.0)
(313.0,313.0)
(713.0,313.0)
(313.0,313.0)
(327.0,313.0)
(713.0,313.0)
(313.0,313.0)
(313.0,313.0)
(713.0,313.0)
(713.0,313.0)
(313.0,313.0)
(313.0,313.0)
(713.0,313.0)
(327.0,313.0)
(713.0,313.0)
(313.0,313.0)
(313.0,313.0)
(313.0,313.0)
(313.0,313.0)
(313.0,313.0)
(313.0,313.0)
(713.0,313.0)
(713.0,313.0)
(313.0,313.0)
(313.0,313.0)
(313.0,313.0)
(713.0,313.0)
(313.0,313.0)
(313.0,313.0)
(313.0,313.0)
(713.0,313.0)
(313.0,313.0)
(713.0,313.0)
(313.0,313.0)
(313.0,313.0)
(313.0,313.0)
(313.0,313.0)
(313.0,313.0)
(313.0,313.0)
(313.0,313.0)
(313.0,313.0)
(713.0,313.0)
(313.0,313.0)
(713.0,313.0)
(329.0,313.0)
(313.0,313.0)
(713.0,313.0)
(313.0,313.0)
(329.0,313.0)
(313.0,313.0)
(313.0,313.0)
(340.0,313.0)
(313.0,313.0)
(313.0,313.0)
(313.0,313.0)
(313.0,313.0)
(190.0,313.0)
(313.0,313.0)
(713.0,313.0)
(313.0,313.0)
(313.0,313.0)
(713.0,313.0)
(313.0,313.0)
(313.0,313.0)
(713.0,313.0)
(713.0,313.0)
(713.0,313.0)
(313.0,313.0)
(190.0,313.0)
(329.0,313.0)
(713.0,313.0)
(313.0,313.0)
(313.0,313.0)
(313.0,313.0)
(313.0,313.0)
(313.0,313.0)
(313.0,313.0)
(313.0,313.0)
(313.0,313.0)
(713.0,313.0)
(313.0,313.0)
(313.0,313.0)
(313.0,313.0)
(713.0,313.0)
(313.0,313.0)
(313.0,313.0)
(313.0,313.0)
(313.0,313.0)
(713.0,313.0)
(329.0,313.0)
(329.0,313.0)
(313.0,313.0)
(313.0,313.0)
(329.0,313.0)
(313.0,313.0)
(713.0,313.0)
(313.0,313.0)
(313.0,313.0)
(713.0,313.0)
(713.0,313.0)
(313.0,313.0)
(313.0,313.0)
(340.0,313.0)
(713.0,313.0)
(713.0,313.0)
(313.0,313.0)
(713.0,313.0)
(713.0,313.0)
(313.0,313.0)
(713.0,313.0)
(713.0,313.0)
(313.0,313.0)
(713.0,313.0)
(313.0,313.0)
(313.0,313.0)
(190.0,313.0)
(313.0,313.0)
(313.0,313.0)
(713.0,313.0)
(313.0,313.0)
(329.0,313.0)
(313.0,313.0)
(190.0,313.0)
(313.0,313.0)
(313.0,313.0)
(313.0,313.0)
(713.0,313.0)
(313.0,313.0)
(340.0,313.0)
(340.0,313.0)
(313.0,313.0)
(713.0,313.0)
(313.0,313.0)
(313.0,313.0)
(313.0,313.0)
(313.0,313.0)
(713.0,313.0)
(313.0,313.0)
(713.0,313.0)
(313.0,313.0)
(313.0,313.0)
(713.0,313.0)
(313.0,313.0)
(713.0,313.0)
(313.0,313.0)
(313.0,313.0)
(329.0,313.0)
(713.0,313.0)
(313.0,313.0)
(313.0,313.0)
(190.0,313.0)
(313.0,313.0)
(713.0,313.0)
(313.0,313.0)
(313.0,313.0)
(313.0,313.0)
(713.0,313.0)
(340.0,313.0)
(713.0,313.0)
(713.0,313.0)
(313.0,313.0)
(313.0,313.0)
(313.0,313.0)
(313.0,313.0)
(313.0,313.0)
(313.0,313.0)
(713.0,313.0)
(313.0,313.0)
(713.0,313.0)
(713.0,313.0)
(713.0,313.0)
(340.0,313.0)
(329.0,313.0)
(313.0,313.0)
(713.0,313.0)
(713.0,313.0)
(313.0,313.0)
(713.0,313.0)
(313.0,313.0)
(313.0,313.0)
(313.0,313.0)
(313.0,313.0)
(313.0,313.0)
(313.0,313.0)
(313.0,313.0)
(713.0,313.0)
(340.0,313.0)
(340.0,313.0)
(313.0,313.0)
(313.0,313.0)
(190.0,313.0)
(313.0,313.0)
(313.0,313.0)
(313.0,313.0)
(713.0,313.0)
(313.0,313.0)
(313.0,313.0)
(329.0,313.0)
(713.0,313.0)
(313.0,313.0)
(329.0,313.0)
(329.0,313.0)
(340.0,313.0)
(313.0,313.0)
(313.0,313.0)
(313.0,313.0)
(329.0,313.0)
(190.0,313.0)
(313.0,313.0)
(313.0,313.0)
(313.0,313.0)
(313.0,313.0)
(313.0,313.0)
(313.0,313.0)
(237.0,313.0)
(313.0,313.0)
(313.0,313.0)
(313.0,313.0)
(713.0,313.0)
(313.0,313.0)
(313.0,313.0)
(313.0,313.0)
(340.0,313.0)
(313.0,313.0)
(713.0,313.0)
(713.0,313.0)
(340.0,313.0)
(313.0,313.0)
(713.0,313.0)
(313.0,313.0)
(313.0,313.0)
(327.0,315.0)
(713.0,315.0)
(713.0,315.0)
(327.0,315.0)
(327.0,315.0)
(713.0,315.0)
(713.0,315.0)
(713.0,315.0)
(327.0,315.0)
(713.0,315.0)
(194.0,315.0)
(324.0,315.0)
(719.0,315.0)
(713.0,315.0)
(194.0,315.0)
(194.0,315.0)
(327.0,315.0)
(713.0,315.0)
(713.0,315.0)
(713.0,315.0)
(327.0,315.0)
(713.0,315.0)
(713.0,315.0)
(713.0,315.0)
(713.0,315.0)
(719.0,315.0)
(713.0,315.0)
(327.0,315.0)
(713.0,315.0)
(713.0,315.0)
(327.0,315.0)
(719.0,315.0)
(713.0,315.0)
(713.0,315.0)
(713.0,315.0)
(713.0,315.0)
(194.0,315.0)
(327.0,315.0)
(327.0,315.0)
(327.0,315.0)
(713.0,315.0)
(713.0,315.0)
(713.0,315.0)
(713.0,315.0)
(327.0,315.0)
(719.0,315.0)
(713.0,315.0)
(713.0,315.0)
(713.0,315.0)
(713.0,315.0)
(713.0,315.0)
(194.0,315.0)
(713.0,315.0)
(713.0,315.0)
(194.0,315.0)
(194.0,315.0)
(194.0,315.0)
(713.0,315.0)
(713.0,315.0)
(194.0,315.0)
(327.0,315.0)
(713.0,315.0)
(327.0,315.0)
(327.0,315.0)
(713.0,315.0)
(327.0,315.0)
(327.0,315.0)
(723.0,315.0)
(713.0,315.0)
(713.0,315.0)
(719.0,315.0)
(327.0,315.0)
(713.0,315.0)
(713.0,315.0)
(194.0,315.0)
(327.0,315.0)
(713.0,315.0)
(713.0,315.0)
(713.0,315.0)
(315.0,315.0)
(327.0,315.0)
(327.0,315.0)
(713.0,315.0)
(194.0,315.0)
(719.0,315.0)
(194.0,315.0)
(315.0,315.0)
(194.0,315.0)
(327.0,315.0)
(327.0,315.0)
(713.0,315.0)
(327.0,315.0)
(327.0,315.0)
(327.0,315.0)
(713.0,315.0)
(713.0,315.0)
(713.0,315.0)
(713.0,315.0)
(713.0,315.0)
(327.0,315.0)
(713.0,315.0)
(723.0,315.0)
(713.0,315.0)
(713.0,315.0)
(719.0,315.0)
(713.0,315.0)
(194.0,315.0)
(327.0,315.0)
(713.0,315.0)
(713.0,315.0)
(713.0,315.0)
(713.0,315.0)
(194.0,315.0)
(240.0,315.0)
(194.0,315.0)
(713.0,315.0)
(719.0,315.0)
(713.0,315.0)
(713.0,315.0)
(713.0,315.0)
(713.0,315.0)
(719.0,315.0)
(327.0,315.0)
(327.0,315.0)
(713.0,315.0)
(327.0,315.0)
(713.0,315.0)
(327.0,315.0)
(713.0,315.0)
(713.0,315.0)
(327.0,315.0)
(194.0,315.0)
(324.0,315.0)
(713.0,315.0)
(713.0,315.0)
(713.0,315.0)
(327.0,315.0)
(713.0,315.0)
(713.0,315.0)
(713.0,315.0)
(713.0,315.0)
(194.0,315.0)
(713.0,315.0)
(713.0,315.0)
(719.0,315.0)
(713.0,315.0)
(719.0,315.0)
(327.0,315.0)
(327.0,315.0)
(713.0,315.0)
(713.0,315.0)
(327.0,315.0)
(719.0,315.0)
(713.0,315.0)
(713.0,315.0)
(327.0,315.0)
(713.0,315.0)
(713.0,315.0)
(327.0,315.0)
(327.0,315.0)
(327.0,315.0)
(327.0,315.0)
(327.0,315.0)
(713.0,315.0)
(327.0,315.0)
(194.0,315.0)
(719.0,315.0)
(713.0,315.0)
(194.0,315.0)
(194.0,315.0)
(713.0,315.0)
(327.0,315.0)
(713.0,315.0)
(327.0,315.0)
(194.0,315.0)
(315.0,315.0)
(713.0,315.0)
(327.0,315.0)
(327.0,315.0)
(713.0,315.0)
(713.0,315.0)
(327.0,315.0)
(327.0,315.0)
(327.0,315.0)
(327.0,315.0)
(713.0,315.0)
(327.0,315.0)
(713.0,315.0)
(723.0,316.0)
(240.0,316.0)
(327.0,316.0)
(723.0,316.0)
(723.0,316.0)
(723.0,316.0)
(327.0,316.0)
(327.0,316.0)
(240.0,316.0)
(723.0,316.0)
(723.0,316.0)
(327.0,316.0)
(723.0,316.0)
(723.0,316.0)
(240.0,316.0)
(327.0,316.0)
(713.0,316.0)
(723.0,316.0)
(723.0,316.0)
(723.0,316.0)
(715.0,316.0)
(723.0,316.0)
(327.0,316.0)
(723.0,316.0)
(723.0,316.0)
(327.0,316.0)
(723.0,316.0)
(240.0,316.0)
(723.0,316.0)
(723.0,316.0)
(723.0,316.0)
(723.0,316.0)
(327.0,316.0)
(713.0,316.0)
(327.0,316.0)
(723.0,316.0)
(240.0,316.0)
(723.0,316.0)
(723.0,316.0)
(327.0,316.0)
(658.0,316.0)
(723.0,316.0)
(723.0,316.0)
(723.0,316.0)
(723.0,316.0)
(723.0,316.0)
(723.0,316.0)
(327.0,316.0)
(327.0,316.0)
(327.0,316.0)
(723.0,316.0)
(327.0,316.0)
(240.0,316.0)
(723.0,316.0)
(723.0,316.0)
(240.0,316.0)
(723.0,316.0)
(723.0,316.0)
(327.0,316.0)
(327.0,316.0)
(327.0,316.0)
(327.0,316.0)
(723.0,316.0)
(327.0,316.0)
(723.0,316.0)
(723.0,316.0)
(327.0,316.0)
(713.0,316.0)
(723.0,316.0)
(327.0,316.0)
(723.0,316.0)
(327.0,316.0)
(240.0,316.0)
(240.0,316.0)
(723.0,316.0)
(327.0,316.0)
(715.0,316.0)
(327.0,316.0)
(723.0,316.0)
(327.0,316.0)
(327.0,316.0)
(327.0,316.0)
(327.0,316.0)
(723.0,316.0)
(327.0,316.0)
(723.0,316.0)
(723.0,316.0)
(327.0,316.0)
(327.0,316.0)
(723.0,316.0)
(658.0,316.0)
(327.0,316.0)
(723.0,316.0)
(723.0,316.0)
(723.0,316.0)
(327.0,316.0)
(327.0,316.0)
(327.0,316.0)
(723.0,316.0)
(327.0,316.0)
(327.0,319.0)
(327.0,319.0)
(715.0,319.0)
(715.0,319.0)
(617.0,319.0)
(196.0,319.0)
(715.0,319.0)
(617.0,319.0)
(617.0,319.0)
(715.0,319.0)
(196.0,319.0)
(196.0,319.0)
(327.0,319.0)
(327.0,319.0)
(617.0,319.0)
(196.0,319.0)
(327.0,319.0)
(715.0,319.0)
(715.0,319.0)
(196.0,319.0)
(715.0,319.0)
(617.0,319.0)
(327.0,319.0)
(327.0,319.0)
(715.0,319.0)
(715.0,319.0)
(715.0,319.0)
(715.0,319.0)
(617.0,319.0)
(327.0,319.0)
(617.0,319.0)
(715.0,319.0)
(327.0,319.0)
(327.0,319.0)
(327.0,319.0)
(715.0,319.0)
(327.0,319.0)
(327.0,319.0)
(715.0,319.0)
(327.0,319.0)
(715.0,319.0)
(617.0,319.0)
(617.0,319.0)
(715.0,319.0)
(196.0,319.0)
(715.0,319.0)
(327.0,319.0)
(617.0,319.0)
(715.0,319.0)
(196.0,319.0)
(715.0,319.0)
(327.0,319.0)
(715.0,319.0)
(715.0,319.0)
(617.0,319.0)
(617.0,319.0)
(196.0,319.0)
(715.0,319.0)
(327.0,319.0)
(327.0,317.0)
(317.0,317.0)
(317.0,317.0)
(327.0,317.0)
(317.0,317.0)
(327.0,317.0)
(327.0,317.0)
(317.0,317.0)
(317.0,317.0)
(317.0,317.0)
(317.0,317.0)
(327.0,317.0)
(317.0,317.0)
(317.0,317.0)
(317.0,317.0)
(327.0,317.0)
(713.0,317.0)
(317.0,317.0)
(317.0,317.0)
(317.0,317.0)
(327.0,317.0)
(327.0,317.0)
(317.0,317.0)
(327.0,317.0)
(327.0,317.0)
(317.0,317.0)
(327.0,317.0)
(317.0,317.0)
(327.0,317.0)
(327.0,317.0)
(327.0,317.0)
(317.0,317.0)
(327.0,317.0)
(317.0,317.0)
(327.0,317.0)
(317.0,317.0)
(327.0,317.0)
(327.0,317.0)
(327.0,317.0)
(327.0,317.0)
(317.0,317.0)
(340.0,317.0)
(317.0,317.0)
(317.0,317.0)
(317.0,317.0)
(327.0,317.0)
(317.0,317.0)
(327.0,317.0)
(317.0,317.0)
(327.0,317.0)
(317.0,317.0)
(317.0,317.0)
(327.0,317.0)
(317.0,317.0)
(327.0,317.0)
(317.0,317.0)
(317.0,317.0)
(317.0,317.0)
(317.0,317.0)
(317.0,317.0)
(317.0,317.0)
(317.0,317.0)
(317.0,317.0)
(327.0,317.0)
(327.0,317.0)
(340.0,317.0)
(327.0,317.0)
(317.0,317.0)
(327.0,317.0)
(317.0,317.0)
(713.0,317.0)
(713.0,317.0)
(327.0,317.0)
(327.0,317.0)
(327.0,317.0)
(327.0,317.0)
(317.0,317.0)
(327.0,317.0)
(327.0,317.0)
(317.0,317.0)
(327.0,317.0)
(327.0,317.0)
(327.0,317.0)
(317.0,317.0)
(317.0,317.0)
(327.0,317.0)
(317.0,317.0)
(327.0,317.0)
(327.0,317.0)
(317.0,317.0)
(317.0,317.0)
(327.0,317.0)
(327.0,317.0)
(327.0,317.0)
(327.0,317.0)
(317.0,317.0)
(327.0,317.0)
(317.0,317.0)
(713.0,317.0)
(713.0,317.0)
(317.0,317.0)
(317.0,317.0)
(327.0,317.0)
(317.0,317.0)
(317.0,317.0)
(317.0,317.0)
(317.0,317.0)
(327.0,317.0)
(327.0,317.0)
(317.0,317.0)
(327.0,317.0)
(327.0,317.0)
(317.0,317.0)
(327.0,317.0)
(317.0,317.0)
(317.0,317.0)
(317.0,317.0)
(317.0,317.0)
(327.0,317.0)
(317.0,317.0)
(327.0,317.0)
(317.0,317.0)
(327.0,317.0)
(327.0,317.0)
(327.0,317.0)
(317.0,317.0)
(327.0,317.0)
(713.0,317.0)
(327.0,317.0)
(317.0,317.0)
(317.0,317.0)
(327.0,317.0)
(317.0,317.0)
(317.0,317.0)
(317.0,317.0)
(317.0,317.0)
(327.0,317.0)
(317.0,317.0)
(317.0,317.0)
(327.0,317.0)
(327.0,317.0)
(327.0,317.0)
(713.0,317.0)
(317.0,317.0)
(340.0,317.0)
(317.0,317.0)
(327.0,317.0)
(317.0,317.0)
(327.0,317.0)
(317.0,317.0)
(327.0,317.0)
(327.0,317.0)
(317.0,317.0)
(317.0,317.0)
(317.0,317.0)
(327.0,317.0)
(327.0,317.0)
(713.0,317.0)
(713.0,317.0)
(327.0,317.0)
(317.0,317.0)
(327.0,317.0)
(327.0,317.0)
(327.0,317.0)
(327.0,317.0)
(327.0,317.0)
(317.0,317.0)
(327.0,317.0)
(317.0,317.0)
(327.0,317.0)
(317.0,317.0)
(317.0,317.0)
(317.0,317.0)
(713.0,317.0)
(327.0,317.0)
(317.0,317.0)
(327.0,317.0)
(317.0,317.0)
(327.0,317.0)
(317.0,317.0)
(317.0,317.0)
(720.0,317.0)
(317.0,317.0)
(327.0,317.0)
(327.0,317.0)
(327.0,317.0)
(327.0,317.0)
(327.0,317.0)
(720.0,317.0)
(327.0,317.0)
(720.0,317.0)
(327.0,317.0)
(317.0,317.0)
(713.0,317.0)
(317.0,317.0)
(317.0,317.0)
(327.0,317.0)
(713.0,317.0)
(317.0,317.0)
(327.0,317.0)
(723.0,321.0)
(715.0,321.0)
(723.0,321.0)
(723.0,321.0)
(327.0,321.0)
(696.0,321.0)
(715.0,321.0)
(324.0,321.0)
(715.0,321.0)
(723.0,321.0)
(327.0,321.0)
(713.0,321.0)
(327.0,321.0)
(713.0,321.0)
(327.0,321.0)
(713.0,321.0)
(723.0,321.0)
(715.0,321.0)
(715.0,321.0)
(713.0,321.0)
(327.0,321.0)
(723.0,321.0)
(713.0,321.0)
(715.0,321.0)
(713.0,321.0)
(723.0,321.0)
(327.0,321.0)
(715.0,321.0)
(713.0,321.0)
(723.0,321.0)
(327.0,321.0)
(723.0,321.0)
(723.0,321.0)
(723.0,321.0)
(715.0,321.0)
(327.0,321.0)
(715.0,321.0)
(723.0,321.0)
(327.0,321.0)
(713.0,321.0)
(696.0,321.0)
(715.0,321.0)
(715.0,321.0)
(715.0,321.0)
(723.0,321.0)
(713.0,321.0)
(723.0,321.0)
(723.0,321.0)
(645.0,321.0)
(324.0,321.0)
(327.0,321.0)
(327.0,321.0)
(713.0,321.0)
(713.0,321.0)
(715.0,321.0)
(327.0,321.0)
(723.0,321.0)
(715.0,321.0)
(713.0,321.0)
(723.0,321.0)
(713.0,321.0)
(327.0,321.0)
(327.0,321.0)
(713.0,321.0)
(327.0,321.0)
(723.0,321.0)
(713.0,321.0)
(645.0,321.0)
(723.0,321.0)
(327.0,321.0)
(327.0,321.0)
(723.0,321.0)
(723.0,321.0)
(715.0,321.0)
(723.0,321.0)
(723.0,321.0)
(723.0,321.0)
(713.0,321.0)
(715.0,321.0)
(713.0,321.0)
(723.0,321.0)
(713.0,321.0)
(713.0,321.0)
(723.0,321.0)
(327.0,321.0)
(723.0,321.0)
(713.0,321.0)
(723.0,321.0)
(715.0,321.0)
(288.0,321.0)
(713.0,321.0)
(715.0,321.0)
(713.0,321.0)
(715.0,321.0)
(327.0,321.0)
(713.0,321.0)
(723.0,321.0)
(713.0,321.0)
(327.0,321.0)
(723.0,321.0)
(723.0,321.0)
(713.0,321.0)
(327.0,321.0)
(713.0,321.0)
(324.0,321.0)
(713.0,321.0)
(327.0,321.0)
(723.0,321.0)
(713.0,321.0)
(713.0,321.0)
(715.0,321.0)
(715.0,321.0)
(324.0,321.0)
(713.0,321.0)
(715.0,321.0)
(715.0,321.0)
(327.0,321.0)
(713.0,321.0)
(327.0,321.0)
(327.0,321.0)
(327.0,321.0)
(723.0,321.0)
(713.0,321.0)
(713.0,321.0)
(327.0,321.0)
(327.0,321.0)
(327.0,321.0)
(713.0,321.0)
(715.0,321.0)
(723.0,321.0)
(713.0,321.0)
(696.0,321.0)
(324.0,321.0)
(327.0,321.0)
(327.0,321.0)
(723.0,321.0)
(327.0,321.0)
(713.0,321.0)
(327.0,321.0)
(327.0,321.0)
(327.0,321.0)
(713.0,321.0)
(723.0,321.0)
(327.0,321.0)
(723.0,321.0)
(715.0,321.0)
(723.0,321.0)
(723.0,321.0)
(715.0,321.0)
(723.0,321.0)
(723.0,321.0)
(327.0,321.0)
(327.0,321.0)
(723.0,321.0)
(327.0,321.0)
(288.0,321.0)
(327.0,321.0)
(713.0,321.0)
(327.0,321.0)
(723.0,321.0)
(723.0,322.0)
(327.0,322.0)
(713.0,322.0)
(327.0,322.0)
(323.0,322.0)
(723.0,322.0)
(723.0,322.0)
(327.0,322.0)
(327.0,322.0)
(327.0,322.0)
(723.0,322.0)
(318.0,322.0)
(713.0,322.0)
(327.0,322.0)
(327.0,322.0)
(327.0,322.0)
(713.0,322.0)
(327.0,322.0)
(327.0,322.0)
(327.0,322.0)
(723.0,322.0)
(723.0,322.0)
(713.0,322.0)
(327.0,322.0)
(723.0,322.0)
(327.0,322.0)
(723.0,322.0)
(327.0,322.0)
(327.0,322.0)
(327.0,322.0)
(720.0,322.0)
(327.0,322.0)
(318.0,322.0)
(713.0,322.0)
(723.0,322.0)
(327.0,322.0)
(318.0,322.0)
(723.0,322.0)
(723.0,322.0)
(723.0,322.0)
(327.0,322.0)
(327.0,322.0)
(723.0,322.0)
(327.0,322.0)
(723.0,322.0)
(720.0,322.0)
(323.0,322.0)
(723.0,322.0)
(327.0,322.0)
(327.0,322.0)
(327.0,322.0)
(327.0,322.0)
(723.0,322.0)
(323.0,322.0)
(327.0,322.0)
(327.0,322.0)
(327.0,322.0)
(327.0,322.0)
(327.0,322.0)
(327.0,322.0)
(723.0,322.0)
(327.0,322.0)
(327.0,322.0)
(723.0,322.0)
(723.0,322.0)
(723.0,322.0)
(723.0,322.0)
(327.0,322.0)
(713.0,322.0)
(713.0,322.0)
(713.0,322.0)
(318.0,322.0)
(723.0,322.0)
(327.0,322.0)
(318.0,322.0)
(327.0,322.0)
(723.0,322.0)
(327.0,322.0)
(327.0,322.0)
(723.0,322.0)
(723.0,322.0)
(318.0,322.0)
(713.0,322.0)
(327.0,322.0)
(723.0,322.0)
(327.0,322.0)
(723.0,322.0)
(327.0,322.0)
(327.0,322.0)
(327.0,322.0)
(723.0,322.0)
(723.0,322.0)
(723.0,322.0)
(327.0,322.0)
(723.0,322.0)
(723.0,322.0)
(713.0,322.0)
(713.0,322.0)
(713.0,322.0)
(327.0,322.0)
(327.0,322.0)
(723.0,322.0)
(323.0,322.0)
(713.0,322.0)
(723.0,322.0)
(327.0,322.0)
(327.0,322.0)
(723.0,322.0)
(327.0,322.0)
(723.0,322.0)
(723.0,322.0)
(327.0,322.0)
(318.0,322.0)
(323.0,322.0)
(713.0,322.0)
(327.0,322.0)
(327.0,322.0)
(713.0,322.0)
(713.0,322.0)
(723.0,322.0)
(323.0,322.0)
(318.0,322.0)
(723.0,322.0)
(723.0,322.0)
(323.0,322.0)
(327.0,322.0)
(713.0,322.0)
(723.0,322.0)
(327.0,322.0)
(713.0,322.0)
(327.0,322.0)
(327.0,322.0)
(723.0,322.0)
(713.0,322.0)
(327.0,322.0)
(318.0,322.0)
(327.0,322.0)
(723.0,322.0)
(327.0,322.0)
(723.0,322.0)
(318.0,322.0)
(713.0,322.0)
(327.0,322.0)
(327.0,322.0)
(327.0,322.0)
(720.0,322.0)
(713.0,322.0)
(720.0,322.0)
(327.0,322.0)
(327.0,322.0)
(723.0,322.0)
(323.0,322.0)
(323.0,322.0)
(327.0,322.0)
(327.0,322.0)
(318.0,322.0)
(713.0,322.0)
(713.0,322.0)
(723.0,322.0)
(713.0,322.0)
(723.0,322.0)
(327.0,322.0)
(327.0,322.0)
(723.0,322.0)
(327.0,322.0)
(323.0,322.0)
(327.0,322.0)
(327.0,322.0)
(318.0,322.0)
(327.0,322.0)
(327.0,322.0)
(327.0,322.0)
(713.0,322.0)
(723.0,322.0)
(327.0,322.0)
(327.0,322.0)
(327.0,322.0)
(723.0,322.0)
(713.0,322.0)
(327.0,322.0)
(327.0,322.0)
(327.0,322.0)
(723.0,322.0)
(723.0,322.0)
(327.0,322.0)
(327.0,322.0)
(723.0,322.0)
(327.0,322.0)
(318.0,322.0)
(327.0,322.0)
(327.0,322.0)
(327.0,322.0)
(713.0,322.0)
(713.0,322.0)
(327.0,322.0)
(318.0,322.0)
(713.0,322.0)
(723.0,322.0)
(327.0,322.0)
(323.0,322.0)
(713.0,316.0)
(216.0,316.0)
(327.0,316.0)
(216.0,316.0)
(327.0,316.0)
(317.0,316.0)
(652.0,316.0)
(216.0,316.0)
(216.0,316.0)
(216.0,316.0)
(317.0,316.0)
(723.0,316.0)
(327.0,316.0)
(216.0,316.0)
(216.0,316.0)
(216.0,316.0)
(327.0,316.0)
(216.0,316.0)
(216.0,316.0)
(216.0,316.0)
(713.0,316.0)
(713.0,316.0)
(327.0,316.0)
(713.0,316.0)
(713.0,316.0)
(216.0,316.0)
(713.0,316.0)
(216.0,316.0)
(216.0,316.0)
(216.0,316.0)
(713.0,316.0)
(216.0,316.0)
(723.0,316.0)
(327.0,316.0)
(713.0,316.0)
(216.0,316.0)
(723.0,316.0)
(317.0,316.0)
(713.0,316.0)
(713.0,316.0)
(216.0,316.0)
(713.0,316.0)
(216.0,316.0)
(216.0,316.0)
(317.0,316.0)
(713.0,316.0)
(216.0,316.0)
(317.0,316.0)
(216.0,316.0)
(713.0,316.0)
(216.0,316.0)
(216.0,316.0)
(713.0,316.0)
(216.0,316.0)
(713.0,316.0)
(216.0,316.0)
(216.0,316.0)
(216.0,316.0)
(216.0,316.0)
(216.0,316.0)
(317.0,316.0)
(216.0,316.0)
(216.0,316.0)
(713.0,316.0)
(713.0,316.0)
(713.0,316.0)
(713.0,316.0)
(216.0,316.0)
(327.0,316.0)
(713.0,316.0)
(713.0,316.0)
(723.0,316.0)
(713.0,316.0)
(216.0,316.0)
(723.0,316.0)
(216.0,316.0)
(723.0,316.0)
(216.0,316.0)
(216.0,316.0)
(713.0,316.0)
(317.0,316.0)
(723.0,316.0)
(327.0,316.0)
(216.0,316.0)
(713.0,316.0)
(216.0,316.0)
(713.0,316.0)
(713.0,316.0)
(216.0,316.0)
(216.0,316.0)
(713.0,316.0)
(713.0,316.0)
(317.0,316.0)
(216.0,316.0)
(317.0,316.0)
(713.0,316.0)
(327.0,316.0)
(713.0,316.0)
(327.0,316.0)
(216.0,316.0)
(216.0,316.0)
(317.0,316.0)
(316.0,316.0)
(327.0,316.0)
(317.0,316.0)
(216.0,316.0)
(216.0,316.0)
(713.0,316.0)
(216.0,316.0)
(713.0,316.0)
(713.0,316.0)
(216.0,316.0)
(723.0,316.0)
(316.0,316.0)
(327.0,316.0)
(216.0,316.0)
(216.0,316.0)
(327.0,316.0)
(327.0,316.0)
(713.0,316.0)
(216.0,316.0)
(723.0,316.0)
(713.0,316.0)
(713.0,316.0)
(216.0,316.0)
(713.0,316.0)
(713.0,316.0)
(317.0,316.0)
(216.0,316.0)
(327.0,316.0)
(216.0,316.0)
(216.0,316.0)
(317.0,316.0)
(327.0,316.0)
(216.0,316.0)
(723.0,316.0)
(216.0,316.0)
(317.0,316.0)
(216.0,316.0)
(723.0,316.0)
(723.0,316.0)
(713.0,316.0)
(216.0,316.0)
(713.0,316.0)
(216.0,316.0)
(713.0,316.0)
(327.0,316.0)
(713.0,316.0)
(216.0,316.0)
(216.0,316.0)
(713.0,316.0)
(316.0,316.0)
(216.0,316.0)
(216.0,316.0)
(216.0,316.0)
(723.0,316.0)
(327.0,316.0)
(713.0,316.0)
(713.0,316.0)
(327.0,316.0)
(713.0,316.0)
(216.0,316.0)
(216.0,316.0)
(713.0,316.0)
(713.0,316.0)
(327.0,316.0)
(216.0,316.0)
(216.0,316.0)
(723.0,316.0)
(216.0,316.0)
(216.0,316.0)
(216.0,316.0)
(327.0,316.0)
(713.0,316.0)
(216.0,316.0)
(216.0,316.0)
(216.0,316.0)
(713.0,316.0)
(327.0,316.0)
(216.0,316.0)
(216.0,316.0)
(216.0,316.0)
(713.0,316.0)
(713.0,316.0)
(216.0,316.0)
(216.0,316.0)
(713.0,316.0)
(216.0,316.0)
(723.0,316.0)
(216.0,316.0)
(331.0,316.0)
(216.0,316.0)
(327.0,316.0)
(327.0,316.0)
(216.0,316.0)
(723.0,316.0)
(713.0,316.0)
(317.0,316.0)
(713.0,316.0)
(216.0,316.0)
(613.0,318.0)
(287.0,318.0)
(645.0,318.0)
(327.0,318.0)
(286.0,318.0)
(219.0,318.0)
(354.0,318.0)
(305.0,318.0)
(613.0,318.0)
(287.0,318.0)
(613.0,318.0)
(645.0,318.0)
(417.0,318.0)
(362.0,318.0)
(327.0,318.0)
(354.0,318.0)
(287.0,318.0)
(447.0,318.0)
(417.0,318.0)
(264.0,318.0)
(417.0,318.0)
(280.0,318.0)
(309.0,318.0)
(287.0,318.0)
(417.0,318.0)
(519.0,318.0)
(380.0,318.0)
(327.0,318.0)
(613.0,318.0)
(645.0,318.0)
(309.0,318.0)
(309.0,318.0)
(479.0,318.0)
(406.0,318.0)
(287.0,318.0)
(305.0,318.0)
(287.0,318.0)
(309.0,318.0)
(287.0,318.0)
(300.0,318.0)
(723.0,318.0)
(519.0,318.0)
(287.0,318.0)
(354.0,318.0)
(406.0,318.0)
(309.0,318.0)
(323.0,318.0)
(305.0,318.0)
(708.0,318.0)
(354.0,318.0)
(519.0,318.0)
(613.0,318.0)
(380.0,318.0)
(417.0,318.0)
(379.0,318.0)
(354.0,318.0)
(613.0,318.0)
(613.0,318.0)
(380.0,318.0)
(395.0,318.0)
(287.0,318.0)
(519.0,318.0)
(327.0,318.0)
(31.0,318.0)
(280.0,318.0)
(354.0,318.0)
(395.0,318.0)
(617.0,318.0)
(406.0,318.0)
(613.0,318.0)
(380.0,318.0)
(305.0,318.0)
(723.0,318.0)
(519.0,318.0)
(475.0,318.0)
(280.0,318.0)
(309.0,318.0)
(287.0,318.0)
(380.0,318.0)
(613.0,318.0)
(417.0,318.0)
(417.0,318.0)
(280.0,318.0)
(380.0,318.0)
(645.0,318.0)
(613.0,318.0)
(287.0,318.0)
(182.0,320.0)
(720.0,320.0)
(617.0,320.0)
(657.0,320.0)
(327.0,320.0)
(182.0,320.0)
(182.0,320.0)
(720.0,320.0)
(720.0,320.0)
(720.0,320.0)
(182.0,320.0)
(182.0,320.0)
(617.0,320.0)
(720.0,320.0)
(720.0,320.0)
(657.0,320.0)
(240.0,320.0)
(720.0,320.0)
(720.0,320.0)
(636.0,320.0)
(182.0,320.0)
(240.0,320.0)
(240.0,320.0)
(720.0,320.0)
(636.0,320.0)
(182.0,320.0)
(720.0,320.0)
(182.0,320.0)
(240.0,320.0)
(657.0,320.0)
(657.0,320.0)
(182.0,320.0)
(720.0,320.0)
(182.0,320.0)
(617.0,320.0)
(657.0,320.0)
(720.0,320.0)
(182.0,320.0)
(182.0,320.0)
(182.0,320.0)
(182.0,320.0)
(720.0,320.0)
(240.0,320.0)
(720.0,320.0)
(720.0,320.0)
(182.0,320.0)
(182.0,320.0)
(636.0,320.0)
(182.0,320.0)
(720.0,320.0)
(657.0,320.0)
(720.0,320.0)
(720.0,320.0)
(182.0,320.0)
(636.0,320.0)
(657.0,320.0)
(720.0,320.0)
(720.0,320.0)
(720.0,320.0)
(720.0,320.0)
(720.0,320.0)
(182.0,320.0)
(636.0,320.0)
(720.0,320.0)
(182.0,320.0)
(182.0,320.0)
(240.0,320.0)
(182.0,320.0)
(720.0,320.0)
(657.0,320.0)
(617.0,320.0)
(302.0,320.0)
(240.0,320.0)
(182.0,320.0)
(182.0,320.0)
(657.0,320.0)
(182.0,320.0)
(636.0,320.0)
(657.0,320.0)
(720.0,320.0)
(720.0,320.0)
(182.0,320.0)
(182.0,320.0)
(182.0,320.0)
(617.0,320.0)
(720.0,320.0)
(315.0,320.0)
(720.0,320.0)
(182.0,320.0)
(182.0,320.0)
(720.0,320.0)
(720.0,320.0)
(182.0,320.0)
(657.0,320.0)
(182.0,320.0)
(720.0,320.0)
(182.0,320.0)
(182.0,320.0)
(617.0,320.0)
(240.0,320.0)
(240.0,320.0)
(720.0,320.0)
(720.0,320.0)
(182.0,320.0)
(636.0,320.0)
(617.0,320.0)
(182.0,320.0)
(720.0,320.0)
(657.0,320.0)
(182.0,320.0)
(636.0,320.0)
(182.0,320.0)
(182.0,320.0)
(720.0,320.0)
(182.0,320.0)
(636.0,320.0)
(617.0,320.0)
(720.0,320.0)
(720.0,320.0)
(327.0,320.0)
(617.0,320.0)
(182.0,320.0)
(636.0,320.0)
(182.0,320.0)
(182.0,320.0)
(182.0,320.0)
(636.0,320.0)
(302.0,320.0)
(182.0,320.0)
(720.0,320.0)
(617.0,320.0)
(657.0,320.0)
(720.0,320.0)
(182.0,320.0)
(617.0,320.0)
(636.0,320.0)
(182.0,320.0)
(636.0,320.0)
(182.0,320.0)
(657.0,320.0)
(657.0,320.0)
(182.0,320.0)
(240.0,320.0)
(720.0,320.0)
(240.0,320.0)
(720.0,320.0)
(182.0,320.0)
(617.0,320.0)
(182.0,320.0)
(720.0,320.0)
(720.0,320.0)
(182.0,320.0)
(636.0,320.0)
(636.0,320.0)
(720.0,320.0)
(720.0,320.0)
(182.0,320.0)
(240.0,320.0)
(240.0,320.0)
(182.0,320.0)
(617.0,320.0)
(315.0,320.0)
(657.0,320.0)
(720.0,320.0)
(182.0,320.0)
(327.0,320.0)
(720.0,320.0)
(720.0,320.0)
(182.0,320.0)
(720.0,320.0)
(720.0,320.0)
(720.0,320.0)
(240.0,320.0)
(657.0,320.0)
(218.0,320.0)
(720.0,320.0)
(720.0,320.0)
(315.0,320.0)
(617.0,320.0)
(720.0,320.0)
(720.0,320.0)
(720.0,320.0)
(182.0,320.0)
(182.0,320.0)
(657.0,320.0)
(720.0,320.0)
(182.0,320.0)
(720.0,320.0)
(182.0,320.0)
(720.0,320.0)
(657.0,320.0)
(720.0,320.0)
(240.0,320.0)
(617.0,320.0)
(720.0,320.0)
(657.0,320.0)
(240.0,320.0)
(182.0,320.0)
(317.0,316.0)
(327.0,316.0)
(331.0,316.0)
(327.0,316.0)
(317.0,316.0)
(194.0,316.0)
(713.0,316.0)
(331.0,316.0)
(317.0,316.0)
(713.0,316.0)
(327.0,316.0)
(652.0,316.0)
(331.0,316.0)
(331.0,316.0)
(327.0,316.0)
(240.0,316.0)
(317.0,316.0)
(317.0,316.0)
(327.0,316.0)
(713.0,316.0)
(317.0,316.0)
(713.0,316.0)
(240.0,316.0)
(331.0,316.0)
(331.0,316.0)
(713.0,316.0)
(617.0,316.0)
(713.0,316.0)
(327.0,316.0)
(317.0,316.0)
(331.0,316.0)
(713.0,316.0)
(317.0,316.0)
(317.0,316.0)
(317.0,316.0)
(713.0,316.0)
(317.0,316.0)
(713.0,316.0)
(652.0,316.0)
(317.0,316.0)
(713.0,316.0)
(331.0,316.0)
(317.0,316.0)
(327.0,316.0)
(713.0,316.0)
(331.0,316.0)
(331.0,316.0)
(652.0,316.0)
(317.0,316.0)
(240.0,316.0)
(617.0,316.0)
(317.0,316.0)
(317.0,316.0)
(317.0,316.0)
(317.0,316.0)
(331.0,316.0)
(327.0,316.0)
(713.0,316.0)
(713.0,316.0)
(713.0,316.0)
(317.0,316.0)
(331.0,316.0)
(713.0,316.0)
(240.0,316.0)
(331.0,316.0)
(331.0,316.0)
(713.0,316.0)
(317.0,316.0)
(317.0,316.0)
(713.0,316.0)
(327.0,316.0)
(317.0,316.0)
(317.0,316.0)
(713.0,316.0)
(331.0,316.0)
(317.0,316.0)
(317.0,316.0)
(317.0,316.0)
(331.0,316.0)
(317.0,316.0)
(317.0,316.0)
(327.0,316.0)
(713.0,316.0)
(327.0,316.0)
(617.0,316.0)
(317.0,316.0)
(327.0,316.0)
(327.0,316.0)
(317.0,316.0)
(331.0,316.0)
(317.0,316.0)
(240.0,316.0)
(317.0,316.0)
(317.0,316.0)
(331.0,316.0)
(331.0,316.0)
(327.0,316.0)
(327.0,316.0)
(331.0,316.0)
(617.0,316.0)
(327.0,316.0)
(327.0,316.0)
(317.0,316.0)
(327.0,316.0)
(331.0,316.0)
(317.0,316.0)
(317.0,316.0)
(327.0,316.0)
(713.0,316.0)
(713.0,316.0)
(317.0,316.0)
(617.0,316.0)
(327.0,316.0)
(331.0,316.0)
(331.0,316.0)
(317.0,316.0)
(327.0,316.0)
(240.0,316.0)
(331.0,316.0)
(240.0,316.0)
(317.0,316.0)
(713.0,316.0)
(331.0,316.0)
(331.0,316.0)
(327.0,316.0)
(331.0,316.0)
(713.0,316.0)
(331.0,316.0)
(713.0,316.0)
(327.0,316.0)
(713.0,316.0)
(331.0,316.0)
(317.0,316.0)
(327.0,316.0)
(327.0,316.0)
(331.0,316.0)
(713.0,316.0)
(327.0,316.0)
(713.0,316.0)
(317.0,316.0)
(327.0,316.0)
(317.0,316.0)
(331.0,316.0)
(331.0,316.0)
(317.0,316.0)
(713.0,316.0)
(327.0,316.0)
(331.0,316.0)
(331.0,316.0)
(331.0,316.0)
(331.0,316.0)
(331.0,316.0)
(327.0,316.0)
(317.0,316.0)
(331.0,316.0)
(331.0,316.0)
(317.0,316.0)
(327.0,316.0)
(317.0,316.0)
(317.0,316.0)
(331.0,316.0)
(331.0,316.0)
(317.0,316.0)
(713.0,316.0)
(713.0,316.0)
(327.0,316.0)
(327.0,316.0)
(713.0,316.0)
(194.0,316.0)
(713.0,316.0)
(317.0,316.0)
(713.0,316.0)
(327.0,316.0)
(723.0,321.0)
(713.0,321.0)
(645.0,321.0)
(329.0,321.0)
(723.0,321.0)
(327.0,321.0)
(329.0,321.0)
(713.0,321.0)
(645.0,321.0)
(327.0,321.0)
(645.0,321.0)
(329.0,321.0)
(723.0,321.0)
(327.0,321.0)
(327.0,321.0)
(329.0,321.0)
(329.0,321.0)
(327.0,321.0)
(645.0,321.0)
(713.0,321.0)
(713.0,321.0)
(329.0,321.0)
(723.0,321.0)
(645.0,321.0)
(645.0,321.0)
(329.0,321.0)
(645.0,321.0)
(327.0,321.0)
(723.0,321.0)
(723.0,321.0)
(327.0,321.0)
(645.0,321.0)
(327.0,321.0)
(723.0,321.0)
(327.0,321.0)
(645.0,321.0)
(327.0,321.0)
(723.0,321.0)
(329.0,321.0)
(327.0,321.0)
(723.0,321.0)
(723.0,321.0)
(723.0,321.0)
(713.0,321.0)
(645.0,321.0)
(327.0,321.0)
(645.0,321.0)
(713.0,321.0)
(327.0,321.0)
(327.0,321.0)
(327.0,321.0)
(645.0,321.0)
(713.0,321.0)
(645.0,321.0)
(713.0,321.0)
(329.0,321.0)
(645.0,321.0)
(645.0,321.0)
(329.0,321.0)
(329.0,321.0)
(329.0,321.0)
(713.0,321.0)
(329.0,321.0)
(329.0,321.0)
(327.0,321.0)
(327.0,321.0)
(329.0,321.0)
(723.0,321.0)
(723.0,321.0)
(645.0,321.0)
(327.0,321.0)
(327.0,321.0)
(327.0,321.0)
(327.0,321.0)
(327.0,321.0)
(645.0,321.0)
(327.0,321.0)
(723.0,321.0)
(645.0,321.0)
(645.0,321.0)
(329.0,321.0)
(723.0,321.0)
(327.0,321.0)
(713.0,321.0)
(645.0,321.0)
