(752.0,750.0)
(752.0,750.0)
(368.0,750.0)
(447.0,750.0)
(433.0,750.0)
(752.0,750.0)
(474.0,750.0)
(455.0,750.0)
(368.0,750.0)
(447.0,750.0)
(350.0,750.0)
(435.0,750.0)
(474.0,750.0)
(354.0,750.0)
(479.0,750.0)
(750.0,750.0)
(750.0,750.0)
(752.0,750.0)
(354.0,750.0)
(366.0,750.0)
(354.0,750.0)
(752.0,750.0)
(752.0,750.0)
(750.0,750.0)
(802.0,750.0)
(350.0,750.0)
(483.0,750.0)
(427.0,750.0)
(368.0,750.0)
(752.0,750.0)
(752.0,750.0)
(417.0,750.0)
(417.0,750.0)
(354.0,750.0)
(752.0,750.0)
(366.0,750.0)
(350.0,750.0)
(752.0,750.0)
(752.0,750.0)
(354.0,750.0)
(417.0,750.0)
(750.0,750.0)
(752.0,750.0)
(752.0,750.0)
(787.0,750.0)
(354.0,750.0)
(750.0,750.0)
(366.0,750.0)
(366.0,750.0)
(752.0,750.0)
(752.0,750.0)
(750.0,750.0)
(489.0,750.0)
(447.0,750.0)
(417.0,750.0)
(350.0,750.0)
(750.0,750.0)
(479.0,750.0)
(354.0,750.0)
(350.0,750.0)
(752.0,750.0)
(391.0,750.0)
(435.0,750.0)
(754.0,750.0)
(366.0,750.0)
(752.0,750.0)
(752.0,750.0)
(417.0,750.0)
(752.0,750.0)
(752.0,750.0)
(447.0,750.0)
(417.0,750.0)
(354.0,750.0)
(455.0,750.0)
(417.0,750.0)
(366.0,750.0)
(366.0,750.0)
(752.0,750.0)
(447.0,750.0)
(350.0,750.0)
(752.0,750.0)
(752.0,750.0)
(475.0,750.0)
(366.0,750.0)
(417.0,750.0)
(447.0,750.0)
(455.0,750.0)
(447.0,750.0)
(752.0,750.0)
(447.0,750.0)
(354.0,750.0)
(366.0,750.0)
(752.0,750.0)
(752.0,750.0)
(479.0,750.0)
(802.0,750.0)
(750.0,750.0)
(787.0,750.0)
(752.0,750.0)
(350.0,750.0)
(752.0,750.0)
(752.0,750.0)
(752.0,750.0)
(447.0,750.0)
(752.0,750.0)
(350.0,750.0)
(447.0,750.0)
(350.0,750.0)
(447.0,750.0)
(752.0,750.0)
(366.0,750.0)
(808.0,750.0)
(455.0,750.0)
(752.0,750.0)
(475.0,750.0)
(483.0,750.0)
(366.0,750.0)
(350.0,750.0)
(752.0,750.0)
(750.0,750.0)
(752.0,750.0)
(738.0,750.0)
(354.0,750.0)
(354.0,750.0)
(809.0,750.0)
(750.0,750.0)
(752.0,750.0)
(752.0,750.0)
(752.0,750.0)
(752.0,750.0)
(752.0,750.0)
(750.0,750.0)
(366.0,750.0)
(752.0,750.0)
(752.0,750.0)
(455.0,750.0)
(752.0,750.0)
(459.0,750.0)
(350.0,750.0)
(479.0,750.0)
(752.0,750.0)
(752.0,750.0)
(750.0,750.0)
(433.0,750.0)
(417.0,750.0)
(368.0,750.0)
(447.0,750.0)
(750.0,750.0)
(455.0,750.0)
(752.0,750.0)
(368.0,750.0)
(447.0,750.0)
(752.0,750.0)
(752.0,750.0)
(417.0,750.0)
(479.0,750.0)
(354.0,750.0)
(440.0,750.0)
(752.0,750.0)
(752.0,750.0)
(427.0,750.0)
(350.0,750.0)
(750.0,750.0)
(479.0,750.0)
(750.0,750.0)
(417.0,750.0)
(417.0,750.0)
(475.0,750.0)
(489.0,750.0)
(427.0,750.0)
(752.0,750.0)
(752.0,750.0)
(752.0,750.0)
(752.0,750.0)
(435.0,750.0)
(381.0,750.0)
(479.0,750.0)
(752.0,750.0)
(350.0,750.0)
(474.0,750.0)
(754.0,750.0)
(809.0,750.0)
(752.0,750.0)
(737.0,750.0)
(737.0,750.0)
(479.0,750.0)
(368.0,750.0)
(810.0,750.0)
(752.0,750.0)
(417.0,750.0)
(752.0,750.0)
(752.0,750.0)
(366.0,750.0)
(427.0,750.0)
(752.0,750.0)
(366.0,750.0)
(737.0,750.0)
(433.0,750.0)
(354.0,750.0)
(479.0,750.0)
(469.0,750.0)
(787.0,750.0)
(752.0,750.0)
(433.0,750.0)
(472.0,750.0)
(479.0,750.0)
(350.0,750.0)
(459.0,750.0)
(752.0,750.0)
(421.0,750.0)
(455.0,750.0)
(752.0,750.0)
(368.0,750.0)
(368.0,750.0)
(366.0,750.0)
(479.0,750.0)
(752.0,750.0)
(752.0,750.0)
(368.0,750.0)
(417.0,750.0)
(737.0,750.0)
(367.0,750.0)
(447.0,750.0)
(752.0,750.0)
(435.0,750.0)
(752.0,750.0)
(435.0,750.0)
(752.0,750.0)
(752.0,750.0)
(368.0,750.0)
(417.0,750.0)
(459.0,750.0)
(447.0,750.0)
(479.0,750.0)
(447.0,750.0)
(479.0,750.0)
(440.0,750.0)
(752.0,750.0)
(417.0,750.0)
(417.0,750.0)
(433.0,750.0)
(752.0,750.0)
(810.0,750.0)
(479.0,750.0)
(417.0,750.0)
(368.0,750.0)
(752.0,750.0)
(752.0,750.0)
(810.0,750.0)
(368.0,750.0)
(752.0,750.0)
(475.0,750.0)
(752.0,750.0)
(459.0,750.0)
(752.0,750.0)
(479.0,750.0)
(752.0,750.0)
(474.0,750.0)
(475.0,750.0)
(350.0,750.0)
(475.0,750.0)
(368.0,750.0)
(752.0,750.0)
(417.0,750.0)
(752.0,750.0)
(479.0,750.0)
(350.0,750.0)
(368.0,750.0)
(750.0,750.0)
(435.0,750.0)
(417.0,750.0)
(752.0,750.0)
(752.0,750.0)
(752.0,750.0)
(752.0,750.0)
(447.0,750.0)
(435.0,750.0)
(435.0,750.0)
(750.0,750.0)
(435.0,750.0)
(781.0,750.0)
(750.0,750.0)
(447.0,750.0)
(752.0,750.0)
(479.0,750.0)
(479.0,750.0)
(752.0,750.0)
(752.0,750.0)
(350.0,750.0)
(417.0,750.0)
(427.0,750.0)
(354.0,750.0)
(747.0,750.0)
(31.0,750.0)
(479.0,750.0)
(350.0,750.0)
(752.0,750.0)
(475.0,750.0)
(417.0,750.0)
(752.0,750.0)
(427.0,750.0)
(382.0,750.0)
(417.0,750.0)
(751.0,750.0)
(752.0,750.0)
(417.0,750.0)
(435.0,750.0)
(750.0,750.0)
(455.0,750.0)
(752.0,750.0)
(447.0,750.0)
(366.0,750.0)
(350.0,750.0)
(752.0,750.0)
(752.0,750.0)
(417.0,750.0)
(442.0,750.0)
(447.0,750.0)
(752.0,750.0)
(479.0,750.0)
(459.0,750.0)
(447.0,750.0)
(350.0,750.0)
(417.0,750.0)
(354.0,750.0)
(417.0,750.0)
(742.0,750.0)
(354.0,750.0)
(752.0,750.0)
(447.0,750.0)
(350.0,750.0)
(350.0,750.0)
(479.0,750.0)
(752.0,752.0)
(350.0,752.0)
(427.0,752.0)
(472.0,752.0)
(472.0,752.0)
(472.0,752.0)
(463.0,752.0)
(441.0,752.0)
(479.0,752.0)
(472.0,752.0)
(752.0,752.0)
(752.0,752.0)
(42.0,752.0)
(752.0,752.0)
(752.0,752.0)
(378.0,752.0)
(378.0,752.0)
(752.0,752.0)
(472.0,752.0)
(457.0,752.0)
(752.0,752.0)
(750.0,752.0)
(378.0,752.0)
(752.0,752.0)
(752.0,752.0)
(479.0,752.0)
(472.0,752.0)
(472.0,752.0)
(742.0,752.0)
(429.0,752.0)
(752.0,752.0)
(479.0,752.0)
(479.0,752.0)
(462.0,752.0)
(462.0,752.0)
(479.0,752.0)
(752.0,752.0)
(752.0,752.0)
(447.0,752.0)
(472.0,752.0)
(350.0,752.0)
(472.0,752.0)
(433.0,752.0)
(479.0,752.0)
(752.0,752.0)
(752.0,752.0)
(752.0,752.0)
(752.0,752.0)
(742.0,752.0)
(472.0,752.0)
(472.0,752.0)
(472.0,752.0)
(792.0,752.0)
(472.0,752.0)
(752.0,752.0)
(752.0,752.0)
(752.0,752.0)
(752.0,752.0)
(398.0,752.0)
(447.0,752.0)
(350.0,752.0)
(433.0,752.0)
(752.0,752.0)
(809.0,752.0)
(472.0,752.0)
(472.0,752.0)
(479.0,752.0)
(479.0,752.0)
(472.0,752.0)
(752.0,752.0)
(472.0,752.0)
(472.0,752.0)
(752.0,752.0)
(377.0,752.0)
(752.0,752.0)
(752.0,752.0)
(447.0,752.0)
(472.0,752.0)
(480.0,752.0)
(479.0,752.0)
(472.0,752.0)
(752.0,752.0)
(447.0,752.0)
(454.0,752.0)
(472.0,752.0)
(740.0,752.0)
(752.0,752.0)
(752.0,752.0)
(752.0,752.0)
(447.0,752.0)
(751.0,752.0)
(435.0,752.0)
(433.0,752.0)
(441.0,752.0)
(350.0,752.0)
(459.0,752.0)
(752.0,752.0)
(472.0,752.0)
(472.0,752.0)
(752.0,752.0)
(454.0,752.0)
(472.0,752.0)
(472.0,752.0)
(752.0,752.0)
(752.0,752.0)
(479.0,752.0)
(752.0,752.0)
(454.0,752.0)
(472.0,752.0)
(459.0,752.0)
(752.0,752.0)
(447.0,752.0)
(752.0,752.0)
(462.0,752.0)
(752.0,752.0)
(457.0,752.0)
(752.0,752.0)
(462.0,752.0)
(475.0,752.0)
(752.0,752.0)
(472.0,752.0)
(472.0,752.0)
(350.0,752.0)
(472.0,752.0)
(752.0,752.0)
(752.0,752.0)
(387.0,752.0)
(472.0,752.0)
(752.0,752.0)
(459.0,752.0)
(752.0,752.0)
(752.0,752.0)
(752.0,752.0)
(472.0,752.0)
(457.0,752.0)
(752.0,752.0)
(752.0,752.0)
(382.0,752.0)
(752.0,752.0)
(472.0,752.0)
(472.0,752.0)
(802.0,752.0)
(752.0,752.0)
(752.0,752.0)
(752.0,752.0)
(427.0,752.0)
(752.0,752.0)
(472.0,752.0)
(350.0,752.0)
(479.0,752.0)
(752.0,752.0)
(479.0,752.0)
(479.0,752.0)
(479.0,752.0)
(472.0,752.0)
(360.0,752.0)
(479.0,752.0)
(441.0,752.0)
(479.0,752.0)
(472.0,752.0)
(398.0,752.0)
(462.0,752.0)
(752.0,752.0)
(455.0,752.0)
(752.0,752.0)
(350.0,752.0)
(367.0,752.0)
(752.0,752.0)
(472.0,752.0)
(771.0,752.0)
(752.0,752.0)
(475.0,752.0)
(472.0,752.0)
(472.0,752.0)
(480.0,752.0)
(472.0,752.0)
(472.0,752.0)
(752.0,752.0)
(350.0,752.0)
(472.0,752.0)
(472.0,752.0)
(479.0,752.0)
(472.0,752.0)
(752.0,752.0)
(480.0,752.0)
(752.0,752.0)
(433.0,752.0)
(581.0,752.0)
(472.0,752.0)
(472.0,752.0)
(472.0,752.0)
(752.0,752.0)
(472.0,752.0)
(472.0,752.0)
(752.0,752.0)
(752.0,752.0)
(753.0,751.0)
(455.0,751.0)
(435.0,751.0)
(455.0,751.0)
(455.0,751.0)
(447.0,751.0)
(472.0,751.0)
(447.0,751.0)
(417.0,751.0)
(740.0,751.0)
(771.0,751.0)
(447.0,751.0)
(447.0,751.0)
(447.0,751.0)
(472.0,751.0)
(447.0,751.0)
(740.0,751.0)
(802.0,751.0)
(472.0,751.0)
(447.0,751.0)
(404.0,751.0)
(435.0,751.0)
(359.0,751.0)
(455.0,751.0)
(455.0,751.0)
(477.0,751.0)
(751.0,751.0)
(472.0,751.0)
(751.0,751.0)
(483.0,751.0)
(455.0,751.0)
(751.0,751.0)
(809.0,751.0)
(740.0,751.0)
(362.0,751.0)
(417.0,751.0)
(354.0,751.0)
(751.0,751.0)
(752.0,751.0)
(472.0,751.0)
(368.0,751.0)
(435.0,751.0)
(753.0,751.0)
(447.0,751.0)
(455.0,751.0)
(447.0,751.0)
(472.0,751.0)
(447.0,751.0)
(483.0,751.0)
(809.0,751.0)
(481.0,751.0)
(472.0,751.0)
(472.0,751.0)
(435.0,751.0)
(751.0,751.0)
(751.0,751.0)
(751.0,751.0)
(755.0,751.0)
(417.0,751.0)
(447.0,751.0)
(447.0,751.0)
(435.0,751.0)
(472.0,751.0)
(747.0,751.0)
(472.0,751.0)
(455.0,751.0)
(753.0,751.0)
(447.0,751.0)
(804.0,751.0)
(455.0,751.0)
(753.0,751.0)
(447.0,751.0)
(472.0,751.0)
(752.0,751.0)
(362.0,751.0)
(455.0,751.0)
(750.0,751.0)
(417.0,751.0)
(447.0,751.0)
(455.0,751.0)
(472.0,751.0)
(472.0,751.0)
(751.0,751.0)
(350.0,751.0)
(447.0,751.0)
(447.0,751.0)
(447.0,751.0)
(417.0,751.0)
(753.0,751.0)
(435.0,751.0)
(751.0,751.0)
(472.0,751.0)
(455.0,751.0)
(447.0,751.0)
(455.0,751.0)
(809.0,751.0)
(447.0,751.0)
(455.0,751.0)
(751.0,751.0)
(405.0,751.0)
(447.0,751.0)
(447.0,751.0)
(455.0,751.0)
(447.0,751.0)
(753.0,751.0)
(455.0,751.0)
(752.0,751.0)
(455.0,751.0)
(455.0,751.0)
(435.0,751.0)
(751.0,751.0)
(447.0,751.0)
(417.0,751.0)
(483.0,751.0)
(472.0,751.0)
(751.0,751.0)
(740.0,751.0)
(751.0,751.0)
(753.0,751.0)
(750.0,751.0)
(22.0,751.0)
(751.0,751.0)
(447.0,751.0)
(22.0,751.0)
(809.0,751.0)
(435.0,751.0)
(472.0,751.0)
(751.0,751.0)
(753.0,751.0)
(751.0,751.0)
(751.0,751.0)
(474.0,751.0)
(472.0,751.0)
(751.0,751.0)
(472.0,751.0)
(417.0,751.0)
(417.0,751.0)
(417.0,751.0)
(751.0,751.0)
(366.0,751.0)
(447.0,751.0)
(447.0,751.0)
(447.0,751.0)
(480.0,751.0)
(750.0,751.0)
(427.0,751.0)
(435.0,751.0)
(753.0,751.0)
(447.0,751.0)
(739.0,751.0)
(435.0,751.0)
(455.0,751.0)
(752.0,751.0)
(447.0,751.0)
(455.0,751.0)
(447.0,751.0)
(753.0,751.0)
(750.0,751.0)
(435.0,751.0)
(751.0,751.0)
(751.0,751.0)
(455.0,751.0)
(455.0,751.0)
(479.0,751.0)
(455.0,751.0)
(751.0,751.0)
(417.0,751.0)
(740.0,751.0)
(447.0,751.0)
(472.0,751.0)
(417.0,751.0)
(447.0,751.0)
(480.0,751.0)
(447.0,751.0)
(435.0,751.0)
(482.0,751.0)
(447.0,751.0)
(427.0,751.0)
(435.0,751.0)
(751.0,751.0)
(472.0,751.0)
(752.0,751.0)
(481.0,751.0)
(472.0,751.0)
(751.0,751.0)
(753.0,751.0)
(481.0,751.0)
(447.0,751.0)
(472.0,751.0)
(472.0,751.0)
(350.0,751.0)
(435.0,751.0)
(455.0,751.0)
(483.0,751.0)
(435.0,751.0)
(472.0,751.0)
(752.0,752.0)
(752.0,752.0)
(742.0,752.0)
(752.0,752.0)
(752.0,752.0)
(455.0,752.0)
(752.0,752.0)
(752.0,752.0)
(752.0,752.0)
(752.0,752.0)
(752.0,752.0)
(752.0,752.0)
(752.0,752.0)
(752.0,752.0)
(752.0,752.0)
(752.0,752.0)
(432.0,752.0)
(752.0,752.0)
(752.0,752.0)
(752.0,752.0)
(752.0,752.0)
(752.0,752.0)
(752.0,752.0)
(752.0,752.0)
(752.0,752.0)
(752.0,752.0)
(350.0,752.0)
(371.0,752.0)
(752.0,752.0)
(353.0,752.0)
(752.0,752.0)
(752.0,752.0)
(752.0,752.0)
(752.0,752.0)
(752.0,752.0)
(752.0,752.0)
(752.0,752.0)
(802.0,752.0)
(752.0,752.0)
(752.0,752.0)
(752.0,752.0)
(752.0,752.0)
(752.0,752.0)
(752.0,752.0)
(752.0,752.0)
(752.0,752.0)
(752.0,752.0)
(752.0,752.0)
(752.0,752.0)
(752.0,752.0)
(752.0,752.0)
(752.0,752.0)
(752.0,752.0)
(752.0,752.0)
(752.0,752.0)
(752.0,752.0)
(752.0,752.0)
(752.0,752.0)
(752.0,752.0)
(752.0,752.0)
(752.0,752.0)
(752.0,752.0)
(752.0,752.0)
(752.0,752.0)
(752.0,752.0)
(752.0,752.0)
(752.0,752.0)
(752.0,752.0)
(752.0,752.0)
(752.0,752.0)
(350.0,752.0)
(752.0,752.0)
(752.0,752.0)
(752.0,752.0)
(752.0,752.0)
(752.0,752.0)
(752.0,752.0)
(752.0,752.0)
(752.0,752.0)
(752.0,752.0)
(752.0,752.0)
(752.0,752.0)
(750.0,752.0)
(752.0,752.0)
(350.0,752.0)
(752.0,752.0)
(752.0,752.0)
(752.0,752.0)
(752.0,752.0)
(752.0,752.0)
(752.0,752.0)
(752.0,752.0)
(752.0,752.0)
(752.0,752.0)
(752.0,752.0)
(752.0,752.0)
(752.0,752.0)
(752.0,752.0)
(752.0,752.0)
(752.0,752.0)
(752.0,752.0)
(752.0,752.0)
(752.0,752.0)
(752.0,752.0)
(752.0,752.0)
(737.0,752.0)
(752.0,752.0)
(752.0,752.0)
(752.0,752.0)
(752.0,752.0)
(752.0,752.0)
(752.0,752.0)
(752.0,752.0)
(752.0,752.0)
(752.0,752.0)
(752.0,752.0)
(752.0,752.0)
(752.0,752.0)
(752.0,752.0)
(752.0,752.0)
(752.0,752.0)
(752.0,752.0)
(752.0,752.0)
(752.0,752.0)
(752.0,752.0)
(752.0,752.0)
(447.0,752.0)
(752.0,752.0)
(752.0,752.0)
(752.0,752.0)
(752.0,752.0)
(752.0,752.0)
(752.0,752.0)
(752.0,752.0)
(752.0,752.0)
(752.0,752.0)
(752.0,752.0)
(752.0,752.0)
(752.0,752.0)
(752.0,752.0)
(752.0,752.0)
(752.0,752.0)
(752.0,752.0)
(752.0,752.0)
(752.0,752.0)
(752.0,752.0)
(752.0,752.0)
(752.0,752.0)
(752.0,752.0)
(752.0,752.0)
(752.0,752.0)
(752.0,752.0)
(752.0,752.0)
(752.0,752.0)
(752.0,752.0)
(752.0,752.0)
(752.0,752.0)
(752.0,752.0)
(752.0,752.0)
(752.0,752.0)
(752.0,752.0)
(752.0,752.0)
(752.0,752.0)
(752.0,752.0)
(752.0,752.0)
(752.0,752.0)
(752.0,752.0)
(752.0,752.0)
(752.0,752.0)
(752.0,752.0)
(752.0,752.0)
(752.0,752.0)
(752.0,752.0)
(752.0,752.0)
(752.0,752.0)
(752.0,752.0)
(752.0,752.0)
(479.0,752.0)
(752.0,752.0)
(752.0,752.0)
(752.0,752.0)
(752.0,752.0)
(752.0,752.0)
(752.0,752.0)
(752.0,752.0)
(752.0,752.0)
(752.0,752.0)
(752.0,752.0)
(752.0,752.0)
(752.0,752.0)
(752.0,752.0)
(752.0,752.0)
(752.0,752.0)
(752.0,752.0)
(752.0,752.0)
(479.0,752.0)
(417.0,752.0)
(472.0,752.0)
(754.0,752.0)
(366.0,752.0)
(472.0,752.0)
(417.0,752.0)
(417.0,752.0)
(479.0,752.0)
(417.0,752.0)
(479.0,752.0)
(366.0,752.0)
(395.0,752.0)
(417.0,752.0)
(417.0,752.0)
(752.0,752.0)
(472.0,752.0)
(472.0,752.0)
(354.0,752.0)
(472.0,752.0)
(366.0,752.0)
(479.0,752.0)
(472.0,752.0)
(752.0,752.0)
(472.0,752.0)
(417.0,752.0)
(417.0,752.0)
(479.0,752.0)
(366.0,752.0)
(479.0,752.0)
(472.0,752.0)
(479.0,752.0)
(754.0,752.0)
(368.0,752.0)
(417.0,752.0)
(483.0,752.0)
(472.0,752.0)
(752.0,752.0)
(810.0,752.0)
(472.0,752.0)
(472.0,752.0)
(472.0,752.0)
(366.0,752.0)
(435.0,752.0)
(472.0,752.0)
(479.0,752.0)
(479.0,752.0)
(447.0,752.0)
(479.0,752.0)
(354.0,752.0)
(417.0,752.0)
(479.0,752.0)
(754.0,752.0)
(479.0,752.0)
(417.0,752.0)
(752.0,752.0)
(472.0,752.0)
(754.0,752.0)
(366.0,752.0)
(472.0,752.0)
(417.0,752.0)
(479.0,752.0)
(752.0,752.0)
(479.0,752.0)
(472.0,752.0)
(472.0,752.0)
(417.0,752.0)
(479.0,752.0)
(417.0,752.0)
(417.0,752.0)
(472.0,752.0)
(398.0,752.0)
(417.0,752.0)
(417.0,752.0)
(417.0,752.0)
(459.0,752.0)
(751.0,752.0)
(479.0,752.0)
(353.0,752.0)
(417.0,752.0)
(756.0,752.0)
(479.0,752.0)
(754.0,752.0)
(479.0,752.0)
(479.0,752.0)
(455.0,752.0)
(479.0,752.0)
(455.0,752.0)
(417.0,752.0)
(787.0,752.0)
(754.0,752.0)
(751.0,752.0)
(752.0,752.0)
(752.0,752.0)
(752.0,752.0)
(417.0,752.0)
(750.0,752.0)
(752.0,752.0)
(479.0,752.0)
(382.0,752.0)
(433.0,752.0)
(447.0,752.0)
(754.0,752.0)
(752.0,752.0)
(398.0,752.0)
(474.0,752.0)
(433.0,752.0)
(479.0,752.0)
(479.0,752.0)
(479.0,752.0)
(417.0,752.0)
(479.0,752.0)
(366.0,752.0)
(479.0,752.0)
(472.0,752.0)
(417.0,752.0)
(752.0,752.0)
(479.0,752.0)
(479.0,752.0)
(756.0,752.0)
(417.0,752.0)
(479.0,752.0)
(417.0,752.0)
(479.0,752.0)
(472.0,752.0)
(479.0,752.0)
(752.0,752.0)
(479.0,752.0)
(479.0,752.0)
(379.0,752.0)
(417.0,752.0)
(479.0,752.0)
(752.0,752.0)
(472.0,752.0)
(417.0,752.0)
(386.0,752.0)
(417.0,752.0)
(398.0,752.0)
(472.0,752.0)
(752.0,752.0)
(472.0,752.0)
(417.0,752.0)
(479.0,752.0)
(479.0,752.0)
(752.0,752.0)
(417.0,752.0)
(479.0,752.0)
(417.0,752.0)
(417.0,752.0)
(367.0,752.0)
(479.0,752.0)
(473.0,752.0)
(447.0,752.0)
(752.0,752.0)
(447.0,752.0)
(752.0,752.0)
(479.0,752.0)
(417.0,752.0)
(442.0,752.0)
(417.0,752.0)
(752.0,752.0)
(472.0,752.0)
(395.0,752.0)
(750.0,752.0)
(417.0,752.0)
(752.0,752.0)
(366.0,752.0)
(472.0,752.0)
(479.0,752.0)
(754.0,752.0)
(417.0,752.0)
(472.0,752.0)
(479.0,752.0)
(417.0,752.0)
(472.0,752.0)
(752.0,752.0)
(472.0,752.0)
(474.0,752.0)
(752.0,752.0)
(417.0,752.0)
(479.0,752.0)
(417.0,752.0)
(479.0,752.0)
(479.0,752.0)
(479.0,752.0)
(754.0,752.0)
(479.0,752.0)
(752.0,752.0)
(479.0,752.0)
(808.0,752.0)
(417.0,752.0)
(472.0,752.0)
(417.0,752.0)
(483.0,752.0)
(382.0,752.0)
(417.0,752.0)
(417.0,752.0)
(479.0,752.0)
(433.0,752.0)
(479.0,752.0)
(752.0,752.0)
(479.0,752.0)
(754.0,752.0)
(479.0,752.0)
(754.0,752.0)
(382.0,752.0)
(754.0,752.0)
(472.0,752.0)
(479.0,752.0)
(752.0,752.0)
(810.0,752.0)
(455.0,752.0)
(752.0,752.0)
(752.0,752.0)
(472.0,752.0)
(752.0,752.0)
(433.0,752.0)
(752.0,752.0)
(751.0,752.0)
(479.0,752.0)
(479.0,752.0)
(754.0,752.0)
(754.0,752.0)
(752.0,752.0)
(417.0,752.0)
(472.0,752.0)
(754.0,752.0)
(479.0,752.0)
(479.0,752.0)
(417.0,752.0)
(366.0,752.0)
(752.0,752.0)
(378.0,752.0)
(752.0,752.0)
(354.0,752.0)
(472.0,752.0)
(472.0,752.0)
(479.0,752.0)
(479.0,752.0)
(479.0,752.0)
(472.0,752.0)
(751.0,752.0)
(479.0,752.0)
(479.0,752.0)
(417.0,752.0)
(752.0,752.0)
(417.0,752.0)
(378.0,752.0)
(752.0,752.0)
(479.0,752.0)
(479.0,752.0)
(752.0,752.0)
(479.0,752.0)
(752.0,752.0)
(479.0,752.0)
(479.0,752.0)
(750.0,752.0)
(752.0,752.0)
(479.0,752.0)
(754.0,752.0)
(472.0,752.0)
(417.0,752.0)
(752.0,752.0)
(455.0,752.0)
(479.0,752.0)
(479.0,752.0)
(752.0,752.0)
(366.0,752.0)
(479.0,752.0)
(479.0,752.0)
(754.0,752.0)
(472.0,752.0)
(754.0,752.0)
(479.0,752.0)
(386.0,752.0)
(472.0,752.0)
(472.0,752.0)
(754.0,752.0)
(751.0,752.0)
(787.0,752.0)
(472.0,752.0)
(455.0,752.0)
(752.0,752.0)
(752.0,752.0)
(752.0,752.0)
(479.0,752.0)
(752.0,752.0)
(455.0,752.0)
(752.0,752.0)
(752.0,752.0)
(479.0,752.0)
(752.0,752.0)
(472.0,752.0)
(751.0,752.0)
(479.0,752.0)
(417.0,752.0)
(752.0,752.0)
(472.0,752.0)
(752.0,752.0)
(417.0,752.0)
(752.0,752.0)
(479.0,752.0)
(417.0,752.0)
(754.0,752.0)
(747.0,752.0)
(366.0,752.0)
(417.0,752.0)
(752.0,752.0)
(417.0,752.0)
(417.0,752.0)
(382.0,752.0)
(754.0,752.0)
(479.0,752.0)
(427.0,752.0)
(366.0,752.0)
(479.0,752.0)
(368.0,752.0)
(752.0,752.0)
(479.0,752.0)
(417.0,752.0)
(472.0,752.0)
(746.0,752.0)
(417.0,752.0)
(417.0,752.0)
(479.0,752.0)
(479.0,752.0)
(472.0,752.0)
(417.0,752.0)
(754.0,752.0)
(754.0,752.0)
(477.0,752.0)
(472.0,752.0)
(481.0,752.0)
(472.0,752.0)
(754.0,752.0)
(378.0,752.0)
(479.0,752.0)
(417.0,752.0)
(752.0,752.0)
(472.0,752.0)
(752.0,752.0)
(417.0,752.0)
(417.0,752.0)
(472.0,752.0)
(479.0,752.0)
(417.0,752.0)
(417.0,752.0)
(752.0,752.0)
(455.0,752.0)
(752.0,752.0)
(751.0,752.0)
(366.0,752.0)
(472.0,752.0)
(752.0,752.0)
(354.0,752.0)
(479.0,752.0)
(479.0,752.0)
(417.0,752.0)
(479.0,752.0)
(472.0,752.0)
(417.0,752.0)
(456.0,752.0)
(752.0,752.0)
(417.0,752.0)
(752.0,752.0)
(447.0,752.0)
(395.0,752.0)
(752.0,752.0)
(479.0,752.0)
(472.0,752.0)
(752.0,752.0)
(752.0,752.0)
(754.0,752.0)
(752.0,752.0)
(378.0,752.0)
(417.0,752.0)
(750.0,752.0)
(473.0,752.0)
(752.0,752.0)
(752.0,752.0)
(479.0,752.0)
(472.0,752.0)
(754.0,752.0)
(479.0,752.0)
(479.0,752.0)
(417.0,752.0)
(479.0,752.0)
(472.0,752.0)
(479.0,752.0)
(472.0,752.0)
(479.0,752.0)
(752.0,752.0)
(484.0,752.0)
(417.0,752.0)
(428.0,751.0)
(447.0,751.0)
(771.0,751.0)
(366.0,751.0)
(447.0,751.0)
(366.0,751.0)
(740.0,751.0)
(459.0,751.0)
(455.0,751.0)
(475.0,751.0)
(455.0,751.0)
(447.0,751.0)
(472.0,751.0)
(378.0,751.0)
(472.0,751.0)
(479.0,751.0)
(472.0,751.0)
(472.0,751.0)
(752.0,751.0)
(435.0,751.0)
(472.0,751.0)
(475.0,751.0)
(483.0,751.0)
(447.0,751.0)
(472.0,751.0)
(752.0,751.0)
(472.0,751.0)
(472.0,751.0)
(447.0,751.0)
(753.0,751.0)
(751.0,751.0)
(455.0,751.0)
(417.0,751.0)
(447.0,751.0)
(441.0,751.0)
(417.0,751.0)
(752.0,751.0)
(472.0,751.0)
(751.0,751.0)
(483.0,751.0)
(417.0,751.0)
(479.0,751.0)
(802.0,751.0)
(472.0,751.0)
(447.0,751.0)
(447.0,751.0)
(417.0,751.0)
(447.0,751.0)
(472.0,751.0)
(441.0,751.0)
(746.0,751.0)
(483.0,751.0)
(752.0,751.0)
(350.0,751.0)
(475.0,751.0)
(472.0,751.0)
(406.0,751.0)
(350.0,751.0)
(435.0,751.0)
(751.0,751.0)
(479.0,751.0)
(475.0,751.0)
(472.0,751.0)
(435.0,751.0)
(447.0,751.0)
(366.0,751.0)
(472.0,751.0)
(472.0,751.0)
(479.0,751.0)
(435.0,751.0)
(417.0,751.0)
(447.0,751.0)
(472.0,751.0)
(435.0,751.0)
(809.0,751.0)
(447.0,751.0)
(447.0,751.0)
(483.0,751.0)
(447.0,751.0)
(479.0,751.0)
(447.0,751.0)
(447.0,751.0)
(472.0,751.0)
(472.0,751.0)
(472.0,751.0)
(752.0,751.0)
(447.0,751.0)
(482.0,751.0)
(752.0,751.0)
(750.0,751.0)
(472.0,751.0)
(366.0,751.0)
(752.0,751.0)
(455.0,751.0)
(447.0,751.0)
(472.0,751.0)
(472.0,751.0)
(350.0,751.0)
(447.0,751.0)
(472.0,751.0)
(447.0,751.0)
(472.0,751.0)
(455.0,751.0)
(472.0,751.0)
(435.0,751.0)
(447.0,751.0)
(752.0,751.0)
(472.0,751.0)
(447.0,751.0)
(472.0,751.0)
(435.0,751.0)
(454.0,751.0)
(751.0,751.0)
(350.0,751.0)
(472.0,751.0)
(417.0,751.0)
(472.0,751.0)
(435.0,751.0)
(455.0,751.0)
(435.0,751.0)
(479.0,751.0)
(472.0,751.0)
(378.0,751.0)
(472.0,751.0)
(447.0,751.0)
(435.0,751.0)
(447.0,751.0)
(752.0,751.0)
(479.0,751.0)
(421.0,751.0)
(378.0,751.0)
(455.0,751.0)
(472.0,751.0)
(750.0,751.0)
(455.0,751.0)
(447.0,751.0)
(479.0,751.0)
(479.0,751.0)
(447.0,751.0)
(751.0,751.0)
(447.0,751.0)
(455.0,751.0)
(802.0,751.0)
(378.0,751.0)
(447.0,751.0)
(753.0,751.0)
(472.0,751.0)
(472.0,751.0)
(472.0,751.0)
(480.0,751.0)
(350.0,751.0)
(752.0,751.0)
(752.0,751.0)
(472.0,751.0)
(802.0,751.0)
(455.0,751.0)
(472.0,751.0)
(751.0,751.0)
(378.0,751.0)
(750.0,751.0)
(366.0,751.0)
(378.0,751.0)
(447.0,751.0)
(472.0,751.0)
(368.0,751.0)
(455.0,751.0)
(417.0,751.0)
(751.0,751.0)
(472.0,751.0)
(472.0,751.0)
(447.0,751.0)
(750.0,751.0)
(475.0,751.0)
(447.0,751.0)
(740.0,751.0)
(433.0,751.0)
(472.0,751.0)
(455.0,751.0)
(417.0,751.0)
(479.0,751.0)
(472.0,751.0)
(366.0,751.0)
(427.0,751.0)
(479.0,751.0)
(472.0,751.0)
(472.0,751.0)
(752.0,751.0)
(480.0,751.0)
(750.0,751.0)
(350.0,751.0)
(752.0,751.0)
(472.0,751.0)
(472.0,751.0)
(427.0,751.0)
(350.0,751.0)
(483.0,751.0)
(441.0,751.0)
(802.0,751.0)
(417.0,751.0)
(417.0,751.0)
(417.0,751.0)
(417.0,751.0)
(417.0,751.0)
(417.0,751.0)
(417.0,751.0)
(417.0,751.0)
(417.0,751.0)
(417.0,751.0)
(417.0,751.0)
(417.0,751.0)
(417.0,751.0)
(417.0,751.0)
(417.0,751.0)
(417.0,751.0)
(417.0,751.0)
(417.0,751.0)
(417.0,751.0)
(417.0,751.0)
(417.0,751.0)
(417.0,751.0)
(417.0,751.0)
(417.0,751.0)
(417.0,751.0)
(417.0,751.0)
(417.0,751.0)
(417.0,751.0)
(417.0,751.0)
(417.0,751.0)
(417.0,751.0)
(417.0,751.0)
(417.0,751.0)
(417.0,751.0)
(417.0,751.0)
(417.0,751.0)
(417.0,751.0)
(417.0,751.0)
(417.0,751.0)
(417.0,751.0)
(417.0,751.0)
(417.0,751.0)
(417.0,751.0)
(417.0,751.0)
(417.0,751.0)
(417.0,751.0)
(417.0,751.0)
(417.0,751.0)
(417.0,751.0)
(417.0,751.0)
(417.0,751.0)
(417.0,751.0)
(417.0,751.0)
(417.0,751.0)
(417.0,751.0)
(417.0,751.0)
(417.0,751.0)
(417.0,751.0)
(417.0,751.0)
(417.0,751.0)
(417.0,751.0)
(417.0,751.0)
(417.0,751.0)
(417.0,751.0)
(417.0,751.0)
(417.0,751.0)
(417.0,751.0)
(417.0,751.0)
(417.0,751.0)
(417.0,751.0)
(417.0,751.0)
(417.0,751.0)
(417.0,751.0)
(417.0,751.0)
(417.0,751.0)
(417.0,751.0)
(417.0,751.0)
(417.0,751.0)
(417.0,751.0)
(417.0,751.0)
(417.0,751.0)
(417.0,751.0)
(417.0,751.0)
(417.0,751.0)
(417.0,751.0)
(417.0,751.0)
(417.0,751.0)
(417.0,751.0)
(417.0,751.0)
(417.0,751.0)
(417.0,751.0)
(417.0,751.0)
(417.0,751.0)
(417.0,751.0)
(417.0,751.0)
(417.0,751.0)
(417.0,751.0)
(417.0,751.0)
(417.0,751.0)
(417.0,751.0)
(417.0,751.0)
(417.0,751.0)
(417.0,751.0)
(417.0,751.0)
(417.0,751.0)
(417.0,751.0)
(417.0,751.0)
(417.0,751.0)
(417.0,751.0)
(417.0,751.0)
(417.0,751.0)
(417.0,751.0)
(417.0,751.0)
(417.0,751.0)
(417.0,751.0)
(417.0,751.0)
(417.0,751.0)
(417.0,751.0)
(417.0,751.0)
(417.0,751.0)
(417.0,751.0)
(417.0,751.0)
(417.0,751.0)
(417.0,751.0)
(417.0,751.0)
(417.0,751.0)
(417.0,751.0)
(417.0,751.0)
(417.0,751.0)
(417.0,751.0)
(417.0,751.0)
(417.0,751.0)
(417.0,751.0)
(417.0,751.0)
(417.0,751.0)
(417.0,751.0)
(417.0,751.0)
(417.0,751.0)
(417.0,751.0)
(417.0,751.0)
(417.0,751.0)
(417.0,751.0)
(417.0,751.0)
(417.0,751.0)
(417.0,751.0)
(417.0,751.0)
(417.0,751.0)
(417.0,751.0)
(417.0,751.0)
(417.0,751.0)
(417.0,751.0)
(417.0,751.0)
(417.0,751.0)
(417.0,751.0)
(417.0,751.0)
(417.0,751.0)
(417.0,751.0)
(417.0,751.0)
(417.0,751.0)
(417.0,751.0)
(417.0,751.0)
(417.0,751.0)
(417.0,751.0)
(417.0,751.0)
(417.0,751.0)
(417.0,751.0)
(417.0,751.0)
(417.0,751.0)
(417.0,751.0)
(417.0,751.0)
(417.0,751.0)
(417.0,751.0)
(417.0,751.0)
(417.0,751.0)
(417.0,751.0)
(417.0,751.0)
(417.0,751.0)
(417.0,751.0)
(417.0,751.0)
(417.0,751.0)
(417.0,751.0)
(417.0,751.0)
(417.0,751.0)
(417.0,751.0)
(417.0,751.0)
(417.0,751.0)
(417.0,751.0)
(417.0,751.0)
(417.0,751.0)
(417.0,751.0)
(417.0,751.0)
(417.0,751.0)
(417.0,751.0)
(417.0,751.0)
(417.0,751.0)
(417.0,751.0)
(417.0,751.0)
(417.0,751.0)
(417.0,751.0)
(417.0,751.0)
(435.0,751.0)
(435.0,751.0)
(447.0,751.0)
(368.0,751.0)
(752.0,751.0)
(472.0,751.0)
(447.0,751.0)
(435.0,751.0)
(447.0,751.0)
(752.0,751.0)
(447.0,751.0)
(752.0,751.0)
(472.0,751.0)
(435.0,751.0)
(447.0,751.0)
(472.0,751.0)
(752.0,751.0)
(447.0,751.0)
(441.0,751.0)
(472.0,751.0)
(417.0,751.0)
(752.0,751.0)
(802.0,751.0)
(802.0,751.0)
(427.0,751.0)
(752.0,751.0)
(479.0,751.0)
(752.0,751.0)
(483.0,751.0)
(462.0,751.0)
(752.0,751.0)
(472.0,751.0)
(479.0,751.0)
(752.0,751.0)
(447.0,751.0)
(752.0,751.0)
(455.0,751.0)
(472.0,751.0)
(802.0,751.0)
(752.0,751.0)
(802.0,751.0)
(447.0,751.0)
(447.0,751.0)
(752.0,751.0)
(752.0,751.0)
(752.0,751.0)
(455.0,751.0)
(802.0,751.0)
(447.0,751.0)
(404.0,751.0)
(771.0,751.0)
(455.0,751.0)
(447.0,751.0)
(350.0,751.0)
(447.0,751.0)
(447.0,751.0)
(455.0,751.0)
(483.0,751.0)
(752.0,751.0)
(427.0,751.0)
(752.0,751.0)
(472.0,751.0)
(459.0,751.0)
(802.0,751.0)
(479.0,751.0)
(472.0,751.0)
(472.0,751.0)
(447.0,751.0)
(752.0,751.0)
(472.0,751.0)
(802.0,751.0)
(447.0,751.0)
(472.0,751.0)
(447.0,751.0)
(802.0,751.0)
(447.0,751.0)
(802.0,751.0)
(752.0,751.0)
(472.0,751.0)
(447.0,751.0)
(441.0,751.0)
(447.0,751.0)
(752.0,751.0)
(405.0,751.0)
(447.0,751.0)
(395.0,751.0)
(354.0,751.0)
(435.0,751.0)
(483.0,751.0)
(802.0,751.0)
(802.0,751.0)
(752.0,751.0)
(802.0,751.0)
(455.0,751.0)
(472.0,751.0)
(447.0,751.0)
(447.0,751.0)
(752.0,751.0)
(366.0,751.0)
(459.0,751.0)
(752.0,751.0)
(350.0,751.0)
(350.0,751.0)
(472.0,751.0)
(752.0,751.0)
(752.0,751.0)
(750.0,751.0)
(752.0,751.0)
(750.0,751.0)
(472.0,751.0)
(472.0,751.0)
(455.0,751.0)
(472.0,751.0)
(447.0,751.0)
(350.0,751.0)
(472.0,751.0)
(752.0,751.0)
(455.0,751.0)
(475.0,751.0)
(752.0,751.0)
(447.0,751.0)
(752.0,751.0)
(752.0,751.0)
(447.0,751.0)
(447.0,751.0)
(447.0,751.0)
(447.0,751.0)
(447.0,751.0)
(455.0,751.0)
(447.0,751.0)
(802.0,751.0)
(752.0,751.0)
(366.0,751.0)
(366.0,751.0)
(447.0,751.0)
(752.0,751.0)
(479.0,751.0)
(752.0,751.0)
(752.0,751.0)
(350.0,751.0)
(472.0,751.0)
(752.0,751.0)
(483.0,751.0)
(447.0,751.0)
(752.0,751.0)
(786.0,751.0)
(752.0,751.0)
(447.0,751.0)
(472.0,751.0)
(441.0,751.0)
(472.0,751.0)
(479.0,751.0)
(447.0,751.0)
(472.0,751.0)
(752.0,751.0)
(752.0,751.0)
(752.0,751.0)
(472.0,751.0)
(350.0,751.0)
(447.0,751.0)
(479.0,751.0)
(472.0,751.0)
(802.0,751.0)
(447.0,751.0)
(483.0,751.0)
(459.0,751.0)
(435.0,751.0)
(455.0,751.0)
(447.0,751.0)
(350.0,751.0)
(447.0,751.0)
(802.0,751.0)
(802.0,751.0)
(427.0,751.0)
(754.0,751.0)
(417.0,751.0)
(752.0,751.0)
(479.0,751.0)
(354.0,751.0)
(447.0,751.0)
(483.0,751.0)
(472.0,751.0)
(459.0,751.0)
(802.0,751.0)
(455.0,751.0)
(752.0,751.0)
(441.0,751.0)
(354.0,751.0)
(479.0,751.0)
(472.0,751.0)
(441.0,751.0)
(751.0,751.0)
(472.0,751.0)
(447.0,751.0)
(752.0,751.0)
(435.0,751.0)
(365.0,753.0)
(374.0,753.0)
(365.0,753.0)
(365.0,753.0)
(365.0,753.0)
(365.0,753.0)
(365.0,753.0)
(804.0,753.0)
(365.0,753.0)
(376.0,753.0)
(365.0,753.0)
(753.0,753.0)
(374.0,753.0)
(365.0,753.0)
(753.0,753.0)
(435.0,753.0)
(413.0,753.0)
(365.0,753.0)
(404.0,753.0)
(365.0,753.0)
(374.0,753.0)
(376.0,753.0)
(365.0,753.0)
(376.0,753.0)
(407.0,753.0)
(365.0,753.0)
(365.0,753.0)
(376.0,753.0)
(376.0,753.0)
(743.0,753.0)
(374.0,753.0)
(374.0,753.0)
(417.0,753.0)
(365.0,753.0)
(404.0,753.0)
(435.0,753.0)
(404.0,753.0)
(365.0,753.0)
(365.0,753.0)
(435.0,753.0)
(374.0,753.0)
(376.0,753.0)
(406.0,753.0)
(417.0,753.0)
(753.0,753.0)
(417.0,753.0)
(365.0,753.0)
(374.0,753.0)
(374.0,753.0)
(404.0,753.0)
(417.0,753.0)
(376.0,753.0)
(417.0,753.0)
(374.0,753.0)
(404.0,753.0)
(374.0,753.0)
(447.0,753.0)
(417.0,753.0)
(417.0,753.0)
(404.0,753.0)
(374.0,753.0)
(376.0,753.0)
(365.0,753.0)
(435.0,753.0)
(376.0,753.0)
(365.0,753.0)
(465.0,753.0)
(376.0,753.0)
(365.0,753.0)
(404.0,753.0)
(365.0,753.0)
(376.0,753.0)
(404.0,753.0)
(365.0,753.0)
(435.0,753.0)
(365.0,753.0)
(365.0,753.0)
(435.0,753.0)
(407.0,753.0)
(376.0,753.0)
(435.0,753.0)
(376.0,753.0)
(447.0,753.0)
(407.0,753.0)
(407.0,753.0)
(404.0,753.0)
(376.0,753.0)
(374.0,753.0)
(365.0,753.0)
(404.0,753.0)
(365.0,753.0)
(365.0,753.0)
(365.0,753.0)
(376.0,753.0)
(365.0,753.0)
(374.0,753.0)
(407.0,753.0)
(374.0,753.0)
(365.0,753.0)
(365.0,753.0)
(365.0,753.0)
(417.0,753.0)
(365.0,753.0)
(365.0,753.0)
(376.0,753.0)
(377.0,753.0)
(365.0,753.0)
(365.0,753.0)
(365.0,753.0)
(404.0,753.0)
(365.0,753.0)
(404.0,753.0)
(413.0,753.0)
(404.0,753.0)
(365.0,753.0)
(365.0,753.0)
(365.0,753.0)
(435.0,753.0)
(376.0,753.0)
(404.0,753.0)
(407.0,753.0)
(365.0,753.0)
(376.0,753.0)
(365.0,753.0)
(365.0,753.0)
(413.0,753.0)
(365.0,753.0)
(376.0,753.0)
(435.0,753.0)
(376.0,753.0)
(404.0,753.0)
(376.0,753.0)
(365.0,753.0)
(376.0,753.0)
(407.0,753.0)
(365.0,753.0)
(417.0,753.0)
(374.0,753.0)
(365.0,753.0)
(407.0,753.0)
(376.0,753.0)
(374.0,753.0)
(407.0,753.0)
(365.0,753.0)
(404.0,753.0)
(376.0,753.0)
(365.0,753.0)
(365.0,753.0)
(404.0,753.0)
(376.0,753.0)
(376.0,753.0)
(365.0,753.0)
(374.0,753.0)
(376.0,753.0)
(365.0,753.0)
(447.0,753.0)
(377.0,753.0)
(417.0,753.0)
(404.0,753.0)
(376.0,753.0)
(465.0,753.0)
(365.0,753.0)
(374.0,753.0)
(365.0,753.0)
(376.0,753.0)
(365.0,753.0)
(376.0,753.0)
(376.0,753.0)
(404.0,753.0)
(376.0,753.0)
(365.0,753.0)
(404.0,753.0)
(365.0,753.0)
(376.0,753.0)
(376.0,753.0)
(404.0,753.0)
(753.0,753.0)
(435.0,753.0)
(365.0,753.0)
(365.0,753.0)
(374.0,753.0)
(413.0,753.0)
(376.0,753.0)
(365.0,753.0)
(413.0,753.0)
(374.0,753.0)
(376.0,753.0)
(365.0,753.0)
(417.0,753.0)
(376.0,753.0)
(753.0,753.0)
(404.0,753.0)
(413.0,753.0)
(404.0,753.0)
(365.0,753.0)
(407.0,753.0)
(404.0,753.0)
(413.0,753.0)
(404.0,753.0)
(407.0,753.0)
(404.0,753.0)
(430.0,753.0)
(417.0,753.0)
(374.0,753.0)
(376.0,753.0)
(435.0,753.0)
(407.0,753.0)
(376.0,753.0)
(404.0,753.0)
(376.0,753.0)
(376.0,753.0)
(365.0,753.0)
(435.0,753.0)
(435.0,753.0)
(404.0,753.0)
(404.0,753.0)
(365.0,753.0)
(404.0,753.0)
(365.0,753.0)
(369.0,753.0)
(376.0,753.0)
(376.0,753.0)
(404.0,753.0)
(804.0,753.0)
(365.0,753.0)
(365.0,753.0)
(407.0,753.0)
(365.0,753.0)
(413.0,753.0)
(365.0,753.0)
(365.0,753.0)
(753.0,753.0)
(404.0,753.0)
(365.0,753.0)
(374.0,753.0)
(376.0,753.0)
(413.0,753.0)
(365.0,753.0)
(435.0,753.0)
(365.0,753.0)
(374.0,753.0)
(374.0,753.0)
(417.0,753.0)
(417.0,753.0)
(376.0,753.0)
(365.0,753.0)
(376.0,753.0)
(374.0,753.0)
(435.0,753.0)
(365.0,753.0)
(365.0,753.0)
(404.0,753.0)
(376.0,753.0)
(376.0,753.0)
(404.0,753.0)
(365.0,753.0)
(404.0,753.0)
(369.0,753.0)
(413.0,753.0)
(376.0,753.0)
(417.0,753.0)
(413.0,753.0)
(404.0,753.0)
(369.0,753.0)
(404.0,753.0)
(365.0,753.0)
(365.0,753.0)
(376.0,753.0)
(365.0,753.0)
(417.0,753.0)
(404.0,753.0)
(374.0,753.0)
(447.0,753.0)
(376.0,753.0)
(413.0,753.0)
(376.0,753.0)
(365.0,753.0)
(365.0,753.0)
(374.0,753.0)
(376.0,753.0)
(417.0,753.0)
(413.0,753.0)
(406.0,753.0)
(406.0,753.0)
(365.0,753.0)
(404.0,753.0)
(376.0,753.0)
(376.0,753.0)
(376.0,753.0)
(365.0,753.0)
(365.0,753.0)
(365.0,753.0)
(413.0,753.0)
(404.0,753.0)
(435.0,753.0)
(365.0,753.0)
(404.0,753.0)
(376.0,753.0)
(376.0,753.0)
(404.0,753.0)
(404.0,753.0)
(365.0,753.0)
(417.0,753.0)
(413.0,753.0)
(435.0,753.0)
(365.0,753.0)
(365.0,753.0)
(417.0,753.0)
(365.0,753.0)
(374.0,753.0)
(407.0,753.0)
(365.0,753.0)
(365.0,753.0)
(435.0,753.0)
(376.0,753.0)
(365.0,753.0)
(376.0,753.0)
(740.0,753.0)
(365.0,753.0)
(376.0,753.0)
(376.0,753.0)
(404.0,753.0)
(406.0,753.0)
(404.0,753.0)
(365.0,753.0)
(374.0,753.0)
(407.0,753.0)
(407.0,753.0)
(407.0,753.0)
(376.0,753.0)
(376.0,753.0)
(365.0,753.0)
(407.0,753.0)
(743.0,753.0)
(374.0,753.0)
(376.0,753.0)
(365.0,753.0)
(365.0,753.0)
(376.0,753.0)
(376.0,753.0)
(447.0,753.0)
(743.0,753.0)
(376.0,753.0)
(376.0,753.0)
(404.0,753.0)
(376.0,753.0)
(404.0,753.0)
(365.0,753.0)
(365.0,753.0)
(435.0,753.0)
(404.0,753.0)
(365.0,753.0)
(376.0,753.0)
(365.0,753.0)
(407.0,753.0)
(404.0,753.0)
(404.0,753.0)
(404.0,753.0)
(376.0,753.0)
(365.0,753.0)
(404.0,753.0)
(404.0,753.0)
(407.0,753.0)
(404.0,753.0)
(435.0,753.0)
(404.0,753.0)
(404.0,753.0)
(407.0,753.0)
(376.0,753.0)
(435.0,753.0)
(376.0,753.0)
(374.0,753.0)
(435.0,753.0)
(365.0,753.0)
(374.0,753.0)
(404.0,753.0)
(365.0,753.0)
(365.0,753.0)
(376.0,753.0)
(404.0,753.0)
(365.0,753.0)
(376.0,753.0)
(365.0,753.0)
(376.0,753.0)
(407.0,753.0)
(376.0,753.0)
(404.0,753.0)
(455.0,753.0)
(455.0,753.0)
(455.0,753.0)
(455.0,753.0)
(455.0,753.0)
(455.0,753.0)
(455.0,753.0)
(455.0,753.0)
(455.0,753.0)
(455.0,753.0)
(455.0,753.0)
(455.0,753.0)
(455.0,753.0)
(455.0,753.0)
(455.0,753.0)
(455.0,753.0)
(455.0,753.0)
(455.0,753.0)
(455.0,753.0)
(455.0,753.0)
(455.0,753.0)
(455.0,753.0)
(455.0,753.0)
(455.0,753.0)
(455.0,753.0)
(455.0,753.0)
(455.0,753.0)
(455.0,753.0)
(455.0,753.0)
(455.0,753.0)
(455.0,753.0)
(455.0,753.0)
(455.0,753.0)
(455.0,753.0)
(455.0,753.0)
(455.0,753.0)
(455.0,753.0)
(455.0,753.0)
(455.0,753.0)
(455.0,753.0)
(455.0,753.0)
(455.0,753.0)
(455.0,753.0)
(455.0,753.0)
(455.0,753.0)
(455.0,753.0)
(455.0,753.0)
(455.0,753.0)
(455.0,753.0)
(455.0,753.0)
(455.0,753.0)
(455.0,753.0)
(455.0,753.0)
(455.0,753.0)
(455.0,753.0)
(455.0,753.0)
(455.0,753.0)
(455.0,753.0)
(455.0,753.0)
(455.0,753.0)
(455.0,753.0)
(455.0,753.0)
(455.0,753.0)
(455.0,753.0)
(455.0,753.0)
(455.0,753.0)
(455.0,753.0)
(455.0,753.0)
(455.0,753.0)
(455.0,753.0)
(455.0,753.0)
(455.0,753.0)
(455.0,753.0)
(455.0,753.0)
(455.0,753.0)
(455.0,753.0)
(455.0,753.0)
(455.0,753.0)
(455.0,753.0)
(455.0,753.0)
(455.0,753.0)
(455.0,753.0)
(455.0,753.0)
(455.0,753.0)
(455.0,753.0)
(455.0,753.0)
(455.0,753.0)
(455.0,753.0)
(455.0,753.0)
(455.0,753.0)
(455.0,753.0)
(455.0,753.0)
(455.0,753.0)
(455.0,753.0)
(455.0,753.0)
(455.0,753.0)
(455.0,753.0)
(455.0,753.0)
(455.0,753.0)
(455.0,753.0)
(455.0,753.0)
(455.0,753.0)
(455.0,753.0)
(455.0,753.0)
(455.0,753.0)
(455.0,753.0)
(455.0,753.0)
(455.0,753.0)
(455.0,753.0)
(455.0,753.0)
(455.0,753.0)
(455.0,753.0)
(455.0,753.0)
(455.0,753.0)
(455.0,753.0)
(455.0,753.0)
(455.0,753.0)
(455.0,753.0)
(455.0,753.0)
(455.0,753.0)
(455.0,753.0)
(455.0,753.0)
(455.0,753.0)
(455.0,753.0)
(455.0,753.0)
(455.0,753.0)
(455.0,753.0)
(455.0,753.0)
(455.0,753.0)
(455.0,753.0)
(455.0,753.0)
(455.0,753.0)
(455.0,753.0)
(455.0,753.0)
(455.0,753.0)
(455.0,753.0)
(455.0,753.0)
(455.0,753.0)
(455.0,753.0)
(455.0,753.0)
(455.0,753.0)
(455.0,753.0)
(455.0,753.0)
(455.0,753.0)
(455.0,753.0)
(455.0,753.0)
(455.0,753.0)
(455.0,753.0)
(455.0,753.0)
(455.0,753.0)
(455.0,753.0)
(455.0,753.0)
(455.0,753.0)
(455.0,753.0)
(455.0,753.0)
(455.0,753.0)
(455.0,753.0)
(455.0,753.0)
(455.0,753.0)
(455.0,753.0)
(455.0,753.0)
(455.0,753.0)
(455.0,753.0)
(455.0,753.0)
(455.0,753.0)
(455.0,753.0)
(455.0,753.0)
(455.0,753.0)
(455.0,753.0)
(455.0,753.0)
(455.0,753.0)
(455.0,753.0)
(455.0,753.0)
(455.0,753.0)
(455.0,753.0)
(455.0,753.0)
(455.0,753.0)
(455.0,753.0)
(455.0,753.0)
(455.0,753.0)
(455.0,753.0)
(455.0,753.0)
(455.0,753.0)
(455.0,753.0)
(455.0,753.0)
(455.0,753.0)
(455.0,753.0)
(455.0,753.0)
(455.0,753.0)
(455.0,753.0)
(455.0,753.0)
(455.0,753.0)
(455.0,753.0)
(455.0,753.0)
(455.0,753.0)
(455.0,753.0)
(455.0,753.0)
(455.0,753.0)
(455.0,753.0)
(455.0,753.0)
(376.0,753.0)
(365.0,753.0)
(376.0,753.0)
(376.0,753.0)
(376.0,753.0)
(365.0,753.0)
(455.0,753.0)
(435.0,753.0)
(417.0,753.0)
(365.0,753.0)
(404.0,753.0)
(365.0,753.0)
(365.0,753.0)
(376.0,753.0)
(376.0,753.0)
(463.0,753.0)
(376.0,753.0)
(435.0,753.0)
(407.0,753.0)
(435.0,753.0)
(376.0,753.0)
(365.0,753.0)
(455.0,753.0)
(376.0,753.0)
(376.0,753.0)
(404.0,753.0)
(376.0,753.0)
(417.0,753.0)
(376.0,753.0)
(365.0,753.0)
(404.0,753.0)
(365.0,753.0)
(376.0,753.0)
(365.0,753.0)
(376.0,753.0)
(376.0,753.0)
(365.0,753.0)
(376.0,753.0)
(407.0,753.0)
(376.0,753.0)
(376.0,753.0)
(365.0,753.0)
(376.0,753.0)
(376.0,753.0)
(463.0,753.0)
(404.0,753.0)
(376.0,753.0)
(387.0,753.0)
(376.0,753.0)
(435.0,753.0)
(417.0,753.0)
(365.0,753.0)
(463.0,753.0)
(365.0,753.0)
(407.0,753.0)
(435.0,753.0)
(365.0,753.0)
(462.0,753.0)
(455.0,753.0)
(463.0,753.0)
(417.0,753.0)
(376.0,753.0)
(376.0,753.0)
(376.0,753.0)
(365.0,753.0)
(417.0,753.0)
(404.0,753.0)
(465.0,753.0)
(374.0,753.0)
(376.0,753.0)
(365.0,753.0)
(376.0,753.0)
(407.0,753.0)
(404.0,753.0)
(365.0,753.0)
(365.0,753.0)
(417.0,753.0)
(365.0,753.0)
(417.0,753.0)
(417.0,753.0)
(435.0,753.0)
(435.0,753.0)
(463.0,753.0)
(365.0,753.0)
(365.0,753.0)
(374.0,753.0)
(407.0,753.0)
(463.0,753.0)
(376.0,753.0)
(376.0,753.0)
(376.0,753.0)
(365.0,753.0)
(404.0,753.0)
(404.0,753.0)
(365.0,753.0)
(376.0,753.0)
(376.0,753.0)
(365.0,753.0)
(404.0,753.0)
(435.0,753.0)
(365.0,753.0)
(376.0,753.0)
(365.0,753.0)
(376.0,753.0)
(435.0,753.0)
(417.0,753.0)
(365.0,753.0)
(365.0,753.0)
(376.0,753.0)
(365.0,753.0)
(376.0,753.0)
(376.0,753.0)
(365.0,753.0)
(404.0,753.0)
(365.0,753.0)
(365.0,753.0)
(365.0,753.0)
(376.0,753.0)
(365.0,753.0)
(365.0,753.0)
(404.0,753.0)
(365.0,753.0)
(376.0,753.0)
(374.0,753.0)
(365.0,753.0)
(376.0,753.0)
(365.0,753.0)
(376.0,753.0)
(435.0,753.0)
(374.0,753.0)
(417.0,753.0)
(376.0,753.0)
(365.0,753.0)
(435.0,753.0)
(365.0,753.0)
(376.0,753.0)
(404.0,753.0)
(413.0,753.0)
(376.0,753.0)
(365.0,753.0)
(376.0,753.0)
(463.0,753.0)
(365.0,753.0)
(404.0,753.0)
(404.0,753.0)
(376.0,753.0)
(376.0,753.0)
(462.0,753.0)
(376.0,753.0)
(365.0,753.0)
(417.0,753.0)
(365.0,753.0)
(365.0,753.0)
(404.0,753.0)
(376.0,753.0)
(417.0,753.0)
(435.0,753.0)
(463.0,753.0)
(365.0,753.0)
(404.0,753.0)
(376.0,753.0)
(365.0,753.0)
(365.0,753.0)
(376.0,753.0)
(376.0,753.0)
(404.0,753.0)
(753.0,753.0)
(376.0,753.0)
(365.0,753.0)
(417.0,753.0)
(417.0,753.0)
(365.0,753.0)
(365.0,753.0)
(417.0,753.0)
(365.0,753.0)
(417.0,753.0)
(404.0,753.0)
(376.0,753.0)
(376.0,753.0)
(365.0,753.0)
(404.0,753.0)
(376.0,753.0)
(365.0,753.0)
(365.0,753.0)
(404.0,753.0)
(365.0,753.0)
(376.0,753.0)
(376.0,753.0)
(376.0,753.0)
(417.0,753.0)
(404.0,753.0)
(435.0,753.0)
(435.0,753.0)
(435.0,753.0)
(406.0,753.0)
(435.0,753.0)
(365.0,753.0)
(376.0,753.0)
(376.0,753.0)
(435.0,753.0)
(407.0,753.0)
(435.0,753.0)
(376.0,753.0)
(435.0,753.0)
(435.0,753.0)
(435.0,753.0)
(365.0,753.0)
(365.0,753.0)
(365.0,753.0)
(365.0,753.0)
(435.0,753.0)
(404.0,753.0)
(435.0,753.0)
(365.0,753.0)
(365.0,753.0)
(447.0,753.0)
(435.0,753.0)
(365.0,753.0)
(365.0,753.0)
(455.0,753.0)
(365.0,753.0)
(435.0,753.0)
(365.0,753.0)
(404.0,753.0)
(404.0,753.0)
(376.0,753.0)
(365.0,753.0)
(365.0,753.0)
(374.0,753.0)
(435.0,753.0)
(404.0,753.0)
(435.0,753.0)
(365.0,753.0)
(404.0,753.0)
(455.0,753.0)
(435.0,753.0)
(365.0,753.0)
(435.0,753.0)
(365.0,753.0)
(435.0,753.0)
(365.0,753.0)
(365.0,753.0)
(365.0,753.0)
(365.0,753.0)
(365.0,753.0)
(374.0,753.0)
(365.0,753.0)
(365.0,753.0)
(406.0,753.0)
(404.0,753.0)
(406.0,753.0)
(435.0,753.0)
(435.0,753.0)
(374.0,753.0)
(413.0,753.0)
(365.0,753.0)
(365.0,753.0)
(365.0,753.0)
(435.0,753.0)
(365.0,753.0)
(435.0,753.0)
(435.0,753.0)
(455.0,753.0)
(365.0,753.0)
(435.0,753.0)
(404.0,753.0)
(365.0,753.0)
(435.0,753.0)
(374.0,753.0)
(406.0,753.0)
(365.0,753.0)
(365.0,753.0)
(404.0,753.0)
(435.0,753.0)
(435.0,753.0)
(435.0,753.0)
(435.0,753.0)
(376.0,753.0)
(404.0,753.0)
(455.0,753.0)
(365.0,753.0)
(406.0,753.0)
(365.0,753.0)
(435.0,753.0)
(374.0,753.0)
(365.0,753.0)
(365.0,753.0)
(435.0,753.0)
(374.0,753.0)
(376.0,753.0)
(365.0,753.0)
(365.0,753.0)
(435.0,753.0)
(376.0,753.0)
(365.0,753.0)
(365.0,753.0)
(365.0,753.0)
(435.0,753.0)
(435.0,753.0)
(435.0,753.0)
(365.0,753.0)
(376.0,753.0)
(374.0,753.0)
(435.0,753.0)
(365.0,753.0)
(365.0,753.0)
(435.0,753.0)
(435.0,753.0)
(435.0,753.0)
(455.0,753.0)
(365.0,753.0)
(365.0,753.0)
(435.0,753.0)
(365.0,753.0)
(435.0,753.0)
(447.0,753.0)
(365.0,753.0)
(435.0,753.0)
(365.0,753.0)
(376.0,753.0)
(365.0,753.0)
(365.0,753.0)
(435.0,753.0)
(435.0,753.0)
(365.0,753.0)
(413.0,753.0)
(365.0,753.0)
(435.0,753.0)
(435.0,753.0)
(365.0,753.0)
(465.0,753.0)
(435.0,753.0)
(406.0,753.0)
(43.0,753.0)
(404.0,753.0)
(435.0,753.0)
(404.0,753.0)
(376.0,753.0)
(365.0,753.0)
(376.0,753.0)
(365.0,753.0)
(374.0,753.0)
(365.0,753.0)
(376.0,753.0)
(417.0,753.0)
(365.0,753.0)
(376.0,753.0)
(365.0,753.0)
(413.0,753.0)
(435.0,753.0)
(435.0,753.0)
(404.0,753.0)
(435.0,753.0)
(404.0,753.0)
(365.0,753.0)
(376.0,753.0)
(406.0,753.0)
(404.0,753.0)
(435.0,753.0)
(365.0,753.0)
(365.0,753.0)
(406.0,753.0)
(413.0,753.0)
(376.0,753.0)
(376.0,753.0)
(365.0,753.0)
(435.0,753.0)
(435.0,753.0)
(404.0,753.0)
(365.0,753.0)
(376.0,753.0)
(365.0,753.0)
(435.0,753.0)
(365.0,753.0)
(435.0,753.0)
(365.0,753.0)
(455.0,753.0)
(374.0,753.0)
(365.0,753.0)
(365.0,753.0)
(435.0,753.0)
(365.0,753.0)
(406.0,753.0)
(435.0,753.0)
(376.0,753.0)
(435.0,753.0)
(407.0,753.0)
(407.0,753.0)
(407.0,753.0)
(407.0,753.0)
(407.0,753.0)
(407.0,753.0)
(407.0,753.0)
(407.0,753.0)
(407.0,753.0)
(407.0,753.0)
(407.0,753.0)
(407.0,753.0)
(407.0,753.0)
(407.0,753.0)
(407.0,753.0)
(407.0,753.0)
(407.0,753.0)
(407.0,753.0)
(407.0,753.0)
(407.0,753.0)
(407.0,753.0)
(407.0,753.0)
(407.0,753.0)
(407.0,753.0)
(407.0,753.0)
(407.0,753.0)
(407.0,753.0)
(407.0,753.0)
(407.0,753.0)
(407.0,753.0)
(407.0,753.0)
(407.0,753.0)
(407.0,753.0)
(407.0,753.0)
(407.0,753.0)
(407.0,753.0)
(407.0,753.0)
(407.0,753.0)
(407.0,753.0)
(407.0,753.0)
(407.0,753.0)
(407.0,753.0)
(407.0,753.0)
(407.0,753.0)
(407.0,753.0)
(407.0,753.0)
(407.0,753.0)
(407.0,753.0)
(407.0,753.0)
(407.0,753.0)
(407.0,753.0)
(407.0,753.0)
(407.0,753.0)
(407.0,753.0)
(407.0,753.0)
(407.0,753.0)
(407.0,753.0)
(407.0,753.0)
(407.0,753.0)
(407.0,753.0)
(407.0,753.0)
(407.0,753.0)
(407.0,753.0)
(407.0,753.0)
(407.0,753.0)
(407.0,753.0)
(407.0,753.0)
(407.0,753.0)
(407.0,753.0)
(407.0,753.0)
(407.0,753.0)
(407.0,753.0)
(407.0,753.0)
(407.0,753.0)
(407.0,753.0)
(407.0,753.0)
(407.0,753.0)
(407.0,753.0)
(407.0,753.0)
(407.0,753.0)
(407.0,753.0)
(407.0,753.0)
(407.0,753.0)
(407.0,753.0)
(407.0,753.0)
(407.0,753.0)
(407.0,753.0)
(407.0,753.0)
(407.0,753.0)
(407.0,753.0)
(407.0,753.0)
(407.0,753.0)
(407.0,753.0)
(407.0,753.0)
(407.0,753.0)
(407.0,753.0)
(407.0,753.0)
(407.0,753.0)
(407.0,753.0)
(407.0,753.0)
(407.0,753.0)
(407.0,753.0)
(407.0,753.0)
(407.0,753.0)
(407.0,753.0)
(407.0,753.0)
(407.0,753.0)
(407.0,753.0)
(407.0,753.0)
(407.0,753.0)
(407.0,753.0)
(407.0,753.0)
(407.0,753.0)
(407.0,753.0)
(407.0,753.0)
(407.0,753.0)
(407.0,753.0)
(407.0,753.0)
(407.0,753.0)
(407.0,753.0)
(407.0,753.0)
(407.0,753.0)
(407.0,753.0)
(407.0,753.0)
(407.0,753.0)
(407.0,753.0)
(407.0,753.0)
(407.0,753.0)
(407.0,753.0)
(407.0,753.0)
(407.0,753.0)
(407.0,753.0)
(407.0,753.0)
(407.0,753.0)
(407.0,753.0)
(407.0,753.0)
(407.0,753.0)
(407.0,753.0)
(407.0,753.0)
(407.0,753.0)
(407.0,753.0)
(407.0,753.0)
(407.0,753.0)
(407.0,753.0)
(407.0,753.0)
(407.0,753.0)
(407.0,753.0)
(407.0,753.0)
(407.0,753.0)
(407.0,753.0)
(407.0,753.0)
(407.0,753.0)
(407.0,753.0)
(407.0,753.0)
(407.0,753.0)
(407.0,753.0)
(407.0,753.0)
(407.0,753.0)
(407.0,753.0)
(407.0,753.0)
(407.0,753.0)
(407.0,753.0)
(407.0,753.0)
(407.0,753.0)
(407.0,753.0)
(407.0,753.0)
(407.0,753.0)
(407.0,753.0)
(407.0,753.0)
(407.0,753.0)
(407.0,753.0)
(407.0,753.0)
(407.0,753.0)
(407.0,753.0)
(407.0,753.0)
(407.0,753.0)
(407.0,753.0)
(407.0,753.0)
(407.0,753.0)
(407.0,753.0)
(407.0,753.0)
(407.0,753.0)
(407.0,753.0)
(407.0,753.0)
(407.0,753.0)
(407.0,753.0)
(407.0,753.0)
(407.0,753.0)
(407.0,753.0)
(407.0,753.0)
(407.0,753.0)
(407.0,753.0)
(407.0,753.0)
(407.0,753.0)
(407.0,753.0)
(407.0,753.0)
(407.0,753.0)
(407.0,753.0)
(407.0,753.0)
(407.0,753.0)
(455.0,753.0)
(404.0,753.0)
(417.0,753.0)
(417.0,753.0)
(407.0,753.0)
(417.0,753.0)
(416.0,753.0)
(365.0,753.0)
(417.0,753.0)
(455.0,753.0)
(365.0,753.0)
(407.0,753.0)
(407.0,753.0)
(404.0,753.0)
(417.0,753.0)
(417.0,753.0)
(417.0,753.0)
(417.0,753.0)
(417.0,753.0)
(417.0,753.0)
(417.0,753.0)
(435.0,753.0)
(417.0,753.0)
(404.0,753.0)
(455.0,753.0)
(417.0,753.0)
(407.0,753.0)
(455.0,753.0)
(365.0,753.0)
(455.0,753.0)
(417.0,753.0)
(365.0,753.0)
(417.0,753.0)
(407.0,753.0)
(455.0,753.0)
(417.0,753.0)
(387.0,753.0)
(417.0,753.0)
(455.0,753.0)
(407.0,753.0)
(417.0,753.0)
(417.0,753.0)
(435.0,753.0)
(416.0,753.0)
(413.0,753.0)
(417.0,753.0)
(365.0,753.0)
(417.0,753.0)
(417.0,753.0)
(435.0,753.0)
(435.0,753.0)
(417.0,753.0)
(404.0,753.0)
(417.0,753.0)
(435.0,753.0)
(417.0,753.0)
(455.0,753.0)
(455.0,753.0)
(407.0,753.0)
(416.0,753.0)
(417.0,753.0)
(417.0,753.0)
(743.0,753.0)
(455.0,753.0)
(417.0,753.0)
(417.0,753.0)
(455.0,753.0)
(101.0,753.0)
(417.0,753.0)
(732.0,753.0)
(417.0,753.0)
(455.0,753.0)
(417.0,753.0)
(435.0,753.0)
(407.0,753.0)
(455.0,753.0)
(407.0,753.0)
(417.0,753.0)
(417.0,753.0)
(455.0,753.0)
(455.0,753.0)
(743.0,753.0)
(404.0,753.0)
(417.0,753.0)
(455.0,753.0)
(407.0,753.0)
(455.0,753.0)
(407.0,753.0)
(416.0,753.0)
(376.0,753.0)
(417.0,753.0)
(455.0,753.0)
(417.0,753.0)
(417.0,753.0)
(455.0,753.0)
(417.0,753.0)
(455.0,753.0)
(417.0,753.0)
(417.0,753.0)
(417.0,753.0)
(417.0,753.0)
(406.0,753.0)
(407.0,753.0)
(417.0,753.0)
(407.0,753.0)
(417.0,753.0)
(417.0,753.0)
(455.0,753.0)
(417.0,753.0)
(121.0,753.0)
(417.0,753.0)
(417.0,753.0)
(417.0,753.0)
(365.0,753.0)
(365.0,753.0)
(365.0,753.0)
(435.0,753.0)
(417.0,753.0)
(455.0,753.0)
(417.0,753.0)
(365.0,753.0)
(455.0,753.0)
(417.0,753.0)
(455.0,753.0)
(404.0,753.0)
(416.0,753.0)
(455.0,753.0)
(455.0,753.0)
(417.0,753.0)
(417.0,753.0)
(435.0,753.0)
(435.0,753.0)
(455.0,753.0)
(417.0,753.0)
(407.0,753.0)
(455.0,753.0)
(455.0,753.0)
(365.0,753.0)
(407.0,753.0)
(455.0,753.0)
(417.0,753.0)
(365.0,753.0)
(406.0,753.0)
(417.0,753.0)
(417.0,753.0)
(743.0,753.0)
(417.0,753.0)
(365.0,753.0)
(417.0,753.0)
(417.0,753.0)
(374.0,753.0)
(417.0,753.0)
(435.0,753.0)
(455.0,753.0)
(43.0,753.0)
(417.0,753.0)
(417.0,753.0)
(417.0,753.0)
(455.0,753.0)
(417.0,753.0)
(417.0,753.0)
(455.0,753.0)
(417.0,753.0)
(417.0,753.0)
(455.0,753.0)
(416.0,753.0)
(417.0,753.0)
(417.0,753.0)
(475.0,753.0)
(417.0,753.0)
(417.0,753.0)
(435.0,753.0)
(417.0,753.0)
(417.0,753.0)
(417.0,753.0)
(455.0,753.0)
(407.0,753.0)
(365.0,753.0)
(417.0,753.0)
(417.0,753.0)
(417.0,753.0)
(455.0,753.0)
(486.0,753.0)
(455.0,753.0)
(407.0,753.0)
(455.0,753.0)
(455.0,753.0)
(417.0,753.0)
(417.0,753.0)
(404.0,753.0)
(417.0,753.0)
(417.0,753.0)
(417.0,753.0)
(404.0,753.0)
(455.0,753.0)
(417.0,753.0)
(407.0,753.0)
(417.0,753.0)
(455.0,753.0)
(455.0,753.0)
(455.0,753.0)
(455.0,753.0)
(455.0,753.0)
(455.0,753.0)
(455.0,753.0)
(455.0,753.0)
(455.0,753.0)
(455.0,753.0)
(455.0,753.0)
(455.0,753.0)
(455.0,753.0)
(455.0,753.0)
(455.0,753.0)
(455.0,753.0)
(455.0,753.0)
(455.0,753.0)
(455.0,753.0)
(455.0,753.0)
(455.0,753.0)
(455.0,753.0)
(455.0,753.0)
(455.0,753.0)
(455.0,753.0)
(455.0,753.0)
(455.0,753.0)
(455.0,753.0)
(455.0,753.0)
(455.0,753.0)
(455.0,753.0)
(455.0,753.0)
(455.0,753.0)
(455.0,753.0)
(455.0,753.0)
(455.0,753.0)
(455.0,753.0)
(455.0,753.0)
(455.0,753.0)
(455.0,753.0)
(455.0,753.0)
(455.0,753.0)
(455.0,753.0)
(455.0,753.0)
(455.0,753.0)
(455.0,753.0)
(455.0,753.0)
(455.0,753.0)
(455.0,753.0)
(455.0,753.0)
(455.0,753.0)
(455.0,753.0)
(455.0,753.0)
(455.0,753.0)
(455.0,753.0)
(455.0,753.0)
(455.0,753.0)
(455.0,753.0)
(455.0,753.0)
(455.0,753.0)
(455.0,753.0)
(455.0,753.0)
(455.0,753.0)
(455.0,753.0)
(455.0,753.0)
(455.0,753.0)
(455.0,753.0)
(455.0,753.0)
(455.0,753.0)
(455.0,753.0)
(455.0,753.0)
(455.0,753.0)
(455.0,753.0)
(455.0,753.0)
(455.0,753.0)
(455.0,753.0)
(455.0,753.0)
(455.0,753.0)
(455.0,753.0)
(455.0,753.0)
(455.0,753.0)
(455.0,753.0)
(455.0,753.0)
(455.0,753.0)
(455.0,753.0)
(455.0,753.0)
(455.0,753.0)
(455.0,753.0)
(455.0,753.0)
(455.0,753.0)
(455.0,753.0)
(455.0,753.0)
(455.0,753.0)
(455.0,753.0)
(455.0,753.0)
(455.0,753.0)
(455.0,753.0)
(455.0,753.0)
(455.0,753.0)
(455.0,753.0)
(455.0,753.0)
(455.0,753.0)
(455.0,753.0)
(455.0,753.0)
(455.0,753.0)
(455.0,753.0)
(455.0,753.0)
(455.0,753.0)
(455.0,753.0)
(455.0,753.0)
(455.0,753.0)
(455.0,753.0)
(455.0,753.0)
(455.0,753.0)
(455.0,753.0)
(455.0,753.0)
(455.0,753.0)
(455.0,753.0)
(455.0,753.0)
(455.0,753.0)
(455.0,753.0)
(455.0,753.0)
(455.0,753.0)
(455.0,753.0)
(455.0,753.0)
(455.0,753.0)
(455.0,753.0)
(455.0,753.0)
(455.0,753.0)
(455.0,753.0)
(455.0,753.0)
(455.0,753.0)
(455.0,753.0)
(455.0,753.0)
(455.0,753.0)
(455.0,753.0)
(455.0,753.0)
(455.0,753.0)
(455.0,753.0)
(455.0,753.0)
(455.0,753.0)
(455.0,753.0)
(455.0,753.0)
(455.0,753.0)
(455.0,753.0)
(455.0,753.0)
(455.0,753.0)
(455.0,753.0)
(455.0,753.0)
(455.0,753.0)
(455.0,753.0)
(455.0,753.0)
(455.0,753.0)
(455.0,753.0)
(455.0,753.0)
(455.0,753.0)
(455.0,753.0)
(455.0,753.0)
(455.0,753.0)
(455.0,753.0)
(455.0,753.0)
(455.0,753.0)
(455.0,753.0)
(455.0,753.0)
(455.0,753.0)
(455.0,753.0)
(455.0,753.0)
(455.0,753.0)
(455.0,753.0)
(455.0,753.0)
(455.0,753.0)
(455.0,753.0)
(455.0,753.0)
(455.0,753.0)
(455.0,753.0)
(455.0,753.0)
(455.0,753.0)
(455.0,753.0)
(455.0,753.0)
(455.0,753.0)
(455.0,753.0)
(455.0,753.0)
(455.0,753.0)
(455.0,753.0)
(455.0,753.0)
(455.0,753.0)
(455.0,753.0)
(455.0,753.0)
(455.0,753.0)
(455.0,753.0)
(455.0,753.0)
(455.0,753.0)
(455.0,753.0)
(455.0,753.0)
(455.0,753.0)
(455.0,753.0)
(455.0,753.0)
(455.0,753.0)
(455.0,753.0)
(455.0,753.0)
(417.0,753.0)
(455.0,753.0)
(75.0,753.0)
(455.0,753.0)
(417.0,753.0)
(455.0,753.0)
(455.0,753.0)
(455.0,753.0)
(455.0,753.0)
(455.0,753.0)
(455.0,753.0)
(455.0,753.0)
(455.0,753.0)
(455.0,753.0)
(455.0,753.0)
(455.0,753.0)
(455.0,753.0)
(455.0,753.0)
(417.0,753.0)
(455.0,753.0)
(455.0,753.0)
(417.0,753.0)
(455.0,753.0)
(455.0,753.0)
(455.0,753.0)
(455.0,753.0)
(455.0,753.0)
(455.0,753.0)
(455.0,753.0)
(455.0,753.0)
(455.0,753.0)
(417.0,753.0)
(455.0,753.0)
(455.0,753.0)
(455.0,753.0)
(455.0,753.0)
(455.0,753.0)
(455.0,753.0)
(417.0,753.0)
(455.0,753.0)
(455.0,753.0)
(455.0,753.0)
(455.0,753.0)
(417.0,753.0)
(455.0,753.0)
(455.0,753.0)
(417.0,753.0)
(455.0,753.0)
(455.0,753.0)
(455.0,753.0)
(455.0,753.0)
(455.0,753.0)
(455.0,753.0)
(455.0,753.0)
(455.0,753.0)
(455.0,753.0)
(455.0,753.0)
(417.0,753.0)
(455.0,753.0)
(455.0,753.0)
(455.0,753.0)
(455.0,753.0)
(455.0,753.0)
(455.0,753.0)
(417.0,753.0)
(455.0,753.0)
(455.0,753.0)
(455.0,753.0)
(455.0,753.0)
(455.0,753.0)
(455.0,753.0)
(455.0,753.0)
(455.0,753.0)
(455.0,753.0)
(455.0,753.0)
(455.0,753.0)
(455.0,753.0)
(455.0,753.0)
(455.0,753.0)
(455.0,753.0)
(455.0,753.0)
(417.0,753.0)
(455.0,753.0)
(455.0,753.0)
(455.0,753.0)
(455.0,753.0)
(455.0,753.0)
(417.0,753.0)
(455.0,753.0)
(417.0,753.0)
(455.0,753.0)
(455.0,753.0)
(455.0,753.0)
(455.0,753.0)
(455.0,753.0)
(455.0,753.0)
(417.0,753.0)
(455.0,753.0)
(455.0,753.0)
(455.0,753.0)
(455.0,753.0)
(455.0,753.0)
(455.0,753.0)
(417.0,753.0)
(455.0,753.0)
(455.0,753.0)
(455.0,753.0)
(455.0,753.0)
(455.0,753.0)
(455.0,753.0)
(417.0,753.0)
(455.0,753.0)
(417.0,753.0)
(455.0,753.0)
(455.0,753.0)
(455.0,753.0)
(455.0,753.0)
(455.0,753.0)
(455.0,753.0)
(455.0,753.0)
(455.0,753.0)
(455.0,753.0)
(455.0,753.0)
(455.0,753.0)
(455.0,753.0)
(455.0,753.0)
(455.0,753.0)
(455.0,753.0)
(455.0,753.0)
(417.0,753.0)
(455.0,753.0)
(455.0,753.0)
(455.0,753.0)
(455.0,753.0)
(455.0,753.0)
(455.0,753.0)
(455.0,753.0)
(455.0,753.0)
(455.0,753.0)
(455.0,753.0)
(455.0,753.0)
(455.0,753.0)
(455.0,753.0)
(455.0,753.0)
(455.0,753.0)
(455.0,753.0)
(455.0,753.0)
(455.0,753.0)
(417.0,753.0)
(455.0,753.0)
(455.0,753.0)
(455.0,753.0)
(455.0,753.0)
(455.0,753.0)
(417.0,753.0)
(455.0,753.0)
(455.0,753.0)
(455.0,753.0)
(455.0,753.0)
(455.0,753.0)
(75.0,753.0)
(455.0,753.0)
(455.0,753.0)
(455.0,753.0)
(455.0,753.0)
(455.0,753.0)
(455.0,753.0)
(455.0,753.0)
(417.0,753.0)
(455.0,753.0)
(455.0,753.0)
(455.0,753.0)
(455.0,753.0)
(455.0,753.0)
(455.0,753.0)
(455.0,753.0)
(417.0,753.0)
(455.0,753.0)
(455.0,753.0)
(75.0,753.0)
(455.0,753.0)
(455.0,753.0)
(455.0,753.0)
(455.0,753.0)
(455.0,753.0)
(455.0,753.0)
(455.0,753.0)
(455.0,753.0)
(417.0,753.0)
(455.0,753.0)
(417.0,753.0)
(455.0,753.0)
(455.0,753.0)
(417.0,753.0)
(455.0,753.0)
(455.0,753.0)
(435.0,753.0)
(417.0,753.0)
(465.0,753.0)
(435.0,753.0)
(374.0,753.0)
(435.0,753.0)
(376.0,753.0)
(365.0,753.0)
(406.0,753.0)
(365.0,753.0)
(435.0,753.0)
(435.0,753.0)
(365.0,753.0)
(376.0,753.0)
(365.0,753.0)
(365.0,753.0)
(404.0,753.0)
(455.0,753.0)
(455.0,753.0)
(365.0,753.0)
(435.0,753.0)
(365.0,753.0)
(435.0,753.0)
(365.0,753.0)
(435.0,753.0)
(376.0,753.0)
(435.0,753.0)
(365.0,753.0)
(462.0,753.0)
(376.0,753.0)
(365.0,753.0)
(376.0,753.0)
(376.0,753.0)
(435.0,753.0)
(417.0,753.0)
(435.0,753.0)
(407.0,753.0)
(365.0,753.0)
(376.0,753.0)
(365.0,753.0)
(435.0,753.0)
(404.0,753.0)
(365.0,753.0)
(435.0,753.0)
(435.0,753.0)
(404.0,753.0)
(435.0,753.0)
(404.0,753.0)
(365.0,753.0)
(435.0,753.0)
(435.0,753.0)
(435.0,753.0)
(435.0,753.0)
(435.0,753.0)
(435.0,753.0)
(435.0,753.0)
(435.0,753.0)
(455.0,753.0)
(753.0,753.0)
(404.0,753.0)
(786.0,753.0)
(435.0,753.0)
(455.0,753.0)
(435.0,753.0)
(376.0,753.0)
(365.0,753.0)
(365.0,753.0)
(374.0,753.0)
(435.0,753.0)
(435.0,753.0)
(435.0,753.0)
(435.0,753.0)
(376.0,753.0)
(75.0,753.0)
(435.0,753.0)
(121.0,753.0)
(435.0,753.0)
(435.0,753.0)
(376.0,753.0)
(435.0,753.0)
(404.0,753.0)
(406.0,753.0)
(435.0,753.0)
(376.0,753.0)
(365.0,753.0)
(435.0,753.0)
(374.0,753.0)
(417.0,753.0)
(417.0,753.0)
(365.0,753.0)
(465.0,753.0)
(435.0,753.0)
(376.0,753.0)
(435.0,753.0)
(365.0,753.0)
(435.0,753.0)
(365.0,753.0)
(376.0,753.0)
(435.0,753.0)
(435.0,753.0)
(743.0,753.0)
(376.0,753.0)
(365.0,753.0)
(376.0,753.0)
(435.0,753.0)
(435.0,753.0)
(435.0,753.0)
(435.0,753.0)
(365.0,753.0)
(435.0,753.0)
(435.0,753.0)
(435.0,753.0)
(435.0,753.0)
(435.0,753.0)
(365.0,753.0)
(435.0,753.0)
(435.0,753.0)
(376.0,753.0)
(417.0,753.0)
(435.0,753.0)
(376.0,753.0)
(407.0,753.0)
(435.0,753.0)
(365.0,753.0)
(376.0,753.0)
(404.0,753.0)
(435.0,753.0)
(374.0,753.0)
(413.0,753.0)
(365.0,753.0)
(404.0,753.0)
(406.0,753.0)
(455.0,753.0)
(365.0,753.0)
(406.0,753.0)
(365.0,753.0)
(365.0,753.0)
(404.0,753.0)
(365.0,753.0)
(404.0,753.0)
(376.0,753.0)
(376.0,753.0)
(404.0,753.0)
(404.0,753.0)
(365.0,753.0)
(365.0,753.0)
(365.0,753.0)
(376.0,753.0)
(376.0,753.0)
(365.0,753.0)
(365.0,753.0)
(406.0,753.0)
(435.0,753.0)
(435.0,753.0)
(435.0,753.0)
(376.0,753.0)
(365.0,753.0)
(404.0,753.0)
(365.0,753.0)
(435.0,753.0)
(417.0,753.0)
(365.0,753.0)
(435.0,753.0)
(435.0,753.0)
(435.0,753.0)
(435.0,753.0)
(435.0,753.0)
(376.0,753.0)
(121.0,753.0)
(455.0,753.0)
(404.0,753.0)
(404.0,753.0)
(376.0,753.0)
(435.0,753.0)
(435.0,753.0)
(435.0,753.0)
(435.0,753.0)
(404.0,753.0)
(435.0,753.0)
(376.0,753.0)
(365.0,753.0)
(435.0,753.0)
(101.0,753.0)
(435.0,753.0)
(365.0,753.0)
(435.0,753.0)
(435.0,753.0)
(376.0,753.0)
(374.0,753.0)
(406.0,753.0)
(376.0,753.0)
(376.0,753.0)
(376.0,753.0)
(376.0,753.0)
(376.0,753.0)
(376.0,753.0)
(376.0,753.0)
(376.0,753.0)
(376.0,753.0)
(376.0,753.0)
(376.0,753.0)
(376.0,753.0)
(376.0,753.0)
(376.0,753.0)
(376.0,753.0)
(376.0,753.0)
(376.0,753.0)
(376.0,753.0)
(376.0,753.0)
(376.0,753.0)
(376.0,753.0)
(376.0,753.0)
(376.0,753.0)
(376.0,753.0)
(376.0,753.0)
(376.0,753.0)
(376.0,753.0)
(376.0,753.0)
(376.0,753.0)
(376.0,753.0)
(376.0,753.0)
(376.0,753.0)
(376.0,753.0)
(376.0,753.0)
(376.0,753.0)
(376.0,753.0)
(376.0,753.0)
(376.0,753.0)
(376.0,753.0)
(376.0,753.0)
(376.0,753.0)
(376.0,753.0)
(376.0,753.0)
(376.0,753.0)
(376.0,753.0)
(376.0,753.0)
(376.0,753.0)
(376.0,753.0)
(376.0,753.0)
(376.0,753.0)
(376.0,753.0)
(376.0,753.0)
(376.0,753.0)
(376.0,753.0)
(376.0,753.0)
(376.0,753.0)
(376.0,753.0)
(376.0,753.0)
(376.0,753.0)
(376.0,753.0)
(376.0,753.0)
(376.0,753.0)
(376.0,753.0)
(376.0,753.0)
(376.0,753.0)
(376.0,753.0)
(376.0,753.0)
(376.0,753.0)
(376.0,753.0)
(376.0,753.0)
(376.0,753.0)
(376.0,753.0)
(376.0,753.0)
(376.0,753.0)
(376.0,753.0)
(376.0,753.0)
(376.0,753.0)
(376.0,753.0)
(376.0,753.0)
(376.0,753.0)
(376.0,753.0)
(376.0,753.0)
(376.0,753.0)
(376.0,753.0)
(376.0,753.0)
(376.0,753.0)
(376.0,753.0)
(376.0,753.0)
(376.0,753.0)
(376.0,753.0)
(376.0,753.0)
(376.0,753.0)
(376.0,753.0)
(376.0,753.0)
(376.0,753.0)
(376.0,753.0)
(376.0,753.0)
(376.0,753.0)
(376.0,753.0)
(376.0,753.0)
(376.0,753.0)
(376.0,753.0)
(376.0,753.0)
(376.0,753.0)
(376.0,753.0)
(376.0,753.0)
(376.0,753.0)
(376.0,753.0)
(376.0,753.0)
(376.0,753.0)
(376.0,753.0)
(376.0,753.0)
(376.0,753.0)
(376.0,753.0)
(376.0,753.0)
(376.0,753.0)
(376.0,753.0)
(376.0,753.0)
(376.0,753.0)
(376.0,753.0)
(376.0,753.0)
(376.0,753.0)
(376.0,753.0)
(376.0,753.0)
(376.0,753.0)
(376.0,753.0)
(376.0,753.0)
(376.0,753.0)
(376.0,753.0)
(376.0,753.0)
(376.0,753.0)
(376.0,753.0)
(376.0,753.0)
(376.0,753.0)
(376.0,753.0)
(376.0,753.0)
(376.0,753.0)
(376.0,753.0)
(376.0,753.0)
(376.0,753.0)
(376.0,753.0)
(376.0,753.0)
(376.0,753.0)
(376.0,753.0)
(376.0,753.0)
(376.0,753.0)
(376.0,753.0)
(376.0,753.0)
(376.0,753.0)
(376.0,753.0)
(376.0,753.0)
(376.0,753.0)
(376.0,753.0)
(376.0,753.0)
(376.0,753.0)
(376.0,753.0)
(376.0,753.0)
(376.0,753.0)
(376.0,753.0)
(376.0,753.0)
(376.0,753.0)
(376.0,753.0)
(376.0,753.0)
(376.0,753.0)
(376.0,753.0)
(376.0,753.0)
(376.0,753.0)
(376.0,753.0)
(376.0,753.0)
(376.0,753.0)
(376.0,753.0)
(376.0,753.0)
(376.0,753.0)
(376.0,753.0)
(376.0,753.0)
(376.0,753.0)
(376.0,753.0)
(376.0,753.0)
(376.0,753.0)
(376.0,753.0)
(376.0,753.0)
(376.0,753.0)
(376.0,753.0)
(376.0,753.0)
(376.0,753.0)
(376.0,753.0)
(376.0,753.0)
(376.0,753.0)
(376.0,753.0)
(376.0,753.0)
(376.0,753.0)
(376.0,753.0)
(376.0,753.0)
(376.0,753.0)
(376.0,753.0)
(376.0,753.0)
(376.0,753.0)
(376.0,753.0)
(376.0,753.0)
(376.0,753.0)
(376.0,753.0)
(376.0,753.0)
(455.0,753.0)
(455.0,753.0)
(455.0,753.0)
(455.0,753.0)
(455.0,753.0)
(455.0,753.0)
(455.0,753.0)
(455.0,753.0)
(455.0,753.0)
(455.0,753.0)
(455.0,753.0)
(455.0,753.0)
(455.0,753.0)
(455.0,753.0)
(455.0,753.0)
(455.0,753.0)
(455.0,753.0)
(455.0,753.0)
(455.0,753.0)
(455.0,753.0)
(455.0,753.0)
(455.0,753.0)
(455.0,753.0)
(455.0,753.0)
(455.0,753.0)
(455.0,753.0)
(455.0,753.0)
(455.0,753.0)
(455.0,753.0)
(455.0,753.0)
(455.0,753.0)
(455.0,753.0)
(455.0,753.0)
(455.0,753.0)
(455.0,753.0)
(455.0,753.0)
(455.0,753.0)
(455.0,753.0)
(455.0,753.0)
(455.0,753.0)
(455.0,753.0)
(455.0,753.0)
(455.0,753.0)
(455.0,753.0)
(455.0,753.0)
(455.0,753.0)
(455.0,753.0)
(455.0,753.0)
(455.0,753.0)
(455.0,753.0)
(455.0,753.0)
(455.0,753.0)
(455.0,753.0)
(455.0,753.0)
(455.0,753.0)
(455.0,753.0)
(455.0,753.0)
(455.0,753.0)
(455.0,753.0)
(455.0,753.0)
(455.0,753.0)
(455.0,753.0)
(455.0,753.0)
(455.0,753.0)
(455.0,753.0)
(455.0,753.0)
(455.0,753.0)
(455.0,753.0)
(455.0,753.0)
(455.0,753.0)
(455.0,753.0)
(455.0,753.0)
(455.0,753.0)
(455.0,753.0)
(455.0,753.0)
(455.0,753.0)
(455.0,753.0)
(455.0,753.0)
(455.0,753.0)
(455.0,753.0)
(455.0,753.0)
(455.0,753.0)
(455.0,753.0)
(455.0,753.0)
(455.0,753.0)
(455.0,753.0)
(455.0,753.0)
(455.0,753.0)
(455.0,753.0)
(455.0,753.0)
(455.0,753.0)
(455.0,753.0)
(455.0,753.0)
(455.0,753.0)
(455.0,753.0)
(455.0,753.0)
(455.0,753.0)
(455.0,753.0)
(455.0,753.0)
(455.0,753.0)
(455.0,753.0)
(455.0,753.0)
(455.0,753.0)
(455.0,753.0)
(455.0,753.0)
(455.0,753.0)
(455.0,753.0)
(455.0,753.0)
(455.0,753.0)
(455.0,753.0)
(455.0,753.0)
(455.0,753.0)
(455.0,753.0)
(455.0,753.0)
(455.0,753.0)
(455.0,753.0)
(455.0,753.0)
(455.0,753.0)
(455.0,753.0)
(455.0,753.0)
(455.0,753.0)
(455.0,753.0)
(455.0,753.0)
(455.0,753.0)
(455.0,753.0)
(455.0,753.0)
(455.0,753.0)
(455.0,753.0)
(455.0,753.0)
(455.0,753.0)
(455.0,753.0)
(455.0,753.0)
(455.0,753.0)
(455.0,753.0)
(455.0,753.0)
(455.0,753.0)
(455.0,753.0)
(455.0,753.0)
(455.0,753.0)
(455.0,753.0)
(455.0,753.0)
(455.0,753.0)
(455.0,753.0)
(455.0,753.0)
(455.0,753.0)
(455.0,753.0)
(455.0,753.0)
(455.0,753.0)
(455.0,753.0)
(455.0,753.0)
(455.0,753.0)
(455.0,753.0)
(455.0,753.0)
(455.0,753.0)
(455.0,753.0)
(455.0,753.0)
(455.0,753.0)
(455.0,753.0)
(455.0,753.0)
(455.0,753.0)
(455.0,753.0)
(455.0,753.0)
(455.0,753.0)
(455.0,753.0)
(455.0,753.0)
(455.0,753.0)
(455.0,753.0)
(455.0,753.0)
(455.0,753.0)
(455.0,753.0)
(455.0,753.0)
(455.0,753.0)
(455.0,753.0)
(455.0,753.0)
(455.0,753.0)
(455.0,753.0)
(455.0,753.0)
(455.0,753.0)
(455.0,753.0)
(455.0,753.0)
(455.0,753.0)
(455.0,753.0)
(455.0,753.0)
(455.0,753.0)
(455.0,753.0)
(455.0,753.0)
(455.0,753.0)
(455.0,753.0)
(455.0,753.0)
(455.0,753.0)
(455.0,753.0)
(455.0,753.0)
(455.0,753.0)
(455.0,753.0)
(455.0,753.0)
(455.0,753.0)
(455.0,753.0)
(455.0,753.0)
(455.0,753.0)
(455.0,753.0)
(387.0,753.0)
(435.0,753.0)
(435.0,753.0)
(435.0,753.0)
(376.0,753.0)
(435.0,753.0)
(365.0,753.0)
(435.0,753.0)
(404.0,753.0)
(435.0,753.0)
(365.0,753.0)
(435.0,753.0)
(435.0,753.0)
(365.0,753.0)
(404.0,753.0)
(365.0,753.0)
(413.0,753.0)
(376.0,753.0)
(376.0,753.0)
(365.0,753.0)
(435.0,753.0)
(376.0,753.0)
(413.0,753.0)
(435.0,753.0)
(435.0,753.0)
(435.0,753.0)
(435.0,753.0)
(435.0,753.0)
(435.0,753.0)
(376.0,753.0)
(435.0,753.0)
(376.0,753.0)
(404.0,753.0)
(435.0,753.0)
(413.0,753.0)
(374.0,753.0)
(435.0,753.0)
(406.0,753.0)
(365.0,753.0)
(376.0,753.0)
(435.0,753.0)
(365.0,753.0)
(743.0,753.0)
(435.0,753.0)
(365.0,753.0)
(376.0,753.0)
(435.0,753.0)
(376.0,753.0)
(435.0,753.0)
(413.0,753.0)
(365.0,753.0)
(435.0,753.0)
(406.0,753.0)
(365.0,753.0)
(455.0,753.0)
(413.0,753.0)
(406.0,753.0)
(376.0,753.0)
(374.0,753.0)
(435.0,753.0)
(376.0,753.0)
(435.0,753.0)
(435.0,753.0)
(365.0,753.0)
(365.0,753.0)
(435.0,753.0)
(435.0,753.0)
(435.0,753.0)
(435.0,753.0)
(435.0,753.0)
(435.0,753.0)
(435.0,753.0)
(435.0,753.0)
(435.0,753.0)
(435.0,753.0)
(417.0,753.0)
(376.0,753.0)
(435.0,753.0)
(435.0,753.0)
(376.0,753.0)
(435.0,753.0)
(435.0,753.0)
(377.0,753.0)
(435.0,753.0)
(404.0,753.0)
(435.0,753.0)
(404.0,753.0)
(376.0,753.0)
(406.0,753.0)
(406.0,753.0)
(455.0,753.0)
(435.0,753.0)
(753.0,753.0)
(435.0,753.0)
(413.0,753.0)
(435.0,753.0)
(435.0,753.0)
(365.0,753.0)
(435.0,753.0)
(435.0,753.0)
(435.0,753.0)
(435.0,753.0)
(374.0,753.0)
(365.0,753.0)
(365.0,753.0)
(455.0,753.0)
(435.0,753.0)
(435.0,753.0)
(435.0,753.0)
(435.0,753.0)
(435.0,753.0)
(365.0,753.0)
(365.0,753.0)
(435.0,753.0)
(404.0,753.0)
(435.0,753.0)
(404.0,753.0)
(435.0,753.0)
(435.0,753.0)
(435.0,753.0)
(435.0,753.0)
(365.0,753.0)
(365.0,753.0)
(376.0,753.0)
(374.0,753.0)
(435.0,753.0)
(406.0,753.0)
(365.0,753.0)
(435.0,753.0)
(365.0,753.0)
(417.0,753.0)
(365.0,753.0)
(435.0,753.0)
(376.0,753.0)
(376.0,753.0)
(374.0,753.0)
(435.0,753.0)
(435.0,753.0)
(435.0,753.0)
(376.0,753.0)
(435.0,753.0)
(374.0,753.0)
(406.0,753.0)
(376.0,753.0)
(374.0,753.0)
(435.0,753.0)
(374.0,753.0)
(365.0,753.0)
(809.0,753.0)
(365.0,753.0)
(376.0,753.0)
(406.0,753.0)
(435.0,753.0)
(435.0,753.0)
(365.0,753.0)
(374.0,753.0)
(435.0,753.0)
(743.0,753.0)
(365.0,753.0)
(406.0,753.0)
(406.0,753.0)
(387.0,753.0)
(365.0,753.0)
(435.0,753.0)
(374.0,753.0)
(435.0,753.0)
(404.0,753.0)
(387.0,753.0)
(376.0,753.0)
(435.0,753.0)
(435.0,753.0)
(455.0,753.0)
(455.0,753.0)
(455.0,753.0)
(455.0,753.0)
(455.0,753.0)
(455.0,753.0)
(455.0,753.0)
(455.0,753.0)
(455.0,753.0)
(455.0,753.0)
(455.0,753.0)
(455.0,753.0)
(455.0,753.0)
(455.0,753.0)
(455.0,753.0)
(455.0,753.0)
(455.0,753.0)
(455.0,753.0)
(455.0,753.0)
(455.0,753.0)
(455.0,753.0)
(455.0,753.0)
(455.0,753.0)
(455.0,753.0)
(455.0,753.0)
(455.0,753.0)
(455.0,753.0)
(455.0,753.0)
(455.0,753.0)
(455.0,753.0)
(455.0,753.0)
(455.0,753.0)
(455.0,753.0)
(455.0,753.0)
(455.0,753.0)
(455.0,753.0)
(455.0,753.0)
(455.0,753.0)
(455.0,753.0)
(455.0,753.0)
(455.0,753.0)
(455.0,753.0)
(455.0,753.0)
(455.0,753.0)
(455.0,753.0)
(455.0,753.0)
(455.0,753.0)
(455.0,753.0)
(455.0,753.0)
(455.0,753.0)
(455.0,753.0)
(455.0,753.0)
(455.0,753.0)
(455.0,753.0)
(455.0,753.0)
(455.0,753.0)
(455.0,753.0)
(455.0,753.0)
(455.0,753.0)
(455.0,753.0)
(455.0,753.0)
(455.0,753.0)
(455.0,753.0)
(455.0,753.0)
(455.0,753.0)
(455.0,753.0)
(455.0,753.0)
(455.0,753.0)
(455.0,753.0)
(455.0,753.0)
(455.0,753.0)
(455.0,753.0)
(455.0,753.0)
(455.0,753.0)
(455.0,753.0)
(455.0,753.0)
(455.0,753.0)
(455.0,753.0)
(455.0,753.0)
(455.0,753.0)
(455.0,753.0)
(455.0,753.0)
(455.0,753.0)
(455.0,753.0)
(455.0,753.0)
(455.0,753.0)
(455.0,753.0)
(455.0,753.0)
(455.0,753.0)
(455.0,753.0)
(455.0,753.0)
(455.0,753.0)
(455.0,753.0)
(455.0,753.0)
(455.0,753.0)
(455.0,753.0)
(455.0,753.0)
(455.0,753.0)
(455.0,753.0)
(455.0,753.0)
(455.0,753.0)
(455.0,753.0)
(455.0,753.0)
(455.0,753.0)
(455.0,753.0)
(455.0,753.0)
(455.0,753.0)
(455.0,753.0)
(455.0,753.0)
(455.0,753.0)
(455.0,753.0)
(455.0,753.0)
(455.0,753.0)
(455.0,753.0)
(455.0,753.0)
(455.0,753.0)
(455.0,753.0)
(455.0,753.0)
(455.0,753.0)
(455.0,753.0)
(455.0,753.0)
(455.0,753.0)
(455.0,753.0)
(455.0,753.0)
(455.0,753.0)
(455.0,753.0)
(455.0,753.0)
(455.0,753.0)
(455.0,753.0)
(455.0,753.0)
(455.0,753.0)
(455.0,753.0)
(455.0,753.0)
(455.0,753.0)
(455.0,753.0)
(455.0,753.0)
(455.0,753.0)
(455.0,753.0)
(455.0,753.0)
(455.0,753.0)
(455.0,753.0)
(455.0,753.0)
(455.0,753.0)
(455.0,753.0)
(455.0,753.0)
(455.0,753.0)
(455.0,753.0)
(455.0,753.0)
(455.0,753.0)
(455.0,753.0)
(455.0,753.0)
(455.0,753.0)
(455.0,753.0)
(455.0,753.0)
(455.0,753.0)
(455.0,753.0)
(455.0,753.0)
(455.0,753.0)
(455.0,753.0)
(455.0,753.0)
(455.0,753.0)
(455.0,753.0)
(455.0,753.0)
(455.0,753.0)
(455.0,753.0)
(455.0,753.0)
(455.0,753.0)
(455.0,753.0)
(455.0,753.0)
(455.0,753.0)
(455.0,753.0)
(455.0,753.0)
(455.0,753.0)
(455.0,753.0)
(455.0,753.0)
(455.0,753.0)
(455.0,753.0)
(455.0,753.0)
(455.0,753.0)
(455.0,753.0)
(455.0,753.0)
(455.0,753.0)
(455.0,753.0)
(455.0,753.0)
(455.0,753.0)
(455.0,753.0)
(455.0,753.0)
(455.0,753.0)
(455.0,753.0)
(455.0,753.0)
(455.0,753.0)
(455.0,753.0)
(455.0,753.0)
(455.0,753.0)
(455.0,753.0)
(455.0,753.0)
(455.0,753.0)
(455.0,753.0)
(455.0,753.0)
(455.0,753.0)
(455.0,753.0)
(455.0,753.0)
(455.0,753.0)
(455.0,753.0)
(455.0,753.0)
(455.0,753.0)
(455.0,753.0)
(455.0,753.0)
(455.0,753.0)
(455.0,753.0)
(455.0,753.0)
(455.0,753.0)
(455.0,753.0)
(455.0,753.0)
(455.0,753.0)
(455.0,753.0)
(455.0,753.0)
(455.0,753.0)
(455.0,753.0)
(455.0,753.0)
(455.0,753.0)
(455.0,753.0)
(455.0,753.0)
(455.0,753.0)
(455.0,753.0)
(455.0,753.0)
(455.0,753.0)
(455.0,753.0)
(455.0,753.0)
(455.0,753.0)
(455.0,753.0)
(455.0,753.0)
(455.0,753.0)
(455.0,753.0)
(455.0,753.0)
(455.0,753.0)
(455.0,753.0)
(455.0,753.0)
(455.0,753.0)
(455.0,753.0)
(455.0,753.0)
(455.0,753.0)
(455.0,753.0)
(455.0,753.0)
(455.0,753.0)
(455.0,753.0)
(455.0,753.0)
(455.0,753.0)
(455.0,753.0)
(455.0,753.0)
(455.0,753.0)
(455.0,753.0)
(455.0,753.0)
(455.0,753.0)
(455.0,753.0)
(455.0,753.0)
(455.0,753.0)
(455.0,753.0)
(455.0,753.0)
(455.0,753.0)
(455.0,753.0)
(455.0,753.0)
(455.0,753.0)
(455.0,753.0)
(455.0,753.0)
(455.0,753.0)
(455.0,753.0)
(455.0,753.0)
(455.0,753.0)
(455.0,753.0)
(455.0,753.0)
(455.0,753.0)
(455.0,753.0)
(455.0,753.0)
(455.0,753.0)
(455.0,753.0)
(455.0,753.0)
(455.0,753.0)
(455.0,753.0)
(455.0,753.0)
(455.0,753.0)
(455.0,753.0)
(455.0,753.0)
(455.0,753.0)
(455.0,753.0)
(455.0,753.0)
(455.0,753.0)
(455.0,753.0)
(455.0,753.0)
(455.0,753.0)
(455.0,753.0)
(455.0,753.0)
(455.0,753.0)
(455.0,753.0)
(455.0,753.0)
(455.0,753.0)
(455.0,753.0)
(455.0,753.0)
(455.0,753.0)
(455.0,753.0)
(455.0,753.0)
(455.0,753.0)
(455.0,753.0)
(455.0,753.0)
(455.0,753.0)
