(17.0,22.0)
(459.0,22.0)
(17.0,22.0)
(13.0,22.0)
(22.0,22.0)
(20.0,22.0)
(17.0,22.0)
(17.0,22.0)
(17.0,22.0)
(17.0,22.0)
(25.0,22.0)
(17.0,22.0)
(17.0,22.0)
(503.0,22.0)
(17.0,22.0)
(25.0,22.0)
(503.0,22.0)
(17.0,22.0)
(503.0,22.0)
(16.0,22.0)
(515.0,22.0)
(515.0,22.0)
(17.0,22.0)
(17.0,22.0)
(17.0,22.0)
(515.0,22.0)
(503.0,22.0)
(17.0,22.0)
(25.0,22.0)
(515.0,22.0)
(503.0,22.0)
(17.0,22.0)
(25.0,22.0)
(20.0,22.0)
(515.0,22.0)
(17.0,22.0)
(515.0,22.0)
(17.0,22.0)
(515.0,22.0)
(16.0,22.0)
(17.0,22.0)
(459.0,22.0)
(503.0,22.0)
(459.0,22.0)
(515.0,22.0)
(515.0,22.0)
(17.0,22.0)
(515.0,22.0)
(511.0,22.0)
(17.0,22.0)
(17.0,22.0)
(20.0,22.0)
(17.0,22.0)
(503.0,22.0)
(17.0,22.0)
(511.0,22.0)
(17.0,22.0)
(515.0,22.0)
(28.0,22.0)
(16.0,22.0)
(17.0,22.0)
(17.0,22.0)
(25.0,22.0)
(17.0,22.0)
(515.0,22.0)
(17.0,22.0)
(515.0,22.0)
(515.0,22.0)
(503.0,22.0)
(17.0,22.0)
(17.0,22.0)
(17.0,22.0)
(25.0,22.0)
(17.0,22.0)
(515.0,22.0)
(515.0,22.0)
(22.0,22.0)
(459.0,22.0)
(17.0,22.0)
(17.0,22.0)
(22.0,22.0)
(16.0,22.0)
(17.0,22.0)
(503.0,22.0)
(17.0,22.0)
(22.0,22.0)
(28.0,22.0)
(515.0,22.0)
(503.0,22.0)
(17.0,22.0)
(503.0,22.0)
(515.0,22.0)
(17.0,22.0)
(515.0,22.0)
(17.0,22.0)
(17.0,22.0)
(17.0,22.0)
(515.0,22.0)
(515.0,22.0)
(22.0,22.0)
(17.0,22.0)
(17.0,22.0)
(417.0,22.0)
(25.0,22.0)
(515.0,22.0)
(515.0,22.0)
(503.0,22.0)
(17.0,22.0)
(17.0,22.0)
(13.0,22.0)
(503.0,22.0)
(17.0,22.0)
(17.0,22.0)
(503.0,22.0)
(515.0,22.0)
(515.0,22.0)
(17.0,22.0)
(17.0,22.0)
(17.0,22.0)
(515.0,22.0)
(17.0,22.0)
(503.0,22.0)
(17.0,22.0)
(17.0,22.0)
(515.0,22.0)
(17.0,22.0)
(29.0,22.0)
(17.0,22.0)
(17.0,22.0)
(17.0,22.0)
(25.0,22.0)
(17.0,22.0)
(503.0,22.0)
(503.0,22.0)
(515.0,22.0)
(515.0,22.0)
(17.0,22.0)
(459.0,22.0)
(17.0,22.0)
(503.0,22.0)
(22.0,22.0)
(20.0,22.0)
(17.0,22.0)
(17.0,22.0)
(17.0,22.0)
(17.0,22.0)
(22.0,22.0)
(17.0,22.0)
(17.0,22.0)
(503.0,22.0)
(17.0,22.0)
(22.0,22.0)
(503.0,22.0)
(17.0,22.0)
(503.0,22.0)
(16.0,22.0)
(515.0,22.0)
(515.0,22.0)
(17.0,22.0)
(17.0,22.0)
(515.0,22.0)
(515.0,22.0)
(503.0,22.0)
(17.0,22.0)
(20.0,22.0)
(515.0,22.0)
(503.0,22.0)
(17.0,22.0)
(503.0,22.0)
(20.0,22.0)
(515.0,22.0)
(17.0,22.0)
(515.0,22.0)
(17.0,22.0)
(515.0,22.0)
(16.0,22.0)
(17.0,22.0)
(459.0,22.0)
(503.0,22.0)
(17.0,22.0)
(515.0,22.0)
(515.0,22.0)
(17.0,22.0)
(515.0,22.0)
(515.0,22.0)
(25.0,22.0)
(17.0,22.0)
(17.0,22.0)
(20.0,22.0)
(17.0,22.0)
(17.0,22.0)
(25.0,22.0)
(17.0,22.0)
(515.0,22.0)
(28.0,22.0)
(17.0,22.0)
(17.0,22.0)
(503.0,22.0)
(508.0,22.0)
(17.0,22.0)
(515.0,22.0)
(17.0,22.0)
(511.0,22.0)
(515.0,22.0)
(503.0,22.0)
(17.0,22.0)
(17.0,22.0)
(18.0,22.0)
(38.0,22.0)
(18.0,22.0)
(433.0,22.0)
(45.0,22.0)
(18.0,22.0)
(354.0,22.0)
(354.0,22.0)
(472.0,22.0)
(447.0,22.0)
(406.0,22.0)
(123.0,22.0)
(25.0,22.0)
(39.0,22.0)
(482.0,22.0)
(31.0,22.0)
(340.0,22.0)
(455.0,22.0)
(38.0,22.0)
(395.0,22.0)
(417.0,22.0)
(37.0,22.0)
(406.0,22.0)
(19.0,22.0)
(17.0,22.0)
(22.0,22.0)
(15.0,22.0)
(22.0,22.0)
(18.0,22.0)
(22.0,22.0)
(447.0,22.0)
(447.0,22.0)
(42.0,22.0)
(19.0,22.0)
(37.0,22.0)
(264.0,22.0)
(309.0,22.0)
(102.0,22.0)
(15.0,22.0)
(19.0,22.0)
(354.0,22.0)
(22.0,22.0)
(15.0,22.0)
(447.0,22.0)
(22.0,22.0)
(22.0,22.0)
(481.0,22.0)
(447.0,22.0)
(417.0,22.0)
(46.0,22.0)
(413.0,22.0)
(411.0,22.0)
(102.0,22.0)
(287.0,22.0)
(459.0,22.0)
(18.0,22.0)
(22.0,22.0)
(15.0,22.0)
(102.0,22.0)
(22.0,22.0)
(37.0,22.0)
(37.0,22.0)
(102.0,22.0)
(25.0,22.0)
(477.0,22.0)
(15.0,22.0)
(38.0,22.0)
(37.0,22.0)
(22.0,22.0)
(305.0,22.0)
(354.0,22.0)
(37.0,22.0)
(219.0,22.0)
(31.0,22.0)
(22.0,22.0)
(455.0,22.0)
(15.0,22.0)
(125.0,22.0)
(406.0,22.0)
(125.0,22.0)
(22.0,22.0)
(15.0,22.0)
(43.0,22.0)
(37.0,22.0)
(790.0,22.0)
(22.0,22.0)
(475.0,22.0)
(22.0,22.0)
(327.0,22.0)
(30.0,22.0)
(22.0,22.0)
(18.0,22.0)
(15.0,22.0)
(19.0,22.0)
(102.0,22.0)
(31.0,22.0)
(37.0,22.0)
(20.0,22.0)
(15.0,22.0)
(447.0,22.0)
(18.0,22.0)
(354.0,22.0)
(19.0,22.0)
(479.0,22.0)
(22.0,22.0)
(18.0,22.0)
(738.0,22.0)
(25.0,22.0)
(713.0,22.0)
(15.0,22.0)
(31.0,22.0)
(22.0,22.0)
(3.0,22.0)
(395.0,22.0)
(40.0,22.0)
(20.0,22.0)
(31.0,22.0)
(22.0,22.0)
(771.0,22.0)
(395.0,22.0)
(18.0,22.0)
(15.0,22.0)
(15.0,22.0)
(31.0,22.0)
(447.0,22.0)
(38.0,22.0)
(22.0,22.0)
(417.0,22.0)
(102.0,22.0)
(22.0,22.0)
(455.0,22.0)
(17.0,22.0)
(25.0,22.0)
(17.0,22.0)
(515.0,22.0)
(515.0,22.0)
(22.0,22.0)
(459.0,22.0)
(17.0,22.0)
(17.0,22.0)
(22.0,22.0)
(16.0,22.0)
(17.0,22.0)
(503.0,22.0)
(17.0,22.0)
(22.0,22.0)
(28.0,22.0)
(17.0,22.0)
(503.0,22.0)
(17.0,22.0)
(503.0,22.0)
(515.0,22.0)
(17.0,22.0)
(515.0,22.0)
(17.0,22.0)
(17.0,22.0)
(17.0,22.0)
(515.0,22.0)
(515.0,22.0)
(22.0,22.0)
(17.0,22.0)
(17.0,22.0)
(417.0,22.0)
(25.0,22.0)
(17.0,22.0)
(515.0,22.0)
(503.0,22.0)
(17.0,22.0)
(17.0,22.0)
(13.0,22.0)
(17.0,22.0)
(17.0,22.0)
(17.0,22.0)
(503.0,22.0)
(515.0,22.0)
(515.0,22.0)
(17.0,22.0)
(17.0,22.0)
(17.0,22.0)
(515.0,22.0)
(17.0,22.0)
(503.0,22.0)
(17.0,22.0)
(16.0,22.0)
(515.0,22.0)
(17.0,22.0)
(29.0,22.0)
(17.0,22.0)
(17.0,22.0)
(17.0,22.0)
(503.0,22.0)
(17.0,22.0)
(503.0,22.0)
(503.0,22.0)
(515.0,22.0)
(17.0,22.0)
(17.0,22.0)
(459.0,22.0)
(17.0,22.0)
(503.0,22.0)
(22.0,22.0)
(20.0,22.0)
(17.0,22.0)
(17.0,22.0)
(17.0,22.0)
(17.0,22.0)
(22.0,22.0)
(17.0,22.0)
(17.0,22.0)
(503.0,22.0)
(17.0,22.0)
(25.0,22.0)
(503.0,22.0)
(17.0,22.0)
(503.0,22.0)
(16.0,22.0)
(515.0,22.0)
(515.0,22.0)
(17.0,22.0)
(17.0,22.0)
(17.0,22.0)
(515.0,22.0)
(503.0,22.0)
(17.0,22.0)
(25.0,22.0)
(515.0,22.0)
(503.0,22.0)
(17.0,22.0)
(503.0,22.0)
(20.0,22.0)
(515.0,22.0)
(17.0,22.0)
(515.0,22.0)
(17.0,22.0)
(515.0,22.0)
(16.0,22.0)
(17.0,22.0)
(459.0,22.0)
(503.0,22.0)
(459.0,22.0)
(515.0,22.0)
(515.0,22.0)
(17.0,22.0)
(17.0,22.0)
(511.0,22.0)
(17.0,22.0)
(17.0,22.0)
(20.0,22.0)
(17.0,22.0)
(503.0,22.0)
(17.0,22.0)
(25.0,22.0)
(17.0,22.0)
(515.0,22.0)
(28.0,22.0)
(16.0,22.0)
(17.0,22.0)
(503.0,22.0)
(25.0,22.0)
(17.0,22.0)
(515.0,22.0)
(17.0,22.0)
(515.0,22.0)
(515.0,22.0)
(503.0,22.0)
(17.0,22.0)
(13.0,22.0)
(503.0,23.0)
(493.0,23.0)
(515.0,23.0)
(17.0,23.0)
(515.0,23.0)
(503.0,23.0)
(503.0,23.0)
(515.0,23.0)
(503.0,23.0)
(17.0,23.0)
(18.0,23.0)
(515.0,23.0)
(515.0,23.0)
(13.0,23.0)
(17.0,23.0)
(503.0,23.0)
(17.0,23.0)
(17.0,23.0)
(503.0,23.0)
(503.0,23.0)
(13.0,23.0)
(23.0,23.0)
(503.0,23.0)
(498.0,23.0)
(503.0,23.0)
(503.0,23.0)
(13.0,23.0)
(17.0,23.0)
(503.0,23.0)
(515.0,23.0)
(503.0,23.0)
(515.0,23.0)
(493.0,23.0)
(515.0,23.0)
(22.0,23.0)
(17.0,23.0)
(519.0,23.0)
(17.0,23.0)
(18.0,23.0)
(17.0,23.0)
(519.0,23.0)
(15.0,23.0)
(13.0,23.0)
(22.0,23.0)
(17.0,23.0)
(17.0,23.0)
(17.0,23.0)
(17.0,23.0)
(16.0,23.0)
(16.0,23.0)
(22.0,23.0)
(515.0,23.0)
(515.0,23.0)
(503.0,23.0)
(16.0,23.0)
(503.0,23.0)
(17.0,23.0)
(503.0,23.0)
(515.0,23.0)
(30.0,23.0)
(503.0,23.0)
(13.0,23.0)
(25.0,23.0)
(17.0,23.0)
(503.0,23.0)
(503.0,23.0)
(27.0,23.0)
(515.0,23.0)
(515.0,23.0)
(459.0,23.0)
(13.0,23.0)
(503.0,23.0)
(493.0,23.0)
(503.0,23.0)
(515.0,23.0)
(17.0,23.0)
(15.0,23.0)
(503.0,23.0)
(18.0,23.0)
(13.0,23.0)
(17.0,23.0)
(519.0,23.0)
(23.0,23.0)
(17.0,23.0)
(17.0,23.0)
(503.0,23.0)
(515.0,23.0)
(30.0,23.0)
(503.0,23.0)
(17.0,23.0)
(18.0,23.0)
(22.0,23.0)
(498.0,23.0)
(503.0,23.0)
(515.0,23.0)
(17.0,23.0)
(511.0,23.0)
(22.0,23.0)
(503.0,23.0)
(503.0,23.0)
(515.0,23.0)
(503.0,23.0)
(511.0,23.0)
(515.0,23.0)
(515.0,23.0)
(515.0,23.0)
(17.0,23.0)
(503.0,23.0)
(23.0,23.0)
(503.0,23.0)
(13.0,23.0)
(515.0,23.0)
(511.0,23.0)
(17.0,23.0)
(515.0,23.0)
(512.0,23.0)
(17.0,23.0)
(503.0,23.0)
(503.0,23.0)
(515.0,23.0)
(503.0,23.0)
(17.0,23.0)
(17.0,23.0)
(30.0,23.0)
(503.0,23.0)
(22.0,23.0)
(515.0,23.0)
(23.0,23.0)
(503.0,23.0)
(515.0,23.0)
(503.0,23.0)
(18.0,23.0)
(13.0,23.0)
(515.0,23.0)
(13.0,23.0)
(29.0,23.0)
(498.0,23.0)
(17.0,23.0)
(503.0,23.0)
(515.0,23.0)
(30.0,23.0)
(13.0,23.0)
(22.0,23.0)
(17.0,23.0)
(17.0,23.0)
(29.0,23.0)
(519.0,23.0)
(16.0,24.0)
(503.0,24.0)
(13.0,24.0)
(16.0,24.0)
(512.0,24.0)
(503.0,24.0)
(17.0,24.0)
(17.0,24.0)
(17.0,24.0)
(17.0,24.0)
(511.0,24.0)
(515.0,24.0)
(503.0,24.0)
(515.0,24.0)
(17.0,24.0)
(25.0,24.0)
(17.0,24.0)
(511.0,24.0)
(25.0,24.0)
(16.0,24.0)
(498.0,24.0)
(20.0,24.0)
(15.0,24.0)
(17.0,24.0)
(18.0,24.0)
(503.0,24.0)
(502.0,24.0)
(21.0,24.0)
(515.0,24.0)
(503.0,24.0)
(17.0,24.0)
(16.0,24.0)
(18.0,24.0)
(16.0,24.0)
(17.0,24.0)
(21.0,24.0)
(503.0,24.0)
(503.0,24.0)
(16.0,24.0)
(17.0,24.0)
(17.0,24.0)
(503.0,24.0)
(16.0,24.0)
(16.0,24.0)
(13.0,24.0)
(18.0,24.0)
(16.0,24.0)
(515.0,24.0)
(17.0,24.0)
(17.0,24.0)
(13.0,24.0)
(18.0,24.0)
(503.0,24.0)
(16.0,24.0)
(503.0,24.0)
(503.0,24.0)
(18.0,24.0)
(30.0,24.0)
(18.0,24.0)
(17.0,24.0)
(503.0,24.0)
(13.0,24.0)
(18.0,24.0)
(503.0,24.0)
(16.0,24.0)
(515.0,24.0)
(16.0,24.0)
(498.0,24.0)
(504.0,24.0)
(503.0,24.0)
(503.0,24.0)
(15.0,24.0)
(17.0,24.0)
(21.0,24.0)
(17.0,24.0)
(17.0,24.0)
(18.0,24.0)
(17.0,24.0)
(21.0,24.0)
(17.0,24.0)
(503.0,24.0)
(503.0,24.0)
(15.0,24.0)
(30.0,24.0)
(23.0,24.0)
(503.0,24.0)
(17.0,24.0)
(503.0,24.0)
(22.0,24.0)
(29.0,24.0)
(17.0,24.0)
(18.0,24.0)
(17.0,24.0)
(29.0,24.0)
(25.0,24.0)
(503.0,24.0)
(503.0,24.0)
(515.0,24.0)
(17.0,24.0)
(515.0,24.0)
(515.0,24.0)
(15.0,24.0)
(17.0,24.0)
(13.0,24.0)
(503.0,24.0)
(17.0,24.0)
(5.0,24.0)
(17.0,24.0)
(17.0,24.0)
(17.0,24.0)
(503.0,24.0)
(25.0,24.0)
(17.0,24.0)
(515.0,24.0)
(459.0,24.0)
(503.0,24.0)
(25.0,24.0)
(30.0,24.0)
(503.0,24.0)
(17.0,24.0)
(17.0,24.0)
(17.0,24.0)
(503.0,24.0)
(29.0,24.0)
(18.0,24.0)
(503.0,24.0)
(511.0,24.0)
(16.0,24.0)
(515.0,24.0)
(447.0,24.0)
(503.0,24.0)
(16.0,24.0)
(503.0,24.0)
(16.0,24.0)
(15.0,24.0)
(30.0,24.0)
(503.0,24.0)
(13.0,24.0)
(16.0,24.0)
(503.0,24.0)
(17.0,24.0)
(511.0,24.0)
(25.0,25.0)
(515.0,25.0)
(29.0,25.0)
(16.0,25.0)
(17.0,25.0)
(17.0,25.0)
(17.0,25.0)
(498.0,25.0)
(17.0,25.0)
(17.0,25.0)
(17.0,25.0)
(515.0,25.0)
(503.0,25.0)
(25.0,25.0)
(497.0,25.0)
(503.0,25.0)
(17.0,25.0)
(25.0,25.0)
(515.0,25.0)
(29.0,25.0)
(25.0,25.0)
(503.0,25.0)
(515.0,25.0)
(16.0,25.0)
(25.0,25.0)
(25.0,25.0)
(17.0,25.0)
(498.0,25.0)
(7.0,25.0)
(25.0,25.0)
(25.0,25.0)
(17.0,25.0)
(17.0,25.0)
(17.0,25.0)
(25.0,25.0)
(503.0,25.0)
(25.0,25.0)
(25.0,25.0)
(17.0,25.0)
(17.0,25.0)
(17.0,25.0)
(17.0,25.0)
(16.0,25.0)
(16.0,25.0)
(16.0,25.0)
(7.0,25.0)
(503.0,25.0)
(16.0,25.0)
(25.0,25.0)
(7.0,25.0)
(17.0,25.0)
(503.0,25.0)
(16.0,25.0)
(16.0,25.0)
(16.0,25.0)
(16.0,25.0)
(16.0,25.0)
(16.0,25.0)
(503.0,25.0)
(16.0,25.0)
(17.0,25.0)
(17.0,25.0)
(17.0,25.0)
(515.0,25.0)
(25.0,25.0)
(16.0,25.0)
(13.0,25.0)
(515.0,25.0)
(506.0,25.0)
(515.0,25.0)
(16.0,25.0)
(25.0,25.0)
(503.0,25.0)
(498.0,25.0)
(25.0,25.0)
(503.0,25.0)
(18.0,25.0)
(16.0,25.0)
(16.0,25.0)
(16.0,25.0)
(7.0,25.0)
(16.0,25.0)
(515.0,25.0)
(7.0,25.0)
(25.0,25.0)
(16.0,25.0)
(25.0,25.0)
(25.0,25.0)
(503.0,25.0)
(16.0,25.0)
(16.0,25.0)
(25.0,25.0)
(25.0,25.0)
(16.0,25.0)
(17.0,25.0)
(503.0,25.0)
(25.0,25.0)
(17.0,25.0)
(515.0,25.0)
(515.0,25.0)
(17.0,25.0)
(25.0,25.0)
(29.0,25.0)
(515.0,25.0)
(16.0,25.0)
(29.0,25.0)
(16.0,25.0)
(25.0,25.0)
(16.0,25.0)
(16.0,25.0)
(29.0,25.0)
(17.0,25.0)
(16.0,25.0)
(25.0,25.0)
(25.0,25.0)
(17.0,25.0)
(16.0,25.0)
(504.0,25.0)
(17.0,25.0)
(25.0,25.0)
(17.0,25.0)
(16.0,25.0)
(25.0,25.0)
(16.0,25.0)
(25.0,25.0)
(25.0,25.0)
(25.0,25.0)
(16.0,25.0)
(25.0,25.0)
(25.0,25.0)
(16.0,25.0)
(25.0,25.0)
(16.0,25.0)
(17.0,25.0)
(503.0,25.0)
(16.0,25.0)
(17.0,25.0)
(16.0,25.0)
(25.0,25.0)
(29.0,25.0)
(25.0,25.0)
(515.0,25.0)
(25.0,25.0)
(515.0,25.0)
(16.0,25.0)
(16.0,25.0)
(25.0,25.0)
(17.0,25.0)
(17.0,25.0)
(17.0,25.0)
(504.0,25.0)
(29.0,25.0)
(25.0,25.0)
(515.0,25.0)
(16.0,25.0)
(7.0,25.0)
(25.0,25.0)
(16.0,25.0)
(29.0,25.0)
(503.0,25.0)
(25.0,25.0)
(25.0,25.0)
(17.0,25.0)
(17.0,25.0)
(503.0,25.0)
(16.0,25.0)
(16.0,25.0)
(503.0,25.0)
(17.0,25.0)
(504.0,25.0)
(504.0,25.0)
(25.0,25.0)
(25.0,25.0)
(17.0,25.0)
(17.0,25.0)
(25.0,25.0)
(25.0,25.0)
(7.0,25.0)
(25.0,25.0)
(25.0,25.0)
(25.0,25.0)
(16.0,25.0)
(17.0,25.0)
(17.0,25.0)
(17.0,25.0)
(17.0,25.0)
(503.0,25.0)
(17.0,25.0)
(25.0,25.0)
(7.0,25.0)
(17.0,25.0)
(17.0,25.0)
(16.0,25.0)
(17.0,25.0)
(515.0,25.0)
(16.0,25.0)
(16.0,25.0)
(16.0,25.0)
(25.0,25.0)
(17.0,25.0)
(459.0,25.0)
(17.0,25.0)
(25.0,25.0)
(503.0,25.0)
(515.0,25.0)
(25.0,25.0)
(515.0,25.0)
(25.0,25.0)
(16.0,25.0)
(17.0,25.0)
(17.0,25.0)
(17.0,25.0)
(17.0,25.0)
(17.0,25.0)
(25.0,25.0)
(504.0,25.0)
(25.0,25.0)
(29.0,25.0)
(25.0,25.0)
(25.0,25.0)
(16.0,25.0)
(16.0,25.0)
(503.0,25.0)
(16.0,25.0)
(16.0,25.0)
(504.0,25.0)
(25.0,25.0)
(16.0,25.0)
(503.0,25.0)
(25.0,25.0)
(515.0,25.0)
(16.0,25.0)
(25.0,25.0)
(16.0,25.0)
(25.0,25.0)
(16.0,25.0)
(17.0,25.0)
(503.0,25.0)
(25.0,25.0)
(17.0,25.0)
(515.0,25.0)
(17.0,25.0)
(29.0,25.0)
(16.0,25.0)
(515.0,25.0)
(16.0,25.0)
(503.0,25.0)
(16.0,25.0)
(25.0,25.0)
(25.0,25.0)
(516.0,25.0)
(16.0,25.0)
(17.0,25.0)
(16.0,25.0)
(25.0,25.0)
(28.0,25.0)
(17.0,25.0)
(16.0,25.0)
(17.0,25.0)
(459.0,25.0)
(503.0,25.0)
(25.0,25.0)
(25.0,25.0)
(17.0,25.0)
(25.0,25.0)
(17.0,25.0)
(17.0,25.0)
(25.0,25.0)
(25.0,25.0)
(25.0,25.0)
(25.0,25.0)
(17.0,25.0)
(25.0,25.0)
(29.0,25.0)
(25.0,25.0)
(16.0,25.0)
(17.0,25.0)
(17.0,25.0)
(25.0,25.0)
(17.0,25.0)
(503.0,25.0)
(16.0,25.0)
(25.0,25.0)
(17.0,25.0)
(25.0,25.0)
(18.0,25.0)
(25.0,25.0)
(515.0,25.0)
(16.0,25.0)
(515.0,25.0)
(25.0,25.0)
(17.0,25.0)
(17.0,25.0)
(17.0,25.0)
(504.0,25.0)
(29.0,25.0)
(25.0,25.0)
(515.0,25.0)
(515.0,25.0)
(7.0,25.0)
(25.0,25.0)
(16.0,25.0)
(29.0,25.0)
(503.0,25.0)
(503.0,25.0)
(25.0,25.0)
(16.0,25.0)
(17.0,25.0)
(17.0,25.0)
(17.0,25.0)
(16.0,25.0)
(503.0,25.0)
(17.0,25.0)
(504.0,25.0)
(504.0,25.0)
(25.0,25.0)
(25.0,25.0)
(17.0,25.0)
(17.0,25.0)
(25.0,25.0)
(25.0,25.0)
(7.0,25.0)
(25.0,25.0)
(25.0,25.0)
(25.0,25.0)
(16.0,25.0)
(17.0,25.0)
(17.0,25.0)
(17.0,25.0)
(17.0,25.0)
(503.0,25.0)
(17.0,25.0)
(25.0,25.0)
(7.0,25.0)
(17.0,25.0)
(17.0,25.0)
(16.0,25.0)
(17.0,25.0)
(17.0,25.0)
(17.0,25.0)
(16.0,25.0)
(16.0,25.0)
(16.0,25.0)
(25.0,25.0)
(17.0,25.0)
(459.0,25.0)
(17.0,25.0)
(503.0,25.0)
(503.0,25.0)
(17.0,25.0)
(25.0,25.0)
(515.0,25.0)
(25.0,25.0)
(16.0,25.0)
(17.0,25.0)
(17.0,25.0)
(17.0,25.0)
(17.0,25.0)
(17.0,25.0)
(25.0,25.0)
(504.0,25.0)
(17.0,25.0)
(29.0,25.0)
(25.0,25.0)
(25.0,25.0)
(16.0,25.0)
(16.0,25.0)
(503.0,25.0)
(16.0,25.0)
(16.0,25.0)
(504.0,25.0)
(25.0,25.0)
(16.0,25.0)
(25.0,25.0)
(16.0,25.0)
(16.0,25.0)
(25.0,25.0)
(16.0,25.0)
(25.0,25.0)
(16.0,25.0)
(17.0,25.0)
(503.0,25.0)
(25.0,25.0)
(17.0,25.0)
(515.0,25.0)
(17.0,25.0)
(29.0,25.0)
(16.0,25.0)
(16.0,25.0)
(16.0,25.0)
(515.0,25.0)
(16.0,25.0)
(25.0,25.0)
(25.0,25.0)
(17.0,25.0)
(16.0,25.0)
(17.0,25.0)
(16.0,25.0)
(25.0,25.0)
(28.0,25.0)
(17.0,25.0)
(16.0,25.0)
(17.0,25.0)
(459.0,25.0)
(503.0,25.0)
(25.0,25.0)
(25.0,25.0)
(17.0,25.0)
(25.0,25.0)
(17.0,25.0)
(17.0,25.0)
(25.0,25.0)
(25.0,25.0)
(25.0,25.0)
(25.0,25.0)
(17.0,25.0)
(25.0,25.0)
(16.0,25.0)
(25.0,25.0)
(16.0,25.0)
(212.0,25.0)
(17.0,25.0)
(17.0,25.0)
(25.0,25.0)
(17.0,25.0)
(17.0,25.0)
(16.0,25.0)
(25.0,25.0)
(17.0,25.0)
(25.0,25.0)
(18.0,25.0)
(515.0,25.0)
(13.0,25.0)
(515.0,25.0)
(25.0,25.0)
(17.0,25.0)
(16.0,25.0)
(17.0,25.0)
(504.0,25.0)
(498.0,25.0)
(515.0,25.0)
(25.0,25.0)
(7.0,25.0)
(25.0,25.0)
(16.0,25.0)
(29.0,25.0)
(503.0,25.0)
(25.0,25.0)
(17.0,25.0)
(29.0,25.0)
(503.0,25.0)
(16.0,25.0)
(16.0,25.0)
(503.0,25.0)
(16.0,25.0)
(504.0,25.0)
(504.0,25.0)
(25.0,25.0)
(17.0,25.0)
(17.0,25.0)
(25.0,25.0)
(7.0,25.0)
(515.0,25.0)
(25.0,25.0)
(25.0,25.0)
(16.0,25.0)
(17.0,25.0)
(17.0,25.0)
(17.0,25.0)
(17.0,25.0)
(503.0,25.0)
(17.0,25.0)
(25.0,25.0)
(7.0,25.0)
(21.0,25.0)
(17.0,25.0)
(16.0,25.0)
(17.0,25.0)
(17.0,25.0)
(17.0,25.0)
(16.0,25.0)
(16.0,25.0)
(16.0,25.0)
(17.0,25.0)
(459.0,25.0)
(17.0,25.0)
(503.0,25.0)
(503.0,25.0)
(17.0,25.0)
(25.0,25.0)
(25.0,25.0)
(25.0,25.0)
(16.0,25.0)
(17.0,25.0)
(17.0,25.0)
(17.0,25.0)
(17.0,25.0)
(25.0,25.0)
(504.0,25.0)
(25.0,25.0)
(29.0,25.0)
(25.0,25.0)
(25.0,25.0)
(16.0,25.0)
(16.0,25.0)
(503.0,25.0)
(16.0,25.0)
(16.0,25.0)
(504.0,25.0)
(25.0,25.0)
(17.0,25.0)
(503.0,25.0)
(25.0,25.0)
(515.0,25.0)
(17.0,25.0)
(25.0,25.0)
(16.0,25.0)
(515.0,25.0)
(16.0,25.0)
(17.0,25.0)
(25.0,25.0)
(17.0,25.0)
(515.0,25.0)
(17.0,25.0)
(29.0,25.0)
(16.0,25.0)
(16.0,25.0)
(16.0,25.0)
(515.0,25.0)
(17.0,25.0)
(25.0,25.0)
(25.0,25.0)
(25.0,25.0)
(16.0,25.0)
(16.0,25.0)
(17.0,25.0)
(25.0,25.0)
(515.0,25.0)
(25.0,25.0)
(16.0,25.0)
(498.0,25.0)
(17.0,25.0)
(503.0,25.0)
(15.0,25.0)
(25.0,25.0)
(515.0,25.0)
(25.0,25.0)
(17.0,25.0)
(17.0,25.0)
(25.0,25.0)
(25.0,25.0)
(25.0,25.0)
(25.0,25.0)
(17.0,25.0)
(25.0,25.0)
(29.0,25.0)
(25.0,25.0)
(16.0,25.0)
(16.0,25.0)
(17.0,25.0)
(30.0,25.0)
(17.0,25.0)
(17.0,25.0)
(16.0,25.0)
(25.0,25.0)
(17.0,25.0)
(25.0,25.0)
(515.0,25.0)
(13.0,25.0)
(17.0,25.0)
(33.0,25.0)
(29.0,25.0)
(16.0,25.0)
(17.0,25.0)
(501.0,25.0)
(447.0,25.0)
(515.0,25.0)
(25.0,25.0)
(221.0,25.0)
(31.0,25.0)
(33.0,25.0)
(25.0,25.0)
(511.0,25.0)
(17.0,25.0)
(17.0,25.0)
(43.0,25.0)
(31.0,25.0)
(16.0,25.0)
(25.0,25.0)
(31.0,25.0)
(31.0,25.0)
(25.0,25.0)
(18.0,25.0)
(25.0,25.0)
(4.0,25.0)
(25.0,25.0)
(25.0,25.0)
(25.0,25.0)
(499.0,25.0)
(459.0,25.0)
(608.0,25.0)
(4.0,25.0)
(31.0,25.0)
(17.0,25.0)
(501.0,25.0)
(447.0,25.0)
(31.0,25.0)
(4.0,25.0)
(7.0,25.0)
(31.0,25.0)
(221.0,25.0)
(17.0,25.0)
(17.0,25.0)
(503.0,25.0)
(16.0,25.0)
(18.0,25.0)
(501.0,25.0)
(25.0,25.0)
(239.0,25.0)
(501.0,25.0)
(17.0,25.0)
(221.0,25.0)
(31.0,25.0)
(503.0,25.0)
(17.0,25.0)
(17.0,25.0)
(31.0,25.0)
(515.0,25.0)
(40.0,25.0)
(17.0,25.0)
(43.0,25.0)
(501.0,25.0)
(499.0,25.0)
(25.0,25.0)
(40.0,25.0)
(25.0,25.0)
(267.0,25.0)
(448.0,25.0)
(499.0,25.0)
(515.0,25.0)
(267.0,25.0)
(16.0,25.0)
(501.0,25.0)
(17.0,25.0)
(33.0,25.0)
(239.0,25.0)
(43.0,25.0)
(501.0,25.0)
(501.0,25.0)
(501.0,25.0)
(501.0,25.0)
(15.0,25.0)
(31.0,25.0)
(501.0,25.0)
(499.0,25.0)
(212.0,25.0)
(267.0,25.0)
(33.0,25.0)
(501.0,25.0)
(17.0,25.0)
(17.0,25.0)
(501.0,25.0)
(17.0,25.0)
(447.0,25.0)
(24.0,25.0)
(15.0,25.0)
(17.0,25.0)
(501.0,25.0)
(43.0,25.0)
(31.0,25.0)
(43.0,25.0)
(503.0,25.0)
(447.0,25.0)
(15.0,25.0)
(31.0,25.0)
(24.0,25.0)
(24.0,26.0)
(519.0,26.0)
(503.0,26.0)
(503.0,26.0)
(503.0,26.0)
(503.0,26.0)
(15.0,26.0)
(503.0,26.0)
(503.0,26.0)
(503.0,26.0)
(503.0,26.0)
(28.0,26.0)
(503.0,26.0)
(503.0,26.0)
(503.0,26.0)
(17.0,26.0)
(503.0,26.0)
(503.0,26.0)
(503.0,26.0)
(503.0,26.0)
(503.0,26.0)
(21.0,26.0)
(17.0,26.0)
(503.0,26.0)
(25.0,26.0)
(503.0,26.0)
(503.0,26.0)
(519.0,26.0)
(503.0,26.0)
(15.0,26.0)
(24.0,26.0)
(13.0,26.0)
(24.0,26.0)
(24.0,26.0)
(503.0,26.0)
(503.0,26.0)
(15.0,26.0)
(503.0,26.0)
(29.0,26.0)
(503.0,26.0)
(503.0,26.0)
(15.0,26.0)
(17.0,26.0)
(17.0,26.0)
(503.0,26.0)
(503.0,26.0)
(503.0,26.0)
(15.0,26.0)
(488.0,26.0)
(503.0,26.0)
(503.0,26.0)
(13.0,26.0)
(15.0,26.0)
(15.0,26.0)
(15.0,26.0)
(13.0,26.0)
(515.0,26.0)
(503.0,26.0)
(17.0,26.0)
(503.0,26.0)
(503.0,26.0)
(503.0,26.0)
(15.0,26.0)
(503.0,26.0)
(503.0,26.0)
(15.0,26.0)
(21.0,26.0)
(503.0,26.0)
(503.0,26.0)
(503.0,26.0)
(15.0,26.0)
(503.0,26.0)
(24.0,26.0)
(14.0,26.0)
(17.0,26.0)
(503.0,26.0)
(503.0,26.0)
(503.0,26.0)
(503.0,26.0)
(503.0,26.0)
(503.0,26.0)
(503.0,26.0)
(503.0,26.0)
(17.0,26.0)
(503.0,26.0)
(503.0,26.0)
(503.0,26.0)
(503.0,26.0)
(13.0,26.0)
(17.0,26.0)
(503.0,26.0)
(17.0,26.0)
(503.0,26.0)
(18.0,26.0)
(15.0,26.0)
(15.0,26.0)
(503.0,26.0)
(503.0,26.0)
(503.0,26.0)
(503.0,26.0)
(503.0,26.0)
(503.0,26.0)
(503.0,26.0)
(15.0,26.0)
(503.0,26.0)
(503.0,26.0)
(503.0,26.0)
(29.0,26.0)
(17.0,26.0)
(503.0,26.0)
(15.0,26.0)
(29.0,26.0)
(503.0,26.0)
(503.0,26.0)
(503.0,26.0)
(503.0,26.0)
(484.0,26.0)
(503.0,26.0)
(503.0,26.0)
(503.0,26.0)
(503.0,26.0)
(503.0,26.0)
(503.0,26.0)
(503.0,26.0)
(503.0,26.0)
(503.0,26.0)
(17.0,26.0)
(503.0,26.0)
(503.0,26.0)
(503.0,26.0)
(484.0,26.0)
(17.0,26.0)
(17.0,26.0)
(503.0,26.0)
(503.0,26.0)
(17.0,26.0)
(503.0,26.0)
(515.0,26.0)
(503.0,26.0)
(17.0,26.0)
(503.0,26.0)
(17.0,26.0)
(503.0,26.0)
(503.0,26.0)
(25.0,26.0)
(17.0,26.0)
(503.0,26.0)
(503.0,26.0)
(17.0,26.0)
(503.0,26.0)
(13.0,26.0)
(17.0,26.0)
(17.0,26.0)
(503.0,26.0)
(519.0,26.0)
(17.0,26.0)
(503.0,26.0)
(503.0,26.0)
(503.0,26.0)
(503.0,26.0)
(17.0,26.0)
(13.0,26.0)
(25.0,26.0)
(506.0,26.0)
(15.0,26.0)
(515.0,26.0)
(503.0,26.0)
(17.0,26.0)
(503.0,26.0)
(515.0,26.0)
(18.0,26.0)
(503.0,26.0)
(16.0,26.0)
(17.0,26.0)
(503.0,26.0)
(29.0,26.0)
(503.0,26.0)
(25.0,26.0)
(17.0,26.0)
(17.0,26.0)
(503.0,26.0)
(503.0,26.0)
(503.0,26.0)
(17.0,26.0)
(515.0,26.0)
(503.0,26.0)
(503.0,26.0)
(503.0,26.0)
(503.0,26.0)
(25.0,26.0)
(503.0,26.0)
(17.0,26.0)
(17.0,26.0)
(25.0,26.0)
(515.0,26.0)
(515.0,26.0)
(733.0,26.0)
(17.0,26.0)
(17.0,26.0)
(515.0,26.0)
(515.0,26.0)
(503.0,26.0)
(503.0,26.0)
(503.0,26.0)
(17.0,26.0)
(17.0,26.0)
(503.0,26.0)
(515.0,26.0)
(17.0,26.0)
(515.0,26.0)
(17.0,26.0)
(17.0,26.0)
(17.0,26.0)
(503.0,26.0)
(515.0,26.0)
(17.0,26.0)
(515.0,26.0)
(17.0,26.0)
(17.0,26.0)
(17.0,26.0)
(503.0,26.0)
(515.0,26.0)
(15.0,26.0)
(506.0,26.0)
(17.0,26.0)
(503.0,26.0)
(17.0,26.0)
(503.0,26.0)
(503.0,26.0)
(503.0,26.0)
(17.0,26.0)
(17.0,26.0)
(17.0,26.0)
(25.0,26.0)
(25.0,26.0)
(17.0,26.0)
(16.0,26.0)
(13.0,26.0)
(503.0,26.0)
(503.0,26.0)
(515.0,26.0)
(17.0,26.0)
(15.0,26.0)
(17.0,26.0)
(503.0,26.0)
(515.0,26.0)
(503.0,26.0)
(503.0,26.0)
(515.0,26.0)
(29.0,26.0)
(515.0,26.0)
(17.0,26.0)
(17.0,26.0)
(22.0,26.0)
(503.0,26.0)
(17.0,26.0)
(515.0,26.0)
(29.0,26.0)
(503.0,26.0)
(17.0,26.0)
(503.0,26.0)
(503.0,26.0)
(503.0,26.0)
(17.0,26.0)
(515.0,26.0)
(18.0,26.0)
(506.0,26.0)
(515.0,26.0)
(17.0,26.0)
(17.0,26.0)
(503.0,26.0)
(17.0,26.0)
(29.0,26.0)
(515.0,26.0)
(503.0,26.0)
(503.0,26.0)
(17.0,26.0)
(515.0,26.0)
(503.0,26.0)
(17.0,26.0)
(506.0,26.0)
(515.0,26.0)
(515.0,26.0)
(503.0,26.0)
(506.0,26.0)
(503.0,26.0)
(503.0,26.0)
(503.0,26.0)
(515.0,26.0)
(506.0,26.0)
(17.0,26.0)
(404.0,26.0)
(503.0,26.0)
(515.0,26.0)
(17.0,26.0)
(503.0,26.0)
(515.0,26.0)
(503.0,26.0)
(18.0,26.0)
(25.0,26.0)
(29.0,26.0)
(503.0,26.0)
(29.0,26.0)
(503.0,26.0)
(17.0,26.0)
(17.0,26.0)
(503.0,26.0)
(503.0,26.0)
(503.0,26.0)
(503.0,26.0)
(503.0,26.0)
(15.0,26.0)
(13.0,26.0)
(503.0,26.0)
(503.0,26.0)
(503.0,26.0)
(503.0,26.0)
(503.0,26.0)
(503.0,26.0)
(13.0,26.0)
(503.0,26.0)
(503.0,26.0)
(503.0,26.0)
(503.0,26.0)
(503.0,26.0)
(503.0,26.0)
(24.0,26.0)
(24.0,26.0)
(17.0,26.0)
(503.0,26.0)
(503.0,26.0)
(503.0,26.0)
(503.0,26.0)
(17.0,26.0)
(503.0,26.0)
(15.0,26.0)
(24.0,26.0)
(13.0,26.0)
(503.0,26.0)
(503.0,26.0)
(503.0,26.0)
(503.0,26.0)
(503.0,26.0)
(503.0,26.0)
(503.0,26.0)
(18.0,26.0)
(503.0,26.0)
(17.0,26.0)
(503.0,26.0)
(503.0,26.0)
(15.0,26.0)
(17.0,26.0)
(503.0,26.0)
(503.0,26.0)
(18.0,26.0)
(15.0,26.0)
(503.0,26.0)
(503.0,26.0)
(24.0,26.0)
(15.0,26.0)
(15.0,26.0)
(503.0,26.0)
(503.0,26.0)
(503.0,26.0)
(15.0,26.0)
(503.0,26.0)
(503.0,26.0)
(503.0,26.0)
(503.0,26.0)
(15.0,26.0)
(24.0,26.0)
(503.0,26.0)
(503.0,26.0)
(503.0,26.0)
(503.0,26.0)
(484.0,26.0)
(21.0,26.0)
(13.0,26.0)
(17.0,26.0)
(503.0,26.0)
(503.0,26.0)
(28.0,26.0)
(503.0,26.0)
(484.0,26.0)
(503.0,26.0)
(503.0,26.0)
(503.0,26.0)
(17.0,26.0)
(503.0,26.0)
(503.0,26.0)
(503.0,26.0)
(503.0,26.0)
(503.0,26.0)
(29.0,26.0)
(13.0,26.0)
(17.0,26.0)
(503.0,26.0)
(503.0,26.0)
(503.0,26.0)
(503.0,26.0)
(503.0,26.0)
(503.0,26.0)
(503.0,26.0)
(17.0,26.0)
(503.0,26.0)
(503.0,26.0)
(503.0,26.0)
(503.0,26.0)
(503.0,26.0)
(503.0,26.0)
(15.0,26.0)
(503.0,26.0)
(503.0,26.0)
(17.0,26.0)
(503.0,26.0)
(488.0,26.0)
(17.0,26.0)
(28.0,26.0)
(503.0,26.0)
(15.0,26.0)
(29.0,26.0)
(503.0,26.0)
(503.0,26.0)
(503.0,26.0)
(503.0,26.0)
(503.0,26.0)
(17.0,26.0)
(17.0,26.0)
(503.0,26.0)
(29.0,26.0)
(503.0,26.0)
(503.0,26.0)
(503.0,26.0)
(503.0,26.0)
(503.0,26.0)
(17.0,26.0)
(503.0,26.0)
(503.0,26.0)
(17.0,26.0)
(503.0,26.0)
(503.0,26.0)
(17.0,26.0)
(503.0,26.0)
(29.0,26.0)
(15.0,26.0)
(503.0,26.0)
(503.0,26.0)
(17.0,26.0)
(503.0,26.0)
(503.0,26.0)
(17.0,26.0)
(503.0,26.0)
(17.0,26.0)
(503.0,26.0)
(503.0,26.0)
(503.0,26.0)
(503.0,26.0)
(503.0,26.0)
(17.0,26.0)
(503.0,26.0)
(503.0,26.0)
(29.0,26.0)
(503.0,26.0)
(503.0,26.0)
(13.0,26.0)
(503.0,26.0)
(503.0,26.0)
(17.0,26.0)
(503.0,26.0)
(503.0,26.0)
(503.0,26.0)
(13.0,26.0)
(17.0,26.0)
(503.0,26.0)
(17.0,26.0)
(503.0,26.0)
(499.0,26.0)
(17.0,26.0)
(17.0,26.0)
(503.0,26.0)
(16.0,26.0)
(503.0,26.0)
(515.0,26.0)
(17.0,26.0)
(17.0,26.0)
(503.0,26.0)
(498.0,26.0)
(515.0,26.0)
(17.0,26.0)
(17.0,26.0)
(29.0,26.0)
(15.0,26.0)
(503.0,26.0)
(15.0,26.0)
(13.0,26.0)
(515.0,26.0)
(503.0,26.0)
(17.0,26.0)
(31.0,26.0)
(25.0,26.0)
(503.0,26.0)
(29.0,26.0)
(506.0,26.0)
(17.0,26.0)
(503.0,26.0)
(515.0,26.0)
(17.0,26.0)
(17.0,26.0)
(503.0,26.0)
(17.0,26.0)
(17.0,26.0)
(25.0,26.0)
(17.0,26.0)
(16.0,26.0)
(503.0,26.0)
(515.0,26.0)
(17.0,26.0)
(503.0,26.0)
(503.0,26.0)
(515.0,26.0)
(16.0,26.0)
(17.0,26.0)
(503.0,26.0)
(17.0,26.0)
(29.0,26.0)
(515.0,26.0)
(17.0,26.0)
(503.0,26.0)
(17.0,26.0)
(515.0,26.0)
(506.0,26.0)
(17.0,26.0)
(503.0,26.0)
(503.0,26.0)
(17.0,26.0)
(17.0,26.0)
(17.0,26.0)
(511.0,26.0)
(17.0,26.0)
(17.0,26.0)
(503.0,26.0)
(503.0,26.0)
(503.0,26.0)
(16.0,26.0)
(18.0,26.0)
(17.0,26.0)
(13.0,26.0)
(17.0,26.0)
(515.0,26.0)
(15.0,26.0)
(503.0,26.0)
(28.0,26.0)
(17.0,26.0)
(459.0,26.0)
(16.0,26.0)
(17.0,26.0)
(17.0,26.0)
(515.0,26.0)
(503.0,26.0)
(503.0,26.0)
(503.0,26.0)
(515.0,26.0)
(503.0,26.0)
(17.0,26.0)
(503.0,26.0)
(511.0,26.0)
(17.0,26.0)
(17.0,26.0)
(503.0,26.0)
(17.0,26.0)
(17.0,26.0)
(503.0,26.0)
(17.0,26.0)
(515.0,26.0)
(503.0,26.0)
(17.0,26.0)
(25.0,26.0)
(503.0,26.0)
(17.0,26.0)
(17.0,26.0)
(512.0,26.0)
(515.0,26.0)
(515.0,26.0)
(15.0,26.0)
(17.0,26.0)
(17.0,26.0)
(17.0,26.0)
(17.0,26.0)
(515.0,26.0)
(18.0,26.0)
(503.0,26.0)
(515.0,26.0)
(515.0,26.0)
(503.0,26.0)
(503.0,26.0)
(17.0,26.0)
(17.0,26.0)
(16.0,26.0)
(17.0,26.0)
(17.0,26.0)
(15.0,26.0)
(515.0,26.0)
(17.0,26.0)
(25.0,26.0)
(25.0,26.0)
(459.0,26.0)
(503.0,26.0)
(31.0,26.0)
(515.0,26.0)
(503.0,26.0)
(503.0,26.0)
(17.0,26.0)
(17.0,26.0)
(503.0,26.0)
(25.0,26.0)
(17.0,26.0)
(17.0,26.0)
(515.0,26.0)
(17.0,26.0)
(503.0,26.0)
(20.0,27.0)
(515.0,27.0)
(515.0,27.0)
(503.0,27.0)
(18.0,27.0)
(16.0,27.0)
(17.0,27.0)
(25.0,27.0)
(515.0,27.0)
(503.0,27.0)
(17.0,27.0)
(503.0,27.0)
(17.0,27.0)
(17.0,27.0)
(7.0,27.0)
(29.0,27.0)
(13.0,27.0)
(515.0,27.0)
(16.0,27.0)
(17.0,27.0)
(15.0,27.0)
(503.0,27.0)
(504.0,27.0)
(515.0,27.0)
(503.0,27.0)
(515.0,27.0)
(503.0,27.0)
(17.0,27.0)
(29.0,27.0)
(17.0,27.0)
(18.0,27.0)
(18.0,27.0)
(17.0,27.0)
(13.0,27.0)
(503.0,27.0)
(504.0,27.0)
(29.0,27.0)
(17.0,27.0)
(25.0,27.0)
(18.0,27.0)
(503.0,27.0)
(17.0,27.0)
(25.0,27.0)
(16.0,27.0)
(17.0,27.0)
(18.0,27.0)
(13.0,27.0)
(13.0,27.0)
(17.0,27.0)
(29.0,27.0)
(17.0,27.0)
(503.0,27.0)
(17.0,27.0)
(515.0,27.0)
(29.0,27.0)
(498.0,27.0)
(7.0,27.0)
(17.0,27.0)
(503.0,27.0)
(17.0,27.0)
(15.0,27.0)
(18.0,27.0)
(18.0,27.0)
(504.0,27.0)
(15.0,27.0)
(15.0,27.0)
(515.0,27.0)
(17.0,27.0)
(17.0,27.0)
(13.0,27.0)
(16.0,27.0)
(17.0,27.0)
(18.0,27.0)
(515.0,27.0)
(17.0,27.0)
(29.0,27.0)
(25.0,27.0)
(503.0,27.0)
(17.0,27.0)
(29.0,27.0)
(503.0,27.0)
(503.0,27.0)
(16.0,27.0)
(18.0,27.0)
(16.0,27.0)
(13.0,27.0)
(16.0,27.0)
(29.0,27.0)
(18.0,27.0)
(17.0,27.0)
(29.0,27.0)
(13.0,27.0)
(15.0,27.0)
(15.0,27.0)
(515.0,27.0)
(16.0,27.0)
(25.0,27.0)
(17.0,27.0)
(17.0,27.0)
(29.0,27.0)
(18.0,27.0)
(15.0,27.0)
(515.0,27.0)
(503.0,27.0)
(18.0,27.0)
(515.0,27.0)
(25.0,27.0)
(17.0,27.0)
(515.0,27.0)
(515.0,27.0)
(17.0,27.0)
(7.0,27.0)
(25.0,27.0)
(515.0,27.0)
(15.0,27.0)
(25.0,27.0)
(29.0,27.0)
(25.0,27.0)
(13.0,27.0)
(13.0,27.0)
(515.0,27.0)
(503.0,27.0)
(17.0,27.0)
(503.0,27.0)
(18.0,27.0)
(16.0,27.0)
(503.0,27.0)
(17.0,27.0)
(13.0,27.0)
(29.0,27.0)
(29.0,27.0)
(29.0,27.0)
(29.0,27.0)
(515.0,27.0)
(508.0,27.0)
(504.0,27.0)
(13.0,27.0)
(515.0,27.0)
(16.0,27.0)
(29.0,27.0)
(13.0,27.0)
(29.0,28.0)
(511.0,28.0)
(60.0,28.0)
(25.0,28.0)
(29.0,28.0)
(17.0,28.0)
(18.0,28.0)
(7.0,28.0)
(29.0,28.0)
(17.0,28.0)
(18.0,28.0)
(504.0,28.0)
(25.0,28.0)
(16.0,28.0)
(15.0,28.0)
(18.0,28.0)
(28.0,28.0)
(17.0,28.0)
(29.0,28.0)
(17.0,28.0)
(503.0,28.0)
(17.0,28.0)
(29.0,28.0)
(16.0,28.0)
(7.0,28.0)
(16.0,28.0)
(25.0,28.0)
(17.0,28.0)
(17.0,28.0)
(17.0,28.0)
(504.0,28.0)
(25.0,28.0)
(17.0,28.0)
(29.0,28.0)
(515.0,28.0)
(459.0,28.0)
(17.0,28.0)
(17.0,28.0)
(17.0,28.0)
(16.0,28.0)
(25.0,28.0)
(17.0,28.0)
(515.0,28.0)
(503.0,28.0)
(15.0,28.0)
(515.0,28.0)
(16.0,28.0)
(126.0,28.0)
(17.0,28.0)
(17.0,28.0)
(16.0,28.0)
(17.0,28.0)
(17.0,28.0)
(17.0,28.0)
(503.0,28.0)
(503.0,28.0)
(498.0,28.0)
(13.0,28.0)
(503.0,28.0)
(126.0,28.0)
(17.0,28.0)
(17.0,28.0)
(459.0,28.0)
(16.0,28.0)
(17.0,28.0)
(17.0,28.0)
(17.0,28.0)
(7.0,28.0)
(25.0,28.0)
(29.0,28.0)
(17.0,28.0)
(18.0,28.0)
(17.0,28.0)
(16.0,28.0)
(17.0,28.0)
(29.0,28.0)
(18.0,28.0)
(16.0,28.0)
(25.0,28.0)
(16.0,28.0)
(25.0,28.0)
(22.0,28.0)
(16.0,28.0)
(16.0,28.0)
(28.0,28.0)
(515.0,28.0)
(17.0,28.0)
(17.0,28.0)
(25.0,28.0)
(515.0,28.0)
(25.0,28.0)
(29.0,28.0)
(18.0,28.0)
(17.0,28.0)
(18.0,28.0)
(17.0,28.0)
(17.0,28.0)
(29.0,28.0)
(503.0,28.0)
(18.0,28.0)
(17.0,28.0)
(515.0,28.0)
(25.0,28.0)
(16.0,28.0)
(506.0,28.0)
(17.0,28.0)
(515.0,28.0)
(31.0,28.0)
(17.0,28.0)
(503.0,28.0)
(16.0,28.0)
(29.0,28.0)
(17.0,28.0)
(17.0,28.0)
(515.0,28.0)
(503.0,28.0)
(29.0,28.0)
(125.0,28.0)
(25.0,28.0)
(18.0,28.0)
(7.0,28.0)
(17.0,28.0)
(17.0,28.0)
(29.0,28.0)
(17.0,28.0)
(17.0,28.0)
(17.0,28.0)
(17.0,28.0)
(17.0,28.0)
(16.0,28.0)
(29.0,28.0)
(17.0,28.0)
(17.0,28.0)
(17.0,28.0)
(29.0,28.0)
(17.0,28.0)
(503.0,28.0)
(25.0,28.0)
(18.0,28.0)
(16.0,28.0)
(16.0,28.0)
(29.0,28.0)
(22.0,28.0)
(25.0,28.0)
(25.0,28.0)
(29.0,28.0)
(17.0,28.0)
(17.0,28.0)
(7.0,28.0)
(29.0,28.0)
(515.0,28.0)
(29.0,28.0)
(511.0,28.0)
(25.0,28.0)
(17.0,28.0)
(17.0,28.0)
(15.0,28.0)
(511.0,28.0)
(28.0,28.0)
(17.0,28.0)
(503.0,28.0)
(17.0,28.0)
(503.0,28.0)
(17.0,28.0)
(17.0,28.0)
(17.0,28.0)
(7.0,28.0)
(15.0,28.0)
(25.0,28.0)
(515.0,28.0)
(17.0,28.0)
(17.0,28.0)
(25.0,28.0)
(25.0,28.0)
(25.0,28.0)
(17.0,28.0)
(25.0,28.0)
(515.0,28.0)
(459.0,28.0)
(17.0,28.0)
(17.0,28.0)
(25.0,28.0)
(29.0,28.0)
(17.0,28.0)
(17.0,28.0)
(503.0,28.0)
(503.0,28.0)
(17.0,28.0)
(18.0,28.0)
(16.0,28.0)
(126.0,28.0)
(17.0,28.0)
(17.0,28.0)
(16.0,28.0)
(16.0,28.0)
(16.0,28.0)
(17.0,28.0)
(503.0,28.0)
(515.0,28.0)
(515.0,28.0)
(17.0,28.0)
(125.0,28.0)
(17.0,28.0)
(503.0,28.0)
(29.0,28.0)
(16.0,28.0)
(16.0,28.0)
(506.0,28.0)
(17.0,28.0)
(16.0,28.0)
(17.0,28.0)
(25.0,28.0)
(17.0,28.0)
(7.0,28.0)
(17.0,28.0)
(29.0,28.0)
(25.0,28.0)
(18.0,28.0)
(16.0,28.0)
(16.0,28.0)
(29.0,28.0)
(515.0,28.0)
(511.0,28.0)
(16.0,28.0)
(17.0,28.0)
(17.0,28.0)
(30.0,28.0)
(17.0,28.0)
(515.0,28.0)
(17.0,28.0)
(28.0,28.0)
(16.0,28.0)
(16.0,28.0)
(515.0,28.0)
(17.0,28.0)
(17.0,28.0)
(25.0,28.0)
(16.0,28.0)
(515.0,28.0)
(515.0,28.0)
(16.0,28.0)
(17.0,28.0)
(17.0,28.0)
(511.0,28.0)
(17.0,28.0)
(511.0,28.0)
(503.0,28.0)
(18.0,28.0)
(503.0,28.0)
(18.0,28.0)
(25.0,28.0)
(17.0,28.0)
(506.0,28.0)
(16.0,28.0)
(515.0,28.0)
(31.0,28.0)
(16.0,28.0)
(459.0,28.0)
(503.0,28.0)
(16.0,28.0)
(515.0,28.0)
(515.0,28.0)
(16.0,28.0)
(16.0,28.0)
(503.0,28.0)
(29.0,28.0)
(125.0,28.0)
(17.0,28.0)
(18.0,28.0)
(25.0,28.0)
(503.0,28.0)
(17.0,28.0)
(17.0,28.0)
(29.0,28.0)
(16.0,28.0)
(25.0,28.0)
(17.0,28.0)
(17.0,28.0)
(16.0,28.0)
(29.0,28.0)
(16.0,28.0)
(25.0,28.0)
(16.0,28.0)
(17.0,28.0)
(17.0,28.0)
(503.0,28.0)
(25.0,28.0)
(515.0,28.0)
(13.0,28.0)
(29.0,29.0)
(29.0,29.0)
(511.0,29.0)
(29.0,29.0)
(515.0,29.0)
(515.0,29.0)
(25.0,29.0)
(17.0,29.0)
(25.0,29.0)
(515.0,29.0)
(16.0,29.0)
(16.0,29.0)
(503.0,29.0)
(29.0,29.0)
(29.0,29.0)
(17.0,29.0)
(515.0,29.0)
(29.0,29.0)
(29.0,29.0)
(515.0,29.0)
(515.0,29.0)
(29.0,29.0)
(29.0,29.0)
(29.0,29.0)
(29.0,29.0)
(29.0,29.0)
(515.0,29.0)
(515.0,29.0)
(29.0,29.0)
(515.0,29.0)
(29.0,29.0)
(29.0,29.0)
(29.0,29.0)
(29.0,29.0)
(25.0,29.0)
(16.0,29.0)
(29.0,29.0)
(25.0,29.0)
(13.0,29.0)
(515.0,29.0)
(29.0,29.0)
(29.0,29.0)
(17.0,29.0)
(25.0,29.0)
(29.0,29.0)
(29.0,29.0)
(515.0,29.0)
(17.0,29.0)
(515.0,29.0)
(17.0,29.0)
(13.0,29.0)
(18.0,29.0)
(29.0,29.0)
(29.0,29.0)
(29.0,29.0)
(503.0,29.0)
(503.0,29.0)
(515.0,29.0)
(29.0,29.0)
(17.0,29.0)
(29.0,29.0)
(29.0,29.0)
(271.0,29.0)
(515.0,29.0)
(29.0,29.0)
(515.0,29.0)
(29.0,29.0)
(29.0,29.0)
(29.0,29.0)
(29.0,29.0)
(17.0,29.0)
(515.0,29.0)
(16.0,29.0)
(503.0,29.0)
(29.0,29.0)
(511.0,29.0)
(515.0,29.0)
(25.0,29.0)
(29.0,29.0)
(29.0,29.0)
(29.0,29.0)
(515.0,29.0)
(29.0,29.0)
(515.0,29.0)
(515.0,29.0)
(515.0,29.0)
(29.0,29.0)
(17.0,29.0)
(17.0,29.0)
(29.0,29.0)
(503.0,29.0)
(17.0,29.0)
(17.0,29.0)
(16.0,29.0)
(16.0,29.0)
(18.0,29.0)
(515.0,29.0)
(29.0,29.0)
(29.0,29.0)
(13.0,29.0)
(29.0,29.0)
(29.0,29.0)
(29.0,29.0)
(503.0,29.0)
(503.0,29.0)
(20.0,29.0)
(515.0,29.0)
(515.0,29.0)
(29.0,29.0)
(25.0,29.0)
(29.0,29.0)
(29.0,29.0)
(29.0,29.0)
(29.0,29.0)
(515.0,29.0)
(515.0,29.0)
(29.0,29.0)
(29.0,29.0)
(29.0,29.0)
(29.0,29.0)
(503.0,29.0)
(29.0,29.0)
(15.0,29.0)
(29.0,29.0)
(515.0,29.0)
(515.0,29.0)
(13.0,29.0)
(18.0,29.0)
(29.0,29.0)
(29.0,29.0)
(29.0,29.0)
(20.0,29.0)
(511.0,29.0)
(29.0,29.0)
(16.0,29.0)
(503.0,29.0)
(29.0,29.0)
(29.0,29.0)
(29.0,29.0)
(516.0,29.0)
(29.0,29.0)
(515.0,29.0)
(29.0,29.0)
(123.0,29.0)
(25.0,29.0)
(25.0,29.0)
(515.0,29.0)
(29.0,29.0)
(13.0,29.0)
(29.0,29.0)
(29.0,29.0)
(511.0,29.0)
(29.0,29.0)
(515.0,29.0)
(515.0,29.0)
(17.0,29.0)
(17.0,29.0)
(25.0,29.0)
(515.0,29.0)
(16.0,29.0)
(16.0,29.0)
(503.0,29.0)
(29.0,29.0)
(29.0,29.0)
(17.0,29.0)
(515.0,29.0)
(29.0,29.0)
(29.0,29.0)
(515.0,29.0)
(515.0,29.0)
(29.0,29.0)
(29.0,29.0)
(29.0,29.0)
(29.0,29.0)
(29.0,29.0)
(515.0,29.0)
(515.0,29.0)
(29.0,29.0)
(515.0,29.0)
(29.0,29.0)
(29.0,29.0)
(29.0,29.0)
(29.0,29.0)
(25.0,29.0)
(16.0,29.0)
(25.0,29.0)
(29.0,29.0)
(515.0,29.0)
(29.0,29.0)
(29.0,29.0)
(17.0,29.0)
(25.0,29.0)
(29.0,29.0)
(29.0,29.0)
(515.0,29.0)
(17.0,29.0)
(515.0,29.0)
(17.0,29.0)
(569.0,29.0)
(18.0,29.0)
(29.0,29.0)
(29.0,29.0)
(29.0,29.0)
(503.0,29.0)
(30.0,29.0)
(515.0,29.0)
(29.0,29.0)
(17.0,29.0)
(515.0,29.0)
(29.0,29.0)
(29.0,29.0)
(515.0,29.0)
(29.0,29.0)
(515.0,29.0)
(29.0,29.0)
(29.0,29.0)
(29.0,29.0)
(29.0,29.0)
(17.0,29.0)
(515.0,29.0)
(16.0,29.0)
(503.0,29.0)
(29.0,29.0)
(511.0,29.0)
(515.0,29.0)
(25.0,29.0)
(29.0,29.0)
(29.0,29.0)
(29.0,29.0)
(515.0,29.0)
(29.0,29.0)
(515.0,29.0)
(30.0,29.0)
(515.0,29.0)
(29.0,29.0)
(17.0,29.0)
(29.0,29.0)
(20.0,29.0)
(17.0,29.0)
(17.0,29.0)
(503.0,29.0)
(16.0,29.0)
(18.0,29.0)
(29.0,29.0)
(29.0,29.0)
(29.0,29.0)
(17.0,29.0)
(29.0,29.0)
(29.0,29.0)
(29.0,29.0)
(503.0,29.0)
(503.0,29.0)
(20.0,29.0)
(515.0,29.0)
(17.0,29.0)
(17.0,29.0)
(25.0,29.0)
(29.0,29.0)
(498.0,29.0)
(29.0,29.0)
(29.0,29.0)
(515.0,29.0)
(515.0,29.0)
(29.0,29.0)
(29.0,29.0)
(29.0,29.0)
(29.0,29.0)
(17.0,29.0)
(29.0,29.0)
(15.0,29.0)
(29.0,29.0)
(515.0,29.0)
(30.0,29.0)
(25.0,29.0)
(17.0,29.0)
(29.0,29.0)
(29.0,29.0)
(29.0,29.0)
(515.0,29.0)
(20.0,29.0)
(511.0,29.0)
(29.0,29.0)
(29.0,29.0)
(503.0,29.0)
(29.0,29.0)
(29.0,29.0)
(29.0,29.0)
(516.0,29.0)
(29.0,29.0)
(30.0,29.0)
(515.0,29.0)
(569.0,29.0)
(25.0,29.0)
(25.0,29.0)
(515.0,29.0)
(29.0,29.0)
(29.0,29.0)
(17.0,29.0)
(515.0,29.0)
(29.0,29.0)
(29.0,29.0)
(29.0,29.0)
(16.0,29.0)
(25.0,29.0)
(17.0,29.0)
(29.0,29.0)
(29.0,29.0)
(29.0,29.0)
(29.0,29.0)
(503.0,29.0)
(29.0,29.0)
(29.0,29.0)
(499.0,29.0)
(515.0,29.0)
(29.0,29.0)
(29.0,29.0)
(515.0,29.0)
(515.0,29.0)
(29.0,29.0)
(515.0,29.0)
(29.0,29.0)
(29.0,29.0)
(29.0,29.0)
(515.0,29.0)
(515.0,29.0)
(17.0,29.0)
(459.0,29.0)
(29.0,29.0)
(29.0,29.0)
(29.0,29.0)
(29.0,29.0)
(29.0,29.0)
(13.0,29.0)
(29.0,29.0)
(29.0,29.0)
(17.0,29.0)
(503.0,29.0)
(29.0,29.0)
(29.0,29.0)
(29.0,29.0)
(25.0,29.0)
(17.0,29.0)
(499.0,29.0)
(29.0,29.0)
(515.0,29.0)
(29.0,29.0)
(17.0,29.0)
(515.0,29.0)
(29.0,29.0)
(17.0,29.0)
(29.0,29.0)
(29.0,29.0)
(29.0,29.0)
(29.0,29.0)
(29.0,29.0)
(28.0,29.0)
(29.0,29.0)
(29.0,29.0)
(17.0,29.0)
(499.0,29.0)
(17.0,29.0)
(515.0,29.0)
(29.0,29.0)
(515.0,29.0)
(29.0,29.0)
(29.0,29.0)
(29.0,29.0)
(29.0,29.0)
(29.0,29.0)
(25.0,29.0)
(28.0,29.0)
(16.0,29.0)
(503.0,29.0)
(29.0,29.0)
(17.0,29.0)
(29.0,29.0)
(512.0,29.0)
(29.0,29.0)
(29.0,29.0)
(29.0,29.0)
(29.0,29.0)
(515.0,29.0)
(503.0,29.0)
(20.0,29.0)
(17.0,29.0)
(29.0,29.0)
(17.0,29.0)
(29.0,29.0)
(29.0,29.0)
(17.0,29.0)
(17.0,29.0)
(503.0,29.0)
(28.0,29.0)
(16.0,29.0)
(29.0,29.0)
(515.0,29.0)
(29.0,29.0)
(29.0,29.0)
(17.0,29.0)
(29.0,29.0)
(29.0,29.0)
(29.0,29.0)
(503.0,29.0)
(29.0,29.0)
(17.0,29.0)
(515.0,29.0)
(515.0,29.0)
(29.0,29.0)
(17.0,29.0)
(29.0,29.0)
(29.0,29.0)
(29.0,29.0)
(17.0,29.0)
(17.0,29.0)
(17.0,29.0)
(29.0,29.0)
(29.0,29.0)
(29.0,29.0)
(29.0,29.0)
(503.0,29.0)
(29.0,29.0)
(17.0,29.0)
(29.0,29.0)
(16.0,29.0)
(29.0,29.0)
(503.0,29.0)
(503.0,29.0)
(29.0,29.0)
(29.0,29.0)
(29.0,29.0)
(29.0,29.0)
(515.0,29.0)
(503.0,29.0)
(25.0,29.0)
(17.0,29.0)
(29.0,29.0)
(29.0,29.0)
(515.0,29.0)
(29.0,29.0)
(29.0,29.0)
(29.0,29.0)
(29.0,29.0)
(29.0,29.0)
(503.0,29.0)
(29.0,29.0)
(17.0,29.0)
(25.0,29.0)
(17.0,29.0)
(515.0,29.0)
(29.0,29.0)
(503.0,29.0)
(17.0,29.0)
(323.0,31.0)
(387.0,31.0)
(15.0,31.0)
(19.0,31.0)
(31.0,31.0)
(381.0,31.0)
(406.0,31.0)
(771.0,31.0)
(749.0,31.0)
(31.0,31.0)
(31.0,31.0)
(16.0,31.0)
(327.0,31.0)
(2.0,31.0)
(398.0,31.0)
(45.0,31.0)
(352.0,31.0)
(350.0,31.0)
(31.0,31.0)
(17.0,31.0)
(22.0,31.0)
(381.0,31.0)
(402.0,31.0)
(530.0,31.0)
(39.0,31.0)
(31.0,31.0)
(475.0,31.0)
(475.0,31.0)
(381.0,31.0)
(45.0,31.0)
(519.0,31.0)
(398.0,31.0)
(42.0,31.0)
(771.0,31.0)
(22.0,31.0)
(421.0,31.0)
(17.0,31.0)
(31.0,31.0)
(395.0,31.0)
(530.0,31.0)
(45.0,31.0)
(387.0,31.0)
(17.0,31.0)
(771.0,31.0)
(22.0,31.0)
(30.0,31.0)
(45.0,31.0)
(757.0,31.0)
(30.0,31.0)
(211.0,31.0)
(18.0,31.0)
(459.0,31.0)
(384.0,31.0)
(771.0,31.0)
(771.0,31.0)
(19.0,31.0)
(18.0,31.0)
(31.0,31.0)
(771.0,31.0)
(22.0,31.0)
(447.0,31.0)
(413.0,31.0)
(31.0,31.0)
(350.0,31.0)
(475.0,31.0)
(519.0,31.0)
(45.0,31.0)
(18.0,31.0)
(402.0,31.0)
(354.0,31.0)
(459.0,31.0)
(530.0,31.0)
(31.0,31.0)
(447.0,31.0)
(31.0,31.0)
(40.0,31.0)
(31.0,31.0)
(18.0,31.0)
(31.0,31.0)
(333.0,31.0)
(39.0,31.0)
(419.0,31.0)
(413.0,31.0)
(40.0,31.0)
(323.0,31.0)
(387.0,31.0)
(18.0,31.0)
(771.0,31.0)
(738.0,31.0)
(43.0,31.0)
(31.0,31.0)
(39.0,31.0)
(45.0,31.0)
(395.0,31.0)
(354.0,31.0)
(22.0,31.0)
(30.0,31.0)
(36.0,31.0)
(45.0,31.0)
(45.0,31.0)
(31.0,31.0)
(31.0,31.0)
(31.0,31.0)
(3.0,31.0)
(18.0,31.0)
(17.0,31.0)
(769.0,31.0)
(31.0,31.0)
(31.0,31.0)
(771.0,31.0)
(31.0,31.0)
(350.0,31.0)
(31.0,31.0)
(31.0,31.0)
(45.0,31.0)
(30.0,31.0)
(22.0,31.0)
(713.0,31.0)
(28.0,31.0)
(45.0,31.0)
(25.0,31.0)
(31.0,31.0)
(15.0,31.0)
(484.0,31.0)
(262.0,31.0)
(377.0,31.0)
(36.0,31.0)
(309.0,31.0)
(395.0,31.0)
(22.0,31.0)
(22.0,31.0)
(31.0,31.0)
(15.0,31.0)
(771.0,31.0)
(45.0,31.0)
(31.0,31.0)
(22.0,31.0)
(413.0,31.0)
(30.0,31.0)
(660.0,31.0)
(327.0,31.0)
(45.0,31.0)
(31.0,31.0)
(17.0,31.0)
(327.0,31.0)
(482.0,31.0)
(771.0,31.0)
(45.0,31.0)
(757.0,31.0)
(417.0,31.0)
(31.0,31.0)
(16.0,31.0)
(31.0,31.0)
(31.0,31.0)
(31.0,31.0)
(31.0,31.0)
(31.0,31.0)
(31.0,31.0)
(31.0,31.0)
(31.0,31.0)
(31.0,31.0)
(31.0,31.0)
(31.0,31.0)
(515.0,31.0)
(31.0,31.0)
(31.0,31.0)
(31.0,31.0)
(31.0,31.0)
(31.0,31.0)
(31.0,31.0)
(31.0,31.0)
(17.0,31.0)
(31.0,31.0)
(31.0,31.0)
(31.0,31.0)
(515.0,31.0)
(31.0,31.0)
(31.0,31.0)
(31.0,31.0)
(31.0,31.0)
(31.0,31.0)
(31.0,31.0)
(31.0,31.0)
(31.0,31.0)
(31.0,31.0)
(31.0,31.0)
(31.0,31.0)
(31.0,31.0)
(31.0,31.0)
(31.0,31.0)
(31.0,31.0)
(31.0,31.0)
(31.0,31.0)
(31.0,31.0)
(31.0,31.0)
(31.0,31.0)
(31.0,31.0)
(31.0,31.0)
(31.0,31.0)
(31.0,31.0)
(31.0,31.0)
(31.0,31.0)
(31.0,31.0)
(31.0,31.0)
(31.0,31.0)
(31.0,31.0)
(31.0,31.0)
(31.0,31.0)
(31.0,31.0)
(31.0,31.0)
(16.0,31.0)
(31.0,31.0)
(31.0,31.0)
(31.0,31.0)
(515.0,31.0)
(16.0,31.0)
(31.0,31.0)
(31.0,31.0)
(23.0,31.0)
(31.0,31.0)
(31.0,31.0)
(31.0,31.0)
(31.0,31.0)
(31.0,31.0)
(31.0,31.0)
(31.0,31.0)
(31.0,31.0)
(31.0,31.0)
(31.0,31.0)
(31.0,31.0)
(31.0,31.0)
(31.0,31.0)
(16.0,31.0)
(31.0,31.0)
(31.0,31.0)
(515.0,31.0)
(31.0,31.0)
(31.0,31.0)
(31.0,31.0)
(31.0,31.0)
(17.0,31.0)
(31.0,31.0)
(31.0,31.0)
(31.0,31.0)
(31.0,31.0)
(31.0,31.0)
(31.0,31.0)
(31.0,31.0)
(515.0,31.0)
(31.0,31.0)
(31.0,31.0)
(31.0,31.0)
(31.0,31.0)
(31.0,31.0)
(31.0,31.0)
(515.0,31.0)
(31.0,31.0)
(16.0,31.0)
(31.0,31.0)
(31.0,31.0)
(31.0,31.0)
(31.0,31.0)
(17.0,31.0)
(31.0,31.0)
(31.0,31.0)
(31.0,31.0)
(31.0,31.0)
(31.0,31.0)
(31.0,31.0)
(31.0,31.0)
(31.0,31.0)
(31.0,31.0)
(31.0,31.0)
(31.0,31.0)
(31.0,31.0)
(31.0,31.0)
(31.0,31.0)
(31.0,31.0)
(31.0,31.0)
(16.0,31.0)
(31.0,31.0)
(31.0,31.0)
(31.0,31.0)
(31.0,31.0)
(31.0,31.0)
(391.0,33.0)
(530.0,33.0)
(449.0,33.0)
(429.0,33.0)
(466.0,33.0)
(464.0,33.0)
(323.0,33.0)
(464.0,33.0)
(45.0,33.0)
(713.0,33.0)
(464.0,33.0)
(39.0,33.0)
(466.0,33.0)
(466.0,33.0)
(449.0,33.0)
(464.0,33.0)
(466.0,33.0)
(532.0,33.0)
(449.0,33.0)
(389.0,33.0)
(449.0,33.0)
(466.0,33.0)
(466.0,33.0)
(43.0,33.0)
(466.0,33.0)
(449.0,33.0)
(35.0,33.0)
(38.0,33.0)
(744.0,33.0)
(466.0,33.0)
(464.0,33.0)
(392.0,33.0)
(42.0,33.0)
(449.0,33.0)
(449.0,33.0)
(449.0,33.0)
(466.0,33.0)
(466.0,33.0)
(389.0,33.0)
(449.0,33.0)
(449.0,33.0)
(449.0,33.0)
(449.0,33.0)
(449.0,33.0)
(466.0,33.0)
(389.0,33.0)
(464.0,33.0)
(39.0,33.0)
(43.0,33.0)
(38.0,33.0)
(43.0,33.0)
(522.0,33.0)
(349.0,33.0)
(466.0,33.0)
(466.0,33.0)
(449.0,33.0)
(449.0,33.0)
(43.0,33.0)
(449.0,33.0)
(356.0,33.0)
(449.0,33.0)
(388.0,33.0)
(527.0,33.0)
(39.0,33.0)
(449.0,33.0)
(466.0,33.0)
(2.0,33.0)
(39.0,33.0)
(45.0,33.0)
(449.0,33.0)
(449.0,33.0)
(33.0,33.0)
(44.0,33.0)
(464.0,33.0)
(349.0,33.0)
(424.0,33.0)
(449.0,33.0)
(449.0,33.0)
(38.0,33.0)
(38.0,33.0)
(389.0,33.0)
(483.0,33.0)
(43.0,33.0)
(530.0,33.0)
(389.0,33.0)
(522.0,33.0)
(42.0,33.0)
(466.0,33.0)
(464.0,33.0)
(803.0,33.0)
(464.0,33.0)
(37.0,33.0)
(519.0,33.0)
(44.0,33.0)
(466.0,33.0)
(530.0,33.0)
(449.0,33.0)
(449.0,33.0)
(35.0,33.0)
(2.0,33.0)
(466.0,33.0)
(466.0,33.0)
(466.0,33.0)
(771.0,33.0)
(519.0,33.0)
(393.0,33.0)
(44.0,33.0)
(803.0,33.0)
(803.0,33.0)
(43.0,33.0)
(39.0,33.0)
(2.0,33.0)
(449.0,33.0)
(466.0,33.0)
(449.0,33.0)
(466.0,33.0)
(449.0,33.0)
(466.0,33.0)
(466.0,33.0)
(803.0,33.0)
(464.0,33.0)
(449.0,33.0)
(464.0,33.0)
(522.0,33.0)
(466.0,33.0)
(349.0,33.0)
(466.0,33.0)
(388.0,33.0)
(386.0,33.0)
(34.0,33.0)
(464.0,33.0)
(44.0,33.0)
(449.0,33.0)
(44.0,33.0)
(389.0,33.0)
(44.0,33.0)
(466.0,33.0)
(43.0,33.0)
(466.0,33.0)
(803.0,33.0)
(449.0,33.0)
(43.0,33.0)
(43.0,33.0)
(38.0,33.0)
(466.0,33.0)
(466.0,33.0)
(803.0,33.0)
(44.0,33.0)
(466.0,33.0)
(435.0,33.0)
(466.0,33.0)
(464.0,33.0)
(449.0,33.0)
(449.0,33.0)
(449.0,33.0)
(393.0,33.0)
(449.0,33.0)
(449.0,33.0)
(449.0,33.0)
(530.0,33.0)
(449.0,33.0)
(43.0,33.0)
(449.0,33.0)
(464.0,33.0)
(389.0,33.0)
(43.0,33.0)
(43.0,33.0)
(42.0,33.0)
(466.0,33.0)
(44.0,33.0)
(43.0,33.0)
(44.0,33.0)
(42.0,33.0)
(44.0,33.0)
(466.0,33.0)
(431.0,33.0)
(44.0,33.0)
(44.0,33.0)
(351.0,33.0)
(525.0,33.0)
(725.0,33.0)
(38.0,33.0)
(37.0,33.0)
(34.0,33.0)
(39.0,33.0)
(466.0,33.0)
(461.0,33.0)
(38.0,33.0)
(456.0,33.0)
(375.0,33.0)
(785.0,33.0)
(461.0,33.0)
(33.0,33.0)
(2.0,33.0)
(466.0,33.0)
(466.0,33.0)
(530.0,33.0)
(44.0,33.0)
(461.0,33.0)
(41.0,33.0)
(44.0,33.0)
(44.0,33.0)
(44.0,33.0)
(388.0,33.0)
(388.0,33.0)
(798.0,33.0)
(43.0,33.0)
(522.0,33.0)
(388.0,33.0)
(388.0,33.0)
(44.0,33.0)
(448.0,33.0)
(2.0,33.0)
(2.0,33.0)
(44.0,33.0)
(44.0,33.0)
(45.0,33.0)
(388.0,33.0)
(37.0,33.0)
(530.0,33.0)
(388.0,33.0)
(44.0,33.0)
(44.0,33.0)
(39.0,33.0)
(389.0,33.0)
(38.0,33.0)
(522.0,33.0)
(43.0,33.0)
(466.0,33.0)
(388.0,33.0)
(388.0,33.0)
(39.0,33.0)
(43.0,33.0)
(448.0,33.0)
(35.0,33.0)
(388.0,33.0)
(388.0,33.0)
(38.0,33.0)
(44.0,33.0)
(43.0,33.0)
(44.0,33.0)
(785.0,33.0)
(785.0,33.0)
(479.0,33.0)
(372.0,33.0)
(38.0,33.0)
(444.0,33.0)
(37.0,33.0)
(42.0,33.0)
(388.0,33.0)
(479.0,33.0)
(43.0,33.0)
(388.0,33.0)
(44.0,33.0)
(388.0,33.0)
(44.0,33.0)
(525.0,33.0)
(44.0,33.0)
(44.0,33.0)
(38.0,33.0)
(35.0,33.0)
(44.0,33.0)
(44.0,33.0)
(45.0,33.0)
(522.0,33.0)
(2.0,33.0)
(33.0,33.0)
(44.0,33.0)
(44.0,33.0)
(44.0,33.0)
(38.0,33.0)
(42.0,33.0)
(484.0,33.0)
(42.0,33.0)
(44.0,33.0)
(44.0,33.0)
(39.0,33.0)
(2.0,33.0)
(31.0,33.0)
(43.0,33.0)
(44.0,33.0)
(44.0,33.0)
(388.0,33.0)
(785.0,33.0)
(44.0,33.0)
(38.0,33.0)
(37.0,33.0)
(525.0,33.0)
(479.0,33.0)
(461.0,33.0)
(299.0,33.0)
(798.0,33.0)
(42.0,33.0)
(389.0,33.0)
(44.0,33.0)
(38.0,33.0)
(42.0,33.0)
(44.0,33.0)
(44.0,33.0)
(44.0,33.0)
(468.0,33.0)
(35.0,33.0)
(785.0,33.0)
(38.0,33.0)
(388.0,33.0)
(532.0,33.0)
(785.0,33.0)
(448.0,33.0)
(33.0,33.0)
(38.0,33.0)
(466.0,33.0)
(785.0,33.0)
(2.0,33.0)
(448.0,33.0)
(419.0,33.0)
(522.0,33.0)
(388.0,33.0)
(38.0,33.0)
(43.0,33.0)
(466.0,33.0)
(411.0,33.0)
(466.0,33.0)
(44.0,33.0)
(376.0,33.0)
(391.0,33.0)
(44.0,33.0)
(388.0,33.0)
(44.0,33.0)
(44.0,33.0)
(35.0,33.0)
(45.0,33.0)
(484.0,33.0)
(40.0,33.0)
(353.0,33.0)
(391.0,33.0)
(528.0,33.0)
(45.0,33.0)
(530.0,33.0)
(90.0,34.0)
(33.0,34.0)
(526.0,34.0)
(1.0,34.0)
(528.0,34.0)
(565.0,34.0)
(528.0,34.0)
(33.0,34.0)
(580.0,34.0)
(570.0,34.0)
(528.0,34.0)
(32.0,34.0)
(90.0,34.0)
(526.0,34.0)
(526.0,34.0)
(752.0,34.0)
(565.0,34.0)
(526.0,34.0)
(525.0,34.0)
(526.0,34.0)
(523.0,34.0)
(523.0,34.0)
(526.0,34.0)
(526.0,34.0)
(455.0,34.0)
(525.0,34.0)
(32.0,34.0)
(526.0,34.0)
(529.0,34.0)
(528.0,34.0)
(570.0,34.0)
(528.0,34.0)
(743.0,34.0)
(32.0,34.0)
(33.0,34.0)
(90.0,34.0)
(455.0,34.0)
(526.0,34.0)
(523.0,34.0)
(526.0,34.0)
(528.0,34.0)
(528.0,34.0)
(752.0,34.0)
(527.0,34.0)
(33.0,34.0)
(527.0,34.0)
(528.0,34.0)
(528.0,34.0)
(580.0,34.0)
(528.0,34.0)
(79.0,34.0)
(32.0,34.0)
(528.0,34.0)
(33.0,34.0)
(33.0,34.0)
(528.0,34.0)
(539.0,34.0)
(33.0,34.0)
(528.0,34.0)
(528.0,34.0)
(526.0,34.0)
(33.0,34.0)
(528.0,34.0)
(528.0,34.0)
(523.0,34.0)
(101.0,34.0)
(101.0,34.0)
(101.0,34.0)
(528.0,34.0)
(455.0,34.0)
(32.0,34.0)
(525.0,34.0)
(523.0,34.0)
(32.0,34.0)
(33.0,34.0)
(526.0,34.0)
(90.0,34.0)
(565.0,34.0)
(526.0,34.0)
(33.0,34.0)
(525.0,34.0)
(528.0,34.0)
(528.0,34.0)
(526.0,34.0)
(526.0,34.0)
(32.0,34.0)
(79.0,34.0)
(525.0,34.0)
(101.0,34.0)
(528.0,34.0)
(101.0,34.0)
(526.0,34.0)
(526.0,34.0)
(33.0,34.0)
(528.0,34.0)
(528.0,34.0)
(580.0,34.0)
(101.0,34.0)
(101.0,34.0)
(33.0,34.0)
(1.0,34.0)
(529.0,34.0)
(32.0,34.0)
(33.0,34.0)
(525.0,34.0)
(580.0,34.0)
(528.0,34.0)
(528.0,34.0)
(526.0,34.0)
(33.0,34.0)
(528.0,34.0)
(33.0,34.0)
(33.0,34.0)
(526.0,34.0)
(528.0,34.0)
(526.0,34.0)
(32.0,34.0)
(527.0,34.0)
(523.0,34.0)
(525.0,34.0)
(526.0,34.0)
(33.0,34.0)
(1.0,34.0)
(526.0,34.0)
(526.0,34.0)
(526.0,34.0)
(82.0,34.0)
(523.0,34.0)
(526.0,34.0)
(526.0,34.0)
(523.0,34.0)
(82.0,34.0)
(32.0,34.0)
(526.0,34.0)
(526.0,34.0)
(79.0,34.0)
(539.0,34.0)
(32.0,34.0)
(528.0,34.0)
(539.0,34.0)
(101.0,34.0)
(90.0,34.0)
(82.0,34.0)
(526.0,34.0)
(539.0,34.0)
(526.0,34.0)
(528.0,34.0)
(528.0,34.0)
(79.0,34.0)
(580.0,34.0)
(752.0,34.0)
(1.0,34.0)
(33.0,34.0)
(79.0,34.0)
(752.0,34.0)
(526.0,34.0)
(526.0,34.0)
(33.0,34.0)
(565.0,34.0)
(580.0,34.0)
(526.0,34.0)
(33.0,34.0)
(580.0,34.0)
(526.0,34.0)
(528.0,34.0)
(771.0,34.0)
(464.0,34.0)
(771.0,34.0)
(459.0,34.0)
(464.0,34.0)
(35.0,34.0)
(353.0,34.0)
(464.0,34.0)
(771.0,34.0)
(479.0,34.0)
(42.0,34.0)
(464.0,34.0)
(781.0,34.0)
(522.0,34.0)
(446.0,34.0)
(771.0,34.0)
(452.0,34.0)
(39.0,34.0)
(448.0,34.0)
(530.0,34.0)
(36.0,34.0)
(2.0,34.0)
(38.0,34.0)
(464.0,34.0)
(464.0,34.0)
(471.0,34.0)
(464.0,34.0)
(771.0,34.0)
(464.0,34.0)
(39.0,34.0)
(530.0,34.0)
(464.0,34.0)
(530.0,34.0)
(39.0,34.0)
(771.0,34.0)
(386.0,34.0)
(448.0,34.0)
(464.0,34.0)
(771.0,34.0)
(771.0,34.0)
(798.0,34.0)
(771.0,34.0)
(464.0,34.0)
(448.0,34.0)
(459.0,34.0)
(212.0,34.0)
(43.0,34.0)
(44.0,34.0)
(38.0,34.0)
(448.0,34.0)
(44.0,34.0)
(44.0,34.0)
(530.0,34.0)
(44.0,34.0)
(464.0,34.0)
(38.0,34.0)
(530.0,34.0)
(771.0,34.0)
(39.0,34.0)
(771.0,34.0)
(464.0,34.0)
(44.0,34.0)
(102.0,34.0)
(723.0,34.0)
(44.0,34.0)
(45.0,34.0)
(42.0,34.0)
(45.0,34.0)
(386.0,34.0)
(2.0,34.0)
(444.0,34.0)
(464.0,34.0)
(723.0,34.0)
(34.0,34.0)
(798.0,34.0)
(2.0,34.0)
(388.0,34.0)
(771.0,34.0)
(45.0,34.0)
(419.0,34.0)
(44.0,34.0)
(35.0,34.0)
(448.0,34.0)
(444.0,34.0)
(102.0,34.0)
(464.0,34.0)
(464.0,34.0)
(44.0,34.0)
(464.0,34.0)
(771.0,34.0)
(35.0,34.0)
(464.0,34.0)
(44.0,34.0)
(798.0,34.0)
(466.0,34.0)
(43.0,34.0)
(45.0,34.0)
(464.0,34.0)
(419.0,34.0)
(771.0,34.0)
(771.0,34.0)
(39.0,34.0)
(771.0,34.0)
(522.0,34.0)
(798.0,34.0)
(771.0,34.0)
(448.0,34.0)
(741.0,34.0)
(44.0,34.0)
(464.0,34.0)
(38.0,34.0)
(771.0,34.0)
(464.0,34.0)
(771.0,34.0)
(771.0,34.0)
(638.0,34.0)
(448.0,34.0)
(464.0,34.0)
(349.0,34.0)
(464.0,34.0)
(466.0,34.0)
(44.0,34.0)
(43.0,34.0)
(530.0,34.0)
(464.0,34.0)
(771.0,34.0)
(43.0,34.0)
(464.0,34.0)
(44.0,34.0)
(464.0,34.0)
(798.0,34.0)
(464.0,34.0)
(798.0,34.0)
(459.0,34.0)
(771.0,34.0)
(464.0,34.0)
(33.0,34.0)
(771.0,34.0)
(464.0,34.0)
(43.0,34.0)
(530.0,34.0)
(351.0,34.0)
(386.0,34.0)
(771.0,34.0)
(41.0,34.0)
(353.0,34.0)
(771.0,34.0)
(43.0,34.0)
(388.0,34.0)
(340.0,34.0)
(464.0,34.0)
(466.0,34.0)
(35.0,34.0)
(798.0,34.0)
(466.0,34.0)
(771.0,34.0)
(38.0,34.0)
(381.0,34.0)
(771.0,34.0)
(421.0,34.0)
(771.0,34.0)
(2.0,34.0)
(530.0,35.0)
(422.0,35.0)
(689.0,35.0)
(398.0,35.0)
(43.0,35.0)
(771.0,35.0)
(102.0,35.0)
(43.0,35.0)
(45.0,35.0)
(459.0,35.0)
(42.0,35.0)
(459.0,35.0)
(286.0,35.0)
(44.0,35.0)
(44.0,35.0)
(102.0,35.0)
(802.0,35.0)
(448.0,35.0)
(459.0,35.0)
(455.0,35.0)
(45.0,35.0)
(212.0,35.0)
(305.0,35.0)
(38.0,35.0)
(44.0,35.0)
(45.0,35.0)
(785.0,35.0)
(459.0,35.0)
(771.0,35.0)
(45.0,35.0)
(44.0,35.0)
(42.0,35.0)
(412.0,35.0)
(43.0,35.0)
(38.0,35.0)
(44.0,35.0)
(395.0,35.0)
(44.0,35.0)
(44.0,35.0)
(35.0,35.0)
(44.0,35.0)
(771.0,35.0)
(44.0,35.0)
(798.0,35.0)
(459.0,35.0)
(771.0,35.0)
(353.0,35.0)
(785.0,35.0)
(327.0,35.0)
(386.0,35.0)
(484.0,35.0)
(43.0,35.0)
(417.0,35.0)
(38.0,35.0)
(530.0,35.0)
(388.0,35.0)
(35.0,35.0)
(479.0,35.0)
(44.0,35.0)
(42.0,35.0)
(771.0,35.0)
(459.0,35.0)
(45.0,35.0)
(459.0,35.0)
(43.0,35.0)
(397.0,35.0)
(43.0,35.0)
(444.0,35.0)
(459.0,35.0)
(381.0,35.0)
(530.0,35.0)
(771.0,35.0)
(45.0,35.0)
(42.0,35.0)
(44.0,35.0)
(102.0,35.0)
(43.0,35.0)
(771.0,35.0)
(381.0,35.0)
(771.0,35.0)
(327.0,35.0)
(44.0,35.0)
(459.0,35.0)
(43.0,35.0)
(45.0,35.0)
(479.0,35.0)
(771.0,35.0)
(102.0,35.0)
(381.0,35.0)
(530.0,35.0)
(44.0,35.0)
(459.0,35.0)
(771.0,35.0)
(4.0,35.0)
(44.0,35.0)
(44.0,35.0)
(771.0,35.0)
(381.0,35.0)
(44.0,35.0)
(44.0,35.0)
(771.0,35.0)
(45.0,35.0)
(785.0,35.0)
(771.0,35.0)
(45.0,35.0)
(45.0,35.0)
(36.0,35.0)
(482.0,35.0)
(38.0,35.0)
(211.0,35.0)
(45.0,35.0)
(2.0,35.0)
(43.0,35.0)
(44.0,35.0)
(771.0,35.0)
(445.0,35.0)
(44.0,35.0)
(43.0,35.0)
(388.0,35.0)
(530.0,35.0)
(530.0,35.0)
(781.0,35.0)
(43.0,35.0)
(353.0,35.0)
(102.0,35.0)
(41.0,35.0)
(44.0,35.0)
(44.0,35.0)
(44.0,35.0)
(45.0,35.0)
(44.0,35.0)
(448.0,35.0)
(44.0,35.0)
(40.0,35.0)
(771.0,35.0)
(43.0,35.0)
(43.0,35.0)
(42.0,35.0)
(771.0,35.0)
(45.0,35.0)
(448.0,35.0)
(389.0,35.0)
(33.0,35.0)
(785.0,35.0)
(40.0,35.0)
(771.0,35.0)
(45.0,35.0)
(353.0,35.0)
(102.0,35.0)
(44.0,35.0)
(785.0,35.0)
(42.0,35.0)
(471.0,35.0)
(43.0,35.0)
(37.0,35.0)
(36.0,35.0)
(212.0,35.0)
(771.0,35.0)
(33.0,35.0)
(17.0,35.0)
(45.0,35.0)
(39.0,35.0)
(350.0,35.0)
(351.0,35.0)
(44.0,35.0)
(44.0,35.0)
(381.0,35.0)
(781.0,35.0)
(406.0,35.0)
(43.0,35.0)
(37.0,37.0)
(37.0,37.0)
(37.0,37.0)
(37.0,37.0)
(455.0,37.0)
(37.0,37.0)
(37.0,37.0)
(37.0,37.0)
(37.0,37.0)
(37.0,37.0)
(37.0,37.0)
(526.0,37.0)
(37.0,37.0)
(37.0,37.0)
(37.0,37.0)
(37.0,37.0)
(37.0,37.0)
(37.0,37.0)
(37.0,37.0)
(37.0,37.0)
(37.0,37.0)
(37.0,37.0)
(37.0,37.0)
(37.0,37.0)
(43.0,37.0)
(37.0,37.0)
(37.0,37.0)
(525.0,37.0)
(37.0,37.0)
(37.0,37.0)
(37.0,37.0)
(37.0,37.0)
(37.0,37.0)
(37.0,37.0)
(37.0,37.0)
(37.0,37.0)
(37.0,37.0)
(455.0,37.0)
(37.0,37.0)
(37.0,37.0)
(37.0,37.0)
(37.0,37.0)
(37.0,37.0)
(37.0,37.0)
(37.0,37.0)
(37.0,37.0)
(37.0,37.0)
(37.0,37.0)
(37.0,37.0)
(37.0,37.0)
(37.0,37.0)
(37.0,37.0)
(37.0,37.0)
(37.0,37.0)
(37.0,37.0)
(37.0,37.0)
(37.0,37.0)
(37.0,37.0)
(37.0,37.0)
(37.0,37.0)
(37.0,37.0)
(37.0,37.0)
(455.0,37.0)
(37.0,37.0)
(37.0,37.0)
(455.0,37.0)
(37.0,37.0)
(526.0,37.0)
(37.0,37.0)
(37.0,37.0)
(37.0,37.0)
(37.0,37.0)
(37.0,37.0)
(37.0,37.0)
(526.0,37.0)
(37.0,37.0)
(37.0,37.0)
(37.0,37.0)
(455.0,37.0)
(37.0,37.0)
(37.0,37.0)
(37.0,37.0)
(37.0,37.0)
(37.0,37.0)
(37.0,37.0)
(37.0,37.0)
(43.0,37.0)
(37.0,37.0)
(37.0,37.0)
(37.0,37.0)
(37.0,37.0)
(37.0,37.0)
(37.0,37.0)
(43.0,37.0)
(37.0,37.0)
(43.0,37.0)
(526.0,37.0)
(37.0,37.0)
(37.0,37.0)
(37.0,37.0)
(37.0,37.0)
(37.0,37.0)
(37.0,37.0)
(37.0,37.0)
(37.0,37.0)
(37.0,37.0)
(37.0,37.0)
(37.0,37.0)
(37.0,37.0)
(526.0,37.0)
(37.0,37.0)
(37.0,37.0)
(37.0,37.0)
(37.0,37.0)
(37.0,37.0)
(455.0,37.0)
(37.0,37.0)
(37.0,37.0)
(37.0,37.0)
(37.0,37.0)
(37.0,37.0)
(37.0,37.0)
(37.0,37.0)
(37.0,37.0)
(37.0,37.0)
(37.0,37.0)
(37.0,37.0)
(37.0,37.0)
(37.0,37.0)
(37.0,37.0)
(37.0,37.0)
(526.0,37.0)
(37.0,37.0)
(37.0,37.0)
(37.0,37.0)
(37.0,37.0)
(525.0,37.0)
(37.0,37.0)
(37.0,37.0)
(526.0,37.0)
(37.0,37.0)
(37.0,37.0)
(37.0,37.0)
(37.0,37.0)
(37.0,37.0)
(37.0,37.0)
(37.0,37.0)
(37.0,37.0)
(37.0,37.0)
(37.0,37.0)
(37.0,37.0)
(37.0,37.0)
(37.0,37.0)
(37.0,37.0)
(37.0,37.0)
(37.0,37.0)
(455.0,37.0)
(37.0,37.0)
(526.0,37.0)
(37.0,37.0)
(37.0,37.0)
(37.0,37.0)
(37.0,37.0)
(525.0,37.0)
(37.0,37.0)
(37.0,37.0)
(37.0,37.0)
(37.0,37.0)
(37.0,37.0)
(37.0,37.0)
(37.0,37.0)
(37.0,37.0)
(37.0,37.0)
(37.0,37.0)
(37.0,37.0)
(37.0,37.0)
(37.0,37.0)
(37.0,37.0)
(37.0,37.0)
(37.0,37.0)
(37.0,37.0)
(526.0,37.0)
(455.0,37.0)
(37.0,37.0)
(37.0,37.0)
(526.0,37.0)
(37.0,37.0)
(37.0,37.0)
(37.0,37.0)
(37.0,37.0)
(526.0,37.0)
(37.0,37.0)
(37.0,37.0)
(38.0,37.0)
(40.0,37.0)
(37.0,37.0)
(522.0,37.0)
(37.0,37.0)
(38.0,37.0)
(38.0,37.0)
(38.0,37.0)
(37.0,37.0)
(37.0,37.0)
(38.0,37.0)
(38.0,37.0)
(38.0,37.0)
(37.0,37.0)
(43.0,37.0)
(38.0,37.0)
(38.0,37.0)
(37.0,37.0)
(2.0,37.0)
(37.0,37.0)
(427.0,37.0)
(38.0,37.0)
(738.0,37.0)
(40.0,37.0)
(17.0,37.0)
(37.0,37.0)
(38.0,37.0)
(37.0,37.0)
(38.0,37.0)
(427.0,37.0)
(37.0,37.0)
(37.0,37.0)
(38.0,37.0)
(38.0,37.0)
(427.0,37.0)
(38.0,37.0)
(38.0,37.0)
(37.0,37.0)
(38.0,37.0)
(38.0,37.0)
(459.0,37.0)
(435.0,37.0)
(31.0,37.0)
(45.0,37.0)
(37.0,37.0)
(37.0,37.0)
(39.0,37.0)
(427.0,37.0)
(37.0,37.0)
(37.0,37.0)
(37.0,37.0)
(39.0,37.0)
(433.0,37.0)
(459.0,37.0)
(527.0,37.0)
(427.0,37.0)
(38.0,37.0)
(427.0,37.0)
(525.0,37.0)
(38.0,37.0)
(37.0,37.0)
(2.0,37.0)
(37.0,37.0)
(427.0,37.0)
(405.0,37.0)
(37.0,37.0)
(33.0,37.0)
(38.0,37.0)
(427.0,37.0)
(483.0,37.0)
(349.0,37.0)
(37.0,37.0)
(38.0,37.0)
(31.0,37.0)
(531.0,37.0)
(37.0,37.0)
(43.0,37.0)
(38.0,37.0)
(44.0,37.0)
(484.0,37.0)
(37.0,37.0)
(45.0,37.0)
(38.0,37.0)
(413.0,37.0)
(37.0,37.0)
(37.0,37.0)
(37.0,37.0)
(38.0,37.0)
(38.0,37.0)
(37.0,37.0)
(38.0,37.0)
(567.0,37.0)
(413.0,37.0)
(43.0,37.0)
(413.0,37.0)
(38.0,37.0)
(24.0,37.0)
(37.0,37.0)
(42.0,37.0)
(427.0,37.0)
(338.0,37.0)
(38.0,37.0)
(38.0,37.0)
(38.0,37.0)
(435.0,37.0)
(2.0,37.0)
(525.0,37.0)
(30.0,37.0)
(40.0,37.0)
(459.0,37.0)
(37.0,37.0)
(43.0,37.0)
(38.0,37.0)
(37.0,37.0)
(35.0,37.0)
(37.0,37.0)
(427.0,37.0)
(38.0,37.0)
(37.0,37.0)
(37.0,37.0)
(413.0,37.0)
(38.0,37.0)
(37.0,37.0)
(37.0,37.0)
(38.0,37.0)
(38.0,37.0)
(38.0,37.0)
(40.0,37.0)
(37.0,37.0)
(522.0,37.0)
(37.0,37.0)
(38.0,37.0)
(38.0,37.0)
(37.0,37.0)
(43.0,37.0)
(38.0,37.0)
(38.0,37.0)
(38.0,37.0)
(38.0,37.0)
(18.0,37.0)
(37.0,37.0)
(37.0,37.0)
(15.0,37.0)
(44.0,37.0)
(38.0,37.0)
(38.0,37.0)
(37.0,37.0)
(37.0,37.0)
(38.0,37.0)
(37.0,37.0)
(44.0,37.0)
(38.0,37.0)
(37.0,37.0)
(435.0,37.0)
(37.0,37.0)
(38.0,37.0)
(44.0,37.0)
(38.0,37.0)
(531.0,37.0)
(427.0,37.0)
(37.0,37.0)
(38.0,37.0)
(40.0,37.0)
(528.0,37.0)
(525.0,37.0)
(40.0,37.0)
(527.0,37.0)
(522.0,37.0)
(37.0,37.0)
(38.0,37.0)
(38.0,37.0)
(405.0,37.0)
(39.0,37.0)
(45.0,37.0)
(484.0,37.0)
(785.0,37.0)
(421.0,37.0)
(37.0,37.0)
(528.0,37.0)
(427.0,37.0)
(376.0,37.0)
(37.0,37.0)
(530.0,37.0)
(38.0,37.0)
(350.0,37.0)
(43.0,37.0)
(37.0,37.0)
(38.0,37.0)
(38.0,37.0)
(37.0,37.0)
(37.0,37.0)
(102.0,37.0)
(37.0,37.0)
(38.0,37.0)
(455.0,37.0)
(37.0,37.0)
(38.0,37.0)
(44.0,37.0)
(37.0,37.0)
(38.0,37.0)
(45.0,37.0)
(38.0,37.0)
(38.0,37.0)
(37.0,37.0)
(37.0,37.0)
(37.0,37.0)
(38.0,37.0)
(417.0,37.0)
(37.0,37.0)
(37.0,37.0)
(40.0,37.0)
(38.0,37.0)
(37.0,37.0)
(38.0,37.0)
(38.0,37.0)
(37.0,37.0)
(356.0,37.0)
(38.0,37.0)
(38.0,37.0)
(37.0,37.0)
(37.0,37.0)
(448.0,37.0)
(35.0,37.0)
(455.0,37.0)
(38.0,37.0)
(37.0,37.0)
(38.0,37.0)
(479.0,37.0)
(44.0,37.0)
(38.0,37.0)
(479.0,37.0)
(37.0,37.0)
(37.0,37.0)
(42.0,37.0)
(38.0,37.0)
(645.0,37.0)
(38.0,37.0)
(645.0,37.0)
(44.0,37.0)
(37.0,37.0)
(37.0,37.0)
(522.0,37.0)
(37.0,37.0)
(37.0,37.0)
(37.0,37.0)
(395.0,37.0)
(527.0,37.0)
(38.0,37.0)
(37.0,37.0)
(445.0,37.0)
(38.0,37.0)
(38.0,37.0)
(37.0,37.0)
(38.0,37.0)
(37.0,37.0)
(38.0,37.0)
(527.0,37.0)
(38.0,37.0)
(38.0,37.0)
(38.0,37.0)
(37.0,37.0)
(37.0,37.0)
(38.0,37.0)
(37.0,37.0)
(15.0,37.0)
(38.0,37.0)
(38.0,37.0)
(38.0,37.0)
(38.0,37.0)
(479.0,37.0)
(40.0,37.0)
(38.0,37.0)
(432.0,37.0)
(37.0,37.0)
(37.0,37.0)
(37.0,37.0)
(40.0,37.0)
(37.0,37.0)
(44.0,37.0)
(427.0,37.0)
(38.0,37.0)
(38.0,37.0)
(38.0,37.0)
(425.0,37.0)
(771.0,37.0)
(44.0,37.0)
(37.0,37.0)
(427.0,37.0)
(38.0,37.0)
(38.0,37.0)
(38.0,37.0)
(37.0,37.0)
(38.0,37.0)
(38.0,37.0)
(37.0,37.0)
(43.0,37.0)
(522.0,37.0)
(379.0,37.0)
(154.0,37.0)
(38.0,37.0)
(37.0,37.0)
(40.0,37.0)
(37.0,37.0)
(38.0,37.0)
(37.0,37.0)
(37.0,37.0)
(37.0,37.0)
(44.0,37.0)
(427.0,37.0)
(2.0,37.0)
(38.0,37.0)
(37.0,37.0)
(15.0,37.0)
(18.0,37.0)
(37.0,37.0)
(37.0,37.0)
(37.0,37.0)
(37.0,37.0)
(37.0,37.0)
(38.0,37.0)
(38.0,37.0)
(37.0,37.0)
(435.0,37.0)
(37.0,37.0)
(37.0,37.0)
(781.0,37.0)
(37.0,37.0)
(37.0,37.0)
(427.0,37.0)
(46.0,37.0)
(38.0,37.0)
(37.0,37.0)
(37.0,37.0)
(38.0,37.0)
(37.0,37.0)
(37.0,37.0)
(37.0,37.0)
(37.0,37.0)
(435.0,37.0)
(44.0,37.0)
(37.0,37.0)
(525.0,37.0)
(37.0,37.0)
(38.0,37.0)
(38.0,37.0)
(37.0,37.0)
(37.0,37.0)
(37.0,37.0)
(37.0,37.0)
(435.0,37.0)
(37.0,37.0)
(525.0,37.0)
(784.0,37.0)
(37.0,37.0)
(427.0,37.0)
(38.0,37.0)
(38.0,37.0)
(37.0,37.0)
(38.0,37.0)
(422.0,37.0)
(37.0,37.0)
(2.0,37.0)
(38.0,37.0)
(38.0,37.0)
(37.0,37.0)
(37.0,37.0)
(38.0,37.0)
(43.0,37.0)
(40.0,37.0)
(37.0,37.0)
(37.0,37.0)
(302.0,528.0)
(421.0,528.0)
(38.0,528.0)
(30.0,528.0)
(483.0,528.0)
(411.0,528.0)
(43.0,528.0)
(528.0,528.0)
(36.0,528.0)
(38.0,528.0)
(45.0,528.0)
(17.0,528.0)
(37.0,528.0)
(25.0,528.0)
(42.0,528.0)
(37.0,528.0)
(377.0,528.0)
(22.0,528.0)
(713.0,528.0)
(398.0,528.0)
(738.0,528.0)
(442.0,528.0)
(40.0,528.0)
(43.0,528.0)
(25.0,528.0)
(516.0,528.0)
(459.0,528.0)
(42.0,528.0)
(37.0,528.0)
(31.0,528.0)
(381.0,528.0)
(45.0,528.0)
(102.0,528.0)
(45.0,528.0)
(25.0,528.0)
(102.0,528.0)
(785.0,528.0)
(37.0,528.0)
(37.0,528.0)
(22.0,528.0)
(37.0,528.0)
(22.0,528.0)
(33.0,528.0)
(738.0,528.0)
(38.0,528.0)
(459.0,528.0)
(25.0,528.0)
(37.0,528.0)
(771.0,528.0)
(31.0,528.0)
(411.0,528.0)
(37.0,528.0)
(459.0,528.0)
(37.0,528.0)
(36.0,528.0)
(38.0,528.0)
(459.0,528.0)
(102.0,528.0)
(25.0,528.0)
(102.0,528.0)
(22.0,528.0)
(45.0,528.0)
(37.0,528.0)
(37.0,528.0)
(785.0,528.0)
(37.0,528.0)
(785.0,528.0)
(411.0,528.0)
(38.0,528.0)
(435.0,528.0)
(25.0,528.0)
(750.0,528.0)
(784.0,528.0)
(459.0,528.0)
(40.0,528.0)
(750.0,528.0)
(459.0,528.0)
(581.0,528.0)
(405.0,528.0)
(42.0,528.0)
(37.0,528.0)
(37.0,528.0)
(36.0,528.0)
(102.0,528.0)
(43.0,528.0)
(417.0,528.0)
(391.0,528.0)
(102.0,528.0)
(406.0,528.0)
(38.0,528.0)
(459.0,528.0)
(37.0,528.0)
(406.0,528.0)
(37.0,528.0)
(36.0,528.0)
(22.0,528.0)
(25.0,528.0)
(43.0,528.0)
(447.0,528.0)
(411.0,528.0)
(417.0,528.0)
(37.0,528.0)
(25.0,528.0)
(37.0,528.0)
(25.0,528.0)
(39.0,528.0)
(40.0,528.0)
(38.0,528.0)
(37.0,528.0)
(37.0,528.0)
(43.0,528.0)
(483.0,528.0)
(452.0,528.0)
(411.0,528.0)
(645.0,528.0)
(44.0,528.0)
(19.0,528.0)
(37.0,528.0)
(713.0,528.0)
(43.0,528.0)
(38.0,528.0)
(25.0,528.0)
(45.0,528.0)
(38.0,528.0)
(413.0,528.0)
(771.0,528.0)
(447.0,528.0)
(18.0,528.0)
(37.0,528.0)
(459.0,528.0)
(38.0,528.0)
(405.0,528.0)
(25.0,528.0)
(785.0,528.0)
(483.0,528.0)
(25.0,528.0)
(3.0,528.0)
(15.0,528.0)
(471.0,528.0)
(25.0,528.0)
(528.0,528.0)
(38.0,528.0)
(44.0,528.0)
(442.0,528.0)
(22.0,528.0)
(37.0,528.0)
(785.0,528.0)
(522.0,528.0)
(459.0,528.0)
(44.0,528.0)
(421.0,528.0)
(15.0,528.0)
(37.0,528.0)
(785.0,528.0)
(38.0,528.0)
(785.0,528.0)
(482.0,528.0)
(464.0,39.0)
(212.0,39.0)
(39.0,39.0)
(448.0,39.0)
(448.0,39.0)
(597.0,39.0)
(39.0,39.0)
(44.0,39.0)
(45.0,39.0)
