(2.0,0.0)
(43.0,0.0)
(417.0,0.0)
(102.0,0.0)
(521.0,0.0)
(2.0,0.0)
(2.0,0.0)
(2.0,0.0)
(44.0,0.0)
(44.0,0.0)
(771.0,0.0)
(43.0,0.0)
(2.0,0.0)
(353.0,0.0)
(44.0,0.0)
(44.0,0.0)
(102.0,0.0)
(44.0,0.0)
(219.0,0.0)
(750.0,0.0)
(44.0,0.0)
(419.0,0.0)
(33.0,0.0)
(737.0,0.0)
(44.0,0.0)
(381.0,0.0)
(44.0,0.0)
(464.0,0.0)
(386.0,0.0)
(2.0,0.0)
(2.0,0.0)
(2.0,0.0)
(447.0,0.0)
(471.0,0.0)
(38.0,0.0)
(483.0,0.0)
(43.0,0.0)
(219.0,0.0)
(440.0,0.0)
(2.0,0.0)
(386.0,0.0)
(351.0,0.0)
(440.0,0.0)
(353.0,0.0)
(464.0,0.0)
(381.0,0.0)
(645.0,0.0)
(464.0,0.0)
(44.0,0.0)
(353.0,0.0)
(398.0,0.0)
(464.0,0.0)
(737.0,0.0)
(356.0,0.0)
(2.0,0.0)
(479.0,0.0)
(440.0,0.0)
(464.0,0.0)
(384.0,0.0)
(381.0,0.0)
(771.0,0.0)
(39.0,0.0)
(102.0,0.0)
(219.0,0.0)
(2.0,0.0)
(431.0,0.0)
(479.0,0.0)
(31.0,0.0)
(464.0,0.0)
(43.0,0.0)
(750.0,0.0)
(381.0,0.0)
(219.0,0.0)
(44.0,0.0)
(750.0,0.0)
(353.0,0.0)
(431.0,0.0)
(262.0,0.0)
(483.0,0.0)
(219.0,0.0)
(750.0,0.0)
(440.0,0.0)
(219.0,0.0)
(102.0,0.0)
(750.0,0.0)
(351.0,0.0)
(2.0,0.0)
(219.0,0.0)
(353.0,0.0)
(381.0,0.0)
(398.0,0.0)
(750.0,0.0)
(464.0,0.0)
(219.0,0.0)
(44.0,0.0)
(219.0,0.0)
(645.0,0.0)
(219.0,0.0)
(749.0,0.0)
(645.0,0.0)
(2.0,0.0)
(440.0,0.0)
(464.0,0.0)
(44.0,0.0)
(381.0,0.0)
(219.0,0.0)
(2.0,0.0)
(37.0,0.0)
(522.0,0.0)
(391.0,0.0)
(398.0,0.0)
(750.0,0.0)
(212.0,0.0)
(440.0,0.0)
(44.0,0.0)
(802.0,0.0)
(31.0,0.0)
(2.0,0.0)
(102.0,0.0)
(784.0,0.0)
(750.0,0.0)
(44.0,0.0)
(219.0,0.0)
(645.0,0.0)
(750.0,0.0)
(45.0,0.0)
(44.0,0.0)
(2.0,0.0)
(440.0,0.0)
(2.0,0.0)
(771.0,0.0)
(352.0,0.0)
(349.0,0.0)
(352.0,0.0)
(381.0,0.0)
(219.0,0.0)
(2.0,0.0)
(464.0,0.0)
(44.0,0.0)
(419.0,0.0)
(44.0,0.0)
(2.0,0.0)
(353.0,0.0)
(1.0,1.0)
(1.0,1.0)
(1.0,1.0)
(1.0,1.0)
(413.0,1.0)
(1.0,1.0)
(1.0,1.0)
(121.0,1.0)
(1.0,1.0)
(1.0,1.0)
(1.0,1.0)
(1.0,1.0)
(1.0,1.0)
(413.0,1.0)
(1.0,1.0)
(1.0,1.0)
(1.0,1.0)
(404.0,1.0)
(1.0,1.0)
(1.0,1.0)
(1.0,1.0)
(1.0,1.0)
(1.0,1.0)
(1.0,1.0)
(1.0,1.0)
(1.0,1.0)
(1.0,1.0)
(1.0,1.0)
(121.0,1.0)
(404.0,1.0)
(1.0,1.0)
(1.0,1.0)
(404.0,1.0)
(1.0,1.0)
(1.0,1.0)
(1.0,1.0)
(435.0,1.0)
(1.0,1.0)
(121.0,1.0)
(404.0,1.0)
(1.0,1.0)
(413.0,1.0)
(404.0,1.0)
(1.0,1.0)
(121.0,1.0)
(1.0,1.0)
(1.0,1.0)
(1.0,1.0)
(1.0,1.0)
(1.0,1.0)
(1.0,1.0)
(404.0,1.0)
(1.0,1.0)
(1.0,1.0)
(413.0,1.0)
(404.0,1.0)
(1.0,1.0)
(404.0,1.0)
(1.0,1.0)
(404.0,1.0)
(413.0,1.0)
(1.0,1.0)
(1.0,1.0)
(404.0,1.0)
(1.0,1.0)
(1.0,1.0)
(1.0,1.0)
(404.0,1.0)
(1.0,1.0)
(404.0,1.0)
(1.0,1.0)
(1.0,1.0)
(1.0,1.0)
(1.0,1.0)
(1.0,1.0)
(1.0,1.0)
(1.0,1.0)
(1.0,1.0)
(121.0,1.0)
(1.0,1.0)
(404.0,1.0)
(1.0,1.0)
(1.0,1.0)
(1.0,1.0)
(1.0,1.0)
(1.0,1.0)
(1.0,1.0)
(1.0,1.0)
(1.0,1.0)
(404.0,1.0)
(1.0,1.0)
(1.0,1.0)
(1.0,1.0)
(1.0,1.0)
(1.0,1.0)
(1.0,1.0)
(1.0,1.0)
(1.0,1.0)
(121.0,1.0)
(1.0,1.0)
(404.0,1.0)
(404.0,1.0)
(1.0,1.0)
(1.0,1.0)
(1.0,1.0)
(1.0,1.0)
(1.0,1.0)
(413.0,1.0)
(413.0,1.0)
(1.0,1.0)
(1.0,1.0)
(1.0,1.0)
(1.0,1.0)
(404.0,1.0)
(1.0,1.0)
(1.0,1.0)
(404.0,1.0)
(1.0,1.0)
(1.0,1.0)
(1.0,1.0)
(1.0,1.0)
(1.0,1.0)
(413.0,1.0)
(1.0,1.0)
(1.0,1.0)
(1.0,1.0)
(1.0,1.0)
(1.0,1.0)
(121.0,1.0)
(1.0,1.0)
(1.0,1.0)
(1.0,1.0)
(1.0,1.0)
(413.0,1.0)
(404.0,1.0)
(1.0,1.0)
(121.0,1.0)
(1.0,1.0)
(1.0,1.0)
(1.0,1.0)
(404.0,1.0)
(1.0,1.0)
(404.0,1.0)
(121.0,1.0)
(1.0,1.0)
(404.0,1.0)
(1.0,1.0)
(404.0,1.0)
(1.0,1.0)
(1.0,1.0)
(404.0,1.0)
(121.0,1.0)
(404.0,1.0)
(404.0,1.0)
(404.0,1.0)
(404.0,1.0)
(1.0,1.0)
(1.0,1.0)
(1.0,1.0)
(1.0,1.0)
(1.0,1.0)
(1.0,1.0)
(1.0,1.0)
(1.0,1.0)
(121.0,1.0)
(1.0,1.0)
(413.0,1.0)
(1.0,1.0)
(1.0,1.0)
(413.0,1.0)
(1.0,1.0)
(1.0,1.0)
(1.0,1.0)
(1.0,1.0)
(1.0,1.0)
(1.0,1.0)
(1.0,1.0)
(1.0,1.0)
(1.0,1.0)
(1.0,1.0)
(1.0,1.0)
(1.0,1.0)
(1.0,1.0)
(1.0,1.0)
(1.0,1.0)
(1.0,1.0)
(1.0,1.0)
(1.0,1.0)
(1.0,1.0)
(1.0,1.0)
(1.0,1.0)
(1.0,1.0)
(1.0,1.0)
(1.0,1.0)
(1.0,1.0)
(1.0,1.0)
(1.0,1.0)
(1.0,1.0)
(1.0,1.0)
(1.0,1.0)
(1.0,1.0)
(1.0,1.0)
(1.0,1.0)
(1.0,1.0)
(1.0,1.0)
(1.0,1.0)
(1.0,1.0)
(1.0,1.0)
(1.0,1.0)
(1.0,1.0)
(1.0,1.0)
(1.0,1.0)
(1.0,1.0)
(1.0,1.0)
(1.0,1.0)
(1.0,1.0)
(1.0,1.0)
(1.0,1.0)
(1.0,1.0)
(1.0,1.0)
(1.0,1.0)
(1.0,1.0)
(1.0,1.0)
(1.0,1.0)
(1.0,1.0)
(1.0,1.0)
(1.0,1.0)
(1.0,1.0)
(1.0,1.0)
(1.0,1.0)
(1.0,1.0)
(1.0,1.0)
(1.0,1.0)
(1.0,1.0)
(1.0,1.0)
(1.0,1.0)
(1.0,1.0)
(1.0,1.0)
(1.0,1.0)
(1.0,1.0)
(1.0,1.0)
(1.0,1.0)
(1.0,1.0)
(1.0,1.0)
(1.0,1.0)
(1.0,1.0)
(1.0,1.0)
(1.0,1.0)
(1.0,1.0)
(1.0,1.0)
(1.0,1.0)
(1.0,1.0)
(1.0,1.0)
(1.0,1.0)
(1.0,1.0)
(1.0,1.0)
(1.0,1.0)
(1.0,1.0)
(1.0,1.0)
(1.0,1.0)
(1.0,1.0)
(1.0,1.0)
(1.0,1.0)
(1.0,1.0)
(1.0,1.0)
(1.0,1.0)
(1.0,1.0)
(1.0,1.0)
(1.0,1.0)
(1.0,1.0)
(1.0,1.0)
(1.0,1.0)
(1.0,1.0)
(1.0,1.0)
(1.0,1.0)
(1.0,1.0)
(1.0,1.0)
(1.0,1.0)
(1.0,1.0)
(1.0,1.0)
(1.0,1.0)
(1.0,1.0)
(1.0,1.0)
(1.0,1.0)
(1.0,1.0)
(1.0,1.0)
(1.0,1.0)
(1.0,1.0)
(1.0,1.0)
(1.0,1.0)
(1.0,1.0)
(1.0,1.0)
(1.0,1.0)
(1.0,1.0)
(1.0,1.0)
(1.0,1.0)
(1.0,1.0)
(1.0,1.0)
(1.0,1.0)
(1.0,1.0)
(1.0,1.0)
(1.0,1.0)
(1.0,1.0)
(1.0,1.0)
(1.0,1.0)
(1.0,1.0)
(1.0,1.0)
(1.0,1.0)
(1.0,1.0)
(1.0,1.0)
(1.0,1.0)
(1.0,1.0)
(1.0,1.0)
(1.0,1.0)
(1.0,1.0)
(1.0,1.0)
(1.0,1.0)
(1.0,1.0)
(1.0,1.0)
(1.0,1.0)
(1.0,1.0)
(1.0,1.0)
(1.0,1.0)
(1.0,1.0)
(1.0,1.0)
(1.0,1.0)
(1.0,1.0)
(1.0,1.0)
(1.0,1.0)
(1.0,1.0)
(1.0,1.0)
(1.0,1.0)
(1.0,1.0)
(1.0,1.0)
(1.0,1.0)
(1.0,1.0)
(1.0,1.0)
(1.0,1.0)
(1.0,1.0)
(1.0,1.0)
(1.0,1.0)
(1.0,1.0)
(1.0,1.0)
(1.0,1.0)
(1.0,1.0)
(1.0,1.0)
(1.0,1.0)
(1.0,1.0)
(1.0,1.0)
(1.0,1.0)
(1.0,1.0)
(1.0,1.0)
(1.0,1.0)
(1.0,1.0)
(1.0,1.0)
(1.0,1.0)
(1.0,1.0)
(1.0,1.0)
(1.0,1.0)
(1.0,1.0)
(1.0,1.0)
(1.0,1.0)
(1.0,1.0)
(1.0,1.0)
(1.0,1.0)
(1.0,1.0)
(1.0,1.0)
(1.0,1.0)
(1.0,1.0)
(1.0,1.0)
(1.0,1.0)
(1.0,1.0)
(1.0,1.0)
(1.0,1.0)
(2.0,2.0)
(519.0,2.0)
(44.0,2.0)
(464.0,2.0)
(2.0,2.0)
(464.0,2.0)
(483.0,2.0)
(2.0,2.0)
(2.0,2.0)
(519.0,2.0)
(519.0,2.0)
(44.0,2.0)
(386.0,2.0)
(2.0,2.0)
(2.0,2.0)
(44.0,2.0)
(483.0,2.0)
(479.0,2.0)
(2.0,2.0)
(40.0,2.0)
(2.0,2.0)
(2.0,2.0)
(43.0,2.0)
(2.0,2.0)
(2.0,2.0)
(464.0,2.0)
(412.0,2.0)
(2.0,2.0)
(525.0,2.0)
(464.0,2.0)
(2.0,2.0)
(2.0,2.0)
(384.0,2.0)
(483.0,2.0)
(2.0,2.0)
(2.0,2.0)
(2.0,2.0)
(2.0,2.0)
(428.0,2.0)
(43.0,2.0)
(483.0,2.0)
(483.0,2.0)
(2.0,2.0)
(519.0,2.0)
(39.0,2.0)
(464.0,2.0)
(484.0,2.0)
(2.0,2.0)
(2.0,2.0)
(2.0,2.0)
(2.0,2.0)
(2.0,2.0)
(464.0,2.0)
(43.0,2.0)
(464.0,2.0)
(464.0,2.0)
(2.0,2.0)
(2.0,2.0)
(464.0,2.0)
(2.0,2.0)
(2.0,2.0)
(2.0,2.0)
(2.0,2.0)
(349.0,2.0)
(2.0,2.0)
(384.0,2.0)
(44.0,2.0)
(464.0,2.0)
(38.0,2.0)
(464.0,2.0)
(464.0,2.0)
(519.0,2.0)
(2.0,2.0)
(2.0,2.0)
(771.0,2.0)
(483.0,2.0)
(44.0,2.0)
(771.0,2.0)
(798.0,2.0)
(2.0,2.0)
(2.0,2.0)
(2.0,2.0)
(464.0,2.0)
(464.0,2.0)
(522.0,2.0)
(349.0,2.0)
(43.0,2.0)
(464.0,2.0)
(2.0,2.0)
(2.0,2.0)
(483.0,2.0)
(464.0,2.0)
(2.0,2.0)
(464.0,2.0)
(464.0,2.0)
(464.0,2.0)
(2.0,2.0)
(464.0,2.0)
(2.0,2.0)
(464.0,2.0)
(2.0,2.0)
(2.0,2.0)
(519.0,2.0)
(44.0,2.0)
(464.0,2.0)
(2.0,2.0)
(464.0,2.0)
(452.0,2.0)
(2.0,2.0)
(2.0,2.0)
(749.0,2.0)
(2.0,2.0)
(464.0,2.0)
(2.0,2.0)
(447.0,2.0)
(398.0,2.0)
(384.0,2.0)
(2.0,2.0)
(2.0,2.0)
(2.0,2.0)
(2.0,2.0)
(2.0,2.0)
(2.0,2.0)
(2.0,2.0)
(483.0,2.0)
(464.0,2.0)
(2.0,2.0)
(464.0,2.0)
(2.0,2.0)
(2.0,2.0)
(349.0,2.0)
(384.0,2.0)
(38.0,2.0)
(38.0,2.0)
(519.0,2.0)
(737.0,2.0)
(519.0,2.0)
(2.0,2.0)
(2.0,2.0)
(798.0,2.0)
(464.0,2.0)
(464.0,2.0)
(380.0,2.0)
(708.0,2.0)
(464.0,2.0)
(2.0,2.0)
(770.0,2.0)
(519.0,2.0)
(2.0,2.0)
(464.0,2.0)
(2.0,2.0)
(2.0,2.0)
(464.0,2.0)
(464.0,2.0)
(464.0,2.0)
(519.0,2.0)
(2.0,2.0)
(2.0,2.0)
(45.0,2.0)
(2.0,2.0)
(483.0,2.0)
(43.0,2.0)
(464.0,2.0)
(43.0,2.0)
(2.0,2.0)
(464.0,2.0)
(464.0,2.0)
(2.0,2.0)
(402.0,2.0)
(349.0,2.0)
(464.0,2.0)
(483.0,2.0)
(43.0,2.0)
(464.0,2.0)
(2.0,2.0)
(2.0,2.0)
(431.0,2.0)
(44.0,2.0)
(483.0,2.0)
(2.0,2.0)
(2.0,2.0)
(464.0,2.0)
(2.0,2.0)
(385.0,2.0)
(37.0,2.0)
(522.0,2.0)
(464.0,2.0)
(2.0,2.0)
(781.0,2.0)
(2.0,2.0)
(483.0,2.0)
(464.0,2.0)
(395.0,2.0)
(464.0,2.0)
(2.0,2.0)
(464.0,2.0)
(2.0,2.0)
(464.0,2.0)
(157.0,2.0)
(464.0,2.0)
(464.0,2.0)
(464.0,2.0)
(798.0,2.0)
(483.0,2.0)
(2.0,2.0)
(2.0,2.0)
(102.0,2.0)
(2.0,2.0)
(2.0,2.0)
(102.0,2.0)
(45.0,2.0)
(287.0,2.0)
(39.0,2.0)
(384.0,2.0)
(2.0,2.0)
(2.0,2.0)
(464.0,2.0)
(464.0,2.0)
(39.0,2.0)
(464.0,2.0)
(519.0,2.0)
(2.0,2.0)
(2.0,2.0)
(2.0,2.0)
(2.0,2.0)
(2.0,2.0)
(2.0,2.0)
(464.0,2.0)
(464.0,2.0)
(519.0,2.0)
(2.0,2.0)
(309.0,2.0)
(2.0,2.0)
(464.0,2.0)
(2.0,2.0)
(2.0,2.0)
(2.0,2.0)
(2.0,2.0)
(464.0,2.0)
(2.0,2.0)
(44.0,2.0)
(464.0,2.0)
(2.0,2.0)
(2.0,2.0)
(2.0,2.0)
(2.0,2.0)
(519.0,2.0)
(2.0,2.0)
(464.0,2.0)
(464.0,2.0)
(2.0,2.0)
(2.0,2.0)
(784.0,2.0)
(2.0,2.0)
(464.0,2.0)
(2.0,2.0)
(464.0,2.0)
(356.0,2.0)
(464.0,2.0)
(479.0,2.0)
(2.0,2.0)
(424.0,2.0)
(2.0,2.0)
(483.0,2.0)
(483.0,2.0)
(2.0,2.0)
(2.0,2.0)
(464.0,2.0)
(2.0,2.0)
(464.0,2.0)
(483.0,2.0)
(483.0,2.0)
(45.0,2.0)
(464.0,2.0)
(519.0,2.0)
(2.0,2.0)
(2.0,2.0)
(2.0,2.0)
(2.0,2.0)
(464.0,2.0)
(2.0,2.0)
(2.0,2.0)
(464.0,2.0)
(2.0,2.0)
(2.0,2.0)
(483.0,2.0)
(2.0,2.0)
(2.0,2.0)
(2.0,2.0)
(2.0,2.0)
(2.0,2.0)
(522.0,2.0)
(2.0,2.0)
(483.0,2.0)
(519.0,2.0)
(44.0,2.0)
(785.0,2.0)
(2.0,2.0)
(464.0,2.0)
(219.0,2.0)
(444.0,2.0)
(2.0,2.0)
(483.0,2.0)
(464.0,2.0)
(522.0,2.0)
(2.0,2.0)
(2.0,2.0)
(464.0,2.0)
(2.0,2.0)
(2.0,2.0)
(2.0,2.0)
(41.0,2.0)
(464.0,2.0)
(2.0,2.0)
(444.0,2.0)
(519.0,2.0)
(464.0,2.0)
(464.0,2.0)
(464.0,2.0)
(328.0,2.0)
(522.0,2.0)
(2.0,2.0)
(519.0,2.0)
(483.0,2.0)
(2.0,2.0)
(2.0,2.0)
(464.0,2.0)
(2.0,2.0)
(38.0,2.0)
(2.0,2.0)
(464.0,2.0)
(2.0,2.0)
(2.0,2.0)
(464.0,2.0)
(519.0,2.0)
(328.0,2.0)
(522.0,2.0)
(464.0,2.0)
(464.0,2.0)
(464.0,2.0)
(464.0,2.0)
(464.0,2.0)
(464.0,2.0)
(44.0,2.0)
(2.0,2.0)
(2.0,2.0)
(464.0,2.0)
(519.0,2.0)
(44.0,2.0)
(464.0,2.0)
(464.0,2.0)
(464.0,2.0)
(464.0,2.0)
(2.0,2.0)
(2.0,2.0)
(464.0,2.0)
(645.0,2.0)
(2.0,2.0)
(464.0,2.0)
(2.0,2.0)
(479.0,2.0)
(464.0,2.0)
(2.0,2.0)
(479.0,2.0)
(44.0,2.0)
(2.0,2.0)
(2.0,2.0)
(2.0,2.0)
(771.0,2.0)
(2.0,2.0)
(45.0,2.0)
(2.0,2.0)
(522.0,2.0)
(464.0,2.0)
(464.0,2.0)
(45.0,2.0)
(2.0,2.0)
(2.0,2.0)
(38.0,2.0)
(2.0,2.0)
(368.0,2.0)
(522.0,2.0)
(464.0,2.0)
(2.0,2.0)
(2.0,2.0)
(743.0,2.0)
(2.0,2.0)
(38.0,2.0)
(464.0,2.0)
(483.0,2.0)
(2.0,2.0)
(402.0,2.0)
(464.0,2.0)
(483.0,2.0)
(464.0,2.0)
(464.0,2.0)
(464.0,2.0)
(2.0,2.0)
(479.0,2.0)
(2.0,2.0)
(2.0,2.0)
(464.0,2.0)
(2.0,2.0)
(416.0,2.0)
(483.0,2.0)
(464.0,2.0)
(519.0,2.0)
(444.0,2.0)
(464.0,2.0)
(2.0,2.0)
(44.0,2.0)
(102.0,2.0)
(464.0,2.0)
(531.0,2.0)
(2.0,2.0)
(483.0,2.0)
(2.0,2.0)
(44.0,2.0)
(2.0,2.0)
(2.0,2.0)
(444.0,2.0)
(2.0,2.0)
(464.0,2.0)
(43.0,2.0)
(39.0,2.0)
(464.0,2.0)
(2.0,2.0)
(464.0,2.0)
(464.0,2.0)
(2.0,2.0)
(464.0,2.0)
(2.0,2.0)
(444.0,2.0)
(2.0,2.0)
(2.0,2.0)
(2.0,2.0)
(2.0,2.0)
(2.0,2.0)
(2.0,2.0)
(464.0,2.0)
(44.0,2.0)
(45.0,2.0)
(2.0,2.0)
(39.0,2.0)
(384.0,2.0)
(483.0,2.0)
(464.0,2.0)
(483.0,2.0)
(2.0,2.0)
(483.0,2.0)
(2.0,2.0)
(44.0,2.0)
(483.0,2.0)
(444.0,2.0)
(479.0,2.0)
(519.0,2.0)
(464.0,2.0)
(464.0,2.0)
(749.0,2.0)
(464.0,2.0)
(384.0,2.0)
(421.0,2.0)
(2.0,2.0)
(464.0,2.0)
(2.0,2.0)
(2.0,2.0)
(464.0,2.0)
(464.0,2.0)
(39.0,2.0)
(464.0,2.0)
(2.0,2.0)
(388.0,2.0)
(2.0,2.0)
(2.0,2.0)
(2.0,2.0)
(37.0,2.0)
(464.0,2.0)
(2.0,2.0)
(2.0,2.0)
(483.0,2.0)
(2.0,2.0)
(464.0,2.0)
(483.0,2.0)
(2.0,2.0)
(464.0,2.0)
(2.0,2.0)
(2.0,2.0)
(2.0,2.0)
(2.0,2.0)
(464.0,2.0)
(349.0,2.0)
(2.0,2.0)
(2.0,2.0)
(2.0,2.0)
(2.0,2.0)
(464.0,2.0)
(464.0,2.0)
(464.0,2.0)
(2.0,2.0)
(530.0,2.0)
(40.0,2.0)
(483.0,2.0)
(464.0,2.0)
(799.0,2.0)
(464.0,2.0)
(461.0,2.0)
(2.0,2.0)
(2.0,2.0)
(464.0,2.0)
(464.0,2.0)
(483.0,2.0)
(2.0,2.0)
(2.0,2.0)
(2.0,2.0)
(45.0,2.0)
(2.0,2.0)
(464.0,2.0)
(2.0,2.0)
(45.0,2.0)
(2.0,2.0)
(2.0,2.0)
(464.0,2.0)
(45.0,2.0)
(45.0,2.0)
(2.0,2.0)
(386.0,2.0)
(464.0,2.0)
(384.0,2.0)
(37.0,2.0)
(519.0,2.0)
(464.0,2.0)
(2.0,2.0)
(464.0,2.0)
(2.0,2.0)
(2.0,2.0)
(2.0,2.0)
(464.0,2.0)
(522.0,2.0)
(2.0,2.0)
(2.0,2.0)
(464.0,2.0)
(45.0,2.0)
(38.0,2.0)
(464.0,2.0)
(464.0,2.0)
(2.0,2.0)
(519.0,2.0)
(2.0,2.0)
(45.0,2.0)
(483.0,2.0)
(464.0,2.0)
(44.0,2.0)
(464.0,2.0)
(2.0,2.0)
(44.0,2.0)
(2.0,2.0)
(464.0,2.0)
(2.0,2.0)
(464.0,2.0)
(43.0,2.0)
(464.0,2.0)
(2.0,2.0)
(2.0,2.0)
(464.0,2.0)
(2.0,2.0)
(2.0,2.0)
(39.0,2.0)
(2.0,2.0)
(2.0,2.0)
(349.0,2.0)
(154.0,2.0)
(384.0,2.0)
(464.0,2.0)
(2.0,2.0)
(2.0,2.0)
(2.0,2.0)
(483.0,2.0)
(2.0,2.0)
(2.0,2.0)
(2.0,2.0)
(519.0,2.0)
(519.0,2.0)
(2.0,2.0)
(2.0,2.0)
(2.0,2.0)
(314.0,2.0)
(2.0,2.0)
(519.0,2.0)
(417.0,2.0)
(2.0,2.0)
(2.0,2.0)
(2.0,2.0)
(519.0,2.0)
(349.0,2.0)
(530.0,2.0)
(519.0,2.0)
(2.0,2.0)
(39.0,2.0)
(2.0,2.0)
(771.0,2.0)
(2.0,2.0)
(521.0,2.0)
(464.0,2.0)
(444.0,2.0)
(44.0,2.0)
(2.0,2.0)
(356.0,2.0)
(2.0,2.0)
(2.0,2.0)
(373.0,2.0)
(2.0,2.0)
(45.0,2.0)
(516.0,4.0)
(516.0,4.0)
(16.0,4.0)
(16.0,4.0)
(16.0,4.0)
(16.0,4.0)
(16.0,4.0)
(16.0,4.0)
(17.0,4.0)
(16.0,4.0)
(515.0,4.0)
(25.0,4.0)
(25.0,4.0)
(511.0,4.0)
(16.0,4.0)
(16.0,4.0)
(16.0,4.0)
(516.0,4.0)
(515.0,4.0)
(17.0,4.0)
(516.0,4.0)
(16.0,4.0)
(16.0,4.0)
(16.0,4.0)
(16.0,4.0)
(25.0,4.0)
(25.0,4.0)
(516.0,4.0)
(16.0,4.0)
(16.0,4.0)
(25.0,4.0)
(503.0,4.0)
(25.0,4.0)
(30.0,4.0)
(28.0,4.0)
(516.0,4.0)
(503.0,4.0)
(16.0,4.0)
(16.0,4.0)
(511.0,4.0)
(25.0,4.0)
(16.0,4.0)
(17.0,4.0)
(515.0,4.0)
(516.0,4.0)
(503.0,4.0)
(25.0,4.0)
(515.0,4.0)
(29.0,4.0)
(16.0,4.0)
(16.0,4.0)
(516.0,4.0)
(16.0,4.0)
(16.0,4.0)
(16.0,4.0)
(16.0,4.0)
(16.0,4.0)
(16.0,4.0)
(16.0,4.0)
(515.0,4.0)
(515.0,4.0)
(17.0,4.0)
(16.0,4.0)
(516.0,4.0)
(515.0,4.0)
(16.0,4.0)
(516.0,4.0)
(515.0,4.0)
(29.0,4.0)
(25.0,4.0)
(515.0,4.0)
(16.0,4.0)
(25.0,4.0)
(515.0,4.0)
(25.0,4.0)
(515.0,4.0)
(16.0,4.0)
(16.0,4.0)
(515.0,4.0)
(17.0,4.0)
(16.0,4.0)
(16.0,4.0)
(25.0,4.0)
(25.0,4.0)
(511.0,4.0)
(25.0,4.0)
(25.0,4.0)
(16.0,4.0)
(16.0,4.0)
(29.0,4.0)
(515.0,4.0)
(16.0,4.0)
(515.0,4.0)
(516.0,4.0)
(16.0,4.0)
(515.0,4.0)
(515.0,4.0)
(515.0,4.0)
(16.0,4.0)
(16.0,4.0)
(515.0,4.0)
(16.0,4.0)
(503.0,4.0)
(16.0,4.0)
(29.0,4.0)
(16.0,4.0)
(17.0,4.0)
(515.0,4.0)
(17.0,4.0)
(16.0,4.0)
(16.0,4.0)
(30.0,4.0)
(16.0,4.0)
(516.0,4.0)
(30.0,4.0)
(515.0,4.0)
(16.0,4.0)
(16.0,4.0)
(504.0,4.0)
(16.0,4.0)
(511.0,4.0)
(516.0,4.0)
(503.0,4.0)
(25.0,4.0)
(515.0,4.0)
(503.0,4.0)
(16.0,4.0)
(25.0,4.0)
(29.0,4.0)
(503.0,4.0)
(515.0,4.0)
(16.0,4.0)
(503.0,4.0)
(28.0,4.0)
(16.0,4.0)
(16.0,4.0)
(516.0,4.0)
(16.0,4.0)
(515.0,4.0)
(16.0,4.0)
(516.0,4.0)
(16.0,4.0)
(515.0,4.0)
(16.0,4.0)
(16.0,4.0)
(16.0,4.0)
(16.0,4.0)
(16.0,4.0)
(16.0,4.0)
(16.0,4.0)
(29.0,4.0)
(16.0,4.0)
(515.0,4.0)
(25.0,4.0)
(511.0,4.0)
(29.0,4.0)
(16.0,4.0)
(16.0,4.0)
(516.0,4.0)
(515.0,4.0)
(17.0,4.0)
(515.0,4.0)
(16.0,4.0)
(16.0,4.0)
(16.0,4.0)
(16.0,4.0)
(25.0,4.0)
(25.0,4.0)
(516.0,4.0)
(16.0,4.0)
(18.0,4.0)
(503.0,4.0)
(25.0,4.0)
(25.0,4.0)
(25.0,4.0)
(16.0,4.0)
(17.0,4.0)
(503.0,4.0)
(16.0,4.0)
(16.0,4.0)
(16.0,4.0)
(511.0,4.0)
(25.0,4.0)
(16.0,4.0)
(17.0,4.0)
(515.0,4.0)
(516.0,4.0)
(29.0,4.0)
(25.0,4.0)
(515.0,4.0)
(16.0,4.0)
(16.0,4.0)
(16.0,4.0)
(516.0,4.0)
(16.0,4.0)
(16.0,4.0)
(16.0,4.0)
(16.0,4.0)
(16.0,4.0)
(16.0,4.0)
(16.0,4.0)
(16.0,4.0)
(515.0,4.0)
(17.0,4.0)
(16.0,4.0)
(516.0,4.0)
(515.0,4.0)
(16.0,4.0)
(515.0,4.0)
(516.0,4.0)
(29.0,4.0)
(25.0,4.0)
(16.0,4.0)
(25.0,4.0)
(515.0,4.0)
(25.0,4.0)
(515.0,4.0)
(16.0,4.0)
(16.0,4.0)
(511.0,4.0)
(17.0,4.0)
(503.0,4.0)
(16.0,4.0)
(16.0,4.0)
(25.0,4.0)
(515.0,4.0)
(17.0,4.0)
(511.0,4.0)
(25.0,4.0)
(30.0,4.0)
(16.0,4.0)
(16.0,4.0)
(25.0,4.0)
(515.0,4.0)
(516.0,4.0)
(515.0,4.0)
(25.0,4.0)
(516.0,4.0)
(515.0,4.0)
(515.0,4.0)
(16.0,4.0)
(29.0,4.0)
(16.0,4.0)
(503.0,4.0)
(16.0,4.0)
(29.0,4.0)
(16.0,4.0)
(17.0,4.0)
(515.0,4.0)
(515.0,4.0)
(16.0,4.0)
(29.0,4.0)
(25.0,4.0)
(16.0,4.0)
(516.0,4.0)
(30.0,4.0)
(515.0,4.0)
(16.0,4.0)
(16.0,4.0)
(511.0,4.0)
(16.0,4.0)
(515.0,4.0)
(516.0,4.0)
(503.0,4.0)
(30.0,4.0)
(516.0,4.0)
(29.0,4.0)
(28.0,4.0)
(16.0,4.0)
(515.0,4.0)
(515.0,4.0)
(16.0,4.0)
(515.0,4.0)
(16.0,4.0)
(503.0,4.0)
(25.0,4.0)
(16.0,4.0)
(16.0,4.0)
(516.0,4.0)
(16.0,4.0)
(16.0,4.0)
(16.0,4.0)
(17.0,4.0)
(16.0,4.0)
(516.0,4.0)
(516.0,4.0)
(16.0,4.0)
(16.0,4.0)
(16.0,4.0)
(515.0,4.0)
(16.0,4.0)
(16.0,4.0)
(17.0,4.0)
(16.0,4.0)
(17.0,4.0)
(25.0,4.0)
(25.0,4.0)
(459.0,4.0)
(16.0,4.0)
(16.0,4.0)
(16.0,4.0)
(516.0,4.0)
(515.0,4.0)
(17.0,4.0)
(515.0,4.0)
(16.0,4.0)
(16.0,4.0)
(16.0,4.0)
(16.0,4.0)
(25.0,4.0)
(25.0,4.0)
(516.0,4.0)
(16.0,4.0)
(16.0,4.0)
(30.0,4.0)
(503.0,4.0)
(25.0,4.0)
(30.0,4.0)
(503.0,4.0)
(516.0,4.0)
(503.0,4.0)
(16.0,4.0)
(511.0,4.0)
(25.0,4.0)
(16.0,4.0)
(17.0,4.0)
(16.0,4.0)
(516.0,4.0)
(503.0,4.0)
(25.0,4.0)
(515.0,4.0)
(29.0,4.0)
(16.0,4.0)
(516.0,4.0)
(16.0,4.0)
(16.0,4.0)
(16.0,4.0)
(16.0,4.0)
(16.0,4.0)
(16.0,4.0)
(16.0,4.0)
(515.0,4.0)
(515.0,4.0)
(17.0,4.0)
(16.0,4.0)
(516.0,4.0)
(515.0,4.0)
(16.0,4.0)
(516.0,4.0)
(16.0,4.0)
(29.0,4.0)
(25.0,4.0)
(16.0,4.0)
(25.0,4.0)
(515.0,4.0)
(503.0,4.0)
(29.0,4.0)
(16.0,4.0)
(16.0,4.0)
(515.0,4.0)
(17.0,4.0)
(16.0,4.0)
(16.0,4.0)
(25.0,4.0)
(25.0,4.0)
(511.0,4.0)
(25.0,4.0)
(17.0,4.0)
(16.0,4.0)
(16.0,4.0)
(30.0,4.0)
(515.0,4.0)
(16.0,4.0)
(16.0,4.0)
(516.0,4.0)
(16.0,4.0)
(515.0,4.0)
(515.0,4.0)
(515.0,4.0)
(16.0,4.0)
(16.0,4.0)
(16.0,4.0)
(503.0,4.0)
(16.0,4.0)
(29.0,4.0)
(16.0,4.0)
(17.0,4.0)
(515.0,4.0)
(17.0,4.0)
(16.0,4.0)
(16.0,4.0)
(30.0,4.0)
(16.0,4.0)
(516.0,4.0)
(30.0,4.0)
(515.0,4.0)
(16.0,4.0)
(16.0,4.0)
(504.0,4.0)
(16.0,4.0)
(511.0,4.0)
(516.0,4.0)
(503.0,4.0)
(30.0,4.0)
(516.0,4.0)
(503.0,4.0)
(16.0,4.0)
(25.0,4.0)
(29.0,4.0)
(503.0,4.0)
(17.0,4.0)
(16.0,4.0)
(503.0,4.0)
(28.0,4.0)
(16.0,4.0)
(16.0,4.0)
(516.0,4.0)
(515.0,4.0)
(16.0,4.0)
(515.0,4.0)
(16.0,4.0)
(16.0,4.0)
(16.0,4.0)
(515.0,4.0)
(16.0,4.0)
(16.0,4.0)
(16.0,4.0)
(17.0,4.0)
(16.0,4.0)
(515.0,4.0)
(16.0,4.0)
(16.0,4.0)
(17.0,4.0)
(16.0,4.0)
(25.0,4.0)
(25.0,4.0)
(17.0,4.0)
(16.0,4.0)
(16.0,4.0)
(16.0,4.0)
(516.0,4.0)
(515.0,4.0)
(17.0,4.0)
(516.0,4.0)
(16.0,4.0)
(16.0,4.0)
(16.0,4.0)
(16.0,4.0)
(25.0,4.0)
(25.0,4.0)
(516.0,4.0)
(16.0,4.0)
(25.0,4.0)
(503.0,4.0)
(25.0,4.0)
(30.0,4.0)
(503.0,4.0)
(16.0,4.0)
(503.0,4.0)
(16.0,4.0)
(16.0,4.0)
(511.0,4.0)
(25.0,4.0)
(16.0,4.0)
(17.0,4.0)
(515.0,4.0)
(516.0,4.0)
(503.0,4.0)
(25.0,4.0)
(515.0,4.0)
(16.0,4.0)
(16.0,4.0)
(16.0,4.0)
(516.0,4.0)
(16.0,4.0)
(16.0,4.0)
(16.0,4.0)
(16.0,4.0)
(16.0,4.0)
(16.0,4.0)
(16.0,4.0)
(16.0,4.0)
(16.0,4.0)
(515.0,4.0)
(17.0,4.0)
(16.0,4.0)
(516.0,4.0)
(515.0,4.0)
(16.0,4.0)
(516.0,4.0)
(516.0,4.0)
(29.0,4.0)
(25.0,4.0)
(16.0,4.0)
(25.0,4.0)
(515.0,4.0)
(25.0,4.0)
(515.0,4.0)
(16.0,4.0)
(16.0,4.0)
(515.0,4.0)
(17.0,4.0)
(16.0,4.0)
(16.0,4.0)
(25.0,4.0)
(25.0,4.0)
(17.0,4.0)
(25.0,4.0)
(25.0,4.0)
(16.0,4.0)
(16.0,4.0)
(25.0,4.0)
(515.0,4.0)
(16.0,4.0)
(516.0,4.0)
(16.0,4.0)
(16.0,4.0)
(515.0,4.0)
(515.0,4.0)
(16.0,4.0)
(16.0,4.0)
(29.0,4.0)
(503.0,4.0)
(16.0,4.0)
(29.0,4.0)
(16.0,4.0)
(17.0,4.0)
(515.0,4.0)
(17.0,4.0)
(16.0,4.0)
(29.0,4.0)
(16.0,4.0)
(516.0,4.0)
(30.0,4.0)
(515.0,4.0)
(16.0,4.0)
(16.0,4.0)
(504.0,4.0)
(16.0,4.0)
(515.0,4.0)
(516.0,4.0)
(503.0,4.0)
(30.0,4.0)
(515.0,4.0)
(503.0,4.0)
(16.0,4.0)
(25.0,4.0)
(515.0,4.0)
(503.0,4.0)
(17.0,4.0)
(16.0,4.0)
(503.0,4.0)
(28.0,4.0)
(16.0,4.0)
(16.0,4.0)
(515.0,4.0)
(16.0,4.0)
(515.0,4.0)
(16.0,4.0)
(16.0,4.0)
(16.0,4.0)
(516.0,4.0)
(516.0,4.0)
(16.0,4.0)
(16.0,4.0)
(16.0,4.0)
(515.0,4.0)
(16.0,4.0)
(16.0,4.0)
(17.0,4.0)
(16.0,4.0)
(17.0,4.0)
(25.0,4.0)
(25.0,4.0)
(16.0,4.0)
(16.0,4.0)
(16.0,4.0)
(16.0,4.0)
(516.0,4.0)
(515.0,4.0)
(17.0,4.0)
(515.0,4.0)
(16.0,4.0)
(16.0,4.0)
(16.0,4.0)
(16.0,4.0)
(25.0,4.0)
(25.0,4.0)
(516.0,4.0)
(16.0,4.0)
(16.0,4.0)
(30.0,4.0)
(503.0,4.0)
(25.0,4.0)
(30.0,4.0)
(28.0,4.0)
(516.0,4.0)
(503.0,4.0)
(17.0,4.0)
(16.0,4.0)
(504.0,4.0)
(25.0,4.0)
(16.0,4.0)
(515.0,4.0)
(515.0,4.0)
(516.0,4.0)
(503.0,4.0)
(25.0,4.0)
(515.0,4.0)
(29.0,4.0)
(16.0,4.0)
(516.0,4.0)
(16.0,4.0)
(16.0,4.0)
(16.0,4.0)
(16.0,4.0)
(16.0,4.0)
(16.0,4.0)
(16.0,4.0)
(515.0,4.0)
(515.0,4.0)
(515.0,4.0)
(16.0,4.0)
(516.0,4.0)
(515.0,4.0)
(16.0,4.0)
(516.0,4.0)
(16.0,4.0)
(29.0,4.0)
(16.0,4.0)
(16.0,4.0)
(25.0,4.0)
(515.0,4.0)
(503.0,4.0)
(29.0,4.0)
(16.0,4.0)
(16.0,4.0)
(515.0,4.0)
(17.0,4.0)
(503.0,4.0)
(16.0,4.0)
(16.0,4.0)
(25.0,4.0)
(25.0,4.0)
(16.0,4.0)
(25.0,4.0)
(16.0,4.0)
(16.0,4.0)
(16.0,4.0)
(16.0,4.0)
(515.0,4.0)
(515.0,4.0)
(516.0,4.0)
(25.0,4.0)
(516.0,4.0)
(515.0,4.0)
(515.0,4.0)
(16.0,4.0)
(16.0,4.0)
(16.0,4.0)
(503.0,4.0)
(16.0,4.0)
(29.0,4.0)
(515.0,4.0)
(515.0,4.0)
(17.0,4.0)
(16.0,4.0)
(16.0,4.0)
(16.0,4.0)
(516.0,4.0)
(30.0,4.0)
(515.0,4.0)
(16.0,4.0)
(16.0,4.0)
(504.0,4.0)
(16.0,4.0)
(511.0,4.0)
(516.0,4.0)
(16.0,4.0)
(30.0,4.0)
(16.0,4.0)
(503.0,4.0)
(16.0,4.0)
(25.0,4.0)
(29.0,4.0)
(503.0,4.0)
(515.0,4.0)
(503.0,4.0)
(16.0,4.0)
(16.0,4.0)
(516.0,4.0)
(16.0,4.0)
(515.0,4.0)
(16.0,4.0)
(16.0,4.0)
(16.0,4.0)
(515.0,4.0)
(516.0,4.0)
(16.0,4.0)
(16.0,4.0)
(16.0,4.0)
(515.0,4.0)
(16.0,4.0)
(16.0,4.0)
(17.0,4.0)
(16.0,4.0)
(515.0,4.0)
(25.0,4.0)
(25.0,4.0)
(459.0,4.0)
(16.0,4.0)
(16.0,4.0)
(16.0,4.0)
(516.0,4.0)
(515.0,4.0)
(515.0,4.0)
(16.0,4.0)
(16.0,4.0)
(16.0,4.0)
(16.0,4.0)
(25.0,4.0)
(515.0,4.0)
(516.0,4.0)
(16.0,4.0)
(515.0,4.0)
(503.0,4.0)
(25.0,4.0)
(30.0,4.0)
(503.0,4.0)
(516.0,4.0)
(503.0,4.0)
(16.0,4.0)
(16.0,4.0)
(511.0,4.0)
(7.0,4.0)
(16.0,4.0)
(17.0,4.0)
(515.0,4.0)
(516.0,4.0)
(503.0,4.0)
(7.0,4.0)
(515.0,4.0)
(29.0,4.0)
(16.0,4.0)
(16.0,4.0)
(516.0,4.0)
(16.0,4.0)
(16.0,4.0)
(16.0,4.0)
(16.0,4.0)
(17.0,4.0)
(16.0,4.0)
(16.0,4.0)
(16.0,4.0)
(515.0,4.0)
(17.0,4.0)
(16.0,4.0)
(516.0,4.0)
(515.0,4.0)
(16.0,4.0)
(516.0,4.0)
(516.0,4.0)
(29.0,4.0)
(25.0,4.0)
(515.0,4.0)
(16.0,4.0)
(25.0,4.0)
(515.0,4.0)
(25.0,4.0)
(515.0,4.0)
(16.0,4.0)
(16.0,4.0)
(511.0,4.0)
(503.0,4.0)
(16.0,4.0)
(16.0,4.0)
(25.0,4.0)
(25.0,4.0)
(17.0,4.0)
(25.0,4.0)
(25.0,4.0)
(16.0,4.0)
(25.0,4.0)
(25.0,4.0)
(515.0,4.0)
(16.0,4.0)
(515.0,4.0)
(516.0,4.0)
(25.0,4.0)
(516.0,4.0)
(515.0,4.0)
(515.0,4.0)
(16.0,4.0)
(16.0,4.0)
(515.0,4.0)
(16.0,4.0)
(503.0,4.0)
(16.0,4.0)
(29.0,4.0)
(16.0,4.0)
(17.0,4.0)
(515.0,4.0)
(16.0,4.0)
(16.0,4.0)
(16.0,4.0)
(516.0,4.0)
(30.0,4.0)
(515.0,4.0)
(16.0,4.0)
(16.0,4.0)
(504.0,4.0)
(16.0,4.0)
(511.0,4.0)
(17.0,4.0)
(503.0,4.0)
(30.0,4.0)
(16.0,4.0)
(503.0,4.0)
(16.0,4.0)
(25.0,4.0)
(515.0,4.0)
(17.0,4.0)
(17.0,4.0)
(16.0,4.0)
(503.0,4.0)
(28.0,4.0)
(16.0,4.0)
(16.0,4.0)
(516.0,4.0)
(16.0,4.0)
(515.0,4.0)
(16.0,4.0)
(16.0,4.0)
(16.0,4.0)
(515.0,4.0)
(516.0,4.0)
(16.0,4.0)
(16.0,4.0)
(17.0,4.0)
(515.0,4.0)
(16.0,4.0)
(16.0,4.0)
(29.0,4.0)
(16.0,4.0)
(503.0,4.0)
(515.0,4.0)
(25.0,4.0)
(459.0,4.0)
(29.0,4.0)
(16.0,4.0)
(29.0,4.0)
(516.0,4.0)
(515.0,4.0)
(516.0,4.0)
(16.0,4.0)
(16.0,4.0)
(16.0,4.0)
(515.0,4.0)
(25.0,4.0)
(25.0,4.0)
(516.0,4.0)
(16.0,4.0)
(16.0,4.0)
(30.0,4.0)
(503.0,4.0)
(25.0,4.0)
(25.0,4.0)
(25.0,4.0)
(16.0,4.0)
(16.0,4.0)
(503.0,4.0)
(16.0,4.0)
(17.0,4.0)
(25.0,4.0)
(503.0,4.0)
(17.0,4.0)
(515.0,4.0)
(515.0,4.0)
(516.0,4.0)
(503.0,4.0)
(515.0,4.0)
(16.0,4.0)
(16.0,4.0)
(516.0,4.0)
(516.0,4.0)
(16.0,4.0)
(16.0,4.0)
(16.0,4.0)
(16.0,4.0)
(16.0,4.0)
(16.0,4.0)
(16.0,4.0)
(16.0,4.0)
(515.0,4.0)
(17.0,4.0)
(16.0,4.0)
(516.0,4.0)
(515.0,4.0)
(16.0,4.0)
(515.0,4.0)
(516.0,4.0)
(25.0,4.0)
(16.0,4.0)
(25.0,4.0)
(515.0,4.0)
(18.0,4.0)
(515.0,4.0)
(16.0,4.0)
(16.0,4.0)
(511.0,4.0)
(503.0,4.0)
(16.0,4.0)
(29.0,4.0)
(25.0,4.0)
(515.0,4.0)
(511.0,4.0)
(515.0,4.0)
(25.0,4.0)
(16.0,4.0)
(25.0,4.0)
(25.0,4.0)
(515.0,4.0)
(16.0,4.0)
(16.0,4.0)
(25.0,4.0)
(16.0,4.0)
(515.0,4.0)
(515.0,4.0)
(16.0,4.0)
(29.0,4.0)
(16.0,4.0)
(503.0,4.0)
(16.0,4.0)
(16.0,4.0)
(29.0,4.0)
(16.0,4.0)
(17.0,4.0)
(515.0,4.0)
(16.0,4.0)
(16.0,4.0)
(30.0,4.0)
(16.0,4.0)
(516.0,4.0)
(30.0,4.0)
(515.0,4.0)
(16.0,4.0)
(16.0,4.0)
(515.0,4.0)
(16.0,4.0)
(515.0,4.0)
(17.0,4.0)
(16.0,4.0)
(30.0,4.0)
(16.0,4.0)
(29.0,4.0)
(503.0,4.0)
(16.0,4.0)
(515.0,4.0)
(515.0,4.0)
(16.0,4.0)
(511.0,4.0)
(16.0,4.0)
(503.0,4.0)
(25.0,4.0)
(16.0,4.0)
(16.0,4.0)
(16.0,4.0)
(16.0,4.0)
(515.0,4.0)
(16.0,4.0)
(17.0,4.0)
(16.0,4.0)
(16.0,5.0)
(16.0,5.0)
(29.0,5.0)
(511.0,5.0)
(17.0,5.0)
(29.0,5.0)
(515.0,5.0)
(17.0,5.0)
(17.0,5.0)
(29.0,5.0)
(29.0,5.0)
(515.0,5.0)
(785.0,5.0)
(17.0,5.0)
(25.0,5.0)
(503.0,5.0)
(515.0,5.0)
(512.0,5.0)
(785.0,5.0)
(17.0,5.0)
(17.0,5.0)
(17.0,5.0)
(515.0,5.0)
(17.0,5.0)
(515.0,5.0)
(16.0,5.0)
(515.0,5.0)
(515.0,5.0)
(17.0,5.0)
(459.0,5.0)
(25.0,5.0)
(515.0,5.0)
(515.0,5.0)
(785.0,5.0)
(515.0,5.0)
(25.0,5.0)
(515.0,5.0)
(25.0,5.0)
(18.0,5.0)
(28.0,5.0)
(515.0,5.0)
(515.0,5.0)
(123.0,5.0)
(17.0,5.0)
(17.0,5.0)
(515.0,5.0)
(459.0,5.0)
(515.0,5.0)
(25.0,5.0)
(498.0,5.0)
(516.0,5.0)
(17.0,5.0)
(459.0,5.0)
(515.0,5.0)
(16.0,5.0)
(10.0,5.0)
(515.0,5.0)
(16.0,5.0)
(16.0,5.0)
(17.0,5.0)
(785.0,5.0)
(785.0,5.0)
(17.0,5.0)
(515.0,5.0)
(515.0,5.0)
(10.0,5.0)
(511.0,5.0)
(515.0,5.0)
(25.0,5.0)
(515.0,5.0)
(16.0,5.0)
(17.0,5.0)
(515.0,5.0)
(17.0,5.0)
(18.0,5.0)
(17.0,5.0)
(17.0,5.0)
(25.0,5.0)
(515.0,5.0)
(25.0,5.0)
(17.0,5.0)
(16.0,5.0)
(16.0,5.0)
(515.0,5.0)
(515.0,5.0)
(515.0,5.0)
(17.0,5.0)
(459.0,5.0)
(25.0,5.0)
(785.0,5.0)
(17.0,5.0)
(16.0,5.0)
(512.0,5.0)
(25.0,5.0)
(16.0,5.0)
(16.0,5.0)
(16.0,5.0)
(17.0,5.0)
(515.0,5.0)
(515.0,5.0)
(515.0,5.0)
(515.0,5.0)
(16.0,5.0)
(16.0,5.0)
(16.0,5.0)
(16.0,5.0)
(17.0,5.0)
(16.0,5.0)
(29.0,5.0)
(515.0,5.0)
(17.0,5.0)
(16.0,5.0)
(17.0,5.0)
(25.0,5.0)
(17.0,5.0)
(515.0,5.0)
(16.0,5.0)
(503.0,5.0)
(515.0,5.0)
(515.0,5.0)
(25.0,5.0)
(515.0,5.0)
(17.0,5.0)
(16.0,5.0)
(515.0,5.0)
(498.0,5.0)
(459.0,5.0)
(25.0,5.0)
(515.0,5.0)
(515.0,5.0)
(25.0,5.0)
(16.0,5.0)
(515.0,5.0)
(17.0,5.0)
(25.0,5.0)
(17.0,5.0)
(515.0,5.0)
(25.0,5.0)
(515.0,5.0)
(16.0,5.0)
(16.0,5.0)
(515.0,5.0)
(16.0,5.0)
(503.0,5.0)
(16.0,5.0)
(17.0,5.0)
(17.0,5.0)
(16.0,6.0)
(515.0,6.0)
(13.0,6.0)
(16.0,6.0)
(16.0,6.0)
(515.0,6.0)
(16.0,6.0)
(16.0,6.0)
(17.0,6.0)
(29.0,6.0)
(515.0,6.0)
(25.0,6.0)
(25.0,6.0)
(16.0,6.0)
(515.0,6.0)
(503.0,6.0)
(515.0,6.0)
(16.0,6.0)
(16.0,6.0)
(29.0,6.0)
(515.0,6.0)
(515.0,6.0)
(515.0,6.0)
(16.0,6.0)
(515.0,6.0)
(16.0,6.0)
(16.0,6.0)
(459.0,6.0)
(25.0,6.0)
(29.0,6.0)
(16.0,6.0)
(16.0,6.0)
(515.0,6.0)
(515.0,6.0)
(25.0,6.0)
(18.0,6.0)
(503.0,6.0)
(16.0,6.0)
(515.0,6.0)
(515.0,6.0)
(16.0,6.0)
(16.0,6.0)
(13.0,6.0)
(515.0,6.0)
(515.0,6.0)
(25.0,6.0)
(515.0,6.0)
(506.0,6.0)
(515.0,6.0)
(515.0,6.0)
(515.0,6.0)
(16.0,6.0)
(516.0,6.0)
(6.0,6.0)
(516.0,6.0)
(16.0,6.0)
(16.0,6.0)
(16.0,6.0)
(16.0,6.0)
(17.0,6.0)
(17.0,6.0)
(515.0,6.0)
(6.0,6.0)
(16.0,6.0)
(515.0,6.0)
(25.0,6.0)
(30.0,6.0)
(515.0,6.0)
(16.0,6.0)
(506.0,6.0)
(16.0,6.0)
(18.0,6.0)
(13.0,6.0)
(503.0,6.0)
(25.0,6.0)
(515.0,6.0)
(503.0,6.0)
(29.0,6.0)
(16.0,6.0)
(16.0,6.0)
(515.0,6.0)
(25.0,6.0)
(515.0,6.0)
(515.0,6.0)
(17.0,6.0)
(459.0,6.0)
(25.0,6.0)
(16.0,6.0)
(25.0,6.0)
(25.0,6.0)
(25.0,6.0)
(29.0,6.0)
(16.0,6.0)
(17.0,6.0)
(13.0,6.0)
(515.0,6.0)
(516.0,6.0)
(515.0,6.0)
(29.0,6.0)
(515.0,6.0)
(516.0,6.0)
(16.0,6.0)
(16.0,6.0)
(16.0,6.0)
(515.0,6.0)
(515.0,6.0)
(16.0,6.0)
(16.0,6.0)
(515.0,6.0)
(515.0,6.0)
(29.0,6.0)
(515.0,6.0)
(16.0,6.0)
(515.0,6.0)
(29.0,6.0)
(17.0,6.0)
(515.0,6.0)
(16.0,6.0)
(16.0,6.0)
(516.0,6.0)
(18.0,6.0)
(515.0,6.0)
(16.0,6.0)
(16.0,6.0)
(515.0,6.0)
(16.0,6.0)
(515.0,6.0)
(16.0,6.0)
(6.0,6.0)
(18.0,6.0)
(16.0,6.0)
(515.0,6.0)
(16.0,6.0)
(25.0,6.0)
(29.0,6.0)
(17.0,6.0)
(515.0,6.0)
(503.0,6.0)
(16.0,6.0)
(16.0,6.0)
(16.0,6.0)
(17.0,6.0)
(16.0,6.0)
(16.0,6.0)
(515.0,6.0)
(13.0,7.0)
(29.0,7.0)
(25.0,7.0)
(515.0,7.0)
(29.0,7.0)
(515.0,7.0)
(498.0,7.0)
(25.0,7.0)
(29.0,7.0)
(29.0,7.0)
(212.0,7.0)
(29.0,7.0)
(29.0,7.0)
(515.0,7.0)
(503.0,7.0)
(25.0,7.0)
(503.0,7.0)
(17.0,7.0)
(503.0,7.0)
(18.0,7.0)
(29.0,7.0)
(515.0,7.0)
(515.0,7.0)
(17.0,7.0)
(503.0,7.0)
(503.0,7.0)
(515.0,7.0)
(29.0,7.0)
(516.0,7.0)
(25.0,7.0)
(503.0,7.0)
(16.0,7.0)
(515.0,7.0)
(17.0,7.0)
(515.0,7.0)
(503.0,7.0)
(29.0,7.0)
(503.0,7.0)
(515.0,7.0)
(459.0,7.0)
(17.0,7.0)
(29.0,7.0)
(503.0,7.0)
(25.0,7.0)
(29.0,7.0)
(17.0,7.0)
(515.0,7.0)
(29.0,7.0)
(17.0,7.0)
(515.0,7.0)
(515.0,7.0)
(17.0,7.0)
(515.0,7.0)
(512.0,7.0)
(515.0,7.0)
(17.0,7.0)
(17.0,7.0)
(515.0,7.0)
(29.0,7.0)
(503.0,7.0)
(25.0,7.0)
(29.0,7.0)
(16.0,7.0)
(25.0,7.0)
(516.0,7.0)
(29.0,7.0)
(17.0,7.0)
(503.0,7.0)
(15.0,7.0)
(515.0,7.0)
(17.0,7.0)
(16.0,7.0)
(17.0,7.0)
(515.0,7.0)
(25.0,7.0)
(17.0,7.0)
(16.0,7.0)
(503.0,7.0)
(30.0,7.0)
(29.0,7.0)
(17.0,7.0)
(17.0,7.0)
(503.0,7.0)
(17.0,7.0)
(515.0,7.0)
(29.0,7.0)
(503.0,7.0)
(25.0,7.0)
(29.0,7.0)
(16.0,7.0)
(29.0,7.0)
(25.0,7.0)
(515.0,7.0)
(29.0,7.0)
(16.0,7.0)
(25.0,7.0)
(515.0,7.0)
(515.0,7.0)
(16.0,7.0)
(29.0,7.0)
(29.0,7.0)
(17.0,7.0)
(17.0,7.0)
(17.0,7.0)
(16.0,7.0)
(515.0,7.0)
(515.0,7.0)
(29.0,7.0)
(503.0,7.0)
(29.0,7.0)
(515.0,7.0)
(515.0,7.0)
(17.0,7.0)
(29.0,7.0)
(29.0,7.0)
(25.0,7.0)
(515.0,7.0)
(17.0,7.0)
(516.0,7.0)
(17.0,7.0)
(18.0,7.0)
(16.0,7.0)
(17.0,7.0)
(459.0,7.0)
(498.0,7.0)
(25.0,7.0)
(16.0,7.0)
(459.0,7.0)
(17.0,7.0)
(16.0,7.0)
(17.0,7.0)
(503.0,7.0)
(17.0,7.0)
(29.0,7.0)
(29.0,7.0)
(25.0,7.0)
(29.0,7.0)
(17.0,7.0)
(503.0,7.0)
(503.0,7.0)
(17.0,7.0)
(515.0,7.0)
(17.0,7.0)
(17.0,7.0)
(515.0,7.0)
(25.0,7.0)
(16.0,7.0)
(515.0,7.0)
(25.0,7.0)
(17.0,9.0)
(9.0,9.0)
(515.0,9.0)
(516.0,9.0)
(516.0,9.0)
(515.0,9.0)
(516.0,9.0)
(9.0,9.0)
(516.0,9.0)
(516.0,9.0)
(516.0,9.0)
(516.0,9.0)
(516.0,9.0)
(516.0,9.0)
(29.0,9.0)
(515.0,9.0)
(516.0,9.0)
(516.0,9.0)
(503.0,9.0)
(515.0,9.0)
(516.0,9.0)
(516.0,9.0)
(515.0,9.0)
(516.0,9.0)
(516.0,9.0)
(25.0,9.0)
(516.0,9.0)
(516.0,9.0)
(516.0,9.0)
(515.0,9.0)
(515.0,9.0)
(516.0,9.0)
(516.0,9.0)
(516.0,9.0)
(516.0,9.0)
(516.0,9.0)
(515.0,9.0)
(29.0,9.0)
(516.0,9.0)
(516.0,9.0)
(516.0,9.0)
(8.0,9.0)
(515.0,9.0)
(515.0,9.0)
(515.0,9.0)
(516.0,9.0)
(516.0,9.0)
(515.0,9.0)
(515.0,9.0)
(515.0,9.0)
(516.0,9.0)
(516.0,9.0)
(515.0,9.0)
(516.0,9.0)
(13.0,9.0)
(515.0,9.0)
(17.0,9.0)
(516.0,9.0)
(515.0,9.0)
(516.0,9.0)
(516.0,9.0)
(516.0,9.0)
(515.0,9.0)
(515.0,9.0)
(516.0,9.0)
(516.0,9.0)
(516.0,9.0)
(515.0,9.0)
(515.0,9.0)
(516.0,9.0)
(515.0,9.0)
(29.0,9.0)
(515.0,9.0)
(9.0,9.0)
(515.0,9.0)
(13.0,9.0)
(9.0,9.0)
(516.0,9.0)
(516.0,9.0)
(516.0,9.0)
(516.0,9.0)
(503.0,9.0)
(515.0,9.0)
(9.0,9.0)
(516.0,9.0)
(459.0,9.0)
(515.0,9.0)
(516.0,9.0)
(516.0,9.0)
(516.0,9.0)
(516.0,9.0)
(516.0,9.0)
(516.0,9.0)
(516.0,9.0)
(515.0,9.0)
(516.0,9.0)
(516.0,9.0)
(516.0,9.0)
(516.0,9.0)
(516.0,9.0)
(516.0,9.0)
(515.0,9.0)
(16.0,9.0)
(515.0,9.0)
(13.0,9.0)
(516.0,9.0)
(9.0,9.0)
(516.0,9.0)
(515.0,9.0)
(516.0,9.0)
(516.0,9.0)
(25.0,9.0)
(516.0,9.0)
(515.0,9.0)
(516.0,9.0)
(516.0,9.0)
(515.0,9.0)
(515.0,9.0)
(25.0,9.0)
(515.0,9.0)
(9.0,9.0)
(516.0,9.0)
(516.0,9.0)
(516.0,9.0)
(516.0,9.0)
(16.0,9.0)
(516.0,9.0)
(13.0,9.0)
(516.0,9.0)
(516.0,9.0)
(516.0,9.0)
(516.0,9.0)
(516.0,9.0)
(515.0,9.0)
(25.0,9.0)
(516.0,9.0)
(29.0,9.0)
(459.0,9.0)
(516.0,9.0)
(515.0,9.0)
(516.0,9.0)
(516.0,12.0)
(13.0,12.0)
(16.0,12.0)
(516.0,12.0)
(13.0,12.0)
(516.0,12.0)
(515.0,12.0)
(516.0,12.0)
(516.0,12.0)
(516.0,12.0)
(516.0,12.0)
(516.0,12.0)
(516.0,12.0)
(516.0,12.0)
(13.0,12.0)
(515.0,12.0)
(503.0,12.0)
(516.0,12.0)
(516.0,12.0)
(515.0,12.0)
(25.0,12.0)
(516.0,12.0)
(515.0,12.0)
(13.0,12.0)
(516.0,12.0)
(516.0,12.0)
(516.0,12.0)
(516.0,12.0)
(516.0,12.0)
(516.0,12.0)
(516.0,12.0)
(516.0,12.0)
(515.0,12.0)
(516.0,12.0)
(16.0,12.0)
(516.0,12.0)
(516.0,12.0)
(516.0,12.0)
(516.0,12.0)
(29.0,12.0)
(16.0,12.0)
(516.0,12.0)
(516.0,12.0)
(516.0,12.0)
(515.0,12.0)
(515.0,12.0)
(515.0,12.0)
(516.0,12.0)
(515.0,12.0)
(16.0,12.0)
(16.0,12.0)
(516.0,12.0)
(13.0,12.0)
(16.0,12.0)
(516.0,12.0)
(13.0,12.0)
(16.0,12.0)
(516.0,12.0)
(13.0,12.0)
(516.0,12.0)
(16.0,12.0)
(516.0,12.0)
(516.0,12.0)
(516.0,12.0)
(516.0,12.0)
(516.0,12.0)
(515.0,12.0)
(516.0,12.0)
(516.0,12.0)
(516.0,12.0)
(13.0,12.0)
(516.0,12.0)
(516.0,12.0)
(516.0,12.0)
(16.0,12.0)
(16.0,12.0)
(17.0,12.0)
(516.0,12.0)
(13.0,12.0)
(516.0,12.0)
(516.0,12.0)
(516.0,12.0)
(17.0,12.0)
(16.0,12.0)
(516.0,12.0)
(516.0,12.0)
(516.0,12.0)
(516.0,12.0)
(16.0,12.0)
(516.0,12.0)
(13.0,12.0)
(516.0,12.0)
(516.0,12.0)
(516.0,12.0)
(516.0,12.0)
(13.0,12.0)
(515.0,12.0)
(13.0,12.0)
(13.0,12.0)
(516.0,12.0)
(515.0,12.0)
(516.0,12.0)
(515.0,12.0)
(515.0,12.0)
(515.0,12.0)
(516.0,12.0)
(516.0,12.0)
(29.0,12.0)
(13.0,12.0)
(13.0,12.0)
(13.0,12.0)
(13.0,12.0)
(516.0,12.0)
(516.0,12.0)
(516.0,12.0)
(515.0,12.0)
(516.0,12.0)
(516.0,12.0)
(516.0,12.0)
(516.0,12.0)
(516.0,12.0)
(13.0,12.0)
(515.0,12.0)
(516.0,12.0)
(516.0,12.0)
(516.0,12.0)
(16.0,12.0)
(17.0,12.0)
(516.0,12.0)
(515.0,12.0)
(516.0,12.0)
(516.0,12.0)
(516.0,12.0)
(516.0,12.0)
(515.0,12.0)
(516.0,12.0)
(516.0,12.0)
(516.0,12.0)
(516.0,12.0)
(17.0,12.0)
(516.0,12.0)
(13.0,12.0)
(30.0,12.0)
(16.0,12.0)
(13.0,12.0)
(13.0,12.0)
(515.0,12.0)
(515.0,12.0)
(16.0,12.0)
(516.0,12.0)
(516.0,12.0)
(516.0,12.0)
(516.0,12.0)
(516.0,12.0)
(515.0,12.0)
(516.0,12.0)
(516.0,12.0)
(515.0,12.0)
(515.0,12.0)
(515.0,10.0)
(515.0,10.0)
(515.0,10.0)
(29.0,10.0)
(515.0,10.0)
(515.0,10.0)
(515.0,10.0)
(17.0,10.0)
(16.0,10.0)
(29.0,10.0)
(515.0,10.0)
(515.0,10.0)
(515.0,10.0)
(25.0,10.0)
(25.0,10.0)
(17.0,10.0)
(16.0,10.0)
(515.0,10.0)
(515.0,10.0)
(16.0,10.0)
(515.0,10.0)
(25.0,10.0)
(10.0,10.0)
(495.0,10.0)
(16.0,10.0)
(515.0,10.0)
(515.0,10.0)
(515.0,10.0)
(16.0,10.0)
(516.0,10.0)
(516.0,10.0)
(515.0,10.0)
(29.0,10.0)
(25.0,10.0)
(17.0,10.0)
(29.0,10.0)
(25.0,10.0)
(503.0,10.0)
(515.0,10.0)
(16.0,10.0)
(459.0,10.0)
(503.0,10.0)
(459.0,10.0)
(515.0,10.0)
(17.0,10.0)
(515.0,10.0)
(516.0,10.0)
(503.0,10.0)
(459.0,10.0)
(459.0,10.0)
(515.0,10.0)
(516.0,10.0)
(516.0,10.0)
(515.0,10.0)
(16.0,10.0)
(16.0,10.0)
(515.0,10.0)
(17.0,10.0)
(16.0,10.0)
(515.0,10.0)
(515.0,10.0)
(516.0,10.0)
(515.0,10.0)
(515.0,10.0)
(17.0,10.0)
(515.0,10.0)
(516.0,10.0)
(515.0,10.0)
(515.0,10.0)
(16.0,10.0)
(515.0,10.0)
(515.0,10.0)
(17.0,10.0)
(515.0,10.0)
(25.0,10.0)
(17.0,10.0)
(16.0,10.0)
(16.0,10.0)
(22.0,10.0)
(515.0,10.0)
(10.0,10.0)
(515.0,10.0)
(25.0,10.0)
(515.0,10.0)
(25.0,10.0)
(17.0,10.0)
(25.0,10.0)
(17.0,10.0)
(29.0,10.0)
(25.0,10.0)
(17.0,10.0)
(515.0,10.0)
(516.0,10.0)
(515.0,10.0)
(25.0,10.0)
(515.0,10.0)
(17.0,10.0)
(515.0,10.0)
(16.0,10.0)
(16.0,10.0)
(29.0,10.0)
(503.0,10.0)
(515.0,10.0)
(515.0,10.0)
(17.0,10.0)
(17.0,10.0)
(16.0,10.0)
(506.0,10.0)
(24.0,10.0)
(16.0,10.0)
(503.0,10.0)
(516.0,10.0)
(17.0,10.0)
(17.0,10.0)
(515.0,10.0)
(16.0,10.0)
(25.0,10.0)
(503.0,10.0)
(515.0,10.0)
(17.0,10.0)
(516.0,10.0)
(515.0,10.0)
(503.0,10.0)
(515.0,10.0)
(25.0,10.0)
(16.0,10.0)
(503.0,10.0)
(17.0,10.0)
(17.0,10.0)
(503.0,10.0)
(459.0,10.0)
(16.0,10.0)
(515.0,10.0)
(515.0,10.0)
(17.0,10.0)
(515.0,10.0)
(22.0,10.0)
(515.0,10.0)
(515.0,10.0)
(515.0,10.0)
(515.0,10.0)
(515.0,10.0)
(29.0,10.0)
(515.0,10.0)
(515.0,10.0)
(29.0,10.0)
(17.0,10.0)
(16.0,10.0)
(17.0,10.0)
(515.0,10.0)
(515.0,10.0)
(515.0,10.0)
(25.0,10.0)
(25.0,10.0)
(17.0,10.0)
(16.0,10.0)
(515.0,10.0)
(515.0,10.0)
(16.0,10.0)
(516.0,10.0)
(17.0,10.0)
(10.0,10.0)
(516.0,10.0)
(16.0,10.0)
(515.0,10.0)
(515.0,10.0)
(515.0,10.0)
(16.0,10.0)
(516.0,10.0)
(515.0,10.0)
(515.0,10.0)
(29.0,10.0)
(25.0,10.0)
(17.0,10.0)
(29.0,10.0)
(503.0,10.0)
(515.0,10.0)
(459.0,10.0)
(503.0,10.0)
(503.0,10.0)
(515.0,10.0)
(17.0,10.0)
(515.0,10.0)
(516.0,10.0)
(503.0,10.0)
(503.0,10.0)
(16.0,10.0)
(459.0,10.0)
(515.0,10.0)
(515.0,10.0)
(516.0,10.0)
(16.0,10.0)
(22.0,10.0)
(16.0,10.0)
(515.0,10.0)
(17.0,10.0)
(515.0,10.0)
(515.0,10.0)
(515.0,10.0)
(515.0,10.0)
(515.0,10.0)
(17.0,10.0)
(515.0,10.0)
(516.0,10.0)
(515.0,10.0)
(515.0,10.0)
(16.0,10.0)
(515.0,10.0)
(17.0,10.0)
(17.0,10.0)
(515.0,10.0)
(25.0,10.0)
(17.0,10.0)
(16.0,10.0)
(16.0,10.0)
(22.0,10.0)
(515.0,10.0)
(10.0,10.0)
(503.0,10.0)
(515.0,10.0)
(25.0,10.0)
(515.0,10.0)
(17.0,10.0)
(25.0,10.0)
(17.0,10.0)
(29.0,10.0)
(25.0,10.0)
(17.0,10.0)
(16.0,10.0)
(515.0,10.0)
(516.0,10.0)
(515.0,10.0)
(25.0,10.0)
(515.0,10.0)
(17.0,10.0)
(515.0,10.0)
(515.0,10.0)
(16.0,10.0)
(17.0,10.0)
(503.0,10.0)
(515.0,10.0)
(515.0,10.0)
(17.0,10.0)
(17.0,10.0)
(16.0,10.0)
(17.0,10.0)
(503.0,10.0)
(25.0,10.0)
(515.0,10.0)
(516.0,10.0)
(17.0,10.0)
(17.0,10.0)
(515.0,10.0)
(22.0,10.0)
(25.0,10.0)
(503.0,10.0)
(515.0,10.0)
(17.0,10.0)
(515.0,10.0)
(515.0,10.0)
(503.0,10.0)
(515.0,10.0)
(25.0,10.0)
(16.0,10.0)
(503.0,10.0)
(17.0,10.0)
(503.0,10.0)
(16.0,10.0)
(16.0,10.0)
(515.0,10.0)
(515.0,10.0)
(16.0,10.0)
(515.0,10.0)
(22.0,10.0)
(515.0,10.0)
(515.0,10.0)
(515.0,8.0)
(8.0,8.0)
(503.0,8.0)
(13.0,8.0)
(516.0,8.0)
(16.0,8.0)
(515.0,8.0)
(515.0,8.0)
(516.0,8.0)
(13.0,8.0)
(515.0,8.0)
(515.0,8.0)
(13.0,8.0)
(13.0,8.0)
(515.0,8.0)
(13.0,8.0)
(516.0,8.0)
(17.0,8.0)
(503.0,8.0)
(515.0,8.0)
(13.0,8.0)
(13.0,8.0)
(692.0,8.0)
(515.0,8.0)
(515.0,8.0)
(515.0,8.0)
(516.0,8.0)
(13.0,8.0)
(13.0,8.0)
(515.0,8.0)
(515.0,8.0)
(515.0,8.0)
(13.0,8.0)
(13.0,8.0)
(515.0,8.0)
(515.0,8.0)
(16.0,8.0)
(503.0,8.0)
(13.0,8.0)
(515.0,8.0)
(516.0,8.0)
(516.0,8.0)
(13.0,8.0)
(13.0,8.0)
(692.0,8.0)
(515.0,8.0)
(17.0,8.0)
(29.0,8.0)
(516.0,8.0)
(516.0,8.0)
(13.0,8.0)
(435.0,8.0)
(515.0,8.0)
(13.0,8.0)
(29.0,8.0)
(515.0,8.0)
(13.0,8.0)
(516.0,8.0)
(515.0,8.0)
(18.0,8.0)
(516.0,8.0)
(503.0,8.0)
(515.0,8.0)
(515.0,8.0)
(13.0,8.0)
(13.0,8.0)
(516.0,8.0)
(515.0,8.0)
(515.0,8.0)
(515.0,8.0)
(13.0,8.0)
(13.0,8.0)
(13.0,8.0)
(13.0,8.0)
(17.0,8.0)
(515.0,8.0)
(13.0,8.0)
(503.0,8.0)
(29.0,8.0)
(516.0,8.0)
(516.0,8.0)
(13.0,8.0)
(515.0,8.0)
(13.0,8.0)
(515.0,8.0)
(13.0,8.0)
(515.0,8.0)
(515.0,8.0)
(13.0,8.0)
(516.0,8.0)
(515.0,8.0)
(515.0,8.0)
(515.0,8.0)
(11.0,8.0)
(503.0,8.0)
(13.0,8.0)
(515.0,8.0)
(515.0,8.0)
(25.0,8.0)
(29.0,8.0)
(515.0,8.0)
(515.0,8.0)
(13.0,8.0)
(503.0,8.0)
(515.0,8.0)
(13.0,8.0)
(516.0,8.0)
(515.0,8.0)
(17.0,8.0)
(13.0,8.0)
(515.0,8.0)
(515.0,8.0)
(9.0,8.0)
(13.0,8.0)
(13.0,8.0)
(515.0,8.0)
(515.0,8.0)
(8.0,8.0)
(515.0,8.0)
(29.0,8.0)
(515.0,8.0)
(503.0,8.0)
(8.0,8.0)
(16.0,8.0)
(516.0,8.0)
(13.0,8.0)
(17.0,8.0)
(515.0,8.0)
(515.0,8.0)
(515.0,8.0)
(516.0,8.0)
(516.0,8.0)
(13.0,8.0)
(13.0,8.0)
(516.0,8.0)
(9.0,8.0)
(16.0,8.0)
(515.0,8.0)
(11.0,8.0)
(515.0,8.0)
(515.0,8.0)
(503.0,8.0)
(13.0,8.0)
(515.0,8.0)
(515.0,8.0)
(692.0,8.0)
(515.0,8.0)
(16.0,8.0)
(515.0,8.0)
(13.0,8.0)
(17.0,12.0)
(17.0,12.0)
(516.0,12.0)
(17.0,12.0)
(516.0,12.0)
(386.0,12.0)
(516.0,12.0)
(516.0,12.0)
(516.0,12.0)
(31.0,12.0)
(17.0,12.0)
(516.0,12.0)
(17.0,12.0)
(25.0,12.0)
(516.0,12.0)
(516.0,12.0)
(516.0,12.0)
(31.0,12.0)
(17.0,12.0)
(43.0,12.0)
(29.0,12.0)
(31.0,12.0)
(17.0,12.0)
(515.0,12.0)
(516.0,12.0)
(447.0,12.0)
(17.0,12.0)
(17.0,12.0)
(17.0,12.0)
(515.0,12.0)
(17.0,12.0)
(17.0,12.0)
(377.0,12.0)
(503.0,12.0)
(516.0,12.0)
(17.0,12.0)
(516.0,12.0)
(17.0,12.0)
(17.0,12.0)
(399.0,12.0)
(17.0,12.0)
(447.0,12.0)
(459.0,12.0)
(516.0,12.0)
(25.0,12.0)
(503.0,12.0)
(516.0,12.0)
(17.0,12.0)
(17.0,12.0)
(16.0,12.0)
(43.0,12.0)
(264.0,12.0)
(17.0,12.0)
(17.0,12.0)
(516.0,12.0)
(17.0,12.0)
(17.0,12.0)
(447.0,12.0)
(16.0,12.0)
(16.0,12.0)
(43.0,12.0)
(17.0,12.0)
(499.0,12.0)
(736.0,12.0)
(17.0,12.0)
(515.0,12.0)
(515.0,12.0)
(17.0,12.0)
(43.0,12.0)
(516.0,12.0)
(515.0,12.0)
(417.0,12.0)
(17.0,12.0)
(516.0,12.0)
(516.0,12.0)
(447.0,12.0)
(17.0,12.0)
(516.0,12.0)
(447.0,12.0)
(16.0,12.0)
(499.0,12.0)
(447.0,12.0)
(516.0,12.0)
(516.0,12.0)
(16.0,12.0)
(29.0,12.0)
(499.0,12.0)
(17.0,12.0)
(516.0,12.0)
(17.0,12.0)
(302.0,12.0)
(516.0,12.0)
(515.0,12.0)
(515.0,12.0)
(515.0,12.0)
(17.0,12.0)
(516.0,12.0)
(17.0,11.0)
(13.0,11.0)
(25.0,11.0)
(17.0,11.0)
(17.0,11.0)
(17.0,11.0)
(503.0,11.0)
(17.0,11.0)
(515.0,11.0)
(503.0,11.0)
(22.0,11.0)
(516.0,11.0)
(11.0,11.0)
(13.0,11.0)
(515.0,11.0)
(13.0,11.0)
(17.0,11.0)
(459.0,11.0)
(515.0,11.0)
(17.0,11.0)
(516.0,11.0)
(13.0,11.0)
(13.0,11.0)
(18.0,11.0)
(515.0,11.0)
(11.0,11.0)
(515.0,11.0)
(13.0,11.0)
(447.0,11.0)
(17.0,11.0)
(17.0,11.0)
(515.0,11.0)
(13.0,11.0)
(516.0,11.0)
(13.0,11.0)
(515.0,11.0)
(17.0,11.0)
(382.0,11.0)
(13.0,11.0)
(516.0,11.0)
(515.0,11.0)
(516.0,11.0)
(503.0,11.0)
(13.0,11.0)
(8.0,11.0)
(515.0,11.0)
(13.0,11.0)
(17.0,11.0)
(17.0,11.0)
(516.0,11.0)
(13.0,11.0)
(13.0,11.0)
(13.0,11.0)
(13.0,11.0)
(503.0,11.0)
(503.0,11.0)
(11.0,11.0)
(515.0,11.0)
(516.0,11.0)
(13.0,11.0)
(13.0,11.0)
(515.0,11.0)
(13.0,11.0)
(13.0,11.0)
(503.0,11.0)
(13.0,11.0)
(13.0,11.0)
(17.0,11.0)
(515.0,11.0)
(13.0,11.0)
(516.0,11.0)
(515.0,11.0)
(17.0,11.0)
(13.0,11.0)
(515.0,11.0)
(503.0,11.0)
(13.0,11.0)
(17.0,11.0)
(516.0,11.0)
(503.0,11.0)
(13.0,11.0)
(13.0,11.0)
(13.0,11.0)
(16.0,11.0)
(515.0,11.0)
(13.0,11.0)
(13.0,11.0)
(503.0,11.0)
(503.0,11.0)
(515.0,11.0)
(503.0,11.0)
(13.0,11.0)
(17.0,11.0)
(516.0,11.0)
(11.0,11.0)
(13.0,11.0)
(13.0,11.0)
(29.0,11.0)
(11.0,11.0)
(13.0,11.0)
(406.0,11.0)
(17.0,11.0)
(13.0,11.0)
(11.0,11.0)
(13.0,11.0)
(516.0,11.0)
(515.0,11.0)
(503.0,11.0)
(13.0,11.0)
(516.0,11.0)
(13.0,11.0)
(17.0,11.0)
(515.0,11.0)
(13.0,11.0)
(515.0,11.0)
(16.0,11.0)
(25.0,11.0)
(511.0,11.0)
(17.0,11.0)
(13.0,11.0)
(13.0,11.0)
(13.0,11.0)
(459.0,11.0)
(503.0,11.0)
(13.0,11.0)
(11.0,11.0)
(17.0,11.0)
(515.0,11.0)
(13.0,11.0)
(515.0,11.0)
(17.0,11.0)
(29.0,11.0)
(516.0,11.0)
(503.0,11.0)
(13.0,11.0)
(13.0,11.0)
(515.0,11.0)
(515.0,11.0)
(13.0,11.0)
(515.0,11.0)
(515.0,11.0)
(13.0,11.0)
(17.0,11.0)
(13.0,11.0)
(516.0,11.0)
(13.0,13.0)
(13.0,13.0)
(13.0,13.0)
(13.0,13.0)
(13.0,13.0)
(13.0,13.0)
(13.0,13.0)
(515.0,13.0)
(13.0,13.0)
(13.0,13.0)
(362.0,13.0)
(13.0,13.0)
(13.0,13.0)
(515.0,13.0)
(417.0,13.0)
(13.0,13.0)
(13.0,13.0)
(13.0,13.0)
(447.0,13.0)
(13.0,13.0)
(13.0,13.0)
(447.0,13.0)
(13.0,13.0)
(16.0,13.0)
(13.0,13.0)
(417.0,13.0)
(13.0,13.0)
(13.0,13.0)
(13.0,13.0)
(13.0,13.0)
(515.0,13.0)
(13.0,13.0)
(13.0,13.0)
(515.0,13.0)
(13.0,13.0)
(515.0,13.0)
(515.0,13.0)
(515.0,13.0)
(13.0,13.0)
(13.0,13.0)
(13.0,13.0)
(13.0,13.0)
(13.0,13.0)
(362.0,13.0)
(13.0,13.0)
(515.0,13.0)
(515.0,13.0)
(362.0,13.0)
(13.0,13.0)
(13.0,13.0)
(20.0,13.0)
(447.0,13.0)
(13.0,13.0)
(515.0,13.0)
(17.0,13.0)
(13.0,13.0)
(515.0,13.0)
(13.0,13.0)
(515.0,13.0)
(13.0,13.0)
(13.0,13.0)
(417.0,13.0)
(447.0,13.0)
(515.0,13.0)
(515.0,13.0)
(13.0,13.0)
(13.0,13.0)
(13.0,13.0)
(515.0,13.0)
(13.0,13.0)
(13.0,13.0)
(13.0,13.0)
(515.0,13.0)
(13.0,13.0)
(417.0,13.0)
(13.0,13.0)
(515.0,13.0)
(13.0,13.0)
(13.0,13.0)
(13.0,13.0)
(13.0,13.0)
(13.0,13.0)
(13.0,13.0)
(13.0,13.0)
(515.0,13.0)
(515.0,13.0)
(13.0,13.0)
(13.0,13.0)
(13.0,13.0)
(13.0,13.0)
(16.0,13.0)
(447.0,13.0)
(503.0,13.0)
(16.0,13.0)
(515.0,13.0)
(417.0,13.0)
(13.0,13.0)
(13.0,13.0)
(13.0,13.0)
(515.0,13.0)
(515.0,13.0)
(16.0,13.0)
(13.0,13.0)
(13.0,13.0)
(13.0,13.0)
(13.0,13.0)
(13.0,13.0)
(13.0,13.0)
(13.0,13.0)
(13.0,13.0)
(20.0,13.0)
(13.0,13.0)
(13.0,13.0)
(13.0,13.0)
(13.0,13.0)
(13.0,13.0)
(13.0,13.0)
(13.0,13.0)
(13.0,13.0)
(417.0,13.0)
(13.0,13.0)
(13.0,13.0)
(13.0,13.0)
(503.0,13.0)
(503.0,13.0)
(13.0,13.0)
(515.0,13.0)
(515.0,13.0)
(13.0,13.0)
(18.0,13.0)
(13.0,13.0)
(13.0,13.0)
(13.0,13.0)
(13.0,13.0)
(13.0,13.0)
(13.0,13.0)
(13.0,13.0)
(515.0,13.0)
(13.0,13.0)
(13.0,13.0)
(13.0,13.0)
(13.0,13.0)
(515.0,13.0)
(417.0,13.0)
(515.0,13.0)
(515.0,13.0)
(18.0,13.0)
(13.0,13.0)
(417.0,13.0)
(13.0,13.0)
(13.0,13.0)
(13.0,13.0)
(13.0,13.0)
(13.0,13.0)
(13.0,13.0)
(503.0,13.0)
(13.0,13.0)
(13.0,13.0)
(13.0,13.0)
(13.0,13.0)
(13.0,13.0)
(13.0,13.0)
(13.0,13.0)
(441.0,13.0)
(417.0,13.0)
(13.0,13.0)
(13.0,13.0)
(13.0,13.0)
(447.0,13.0)
(13.0,13.0)
(13.0,13.0)
(503.0,13.0)
(13.0,13.0)
(16.0,13.0)
(13.0,13.0)
(417.0,13.0)
(13.0,13.0)
(13.0,13.0)
(13.0,13.0)
(13.0,13.0)
(13.0,13.0)
(13.0,13.0)
(13.0,13.0)
(417.0,13.0)
(13.0,13.0)
(515.0,13.0)
(13.0,13.0)
(13.0,13.0)
(13.0,13.0)
(503.0,13.0)
(515.0,13.0)
(13.0,13.0)
(13.0,13.0)
(503.0,13.0)
(515.0,13.0)
(13.0,13.0)
(13.0,13.0)
(13.0,13.0)
(13.0,13.0)
(13.0,13.0)
(13.0,13.0)
(13.0,13.0)
(13.0,13.0)
(13.0,13.0)
(13.0,13.0)
(515.0,13.0)
(13.0,13.0)
(515.0,13.0)
(13.0,13.0)
(515.0,13.0)
(13.0,13.0)
(13.0,13.0)
(417.0,13.0)
(503.0,13.0)
(515.0,13.0)
(515.0,13.0)
(13.0,13.0)
(13.0,13.0)
(13.0,13.0)
(515.0,13.0)
(13.0,13.0)
(13.0,13.0)
(13.0,13.0)
(515.0,13.0)
(13.0,13.0)
(417.0,13.0)
(13.0,13.0)
(515.0,13.0)
(13.0,13.0)
(13.0,13.0)
(13.0,13.0)
(13.0,13.0)
(13.0,13.0)
(13.0,13.0)
(13.0,13.0)
(515.0,13.0)
(515.0,13.0)
(13.0,13.0)
(13.0,13.0)
(13.0,13.0)
(13.0,13.0)
(16.0,13.0)
(447.0,13.0)
(503.0,13.0)
(16.0,13.0)
(515.0,13.0)
(13.0,13.0)
(13.0,13.0)
(13.0,13.0)
(515.0,13.0)
(515.0,13.0)
(16.0,13.0)
(13.0,13.0)
(16.0,13.0)
(13.0,13.0)
(13.0,13.0)
(13.0,13.0)
(13.0,13.0)
(515.0,13.0)
(13.0,13.0)
(20.0,13.0)
(13.0,13.0)
(13.0,13.0)
(13.0,13.0)
(13.0,13.0)
(13.0,13.0)
(13.0,13.0)
(13.0,13.0)
(20.0,13.0)
(13.0,13.0)
(515.0,13.0)
(13.0,13.0)
(515.0,13.0)
(13.0,13.0)
(13.0,13.0)
(13.0,13.0)
(13.0,13.0)
(515.0,13.0)
(13.0,13.0)
(515.0,13.0)
(13.0,13.0)
(13.0,13.0)
(13.0,13.0)
(13.0,13.0)
(515.0,13.0)
(13.0,13.0)
(13.0,13.0)
(515.0,13.0)
(515.0,13.0)
(515.0,13.0)
(13.0,13.0)
(13.0,13.0)
(13.0,13.0)
(13.0,13.0)
(13.0,13.0)
(417.0,13.0)
(515.0,13.0)
(417.0,13.0)
(515.0,13.0)
(515.0,13.0)
(515.0,13.0)
(13.0,13.0)
(515.0,13.0)
(406.0,13.0)
(13.0,13.0)
(15.0,13.0)
(13.0,13.0)
(13.0,13.0)
(13.0,13.0)
(13.0,13.0)
(13.0,13.0)
(13.0,13.0)
(13.0,13.0)
(503.0,13.0)
(13.0,13.0)
(13.0,13.0)
(515.0,13.0)
(18.0,13.0)
(13.0,13.0)
(13.0,13.0)
(13.0,13.0)
(13.0,13.0)
(13.0,13.0)
(455.0,13.0)
(515.0,13.0)
(13.0,13.0)
(13.0,13.0)
(13.0,13.0)
(515.0,13.0)
(13.0,13.0)
(13.0,13.0)
(13.0,13.0)
(503.0,13.0)
(13.0,13.0)
(74.0,13.0)
(13.0,13.0)
(13.0,13.0)
(13.0,13.0)
(447.0,13.0)
(13.0,13.0)
(515.0,13.0)
(503.0,13.0)
(13.0,13.0)
(515.0,13.0)
(13.0,13.0)
(13.0,13.0)
(515.0,13.0)
(13.0,13.0)
(13.0,13.0)
(515.0,13.0)
(13.0,13.0)
(13.0,13.0)
(13.0,13.0)
(13.0,13.0)
(13.0,13.0)
(13.0,13.0)
(515.0,13.0)
(13.0,13.0)
(13.0,13.0)
(13.0,13.0)
(13.0,13.0)
(13.0,13.0)
(13.0,13.0)
(13.0,13.0)
(13.0,13.0)
(13.0,13.0)
(13.0,13.0)
(13.0,13.0)
(13.0,13.0)
(13.0,13.0)
(13.0,13.0)
(13.0,13.0)
(74.0,13.0)
(13.0,13.0)
(29.0,13.0)
(13.0,13.0)
(13.0,13.0)
(13.0,13.0)
(13.0,13.0)
(13.0,13.0)
(13.0,13.0)
(13.0,13.0)
(13.0,13.0)
(13.0,13.0)
(13.0,13.0)
(13.0,13.0)
(13.0,13.0)
(13.0,13.0)
(515.0,13.0)
(455.0,13.0)
(13.0,13.0)
(74.0,13.0)
(515.0,13.0)
(515.0,13.0)
(13.0,13.0)
(13.0,13.0)
(503.0,13.0)
(13.0,13.0)
(13.0,13.0)
(13.0,13.0)
(13.0,13.0)
(13.0,13.0)
(13.0,13.0)
(13.0,13.0)
(13.0,13.0)
(13.0,13.0)
(13.0,13.0)
(13.0,13.0)
(515.0,13.0)
(515.0,13.0)
(13.0,13.0)
(13.0,13.0)
(13.0,13.0)
(31.0,13.0)
(13.0,13.0)
(13.0,13.0)
(515.0,13.0)
(13.0,13.0)
(13.0,13.0)
(13.0,13.0)
(13.0,13.0)
(17.0,13.0)
(13.0,13.0)
(13.0,13.0)
(13.0,13.0)
(503.0,13.0)
(13.0,13.0)
(13.0,13.0)
(13.0,13.0)
(13.0,13.0)
(13.0,13.0)
(31.0,13.0)
(447.0,13.0)
(13.0,13.0)
(13.0,13.0)
(13.0,13.0)
(13.0,13.0)
(13.0,13.0)
(13.0,13.0)
(13.0,13.0)
(13.0,13.0)
(13.0,13.0)
(13.0,13.0)
(13.0,13.0)
(13.0,13.0)
(13.0,13.0)
(13.0,13.0)
(515.0,13.0)
(13.0,13.0)
(515.0,13.0)
(13.0,13.0)
(13.0,13.0)
(515.0,13.0)
(13.0,13.0)
(13.0,13.0)
(13.0,13.0)
(13.0,13.0)
(503.0,13.0)
(13.0,13.0)
(515.0,13.0)
(515.0,13.0)
(13.0,13.0)
(13.0,13.0)
(13.0,13.0)
(13.0,13.0)
(13.0,13.0)
(13.0,13.0)
(13.0,13.0)
(13.0,13.0)
(13.0,13.0)
(13.0,13.0)
(13.0,14.0)
(13.0,14.0)
(13.0,14.0)
(13.0,14.0)
(13.0,14.0)
(13.0,14.0)
(481.0,14.0)
(13.0,14.0)
(406.0,14.0)
(475.0,14.0)
(515.0,14.0)
(515.0,14.0)
(515.0,14.0)
(503.0,14.0)
(459.0,14.0)
(515.0,14.0)
(13.0,14.0)
(515.0,14.0)
(16.0,14.0)
(13.0,14.0)
(13.0,14.0)
(515.0,14.0)
(597.0,14.0)
(13.0,14.0)
(13.0,14.0)
(13.0,14.0)
(13.0,14.0)
(13.0,14.0)
(13.0,14.0)
(13.0,14.0)
(13.0,14.0)
(13.0,14.0)
(13.0,14.0)
(13.0,14.0)
(503.0,14.0)
(13.0,14.0)
(516.0,14.0)
(516.0,14.0)
(13.0,14.0)
(515.0,14.0)
(13.0,14.0)
(515.0,14.0)
(515.0,14.0)
(13.0,14.0)
(13.0,14.0)
(516.0,14.0)
(16.0,14.0)
(516.0,14.0)
(13.0,14.0)
(13.0,14.0)
(13.0,14.0)
(13.0,14.0)
(13.0,14.0)
(13.0,14.0)
(13.0,14.0)
(13.0,14.0)
(516.0,14.0)
(13.0,14.0)
(515.0,14.0)
(13.0,14.0)
(515.0,14.0)
(597.0,14.0)
(13.0,14.0)
(503.0,14.0)
(13.0,14.0)
(515.0,14.0)
(102.0,14.0)
(516.0,14.0)
(503.0,14.0)
(515.0,14.0)
(516.0,14.0)
(455.0,14.0)
(13.0,14.0)
(515.0,14.0)
(13.0,14.0)
(515.0,14.0)
(13.0,14.0)
(516.0,14.0)
(13.0,14.0)
(13.0,14.0)
(515.0,14.0)
(503.0,14.0)
(516.0,14.0)
(13.0,14.0)
(13.0,14.0)
(13.0,14.0)
(515.0,14.0)
(16.0,14.0)
(13.0,14.0)
(13.0,14.0)
(13.0,14.0)
(516.0,14.0)
(16.0,14.0)
(515.0,14.0)
(13.0,14.0)
(8.0,14.0)
(515.0,14.0)
(13.0,14.0)
(13.0,14.0)
(13.0,14.0)
(16.0,14.0)
(515.0,14.0)
(13.0,14.0)
(459.0,14.0)
(515.0,14.0)
(13.0,14.0)
(459.0,14.0)
(13.0,14.0)
(503.0,14.0)
(13.0,14.0)
(481.0,14.0)
(503.0,14.0)
(459.0,14.0)
(13.0,14.0)
(362.0,14.0)
(515.0,14.0)
(516.0,14.0)
(16.0,14.0)
(13.0,14.0)
(13.0,14.0)
(13.0,14.0)
(13.0,14.0)
(13.0,14.0)
(13.0,14.0)
(13.0,14.0)
(29.0,14.0)
(13.0,14.0)
(13.0,14.0)
(13.0,14.0)
(503.0,14.0)
(29.0,14.0)
(516.0,14.0)
(13.0,14.0)
(516.0,14.0)
(362.0,14.0)
(13.0,14.0)
(13.0,14.0)
(13.0,14.0)
(13.0,14.0)
(503.0,14.0)
(515.0,14.0)
(503.0,14.0)
(503.0,14.0)
(16.0,14.0)
(503.0,14.0)
(516.0,14.0)
(13.0,14.0)
(13.0,14.0)
(13.0,14.0)
(13.0,14.0)
(13.0,14.0)
(503.0,14.0)
(13.0,14.0)
(516.0,14.0)
(13.0,14.0)
(13.0,14.0)
(13.0,14.0)
(13.0,14.0)
(13.0,14.0)
(13.0,14.0)
(13.0,14.0)
(13.0,14.0)
(515.0,14.0)
(13.0,14.0)
(13.0,14.0)
(13.0,14.0)
(455.0,14.0)
(13.0,14.0)
(13.0,14.0)
(11.0,14.0)
(13.0,14.0)
(13.0,14.0)
(13.0,14.0)
(13.0,14.0)
(503.0,14.0)
(13.0,14.0)
(13.0,14.0)
(516.0,14.0)
(516.0,14.0)
(515.0,14.0)
(13.0,14.0)
(516.0,14.0)
(503.0,14.0)
(13.0,14.0)
(13.0,14.0)
(515.0,14.0)
(515.0,14.0)
(13.0,14.0)
(515.0,14.0)
(13.0,14.0)
(13.0,14.0)
(481.0,14.0)
(516.0,14.0)
(13.0,14.0)
(13.0,14.0)
(13.0,14.0)
(13.0,14.0)
(13.0,14.0)
(13.0,14.0)
(13.0,14.0)
(516.0,14.0)
(13.0,14.0)
(13.0,14.0)
(406.0,14.0)
(13.0,14.0)
(13.0,14.0)
(516.0,14.0)
(515.0,14.0)
(515.0,14.0)
(481.0,14.0)
(13.0,14.0)
(13.0,14.0)
(515.0,14.0)
(481.0,14.0)
(13.0,14.0)
(13.0,14.0)
(455.0,14.0)
(516.0,14.0)
(13.0,14.0)
(13.0,14.0)
(362.0,14.0)
(515.0,14.0)
(503.0,14.0)
(516.0,14.0)
(13.0,14.0)
(13.0,14.0)
(516.0,14.0)
(515.0,14.0)
(13.0,14.0)
(13.0,14.0)
(13.0,14.0)
(13.0,14.0)
(13.0,14.0)
(13.0,14.0)
(29.0,14.0)
(503.0,14.0)
(13.0,14.0)
(516.0,14.0)
(515.0,14.0)
(13.0,14.0)
(13.0,14.0)
(515.0,14.0)
(13.0,14.0)
(13.0,14.0)
(515.0,14.0)
(13.0,14.0)
(515.0,14.0)
(13.0,14.0)
(13.0,14.0)
(13.0,14.0)
(515.0,14.0)
(13.0,14.0)
(13.0,14.0)
(503.0,14.0)
(13.0,14.0)
(481.0,14.0)
(13.0,14.0)
(516.0,14.0)
(515.0,14.0)
(13.0,14.0)
(13.0,14.0)
(13.0,14.0)
(13.0,14.0)
(16.0,14.0)
(503.0,14.0)
(13.0,14.0)
(13.0,14.0)
(503.0,14.0)
(516.0,14.0)
(13.0,14.0)
(516.0,14.0)
(13.0,14.0)
(13.0,14.0)
(16.0,14.0)
(516.0,14.0)
(13.0,14.0)
(13.0,14.0)
(13.0,14.0)
(447.0,14.0)
(13.0,14.0)
(13.0,14.0)
(503.0,14.0)
(13.0,14.0)
(515.0,14.0)
(13.0,14.0)
(13.0,14.0)
(515.0,14.0)
(447.0,14.0)
(13.0,14.0)
(13.0,14.0)
(515.0,14.0)
(13.0,14.0)
(515.0,14.0)
(515.0,14.0)
(13.0,14.0)
(13.0,14.0)
(13.0,14.0)
(13.0,14.0)
(13.0,14.0)
(515.0,14.0)
(519.0,14.0)
(515.0,14.0)
(515.0,14.0)
(13.0,14.0)
(13.0,14.0)
(515.0,14.0)
(13.0,14.0)
(516.0,14.0)
(406.0,14.0)
(515.0,14.0)
(516.0,14.0)
(13.0,14.0)
(13.0,14.0)
(13.0,14.0)
(516.0,14.0)
(13.0,14.0)
(516.0,14.0)
(13.0,14.0)
(15.0,15.0)
(447.0,15.0)
(20.0,15.0)
(447.0,15.0)
(16.0,15.0)
(713.0,15.0)
(18.0,15.0)
(447.0,15.0)
(15.0,15.0)
(15.0,15.0)
(771.0,15.0)
(15.0,15.0)
(38.0,15.0)
(447.0,15.0)
(18.0,15.0)
(74.0,15.0)
(18.0,15.0)
(447.0,15.0)
(264.0,15.0)
(20.0,15.0)
(350.0,15.0)
(15.0,15.0)
(421.0,15.0)
(22.0,15.0)
(743.0,15.0)
(15.0,15.0)
(20.0,15.0)
(15.0,15.0)
(37.0,15.0)
(15.0,15.0)
(15.0,15.0)
(15.0,15.0)
(15.0,15.0)
(18.0,15.0)
(158.0,15.0)
(20.0,15.0)
(44.0,15.0)
(15.0,15.0)
(15.0,15.0)
(25.0,15.0)
(447.0,15.0)
(381.0,15.0)
(417.0,15.0)
(15.0,15.0)
(20.0,15.0)
(357.0,15.0)
(18.0,15.0)
(435.0,15.0)
(19.0,15.0)
(15.0,15.0)
(20.0,15.0)
(15.0,15.0)
(15.0,15.0)
(37.0,15.0)
(4.0,15.0)
(18.0,15.0)
(785.0,15.0)
(750.0,15.0)
(25.0,15.0)
(25.0,15.0)
(102.0,15.0)
(20.0,15.0)
(421.0,15.0)
(22.0,15.0)
(15.0,15.0)
(36.0,15.0)
(25.0,15.0)
(15.0,15.0)
(20.0,15.0)
(20.0,15.0)
(447.0,15.0)
(15.0,15.0)
(15.0,15.0)
(18.0,15.0)
(17.0,15.0)
(15.0,15.0)
(38.0,15.0)
(18.0,15.0)
(18.0,15.0)
(18.0,15.0)
(15.0,15.0)
(15.0,15.0)
(15.0,15.0)
(737.0,15.0)
(417.0,15.0)
(25.0,15.0)
(18.0,15.0)
(22.0,15.0)
(354.0,15.0)
(15.0,15.0)
(20.0,15.0)
(31.0,15.0)
(15.0,15.0)
(15.0,15.0)
(737.0,15.0)
(15.0,15.0)
(20.0,15.0)
(25.0,15.0)
(20.0,15.0)
(20.0,15.0)
(121.0,15.0)
(351.0,15.0)
(37.0,15.0)
(22.0,15.0)
(25.0,15.0)
(15.0,15.0)
(16.0,15.0)
(19.0,15.0)
(20.0,15.0)
(417.0,15.0)
(15.0,15.0)
(447.0,15.0)
(15.0,15.0)
(15.0,15.0)
(15.0,15.0)
(20.0,15.0)
(581.0,15.0)
(455.0,15.0)
(15.0,15.0)
(15.0,15.0)
(15.0,15.0)
(15.0,15.0)
(101.0,15.0)
(25.0,15.0)
(30.0,15.0)
(4.0,15.0)
(15.0,15.0)
(30.0,15.0)
(20.0,15.0)
(15.0,15.0)
(18.0,15.0)
(18.0,15.0)
(413.0,15.0)
(38.0,15.0)
(15.0,15.0)
(405.0,15.0)
(19.0,15.0)
(15.0,15.0)
(38.0,15.0)
(15.0,15.0)
(19.0,15.0)
(30.0,15.0)
(15.0,15.0)
(44.0,15.0)
(503.0,18.0)
(515.0,18.0)
(18.0,18.0)
(17.0,18.0)
(503.0,18.0)
(17.0,18.0)
(515.0,18.0)
(17.0,18.0)
(503.0,18.0)
(503.0,18.0)
(18.0,18.0)
(17.0,18.0)
(515.0,18.0)
(17.0,18.0)
(515.0,18.0)
(29.0,18.0)
(17.0,18.0)
(21.0,18.0)
(18.0,18.0)
(29.0,18.0)
(503.0,18.0)
(18.0,18.0)
(503.0,18.0)
(18.0,18.0)
(503.0,18.0)
(515.0,18.0)
(515.0,18.0)
(17.0,18.0)
(16.0,18.0)
(18.0,18.0)
(17.0,18.0)
(503.0,18.0)
(18.0,18.0)
(18.0,18.0)
(17.0,18.0)
(17.0,18.0)
(17.0,18.0)
(17.0,18.0)
(17.0,18.0)
(18.0,18.0)
(18.0,18.0)
(17.0,18.0)
(18.0,18.0)
(503.0,18.0)
(17.0,18.0)
(515.0,18.0)
(16.0,18.0)
(16.0,18.0)
(17.0,18.0)
(17.0,18.0)
(503.0,18.0)
(17.0,18.0)
(17.0,18.0)
(18.0,18.0)
(18.0,18.0)
(17.0,18.0)
(503.0,18.0)
(515.0,18.0)
(18.0,18.0)
(16.0,18.0)
(18.0,18.0)
(503.0,18.0)
(17.0,18.0)
(29.0,18.0)
(515.0,18.0)
(498.0,18.0)
(29.0,18.0)
(17.0,18.0)
(733.0,18.0)
(17.0,18.0)
(18.0,18.0)
(515.0,18.0)
(515.0,18.0)
(503.0,18.0)
(503.0,18.0)
(18.0,18.0)
(17.0,18.0)
(17.0,18.0)
(18.0,18.0)
(17.0,18.0)
(18.0,18.0)
(17.0,18.0)
(17.0,18.0)
(18.0,18.0)
(18.0,18.0)
(25.0,18.0)
(17.0,18.0)
(515.0,18.0)
(18.0,18.0)
(17.0,18.0)
(21.0,18.0)
(17.0,18.0)
(18.0,18.0)
(21.0,18.0)
(17.0,18.0)
(503.0,18.0)
(515.0,18.0)
(18.0,18.0)
(515.0,18.0)
(18.0,18.0)
(17.0,18.0)
(18.0,18.0)
(17.0,18.0)
(18.0,18.0)
(515.0,18.0)
(515.0,18.0)
(503.0,18.0)
(18.0,18.0)
(18.0,18.0)
(515.0,18.0)
(18.0,18.0)
(18.0,18.0)
(515.0,18.0)
(18.0,18.0)
(515.0,18.0)
(17.0,18.0)
(18.0,18.0)
(17.0,18.0)
(17.0,18.0)
(503.0,18.0)
(503.0,18.0)
(18.0,18.0)
(29.0,18.0)
(17.0,18.0)
(503.0,18.0)
(17.0,18.0)
(17.0,18.0)
(17.0,18.0)
(18.0,18.0)
(27.0,18.0)
(15.0,18.0)
(18.0,18.0)
(17.0,18.0)
(18.0,18.0)
(17.0,18.0)
(17.0,18.0)
(22.0,18.0)
(18.0,18.0)
(18.0,18.0)
(503.0,18.0)
(515.0,18.0)
(17.0,18.0)
(503.0,18.0)
(25.0,18.0)
(503.0,18.0)
(25.0,18.0)
(18.0,18.0)
(503.0,18.0)
(17.0,18.0)
(17.0,18.0)
(515.0,18.0)
(18.0,18.0)
(25.0,18.0)
(18.0,18.0)
(29.0,18.0)
(515.0,18.0)
(515.0,18.0)
(17.0,18.0)
(503.0,18.0)
(17.0,18.0)
(515.0,18.0)
(17.0,18.0)
(515.0,18.0)
(503.0,18.0)
(503.0,18.0)
(20.0,18.0)
(18.0,18.0)
(515.0,18.0)
(17.0,18.0)
(18.0,18.0)
(29.0,18.0)
(503.0,18.0)
(17.0,18.0)
(17.0,18.0)
(503.0,18.0)
(18.0,18.0)
(508.0,18.0)
(503.0,18.0)
(18.0,18.0)
(503.0,18.0)
(17.0,18.0)
(17.0,18.0)
(17.0,18.0)
(515.0,18.0)
(503.0,18.0)
(503.0,18.0)
(18.0,18.0)
(17.0,18.0)
(503.0,18.0)
(17.0,18.0)
(17.0,18.0)
(18.0,18.0)
(17.0,18.0)
(18.0,18.0)
(18.0,18.0)
(17.0,18.0)
(17.0,18.0)
(17.0,18.0)
(17.0,18.0)
(22.0,18.0)
(16.0,18.0)
(16.0,18.0)
(17.0,18.0)
(503.0,18.0)
(17.0,18.0)
(17.0,18.0)
(18.0,18.0)
(18.0,18.0)
(29.0,18.0)
(515.0,18.0)
(18.0,18.0)
(503.0,18.0)
(17.0,18.0)
(18.0,18.0)
(15.0,18.0)
(22.0,18.0)
(17.0,18.0)
(17.0,18.0)
(18.0,18.0)
(17.0,18.0)
(17.0,18.0)
(515.0,18.0)
(18.0,18.0)
(503.0,18.0)
(503.0,18.0)
(18.0,18.0)
(17.0,18.0)
(17.0,18.0)
(18.0,18.0)
(29.0,18.0)
(17.0,18.0)
(18.0,18.0)
(17.0,18.0)
(18.0,18.0)
(18.0,18.0)
(17.0,18.0)
(17.0,18.0)
(508.0,18.0)
(18.0,18.0)
(503.0,18.0)
(16.0,18.0)
(503.0,18.0)
(18.0,18.0)
(21.0,18.0)
(17.0,18.0)
(515.0,18.0)
(18.0,18.0)
(515.0,18.0)
(18.0,18.0)
(17.0,18.0)
(17.0,18.0)
(17.0,18.0)
(18.0,18.0)
(515.0,18.0)
(515.0,18.0)
(17.0,18.0)
(18.0,18.0)
(18.0,18.0)
(515.0,18.0)
(18.0,18.0)
(18.0,18.0)
(511.0,18.0)
(18.0,18.0)
(515.0,18.0)
(17.0,18.0)
(17.0,18.0)
(17.0,18.0)
(16.0,18.0)
(503.0,18.0)
(503.0,18.0)
(17.0,18.0)
(17.0,18.0)
(503.0,18.0)
(17.0,18.0)
(17.0,18.0)
(508.0,18.0)
(18.0,18.0)
(27.0,18.0)
(18.0,18.0)
(17.0,18.0)
(503.0,18.0)
(18.0,18.0)
(29.0,18.0)
(17.0,18.0)
(22.0,18.0)
(18.0,18.0)
(18.0,18.0)
(503.0,18.0)
(515.0,18.0)
(17.0,18.0)
(18.0,18.0)
(503.0,18.0)
(18.0,18.0)
(503.0,18.0)
(508.0,18.0)
(17.0,18.0)
(17.0,18.0)
(515.0,18.0)
(20.0,18.0)
(29.0,18.0)
(18.0,18.0)
(18.0,18.0)
(18.0,18.0)
(17.0,18.0)
(18.0,18.0)
(17.0,18.0)
(13.0,18.0)
(29.0,18.0)
(17.0,18.0)
(18.0,18.0)
(18.0,18.0)
(17.0,18.0)
(18.0,18.0)
(498.0,18.0)
(503.0,18.0)
(18.0,18.0)
(503.0,18.0)
(18.0,18.0)
(18.0,18.0)
(18.0,18.0)
(515.0,18.0)
(29.0,18.0)
(18.0,18.0)
(18.0,18.0)
(16.0,18.0)
(18.0,18.0)
(515.0,18.0)
(18.0,18.0)
(18.0,18.0)
(18.0,18.0)
(18.0,18.0)
(13.0,18.0)
(18.0,18.0)
(503.0,18.0)
(515.0,18.0)
(16.0,18.0)
(18.0,18.0)
(13.0,18.0)
(18.0,18.0)
(515.0,18.0)
(18.0,18.0)
(17.0,18.0)
(515.0,18.0)
(18.0,18.0)
(16.0,18.0)
(18.0,18.0)
(18.0,18.0)
(16.0,18.0)
(18.0,18.0)
(18.0,18.0)
