(365.0,365.0)
(365.0,365.0)
(365.0,365.0)
(365.0,365.0)
(365.0,365.0)
(365.0,365.0)
(365.0,365.0)
(753.0,365.0)
(374.0,365.0)
(365.0,365.0)
(413.0,365.0)
(365.0,365.0)
(753.0,365.0)
(365.0,365.0)
(786.0,365.0)
(365.0,365.0)
(365.0,365.0)
(365.0,365.0)
(365.0,365.0)
(365.0,365.0)
(374.0,365.0)
(365.0,365.0)
(365.0,365.0)
(365.0,365.0)
(365.0,365.0)
(365.0,365.0)
(421.0,365.0)
(374.0,365.0)
(753.0,365.0)
(365.0,365.0)
(365.0,365.0)
(365.0,365.0)
(365.0,365.0)
(365.0,365.0)
(365.0,365.0)
(421.0,365.0)
(365.0,365.0)
(365.0,365.0)
(365.0,365.0)
(365.0,365.0)
(365.0,365.0)
(365.0,365.0)
(374.0,365.0)
(365.0,365.0)
(365.0,365.0)
(365.0,365.0)
(365.0,365.0)
(365.0,365.0)
(365.0,365.0)
(365.0,365.0)
(365.0,365.0)
(753.0,365.0)
(365.0,365.0)
(365.0,365.0)
(365.0,365.0)
(365.0,365.0)
(421.0,365.0)
(753.0,365.0)
(374.0,365.0)
(753.0,365.0)
(753.0,365.0)
(365.0,365.0)
(805.0,365.0)
(413.0,365.0)
(365.0,365.0)
(365.0,365.0)
(365.0,365.0)
(365.0,365.0)
(365.0,365.0)
(365.0,365.0)
(365.0,365.0)
(753.0,365.0)
(365.0,365.0)
(365.0,365.0)
(365.0,365.0)
(365.0,365.0)
(365.0,365.0)
(365.0,365.0)
(463.0,365.0)
(365.0,365.0)
(365.0,365.0)
(365.0,365.0)
(365.0,365.0)
(365.0,365.0)
(365.0,365.0)
(365.0,365.0)
(753.0,365.0)
(365.0,365.0)
(365.0,365.0)
(365.0,365.0)
(365.0,365.0)
(365.0,365.0)
(365.0,365.0)
(365.0,365.0)
(365.0,365.0)
(365.0,365.0)
(365.0,365.0)
(753.0,365.0)
(365.0,365.0)
(365.0,365.0)
(365.0,365.0)
(405.0,365.0)
(753.0,365.0)
(805.0,365.0)
(365.0,365.0)
(374.0,365.0)
(753.0,365.0)
(365.0,365.0)
(365.0,365.0)
(365.0,365.0)
(365.0,365.0)
(753.0,365.0)
(365.0,365.0)
(365.0,365.0)
(374.0,365.0)
(365.0,365.0)
(365.0,365.0)
(365.0,365.0)
(365.0,365.0)
(365.0,365.0)
(365.0,365.0)
(365.0,365.0)
(447.0,365.0)
(365.0,365.0)
(365.0,365.0)
(365.0,365.0)
(365.0,365.0)
(365.0,365.0)
(365.0,365.0)
(365.0,365.0)
(365.0,365.0)
(374.0,365.0)
(365.0,365.0)
(365.0,365.0)
(365.0,365.0)
(365.0,365.0)
(365.0,365.0)
(365.0,365.0)
(365.0,365.0)
(365.0,365.0)
(365.0,365.0)
(447.0,365.0)
(374.0,365.0)
(365.0,365.0)
(455.0,365.0)
(374.0,365.0)
(365.0,365.0)
(413.0,365.0)
(447.0,365.0)
(365.0,365.0)
(365.0,365.0)
(365.0,365.0)
(365.0,365.0)
(365.0,365.0)
(753.0,365.0)
(365.0,365.0)
(753.0,365.0)
(365.0,365.0)
(447.0,365.0)
(365.0,365.0)
(365.0,365.0)
(374.0,365.0)
(365.0,365.0)
(365.0,365.0)
(365.0,365.0)
(365.0,365.0)
(365.0,365.0)
(463.0,365.0)
(365.0,365.0)
(365.0,365.0)
(455.0,365.0)
(365.0,365.0)
(365.0,365.0)
(365.0,365.0)
(447.0,365.0)
(374.0,365.0)
(365.0,365.0)
(365.0,365.0)
(365.0,365.0)
(365.0,365.0)
(365.0,365.0)
(365.0,365.0)
(374.0,365.0)
(365.0,365.0)
(365.0,365.0)
(374.0,365.0)
(374.0,365.0)
(374.0,365.0)
(365.0,365.0)
(374.0,365.0)
(673.0,365.0)
(374.0,365.0)
(365.0,365.0)
(365.0,365.0)
(365.0,365.0)
(365.0,365.0)
(365.0,365.0)
(365.0,365.0)
(365.0,365.0)
(365.0,365.0)
(365.0,365.0)
(365.0,365.0)
(365.0,365.0)
(365.0,365.0)
(365.0,365.0)
(374.0,365.0)
(365.0,365.0)
(365.0,365.0)
(365.0,365.0)
(374.0,365.0)
(376.0,365.0)
(365.0,365.0)
(413.0,365.0)
(374.0,365.0)
(365.0,365.0)
(374.0,365.0)
(365.0,365.0)
(365.0,365.0)
(365.0,365.0)
(365.0,365.0)
(365.0,365.0)
(374.0,365.0)
(374.0,365.0)
(365.0,365.0)
(455.0,365.0)
(365.0,365.0)
(365.0,365.0)
(374.0,365.0)
(365.0,365.0)
(365.0,365.0)
(374.0,365.0)
(365.0,365.0)
(365.0,365.0)
(365.0,365.0)
(365.0,365.0)
(365.0,365.0)
(365.0,365.0)
(365.0,365.0)
(365.0,365.0)
(374.0,365.0)
(365.0,365.0)
(365.0,365.0)
(365.0,365.0)
(365.0,365.0)
(374.0,365.0)
(365.0,365.0)
(365.0,365.0)
(365.0,365.0)
(365.0,365.0)
(365.0,365.0)
(365.0,365.0)
(365.0,365.0)
(374.0,365.0)
(365.0,365.0)
(365.0,365.0)
(365.0,365.0)
(374.0,365.0)
(374.0,365.0)
(365.0,365.0)
(365.0,365.0)
(365.0,365.0)
(374.0,365.0)
(365.0,365.0)
(374.0,365.0)
(365.0,365.0)
(374.0,365.0)
(365.0,365.0)
(365.0,365.0)
(374.0,365.0)
(374.0,365.0)
(365.0,365.0)
(374.0,365.0)
(365.0,365.0)
(365.0,365.0)
(365.0,365.0)
(365.0,365.0)
(365.0,365.0)
(374.0,365.0)
(374.0,365.0)
(374.0,365.0)
(387.0,365.0)
(365.0,365.0)
(365.0,365.0)
(365.0,365.0)
(365.0,365.0)
(374.0,365.0)
(374.0,365.0)
(374.0,365.0)
(374.0,365.0)
(374.0,365.0)
(365.0,365.0)
(374.0,365.0)
(365.0,365.0)
(365.0,365.0)
(365.0,365.0)
(365.0,365.0)
(365.0,365.0)
(365.0,365.0)
(365.0,365.0)
(365.0,365.0)
(365.0,365.0)
(125.0,365.0)
(365.0,365.0)
(365.0,365.0)
(365.0,365.0)
(374.0,365.0)
(365.0,365.0)
(365.0,365.0)
(374.0,365.0)
(365.0,365.0)
(365.0,365.0)
(435.0,365.0)
(365.0,365.0)
(374.0,365.0)
(374.0,365.0)
(365.0,365.0)
(365.0,365.0)
(365.0,365.0)
(413.0,365.0)
(365.0,365.0)
(365.0,365.0)
(374.0,365.0)
(374.0,365.0)
(365.0,365.0)
(365.0,365.0)
(365.0,365.0)
(365.0,365.0)
(365.0,365.0)
(365.0,365.0)
(365.0,365.0)
(374.0,365.0)
(365.0,365.0)
(365.0,365.0)
(374.0,365.0)
(365.0,365.0)
(365.0,365.0)
(365.0,365.0)
(374.0,365.0)
(365.0,365.0)
(365.0,365.0)
(365.0,365.0)
(365.0,365.0)
(365.0,365.0)
(374.0,365.0)
(365.0,365.0)
(413.0,365.0)
(365.0,365.0)
(374.0,365.0)
(374.0,365.0)
(365.0,365.0)
(365.0,365.0)
(374.0,365.0)
(365.0,365.0)
(365.0,365.0)
(365.0,365.0)
(365.0,365.0)
(365.0,365.0)
(365.0,365.0)
(365.0,365.0)
(365.0,365.0)
(365.0,365.0)
(374.0,365.0)
(374.0,365.0)
(365.0,365.0)
(413.0,365.0)
(365.0,365.0)
(374.0,365.0)
(365.0,365.0)
(365.0,365.0)
(365.0,365.0)
(365.0,365.0)
(365.0,365.0)
(365.0,365.0)
(365.0,365.0)
(365.0,365.0)
(365.0,365.0)
(365.0,365.0)
(365.0,365.0)
(475.0,365.0)
(365.0,365.0)
(365.0,365.0)
(365.0,365.0)
(365.0,365.0)
(365.0,365.0)
(365.0,365.0)
(365.0,365.0)
(365.0,365.0)
(365.0,365.0)
(365.0,365.0)
(365.0,365.0)
(365.0,365.0)
(365.0,365.0)
(365.0,365.0)
(365.0,365.0)
(365.0,365.0)
(365.0,365.0)
(365.0,365.0)
(365.0,365.0)
(365.0,365.0)
(365.0,365.0)
(365.0,365.0)
(365.0,365.0)
(365.0,365.0)
(365.0,365.0)
(365.0,365.0)
(365.0,365.0)
(365.0,365.0)
(374.0,365.0)
(365.0,365.0)
(365.0,365.0)
(365.0,365.0)
(365.0,365.0)
(365.0,365.0)
(365.0,365.0)
(365.0,365.0)
(365.0,365.0)
(365.0,365.0)
(753.0,365.0)
(365.0,365.0)
(365.0,365.0)
(365.0,365.0)
(421.0,365.0)
(786.0,365.0)
(365.0,365.0)
(365.0,365.0)
(365.0,365.0)
(365.0,365.0)
(365.0,365.0)
(365.0,365.0)
(365.0,365.0)
(365.0,365.0)
(365.0,365.0)
(365.0,365.0)
(365.0,365.0)
(365.0,365.0)
(365.0,365.0)
(365.0,365.0)
(374.0,365.0)
(365.0,365.0)
(753.0,365.0)
(365.0,365.0)
(365.0,365.0)
(365.0,365.0)
(365.0,365.0)
(365.0,365.0)
(365.0,365.0)
(365.0,365.0)
(365.0,365.0)
(365.0,365.0)
(365.0,365.0)
(365.0,365.0)
(365.0,365.0)
(365.0,365.0)
(753.0,365.0)
(413.0,365.0)
(753.0,365.0)
(365.0,365.0)
(365.0,365.0)
(365.0,365.0)
(365.0,365.0)
(365.0,365.0)
(365.0,365.0)
(365.0,365.0)
(365.0,365.0)
(365.0,365.0)
(365.0,365.0)
(365.0,365.0)
(365.0,365.0)
(365.0,365.0)
(365.0,365.0)
(365.0,365.0)
(786.0,365.0)
(365.0,365.0)
(365.0,365.0)
(463.0,365.0)
(365.0,365.0)
(365.0,365.0)
(365.0,365.0)
(365.0,365.0)
(365.0,365.0)
(374.0,365.0)
(365.0,365.0)
(365.0,365.0)
(365.0,365.0)
(365.0,365.0)
(365.0,365.0)
(365.0,365.0)
(365.0,365.0)
(365.0,365.0)
(365.0,365.0)
(365.0,365.0)
(365.0,365.0)
(753.0,365.0)
(365.0,365.0)
(365.0,365.0)
(365.0,365.0)
(365.0,365.0)
(753.0,365.0)
(805.0,365.0)
(365.0,365.0)
(365.0,365.0)
(753.0,365.0)
(365.0,365.0)
(365.0,365.0)
(365.0,365.0)
(365.0,365.0)
(753.0,365.0)
(365.0,365.0)
(365.0,365.0)
(365.0,365.0)
(753.0,365.0)
(365.0,365.0)
(365.0,365.0)
(365.0,365.0)
(365.0,365.0)
(753.0,365.0)
(365.0,365.0)
(447.0,365.0)
(365.0,365.0)
(365.0,365.0)
(365.0,365.0)
(413.0,365.0)
(365.0,365.0)
(365.0,365.0)
(365.0,365.0)
(365.0,365.0)
(365.0,365.0)
(365.0,365.0)
(365.0,365.0)
(365.0,365.0)
(365.0,365.0)
(365.0,365.0)
(365.0,365.0)
(365.0,365.0)
(365.0,365.0)
(365.0,365.0)
(447.0,365.0)
(374.0,365.0)
(365.0,365.0)
(365.0,365.0)
(365.0,365.0)
(753.0,365.0)
(455.0,365.0)
(447.0,365.0)
(365.0,365.0)
(365.0,365.0)
(365.0,365.0)
(365.0,365.0)
(365.0,365.0)
(365.0,365.0)
(365.0,365.0)
(753.0,365.0)
(365.0,365.0)
(447.0,365.0)
(365.0,365.0)
(365.0,365.0)
(374.0,365.0)
(365.0,365.0)
(365.0,365.0)
(365.0,365.0)
(365.0,365.0)
(365.0,365.0)
(463.0,365.0)
(365.0,365.0)
(365.0,365.0)
(365.0,365.0)
(365.0,365.0)
(753.0,365.0)
(365.0,365.0)
(374.0,365.0)
(365.0,365.0)
(365.0,365.0)
(365.0,365.0)
(365.0,365.0)
(455.0,365.0)
(365.0,365.0)
(365.0,365.0)
(365.0,365.0)
(365.0,365.0)
(365.0,365.0)
(365.0,365.0)
(365.0,365.0)
(365.0,365.0)
(753.0,365.0)
(365.0,365.0)
(365.0,365.0)
(365.0,365.0)
(365.0,365.0)
(374.0,365.0)
(365.0,365.0)
(365.0,365.0)
(365.0,365.0)
(365.0,365.0)
(753.0,365.0)
(365.0,365.0)
(374.0,365.0)
(365.0,365.0)
(374.0,365.0)
(365.0,365.0)
(365.0,365.0)
(374.0,365.0)
(365.0,365.0)
(805.0,365.0)
(365.0,365.0)
(365.0,365.0)
(374.0,365.0)
(365.0,365.0)
(365.0,365.0)
(413.0,365.0)
(455.0,365.0)
(365.0,365.0)
(365.0,365.0)
(374.0,365.0)
(365.0,365.0)
(365.0,365.0)
(365.0,365.0)
(365.0,365.0)
(365.0,365.0)
(374.0,365.0)
(753.0,365.0)
(365.0,365.0)
(771.0,365.0)
(753.0,365.0)
(365.0,365.0)
(365.0,365.0)
(365.0,365.0)
(365.0,365.0)
(365.0,365.0)
(753.0,365.0)
(753.0,365.0)
(365.0,365.0)
(365.0,365.0)
(365.0,365.0)
(753.0,365.0)
(753.0,365.0)
(365.0,365.0)
(365.0,365.0)
(365.0,365.0)
(365.0,365.0)
(365.0,365.0)
(455.0,365.0)
(455.0,365.0)
(365.0,365.0)
(365.0,365.0)
(753.0,365.0)
(753.0,365.0)
(365.0,365.0)
(365.0,365.0)
(365.0,365.0)
(365.0,365.0)
(365.0,365.0)
(365.0,365.0)
(365.0,365.0)
(374.0,365.0)
(374.0,365.0)
(365.0,365.0)
(753.0,365.0)
(374.0,365.0)
(753.0,365.0)
(365.0,365.0)
(365.0,365.0)
(365.0,365.0)
(374.0,365.0)
(365.0,365.0)
(365.0,365.0)
(365.0,365.0)
(365.0,365.0)
(365.0,365.0)
(365.0,365.0)
(365.0,365.0)
(365.0,365.0)
(365.0,365.0)
(365.0,365.0)
(417.0,365.0)
(365.0,365.0)
(753.0,365.0)
(374.0,365.0)
(365.0,365.0)
(365.0,365.0)
(365.0,365.0)
(463.0,365.0)
(365.0,365.0)
(447.0,365.0)
(365.0,365.0)
(463.0,365.0)
(374.0,365.0)
(365.0,365.0)
(374.0,365.0)
(365.0,365.0)
(365.0,365.0)
(365.0,365.0)
(753.0,365.0)
(365.0,365.0)
(365.0,365.0)
(365.0,365.0)
(365.0,365.0)
(365.0,365.0)
(365.0,365.0)
(365.0,365.0)
(365.0,365.0)
(365.0,365.0)
(365.0,365.0)
(753.0,365.0)
(365.0,365.0)
(753.0,365.0)
(455.0,365.0)
(365.0,365.0)
(805.0,365.0)
(447.0,365.0)
(365.0,365.0)
(374.0,365.0)
(365.0,365.0)
(365.0,365.0)
(365.0,365.0)
(374.0,365.0)
(365.0,365.0)
(365.0,365.0)
(365.0,365.0)
(365.0,365.0)
(365.0,365.0)
(365.0,365.0)
(421.0,365.0)
(753.0,365.0)
(365.0,365.0)
(365.0,365.0)
(365.0,365.0)
(365.0,365.0)
(753.0,365.0)
(365.0,365.0)
(365.0,365.0)
(374.0,365.0)
(365.0,365.0)
(365.0,365.0)
(753.0,365.0)
(365.0,365.0)
(365.0,365.0)
(447.0,365.0)
(365.0,365.0)
(753.0,365.0)
(365.0,365.0)
(753.0,365.0)
(365.0,365.0)
(753.0,365.0)
(365.0,365.0)
(413.0,365.0)
(365.0,365.0)
(753.0,365.0)
(455.0,365.0)
(365.0,365.0)
(753.0,365.0)
(365.0,365.0)
(365.0,365.0)
(374.0,365.0)
(447.0,365.0)
(365.0,365.0)
(365.0,365.0)
(365.0,365.0)
(365.0,365.0)
(365.0,365.0)
(365.0,365.0)
(365.0,365.0)
(365.0,365.0)
(365.0,365.0)
(365.0,365.0)
(365.0,365.0)
(365.0,365.0)
(786.0,365.0)
(365.0,365.0)
(365.0,365.0)
(365.0,365.0)
(365.0,365.0)
(365.0,365.0)
(365.0,365.0)
(365.0,365.0)
(753.0,365.0)
(365.0,365.0)
(365.0,365.0)
(753.0,365.0)
(376.0,365.0)
(463.0,365.0)
(374.0,365.0)
(447.0,365.0)
(371.0,365.0)
(365.0,365.0)
(805.0,365.0)
(365.0,365.0)
(365.0,365.0)
(365.0,365.0)
(365.0,365.0)
(753.0,365.0)
(365.0,365.0)
(365.0,365.0)
(413.0,365.0)
(365.0,365.0)
(365.0,365.0)
(365.0,365.0)
(365.0,365.0)
(365.0,365.0)
(365.0,365.0)
(365.0,365.0)
(365.0,365.0)
(365.0,365.0)
(365.0,365.0)
(365.0,365.0)
(365.0,365.0)
(365.0,365.0)
(413.0,365.0)
(365.0,365.0)
(365.0,365.0)
(365.0,365.0)
(374.0,365.0)
(365.0,365.0)
(365.0,365.0)
(365.0,365.0)
(365.0,365.0)
(365.0,365.0)
(405.0,365.0)
(365.0,365.0)
(753.0,365.0)
(365.0,365.0)
(365.0,365.0)
(365.0,365.0)
(365.0,365.0)
(365.0,365.0)
(365.0,365.0)
(365.0,365.0)
(365.0,365.0)
(365.0,365.0)
(365.0,365.0)
(365.0,365.0)
(405.0,365.0)
(365.0,365.0)
(365.0,365.0)
(365.0,365.0)
(365.0,365.0)
(365.0,365.0)
(374.0,365.0)
(365.0,365.0)
(365.0,365.0)
(365.0,365.0)
(365.0,365.0)
(365.0,365.0)
(753.0,365.0)
(365.0,365.0)
(753.0,365.0)
(753.0,365.0)
(365.0,365.0)
(365.0,365.0)
(374.0,365.0)
(365.0,365.0)
(365.0,365.0)
(365.0,365.0)
(365.0,365.0)
(753.0,365.0)
(365.0,365.0)
(365.0,365.0)
(365.0,365.0)
(365.0,365.0)
(365.0,365.0)
(374.0,365.0)
(753.0,365.0)
(365.0,365.0)
(365.0,365.0)
(365.0,365.0)
(365.0,365.0)
(365.0,365.0)
(365.0,365.0)
(365.0,365.0)
(365.0,365.0)
(365.0,365.0)
(365.0,365.0)
(374.0,365.0)
(365.0,365.0)
(365.0,365.0)
(365.0,365.0)
(365.0,365.0)
(365.0,365.0)
(365.0,365.0)
(365.0,365.0)
(374.0,365.0)
(753.0,365.0)
(365.0,365.0)
(365.0,365.0)
(374.0,365.0)
(365.0,365.0)
(365.0,365.0)
(365.0,365.0)
(753.0,365.0)
(365.0,365.0)
(365.0,365.0)
(753.0,365.0)
(365.0,365.0)
(365.0,365.0)
(365.0,365.0)
(365.0,365.0)
(365.0,365.0)
(365.0,365.0)
(365.0,365.0)
(365.0,365.0)
(365.0,365.0)
(365.0,365.0)
(365.0,365.0)
(365.0,365.0)
(365.0,365.0)
(447.0,365.0)
(365.0,365.0)
(753.0,365.0)
(365.0,365.0)
(365.0,365.0)
(365.0,365.0)
(365.0,365.0)
(365.0,365.0)
(374.0,365.0)
(365.0,365.0)
(365.0,365.0)
(365.0,365.0)
(371.0,365.0)
(365.0,365.0)
(753.0,365.0)
(374.0,365.0)
(365.0,365.0)
(365.0,365.0)
(365.0,365.0)
(455.0,365.0)
(365.0,365.0)
(365.0,365.0)
(365.0,365.0)
(365.0,365.0)
(365.0,365.0)
(365.0,365.0)
(365.0,365.0)
(365.0,365.0)
(365.0,365.0)
(447.0,365.0)
(421.0,365.0)
(365.0,365.0)
(365.0,365.0)
(455.0,365.0)
(365.0,365.0)
(753.0,365.0)
(447.0,365.0)
(365.0,365.0)
(365.0,365.0)
(365.0,365.0)
(365.0,365.0)
(365.0,365.0)
(455.0,365.0)
(365.0,365.0)
(365.0,365.0)
(447.0,365.0)
(371.0,365.0)
(365.0,365.0)
(365.0,365.0)
(365.0,365.0)
(365.0,365.0)
(365.0,365.0)
(365.0,365.0)
(365.0,365.0)
(365.0,365.0)
(365.0,365.0)
(365.0,365.0)
(365.0,365.0)
(365.0,365.0)
(753.0,365.0)
(365.0,365.0)
(365.0,365.0)
(753.0,365.0)
(365.0,365.0)
(365.0,365.0)
(365.0,365.0)
(365.0,365.0)
(365.0,365.0)
(365.0,365.0)
(365.0,365.0)
(365.0,365.0)
(753.0,365.0)
(365.0,365.0)
(365.0,365.0)
(365.0,365.0)
(365.0,365.0)
(365.0,365.0)
(365.0,365.0)
(365.0,365.0)
(753.0,365.0)
(365.0,365.0)
(753.0,365.0)
(365.0,365.0)
(365.0,365.0)
(365.0,365.0)
(365.0,365.0)
(365.0,365.0)
(365.0,365.0)
(374.0,365.0)
(365.0,365.0)
(365.0,365.0)
(413.0,365.0)
(365.0,365.0)
(753.0,365.0)
(365.0,365.0)
(365.0,365.0)
(365.0,365.0)
(365.0,365.0)
(365.0,365.0)
(365.0,365.0)
(365.0,365.0)
(365.0,365.0)
(753.0,365.0)
(365.0,365.0)
(365.0,365.0)
(365.0,365.0)
(365.0,365.0)
(365.0,365.0)
(753.0,365.0)
(365.0,365.0)
(365.0,365.0)
(365.0,365.0)
(365.0,365.0)
(365.0,365.0)
(365.0,365.0)
(405.0,365.0)
(365.0,365.0)
(365.0,365.0)
(365.0,365.0)
(365.0,365.0)
(365.0,365.0)
(365.0,365.0)
(365.0,365.0)
(365.0,365.0)
(365.0,365.0)
(374.0,365.0)
(365.0,365.0)
(365.0,365.0)
(365.0,365.0)
(365.0,365.0)
(365.0,365.0)
(753.0,365.0)
(365.0,365.0)
(365.0,365.0)
(365.0,365.0)
(365.0,365.0)
(365.0,365.0)
(365.0,365.0)
(365.0,365.0)
(365.0,365.0)
(455.0,365.0)
(365.0,365.0)
(753.0,365.0)
(365.0,365.0)
(753.0,365.0)
(365.0,365.0)
(365.0,365.0)
(365.0,365.0)
(374.0,365.0)
(365.0,365.0)
(365.0,365.0)
(365.0,365.0)
(365.0,365.0)
(805.0,365.0)
(365.0,365.0)
(365.0,365.0)
(365.0,365.0)
(365.0,365.0)
(365.0,365.0)
(365.0,365.0)
(365.0,365.0)
(374.0,365.0)
(365.0,365.0)
(365.0,365.0)
(365.0,365.0)
(365.0,365.0)
(365.0,365.0)
(365.0,365.0)
(365.0,365.0)
(786.0,365.0)
(455.0,365.0)
(365.0,365.0)
(365.0,365.0)
(374.0,365.0)
(365.0,365.0)
(365.0,365.0)
(365.0,365.0)
(405.0,365.0)
(365.0,365.0)
(365.0,365.0)
(365.0,365.0)
(365.0,365.0)
(405.0,365.0)
(455.0,365.0)
(365.0,365.0)
(365.0,365.0)
(374.0,365.0)
(365.0,365.0)
(753.0,365.0)
(753.0,365.0)
(365.0,365.0)
(365.0,365.0)
(365.0,365.0)
(417.0,365.0)
(447.0,365.0)
(365.0,365.0)
(374.0,365.0)
(365.0,365.0)
(365.0,365.0)
(365.0,365.0)
(365.0,365.0)
(365.0,365.0)
(365.0,365.0)
(365.0,365.0)
(447.0,365.0)
(365.0,365.0)
(365.0,365.0)
(365.0,365.0)
(365.0,365.0)
(365.0,365.0)
(365.0,365.0)
(365.0,365.0)
(365.0,365.0)
(374.0,365.0)
(365.0,365.0)
(365.0,365.0)
(365.0,365.0)
(365.0,365.0)
(753.0,365.0)
(365.0,365.0)
(365.0,365.0)
(365.0,365.0)
(447.0,365.0)
(374.0,365.0)
(753.0,365.0)
(365.0,365.0)
(374.0,365.0)
(805.0,365.0)
(413.0,365.0)
(447.0,365.0)
(365.0,365.0)
(365.0,365.0)
(365.0,365.0)
(365.0,365.0)
(365.0,365.0)
(753.0,365.0)
(365.0,365.0)
(753.0,365.0)
(365.0,365.0)
(447.0,365.0)
(365.0,365.0)
(365.0,365.0)
(374.0,365.0)
(365.0,365.0)
(365.0,365.0)
(365.0,365.0)
(365.0,365.0)
(365.0,365.0)
(365.0,365.0)
(447.0,365.0)
(365.0,365.0)
(753.0,365.0)
(365.0,365.0)
(365.0,365.0)
(753.0,365.0)
(365.0,365.0)
(365.0,365.0)
(365.0,365.0)
(365.0,365.0)
(365.0,365.0)
(365.0,365.0)
(753.0,365.0)
(365.0,365.0)
(365.0,365.0)
(365.0,365.0)
(365.0,365.0)
(463.0,365.0)
(365.0,365.0)
(374.0,365.0)
(753.0,365.0)
(365.0,365.0)
(365.0,365.0)
(365.0,365.0)
(365.0,365.0)
(365.0,365.0)
(365.0,365.0)
(365.0,365.0)
(365.0,365.0)
(365.0,365.0)
(365.0,365.0)
(365.0,365.0)
(365.0,365.0)
(365.0,365.0)
(374.0,365.0)
(405.0,365.0)
(365.0,365.0)
(365.0,365.0)
(365.0,365.0)
(365.0,365.0)
(374.0,365.0)
(365.0,365.0)
(753.0,365.0)
(365.0,365.0)
(365.0,365.0)
(365.0,365.0)
(365.0,365.0)
(365.0,365.0)
(374.0,365.0)
(365.0,365.0)
(365.0,365.0)
(365.0,365.0)
(365.0,365.0)
(753.0,365.0)
(421.0,365.0)
(365.0,365.0)
(374.0,365.0)
(365.0,365.0)
(365.0,365.0)
(365.0,365.0)
(365.0,365.0)
(365.0,365.0)
(365.0,365.0)
(365.0,365.0)
(365.0,365.0)
(365.0,365.0)
(753.0,365.0)
(753.0,365.0)
(365.0,365.0)
(365.0,365.0)
(365.0,365.0)
(365.0,365.0)
(365.0,365.0)
(753.0,365.0)
(365.0,365.0)
(365.0,365.0)
(365.0,365.0)
(365.0,365.0)
(413.0,365.0)
(753.0,365.0)
(365.0,365.0)
(365.0,365.0)
(374.0,365.0)
(365.0,365.0)
(365.0,365.0)
(753.0,365.0)
(374.0,365.0)
(365.0,365.0)
(374.0,365.0)
(365.0,365.0)
(753.0,365.0)
(365.0,365.0)
(365.0,365.0)
(365.0,365.0)
(365.0,365.0)
(365.0,365.0)
(365.0,365.0)
(365.0,365.0)
(365.0,365.0)
(365.0,365.0)
(365.0,365.0)
(365.0,365.0)
(365.0,365.0)
(365.0,365.0)
(365.0,365.0)
(753.0,365.0)
(365.0,365.0)
(365.0,365.0)
(753.0,365.0)
(365.0,365.0)
(365.0,365.0)
(365.0,365.0)
(365.0,365.0)
(365.0,365.0)
(365.0,365.0)
(753.0,365.0)
(365.0,365.0)
(365.0,365.0)
(365.0,365.0)
(365.0,365.0)
(365.0,365.0)
(365.0,365.0)
(753.0,365.0)
(365.0,365.0)
(365.0,365.0)
(365.0,365.0)
(365.0,365.0)
(753.0,365.0)
(365.0,365.0)
(374.0,365.0)
(365.0,365.0)
(365.0,365.0)
(365.0,365.0)
(365.0,365.0)
(365.0,365.0)
(365.0,365.0)
(365.0,365.0)
(365.0,365.0)
(374.0,365.0)
(365.0,365.0)
(753.0,365.0)
(365.0,365.0)
(455.0,365.0)
(365.0,365.0)
(365.0,365.0)
(365.0,365.0)
(447.0,365.0)
(365.0,365.0)
(365.0,365.0)
(365.0,365.0)
(365.0,365.0)
(365.0,365.0)
(365.0,365.0)
(365.0,365.0)
(365.0,365.0)
(753.0,365.0)
(365.0,365.0)
(365.0,365.0)
(365.0,365.0)
(753.0,365.0)
(365.0,365.0)
(753.0,365.0)
(365.0,365.0)
(365.0,365.0)
(365.0,365.0)
(447.0,365.0)
(365.0,365.0)
(374.0,365.0)
(405.0,365.0)
(365.0,365.0)
(365.0,365.0)
(753.0,365.0)
(447.0,365.0)
(374.0,365.0)
(365.0,365.0)
(365.0,365.0)
(365.0,365.0)
(365.0,365.0)
(365.0,365.0)
(455.0,365.0)
(365.0,365.0)
(365.0,365.0)
(447.0,365.0)
(365.0,365.0)
(753.0,365.0)
(365.0,365.0)
(365.0,365.0)
(365.0,365.0)
(365.0,365.0)
(753.0,365.0)
(365.0,365.0)
(365.0,365.0)
(365.0,365.0)
(365.0,365.0)
(365.0,365.0)
(421.0,365.0)
(365.0,365.0)
(365.0,365.0)
(365.0,365.0)
(365.0,365.0)
(365.0,365.0)
(365.0,365.0)
(365.0,365.0)
(753.0,365.0)
(365.0,365.0)
(365.0,365.0)
(365.0,365.0)
(365.0,365.0)
(365.0,365.0)
(365.0,365.0)
(365.0,365.0)
(374.0,365.0)
(365.0,365.0)
(365.0,365.0)
(365.0,365.0)
(753.0,365.0)
(365.0,365.0)
(365.0,365.0)
(455.0,365.0)
(365.0,365.0)
(753.0,365.0)
(365.0,365.0)
(262.0,365.0)
(365.0,365.0)
(365.0,365.0)
(365.0,365.0)
(753.0,365.0)
(365.0,365.0)
(753.0,365.0)
(365.0,365.0)
(365.0,365.0)
(365.0,365.0)
(365.0,365.0)
(365.0,365.0)
(365.0,365.0)
(365.0,365.0)
(365.0,365.0)
(365.0,365.0)
(365.0,365.0)
(365.0,365.0)
(365.0,365.0)
(365.0,365.0)
(455.0,365.0)
(365.0,365.0)
(365.0,365.0)
(365.0,365.0)
(365.0,365.0)
(455.0,365.0)
(365.0,365.0)
(365.0,365.0)
(365.0,365.0)
(365.0,365.0)
(365.0,365.0)
(365.0,365.0)
(753.0,365.0)
(365.0,365.0)
(805.0,365.0)
(365.0,365.0)
(365.0,365.0)
(365.0,365.0)
(365.0,365.0)
(365.0,365.0)
(365.0,365.0)
(365.0,365.0)
(365.0,365.0)
(455.0,365.0)
(365.0,365.0)
(365.0,365.0)
(413.0,365.0)
(365.0,365.0)
(365.0,365.0)
(365.0,365.0)
(365.0,365.0)
(753.0,365.0)
(365.0,365.0)
(753.0,365.0)
(455.0,365.0)
(365.0,365.0)
(365.0,365.0)
(374.0,365.0)
(365.0,365.0)
(753.0,365.0)
(365.0,365.0)
(455.0,365.0)
(753.0,365.0)
(365.0,365.0)
(365.0,365.0)
(365.0,365.0)
(753.0,365.0)
(365.0,365.0)
(365.0,365.0)
(365.0,365.0)
(365.0,365.0)
(365.0,365.0)
(413.0,365.0)
(374.0,365.0)
(365.0,365.0)
(365.0,365.0)
(374.0,365.0)
(365.0,365.0)
(365.0,365.0)
(365.0,365.0)
(365.0,365.0)
(365.0,365.0)
(365.0,365.0)
(374.0,365.0)
(365.0,365.0)
(365.0,365.0)
(365.0,365.0)
(447.0,365.0)
(365.0,365.0)
(753.0,365.0)
(365.0,365.0)
(365.0,365.0)
(374.0,365.0)
(365.0,365.0)
(365.0,365.0)
(365.0,365.0)
(365.0,365.0)
(365.0,365.0)
(365.0,365.0)
(421.0,365.0)
(365.0,365.0)
(365.0,365.0)
(365.0,365.0)
(374.0,365.0)
(365.0,365.0)
(365.0,365.0)
(365.0,365.0)
(753.0,365.0)
(365.0,365.0)
(365.0,365.0)
(365.0,365.0)
(365.0,365.0)
(455.0,365.0)
(365.0,365.0)
(447.0,365.0)
(365.0,365.0)
(374.0,365.0)
(365.0,365.0)
(365.0,365.0)
(374.0,365.0)
(374.0,365.0)
(365.0,365.0)
(753.0,365.0)
(365.0,365.0)
(365.0,365.0)
(413.0,365.0)
(365.0,365.0)
(365.0,365.0)
(365.0,365.0)
(374.0,365.0)
(365.0,365.0)
(365.0,365.0)
(365.0,365.0)
(365.0,365.0)
(365.0,365.0)
(365.0,365.0)
(753.0,365.0)
(365.0,365.0)
(365.0,365.0)
(365.0,365.0)
(374.0,365.0)
(365.0,365.0)
(365.0,365.0)
(365.0,365.0)
(447.0,365.0)
(365.0,365.0)
(455.0,365.0)
(374.0,365.0)
(365.0,365.0)
(365.0,365.0)
(365.0,365.0)
(365.0,365.0)
(365.0,365.0)
(365.0,365.0)
(365.0,365.0)
(753.0,365.0)
(365.0,365.0)
(365.0,365.0)
(365.0,365.0)
(374.0,365.0)
(365.0,365.0)
(447.0,365.0)
(365.0,365.0)
(374.0,365.0)
(365.0,365.0)
(365.0,365.0)
(455.0,365.0)
(365.0,365.0)
(374.0,365.0)
(365.0,365.0)
(365.0,365.0)
(421.0,365.0)
(365.0,365.0)
(365.0,365.0)
(365.0,365.0)
(365.0,365.0)
(365.0,365.0)
(365.0,365.0)
(365.0,365.0)
(753.0,365.0)
(365.0,365.0)
(365.0,365.0)
(365.0,365.0)
(365.0,365.0)
(365.0,365.0)
(365.0,365.0)
(365.0,365.0)
(365.0,365.0)
(365.0,365.0)
(365.0,365.0)
(365.0,365.0)
(753.0,365.0)
(365.0,365.0)
(365.0,365.0)
(455.0,365.0)
(365.0,365.0)
(753.0,365.0)
(365.0,365.0)
(365.0,365.0)
(365.0,365.0)
(365.0,365.0)
(753.0,365.0)
(374.0,365.0)
(753.0,365.0)
(365.0,365.0)
(365.0,365.0)
(365.0,365.0)
(365.0,365.0)
(365.0,365.0)
(365.0,365.0)
(365.0,365.0)
(365.0,365.0)
(365.0,365.0)
(365.0,365.0)
(365.0,365.0)
(365.0,365.0)
(455.0,365.0)
(455.0,365.0)
(365.0,365.0)
(365.0,365.0)
(365.0,365.0)
(365.0,365.0)
(455.0,365.0)
(365.0,365.0)
(365.0,365.0)
(365.0,365.0)
(365.0,365.0)
(753.0,365.0)
(365.0,365.0)
(753.0,365.0)
(365.0,365.0)
(805.0,365.0)
(365.0,365.0)
(365.0,365.0)
(365.0,365.0)
(365.0,365.0)
(365.0,365.0)
(365.0,365.0)
(365.0,365.0)
(365.0,365.0)
(455.0,365.0)
(365.0,365.0)
(365.0,365.0)
(365.0,365.0)
(365.0,365.0)
(365.0,365.0)
(365.0,365.0)
(365.0,365.0)
(753.0,365.0)
(365.0,365.0)
(753.0,365.0)
(455.0,365.0)
(365.0,365.0)
(365.0,365.0)
(374.0,365.0)
(365.0,365.0)
(365.0,365.0)
(365.0,365.0)
(455.0,365.0)
(753.0,365.0)
(365.0,365.0)
(365.0,365.0)
(365.0,365.0)
(753.0,365.0)
(365.0,365.0)
(365.0,365.0)
(365.0,365.0)
(365.0,365.0)
(365.0,365.0)
(413.0,365.0)
(374.0,365.0)
(365.0,365.0)
(365.0,365.0)
(374.0,365.0)
(365.0,365.0)
(365.0,365.0)
(365.0,365.0)
(365.0,365.0)
(365.0,365.0)
(365.0,365.0)
(365.0,365.0)
(374.0,365.0)
(365.0,365.0)
(365.0,365.0)
(365.0,365.0)
(447.0,365.0)
(365.0,365.0)
(753.0,365.0)
(365.0,365.0)
(365.0,365.0)
(374.0,365.0)
(365.0,365.0)
(365.0,365.0)
(365.0,365.0)
(365.0,365.0)
(365.0,365.0)
(365.0,365.0)
(365.0,365.0)
(365.0,365.0)
(365.0,365.0)
(365.0,365.0)
(374.0,365.0)
(365.0,365.0)
(365.0,365.0)
(365.0,365.0)
(753.0,365.0)
(365.0,365.0)
(365.0,365.0)
(365.0,365.0)
(365.0,365.0)
(455.0,365.0)
(365.0,365.0)
(447.0,365.0)
(365.0,365.0)
(374.0,365.0)
(365.0,365.0)
(365.0,365.0)
(374.0,365.0)
(374.0,365.0)
(365.0,365.0)
(753.0,365.0)
(365.0,365.0)
(365.0,365.0)
(413.0,365.0)
(365.0,365.0)
(365.0,365.0)
(365.0,365.0)
(374.0,365.0)
(365.0,365.0)
(365.0,365.0)
(365.0,365.0)
(365.0,365.0)
(365.0,365.0)
(365.0,365.0)
(753.0,365.0)
(365.0,365.0)
(365.0,365.0)
(365.0,365.0)
(374.0,365.0)
(365.0,365.0)
(365.0,365.0)
(365.0,365.0)
(447.0,365.0)
(365.0,365.0)
(455.0,365.0)
(374.0,365.0)
(365.0,365.0)
(365.0,365.0)
(365.0,365.0)
(365.0,365.0)
(365.0,365.0)
(365.0,365.0)
(365.0,365.0)
(753.0,365.0)
(365.0,365.0)
(365.0,365.0)
(365.0,365.0)
(374.0,365.0)
(365.0,365.0)
(447.0,365.0)
(365.0,365.0)
(374.0,365.0)
(365.0,365.0)
(365.0,365.0)
(455.0,365.0)
(365.0,365.0)
(374.0,365.0)
(365.0,365.0)
(365.0,365.0)
(365.0,365.0)
(374.0,365.0)
(365.0,365.0)
(365.0,365.0)
(365.0,365.0)
(365.0,365.0)
(365.0,365.0)
(365.0,365.0)
(365.0,365.0)
(365.0,365.0)
(365.0,365.0)
(365.0,365.0)
(365.0,365.0)
(365.0,365.0)
(365.0,365.0)
(475.0,365.0)
(365.0,365.0)
(771.0,365.0)
(365.0,365.0)
(365.0,365.0)
(365.0,365.0)
(365.0,365.0)
(365.0,365.0)
(365.0,365.0)
(365.0,365.0)
(753.0,365.0)
(753.0,365.0)
(455.0,365.0)
(365.0,365.0)
(421.0,365.0)
(365.0,365.0)
(365.0,365.0)
(374.0,365.0)
(365.0,365.0)
(365.0,365.0)
(365.0,365.0)
(365.0,365.0)
(365.0,365.0)
(365.0,365.0)
(365.0,365.0)
(365.0,365.0)
(374.0,365.0)
(365.0,365.0)
(365.0,365.0)
(365.0,365.0)
(365.0,365.0)
(365.0,365.0)
(413.0,365.0)
(365.0,365.0)
(365.0,365.0)
(365.0,365.0)
(365.0,365.0)
(421.0,365.0)
(365.0,365.0)
(365.0,365.0)
(365.0,365.0)
(365.0,365.0)
(365.0,365.0)
(365.0,365.0)
(365.0,365.0)
(455.0,365.0)
(374.0,365.0)
(365.0,365.0)
(365.0,365.0)
(365.0,365.0)
(455.0,365.0)
(365.0,365.0)
(365.0,365.0)
(374.0,365.0)
(365.0,365.0)
(365.0,365.0)
(455.0,365.0)
(374.0,365.0)
(365.0,365.0)
(365.0,365.0)
(365.0,365.0)
(753.0,365.0)
(365.0,365.0)
(365.0,365.0)
(365.0,365.0)
(374.0,365.0)
(365.0,365.0)
(374.0,365.0)
(365.0,365.0)
(753.0,365.0)
(753.0,365.0)
(365.0,365.0)
(805.0,365.0)
(413.0,365.0)
(365.0,365.0)
(365.0,365.0)
(365.0,365.0)
(455.0,365.0)
(365.0,365.0)
(365.0,365.0)
(365.0,365.0)
(805.0,365.0)
(365.0,365.0)
(365.0,365.0)
(365.0,365.0)
(365.0,365.0)
(753.0,365.0)
(365.0,365.0)
(463.0,365.0)
(365.0,365.0)
(365.0,365.0)
(365.0,365.0)
(455.0,365.0)
(365.0,365.0)
(374.0,365.0)
(365.0,365.0)
(365.0,365.0)
(374.0,365.0)
(753.0,365.0)
(365.0,365.0)
(374.0,365.0)
(365.0,365.0)
(365.0,365.0)
(365.0,365.0)
(365.0,365.0)
(405.0,365.0)
(365.0,365.0)
(753.0,365.0)
(365.0,365.0)
(753.0,365.0)
(365.0,365.0)
(365.0,365.0)
(365.0,365.0)
(805.0,365.0)
(365.0,365.0)
(365.0,365.0)
(753.0,365.0)
(365.0,365.0)
(365.0,365.0)
(365.0,365.0)
(365.0,365.0)
(753.0,365.0)
(365.0,365.0)
(447.0,365.0)
(365.0,365.0)
(365.0,365.0)
(365.0,365.0)
(365.0,365.0)
(365.0,365.0)
(365.0,365.0)
(365.0,365.0)
(365.0,365.0)
(365.0,365.0)
(365.0,365.0)
(365.0,365.0)
(365.0,365.0)
(365.0,365.0)
(365.0,365.0)
(455.0,365.0)
(365.0,365.0)
(365.0,365.0)
(365.0,365.0)
(753.0,365.0)
(365.0,365.0)
(365.0,365.0)
(365.0,365.0)
(365.0,365.0)
(365.0,365.0)
(365.0,365.0)
(365.0,365.0)
(365.0,365.0)
(365.0,365.0)
(447.0,365.0)
(365.0,365.0)
(365.0,365.0)
(365.0,365.0)
(753.0,365.0)
(374.0,365.0)
(365.0,365.0)
(447.0,365.0)
(365.0,365.0)
(804.0,365.0)
(365.0,365.0)
(365.0,365.0)
(805.0,365.0)
(455.0,365.0)
(365.0,365.0)
(365.0,365.0)
(365.0,365.0)
(447.0,365.0)
(365.0,365.0)
(365.0,365.0)
(365.0,365.0)
(365.0,365.0)
(365.0,365.0)
(365.0,365.0)
(365.0,365.0)
(365.0,365.0)
(463.0,365.0)
(365.0,365.0)
(365.0,365.0)
(365.0,365.0)
(365.0,365.0)
(753.0,365.0)
(365.0,365.0)
(365.0,365.0)
(365.0,365.0)
(365.0,365.0)
(365.0,365.0)
(365.0,365.0)
(365.0,365.0)
(365.0,365.0)
(365.0,365.0)
(365.0,365.0)
(374.0,365.0)
(365.0,365.0)
(365.0,365.0)
(365.0,365.0)
(786.0,365.0)
(365.0,365.0)
(753.0,365.0)
(365.0,365.0)
(365.0,365.0)
(365.0,365.0)
(753.0,365.0)
(365.0,365.0)
(365.0,365.0)
(365.0,365.0)
(365.0,365.0)
(365.0,365.0)
(365.0,365.0)
(365.0,365.0)
(365.0,365.0)
(365.0,365.0)
(374.0,365.0)
(365.0,365.0)
(365.0,365.0)
(365.0,365.0)
(365.0,365.0)
(365.0,365.0)
(365.0,365.0)
(365.0,365.0)
(365.0,365.0)
(753.0,365.0)
(365.0,365.0)
(365.0,365.0)
(753.0,365.0)
(753.0,365.0)
(365.0,365.0)
(365.0,365.0)
(753.0,365.0)
(365.0,365.0)
(365.0,365.0)
(365.0,365.0)
(365.0,365.0)
(365.0,365.0)
(365.0,365.0)
(387.0,365.0)
(365.0,365.0)
(365.0,365.0)
(365.0,365.0)
(365.0,365.0)
(365.0,365.0)
(417.0,365.0)
(365.0,365.0)
(365.0,365.0)
(365.0,365.0)
(365.0,365.0)
(365.0,365.0)
(365.0,365.0)
(365.0,365.0)
(753.0,365.0)
(365.0,365.0)
(365.0,365.0)
(786.0,365.0)
(365.0,365.0)
(374.0,365.0)
(365.0,365.0)
(365.0,365.0)
(455.0,365.0)
(365.0,365.0)
(365.0,365.0)
(365.0,365.0)
(365.0,365.0)
(365.0,365.0)
(365.0,365.0)
(365.0,365.0)
(365.0,365.0)
(365.0,365.0)
(365.0,365.0)
(374.0,365.0)
(805.0,365.0)
(365.0,365.0)
(365.0,365.0)
(365.0,365.0)
(753.0,365.0)
(365.0,365.0)
(365.0,365.0)
(365.0,365.0)
(365.0,365.0)
(365.0,365.0)
(365.0,365.0)
(365.0,365.0)
(365.0,365.0)
(753.0,365.0)
(365.0,365.0)
(435.0,365.0)
(455.0,365.0)
(365.0,365.0)
(365.0,365.0)
(753.0,365.0)
(365.0,365.0)
(365.0,365.0)
(374.0,365.0)
(365.0,365.0)
(365.0,365.0)
(405.0,365.0)
(753.0,365.0)
(805.0,365.0)
(753.0,365.0)
(753.0,365.0)
(365.0,365.0)
(365.0,365.0)
(805.0,365.0)
(365.0,365.0)
(365.0,365.0)
(365.0,365.0)
(365.0,365.0)
(365.0,365.0)
(365.0,365.0)
(365.0,365.0)
(365.0,365.0)
(365.0,365.0)
(365.0,365.0)
(365.0,365.0)
(365.0,365.0)
(753.0,365.0)
(365.0,365.0)
(374.0,365.0)
(365.0,365.0)
(365.0,365.0)
(365.0,365.0)
(365.0,365.0)
(365.0,365.0)
(365.0,365.0)
(365.0,365.0)
(365.0,365.0)
(365.0,365.0)
(753.0,365.0)
(365.0,365.0)
(365.0,365.0)
(753.0,365.0)
(365.0,365.0)
(365.0,365.0)
(365.0,365.0)
(365.0,365.0)
(365.0,365.0)
(365.0,365.0)
(365.0,365.0)
(753.0,365.0)
(365.0,365.0)
(405.0,365.0)
(365.0,365.0)
(365.0,365.0)
(753.0,365.0)
(365.0,365.0)
(365.0,365.0)
(365.0,365.0)
(365.0,365.0)
(365.0,365.0)
(753.0,365.0)
(374.0,365.0)
(365.0,365.0)
(365.0,365.0)
(365.0,365.0)
(365.0,365.0)
(365.0,365.0)
(365.0,365.0)
(365.0,365.0)
(365.0,365.0)
(365.0,365.0)
(365.0,365.0)
(374.0,365.0)
(805.0,365.0)
(365.0,365.0)
(365.0,365.0)
(365.0,365.0)
(365.0,365.0)
(365.0,365.0)
(387.0,365.0)
(365.0,365.0)
(753.0,365.0)
(365.0,365.0)
(365.0,365.0)
(365.0,365.0)
(417.0,365.0)
(365.0,365.0)
(365.0,365.0)
(365.0,365.0)
(365.0,365.0)
(365.0,365.0)
(753.0,365.0)
(365.0,365.0)
(365.0,365.0)
(365.0,365.0)
(365.0,365.0)
(365.0,365.0)
(753.0,365.0)
(365.0,365.0)
(753.0,365.0)
(365.0,365.0)
(365.0,365.0)
(455.0,365.0)
(365.0,365.0)
(365.0,365.0)
(374.0,365.0)
(753.0,365.0)
(365.0,365.0)
(365.0,365.0)
(365.0,365.0)
(365.0,365.0)
(365.0,365.0)
(365.0,365.0)
(365.0,365.0)
(753.0,365.0)
(365.0,365.0)
(365.0,365.0)
(365.0,365.0)
(365.0,365.0)
(365.0,365.0)
(365.0,365.0)
(374.0,365.0)
(365.0,365.0)
(365.0,365.0)
(753.0,365.0)
(421.0,365.0)
(365.0,365.0)
(753.0,365.0)
(753.0,365.0)
(365.0,365.0)
(365.0,365.0)
(365.0,365.0)
(365.0,365.0)
(365.0,365.0)
(365.0,365.0)
(374.0,365.0)
(365.0,365.0)
(365.0,365.0)
(374.0,365.0)
(365.0,365.0)
(365.0,365.0)
(405.0,365.0)
(365.0,365.0)
(365.0,365.0)
(365.0,365.0)
(365.0,365.0)
(365.0,365.0)
(365.0,365.0)
(365.0,365.0)
(365.0,365.0)
(365.0,365.0)
(365.0,365.0)
(365.0,365.0)
(365.0,365.0)
(365.0,365.0)
(405.0,365.0)
(365.0,365.0)
(365.0,365.0)
(365.0,365.0)
(365.0,365.0)
(365.0,365.0)
(374.0,365.0)
(365.0,365.0)
(365.0,365.0)
(365.0,365.0)
(365.0,365.0)
(365.0,365.0)
(753.0,365.0)
(365.0,365.0)
(413.0,365.0)
(753.0,365.0)
(365.0,365.0)
(365.0,365.0)
(374.0,365.0)
(365.0,365.0)
(365.0,365.0)
(365.0,365.0)
(365.0,365.0)
(753.0,365.0)
(365.0,365.0)
(463.0,365.0)
(463.0,365.0)
(365.0,365.0)
(365.0,365.0)
(374.0,365.0)
(405.0,365.0)
(365.0,365.0)
(365.0,365.0)
(365.0,365.0)
(365.0,365.0)
(365.0,365.0)
(365.0,365.0)
(374.0,365.0)
(365.0,365.0)
(365.0,365.0)
(365.0,365.0)
(365.0,365.0)
(374.0,365.0)
(365.0,365.0)
(365.0,365.0)
(365.0,365.0)
(365.0,365.0)
(365.0,365.0)
(365.0,365.0)
(365.0,365.0)
(374.0,365.0)
(753.0,365.0)
(365.0,365.0)
(365.0,365.0)
(374.0,365.0)
(365.0,365.0)
(365.0,365.0)
(365.0,365.0)
(365.0,365.0)
(753.0,365.0)
(374.0,365.0)
(365.0,365.0)
(753.0,365.0)
(365.0,365.0)
(455.0,365.0)
(365.0,365.0)
(463.0,365.0)
(365.0,365.0)
(365.0,365.0)
(365.0,365.0)
(365.0,365.0)
(365.0,365.0)
(365.0,365.0)
(365.0,365.0)
(365.0,365.0)
(753.0,365.0)
(447.0,365.0)
(365.0,365.0)
(374.0,365.0)
(374.0,365.0)
(365.0,365.0)
(365.0,365.0)
(374.0,365.0)
(365.0,365.0)
(365.0,365.0)
(365.0,365.0)
(365.0,365.0)
(365.0,365.0)
(365.0,365.0)
(365.0,365.0)
(374.0,365.0)
(365.0,365.0)
(365.0,365.0)
(365.0,365.0)
(455.0,365.0)
(365.0,365.0)
(365.0,365.0)
(365.0,365.0)
(365.0,365.0)
(365.0,365.0)
(365.0,365.0)
(365.0,365.0)
(365.0,365.0)
(365.0,365.0)
(447.0,365.0)
(374.0,365.0)
(365.0,365.0)
(365.0,365.0)
(455.0,365.0)
(365.0,365.0)
(753.0,365.0)
(447.0,365.0)
(365.0,365.0)
(365.0,365.0)
(365.0,365.0)
(365.0,365.0)
(753.0,365.0)
(365.0,365.0)
(455.0,365.0)
(365.0,365.0)
(365.0,365.0)
(447.0,365.0)
(365.0,365.0)
(365.0,365.0)
(455.0,365.0)
(365.0,365.0)
(365.0,365.0)
(365.0,365.0)
(753.0,365.0)
(365.0,365.0)
(365.0,365.0)
(365.0,365.0)
(362.0,365.0)
(357.0,365.0)
(357.0,365.0)
(357.0,365.0)
(357.0,365.0)
(357.0,365.0)
(485.0,365.0)
(357.0,365.0)
(454.0,365.0)
(357.0,365.0)
(362.0,365.0)
(357.0,365.0)
(435.0,365.0)
(357.0,365.0)
(357.0,365.0)
(480.0,365.0)
(362.0,365.0)
(357.0,365.0)
(362.0,365.0)
(76.0,365.0)
(362.0,365.0)
(357.0,365.0)
(362.0,365.0)
(362.0,365.0)
(143.0,365.0)
(362.0,365.0)
(357.0,365.0)
(362.0,365.0)
(357.0,365.0)
(362.0,365.0)
(362.0,365.0)
(482.0,365.0)
(362.0,365.0)
(362.0,365.0)
(357.0,365.0)
(362.0,365.0)
(357.0,365.0)
(357.0,365.0)
(585.0,365.0)
(357.0,365.0)
(357.0,365.0)
(25.0,365.0)
(357.0,365.0)
(369.0,365.0)
(357.0,365.0)
(362.0,365.0)
(362.0,365.0)
(362.0,365.0)
(362.0,365.0)
(362.0,365.0)
(25.0,365.0)
(357.0,365.0)
(357.0,365.0)
(362.0,365.0)
(357.0,365.0)
(362.0,365.0)
(357.0,365.0)
(362.0,365.0)
(480.0,365.0)
(25.0,365.0)
(362.0,365.0)
(15.0,365.0)
(357.0,365.0)
(15.0,365.0)
(362.0,365.0)
(357.0,365.0)
(362.0,365.0)
(357.0,365.0)
(357.0,365.0)
(479.0,365.0)
(357.0,365.0)
(357.0,365.0)
(357.0,365.0)
(357.0,365.0)
(357.0,365.0)
(362.0,365.0)
(362.0,365.0)
(15.0,365.0)
(139.0,365.0)
(362.0,365.0)
(362.0,365.0)
(357.0,365.0)
(362.0,365.0)
(362.0,365.0)
(362.0,365.0)
(357.0,365.0)
(143.0,365.0)
(357.0,365.0)
(807.0,365.0)
(15.0,365.0)
(357.0,365.0)
(357.0,365.0)
(362.0,365.0)
(15.0,365.0)
(362.0,365.0)
(357.0,365.0)
(362.0,365.0)
(447.0,365.0)
(362.0,365.0)
(362.0,365.0)
(357.0,365.0)
(357.0,365.0)
(357.0,365.0)
(357.0,365.0)
(362.0,365.0)
(362.0,365.0)
(362.0,365.0)
(362.0,365.0)
(357.0,365.0)
(362.0,365.0)
(362.0,365.0)
(15.0,365.0)
(362.0,365.0)
(362.0,365.0)
(357.0,365.0)
(362.0,365.0)
(362.0,365.0)
(362.0,365.0)
(480.0,365.0)
(362.0,365.0)
(362.0,365.0)
(357.0,365.0)
(357.0,365.0)
(362.0,365.0)
(362.0,365.0)
(15.0,365.0)
(362.0,365.0)
(362.0,365.0)
(362.0,365.0)
(357.0,365.0)
(357.0,365.0)
(362.0,365.0)
(357.0,365.0)
(362.0,365.0)
(357.0,365.0)
(362.0,365.0)
(357.0,365.0)
(357.0,365.0)
(357.0,365.0)
(357.0,365.0)
(475.0,365.0)
(357.0,365.0)
(25.0,365.0)
(357.0,365.0)
(362.0,365.0)
(362.0,365.0)
(357.0,365.0)
(357.0,365.0)
(357.0,365.0)
(357.0,365.0)
(15.0,365.0)
(357.0,365.0)
(357.0,365.0)
(362.0,365.0)
(585.0,365.0)
(362.0,365.0)
(357.0,365.0)
(357.0,365.0)
(362.0,365.0)
(771.0,365.0)
(15.0,365.0)
(357.0,365.0)
(357.0,365.0)
(357.0,365.0)
(480.0,365.0)
(421.0,365.0)
(357.0,365.0)
(357.0,365.0)
(357.0,365.0)
(362.0,365.0)
(362.0,365.0)
(475.0,365.0)
(362.0,365.0)
(362.0,365.0)
(362.0,365.0)
(435.0,365.0)
(362.0,365.0)
(362.0,365.0)
(357.0,365.0)
(357.0,365.0)
(357.0,365.0)
(357.0,365.0)
(374.0,365.0)
(374.0,365.0)
(374.0,365.0)
(455.0,365.0)
(374.0,365.0)
(374.0,365.0)
(374.0,365.0)
(365.0,365.0)
(374.0,365.0)
(743.0,365.0)
(374.0,365.0)
(374.0,365.0)
(743.0,365.0)
(374.0,365.0)
(743.0,365.0)
(374.0,365.0)
(365.0,365.0)
(365.0,365.0)
(447.0,365.0)
(374.0,365.0)
(374.0,365.0)
(374.0,365.0)
(374.0,365.0)
(455.0,365.0)
(374.0,365.0)
(374.0,365.0)
(374.0,365.0)
(374.0,365.0)
(374.0,365.0)
(365.0,365.0)
(374.0,365.0)
(374.0,365.0)
(365.0,365.0)
(374.0,365.0)
(743.0,365.0)
(374.0,365.0)
(753.0,365.0)
(374.0,365.0)
(374.0,365.0)
(374.0,365.0)
(374.0,365.0)
(374.0,365.0)
(365.0,365.0)
(743.0,365.0)
(365.0,365.0)
(374.0,365.0)
(455.0,365.0)
(374.0,365.0)
(374.0,365.0)
(374.0,365.0)
(374.0,365.0)
(374.0,365.0)
(374.0,365.0)
(374.0,365.0)
(374.0,365.0)
(365.0,365.0)
(455.0,365.0)
(374.0,365.0)
(374.0,365.0)
(365.0,365.0)
(374.0,365.0)
(374.0,365.0)
(455.0,365.0)
(365.0,365.0)
(374.0,365.0)
(413.0,365.0)
(374.0,365.0)
(374.0,365.0)
(455.0,365.0)
(374.0,365.0)
(455.0,365.0)
(374.0,365.0)
(374.0,365.0)
(374.0,365.0)
(374.0,365.0)
(374.0,365.0)
(753.0,365.0)
(455.0,365.0)
(743.0,365.0)
(455.0,365.0)
(455.0,365.0)
(455.0,365.0)
(455.0,365.0)
(753.0,365.0)
(455.0,365.0)
(374.0,365.0)
(753.0,365.0)
(374.0,365.0)
(365.0,365.0)
(374.0,365.0)
(374.0,365.0)
(374.0,365.0)
(365.0,365.0)
(365.0,365.0)
(417.0,365.0)
(374.0,365.0)
(435.0,365.0)
(374.0,365.0)
(365.0,365.0)
(455.0,365.0)
(374.0,365.0)
(753.0,365.0)
(374.0,365.0)
(435.0,365.0)
(374.0,365.0)
(374.0,365.0)
(455.0,365.0)
(374.0,365.0)
(374.0,365.0)
(374.0,365.0)
(753.0,365.0)
(374.0,365.0)
(455.0,365.0)
(455.0,365.0)
(374.0,365.0)
(374.0,365.0)
(374.0,365.0)
(374.0,365.0)
(374.0,365.0)
(365.0,365.0)
(743.0,365.0)
(374.0,365.0)
(365.0,365.0)
(374.0,365.0)
(753.0,365.0)
(455.0,365.0)
(455.0,365.0)
(374.0,365.0)
(753.0,365.0)
(374.0,365.0)
(753.0,365.0)
(374.0,365.0)
(374.0,365.0)
(753.0,365.0)
(374.0,365.0)
(455.0,365.0)
(374.0,365.0)
(374.0,365.0)
(455.0,365.0)
(374.0,365.0)
(374.0,365.0)
(374.0,365.0)
(435.0,365.0)
(374.0,365.0)
(374.0,365.0)
(374.0,365.0)
(753.0,365.0)
(374.0,365.0)
(374.0,365.0)
(374.0,365.0)
(374.0,365.0)
(374.0,365.0)
(374.0,365.0)
(374.0,365.0)
(374.0,365.0)
(365.0,365.0)
(753.0,365.0)
(455.0,365.0)
(374.0,365.0)
(374.0,365.0)
(374.0,365.0)
(365.0,365.0)
(374.0,365.0)
(374.0,365.0)
(374.0,365.0)
(365.0,365.0)
(374.0,365.0)
(455.0,365.0)
(743.0,365.0)
(374.0,365.0)
(374.0,365.0)
(374.0,365.0)
(374.0,365.0)
(374.0,365.0)
(743.0,365.0)
(374.0,365.0)
(455.0,365.0)
(374.0,365.0)
(753.0,365.0)
(365.0,365.0)
(374.0,365.0)
(374.0,365.0)
(753.0,365.0)
(374.0,365.0)
(374.0,365.0)
(374.0,365.0)
(753.0,365.0)
(455.0,365.0)
(374.0,365.0)
(374.0,365.0)
(743.0,365.0)
(365.0,365.0)
(374.0,365.0)
(365.0,365.0)
(455.0,365.0)
(374.0,365.0)
(365.0,365.0)
(455.0,365.0)
(455.0,365.0)
(455.0,365.0)
(374.0,365.0)
(455.0,365.0)
(374.0,365.0)
(455.0,365.0)
(374.0,365.0)
(374.0,365.0)
(365.0,365.0)
(455.0,365.0)
(365.0,365.0)
(365.0,365.0)
(455.0,365.0)
(455.0,365.0)
(365.0,365.0)
(455.0,365.0)
(365.0,365.0)
(455.0,365.0)
(455.0,365.0)
(455.0,365.0)
(374.0,365.0)
(455.0,365.0)
(374.0,365.0)
(455.0,365.0)
(365.0,365.0)
(365.0,365.0)
(455.0,365.0)
(374.0,365.0)
(374.0,365.0)
(365.0,365.0)
(374.0,365.0)
(365.0,365.0)
(374.0,365.0)
(365.0,365.0)
(417.0,365.0)
(365.0,365.0)
(455.0,365.0)
(365.0,365.0)
(365.0,365.0)
(365.0,365.0)
(455.0,365.0)
(374.0,365.0)
(455.0,365.0)
(455.0,365.0)
(365.0,365.0)
(365.0,365.0)
(417.0,365.0)
(374.0,365.0)
(455.0,365.0)
(365.0,365.0)
(455.0,365.0)
(374.0,365.0)
(417.0,365.0)
(753.0,365.0)
(455.0,365.0)
(455.0,365.0)
(374.0,365.0)
(365.0,365.0)
(455.0,365.0)
(455.0,365.0)
(374.0,365.0)
(365.0,365.0)
(365.0,365.0)
(365.0,365.0)
(455.0,365.0)
(365.0,365.0)
(374.0,365.0)
(374.0,365.0)
(447.0,365.0)
(374.0,365.0)
(455.0,365.0)
(455.0,365.0)
(365.0,365.0)
(365.0,365.0)
(455.0,365.0)
(455.0,365.0)
(455.0,365.0)
(365.0,365.0)
(455.0,365.0)
(365.0,365.0)
(365.0,365.0)
(417.0,365.0)
(365.0,365.0)
(365.0,365.0)
(455.0,365.0)
(365.0,365.0)
(374.0,365.0)
(455.0,365.0)
(455.0,365.0)
(374.0,365.0)
(374.0,365.0)
(374.0,365.0)
(374.0,365.0)
(374.0,365.0)
(455.0,365.0)
(365.0,365.0)
(365.0,365.0)
(365.0,365.0)
(455.0,365.0)
(374.0,365.0)
(455.0,365.0)
(447.0,365.0)
(365.0,365.0)
(365.0,365.0)
(365.0,365.0)
(365.0,365.0)
(455.0,365.0)
(455.0,365.0)
(365.0,365.0)
(365.0,365.0)
(455.0,365.0)
(455.0,365.0)
(455.0,365.0)
(365.0,365.0)
(365.0,365.0)
(365.0,365.0)
(365.0,365.0)
(374.0,365.0)
(374.0,365.0)
(374.0,365.0)
(374.0,365.0)
(365.0,365.0)
(374.0,365.0)
(455.0,365.0)
(374.0,365.0)
(374.0,365.0)
(455.0,365.0)
(365.0,365.0)
(365.0,365.0)
(365.0,365.0)
(374.0,365.0)
(374.0,365.0)
(365.0,365.0)
(455.0,365.0)
(365.0,365.0)
(455.0,365.0)
(365.0,365.0)
(455.0,365.0)
(455.0,365.0)
(455.0,365.0)
(455.0,365.0)
(365.0,365.0)
(374.0,365.0)
(374.0,365.0)
(455.0,365.0)
(455.0,365.0)
(374.0,365.0)
(455.0,365.0)
(447.0,365.0)
(455.0,365.0)
(374.0,365.0)
(374.0,365.0)
(455.0,365.0)
(365.0,365.0)
(455.0,365.0)
(365.0,365.0)
(455.0,365.0)
(365.0,365.0)
(455.0,365.0)
(365.0,365.0)
(455.0,365.0)
(365.0,365.0)
(455.0,365.0)
(455.0,365.0)
(374.0,365.0)
(365.0,365.0)
(365.0,365.0)
(455.0,365.0)
(365.0,365.0)
(374.0,365.0)
(455.0,365.0)
(455.0,365.0)
(374.0,365.0)
(455.0,365.0)
(365.0,365.0)
(365.0,365.0)
(365.0,365.0)
(374.0,365.0)
(455.0,365.0)
(365.0,365.0)
(455.0,365.0)
(455.0,365.0)
(447.0,365.0)
(374.0,365.0)
(455.0,365.0)
(374.0,365.0)
(374.0,365.0)
(374.0,365.0)
(455.0,365.0)
(365.0,365.0)
(455.0,365.0)
(455.0,365.0)
(365.0,365.0)
(365.0,365.0)
(365.0,365.0)
(365.0,365.0)
(374.0,365.0)
(365.0,365.0)
(374.0,365.0)
(374.0,365.0)
(374.0,365.0)
(374.0,365.0)
(374.0,365.0)
(365.0,365.0)
(374.0,365.0)
(455.0,365.0)
(374.0,365.0)
(374.0,365.0)
(374.0,365.0)
(374.0,365.0)
(374.0,365.0)
(374.0,365.0)
(374.0,365.0)
(374.0,365.0)
(374.0,365.0)
(374.0,365.0)
(374.0,365.0)
(374.0,365.0)
(374.0,365.0)
(374.0,365.0)
(365.0,365.0)
(374.0,365.0)
(455.0,365.0)
(374.0,365.0)
(365.0,365.0)
(753.0,365.0)
(365.0,365.0)
(374.0,365.0)
(374.0,365.0)
(374.0,365.0)
(365.0,365.0)
(374.0,365.0)
(365.0,365.0)
(374.0,365.0)
(374.0,365.0)
(374.0,365.0)
(365.0,365.0)
(374.0,365.0)
(455.0,365.0)
(455.0,365.0)
(374.0,365.0)
(455.0,365.0)
(374.0,365.0)
(374.0,365.0)
(374.0,365.0)
(455.0,365.0)
(365.0,365.0)
(374.0,365.0)
(374.0,365.0)
(374.0,365.0)
(374.0,365.0)
(455.0,365.0)
(374.0,365.0)
(374.0,365.0)
(365.0,365.0)
(374.0,365.0)
(374.0,365.0)
(374.0,365.0)
(374.0,365.0)
(374.0,365.0)
(374.0,365.0)
(365.0,365.0)
(374.0,365.0)
(374.0,365.0)
(374.0,365.0)
(753.0,365.0)
(365.0,365.0)
(374.0,365.0)
(374.0,365.0)
(365.0,365.0)
(365.0,365.0)
(374.0,365.0)
(374.0,365.0)
(374.0,365.0)
(374.0,365.0)
(455.0,365.0)
(374.0,365.0)
(365.0,365.0)
(374.0,365.0)
(374.0,365.0)
(374.0,365.0)
(374.0,365.0)
(365.0,365.0)
(374.0,365.0)
(374.0,365.0)
(374.0,365.0)
(365.0,365.0)
(374.0,365.0)
(374.0,365.0)
(435.0,365.0)
(374.0,365.0)
(374.0,365.0)
(374.0,365.0)
(365.0,365.0)
(374.0,365.0)
(374.0,365.0)
(374.0,365.0)
(374.0,365.0)
(374.0,365.0)
(374.0,365.0)
(374.0,365.0)
(374.0,365.0)
(374.0,365.0)
(365.0,365.0)
(374.0,365.0)
(396.0,365.0)
(365.0,365.0)
(374.0,365.0)
(374.0,365.0)
(435.0,365.0)
(374.0,365.0)
(374.0,365.0)
(374.0,365.0)
(365.0,365.0)
(365.0,365.0)
(455.0,365.0)
(374.0,365.0)
(374.0,365.0)
(374.0,365.0)
(374.0,365.0)
(374.0,365.0)
(365.0,365.0)
(365.0,365.0)
(374.0,365.0)
(374.0,365.0)
(374.0,365.0)
(374.0,365.0)
(374.0,365.0)
(413.0,365.0)
(365.0,365.0)
(447.0,365.0)
(365.0,365.0)
(365.0,365.0)
(374.0,365.0)
(374.0,365.0)
(374.0,365.0)
(374.0,365.0)
(374.0,365.0)
(374.0,365.0)
(374.0,365.0)
(374.0,365.0)
(374.0,365.0)
(374.0,365.0)
(374.0,365.0)
(374.0,365.0)
(374.0,365.0)
(374.0,365.0)
(374.0,365.0)
(374.0,365.0)
(374.0,365.0)
(365.0,365.0)
(374.0,365.0)
(455.0,365.0)
(455.0,365.0)
(374.0,365.0)
(374.0,365.0)
(365.0,365.0)
(365.0,365.0)
(455.0,365.0)
(365.0,365.0)
(365.0,365.0)
(374.0,365.0)
(365.0,365.0)
(374.0,365.0)
(374.0,365.0)
(455.0,365.0)
(374.0,365.0)
(374.0,365.0)
(374.0,365.0)
(374.0,365.0)
(365.0,365.0)
(365.0,365.0)
(374.0,365.0)
(374.0,365.0)
(374.0,365.0)
(374.0,365.0)
(365.0,365.0)
(753.0,365.0)
(374.0,365.0)
(455.0,365.0)
(374.0,365.0)
(374.0,365.0)
(374.0,365.0)
(374.0,365.0)
(365.0,365.0)
(374.0,365.0)
(413.0,365.0)
(374.0,365.0)
(374.0,365.0)
(374.0,365.0)
(455.0,365.0)
(374.0,365.0)
(455.0,365.0)
(374.0,365.0)
(374.0,365.0)
(365.0,365.0)
(374.0,365.0)
(365.0,365.0)
(374.0,365.0)
(365.0,365.0)
(374.0,365.0)
(455.0,365.0)
(374.0,365.0)
(365.0,365.0)
(374.0,365.0)
(374.0,365.0)
(374.0,365.0)
(374.0,365.0)
(374.0,365.0)
(447.0,365.0)
(365.0,365.0)
(374.0,365.0)
(365.0,365.0)
(374.0,365.0)
(374.0,365.0)
(374.0,365.0)
(374.0,365.0)
(374.0,365.0)
(455.0,365.0)
(374.0,365.0)
(374.0,365.0)
(374.0,365.0)
(374.0,365.0)
(374.0,365.0)
(374.0,365.0)
(374.0,365.0)
(365.0,365.0)
(374.0,365.0)
(365.0,365.0)
(365.0,365.0)
(374.0,365.0)
(374.0,365.0)
(374.0,365.0)
(374.0,365.0)
(374.0,365.0)
(374.0,365.0)
(374.0,365.0)
(365.0,365.0)
(374.0,365.0)
(374.0,365.0)
(374.0,365.0)
(374.0,365.0)
(365.0,365.0)
(374.0,365.0)
(455.0,365.0)
(365.0,365.0)
(374.0,365.0)
(374.0,365.0)
(413.0,365.0)
(365.0,365.0)
(365.0,365.0)
(387.0,365.0)
(374.0,365.0)
(374.0,365.0)
(447.0,365.0)
(365.0,365.0)
(365.0,365.0)
(365.0,365.0)
(365.0,365.0)
(365.0,365.0)
(374.0,365.0)
(374.0,365.0)
(365.0,365.0)
(374.0,365.0)
(374.0,365.0)
(374.0,365.0)
(374.0,365.0)
(374.0,365.0)
(374.0,365.0)
(374.0,365.0)
(374.0,365.0)
(413.0,365.0)
(374.0,365.0)
(374.0,365.0)
(365.0,365.0)
(374.0,365.0)
(374.0,365.0)
(374.0,365.0)
(374.0,365.0)
(374.0,365.0)
(374.0,365.0)
(374.0,365.0)
(365.0,365.0)
(413.0,365.0)
(374.0,365.0)
(374.0,365.0)
(365.0,365.0)
(374.0,365.0)
(374.0,365.0)
(374.0,365.0)
(374.0,365.0)
(365.0,365.0)
(365.0,365.0)
(374.0,365.0)
(374.0,365.0)
(374.0,365.0)
(374.0,365.0)
(374.0,365.0)
(374.0,365.0)
(374.0,365.0)
(374.0,365.0)
(374.0,365.0)
(374.0,365.0)
(374.0,365.0)
(374.0,365.0)
(374.0,365.0)
(374.0,365.0)
(374.0,365.0)
(365.0,365.0)
(365.0,365.0)
(374.0,365.0)
(374.0,365.0)
(374.0,365.0)
(374.0,365.0)
(365.0,365.0)
(374.0,365.0)
(374.0,365.0)
(374.0,365.0)
(374.0,365.0)
(365.0,365.0)
(374.0,365.0)
(365.0,365.0)
(374.0,365.0)
(374.0,365.0)
(374.0,365.0)
(374.0,365.0)
(365.0,365.0)
(374.0,365.0)
(365.0,365.0)
(374.0,365.0)
(374.0,365.0)
(374.0,365.0)
(753.0,365.0)
(374.0,365.0)
(374.0,365.0)
(374.0,365.0)
(455.0,365.0)
(374.0,365.0)
(455.0,365.0)
(374.0,365.0)
(374.0,365.0)
(374.0,365.0)
(374.0,365.0)
(374.0,365.0)
(455.0,365.0)
(365.0,365.0)
(365.0,365.0)
(374.0,365.0)
(455.0,365.0)
(365.0,365.0)
(374.0,365.0)
(374.0,365.0)
(374.0,365.0)
(365.0,365.0)
(374.0,365.0)
(374.0,365.0)
(455.0,365.0)
(365.0,365.0)
(374.0,365.0)
(374.0,365.0)
(374.0,365.0)
(365.0,365.0)
(374.0,365.0)
(374.0,365.0)
(365.0,365.0)
(374.0,365.0)
(365.0,365.0)
(374.0,365.0)
(374.0,365.0)
(374.0,365.0)
(365.0,365.0)
(413.0,365.0)
(365.0,365.0)
(447.0,365.0)
(374.0,365.0)
(374.0,365.0)
(365.0,365.0)
(374.0,365.0)
(365.0,365.0)
(365.0,365.0)
(374.0,365.0)
(365.0,365.0)
(365.0,365.0)
(387.0,365.0)
(365.0,365.0)
(365.0,365.0)
(374.0,365.0)
(374.0,365.0)
(374.0,365.0)
(374.0,365.0)
(483.0,365.0)
(374.0,365.0)
(374.0,365.0)
(374.0,365.0)
(365.0,365.0)
(455.0,365.0)
(365.0,365.0)
(365.0,365.0)
(365.0,365.0)
(413.0,365.0)
(365.0,365.0)
(455.0,365.0)
(365.0,365.0)
(374.0,365.0)
(374.0,365.0)
(374.0,365.0)
(374.0,365.0)
(374.0,365.0)
(365.0,365.0)
(374.0,365.0)
(365.0,365.0)
(374.0,365.0)
(374.0,365.0)
(374.0,365.0)
(374.0,365.0)
(365.0,365.0)
(365.0,365.0)
(374.0,365.0)
(374.0,365.0)
(365.0,365.0)
(374.0,365.0)
(374.0,365.0)
(374.0,365.0)
(365.0,365.0)
(374.0,365.0)
(374.0,365.0)
(396.0,365.0)
(365.0,365.0)
(374.0,365.0)
(374.0,365.0)
(365.0,365.0)
(365.0,365.0)
(374.0,365.0)
(365.0,365.0)
(374.0,365.0)
(374.0,365.0)
(365.0,365.0)
(365.0,365.0)
(365.0,365.0)
(455.0,365.0)
(374.0,365.0)
(374.0,365.0)
(374.0,365.0)
(455.0,365.0)
(374.0,365.0)
(374.0,365.0)
(365.0,365.0)
(374.0,365.0)
(374.0,365.0)
(374.0,365.0)
(374.0,365.0)
(374.0,365.0)
(455.0,365.0)
(374.0,365.0)
(365.0,365.0)
(365.0,365.0)
(374.0,365.0)
(455.0,365.0)
(374.0,365.0)
(365.0,365.0)
(365.0,365.0)
(374.0,365.0)
(365.0,365.0)
(374.0,365.0)
(374.0,365.0)
(374.0,365.0)
(374.0,365.0)
(374.0,365.0)
(374.0,365.0)
(365.0,365.0)
(435.0,365.0)
(374.0,365.0)
(374.0,365.0)
(374.0,365.0)
(455.0,365.0)
(374.0,365.0)
(365.0,365.0)
(753.0,365.0)
(435.0,365.0)
(374.0,365.0)
(374.0,365.0)
(374.0,365.0)
(374.0,365.0)
(365.0,365.0)
(374.0,365.0)
(365.0,365.0)
(374.0,365.0)
(374.0,365.0)
(374.0,365.0)
(374.0,365.0)
(374.0,365.0)
(365.0,365.0)
(374.0,365.0)
(125.0,365.0)
(455.0,365.0)
(374.0,365.0)
(374.0,365.0)
(435.0,365.0)
(365.0,365.0)
(374.0,365.0)
(455.0,365.0)
(374.0,365.0)
(374.0,365.0)
(365.0,365.0)
(374.0,365.0)
(374.0,365.0)
(374.0,365.0)
(374.0,365.0)
(365.0,365.0)
(374.0,365.0)
(365.0,365.0)
(374.0,365.0)
(374.0,365.0)
(374.0,365.0)
(374.0,365.0)
(374.0,365.0)
(374.0,365.0)
(374.0,365.0)
(374.0,365.0)
(374.0,365.0)
(374.0,365.0)
(374.0,365.0)
(374.0,365.0)
(374.0,365.0)
(753.0,365.0)
(374.0,365.0)
(365.0,365.0)
(455.0,365.0)
(374.0,365.0)
(365.0,365.0)
(365.0,365.0)
(435.0,365.0)
(753.0,365.0)
(374.0,365.0)
(374.0,365.0)
(374.0,365.0)
(374.0,365.0)
(374.0,365.0)
(365.0,365.0)
(374.0,365.0)
(374.0,365.0)
(374.0,365.0)
(374.0,365.0)
(455.0,365.0)
(374.0,365.0)
(435.0,365.0)
(374.0,365.0)
(365.0,365.0)
(374.0,365.0)
(455.0,365.0)
(455.0,365.0)
(374.0,365.0)
(374.0,365.0)
(365.0,365.0)
(374.0,365.0)
(365.0,365.0)
(365.0,365.0)
(374.0,365.0)
(374.0,365.0)
(374.0,365.0)
(374.0,365.0)
(365.0,365.0)
(455.0,365.0)
(374.0,365.0)
(374.0,365.0)
(365.0,365.0)
(413.0,365.0)
(365.0,365.0)
(374.0,365.0)
(374.0,365.0)
(365.0,365.0)
(455.0,365.0)
(374.0,365.0)
(365.0,365.0)
(374.0,365.0)
(455.0,365.0)
(374.0,365.0)
(374.0,365.0)
(365.0,365.0)
(374.0,365.0)
(413.0,365.0)
(455.0,365.0)
(374.0,365.0)
(374.0,365.0)
(374.0,365.0)
(440.0,754.0)
(756.0,754.0)
(440.0,754.0)
(382.0,754.0)
(447.0,754.0)
(756.0,754.0)
(756.0,754.0)
(368.0,754.0)
(440.0,754.0)
(382.0,754.0)
(756.0,754.0)
(447.0,754.0)
(440.0,754.0)
(447.0,754.0)
(440.0,754.0)
(447.0,754.0)
(368.0,754.0)
(440.0,754.0)
(386.0,754.0)
(406.0,754.0)
(382.0,754.0)
(440.0,754.0)
(382.0,754.0)
(756.0,754.0)
(757.0,754.0)
(756.0,754.0)
(447.0,754.0)
(440.0,754.0)
(756.0,754.0)
(756.0,754.0)
(756.0,754.0)
(382.0,754.0)
(382.0,754.0)
(382.0,754.0)
(440.0,754.0)
(440.0,754.0)
(756.0,754.0)
(382.0,754.0)
(756.0,754.0)
(756.0,754.0)
(756.0,754.0)
(756.0,754.0)
(756.0,754.0)
(756.0,754.0)
(756.0,754.0)
(756.0,754.0)
(440.0,754.0)
(440.0,754.0)
(756.0,754.0)
(440.0,754.0)
(440.0,754.0)
(440.0,754.0)
(440.0,754.0)
(440.0,754.0)
(757.0,754.0)
(382.0,754.0)
(756.0,754.0)
(18.0,754.0)
(440.0,754.0)
(440.0,754.0)
(756.0,754.0)
(756.0,754.0)
(382.0,754.0)
(756.0,754.0)
(440.0,754.0)
(440.0,754.0)
(382.0,754.0)
(440.0,754.0)
(756.0,754.0)
(387.0,754.0)
(440.0,754.0)
(756.0,754.0)
(756.0,754.0)
(440.0,754.0)
(382.0,754.0)
(447.0,754.0)
(440.0,754.0)
(757.0,754.0)
(447.0,754.0)
(756.0,754.0)
(756.0,754.0)
(756.0,754.0)
(440.0,754.0)
(440.0,754.0)
(440.0,754.0)
(756.0,754.0)
(756.0,754.0)
(756.0,754.0)
(756.0,754.0)
(447.0,754.0)
(382.0,754.0)
(447.0,754.0)
(756.0,754.0)
(382.0,754.0)
(440.0,754.0)
(756.0,754.0)
(440.0,754.0)
(757.0,754.0)
(459.0,754.0)
(756.0,754.0)
(440.0,754.0)
(440.0,754.0)
(447.0,754.0)
(440.0,754.0)
(756.0,754.0)
(756.0,754.0)
(440.0,754.0)
(25.0,754.0)
(756.0,754.0)
(756.0,754.0)
(756.0,754.0)
(447.0,754.0)
(447.0,754.0)
(440.0,754.0)
(440.0,754.0)
(756.0,754.0)
(440.0,754.0)
(756.0,754.0)
(382.0,754.0)
(756.0,754.0)
(756.0,754.0)
(440.0,754.0)
(440.0,754.0)
(756.0,754.0)
(756.0,754.0)
(368.0,754.0)
(440.0,754.0)
(756.0,754.0)
(440.0,754.0)
(469.0,754.0)
(447.0,754.0)
(382.0,754.0)
(756.0,754.0)
(756.0,754.0)
(440.0,754.0)
(756.0,754.0)
(448.0,754.0)
(440.0,754.0)
(458.0,754.0)
(756.0,754.0)
(440.0,754.0)
(756.0,754.0)
(756.0,754.0)
(440.0,754.0)
(440.0,754.0)
(440.0,754.0)
(447.0,754.0)
(756.0,754.0)
(440.0,754.0)
(440.0,754.0)
(756.0,754.0)
(382.0,754.0)
(756.0,754.0)
(448.0,754.0)
(756.0,754.0)
(382.0,754.0)
(440.0,754.0)
(756.0,754.0)
(440.0,754.0)
(756.0,754.0)
(382.0,754.0)
(756.0,754.0)
(440.0,754.0)
(756.0,754.0)
(440.0,754.0)
(756.0,754.0)
(756.0,754.0)
(440.0,754.0)
(382.0,754.0)
(440.0,754.0)
(756.0,754.0)
(756.0,754.0)
(756.0,754.0)
(382.0,754.0)
(744.0,754.0)
(382.0,754.0)
(440.0,754.0)
(440.0,754.0)
(382.0,754.0)
(440.0,754.0)
(382.0,754.0)
(440.0,754.0)
(756.0,754.0)
(447.0,754.0)
(440.0,754.0)
(382.0,754.0)
(440.0,754.0)
(757.0,754.0)
(756.0,754.0)
(382.0,754.0)
(756.0,754.0)
(440.0,754.0)
(756.0,754.0)
(447.0,754.0)
(756.0,754.0)
(382.0,754.0)
(382.0,754.0)
(386.0,754.0)
(440.0,754.0)
(440.0,754.0)
(756.0,754.0)
(756.0,754.0)
(440.0,754.0)
(440.0,754.0)
(447.0,754.0)
(382.0,754.0)
(382.0,754.0)
(756.0,754.0)
(382.0,754.0)
(756.0,754.0)
(440.0,754.0)
(440.0,754.0)
(756.0,754.0)
(440.0,754.0)
(444.0,754.0)
(756.0,754.0)
(475.0,754.0)
(756.0,754.0)
(382.0,754.0)
(756.0,754.0)
(756.0,754.0)
(756.0,754.0)
(440.0,754.0)
(440.0,754.0)
(440.0,754.0)
(382.0,754.0)
(382.0,754.0)
(398.0,754.0)
(368.0,754.0)
(756.0,754.0)
(756.0,754.0)
(440.0,754.0)
(440.0,754.0)
(440.0,754.0)
(382.0,754.0)
(382.0,754.0)
(440.0,754.0)
(440.0,754.0)
(382.0,754.0)
(756.0,754.0)
(382.0,754.0)
(440.0,754.0)
(382.0,754.0)
(382.0,754.0)
(440.0,754.0)
(440.0,754.0)
(387.0,754.0)
(440.0,754.0)
(440.0,754.0)
(756.0,754.0)
(382.0,754.0)
(756.0,754.0)
(440.0,754.0)
(756.0,754.0)
(756.0,754.0)
(382.0,754.0)
(757.0,754.0)
(382.0,754.0)
(440.0,754.0)
(757.0,754.0)
(440.0,754.0)
(440.0,754.0)
(756.0,754.0)
(756.0,754.0)
(387.0,754.0)
(756.0,754.0)
(756.0,754.0)
(756.0,754.0)
(393.0,754.0)
(479.0,754.0)
(440.0,754.0)
(382.0,754.0)
(756.0,754.0)
(756.0,754.0)
(440.0,754.0)
(440.0,754.0)
(756.0,754.0)
(417.0,754.0)
(440.0,754.0)
(756.0,754.0)
(457.0,754.0)
(440.0,754.0)
(382.0,754.0)
(440.0,754.0)
(382.0,754.0)
(382.0,754.0)
(440.0,754.0)
(382.0,754.0)
(457.0,754.0)
(440.0,754.0)
(382.0,754.0)
(754.0,754.0)
(440.0,754.0)
(440.0,754.0)
(440.0,754.0)
(756.0,754.0)
(756.0,754.0)
(440.0,754.0)
(756.0,754.0)
(756.0,754.0)
(756.0,754.0)
(761.0,754.0)
(756.0,754.0)
(756.0,754.0)
(406.0,754.0)
(382.0,754.0)
(756.0,754.0)
(382.0,754.0)
(382.0,754.0)
(440.0,754.0)
(756.0,754.0)
(756.0,754.0)
(756.0,754.0)
(440.0,754.0)
(382.0,754.0)
(756.0,754.0)
(440.0,754.0)
(381.0,754.0)
(756.0,754.0)
(458.0,754.0)
(756.0,754.0)
(756.0,754.0)
(756.0,754.0)
(756.0,754.0)
(479.0,754.0)
(382.0,754.0)
(756.0,754.0)
(756.0,754.0)
(382.0,754.0)
(440.0,754.0)
(440.0,754.0)
(756.0,754.0)
(756.0,754.0)
(440.0,754.0)
(440.0,754.0)
(756.0,754.0)
(440.0,754.0)
(382.0,754.0)
(756.0,754.0)
(756.0,754.0)
(382.0,754.0)
(756.0,754.0)
(368.0,754.0)
(440.0,754.0)
(440.0,754.0)
(440.0,754.0)
(447.0,754.0)
(440.0,754.0)
(382.0,754.0)
(382.0,754.0)
(440.0,754.0)
(756.0,754.0)
(440.0,754.0)
(756.0,754.0)
(382.0,754.0)
(387.0,754.0)
(382.0,754.0)
(382.0,754.0)
(440.0,754.0)
(440.0,754.0)
(756.0,754.0)
(440.0,754.0)
(440.0,754.0)
(382.0,754.0)
(756.0,754.0)
(440.0,754.0)
(386.0,754.0)
(756.0,754.0)
(440.0,754.0)
(382.0,754.0)
(756.0,754.0)
(756.0,754.0)
(756.0,754.0)
(756.0,754.0)
(382.0,754.0)
(756.0,754.0)
(440.0,754.0)
(756.0,754.0)
(756.0,754.0)
(440.0,754.0)
(387.0,754.0)
(382.0,754.0)
(756.0,754.0)
(447.0,754.0)
(440.0,754.0)
(417.0,754.0)
(382.0,754.0)
(440.0,754.0)
(440.0,754.0)
(447.0,754.0)
(756.0,754.0)
(447.0,754.0)
(756.0,754.0)
(756.0,754.0)
(382.0,754.0)
(756.0,754.0)
(382.0,754.0)
(756.0,754.0)
(756.0,754.0)
(756.0,754.0)
(756.0,754.0)
(756.0,754.0)
(756.0,754.0)
(756.0,754.0)
(756.0,754.0)
(757.0,754.0)
(756.0,754.0)
(756.0,754.0)
(756.0,754.0)
(756.0,754.0)
(382.0,754.0)
(377.0,754.0)
(756.0,754.0)
(756.0,754.0)
(756.0,754.0)
(756.0,754.0)
(756.0,754.0)
(756.0,754.0)
(382.0,754.0)
(756.0,754.0)
(756.0,754.0)
(756.0,754.0)
(756.0,754.0)
(756.0,754.0)
(756.0,754.0)
(756.0,754.0)
(756.0,754.0)
(756.0,754.0)
(756.0,754.0)
(756.0,754.0)
(756.0,754.0)
(368.0,754.0)
(756.0,754.0)
(382.0,754.0)
(756.0,754.0)
(757.0,754.0)
(756.0,754.0)
(756.0,754.0)
(756.0,754.0)
(756.0,754.0)
(756.0,754.0)
(756.0,754.0)
(756.0,754.0)
(756.0,754.0)
(756.0,754.0)
(756.0,754.0)
(379.0,754.0)
(756.0,754.0)
(475.0,754.0)
(756.0,754.0)
(756.0,754.0)
(756.0,754.0)
(756.0,754.0)
(756.0,754.0)
(756.0,754.0)
(756.0,754.0)
(756.0,754.0)
(756.0,754.0)
(440.0,754.0)
(756.0,754.0)
(757.0,754.0)
(756.0,754.0)
(382.0,754.0)
(756.0,754.0)
(756.0,754.0)
(756.0,754.0)
(756.0,754.0)
(756.0,754.0)
(397.0,754.0)
(382.0,754.0)
(382.0,754.0)
(756.0,754.0)
(382.0,754.0)
(382.0,754.0)
(756.0,754.0)
(756.0,754.0)
(756.0,754.0)
(756.0,754.0)
(756.0,754.0)
(447.0,754.0)
(756.0,754.0)
(756.0,754.0)
(756.0,754.0)
(756.0,754.0)
(756.0,754.0)
(741.0,754.0)
(756.0,754.0)
(377.0,754.0)
(386.0,754.0)
(447.0,754.0)
(756.0,754.0)
(382.0,754.0)
(756.0,754.0)
(756.0,754.0)
(756.0,754.0)
(756.0,754.0)
(756.0,754.0)
(756.0,754.0)
(756.0,754.0)
(756.0,754.0)
(756.0,754.0)
(756.0,754.0)
(756.0,754.0)
(756.0,754.0)
(756.0,754.0)
(756.0,754.0)
(756.0,754.0)
(22.0,754.0)
(756.0,754.0)
(756.0,754.0)
(756.0,754.0)
(756.0,754.0)
(440.0,754.0)
(756.0,754.0)
(742.0,754.0)
(756.0,754.0)
(457.0,754.0)
(756.0,754.0)
(756.0,754.0)
(756.0,754.0)
(756.0,754.0)
(756.0,754.0)
(440.0,754.0)
(756.0,754.0)
(756.0,754.0)
(757.0,754.0)
(756.0,754.0)
(440.0,754.0)
(756.0,754.0)
(457.0,754.0)
(756.0,754.0)
(386.0,754.0)
(382.0,754.0)
(756.0,754.0)
(447.0,754.0)
(756.0,754.0)
(756.0,754.0)
(754.0,754.0)
(756.0,754.0)
(382.0,754.0)
(440.0,754.0)
(22.0,754.0)
(756.0,754.0)
(756.0,754.0)
(756.0,754.0)
(756.0,754.0)
(756.0,754.0)
(382.0,754.0)
(756.0,754.0)
(440.0,754.0)
(756.0,754.0)
(447.0,754.0)
(440.0,754.0)
(756.0,754.0)
(756.0,754.0)
(756.0,754.0)
(756.0,754.0)
(756.0,754.0)
(756.0,754.0)
(756.0,754.0)
(756.0,754.0)
(756.0,754.0)
(756.0,754.0)
(756.0,754.0)
(756.0,754.0)
(756.0,754.0)
(756.0,754.0)
(756.0,754.0)
(756.0,754.0)
(756.0,754.0)
(744.0,754.0)
(447.0,754.0)
(756.0,754.0)
(756.0,754.0)
(756.0,754.0)
(380.0,754.0)
(756.0,754.0)
(756.0,754.0)
(754.0,754.0)
(756.0,754.0)
(382.0,754.0)
(382.0,754.0)
(457.0,754.0)
(757.0,754.0)
(756.0,754.0)
(756.0,754.0)
(756.0,754.0)
(756.0,754.0)
(440.0,754.0)
(475.0,754.0)
(447.0,754.0)
(756.0,754.0)
(447.0,754.0)
(382.0,754.0)
(440.0,754.0)
(757.0,754.0)
(382.0,754.0)
(382.0,754.0)
(382.0,754.0)
(440.0,754.0)
(440.0,754.0)
(458.0,754.0)
(382.0,754.0)
(756.0,754.0)
(440.0,754.0)
(440.0,754.0)
(756.0,754.0)
(440.0,754.0)
(440.0,754.0)
(440.0,754.0)
(447.0,754.0)
(440.0,754.0)
(742.0,754.0)
(397.0,754.0)
(382.0,754.0)
(382.0,754.0)
(440.0,754.0)
(382.0,754.0)
(386.0,754.0)
(440.0,754.0)
(447.0,754.0)
(756.0,754.0)
(744.0,754.0)
(756.0,754.0)
(756.0,754.0)
(382.0,754.0)
(756.0,754.0)
(382.0,754.0)
(440.0,754.0)
(382.0,754.0)
(440.0,754.0)
(440.0,754.0)
(382.0,754.0)
(754.0,754.0)
(440.0,754.0)
(756.0,754.0)
(756.0,754.0)
(382.0,754.0)
(440.0,754.0)
(440.0,754.0)
(447.0,754.0)
(447.0,754.0)
(756.0,754.0)
(440.0,754.0)
(440.0,754.0)
(440.0,754.0)
(440.0,754.0)
(440.0,754.0)
(382.0,754.0)
(382.0,754.0)
(382.0,754.0)
(756.0,754.0)
(440.0,754.0)
(382.0,754.0)
(440.0,754.0)
(368.0,754.0)
(382.0,754.0)
(440.0,754.0)
(382.0,754.0)
(756.0,754.0)
(382.0,754.0)
(756.0,754.0)
(447.0,754.0)
(756.0,754.0)
(756.0,754.0)
(368.0,754.0)
(756.0,754.0)
(382.0,754.0)
(756.0,754.0)
(368.0,754.0)
(440.0,754.0)
(440.0,754.0)
(440.0,754.0)
(756.0,754.0)
(386.0,754.0)
(440.0,754.0)
(756.0,754.0)
(440.0,754.0)
(756.0,754.0)
(756.0,754.0)
(756.0,754.0)
(212.0,754.0)
(756.0,754.0)
(756.0,754.0)
(399.0,754.0)
(440.0,754.0)
(440.0,754.0)
(440.0,754.0)
(754.0,754.0)
(469.0,754.0)
(756.0,754.0)
(756.0,754.0)
(756.0,754.0)
(756.0,754.0)
(440.0,754.0)
(440.0,754.0)
(738.0,754.0)
(440.0,754.0)
(756.0,754.0)
(756.0,754.0)
(382.0,754.0)
(440.0,754.0)
(756.0,754.0)
(440.0,754.0)
(479.0,754.0)
(382.0,754.0)
(382.0,754.0)
(382.0,754.0)
(440.0,754.0)
(756.0,754.0)
(440.0,754.0)
(440.0,754.0)
(440.0,754.0)
(440.0,754.0)
(447.0,754.0)
(382.0,754.0)
(756.0,754.0)
(756.0,754.0)
(440.0,754.0)
(382.0,754.0)
(440.0,754.0)
(756.0,754.0)
(756.0,754.0)
(440.0,754.0)
(440.0,754.0)
(382.0,754.0)
(391.0,754.0)
(756.0,754.0)
(440.0,754.0)
(756.0,754.0)
(756.0,754.0)
(757.0,754.0)
(756.0,754.0)
(387.0,754.0)
(756.0,754.0)
(382.0,754.0)
(756.0,754.0)
(440.0,754.0)
(440.0,754.0)
(382.0,754.0)
(756.0,754.0)
(756.0,754.0)
(440.0,754.0)
(440.0,754.0)
(756.0,754.0)
(387.0,754.0)
(756.0,754.0)
(440.0,754.0)
(756.0,754.0)
(387.0,754.0)
(382.0,754.0)
(757.0,754.0)
(756.0,754.0)
(756.0,754.0)
(382.0,754.0)
(756.0,754.0)
(440.0,754.0)
(382.0,754.0)
(382.0,754.0)
(440.0,754.0)
(382.0,754.0)
(440.0,754.0)
(440.0,754.0)
(756.0,754.0)
(440.0,754.0)
(440.0,754.0)
(440.0,754.0)
(399.0,754.0)
(387.0,754.0)
(756.0,754.0)
(757.0,754.0)
(440.0,754.0)
(440.0,754.0)
(391.0,754.0)
(756.0,754.0)
(756.0,754.0)
(382.0,754.0)
(440.0,754.0)
(440.0,754.0)
(756.0,754.0)
(382.0,754.0)
(799.0,754.0)
(382.0,754.0)
(448.0,754.0)
(460.0,754.0)
(440.0,754.0)
(447.0,754.0)
(440.0,754.0)
(756.0,754.0)
(440.0,754.0)
(440.0,754.0)
(447.0,754.0)
(756.0,754.0)
(444.0,754.0)
(447.0,754.0)
(447.0,754.0)
(440.0,754.0)
(756.0,754.0)
(440.0,754.0)
(447.0,754.0)
(386.0,754.0)
(417.0,754.0)
(756.0,754.0)
(399.0,754.0)
(417.0,754.0)
(756.0,754.0)
(756.0,754.0)
(417.0,754.0)
(452.0,754.0)
(386.0,754.0)
(460.0,754.0)
(440.0,754.0)
(447.0,754.0)
(417.0,754.0)
(386.0,754.0)
(386.0,754.0)
(399.0,754.0)
(417.0,754.0)
(460.0,754.0)
(444.0,754.0)
(756.0,754.0)
(382.0,754.0)
(398.0,754.0)
(440.0,754.0)
(448.0,754.0)
(447.0,754.0)
(386.0,754.0)
(458.0,754.0)
(440.0,754.0)
(386.0,754.0)
(386.0,754.0)
(460.0,754.0)
(447.0,754.0)
(440.0,754.0)
(386.0,754.0)
(440.0,754.0)
(440.0,754.0)
(440.0,754.0)
(440.0,754.0)
(444.0,754.0)
(417.0,754.0)
(756.0,754.0)
(444.0,754.0)
(417.0,754.0)
(756.0,754.0)
(440.0,754.0)
(440.0,754.0)
(386.0,754.0)
(444.0,754.0)
(447.0,754.0)
(386.0,754.0)
(386.0,754.0)
(440.0,754.0)
(386.0,754.0)
(440.0,754.0)
(447.0,754.0)
(398.0,754.0)
(444.0,754.0)
(756.0,754.0)
(448.0,754.0)
(448.0,754.0)
(756.0,754.0)
(756.0,754.0)
(756.0,754.0)
(386.0,754.0)
(756.0,754.0)
(398.0,754.0)
(756.0,754.0)
(440.0,754.0)
(447.0,754.0)
(756.0,754.0)
(460.0,754.0)
(458.0,754.0)
(386.0,754.0)
(756.0,754.0)
(444.0,754.0)
(452.0,754.0)
(448.0,754.0)
(398.0,754.0)
(417.0,754.0)
(417.0,754.0)
(386.0,754.0)
(447.0,754.0)
(447.0,754.0)
(756.0,754.0)
(417.0,754.0)
(440.0,754.0)
(444.0,754.0)
(447.0,754.0)
(444.0,754.0)
(398.0,754.0)
(447.0,754.0)
(756.0,754.0)
(440.0,754.0)
(447.0,754.0)
(452.0,754.0)
(398.0,754.0)
(386.0,754.0)
(447.0,754.0)
(386.0,754.0)
(386.0,754.0)
(452.0,754.0)
(417.0,754.0)
(448.0,754.0)
(440.0,754.0)
(458.0,754.0)
(398.0,754.0)
(440.0,754.0)
(447.0,754.0)
(444.0,754.0)
(417.0,754.0)
(447.0,754.0)
(386.0,754.0)
(756.0,754.0)
(382.0,754.0)
(386.0,754.0)
(440.0,754.0)
(440.0,754.0)
(444.0,754.0)
(386.0,754.0)
(447.0,754.0)
(447.0,754.0)
(447.0,754.0)
(417.0,754.0)
(440.0,754.0)
(756.0,754.0)
(447.0,754.0)
(447.0,754.0)
(398.0,754.0)
(448.0,754.0)
(386.0,754.0)
(756.0,754.0)
(452.0,754.0)
(386.0,754.0)
(448.0,754.0)
(756.0,754.0)
(386.0,754.0)
(447.0,754.0)
(444.0,754.0)
(447.0,754.0)
(447.0,754.0)
(460.0,754.0)
(447.0,754.0)
(460.0,754.0)
(386.0,754.0)
(460.0,754.0)
(386.0,754.0)
(417.0,754.0)
(382.0,754.0)
(386.0,754.0)
(382.0,754.0)
(440.0,754.0)
(756.0,754.0)
(444.0,754.0)
(386.0,754.0)
(447.0,754.0)
(440.0,754.0)
(398.0,754.0)
(398.0,754.0)
(386.0,754.0)
(447.0,754.0)
(386.0,754.0)
(386.0,754.0)
(440.0,754.0)
(756.0,754.0)
(460.0,754.0)
(756.0,754.0)
(447.0,754.0)
(382.0,754.0)
(417.0,754.0)
(447.0,754.0)
(386.0,754.0)
(398.0,754.0)
(448.0,754.0)
(440.0,754.0)
(386.0,754.0)
(756.0,754.0)
(386.0,754.0)
(440.0,754.0)
(447.0,754.0)
(756.0,754.0)
(440.0,754.0)
(756.0,754.0)
(440.0,754.0)
(756.0,754.0)
(440.0,754.0)
(756.0,754.0)
(440.0,754.0)
(382.0,754.0)
(382.0,754.0)
(440.0,754.0)
(382.0,754.0)
(440.0,754.0)
(382.0,754.0)
(756.0,754.0)
(756.0,754.0)
(756.0,754.0)
(440.0,754.0)
(756.0,754.0)
(382.0,754.0)
(440.0,754.0)
(368.0,754.0)
(756.0,754.0)
(756.0,754.0)
(382.0,754.0)
(756.0,754.0)
(756.0,754.0)
(386.0,754.0)
(440.0,754.0)
(754.0,754.0)
(756.0,754.0)
(440.0,754.0)
(756.0,754.0)
(457.0,754.0)
(799.0,754.0)
(382.0,754.0)
(756.0,754.0)
(440.0,754.0)
(447.0,754.0)
(382.0,754.0)
(756.0,754.0)
(440.0,754.0)
(756.0,754.0)
(440.0,754.0)
(382.0,754.0)
(756.0,754.0)
(756.0,754.0)
(756.0,754.0)
(440.0,754.0)
(756.0,754.0)
(440.0,754.0)
(440.0,754.0)
(382.0,754.0)
(756.0,754.0)
(387.0,754.0)
(756.0,754.0)
(440.0,754.0)
(440.0,754.0)
(382.0,754.0)
(756.0,754.0)
(756.0,754.0)
(756.0,754.0)
(440.0,754.0)
(382.0,754.0)
(756.0,754.0)
(440.0,754.0)
(382.0,754.0)
(440.0,754.0)
(799.0,754.0)
(440.0,754.0)
(440.0,754.0)
(440.0,754.0)
(440.0,754.0)
(440.0,754.0)
(756.0,754.0)
(756.0,754.0)
(447.0,754.0)
(406.0,754.0)
(440.0,754.0)
(440.0,754.0)
(756.0,754.0)
(756.0,754.0)
(440.0,754.0)
(382.0,754.0)
(440.0,754.0)
(382.0,754.0)
(440.0,754.0)
(382.0,754.0)
(756.0,754.0)
(756.0,754.0)
(440.0,754.0)
(382.0,754.0)
(382.0,754.0)
(440.0,754.0)
(756.0,754.0)
(756.0,754.0)
(382.0,754.0)
(440.0,754.0)
(440.0,754.0)
(382.0,754.0)
(382.0,754.0)
(382.0,754.0)
(447.0,754.0)
(440.0,754.0)
(756.0,754.0)
(756.0,754.0)
(440.0,754.0)
(756.0,754.0)
(440.0,754.0)
(756.0,754.0)
(447.0,754.0)
(440.0,754.0)
(386.0,754.0)
(440.0,754.0)
(447.0,754.0)
(756.0,754.0)
(447.0,754.0)
(440.0,754.0)
(382.0,754.0)
(440.0,754.0)
(756.0,754.0)
(440.0,754.0)
(744.0,754.0)
(440.0,754.0)
(440.0,754.0)
(756.0,754.0)
(440.0,754.0)
(440.0,754.0)
(440.0,754.0)
(382.0,754.0)
(440.0,754.0)
(756.0,754.0)
(382.0,754.0)
(382.0,754.0)
(756.0,754.0)
(756.0,754.0)
(756.0,754.0)
(756.0,754.0)
(440.0,754.0)
(440.0,754.0)
(756.0,754.0)
(382.0,754.0)
(440.0,754.0)
(756.0,754.0)
(440.0,754.0)
(756.0,754.0)
(447.0,754.0)
(382.0,754.0)
(440.0,754.0)
(440.0,754.0)
(440.0,754.0)
(447.0,754.0)
(741.0,754.0)
(756.0,754.0)
(382.0,754.0)
(440.0,754.0)
(440.0,754.0)
(447.0,754.0)
(756.0,754.0)
(744.0,754.0)
(440.0,754.0)
(382.0,754.0)
(382.0,754.0)
(440.0,754.0)
(440.0,754.0)
(756.0,754.0)
(440.0,754.0)
(440.0,754.0)
(440.0,754.0)
(440.0,754.0)
(757.0,754.0)
(382.0,754.0)
(382.0,754.0)
(440.0,754.0)
(440.0,754.0)
(756.0,754.0)
(440.0,754.0)
(440.0,754.0)
(756.0,754.0)
(382.0,754.0)
(440.0,754.0)
(382.0,754.0)
(440.0,754.0)
(382.0,754.0)
(440.0,754.0)
(440.0,754.0)
(382.0,754.0)
(440.0,754.0)
(756.0,754.0)
(756.0,754.0)
(756.0,754.0)
(440.0,754.0)
(757.0,754.0)
(440.0,754.0)
(440.0,754.0)
(756.0,754.0)
(447.0,754.0)
(440.0,754.0)
(469.0,754.0)
(440.0,754.0)
(382.0,754.0)
(755.0,755.0)
(755.0,755.0)
(755.0,755.0)
(755.0,755.0)
(479.0,755.0)
(809.0,755.0)
(368.0,755.0)
(755.0,755.0)
(455.0,755.0)
(809.0,755.0)
(455.0,755.0)
(755.0,755.0)
(755.0,755.0)
(755.0,755.0)
(435.0,755.0)
(755.0,755.0)
(479.0,755.0)
(755.0,755.0)
(755.0,755.0)
(755.0,755.0)
(435.0,755.0)
(755.0,755.0)
(755.0,755.0)
(755.0,755.0)
(377.0,755.0)
(475.0,755.0)
(740.0,755.0)
(755.0,755.0)
(755.0,755.0)
(435.0,755.0)
(743.0,755.0)
(447.0,755.0)
(755.0,755.0)
(376.0,755.0)
(755.0,755.0)
(747.0,755.0)
(755.0,755.0)
(755.0,755.0)
(435.0,755.0)
(755.0,755.0)
(755.0,755.0)
(455.0,755.0)
(447.0,755.0)
(447.0,755.0)
(455.0,755.0)
(416.0,755.0)
(755.0,755.0)
(755.0,755.0)
(435.0,755.0)
(755.0,755.0)
(376.0,755.0)
(447.0,755.0)
(447.0,755.0)
(755.0,755.0)
(809.0,755.0)
(755.0,755.0)
(455.0,755.0)
(755.0,755.0)
(755.0,755.0)
(809.0,755.0)
(755.0,755.0)
(471.0,755.0)
(431.0,755.0)
(482.0,755.0)
(755.0,755.0)
(755.0,755.0)
(455.0,755.0)
(755.0,755.0)
(755.0,755.0)
(755.0,755.0)
(447.0,755.0)
(377.0,755.0)
(376.0,755.0)
(435.0,755.0)
(376.0,755.0)
(435.0,755.0)
(447.0,755.0)
(755.0,755.0)
(755.0,755.0)
(755.0,755.0)
