(506.0,500.0)
(29.0,500.0)
(16.0,500.0)
(17.0,500.0)
(511.0,500.0)
(16.0,500.0)
(16.0,500.0)
(17.0,500.0)
(16.0,500.0)
(515.0,500.0)
(515.0,500.0)
(17.0,500.0)
(17.0,500.0)
(515.0,500.0)
(515.0,500.0)
(503.0,500.0)
(515.0,500.0)
(515.0,500.0)
(17.0,500.0)
(511.0,500.0)
(17.0,500.0)
(16.0,500.0)
(515.0,500.0)
(515.0,500.0)
(29.0,500.0)
(30.0,500.0)
(18.0,500.0)
(16.0,500.0)
(16.0,500.0)
(515.0,500.0)
(515.0,500.0)
(511.0,500.0)
(16.0,500.0)
(16.0,500.0)
(16.0,500.0)
(515.0,500.0)
(515.0,500.0)
(29.0,500.0)
(515.0,500.0)
(17.0,500.0)
(17.0,500.0)
(515.0,500.0)
(515.0,500.0)
(515.0,500.0)
(515.0,500.0)
(515.0,500.0)
(503.0,500.0)
(16.0,500.0)
(515.0,500.0)
(515.0,500.0)
(515.0,500.0)
(16.0,500.0)
(515.0,500.0)
(18.0,500.0)
(503.0,500.0)
(515.0,500.0)
(515.0,500.0)
(506.0,500.0)
(13.0,500.0)
(515.0,500.0)
(515.0,500.0)
(16.0,500.0)
(16.0,500.0)
(515.0,500.0)
(515.0,500.0)
(515.0,500.0)
(515.0,500.0)
(13.0,500.0)
(515.0,500.0)
(30.0,500.0)
(17.0,500.0)
(16.0,500.0)
(18.0,500.0)
(16.0,500.0)
(515.0,500.0)
(515.0,500.0)
(30.0,500.0)
(16.0,500.0)
(16.0,500.0)
(17.0,500.0)
(30.0,500.0)
(16.0,500.0)
(503.0,500.0)
(16.0,500.0)
(17.0,500.0)
(17.0,500.0)
(515.0,500.0)
(515.0,500.0)
(31.0,499.0)
(499.0,499.0)
(31.0,499.0)
(31.0,499.0)
(31.0,499.0)
(31.0,499.0)
(31.0,499.0)
(31.0,499.0)
(499.0,499.0)
(447.0,499.0)
(499.0,499.0)
(31.0,499.0)
(31.0,499.0)
(499.0,499.0)
(31.0,499.0)
(499.0,499.0)
(499.0,499.0)
(31.0,499.0)
(499.0,499.0)
(499.0,499.0)
(31.0,499.0)
(31.0,499.0)
(31.0,499.0)
(31.0,499.0)
(499.0,499.0)
(499.0,499.0)
(31.0,499.0)
(31.0,499.0)
(499.0,499.0)
(31.0,499.0)
(499.0,499.0)
(16.0,499.0)
(499.0,499.0)
(31.0,499.0)
(31.0,499.0)
(31.0,499.0)
(31.0,499.0)
(31.0,499.0)
(16.0,499.0)
(499.0,499.0)
(31.0,499.0)
(499.0,499.0)
(31.0,499.0)
(31.0,499.0)
(31.0,499.0)
(499.0,499.0)
(31.0,499.0)
(499.0,499.0)
(499.0,499.0)
(499.0,499.0)
(499.0,499.0)
(31.0,499.0)
(31.0,499.0)
(499.0,499.0)
(31.0,499.0)
(31.0,499.0)
(31.0,499.0)
(31.0,499.0)
(17.0,499.0)
(31.0,499.0)
(31.0,499.0)
(499.0,499.0)
(499.0,499.0)
(17.0,499.0)
(31.0,499.0)
(31.0,499.0)
(499.0,499.0)
(31.0,499.0)
(31.0,499.0)
(31.0,499.0)
(31.0,499.0)
(31.0,499.0)
(31.0,499.0)
(499.0,499.0)
(499.0,499.0)
(31.0,499.0)
(31.0,499.0)
(499.0,499.0)
(31.0,499.0)
(31.0,499.0)
(499.0,499.0)
(31.0,499.0)
(31.0,499.0)
(31.0,499.0)
(31.0,499.0)
(499.0,499.0)
(499.0,499.0)
(447.0,499.0)
(31.0,499.0)
(31.0,499.0)
(447.0,499.0)
(31.0,499.0)
(31.0,499.0)
(31.0,499.0)
(31.0,499.0)
(499.0,499.0)
(31.0,499.0)
(31.0,499.0)
(499.0,499.0)
(31.0,499.0)
(499.0,499.0)
(499.0,499.0)
(499.0,499.0)
(499.0,499.0)
(31.0,499.0)
(499.0,499.0)
(447.0,499.0)
(31.0,499.0)
(499.0,499.0)
(31.0,499.0)
(499.0,499.0)
(499.0,499.0)
(31.0,499.0)
(31.0,499.0)
(499.0,499.0)
(447.0,499.0)
(499.0,499.0)
(499.0,499.0)
(31.0,499.0)
(499.0,499.0)
(31.0,499.0)
(31.0,499.0)
(31.0,499.0)
(31.0,499.0)
(499.0,499.0)
(499.0,499.0)
(499.0,499.0)
(499.0,499.0)
(31.0,499.0)
(499.0,499.0)
(447.0,499.0)
(499.0,499.0)
(31.0,499.0)
(499.0,499.0)
(31.0,499.0)
(25.0,499.0)
(499.0,499.0)
(499.0,499.0)
(31.0,499.0)
(31.0,499.0)
(499.0,499.0)
(499.0,499.0)
(31.0,499.0)
(31.0,499.0)
(31.0,499.0)
(16.0,499.0)
(499.0,499.0)
(499.0,499.0)
(31.0,499.0)
(499.0,499.0)
(31.0,499.0)
(499.0,499.0)
(31.0,499.0)
(499.0,499.0)
(499.0,499.0)
(31.0,499.0)
(499.0,499.0)
(499.0,499.0)
(31.0,499.0)
(499.0,499.0)
(499.0,499.0)
(499.0,499.0)
(499.0,499.0)
(499.0,499.0)
(499.0,499.0)
(499.0,499.0)
(515.0,499.0)
(17.0,499.0)
(17.0,499.0)
(17.0,499.0)
(17.0,499.0)
(17.0,499.0)
(15.0,499.0)
(17.0,499.0)
(17.0,499.0)
(499.0,499.0)
(17.0,499.0)
(447.0,499.0)
(28.0,499.0)
(17.0,499.0)
(17.0,499.0)
(17.0,499.0)
(499.0,499.0)
(25.0,499.0)
(17.0,499.0)
(447.0,499.0)
(503.0,499.0)
(499.0,499.0)
(503.0,499.0)
(515.0,499.0)
(31.0,499.0)
(499.0,499.0)
(17.0,499.0)
(212.0,499.0)
(17.0,499.0)
(17.0,499.0)
(17.0,499.0)
(17.0,499.0)
(499.0,499.0)
(31.0,499.0)
(503.0,499.0)
(16.0,499.0)
(17.0,499.0)
(447.0,499.0)
(17.0,499.0)
(499.0,499.0)
(17.0,499.0)
(515.0,499.0)
(447.0,499.0)
(25.0,499.0)
(499.0,499.0)
(17.0,499.0)
(499.0,499.0)
(447.0,499.0)
(16.0,499.0)
(447.0,499.0)
(17.0,499.0)
(503.0,499.0)
(17.0,499.0)
(17.0,499.0)
(17.0,499.0)
(17.0,499.0)
(17.0,499.0)
(17.0,499.0)
(447.0,499.0)
(17.0,499.0)
(499.0,499.0)
(17.0,499.0)
(25.0,499.0)
(25.0,499.0)
(503.0,499.0)
(17.0,499.0)
(17.0,499.0)
(17.0,499.0)
(503.0,499.0)
(31.0,499.0)
(212.0,499.0)
(31.0,499.0)
(29.0,499.0)
(17.0,499.0)
(17.0,499.0)
(17.0,499.0)
(503.0,499.0)
(17.0,499.0)
(17.0,499.0)
(17.0,499.0)
(31.0,499.0)
(17.0,499.0)
(17.0,499.0)
(17.0,499.0)
(17.0,499.0)
(212.0,499.0)
(503.0,499.0)
(17.0,499.0)
(17.0,499.0)
(499.0,499.0)
(499.0,499.0)
(17.0,499.0)
(515.0,499.0)
(17.0,499.0)
(17.0,499.0)
(18.0,499.0)
(17.0,499.0)
(503.0,499.0)
(16.0,499.0)
(516.0,499.0)
(447.0,499.0)
(31.0,499.0)
(28.0,499.0)
(499.0,499.0)
(499.0,499.0)
(17.0,499.0)
(17.0,499.0)
(503.0,499.0)
(25.0,499.0)
(212.0,499.0)
(499.0,499.0)
(17.0,499.0)
(516.0,499.0)
(503.0,499.0)
(18.0,499.0)
(31.0,499.0)
(17.0,499.0)
(499.0,499.0)
(499.0,499.0)
(17.0,499.0)
(16.0,499.0)
(17.0,499.0)
(17.0,499.0)
(17.0,499.0)
(17.0,499.0)
(17.0,499.0)
(17.0,499.0)
(17.0,499.0)
(17.0,499.0)
(17.0,499.0)
(17.0,499.0)
(503.0,499.0)
(17.0,499.0)
(499.0,499.0)
(499.0,499.0)
(17.0,499.0)
(31.0,499.0)
(16.0,499.0)
(499.0,499.0)
(17.0,499.0)
(17.0,499.0)
(17.0,499.0)
(17.0,499.0)
(499.0,499.0)
(25.0,499.0)
(499.0,499.0)
(17.0,499.0)
(17.0,499.0)
(499.0,499.0)
(447.0,499.0)
(13.0,499.0)
(499.0,499.0)
(17.0,499.0)
(17.0,499.0)
(17.0,499.0)
(499.0,499.0)
(17.0,499.0)
(499.0,499.0)
(499.0,499.0)
(17.0,499.0)
(503.0,499.0)
(17.0,499.0)
(25.0,499.0)
(16.0,499.0)
(447.0,499.0)
(499.0,499.0)
(212.0,499.0)
(17.0,499.0)
(447.0,499.0)
(31.0,499.0)
(25.0,499.0)
(17.0,499.0)
(499.0,499.0)
(18.0,499.0)
(29.0,499.0)
(31.0,499.0)
(17.0,499.0)
(17.0,499.0)
(17.0,499.0)
(17.0,499.0)
(503.0,499.0)
(31.0,499.0)
(499.0,499.0)
(499.0,499.0)
(16.0,499.0)
(499.0,499.0)
(499.0,499.0)
(499.0,499.0)
(31.0,499.0)
(31.0,499.0)
(31.0,499.0)
(499.0,499.0)
(499.0,499.0)
(499.0,499.0)
(499.0,499.0)
(499.0,499.0)
(447.0,499.0)
(29.0,499.0)
(25.0,499.0)
(25.0,499.0)
(499.0,499.0)
(17.0,499.0)
(31.0,499.0)
(31.0,499.0)
(31.0,499.0)
(31.0,499.0)
(499.0,499.0)
(31.0,499.0)
(499.0,499.0)
(499.0,499.0)
(31.0,499.0)
(31.0,499.0)
(499.0,499.0)
(31.0,499.0)
(31.0,499.0)
(499.0,499.0)
(31.0,499.0)
(31.0,499.0)
(499.0,499.0)
(499.0,499.0)
(499.0,499.0)
(31.0,499.0)
(31.0,499.0)
(499.0,499.0)
(31.0,499.0)
(31.0,499.0)
(17.0,499.0)
(499.0,499.0)
(31.0,499.0)
(31.0,499.0)
(499.0,499.0)
(499.0,499.0)
(447.0,499.0)
(31.0,499.0)
(499.0,499.0)
(499.0,499.0)
(31.0,499.0)
(499.0,499.0)
(31.0,499.0)
(31.0,499.0)
(499.0,499.0)
(499.0,499.0)
(31.0,499.0)
(31.0,499.0)
(499.0,499.0)
(499.0,499.0)
(499.0,499.0)
(499.0,499.0)
(31.0,499.0)
(31.0,499.0)
(499.0,499.0)
(499.0,499.0)
(31.0,499.0)
(31.0,499.0)
(31.0,499.0)
(499.0,499.0)
(499.0,499.0)
(31.0,499.0)
(31.0,499.0)
(31.0,499.0)
(31.0,499.0)
(499.0,499.0)
(499.0,499.0)
(31.0,499.0)
(31.0,499.0)
(499.0,499.0)
(31.0,499.0)
(447.0,499.0)
(499.0,499.0)
(31.0,499.0)
(499.0,499.0)
(31.0,499.0)
(31.0,499.0)
(17.0,499.0)
(499.0,499.0)
(31.0,499.0)
(499.0,499.0)
(499.0,499.0)
(31.0,499.0)
(499.0,499.0)
(25.0,499.0)
(499.0,499.0)
(31.0,499.0)
(25.0,499.0)
(31.0,499.0)
(25.0,499.0)
(31.0,499.0)
(499.0,499.0)
(25.0,499.0)
(499.0,499.0)
(31.0,499.0)
(31.0,499.0)
(31.0,499.0)
(499.0,499.0)
(499.0,499.0)
(499.0,499.0)
(31.0,499.0)
(499.0,499.0)
(499.0,499.0)
(499.0,499.0)
(499.0,499.0)
(17.0,499.0)
(499.0,499.0)
(25.0,499.0)
(31.0,499.0)
(499.0,499.0)
(499.0,499.0)
(31.0,499.0)
(31.0,499.0)
(499.0,499.0)
(499.0,499.0)
(499.0,499.0)
(499.0,499.0)
(31.0,499.0)
(31.0,499.0)
(31.0,499.0)
(785.0,499.0)
(31.0,499.0)
(499.0,499.0)
(499.0,499.0)
(499.0,499.0)
(31.0,499.0)
(31.0,499.0)
(31.0,499.0)
(31.0,499.0)
(31.0,499.0)
(499.0,499.0)
(499.0,499.0)
(499.0,499.0)
(499.0,499.0)
(17.0,499.0)
(499.0,499.0)
(499.0,499.0)
(499.0,499.0)
(31.0,499.0)
(31.0,499.0)
(31.0,499.0)
(31.0,499.0)
(16.0,499.0)
(499.0,499.0)
(31.0,499.0)
(31.0,499.0)
(499.0,499.0)
(499.0,499.0)
(31.0,499.0)
(15.0,15.0)
(20.0,15.0)
(17.0,15.0)
(515.0,15.0)
(503.0,15.0)
(17.0,15.0)
(18.0,15.0)
(515.0,15.0)
(17.0,15.0)
(15.0,15.0)
(29.0,15.0)
(15.0,15.0)
(503.0,15.0)
(515.0,15.0)
(21.0,15.0)
(15.0,15.0)
(15.0,15.0)
(508.0,15.0)
(18.0,15.0)
(503.0,15.0)
(17.0,15.0)
(15.0,15.0)
(29.0,15.0)
(17.0,15.0)
(515.0,15.0)
(503.0,15.0)
(16.0,15.0)
(29.0,15.0)
(17.0,15.0)
(503.0,15.0)
(515.0,15.0)
(18.0,15.0)
(503.0,15.0)
(511.0,15.0)
(15.0,15.0)
(17.0,15.0)
(85.0,15.0)
(18.0,15.0)
(17.0,15.0)
(15.0,15.0)
(18.0,15.0)
(515.0,15.0)
(17.0,15.0)
(16.0,15.0)
(503.0,15.0)
(29.0,15.0)
(17.0,15.0)
(13.0,15.0)
(17.0,15.0)
(17.0,15.0)
(17.0,15.0)
(15.0,15.0)
(17.0,15.0)
(503.0,15.0)
(515.0,15.0)
(503.0,15.0)
(515.0,15.0)
(498.0,15.0)
(15.0,15.0)
(503.0,15.0)
(17.0,15.0)
(17.0,15.0)
(13.0,15.0)
(15.0,15.0)
(15.0,15.0)
(15.0,15.0)
(18.0,15.0)
(16.0,15.0)
(1.0,15.0)
(17.0,15.0)
(29.0,15.0)
(17.0,15.0)
(18.0,15.0)
(515.0,15.0)
(18.0,15.0)
(15.0,15.0)
(17.0,15.0)
(15.0,15.0)
(29.0,15.0)
(25.0,15.0)
(515.0,15.0)
(28.0,15.0)
(15.0,15.0)
(515.0,15.0)
(21.0,15.0)
(15.0,15.0)
(21.0,15.0)
(17.0,15.0)
(16.0,15.0)
(16.0,15.0)
(515.0,15.0)
(17.0,15.0)
(515.0,15.0)
(17.0,15.0)
(16.0,15.0)
(15.0,15.0)
(15.0,15.0)
(515.0,15.0)
(503.0,15.0)
(25.0,15.0)
(25.0,15.0)
(15.0,15.0)
(515.0,15.0)
(18.0,15.0)
(15.0,15.0)
(15.0,15.0)
(16.0,15.0)
(16.0,15.0)
(435.0,15.0)
(18.0,15.0)
(15.0,15.0)
(17.0,15.0)
(15.0,15.0)
(13.0,15.0)
(18.0,15.0)
(435.0,15.0)
(28.0,15.0)
(16.0,15.0)
(503.0,15.0)
(15.0,15.0)
(17.0,15.0)
(15.0,15.0)
(515.0,15.0)
(515.0,15.0)
(17.0,15.0)
(15.0,15.0)
(17.0,15.0)
(515.0,15.0)
(508.0,15.0)
(15.0,15.0)
(515.0,15.0)
(15.0,15.0)
(30.0,15.0)
(29.0,15.0)
(15.0,15.0)
(29.0,15.0)
(29.0,15.0)
(515.0,15.0)
(28.0,15.0)
(17.0,15.0)
(17.0,15.0)
(16.0,15.0)
(506.0,15.0)
(515.0,15.0)
(21.0,15.0)
(515.0,15.0)
(503.0,15.0)
(515.0,15.0)
(18.0,15.0)
(503.0,15.0)
(17.0,15.0)
(20.0,15.0)
(17.0,15.0)
(515.0,15.0)
(15.0,15.0)
(503.0,15.0)
(503.0,15.0)
(515.0,15.0)
(15.0,15.0)
(515.0,15.0)
(508.0,15.0)
(15.0,15.0)
(503.0,15.0)
(17.0,15.0)
(15.0,15.0)
(503.0,15.0)
(17.0,15.0)
(16.0,15.0)
(503.0,15.0)
(16.0,15.0)
(503.0,15.0)
(515.0,15.0)
(503.0,15.0)
(515.0,15.0)
(18.0,15.0)
(515.0,15.0)
(123.0,15.0)
(15.0,15.0)
(17.0,15.0)
(21.0,15.0)
(17.0,15.0)
(17.0,15.0)
(18.0,15.0)
(17.0,15.0)
(16.0,15.0)
(503.0,15.0)
(503.0,15.0)
(17.0,15.0)
(15.0,15.0)
(17.0,15.0)
(17.0,15.0)
(515.0,15.0)
(15.0,15.0)
(17.0,15.0)
(29.0,15.0)
(515.0,15.0)
(28.0,15.0)
(503.0,15.0)
(17.0,15.0)
(18.0,15.0)
(16.0,15.0)
(503.0,15.0)
(17.0,15.0)
(15.0,15.0)
(16.0,15.0)
(503.0,15.0)
(17.0,15.0)
(15.0,15.0)
(15.0,15.0)
(515.0,15.0)
(16.0,15.0)
(21.0,15.0)
(17.0,15.0)
(25.0,15.0)
(17.0,15.0)
(18.0,15.0)
(515.0,15.0)
(582.0,15.0)
(515.0,15.0)
(17.0,15.0)
(17.0,15.0)
(503.0,15.0)
(25.0,15.0)
(17.0,15.0)
(16.0,15.0)
(23.0,15.0)
(515.0,15.0)
(503.0,15.0)
(17.0,15.0)
(503.0,15.0)
(515.0,15.0)
(17.0,15.0)
(17.0,15.0)
(498.0,15.0)
(16.0,15.0)
(17.0,15.0)
(515.0,15.0)
(515.0,15.0)
(17.0,15.0)
(16.0,15.0)
(15.0,15.0)
(15.0,15.0)
(515.0,15.0)
(17.0,15.0)
(18.0,15.0)
(515.0,15.0)
(515.0,15.0)
(515.0,15.0)
(18.0,15.0)
(13.0,15.0)
(28.0,15.0)
(515.0,15.0)
(503.0,15.0)
(17.0,15.0)
(16.0,15.0)
(74.0,15.0)
(18.0,15.0)
(15.0,15.0)
(17.0,15.0)
(15.0,15.0)
(15.0,15.0)
(515.0,15.0)
(74.0,15.0)
(25.0,15.0)
(16.0,15.0)
(503.0,15.0)
(18.0,15.0)
(515.0,15.0)
(503.0,15.0)
(515.0,15.0)
(25.0,15.0)
(16.0,15.0)
(515.0,15.0)
(13.0,15.0)
(27.0,15.0)
(15.0,15.0)
(30.0,15.0)
(503.0,15.0)
(515.0,15.0)
(15.0,15.0)
(18.0,15.0)
(29.0,15.0)
(15.0,15.0)
(17.0,15.0)
(29.0,15.0)
(515.0,15.0)
(28.0,15.0)
(17.0,15.0)
(13.0,15.0)
(17.0,15.0)
(15.0,15.0)
(16.0,15.0)
(515.0,15.0)
(18.0,15.0)
(503.0,15.0)
(18.0,15.0)
(17.0,15.0)
(503.0,15.0)
(17.0,15.0)
(20.0,15.0)
(17.0,15.0)
(515.0,15.0)
(15.0,15.0)
(17.0,15.0)
(25.0,15.0)
(16.0,15.0)
(503.0,15.0)
(17.0,15.0)
(16.0,15.0)
(502.0,15.0)
(503.0,15.0)
(18.0,15.0)
(515.0,15.0)
(18.0,15.0)
(515.0,15.0)
(15.0,15.0)
(5.0,15.0)
(15.0,15.0)
(16.0,15.0)
(503.0,15.0)
(16.0,15.0)
(503.0,15.0)
(15.0,15.0)
(18.0,15.0)
(16.0,15.0)
(15.0,15.0)
(74.0,15.0)
(15.0,15.0)
(503.0,15.0)
(17.0,15.0)
(16.0,15.0)
(18.0,15.0)
(498.0,15.0)
(16.0,15.0)
(515.0,15.0)
(15.0,15.0)
(503.0,15.0)
(15.0,15.0)
(16.0,15.0)
(16.0,15.0)
(16.0,15.0)
(15.0,15.0)
(417.0,15.0)
(17.0,15.0)
(18.0,15.0)
(503.0,15.0)
(15.0,15.0)
(503.0,15.0)
(503.0,15.0)
(18.0,15.0)
(508.0,15.0)
(504.0,15.0)
(15.0,15.0)
(25.0,15.0)
(15.0,15.0)
(503.0,15.0)
(503.0,15.0)
(515.0,15.0)
(16.0,15.0)
(13.0,15.0)
(15.0,15.0)
(13.0,15.0)
(15.0,15.0)
(15.0,15.0)
(515.0,15.0)
(17.0,15.0)
(515.0,15.0)
(503.0,15.0)
(15.0,15.0)
(18.0,15.0)
(15.0,15.0)
(74.0,15.0)
(13.0,15.0)
(503.0,15.0)
(503.0,15.0)
(503.0,15.0)
(515.0,15.0)
(30.0,15.0)
(515.0,15.0)
(16.0,15.0)
(17.0,15.0)
(16.0,15.0)
(20.0,15.0)
(15.0,15.0)
(17.0,15.0)
(17.0,15.0)
(17.0,15.0)
(17.0,15.0)
(18.0,15.0)
(18.0,15.0)
(17.0,15.0)
(18.0,15.0)
(417.0,15.0)
(15.0,15.0)
(15.0,15.0)
(18.0,15.0)
(17.0,15.0)
(15.0,15.0)
(13.0,15.0)
(13.0,15.0)
(25.0,15.0)
(15.0,15.0)
(16.0,15.0)
(13.0,15.0)
(503.0,15.0)
(17.0,15.0)
(16.0,15.0)
(493.0,15.0)
(503.0,15.0)
(503.0,15.0)
(503.0,15.0)
(18.0,15.0)
(17.0,15.0)
(503.0,15.0)
(18.0,15.0)
(508.0,15.0)
(503.0,15.0)
(74.0,15.0)
(17.0,15.0)
(16.0,15.0)
(503.0,15.0)
(503.0,15.0)
(16.0,15.0)
(17.0,15.0)
(503.0,15.0)
(15.0,15.0)
(18.0,15.0)
(515.0,15.0)
(18.0,15.0)
(503.0,15.0)
(512.0,15.0)
(503.0,15.0)
(16.0,15.0)
(515.0,15.0)
(508.0,15.0)
(15.0,15.0)
(17.0,15.0)
(15.0,15.0)
(16.0,15.0)
(503.0,15.0)
(15.0,15.0)
(15.0,15.0)
(17.0,15.0)
(515.0,15.0)
(503.0,15.0)
(515.0,15.0)
(29.0,15.0)
(515.0,15.0)
(17.0,15.0)
(25.0,15.0)
(17.0,15.0)
(15.0,15.0)
(15.0,15.0)
(515.0,15.0)
(503.0,15.0)
(503.0,15.0)
(25.0,15.0)
(498.0,15.0)
(515.0,15.0)
(30.0,15.0)
(515.0,15.0)
(17.0,15.0)
(17.0,15.0)
(15.0,15.0)
(515.0,15.0)
(15.0,15.0)
(16.0,15.0)
(503.0,15.0)
(16.0,15.0)
(515.0,15.0)
(515.0,15.0)
(20.0,15.0)
(515.0,15.0)
(16.0,15.0)
(17.0,15.0)
(519.0,15.0)
(15.0,15.0)
(18.0,15.0)
(16.0,15.0)
(123.0,15.0)
(17.0,15.0)
(15.0,15.0)
(16.0,15.0)
(515.0,15.0)
(15.0,15.0)
(17.0,15.0)
(25.0,15.0)
(17.0,15.0)
(16.0,15.0)
(13.0,15.0)
(515.0,15.0)
(515.0,15.0)
(515.0,15.0)
(15.0,15.0)
(503.0,15.0)
(503.0,15.0)
(515.0,15.0)
(25.0,15.0)
(15.0,15.0)
(459.0,15.0)
(17.0,15.0)
(17.0,15.0)
(515.0,15.0)
(17.0,15.0)
(16.0,15.0)
(15.0,15.0)
(515.0,15.0)
(15.0,15.0)
(15.0,15.0)
(15.0,15.0)
(515.0,15.0)
(17.0,15.0)
(15.0,15.0)
(515.0,15.0)
(13.0,15.0)
(27.0,15.0)
(17.0,15.0)
(519.0,15.0)
(503.0,15.0)
(503.0,15.0)
(503.0,15.0)
(515.0,15.0)
(17.0,15.0)
(508.0,15.0)
(515.0,15.0)
(503.0,15.0)
(17.0,15.0)
(503.0,15.0)
(15.0,15.0)
(503.0,15.0)
(13.0,15.0)
(22.0,15.0)
(512.0,15.0)
(515.0,15.0)
(515.0,15.0)
(15.0,15.0)
(18.0,15.0)
(18.0,15.0)
(15.0,15.0)
(15.0,15.0)
(515.0,15.0)
(17.0,15.0)
(15.0,15.0)
(17.0,15.0)
(13.0,15.0)
(503.0,15.0)
(15.0,15.0)
(15.0,15.0)
(503.0,15.0)
(515.0,15.0)
(16.0,15.0)
(16.0,15.0)
(18.0,15.0)
(18.0,15.0)
(498.0,15.0)
(503.0,15.0)
(498.0,15.0)
(6.0,15.0)
(515.0,15.0)
(515.0,15.0)
(18.0,15.0)
(30.0,15.0)
(503.0,15.0)
(18.0,15.0)
(515.0,15.0)
(20.0,15.0)
(503.0,15.0)
(515.0,15.0)
(16.0,15.0)
(503.0,15.0)
(15.0,15.0)
(27.0,15.0)
(16.0,15.0)
(18.0,15.0)
(503.0,15.0)
(498.0,15.0)
(503.0,15.0)
(16.0,15.0)
(515.0,15.0)
(508.0,15.0)
(15.0,15.0)
(18.0,15.0)
(15.0,15.0)
(16.0,15.0)
(503.0,15.0)
(37.0,17.0)
(413.0,17.0)
(15.0,17.0)
(457.0,17.0)
(406.0,17.0)
(38.0,17.0)
(447.0,17.0)
(22.0,17.0)
(85.0,17.0)
(19.0,17.0)
(17.0,17.0)
(479.0,17.0)
(19.0,17.0)
(37.0,17.0)
(15.0,17.0)
(38.0,17.0)
(528.0,17.0)
(286.0,17.0)
(413.0,17.0)
(20.0,17.0)
(17.0,17.0)
(38.0,17.0)
(406.0,17.0)
(15.0,17.0)
(22.0,17.0)
(19.0,17.0)
(18.0,17.0)
(481.0,17.0)
(37.0,17.0)
(447.0,17.0)
(22.0,17.0)
(278.0,17.0)
(25.0,17.0)
(455.0,17.0)
(280.0,17.0)
(18.0,17.0)
(158.0,17.0)
(43.0,17.0)
(455.0,17.0)
(413.0,17.0)
(45.0,17.0)
(25.0,17.0)
(395.0,17.0)
(393.0,17.0)
(447.0,17.0)
(340.0,17.0)
(413.0,17.0)
(18.0,17.0)
(17.0,17.0)
(3.0,17.0)
(19.0,17.0)
(481.0,17.0)
(85.0,17.0)
(22.0,17.0)
(15.0,17.0)
(413.0,17.0)
(713.0,17.0)
(18.0,17.0)
(25.0,17.0)
(525.0,17.0)
(736.0,17.0)
(31.0,17.0)
(19.0,17.0)
(413.0,17.0)
(15.0,17.0)
(15.0,17.0)
(475.0,17.0)
(19.0,17.0)
(18.0,17.0)
(15.0,17.0)
(22.0,17.0)
(15.0,17.0)
(784.0,17.0)
(19.0,17.0)
(447.0,17.0)
(713.0,17.0)
(22.0,17.0)
(18.0,17.0)
(38.0,17.0)
(515.0,17.0)
(18.0,17.0)
(17.0,17.0)
(447.0,17.0)
(18.0,17.0)
(377.0,17.0)
(479.0,17.0)
(785.0,17.0)
(19.0,17.0)
(472.0,17.0)
(455.0,17.0)
(413.0,17.0)
(743.0,17.0)
(417.0,17.0)
(354.0,17.0)
(2.0,17.0)
(406.0,17.0)
(22.0,17.0)
(447.0,17.0)
(17.0,501.0)
(16.0,501.0)
(17.0,501.0)
(17.0,501.0)
(17.0,501.0)
(515.0,501.0)
(29.0,501.0)
(515.0,501.0)
(16.0,501.0)
(22.0,501.0)
(459.0,501.0)
(13.0,501.0)
(503.0,501.0)
(447.0,501.0)
(511.0,501.0)
(28.0,501.0)
(17.0,501.0)
(17.0,501.0)
(503.0,501.0)
(17.0,501.0)
(447.0,501.0)
(515.0,501.0)
(16.0,501.0)
(447.0,501.0)
(515.0,501.0)
(16.0,501.0)
(13.0,501.0)
(17.0,501.0)
(506.0,501.0)
(17.0,501.0)
(17.0,501.0)
(447.0,501.0)
(18.0,501.0)
(16.0,501.0)
(17.0,501.0)
(17.0,501.0)
(29.0,501.0)
(16.0,501.0)
(447.0,501.0)
(17.0,501.0)
(17.0,501.0)
(18.0,501.0)
(17.0,501.0)
(16.0,501.0)
(16.0,501.0)
(515.0,501.0)
(567.0,501.0)
(515.0,501.0)
(515.0,501.0)
(17.0,501.0)
(515.0,501.0)
(515.0,501.0)
(515.0,501.0)
(17.0,501.0)
(511.0,501.0)
(16.0,501.0)
(17.0,501.0)
(447.0,501.0)
(447.0,501.0)
(17.0,501.0)
(17.0,501.0)
(447.0,501.0)
(17.0,501.0)
(17.0,501.0)
(515.0,501.0)
(567.0,501.0)
(17.0,501.0)
(503.0,501.0)
(18.0,501.0)
(17.0,501.0)
(17.0,501.0)
(16.0,501.0)
(17.0,501.0)
(17.0,501.0)
(17.0,501.0)
(515.0,501.0)
(447.0,501.0)
(18.0,501.0)
(511.0,501.0)
(16.0,501.0)
(16.0,501.0)
(16.0,501.0)
(515.0,501.0)
(22.0,501.0)
(13.0,501.0)
(13.0,501.0)
(13.0,501.0)
(17.0,501.0)
(17.0,501.0)
(503.0,501.0)
(17.0,501.0)
(17.0,501.0)
(515.0,501.0)
(16.0,501.0)
(515.0,501.0)
(515.0,501.0)
(17.0,501.0)
(17.0,501.0)
(17.0,501.0)
(17.0,501.0)
(17.0,501.0)
(17.0,501.0)
(22.0,501.0)
(515.0,501.0)
(15.0,501.0)
(18.0,501.0)
(17.0,501.0)
(17.0,501.0)
(515.0,501.0)
(18.0,501.0)
(16.0,501.0)
(18.0,501.0)
(17.0,501.0)
(16.0,501.0)
(447.0,501.0)
(503.0,501.0)
(447.0,501.0)
(23.0,501.0)
(17.0,501.0)
(17.0,501.0)
(16.0,501.0)
(515.0,501.0)
(503.0,501.0)
(29.0,501.0)
(515.0,501.0)
(25.0,501.0)
(511.0,501.0)
(17.0,501.0)
(567.0,501.0)
(17.0,501.0)
(17.0,501.0)
(29.0,501.0)
(16.0,501.0)
(28.0,501.0)
(16.0,501.0)
(16.0,501.0)
(18.0,501.0)
(16.0,501.0)
(17.0,501.0)
(16.0,501.0)
(18.0,501.0)
(16.0,501.0)
(503.0,501.0)
(515.0,501.0)
(515.0,501.0)
(29.0,501.0)
(17.0,501.0)
(511.0,501.0)
(17.0,501.0)
(18.0,501.0)
(17.0,501.0)
(515.0,501.0)
(17.0,501.0)
(515.0,501.0)
(17.0,501.0)
(25.0,501.0)
(459.0,501.0)
(13.0,501.0)
(503.0,501.0)
(447.0,501.0)
(25.0,501.0)
(17.0,501.0)
(17.0,501.0)
(29.0,501.0)
(17.0,501.0)
(447.0,501.0)
(15.0,501.0)
(16.0,501.0)
(503.0,501.0)
(17.0,501.0)
(17.0,501.0)
(13.0,501.0)
(13.0,501.0)
(17.0,501.0)
(515.0,501.0)
(29.0,501.0)
(17.0,501.0)
(515.0,501.0)
(123.0,501.0)
(29.0,501.0)
(17.0,501.0)
(503.0,501.0)
(16.0,501.0)
(18.0,501.0)
(17.0,501.0)
(16.0,501.0)
(515.0,501.0)
(515.0,501.0)
(417.0,501.0)
(17.0,501.0)
(17.0,501.0)
(503.0,501.0)
(16.0,501.0)
(515.0,501.0)
(17.0,501.0)
(511.0,501.0)
(16.0,501.0)
(16.0,501.0)
(447.0,501.0)
(447.0,501.0)
(17.0,501.0)
(17.0,501.0)
(447.0,501.0)
(17.0,501.0)
(515.0,501.0)
(17.0,501.0)
(17.0,501.0)
(503.0,501.0)
(17.0,501.0)
(17.0,501.0)
(16.0,501.0)
(18.0,501.0)
(17.0,501.0)
(515.0,501.0)
(29.0,501.0)
(29.0,501.0)
(25.0,501.0)
(16.0,501.0)
(16.0,501.0)
(515.0,501.0)
(515.0,501.0)
(25.0,501.0)
(13.0,501.0)
(13.0,501.0)
(29.0,501.0)
(13.0,501.0)
(17.0,501.0)
(515.0,501.0)
(503.0,501.0)
(17.0,501.0)
(17.0,501.0)
(515.0,501.0)
(16.0,501.0)
(25.0,501.0)
(515.0,501.0)
(17.0,501.0)
(17.0,501.0)
(17.0,501.0)
(29.0,501.0)
(17.0,501.0)
(25.0,501.0)
(17.0,501.0)
(16.0,501.0)
(417.0,501.0)
(25.0,501.0)
(503.0,501.0)
(17.0,501.0)
(17.0,501.0)
(18.0,501.0)
(515.0,501.0)
(503.0,501.0)
(16.0,501.0)
(447.0,501.0)
(503.0,501.0)
(503.0,501.0)
(16.0,501.0)
(515.0,501.0)
(17.0,501.0)
(18.0,501.0)
(515.0,501.0)
(17.0,501.0)
(25.0,501.0)
(515.0,501.0)
(13.0,501.0)
(25.0,501.0)
(17.0,501.0)
(503.0,501.0)
(17.0,501.0)
(29.0,501.0)
(16.0,501.0)
(16.0,501.0)
(16.0,501.0)
(18.0,501.0)
(17.0,501.0)
(17.0,501.0)
(16.0,501.0)
(515.0,501.0)
(16.0,501.0)
(447.0,501.0)
(515.0,501.0)
(515.0,501.0)
(121.0,501.0)
(447.0,501.0)
(16.0,501.0)
(447.0,501.0)
(15.0,501.0)
(25.0,501.0)
(42.0,501.0)
(18.0,501.0)
(3.0,501.0)
(18.0,501.0)
(447.0,501.0)
(16.0,501.0)
(15.0,501.0)
(455.0,501.0)
(76.0,501.0)
(25.0,501.0)
(25.0,501.0)
(22.0,501.0)
(447.0,501.0)
(350.0,501.0)
(442.0,501.0)
(455.0,501.0)
(417.0,501.0)
(22.0,501.0)
(22.0,501.0)
(25.0,501.0)
(18.0,501.0)
(22.0,501.0)
(16.0,501.0)
(25.0,501.0)
(413.0,501.0)
(18.0,501.0)
(16.0,501.0)
(22.0,501.0)
(447.0,501.0)
(18.0,501.0)
(20.0,501.0)
(447.0,501.0)
(413.0,501.0)
(447.0,501.0)
(18.0,501.0)
(22.0,501.0)
(18.0,501.0)
(102.0,501.0)
(19.0,501.0)
(25.0,501.0)
(19.0,501.0)
(350.0,501.0)
(286.0,501.0)
(413.0,501.0)
(123.0,501.0)
(417.0,501.0)
(447.0,501.0)
(15.0,501.0)
(37.0,501.0)
(17.0,501.0)
(22.0,501.0)
(18.0,501.0)
(447.0,501.0)
(455.0,501.0)
(22.0,501.0)
(3.0,501.0)
(279.0,501.0)
(15.0,501.0)
(102.0,501.0)
(18.0,501.0)
(447.0,501.0)
(15.0,501.0)
(25.0,501.0)
(481.0,501.0)
(455.0,501.0)
(19.0,501.0)
(22.0,501.0)
(474.0,501.0)
(398.0,501.0)
(15.0,501.0)
(481.0,501.0)
(530.0,501.0)
(25.0,501.0)
(22.0,501.0)
(387.0,501.0)
(30.0,501.0)
(38.0,501.0)
(17.0,22.0)
(18.0,22.0)
(22.0,22.0)
(17.0,22.0)
(22.0,22.0)
(503.0,22.0)
(515.0,22.0)
(22.0,22.0)
(459.0,22.0)
(22.0,22.0)
(17.0,22.0)
(503.0,22.0)
(515.0,22.0)
(459.0,22.0)
(515.0,22.0)
(503.0,22.0)
(503.0,22.0)
(17.0,22.0)
(18.0,22.0)
(28.0,22.0)
(22.0,22.0)
(515.0,22.0)
(503.0,22.0)
(17.0,22.0)
(515.0,22.0)
(17.0,22.0)
(515.0,22.0)
(459.0,22.0)
(17.0,22.0)
(22.0,22.0)
(17.0,22.0)
(515.0,22.0)
(17.0,22.0)
(22.0,22.0)
(511.0,22.0)
(22.0,22.0)
(17.0,22.0)
(22.0,22.0)
(515.0,22.0)
(503.0,22.0)
(515.0,22.0)
(271.0,22.0)
(16.0,22.0)
(503.0,22.0)
(503.0,22.0)
(17.0,22.0)
(503.0,22.0)
(17.0,22.0)
(503.0,22.0)
(503.0,22.0)
(17.0,22.0)
(17.0,22.0)
(503.0,22.0)
(22.0,22.0)
(16.0,22.0)
(17.0,22.0)
(503.0,22.0)
(17.0,22.0)
(17.0,22.0)
(13.0,22.0)
(503.0,22.0)
(17.0,22.0)
(503.0,22.0)
(29.0,22.0)
(503.0,22.0)
(17.0,22.0)
(22.0,22.0)
(17.0,22.0)
(17.0,22.0)
(459.0,22.0)
(515.0,22.0)
(15.0,22.0)
(17.0,22.0)
(22.0,22.0)
(515.0,22.0)
(17.0,22.0)
(22.0,22.0)
(503.0,22.0)
(515.0,22.0)
(515.0,22.0)
(17.0,22.0)
(515.0,22.0)
(503.0,22.0)
(515.0,22.0)
(22.0,22.0)
(503.0,22.0)
(17.0,22.0)
(503.0,22.0)
(447.0,22.0)
(515.0,22.0)
(17.0,22.0)
(17.0,22.0)
(22.0,22.0)
(17.0,22.0)
(515.0,22.0)
(503.0,22.0)
(515.0,22.0)
(511.0,22.0)
(515.0,22.0)
(512.0,22.0)
(29.0,22.0)
(515.0,22.0)
(515.0,22.0)
(29.0,22.0)
(515.0,22.0)
(123.0,22.0)
(515.0,22.0)
(515.0,22.0)
(17.0,22.0)
(17.0,22.0)
(17.0,22.0)
(29.0,22.0)
(515.0,22.0)
(123.0,22.0)
(17.0,22.0)
(17.0,22.0)
(22.0,22.0)
(17.0,22.0)
(515.0,22.0)
(515.0,22.0)
(511.0,22.0)
(503.0,22.0)
(17.0,22.0)
(22.0,22.0)
(17.0,22.0)
(30.0,22.0)
(22.0,22.0)
(17.0,22.0)
(503.0,22.0)
(25.0,22.0)
(515.0,22.0)
(515.0,22.0)
(22.0,22.0)
(515.0,22.0)
(22.0,22.0)
(503.0,22.0)
(22.0,22.0)
(515.0,22.0)
(506.0,502.0)
(20.0,502.0)
(17.0,502.0)
(515.0,502.0)
(515.0,502.0)
(17.0,502.0)
(29.0,502.0)
(29.0,502.0)
(25.0,502.0)
(25.0,502.0)
(503.0,502.0)
(16.0,502.0)
(503.0,502.0)
(17.0,502.0)
(17.0,502.0)
(7.0,502.0)
(29.0,502.0)
(123.0,502.0)
(17.0,502.0)
(17.0,502.0)
(29.0,502.0)
(503.0,502.0)
(503.0,502.0)
(16.0,502.0)
(515.0,502.0)
(503.0,502.0)
(16.0,502.0)
(503.0,502.0)
(503.0,502.0)
(17.0,502.0)
(29.0,502.0)
(16.0,502.0)
(16.0,502.0)
(16.0,502.0)
(25.0,502.0)
(17.0,502.0)
(16.0,502.0)
(17.0,502.0)
(504.0,502.0)
(29.0,502.0)
(17.0,502.0)
(17.0,502.0)
(503.0,502.0)
(16.0,502.0)
(17.0,502.0)
(17.0,502.0)
(17.0,502.0)
(17.0,502.0)
(18.0,502.0)
(17.0,502.0)
(29.0,502.0)
(17.0,502.0)
(28.0,502.0)
(16.0,502.0)
(16.0,502.0)
(7.0,502.0)
(17.0,502.0)
(503.0,502.0)
(16.0,502.0)
(515.0,502.0)
(15.0,502.0)
(16.0,502.0)
(504.0,502.0)
(503.0,502.0)
(16.0,502.0)
(17.0,502.0)
(16.0,502.0)
(17.0,502.0)
(17.0,502.0)
(503.0,502.0)
(17.0,502.0)
(516.0,502.0)
(16.0,502.0)
(16.0,502.0)
(29.0,502.0)
(17.0,502.0)
(17.0,502.0)
(503.0,502.0)
(25.0,502.0)
(503.0,502.0)
(29.0,502.0)
(503.0,502.0)
(17.0,502.0)
(20.0,502.0)
(17.0,502.0)
(17.0,502.0)
(16.0,502.0)
(29.0,502.0)
(515.0,502.0)
(17.0,502.0)
(17.0,502.0)
(17.0,502.0)
(16.0,502.0)
(16.0,502.0)
(17.0,502.0)
(17.0,502.0)
(25.0,502.0)
(515.0,502.0)
(17.0,502.0)
(29.0,502.0)
(17.0,502.0)
(503.0,502.0)
(29.0,502.0)
(29.0,502.0)
(17.0,502.0)
(16.0,502.0)
(17.0,502.0)
(515.0,502.0)
(511.0,502.0)
(17.0,502.0)
(504.0,502.0)
(17.0,502.0)
(515.0,502.0)
(17.0,502.0)
(17.0,502.0)
(503.0,502.0)
(16.0,502.0)
(503.0,502.0)
(16.0,502.0)
(17.0,502.0)
(29.0,502.0)
(503.0,502.0)
(29.0,502.0)
(503.0,502.0)
(20.0,502.0)
(516.0,502.0)
(25.0,502.0)
(25.0,502.0)
(17.0,502.0)
(17.0,502.0)
(17.0,502.0)
(29.0,502.0)
(17.0,502.0)
(503.0,502.0)
(498.0,502.0)
(17.0,502.0)
(18.0,502.0)
(17.0,502.0)
(16.0,502.0)
(17.0,502.0)
(17.0,502.0)
(29.0,502.0)
(506.0,502.0)
(17.0,502.0)
(17.0,502.0)
(29.0,502.0)
(29.0,502.0)
(17.0,502.0)
(7.0,502.0)
(17.0,502.0)
(18.0,502.0)
(16.0,502.0)
(506.0,502.0)
(7.0,502.0)
(17.0,502.0)
(503.0,502.0)
(16.0,502.0)
(506.0,502.0)
(17.0,502.0)
(29.0,502.0)
(29.0,502.0)
(503.0,502.0)
(16.0,502.0)
(17.0,502.0)
(17.0,502.0)
(7.0,502.0)
(16.0,502.0)
(17.0,502.0)
(506.0,502.0)
(17.0,502.0)
(29.0,502.0)
(7.0,502.0)
(17.0,502.0)
(16.0,502.0)
(29.0,502.0)
(25.0,502.0)
(503.0,502.0)
(17.0,502.0)
(25.0,502.0)
(515.0,502.0)
(17.0,502.0)
(29.0,502.0)
(503.0,502.0)
(515.0,502.0)
(17.0,502.0)
(17.0,502.0)
(25.0,502.0)
(17.0,502.0)
(29.0,502.0)
(503.0,502.0)
(17.0,502.0)
(17.0,502.0)
(29.0,502.0)
(503.0,502.0)
(498.0,502.0)
(515.0,502.0)
(17.0,502.0)
(17.0,502.0)
(29.0,502.0)
(503.0,502.0)
(17.0,502.0)
(503.0,502.0)
(506.0,502.0)
(17.0,502.0)
(17.0,502.0)
(29.0,502.0)
(7.0,502.0)
(17.0,502.0)
(29.0,502.0)
(29.0,502.0)
(506.0,502.0)
(17.0,502.0)
(17.0,502.0)
(503.0,502.0)
(515.0,502.0)
(506.0,502.0)
(16.0,502.0)
(17.0,502.0)
(25.0,502.0)
(17.0,502.0)
(506.0,502.0)
(18.0,502.0)
(25.0,502.0)
(16.0,502.0)
(17.0,502.0)
(29.0,502.0)
(17.0,502.0)
(17.0,502.0)
(25.0,502.0)
(17.0,502.0)
(17.0,502.0)
(17.0,502.0)
(29.0,502.0)
(29.0,502.0)
(506.0,502.0)
(16.0,502.0)
(29.0,502.0)
(16.0,502.0)
(503.0,502.0)
(506.0,502.0)
(503.0,502.0)
(17.0,502.0)
(515.0,502.0)
(17.0,502.0)
(16.0,502.0)
(515.0,502.0)
(17.0,502.0)
(17.0,502.0)
(16.0,502.0)
(503.0,502.0)
(16.0,502.0)
(515.0,502.0)
(17.0,502.0)
(16.0,502.0)
(17.0,502.0)
(29.0,502.0)
(29.0,502.0)
(25.0,502.0)
(17.0,502.0)
(506.0,502.0)
(504.0,502.0)
(503.0,502.0)
(17.0,502.0)
(29.0,502.0)
(17.0,502.0)
(28.0,502.0)
(17.0,502.0)
(17.0,502.0)
(17.0,502.0)
(17.0,502.0)
(17.0,502.0)
(17.0,502.0)
(17.0,502.0)
(515.0,502.0)
(16.0,502.0)
(503.0,502.0)
(17.0,502.0)
(515.0,502.0)
(29.0,502.0)
(447.0,503.0)
(17.0,503.0)
(29.0,503.0)
(29.0,503.0)
(515.0,503.0)
(31.0,503.0)
(29.0,503.0)
(29.0,503.0)
(17.0,503.0)
(17.0,503.0)
(29.0,503.0)
(447.0,503.0)
(18.0,503.0)
(17.0,503.0)
(29.0,503.0)
(16.0,503.0)
(17.0,503.0)
(515.0,503.0)
(18.0,503.0)
(447.0,503.0)
(29.0,503.0)
(17.0,503.0)
(17.0,503.0)
(17.0,503.0)
(17.0,503.0)
(29.0,503.0)
(17.0,503.0)
(25.0,503.0)
(17.0,503.0)
(503.0,503.0)
(16.0,503.0)
(17.0,503.0)
(503.0,503.0)
(17.0,503.0)
(17.0,503.0)
(503.0,503.0)
(29.0,503.0)
(503.0,503.0)
(29.0,503.0)
(515.0,503.0)
(29.0,503.0)
(17.0,503.0)
(17.0,503.0)
(515.0,503.0)
(17.0,503.0)
(17.0,503.0)
(29.0,503.0)
(17.0,503.0)
(16.0,503.0)
(17.0,503.0)
(17.0,503.0)
(17.0,503.0)
(17.0,503.0)
(17.0,503.0)
(25.0,503.0)
(17.0,503.0)
(499.0,503.0)
(31.0,503.0)
(16.0,503.0)
(17.0,503.0)
(17.0,503.0)
(29.0,503.0)
(25.0,503.0)
(17.0,503.0)
(17.0,503.0)
(17.0,503.0)
(503.0,503.0)
(17.0,503.0)
(17.0,503.0)
(29.0,503.0)
(15.0,503.0)
(17.0,503.0)
(29.0,503.0)
(503.0,503.0)
(29.0,503.0)
(17.0,503.0)
(17.0,503.0)
(17.0,503.0)
(29.0,503.0)
(29.0,503.0)
(25.0,503.0)
(499.0,503.0)
(29.0,503.0)
(503.0,503.0)
(16.0,503.0)
(18.0,503.0)
(18.0,503.0)
(16.0,503.0)
(15.0,503.0)
(29.0,503.0)
(18.0,503.0)
(17.0,503.0)
(17.0,503.0)
(18.0,503.0)
(16.0,503.0)
(25.0,503.0)
(29.0,503.0)
(17.0,503.0)
(503.0,503.0)
(17.0,503.0)
(17.0,503.0)
(515.0,503.0)
(17.0,503.0)
(29.0,503.0)
(17.0,503.0)
(29.0,503.0)
(29.0,503.0)
(17.0,503.0)
(17.0,503.0)
(16.0,503.0)
(499.0,503.0)
(17.0,503.0)
(503.0,503.0)
(15.0,503.0)
(506.0,503.0)
(29.0,503.0)
(15.0,503.0)
(17.0,503.0)
(515.0,503.0)
(515.0,503.0)
(18.0,503.0)
(17.0,503.0)
(15.0,503.0)
(17.0,503.0)
(499.0,503.0)
(17.0,503.0)
(29.0,503.0)
(17.0,503.0)
(17.0,503.0)
(29.0,503.0)
(17.0,503.0)
(25.0,503.0)
(29.0,503.0)
(503.0,503.0)
(17.0,503.0)
(17.0,503.0)
(17.0,503.0)
(25.0,503.0)
(503.0,503.0)
(16.0,503.0)
(15.0,503.0)
(17.0,503.0)
(17.0,503.0)
(17.0,503.0)
(515.0,503.0)
(17.0,503.0)
(515.0,505.0)
(16.0,505.0)
(29.0,505.0)
(25.0,505.0)
(17.0,505.0)
(16.0,505.0)
(17.0,505.0)
(25.0,505.0)
(17.0,505.0)
(29.0,505.0)
(16.0,505.0)
(29.0,505.0)
(7.0,505.0)
(17.0,505.0)
(16.0,505.0)
(25.0,505.0)
(29.0,505.0)
(16.0,505.0)
(29.0,505.0)
(29.0,505.0)
(16.0,505.0)
(16.0,505.0)
(503.0,505.0)
(16.0,505.0)
(25.0,505.0)
(16.0,505.0)
(25.0,505.0)
(16.0,505.0)
(17.0,505.0)
(29.0,505.0)
(7.0,505.0)
(25.0,505.0)
(16.0,505.0)
(29.0,505.0)
(17.0,505.0)
(503.0,505.0)
(17.0,505.0)
(25.0,505.0)
(515.0,505.0)
(16.0,505.0)
(503.0,505.0)
(17.0,505.0)
(503.0,505.0)
(515.0,505.0)
(16.0,505.0)
(16.0,505.0)
(16.0,505.0)
(16.0,505.0)
(17.0,505.0)
(16.0,505.0)
(16.0,505.0)
(18.0,505.0)
(16.0,505.0)
(16.0,505.0)
(515.0,505.0)
(29.0,505.0)
(503.0,505.0)
(16.0,505.0)
(17.0,505.0)
(16.0,505.0)
(515.0,505.0)
(16.0,505.0)
(504.0,505.0)
(16.0,505.0)
(29.0,505.0)
(29.0,505.0)
(29.0,505.0)
(16.0,505.0)
(16.0,505.0)
(503.0,505.0)
(515.0,505.0)
(29.0,505.0)
(16.0,505.0)
(17.0,505.0)
(16.0,505.0)
(515.0,505.0)
(17.0,505.0)
(18.0,505.0)
(16.0,505.0)
(16.0,505.0)
(16.0,505.0)
(17.0,505.0)
(16.0,505.0)
(16.0,505.0)
(16.0,505.0)
(16.0,505.0)
(515.0,505.0)
(16.0,505.0)
(515.0,505.0)
(17.0,505.0)
(29.0,505.0)
(17.0,505.0)
(29.0,505.0)
(16.0,505.0)
(16.0,505.0)
(16.0,505.0)
(25.0,505.0)
(29.0,505.0)
(16.0,505.0)
(29.0,505.0)
(16.0,505.0)
(16.0,505.0)
(29.0,505.0)
(515.0,505.0)
(17.0,505.0)
(16.0,505.0)
(16.0,505.0)
(16.0,505.0)
(16.0,505.0)
(503.0,505.0)
(17.0,505.0)
(29.0,505.0)
(515.0,505.0)
(29.0,505.0)
(16.0,505.0)
(17.0,505.0)
(29.0,505.0)
(504.0,505.0)
(503.0,505.0)
(29.0,505.0)
(29.0,505.0)
(16.0,505.0)
(16.0,505.0)
(16.0,505.0)
(17.0,505.0)
(17.0,505.0)
(17.0,505.0)
(17.0,505.0)
(16.0,505.0)
(515.0,505.0)
(16.0,505.0)
(16.0,505.0)
(515.0,505.0)
(503.0,503.0)
(503.0,503.0)
(503.0,503.0)
(503.0,503.0)
(503.0,503.0)
(503.0,503.0)
(503.0,503.0)
(503.0,503.0)
(503.0,503.0)
(503.0,503.0)
(503.0,503.0)
(503.0,503.0)
(503.0,503.0)
(503.0,503.0)
(503.0,503.0)
(503.0,503.0)
(503.0,503.0)
(503.0,503.0)
(503.0,503.0)
(503.0,503.0)
(503.0,503.0)
(503.0,503.0)
(503.0,503.0)
(503.0,503.0)
(503.0,503.0)
(503.0,503.0)
(503.0,503.0)
(515.0,503.0)
(503.0,503.0)
(503.0,503.0)
(503.0,503.0)
(503.0,503.0)
(503.0,503.0)
(503.0,503.0)
(503.0,503.0)
(515.0,503.0)
(503.0,503.0)
(503.0,503.0)
(503.0,503.0)
(503.0,503.0)
(503.0,503.0)
(503.0,503.0)
(503.0,503.0)
(503.0,503.0)
(503.0,503.0)
(503.0,503.0)
(503.0,503.0)
(503.0,503.0)
(515.0,503.0)
(503.0,503.0)
(503.0,503.0)
(503.0,503.0)
(503.0,503.0)
(503.0,503.0)
(503.0,503.0)
(503.0,503.0)
(503.0,503.0)
(503.0,503.0)
(503.0,503.0)
(503.0,503.0)
(503.0,503.0)
(503.0,503.0)
(503.0,503.0)
(503.0,503.0)
(503.0,503.0)
(515.0,503.0)
(503.0,503.0)
(503.0,503.0)
(503.0,503.0)
(503.0,503.0)
(503.0,503.0)
(503.0,503.0)
(503.0,503.0)
(503.0,503.0)
(503.0,503.0)
(503.0,503.0)
(503.0,503.0)
(503.0,503.0)
(503.0,503.0)
(515.0,503.0)
(503.0,503.0)
(503.0,503.0)
(503.0,503.0)
(515.0,503.0)
(503.0,503.0)
(503.0,503.0)
(503.0,503.0)
(503.0,503.0)
(503.0,503.0)
(515.0,503.0)
(503.0,503.0)
(503.0,503.0)
(503.0,503.0)
(503.0,503.0)
(503.0,503.0)
(503.0,503.0)
(515.0,503.0)
(503.0,503.0)
(503.0,503.0)
(503.0,503.0)
(503.0,503.0)
(503.0,503.0)
(503.0,503.0)
(503.0,503.0)
(503.0,503.0)
(503.0,503.0)
(503.0,503.0)
(503.0,503.0)
(503.0,503.0)
(503.0,503.0)
(503.0,503.0)
(503.0,503.0)
(503.0,503.0)
(503.0,503.0)
(503.0,503.0)
(503.0,503.0)
(503.0,503.0)
(503.0,503.0)
(515.0,505.0)
(16.0,505.0)
(29.0,505.0)
(25.0,505.0)
(17.0,505.0)
(16.0,505.0)
(25.0,505.0)
(17.0,505.0)
(29.0,505.0)
(16.0,505.0)
(29.0,505.0)
(7.0,505.0)
(17.0,505.0)
(16.0,505.0)
(30.0,505.0)
(17.0,505.0)
(515.0,505.0)
(16.0,505.0)
(29.0,505.0)
(29.0,505.0)
(16.0,505.0)
(16.0,505.0)
(17.0,505.0)
(25.0,505.0)
(16.0,505.0)
(25.0,505.0)
(506.0,505.0)
(17.0,505.0)
(29.0,505.0)
(25.0,505.0)
(16.0,505.0)
(29.0,505.0)
(29.0,505.0)
(17.0,505.0)
(503.0,505.0)
(17.0,505.0)
(25.0,505.0)
(515.0,505.0)
(16.0,505.0)
(503.0,505.0)
(17.0,505.0)
(503.0,505.0)
(506.0,505.0)
(17.0,505.0)
(16.0,505.0)
(29.0,505.0)
(17.0,505.0)
(16.0,505.0)
(17.0,505.0)
(16.0,505.0)
(16.0,505.0)
(25.0,505.0)
(16.0,505.0)
(16.0,505.0)
(515.0,505.0)
(29.0,505.0)
(503.0,505.0)
(506.0,505.0)
(515.0,505.0)
(16.0,505.0)
(515.0,505.0)
(16.0,505.0)
(504.0,505.0)
(16.0,505.0)
(29.0,505.0)
(29.0,505.0)
(29.0,505.0)
(16.0,505.0)
(16.0,505.0)
(503.0,505.0)
(515.0,505.0)
(29.0,505.0)
(16.0,505.0)
(17.0,505.0)
(16.0,505.0)
(503.0,505.0)
(17.0,505.0)
(18.0,505.0)
(16.0,505.0)
(16.0,505.0)
(16.0,505.0)
(16.0,505.0)
(16.0,505.0)
(16.0,505.0)
(16.0,505.0)
(515.0,505.0)
(16.0,505.0)
(515.0,505.0)
(16.0,505.0)
(29.0,505.0)
(18.0,505.0)
(29.0,505.0)
(16.0,505.0)
(503.0,505.0)
(16.0,505.0)
(29.0,505.0)
(16.0,505.0)
(29.0,505.0)
(17.0,505.0)
(17.0,505.0)
(29.0,505.0)
(515.0,505.0)
(17.0,505.0)
(16.0,505.0)
(16.0,505.0)
(16.0,505.0)
(16.0,505.0)
(503.0,505.0)
(17.0,505.0)
(29.0,505.0)
(515.0,505.0)
(29.0,505.0)
(16.0,505.0)
(17.0,505.0)
(29.0,505.0)
(504.0,505.0)
(29.0,505.0)
(29.0,505.0)
(16.0,505.0)
(16.0,505.0)
(16.0,505.0)
(17.0,505.0)
(16.0,505.0)
(17.0,505.0)
(16.0,505.0)
(515.0,505.0)
(16.0,505.0)
(16.0,505.0)
(515.0,505.0)
(16.0,504.0)
(511.0,504.0)
(515.0,504.0)
(503.0,504.0)
(515.0,504.0)
(25.0,504.0)
(515.0,504.0)
(18.0,504.0)
(25.0,504.0)
(15.0,504.0)
(25.0,504.0)
(25.0,504.0)
(503.0,504.0)
(7.0,504.0)
(17.0,504.0)
(29.0,504.0)
(16.0,504.0)
(11.0,504.0)
(16.0,504.0)
(515.0,504.0)
(17.0,504.0)
(17.0,504.0)
(17.0,504.0)
(7.0,504.0)
(503.0,504.0)
(16.0,504.0)
(17.0,504.0)
(17.0,504.0)
(30.0,504.0)
(16.0,504.0)
(503.0,504.0)
(17.0,504.0)
(28.0,504.0)
(516.0,504.0)
(503.0,504.0)
(503.0,504.0)
(28.0,504.0)
(17.0,504.0)
(515.0,504.0)
(516.0,504.0)
(25.0,504.0)
(25.0,504.0)
(31.0,504.0)
(16.0,504.0)
(503.0,504.0)
(16.0,504.0)
(17.0,504.0)
(25.0,504.0)
(25.0,504.0)
(17.0,504.0)
(503.0,504.0)
(511.0,504.0)
(17.0,504.0)
(515.0,504.0)
(29.0,504.0)
(17.0,504.0)
(16.0,504.0)
(16.0,504.0)
(503.0,504.0)
(25.0,504.0)
(15.0,504.0)
(31.0,504.0)
(503.0,504.0)
(15.0,504.0)
(16.0,504.0)
(18.0,504.0)
(503.0,504.0)
(17.0,504.0)
(503.0,504.0)
(503.0,504.0)
(16.0,504.0)
(17.0,504.0)
(503.0,504.0)
(16.0,504.0)
(17.0,504.0)
(17.0,504.0)
(18.0,504.0)
(17.0,504.0)
(503.0,504.0)
(25.0,504.0)
(515.0,504.0)
(29.0,504.0)
(25.0,504.0)
(16.0,504.0)
(503.0,504.0)
(17.0,504.0)
(29.0,504.0)
(17.0,504.0)
(25.0,504.0)
(504.0,504.0)
(16.0,504.0)
(18.0,504.0)
(515.0,504.0)
(17.0,504.0)
(29.0,504.0)
(25.0,504.0)
(16.0,504.0)
(16.0,504.0)
(16.0,504.0)
(515.0,504.0)
(17.0,504.0)
(23.0,504.0)
(459.0,504.0)
(515.0,504.0)
(29.0,504.0)
(25.0,504.0)
(25.0,504.0)
(17.0,504.0)
(25.0,504.0)
(503.0,504.0)
(17.0,504.0)
(17.0,504.0)
(503.0,504.0)
(17.0,504.0)
(515.0,504.0)
(18.0,504.0)
(515.0,504.0)
(25.0,504.0)
(515.0,504.0)
(503.0,504.0)
(503.0,504.0)
(17.0,504.0)
(16.0,504.0)
(16.0,504.0)
(16.0,504.0)
(25.0,504.0)
(25.0,504.0)
(515.0,504.0)
(17.0,504.0)
(503.0,504.0)
(29.0,504.0)
(29.0,504.0)
(16.0,504.0)
(25.0,504.0)
(16.0,504.0)
(29.0,504.0)
(29.0,504.0)
(29.0,504.0)
(16.0,504.0)
(17.0,504.0)
(16.0,504.0)
(16.0,504.0)
(25.0,504.0)
(515.0,504.0)
(25.0,504.0)
(16.0,504.0)
(29.0,504.0)
(18.0,504.0)
(16.0,504.0)
(515.0,505.0)
(16.0,505.0)
(29.0,505.0)
(25.0,505.0)
(17.0,505.0)
(16.0,505.0)
(16.0,505.0)
(25.0,505.0)
(17.0,505.0)
(29.0,505.0)
(16.0,505.0)
(29.0,505.0)
(7.0,505.0)
(17.0,505.0)
(16.0,505.0)
(17.0,505.0)
(29.0,505.0)
(16.0,505.0)
(29.0,505.0)
(29.0,505.0)
(16.0,505.0)
(16.0,505.0)
(503.0,505.0)
(16.0,505.0)
(25.0,505.0)
(16.0,505.0)
(25.0,505.0)
(16.0,505.0)
(17.0,505.0)
(29.0,505.0)
(7.0,505.0)
(25.0,505.0)
(29.0,505.0)
(29.0,505.0)
(17.0,505.0)
(503.0,505.0)
(17.0,505.0)
(25.0,505.0)
(18.0,505.0)
(16.0,505.0)
(503.0,505.0)
(17.0,505.0)
(503.0,505.0)
(515.0,505.0)
(16.0,505.0)
(16.0,505.0)
(16.0,505.0)
(16.0,505.0)
(17.0,505.0)
(16.0,505.0)
(16.0,505.0)
(18.0,505.0)
(16.0,505.0)
(16.0,505.0)
(515.0,505.0)
(503.0,505.0)
(29.0,505.0)
(503.0,505.0)
(16.0,505.0)
(515.0,505.0)
(16.0,505.0)
(515.0,505.0)
(16.0,505.0)
(25.0,505.0)
(16.0,505.0)
(29.0,505.0)
(29.0,505.0)
(29.0,505.0)
(16.0,505.0)
(16.0,505.0)
(503.0,505.0)
(515.0,505.0)
(29.0,505.0)
(16.0,505.0)
(17.0,505.0)
(16.0,505.0)
(30.0,505.0)
(17.0,505.0)
(18.0,505.0)
(16.0,505.0)
(16.0,505.0)
(16.0,505.0)
(17.0,505.0)
(16.0,505.0)
(16.0,505.0)
(16.0,505.0)
(16.0,505.0)
(515.0,505.0)
(16.0,505.0)
(515.0,505.0)
(17.0,505.0)
(29.0,505.0)
(17.0,505.0)
(29.0,505.0)
(16.0,505.0)
(16.0,505.0)
(16.0,505.0)
(25.0,505.0)
(29.0,505.0)
(16.0,505.0)
(29.0,505.0)
(16.0,505.0)
(16.0,505.0)
(29.0,505.0)
(515.0,505.0)
(17.0,505.0)
(16.0,505.0)
(16.0,505.0)
(16.0,505.0)
(16.0,505.0)
(503.0,505.0)
(17.0,505.0)
(29.0,505.0)
(515.0,505.0)
(29.0,505.0)
(16.0,505.0)
(17.0,505.0)
(29.0,505.0)
(504.0,505.0)
(29.0,505.0)
(29.0,505.0)
(16.0,505.0)
(16.0,505.0)
(16.0,505.0)
(16.0,505.0)
(17.0,505.0)
(17.0,505.0)
(17.0,505.0)
(16.0,505.0)
(515.0,505.0)
(16.0,505.0)
(16.0,505.0)
(515.0,505.0)
(515.0,505.0)
(16.0,505.0)
(29.0,505.0)
(25.0,505.0)
(17.0,505.0)
(16.0,505.0)
(17.0,505.0)
(25.0,505.0)
(17.0,505.0)
(29.0,505.0)
(16.0,505.0)
(29.0,505.0)
(7.0,505.0)
(17.0,505.0)
(16.0,505.0)
(16.0,505.0)
(29.0,505.0)
(16.0,505.0)
(29.0,505.0)
(29.0,505.0)
(16.0,505.0)
(16.0,505.0)
(503.0,505.0)
(16.0,505.0)
(25.0,505.0)
(16.0,505.0)
(25.0,505.0)
(16.0,505.0)
(17.0,505.0)
(29.0,505.0)
(7.0,505.0)
(17.0,505.0)
(29.0,505.0)
(29.0,505.0)
(17.0,505.0)
(503.0,505.0)
(17.0,505.0)
(25.0,505.0)
(18.0,505.0)
(16.0,505.0)
(503.0,505.0)
(17.0,505.0)
(503.0,505.0)
(515.0,505.0)
(17.0,505.0)
(16.0,505.0)
(16.0,505.0)
(16.0,505.0)
(16.0,505.0)
(17.0,505.0)
(16.0,505.0)
(16.0,505.0)
(18.0,505.0)
(16.0,505.0)
(16.0,505.0)
(515.0,505.0)
(503.0,505.0)
(29.0,505.0)
(503.0,505.0)
(16.0,505.0)
(17.0,505.0)
(16.0,505.0)
(515.0,505.0)
(16.0,505.0)
(25.0,505.0)
(16.0,505.0)
(29.0,505.0)
(29.0,505.0)
(29.0,505.0)
(16.0,505.0)
(17.0,505.0)
(503.0,505.0)
(515.0,505.0)
(29.0,505.0)
(16.0,505.0)
(17.0,505.0)
(16.0,505.0)
(30.0,505.0)
(17.0,505.0)
(29.0,505.0)
(16.0,505.0)
(16.0,505.0)
(16.0,505.0)
(17.0,505.0)
(16.0,505.0)
(16.0,505.0)
(16.0,505.0)
(515.0,505.0)
(16.0,505.0)
(515.0,505.0)
(16.0,505.0)
(29.0,505.0)
(17.0,505.0)
(29.0,505.0)
(16.0,505.0)
(503.0,505.0)
(16.0,505.0)
(25.0,505.0)
(29.0,505.0)
(16.0,505.0)
(29.0,505.0)
(16.0,505.0)
(16.0,505.0)
(29.0,505.0)
(515.0,505.0)
(17.0,505.0)
(16.0,505.0)
(16.0,505.0)
(16.0,505.0)
(16.0,505.0)
(503.0,505.0)
(17.0,505.0)
(25.0,505.0)
(515.0,505.0)
(29.0,505.0)
(16.0,505.0)
(17.0,505.0)
(29.0,505.0)
(504.0,505.0)
(29.0,505.0)
(29.0,505.0)
(16.0,505.0)
(16.0,505.0)
(16.0,505.0)
(17.0,505.0)
(17.0,505.0)
(17.0,505.0)
(17.0,505.0)
(17.0,505.0)
(515.0,505.0)
(16.0,505.0)
(16.0,505.0)
(515.0,505.0)
(515.0,505.0)
(16.0,505.0)
(29.0,505.0)
(25.0,505.0)
(17.0,505.0)
(16.0,505.0)
(17.0,505.0)
(25.0,505.0)
(17.0,505.0)
(29.0,505.0)
(16.0,505.0)
(29.0,505.0)
(25.0,505.0)
(17.0,505.0)
(16.0,505.0)
(17.0,505.0)
(29.0,505.0)
(16.0,505.0)
(29.0,505.0)
(16.0,505.0)
(16.0,505.0)
(16.0,505.0)
(503.0,505.0)
(16.0,505.0)
(25.0,505.0)
(16.0,505.0)
(25.0,505.0)
(16.0,505.0)
(17.0,505.0)
(29.0,505.0)
(7.0,505.0)
(25.0,505.0)
(29.0,505.0)
(29.0,505.0)
(16.0,505.0)
(503.0,505.0)
(17.0,505.0)
(25.0,505.0)
(18.0,505.0)
(16.0,505.0)
(503.0,505.0)
(17.0,505.0)
(503.0,505.0)
(503.0,505.0)
(515.0,505.0)
(16.0,505.0)
(16.0,505.0)
(16.0,505.0)
(16.0,505.0)
(17.0,505.0)
(16.0,505.0)
(16.0,505.0)
(18.0,505.0)
(17.0,505.0)
(16.0,505.0)
(515.0,505.0)
(503.0,505.0)
(29.0,505.0)
(503.0,505.0)
(16.0,505.0)
(515.0,505.0)
(16.0,505.0)
(18.0,505.0)
(16.0,505.0)
(25.0,505.0)
(16.0,505.0)
(29.0,505.0)
(29.0,505.0)
(29.0,505.0)
(16.0,505.0)
(16.0,505.0)
(503.0,505.0)
(515.0,505.0)
(29.0,505.0)
(16.0,505.0)
(17.0,505.0)
(16.0,505.0)
(515.0,505.0)
(17.0,505.0)
(29.0,505.0)
(16.0,505.0)
(16.0,505.0)
(16.0,505.0)
(17.0,505.0)
(16.0,505.0)
(16.0,505.0)
(16.0,505.0)
(16.0,505.0)
(17.0,505.0)
(515.0,505.0)
(17.0,505.0)
(29.0,505.0)
(17.0,505.0)
(29.0,505.0)
(16.0,505.0)
(16.0,505.0)
(16.0,505.0)
(25.0,505.0)
(29.0,505.0)
(16.0,505.0)
(29.0,505.0)
(16.0,505.0)
(16.0,505.0)
(29.0,505.0)
(515.0,505.0)
(17.0,505.0)
(16.0,505.0)
(16.0,505.0)
(16.0,505.0)
(16.0,505.0)
(13.0,505.0)
(17.0,505.0)
(29.0,505.0)
(17.0,505.0)
(29.0,505.0)
(16.0,505.0)
(17.0,505.0)
(29.0,505.0)
(504.0,505.0)
(29.0,505.0)
(29.0,505.0)
(16.0,505.0)
(16.0,505.0)
(16.0,505.0)
(17.0,505.0)
(17.0,505.0)
(17.0,505.0)
(17.0,505.0)
(16.0,505.0)
(515.0,505.0)
(16.0,505.0)
(16.0,505.0)
(515.0,505.0)
(506.0,29.0)
(29.0,29.0)
(25.0,29.0)
(29.0,29.0)
(515.0,29.0)
(29.0,29.0)
(29.0,29.0)
(29.0,29.0)
(29.0,29.0)
(515.0,29.0)
(29.0,29.0)
(515.0,29.0)
(503.0,29.0)
(29.0,29.0)
(30.0,29.0)
(17.0,29.0)
(515.0,29.0)
(515.0,29.0)
(29.0,29.0)
(29.0,29.0)
(29.0,29.0)
(29.0,29.0)
(29.0,29.0)
(29.0,29.0)
(29.0,29.0)
(15.0,29.0)
(515.0,29.0)
(29.0,29.0)
(17.0,29.0)
(29.0,29.0)
(503.0,29.0)
(503.0,29.0)
(515.0,29.0)
(16.0,29.0)
(25.0,29.0)
(15.0,29.0)
(25.0,29.0)
(18.0,29.0)
(123.0,29.0)
(515.0,29.0)
(29.0,29.0)
(515.0,29.0)
(25.0,29.0)
(17.0,29.0)
(29.0,29.0)
(503.0,29.0)
(515.0,29.0)
(515.0,29.0)
(16.0,29.0)
(25.0,29.0)
(25.0,29.0)
(506.0,29.0)
(29.0,29.0)
(17.0,29.0)
(29.0,29.0)
(17.0,29.0)
(15.0,29.0)
(29.0,29.0)
(17.0,29.0)
(515.0,29.0)
(25.0,29.0)
(515.0,29.0)
(515.0,29.0)
(17.0,29.0)
(515.0,29.0)
(29.0,29.0)
(29.0,29.0)
(17.0,29.0)
(25.0,29.0)
(29.0,29.0)
(503.0,29.0)
(29.0,29.0)
(13.0,29.0)
(13.0,29.0)
(15.0,29.0)
(29.0,29.0)
(29.0,29.0)
(17.0,29.0)
(29.0,29.0)
(29.0,29.0)
(29.0,29.0)
(17.0,29.0)
(29.0,29.0)
(503.0,29.0)
(30.0,29.0)
(17.0,29.0)
(30.0,29.0)
(29.0,29.0)
(17.0,29.0)
(25.0,29.0)
(16.0,29.0)
(29.0,29.0)
(515.0,29.0)
(29.0,29.0)
(25.0,29.0)
(29.0,29.0)
(17.0,29.0)
(29.0,29.0)
(29.0,29.0)
(503.0,29.0)
(29.0,29.0)
(17.0,29.0)
(515.0,29.0)
(515.0,29.0)
(29.0,29.0)
(17.0,29.0)
(29.0,29.0)
(29.0,29.0)
(17.0,29.0)
(16.0,29.0)
(17.0,29.0)
(18.0,29.0)
(29.0,29.0)
(29.0,29.0)
(17.0,29.0)
(515.0,29.0)
(16.0,29.0)
(29.0,29.0)
(503.0,29.0)
(18.0,29.0)
(17.0,29.0)
(25.0,29.0)
(17.0,29.0)
(30.0,29.0)
(29.0,29.0)
(29.0,29.0)
(515.0,29.0)
(503.0,29.0)
(29.0,29.0)
(13.0,29.0)
(29.0,29.0)
(29.0,29.0)
(29.0,29.0)
(29.0,29.0)
(17.0,29.0)
(29.0,29.0)
(29.0,29.0)
(17.0,29.0)
(15.0,29.0)
(25.0,29.0)
(29.0,29.0)
(515.0,29.0)
(515.0,29.0)
(29.0,29.0)
(515.0,506.0)
(30.0,506.0)
(29.0,506.0)
(17.0,506.0)
(17.0,506.0)
(404.0,506.0)
(17.0,506.0)
(18.0,506.0)
(515.0,506.0)
(16.0,506.0)
(17.0,506.0)
(515.0,506.0)
(29.0,506.0)
(25.0,506.0)
(17.0,506.0)
(17.0,506.0)
(503.0,506.0)
(503.0,506.0)
(506.0,506.0)
(506.0,506.0)
(17.0,506.0)
(17.0,506.0)
(515.0,506.0)
(515.0,506.0)
(25.0,506.0)
(16.0,506.0)
(17.0,506.0)
(16.0,506.0)
(25.0,506.0)
(506.0,506.0)
(16.0,506.0)
(17.0,506.0)
(25.0,506.0)
(459.0,506.0)
(16.0,506.0)
(123.0,506.0)
(25.0,506.0)
(17.0,506.0)
(17.0,506.0)
(17.0,506.0)
(29.0,506.0)
(16.0,506.0)
(515.0,506.0)
(17.0,506.0)
(25.0,506.0)
(459.0,506.0)
(506.0,506.0)
(25.0,506.0)
(29.0,506.0)
(29.0,506.0)
(25.0,506.0)
(30.0,506.0)
(17.0,506.0)
(17.0,506.0)
(16.0,506.0)
(17.0,506.0)
(515.0,506.0)
(16.0,506.0)
(25.0,506.0)
(506.0,506.0)
(515.0,506.0)
(25.0,506.0)
(29.0,506.0)
(506.0,506.0)
(30.0,506.0)
(515.0,506.0)
(506.0,506.0)
(16.0,506.0)
(515.0,506.0)
(30.0,506.0)
(498.0,506.0)
(16.0,506.0)
(515.0,506.0)
(25.0,506.0)
(506.0,506.0)
(17.0,506.0)
(17.0,506.0)
(17.0,506.0)
(16.0,506.0)
(506.0,506.0)
(16.0,506.0)
(25.0,506.0)
(17.0,506.0)
(503.0,506.0)
(25.0,506.0)
(30.0,506.0)
(29.0,506.0)
(17.0,506.0)
(16.0,506.0)
(22.0,506.0)
(29.0,506.0)
(17.0,506.0)
(29.0,506.0)
(17.0,506.0)
(16.0,506.0)
(515.0,506.0)
(515.0,506.0)
(515.0,506.0)
(17.0,506.0)
(29.0,506.0)
(17.0,506.0)
(515.0,506.0)
(16.0,506.0)
(515.0,506.0)
(16.0,506.0)
(25.0,506.0)
(506.0,506.0)
(503.0,506.0)
(17.0,506.0)
(30.0,506.0)
(16.0,506.0)
(17.0,506.0)
(29.0,506.0)
(17.0,506.0)
(17.0,506.0)
(17.0,506.0)
(16.0,506.0)
(503.0,506.0)
(503.0,506.0)
(13.0,506.0)
(17.0,506.0)
(17.0,506.0)
(25.0,506.0)
(515.0,506.0)
(25.0,506.0)
(25.0,506.0)
(16.0,506.0)
(25.0,506.0)
(506.0,506.0)
(16.0,506.0)
(25.0,506.0)
(17.0,506.0)
(25.0,506.0)
(16.0,506.0)
(17.0,506.0)
(17.0,506.0)
(22.0,506.0)
(17.0,506.0)
(17.0,506.0)
(17.0,506.0)
(17.0,506.0)
(506.0,506.0)
(16.0,506.0)
(515.0,506.0)
(17.0,506.0)
(515.0,506.0)
(17.0,506.0)
(29.0,506.0)
(17.0,506.0)
(17.0,506.0)
(17.0,506.0)
(17.0,506.0)
(515.0,506.0)
(511.0,506.0)
(16.0,506.0)
(17.0,506.0)
(515.0,506.0)
(29.0,506.0)
(25.0,506.0)
(17.0,506.0)
(17.0,506.0)
(503.0,506.0)
(17.0,506.0)
(506.0,506.0)
(506.0,506.0)
(17.0,506.0)
(17.0,506.0)
(515.0,506.0)
(515.0,506.0)
(25.0,506.0)
(17.0,506.0)
(498.0,506.0)
(16.0,506.0)
(25.0,506.0)
(511.0,506.0)
(506.0,506.0)
(16.0,506.0)
(17.0,506.0)
(25.0,506.0)
(29.0,506.0)
(16.0,506.0)
(25.0,506.0)
(25.0,506.0)
(17.0,506.0)
(17.0,506.0)
(17.0,506.0)
(515.0,506.0)
(503.0,506.0)
(17.0,506.0)
(29.0,506.0)
(17.0,506.0)
(17.0,506.0)
(29.0,506.0)
(506.0,506.0)
(25.0,506.0)
(29.0,506.0)
(17.0,506.0)
(503.0,506.0)
(29.0,506.0)
(25.0,506.0)
(30.0,506.0)
(17.0,506.0)
(17.0,506.0)
(16.0,506.0)
(515.0,506.0)
(515.0,506.0)
(17.0,506.0)
(25.0,506.0)
(25.0,506.0)
(515.0,506.0)
(17.0,506.0)
(29.0,506.0)
(506.0,506.0)
(515.0,506.0)
(506.0,506.0)
(25.0,506.0)
(16.0,506.0)
(29.0,506.0)
(29.0,506.0)
(16.0,506.0)
(515.0,506.0)
(25.0,506.0)
(506.0,506.0)
(17.0,506.0)
(17.0,506.0)
(29.0,506.0)
(16.0,506.0)
(506.0,506.0)
(16.0,506.0)
(25.0,506.0)
(17.0,506.0)
(503.0,506.0)
(25.0,506.0)
(29.0,506.0)
(17.0,506.0)
(16.0,506.0)
(17.0,506.0)
(31.0,506.0)
(16.0,506.0)
(17.0,506.0)
(16.0,506.0)
(16.0,506.0)
(515.0,506.0)
(515.0,506.0)
(17.0,506.0)
(17.0,506.0)
(17.0,506.0)
(515.0,506.0)
(25.0,506.0)
(515.0,506.0)
(29.0,506.0)
(17.0,506.0)
(506.0,506.0)
(503.0,506.0)
(17.0,506.0)
(17.0,506.0)
(17.0,506.0)
(25.0,506.0)
(515.0,506.0)
(17.0,506.0)
(17.0,506.0)
(16.0,506.0)
(503.0,506.0)
(13.0,506.0)
(17.0,506.0)
(515.0,506.0)
(25.0,506.0)
(16.0,506.0)
(25.0,506.0)
(25.0,506.0)
(25.0,506.0)
(25.0,506.0)
(506.0,506.0)
(16.0,506.0)
(17.0,506.0)
(17.0,506.0)
(25.0,506.0)
(16.0,506.0)
(17.0,506.0)
(17.0,506.0)
(515.0,506.0)
(17.0,506.0)
(17.0,506.0)
(17.0,506.0)
(17.0,506.0)
(506.0,506.0)
(21.0,506.0)
(515.0,506.0)
(507.0,507.0)
(17.0,507.0)
(29.0,507.0)
(17.0,507.0)
(17.0,507.0)
(18.0,507.0)
(25.0,507.0)
(29.0,507.0)
(16.0,507.0)
(17.0,507.0)
(11.0,507.0)
(17.0,507.0)
(17.0,507.0)
(18.0,507.0)
(25.0,507.0)
(499.0,507.0)
(16.0,507.0)
(25.0,507.0)
(507.0,507.0)
(29.0,507.0)
(29.0,507.0)
(17.0,507.0)
(29.0,507.0)
(17.0,507.0)
(15.0,507.0)
(25.0,507.0)
(17.0,507.0)
(29.0,507.0)
(17.0,507.0)
(25.0,507.0)
(25.0,507.0)
(31.0,507.0)
(29.0,507.0)
(18.0,507.0)
(17.0,507.0)
(29.0,507.0)
(515.0,507.0)
(507.0,507.0)
(16.0,507.0)
(25.0,507.0)
(18.0,507.0)
(16.0,507.0)
(503.0,507.0)
(17.0,507.0)
(447.0,507.0)
(29.0,507.0)
(25.0,507.0)
(25.0,507.0)
(29.0,507.0)
(17.0,507.0)
(17.0,507.0)
(18.0,507.0)
(29.0,507.0)
(29.0,507.0)
(29.0,507.0)
(29.0,507.0)
(29.0,507.0)
(18.0,507.0)
(29.0,507.0)
(25.0,507.0)
(25.0,507.0)
(29.0,507.0)
(17.0,507.0)
(29.0,507.0)
(25.0,507.0)
(25.0,507.0)
(25.0,507.0)
(25.0,507.0)
(29.0,507.0)
(29.0,507.0)
(17.0,507.0)
(29.0,507.0)
(29.0,507.0)
(17.0,507.0)
(25.0,507.0)
(17.0,507.0)
(16.0,507.0)
(25.0,507.0)
(17.0,507.0)
(25.0,507.0)
(16.0,507.0)
(29.0,507.0)
(16.0,507.0)
(29.0,507.0)
(503.0,507.0)
(15.0,507.0)
(29.0,507.0)
(25.0,507.0)
(499.0,507.0)
(25.0,507.0)
(25.0,507.0)
(17.0,507.0)
(17.0,507.0)
(499.0,507.0)
(25.0,507.0)
(25.0,507.0)
(17.0,507.0)
(29.0,507.0)
(16.0,507.0)
(17.0,507.0)
(515.0,507.0)
(18.0,507.0)
(17.0,507.0)
(17.0,507.0)
(17.0,507.0)
(17.0,507.0)
(17.0,507.0)
(16.0,507.0)
(25.0,507.0)
(29.0,507.0)
(17.0,507.0)
(17.0,507.0)
(17.0,507.0)
(17.0,507.0)
(25.0,507.0)
(29.0,507.0)
(447.0,507.0)
(29.0,507.0)
(515.0,507.0)
(17.0,507.0)
(29.0,507.0)
(447.0,507.0)
(17.0,507.0)
(16.0,507.0)
(16.0,507.0)
(29.0,507.0)
(459.0,507.0)
(25.0,507.0)
(16.0,507.0)
(459.0,507.0)
(29.0,507.0)
(25.0,507.0)
(29.0,507.0)
(16.0,507.0)
(17.0,507.0)
(16.0,507.0)
(25.0,507.0)
(29.0,507.0)
(25.0,507.0)
(16.0,507.0)
(17.0,507.0)
(29.0,507.0)
(17.0,507.0)
(17.0,507.0)
(507.0,507.0)
(29.0,507.0)
(17.0,507.0)
(16.0,507.0)
(31.0,508.0)
(15.0,508.0)
(31.0,508.0)
(501.0,508.0)
(17.0,508.0)
(15.0,508.0)
(264.0,508.0)
(31.0,508.0)
(499.0,508.0)
(17.0,508.0)
(28.0,508.0)
(239.0,508.0)
(239.0,508.0)
(459.0,508.0)
(17.0,508.0)
(31.0,508.0)
(17.0,508.0)
(499.0,508.0)
(459.0,508.0)
(17.0,508.0)
(15.0,508.0)
(459.0,508.0)
(15.0,508.0)
(31.0,508.0)
(447.0,508.0)
(229.0,508.0)
(501.0,508.0)
(15.0,508.0)
(31.0,508.0)
(249.0,508.0)
(17.0,508.0)
(499.0,508.0)
(17.0,508.0)
(17.0,508.0)
(212.0,508.0)
(17.0,508.0)
(17.0,508.0)
(31.0,508.0)
(15.0,508.0)
(17.0,508.0)
(459.0,508.0)
(771.0,508.0)
(15.0,508.0)
(501.0,508.0)
(501.0,508.0)
(229.0,508.0)
(31.0,508.0)
(501.0,508.0)
(31.0,508.0)
(447.0,508.0)
(501.0,508.0)
(501.0,508.0)
(501.0,508.0)
(15.0,508.0)
(267.0,508.0)
(501.0,508.0)
(31.0,508.0)
(31.0,508.0)
(327.0,508.0)
(17.0,508.0)
(501.0,508.0)
(18.0,508.0)
(36.0,508.0)
(501.0,508.0)
(459.0,508.0)
(17.0,508.0)
(229.0,508.0)
(17.0,508.0)
(229.0,508.0)
(499.0,508.0)
(501.0,508.0)
(15.0,508.0)
(501.0,508.0)
(459.0,508.0)
(17.0,508.0)
(17.0,508.0)
(17.0,508.0)
(17.0,508.0)
(24.0,508.0)
(484.0,508.0)
(501.0,508.0)
(212.0,508.0)
(18.0,508.0)
(239.0,508.0)
(17.0,508.0)
(447.0,508.0)
(499.0,508.0)
(31.0,508.0)
(501.0,508.0)
(31.0,508.0)
(499.0,508.0)
(501.0,508.0)
(267.0,508.0)
(459.0,508.0)
(501.0,508.0)
(499.0,508.0)
(459.0,508.0)
(17.0,508.0)
(29.0,508.0)
(459.0,508.0)
(17.0,508.0)
(31.0,508.0)
(212.0,508.0)
(31.0,508.0)
(499.0,508.0)
(267.0,508.0)
(459.0,508.0)
(17.0,508.0)
(31.0,508.0)
(501.0,508.0)
(608.0,508.0)
(229.0,508.0)
(40.0,508.0)
(499.0,508.0)
(249.0,508.0)
(17.0,508.0)
(459.0,508.0)
(17.0,508.0)
(17.0,508.0)
(17.0,508.0)
(31.0,508.0)
(31.0,508.0)
(499.0,508.0)
(15.0,508.0)
(31.0,508.0)
(501.0,508.0)
(501.0,508.0)
(459.0,508.0)
(459.0,508.0)
(447.0,508.0)
(264.0,508.0)
(499.0,508.0)
(15.0,508.0)
(459.0,508.0)
(501.0,508.0)
(17.0,508.0)
(499.0,508.0)
(499.0,508.0)
(459.0,508.0)
(501.0,508.0)
(17.0,508.0)
(499.0,508.0)
(17.0,508.0)
(503.0,508.0)
(506.0,508.0)
(29.0,508.0)
(25.0,508.0)
(515.0,508.0)
(16.0,508.0)
(515.0,508.0)
(498.0,508.0)
(18.0,508.0)
(785.0,508.0)
(29.0,508.0)
(515.0,508.0)
(29.0,508.0)
(16.0,508.0)
(515.0,508.0)
(16.0,508.0)
(17.0,508.0)
(515.0,508.0)
(503.0,508.0)
(29.0,508.0)
(30.0,508.0)
(17.0,508.0)
(29.0,508.0)
(503.0,508.0)
(17.0,508.0)
(350.0,508.0)
(17.0,508.0)
(503.0,508.0)
(350.0,508.0)
(515.0,508.0)
(515.0,508.0)
(503.0,508.0)
(17.0,508.0)
(503.0,508.0)
(511.0,508.0)
(785.0,508.0)
(29.0,508.0)
(350.0,508.0)
(29.0,508.0)
(15.0,508.0)
(25.0,508.0)
(17.0,508.0)
(15.0,508.0)
(515.0,508.0)
(29.0,508.0)
(25.0,508.0)
(17.0,508.0)
(503.0,508.0)
(515.0,508.0)
(503.0,508.0)
(29.0,508.0)
(17.0,508.0)
(515.0,508.0)
(18.0,508.0)
(503.0,508.0)
(785.0,508.0)
(506.0,508.0)
(503.0,508.0)
(16.0,508.0)
(17.0,508.0)
(785.0,508.0)
(16.0,508.0)
(350.0,508.0)
(18.0,508.0)
(18.0,508.0)
(503.0,508.0)
(350.0,508.0)
(17.0,508.0)
(13.0,508.0)
(503.0,508.0)
(15.0,508.0)
(350.0,508.0)
(503.0,508.0)
(25.0,508.0)
(17.0,508.0)
(515.0,508.0)
(17.0,508.0)
(18.0,508.0)
(17.0,508.0)
(17.0,508.0)
(350.0,508.0)
(15.0,508.0)
(13.0,508.0)
(16.0,508.0)
(17.0,508.0)
(515.0,508.0)
(17.0,508.0)
(515.0,508.0)
(29.0,508.0)
(503.0,508.0)
(16.0,508.0)
(16.0,508.0)
(29.0,508.0)
(17.0,508.0)
(18.0,508.0)
(498.0,508.0)
(515.0,508.0)
(785.0,508.0)
(17.0,508.0)
(515.0,508.0)
(515.0,508.0)
(18.0,508.0)
(515.0,508.0)
(29.0,508.0)
(29.0,508.0)
(29.0,508.0)
(17.0,508.0)
(503.0,508.0)
(25.0,508.0)
(503.0,508.0)
(13.0,508.0)
(17.0,508.0)
(25.0,508.0)
(13.0,508.0)
(515.0,508.0)
(25.0,508.0)
(123.0,508.0)
(515.0,508.0)
(515.0,508.0)
(16.0,508.0)
(350.0,508.0)
(350.0,508.0)
(503.0,508.0)
(25.0,508.0)
(515.0,508.0)
(350.0,508.0)
(25.0,508.0)
(515.0,508.0)
(25.0,508.0)
(15.0,508.0)
(25.0,508.0)
(16.0,508.0)
(13.0,508.0)
(29.0,508.0)
(15.0,508.0)
(30.0,508.0)
(16.0,508.0)
(16.0,508.0)
(30.0,508.0)
(29.0,508.0)
(17.0,508.0)
(503.0,508.0)
(30.0,508.0)
(17.0,508.0)
(515.0,508.0)
(17.0,508.0)
(29.0,508.0)
(17.0,508.0)
(350.0,508.0)
(17.0,508.0)
(515.0,508.0)
(18.0,510.0)
(15.0,510.0)
(515.0,510.0)
(641.0,510.0)
(17.0,510.0)
(18.0,510.0)
(501.0,510.0)
(459.0,510.0)
(515.0,510.0)
(17.0,510.0)
(24.0,510.0)
(515.0,510.0)
(501.0,510.0)
(501.0,510.0)
(17.0,510.0)
(18.0,510.0)
(17.0,510.0)
(24.0,510.0)
(17.0,510.0)
(36.0,510.0)
(28.0,510.0)
(503.0,510.0)
(16.0,510.0)
(515.0,510.0)
(503.0,510.0)
(515.0,510.0)
(494.0,510.0)
(515.0,510.0)
(494.0,510.0)
(29.0,510.0)
(515.0,510.0)
(25.0,510.0)
(515.0,510.0)
(17.0,510.0)
(515.0,510.0)
(515.0,510.0)
(24.0,510.0)
(501.0,510.0)
(17.0,510.0)
(17.0,510.0)
(17.0,510.0)
(17.0,510.0)
(31.0,510.0)
(13.0,510.0)
(17.0,510.0)
(515.0,510.0)
(18.0,510.0)
(515.0,510.0)
(515.0,510.0)
(25.0,510.0)
(17.0,510.0)
(24.0,510.0)
(515.0,510.0)
(17.0,510.0)
(459.0,510.0)
(515.0,510.0)
(501.0,510.0)
(503.0,510.0)
(15.0,510.0)
(459.0,510.0)
(515.0,510.0)
(18.0,510.0)
(28.0,510.0)
(516.0,510.0)
(15.0,510.0)
(28.0,510.0)
(17.0,510.0)
(515.0,510.0)
(501.0,510.0)
(16.0,510.0)
(459.0,510.0)
(515.0,510.0)
(515.0,510.0)
(15.0,510.0)
(499.0,510.0)
(16.0,510.0)
(28.0,510.0)
(17.0,510.0)
(17.0,510.0)
(18.0,510.0)
(13.0,510.0)
(17.0,510.0)
(17.0,510.0)
(24.0,510.0)
(494.0,510.0)
(15.0,510.0)
(18.0,510.0)
(515.0,510.0)
(515.0,510.0)
(15.0,510.0)
(18.0,510.0)
(17.0,510.0)
(515.0,510.0)
(515.0,510.0)
(515.0,510.0)
(17.0,510.0)
(15.0,510.0)
(13.0,510.0)
(501.0,510.0)
(515.0,510.0)
(515.0,510.0)
(24.0,510.0)
(271.0,510.0)
(17.0,510.0)
(515.0,510.0)
(17.0,510.0)
(17.0,510.0)
(15.0,510.0)
(501.0,510.0)
(501.0,510.0)
(499.0,510.0)
(459.0,510.0)
(515.0,510.0)
(17.0,510.0)
(24.0,510.0)
(515.0,510.0)
(501.0,510.0)
(18.0,510.0)
(501.0,510.0)
(17.0,510.0)
(515.0,509.0)
(515.0,509.0)
(515.0,509.0)
(515.0,509.0)
(515.0,509.0)
(16.0,509.0)
(447.0,509.0)
(515.0,509.0)
(515.0,509.0)
(515.0,509.0)
(16.0,509.0)
(16.0,509.0)
(16.0,509.0)
(447.0,509.0)
(515.0,509.0)
(16.0,509.0)
(362.0,509.0)
(16.0,509.0)
(515.0,509.0)
(515.0,509.0)
(515.0,509.0)
(16.0,509.0)
(18.0,509.0)
(515.0,509.0)
(16.0,509.0)
(515.0,509.0)
(16.0,509.0)
(447.0,509.0)
(16.0,509.0)
(515.0,509.0)
(25.0,509.0)
(16.0,509.0)
(17.0,509.0)
(16.0,509.0)
(17.0,509.0)
(16.0,509.0)
(515.0,509.0)
(515.0,509.0)
(503.0,509.0)
(16.0,509.0)
(16.0,509.0)
(447.0,509.0)
(447.0,509.0)
(459.0,509.0)
(515.0,509.0)
(16.0,509.0)
(16.0,509.0)
(25.0,509.0)
(503.0,509.0)
(515.0,509.0)
(515.0,509.0)
(516.0,509.0)
(16.0,509.0)
(515.0,509.0)
(25.0,509.0)
(16.0,509.0)
(515.0,509.0)
(503.0,509.0)
(16.0,509.0)
(515.0,509.0)
(515.0,509.0)
(16.0,509.0)
(447.0,509.0)
(459.0,509.0)
(16.0,509.0)
(515.0,509.0)
(16.0,509.0)
(25.0,509.0)
(515.0,509.0)
(515.0,509.0)
(16.0,509.0)
(17.0,509.0)
(29.0,509.0)
(515.0,509.0)
(16.0,509.0)
(515.0,509.0)
(16.0,509.0)
(515.0,509.0)
(447.0,509.0)
(17.0,509.0)
(31.0,509.0)
(515.0,509.0)
(515.0,509.0)
(25.0,509.0)
(16.0,509.0)
(515.0,509.0)
(17.0,509.0)
(515.0,509.0)
(16.0,509.0)
(18.0,509.0)
(16.0,509.0)
(515.0,509.0)
(515.0,509.0)
(515.0,509.0)
(16.0,509.0)
(31.0,509.0)
(16.0,509.0)
(515.0,509.0)
(31.0,509.0)
(17.0,509.0)
(515.0,509.0)
(16.0,509.0)
(515.0,509.0)
(515.0,509.0)
(516.0,509.0)
(515.0,509.0)
(16.0,509.0)
(16.0,509.0)
(16.0,509.0)
(18.0,509.0)
(515.0,509.0)
(16.0,509.0)
(16.0,509.0)
(16.0,509.0)
(515.0,509.0)
(447.0,509.0)
(515.0,509.0)
(16.0,509.0)
(503.0,509.0)
(16.0,509.0)
(515.0,509.0)
(515.0,509.0)
(16.0,509.0)
(16.0,509.0)
(515.0,509.0)
(25.0,509.0)
(515.0,509.0)
(515.0,509.0)
(17.0,509.0)
(515.0,510.0)
(515.0,510.0)
(16.0,510.0)
(17.0,510.0)
(515.0,510.0)
(459.0,510.0)
(19.0,510.0)
(503.0,510.0)
(16.0,510.0)
(515.0,510.0)
(16.0,510.0)
(515.0,510.0)
(503.0,510.0)
(515.0,510.0)
(13.0,510.0)
(503.0,510.0)
(506.0,510.0)
(16.0,510.0)
(515.0,510.0)
(22.0,510.0)
(503.0,510.0)
(515.0,510.0)
(503.0,510.0)
(515.0,510.0)
(16.0,510.0)
(18.0,510.0)
(515.0,510.0)
(13.0,510.0)
(506.0,510.0)
(516.0,510.0)
(16.0,510.0)
(515.0,510.0)
(515.0,510.0)
(515.0,510.0)
(506.0,510.0)
(512.0,510.0)
(515.0,510.0)
(459.0,510.0)
(515.0,510.0)
(16.0,510.0)
(503.0,510.0)
(503.0,510.0)
(503.0,510.0)
(515.0,510.0)
(18.0,510.0)
(15.0,510.0)
(503.0,510.0)
(15.0,510.0)
(503.0,510.0)
(406.0,510.0)
(503.0,510.0)
(18.0,510.0)
(510.0,510.0)
(19.0,510.0)
(16.0,510.0)
(515.0,510.0)
(16.0,510.0)
(13.0,510.0)
(510.0,510.0)
(18.0,510.0)
(503.0,510.0)
(15.0,510.0)
(503.0,510.0)
(21.0,510.0)
(515.0,510.0)
(15.0,510.0)
(18.0,510.0)
(515.0,510.0)
(16.0,510.0)
(515.0,510.0)
(506.0,510.0)
(515.0,510.0)
(21.0,510.0)
(29.0,510.0)
(515.0,510.0)
(515.0,510.0)
(510.0,510.0)
(19.0,510.0)
(503.0,510.0)
(503.0,510.0)
(503.0,510.0)
(29.0,510.0)
(29.0,510.0)
(13.0,510.0)
(503.0,510.0)
(515.0,510.0)
(503.0,510.0)
(21.0,510.0)
(13.0,510.0)
(21.0,510.0)
(515.0,510.0)
(503.0,510.0)
(13.0,510.0)
(503.0,510.0)
(21.0,510.0)
(515.0,510.0)
(515.0,510.0)
(16.0,510.0)
(515.0,510.0)
(18.0,510.0)
(515.0,510.0)
(29.0,510.0)
(515.0,510.0)
(515.0,510.0)
(16.0,510.0)
(17.0,510.0)
(22.0,510.0)
(515.0,510.0)
(515.0,510.0)
(459.0,510.0)
(16.0,510.0)
(515.0,510.0)
(515.0,510.0)
(515.0,510.0)
(21.0,510.0)
(515.0,510.0)
(515.0,510.0)
(515.0,510.0)
(515.0,510.0)
(21.0,510.0)
(515.0,510.0)
(18.0,510.0)
(17.0,510.0)
(503.0,510.0)
(510.0,510.0)
(515.0,510.0)
(515.0,510.0)
(515.0,510.0)
(18.0,510.0)
(19.0,510.0)
(503.0,510.0)
(515.0,510.0)
(15.0,510.0)
(29.0,510.0)
(13.0,510.0)
(515.0,510.0)
(21.0,510.0)
(515.0,510.0)
(459.0,510.0)
(515.0,510.0)
(19.0,510.0)
(515.0,510.0)
(515.0,510.0)
(18.0,510.0)
(515.0,510.0)
(515.0,30.0)
(515.0,30.0)
(515.0,30.0)
(515.0,30.0)
(515.0,30.0)
(515.0,30.0)
(515.0,30.0)
(18.0,30.0)
(515.0,30.0)
(515.0,30.0)
(515.0,30.0)
(515.0,30.0)
(515.0,30.0)
(515.0,30.0)
(503.0,30.0)
(16.0,30.0)
(515.0,30.0)
(515.0,30.0)
(515.0,30.0)
(17.0,30.0)
(515.0,30.0)
(29.0,30.0)
(515.0,30.0)
(515.0,30.0)
(515.0,30.0)
(515.0,30.0)
(29.0,30.0)
(16.0,30.0)
(515.0,30.0)
(515.0,30.0)
(515.0,30.0)
(515.0,30.0)
(511.0,30.0)
(515.0,30.0)
(515.0,30.0)
(17.0,30.0)
(511.0,30.0)
(515.0,30.0)
(515.0,30.0)
(515.0,30.0)
(515.0,30.0)
(515.0,30.0)
(515.0,30.0)
(17.0,30.0)
(515.0,30.0)
(515.0,30.0)
(16.0,30.0)
(515.0,30.0)
(515.0,30.0)
(515.0,30.0)
(515.0,30.0)
(503.0,30.0)
(515.0,30.0)
(515.0,30.0)
(503.0,30.0)
(515.0,30.0)
(515.0,30.0)
(515.0,30.0)
(503.0,30.0)
(515.0,30.0)
(515.0,30.0)
(29.0,30.0)
(503.0,30.0)
(515.0,30.0)
(515.0,30.0)
(515.0,30.0)
(515.0,30.0)
(18.0,30.0)
(30.0,30.0)
(515.0,30.0)
(16.0,30.0)
(516.0,30.0)
(515.0,30.0)
(511.0,30.0)
(511.0,30.0)
(503.0,30.0)
(503.0,30.0)
(515.0,30.0)
(515.0,30.0)
(515.0,30.0)
(515.0,30.0)
(503.0,30.0)
(503.0,30.0)
(515.0,30.0)
(515.0,30.0)
(16.0,30.0)
(515.0,30.0)
(515.0,30.0)
(515.0,30.0)
(515.0,30.0)
(16.0,30.0)
(515.0,30.0)
(515.0,30.0)
(515.0,30.0)
(512.0,30.0)
(515.0,30.0)
(515.0,30.0)
(515.0,30.0)
(16.0,30.0)
(17.0,30.0)
(25.0,30.0)
(511.0,30.0)
(16.0,30.0)
(16.0,30.0)
(511.0,30.0)
(515.0,30.0)
(515.0,30.0)
(503.0,30.0)
(503.0,30.0)
(515.0,30.0)
(16.0,30.0)
(515.0,30.0)
(511.0,30.0)
(515.0,30.0)
(30.0,30.0)
(515.0,30.0)
(503.0,30.0)
(511.0,30.0)
(29.0,30.0)
(515.0,30.0)
(515.0,30.0)
(511.0,30.0)
(17.0,30.0)
(515.0,30.0)
(16.0,30.0)
(515.0,30.0)
(515.0,30.0)
(515.0,30.0)
(30.0,30.0)
(503.0,30.0)
(503.0,30.0)
(503.0,30.0)
(515.0,30.0)
(515.0,30.0)
(515.0,30.0)
(16.0,30.0)
(515.0,30.0)
(515.0,30.0)
(17.0,511.0)
(506.0,511.0)
(515.0,511.0)
(17.0,511.0)
(515.0,511.0)
(503.0,511.0)
(515.0,511.0)
(29.0,511.0)
(459.0,511.0)
(29.0,511.0)
(29.0,511.0)
(16.0,511.0)
(515.0,511.0)
(515.0,511.0)
(515.0,511.0)
(17.0,511.0)
(503.0,511.0)
(15.0,511.0)
(515.0,511.0)
(28.0,511.0)
(515.0,511.0)
(515.0,511.0)
(16.0,511.0)
(515.0,511.0)
(503.0,511.0)
(515.0,511.0)
(515.0,511.0)
(16.0,511.0)
(459.0,511.0)
(515.0,511.0)
(17.0,511.0)
(515.0,511.0)
(515.0,511.0)
(511.0,511.0)
(515.0,511.0)
(17.0,511.0)
(17.0,511.0)
(511.0,511.0)
(515.0,511.0)
(515.0,511.0)
(515.0,511.0)
(17.0,511.0)
(515.0,511.0)
(16.0,511.0)
(503.0,511.0)
(515.0,511.0)
(503.0,511.0)
(515.0,511.0)
(515.0,511.0)
(515.0,511.0)
(17.0,511.0)
(515.0,511.0)
(506.0,511.0)
(515.0,511.0)
(515.0,511.0)
(29.0,511.0)
(511.0,511.0)
(503.0,511.0)
(15.0,511.0)
(16.0,511.0)
(498.0,511.0)
(515.0,511.0)
(515.0,511.0)
(503.0,511.0)
(17.0,511.0)
(515.0,511.0)
(515.0,511.0)
(515.0,511.0)
(16.0,511.0)
(17.0,511.0)
(29.0,511.0)
(515.0,511.0)
(516.0,511.0)
(511.0,511.0)
(515.0,511.0)
(17.0,511.0)
(515.0,511.0)
(515.0,511.0)
(515.0,511.0)
(515.0,511.0)
(15.0,511.0)
(17.0,511.0)
(17.0,511.0)
(515.0,511.0)
(515.0,511.0)
(515.0,511.0)
(515.0,511.0)
(515.0,511.0)
(515.0,511.0)
(515.0,511.0)
(17.0,511.0)
(16.0,511.0)
(515.0,511.0)
(515.0,511.0)
(515.0,511.0)
(511.0,511.0)
(515.0,511.0)
(515.0,511.0)
(515.0,511.0)
(515.0,511.0)
(503.0,511.0)
(515.0,511.0)
(16.0,511.0)
(16.0,511.0)
(511.0,511.0)
(515.0,511.0)
(515.0,511.0)
(515.0,511.0)
(515.0,511.0)
(17.0,511.0)
(11.0,511.0)
(515.0,511.0)
(511.0,511.0)
(16.0,511.0)
(511.0,511.0)
(515.0,511.0)
(447.0,511.0)
(515.0,511.0)
(18.0,511.0)
(515.0,511.0)
(29.0,511.0)
(511.0,511.0)
(17.0,511.0)
(515.0,511.0)
(515.0,511.0)
(503.0,511.0)
(515.0,511.0)
(515.0,511.0)
(29.0,511.0)
(515.0,511.0)
(515.0,511.0)
(17.0,511.0)
(515.0,511.0)
(17.0,511.0)
(503.0,511.0)
(17.0,511.0)
(515.0,511.0)
(16.0,512.0)
(515.0,512.0)
(503.0,512.0)
(515.0,512.0)
(515.0,512.0)
(515.0,512.0)
(503.0,512.0)
(515.0,512.0)
(18.0,512.0)
(17.0,512.0)
(16.0,512.0)
(515.0,512.0)
(29.0,512.0)
(17.0,512.0)
(515.0,512.0)
(515.0,512.0)
(459.0,512.0)
(503.0,512.0)
(29.0,512.0)
(515.0,512.0)
(16.0,512.0)
(11.0,512.0)
(511.0,512.0)
(515.0,512.0)
(515.0,512.0)
(515.0,512.0)
(515.0,512.0)
(29.0,512.0)
(515.0,512.0)
(515.0,512.0)
(512.0,512.0)
(515.0,512.0)
(503.0,512.0)
(515.0,512.0)
(16.0,512.0)
(515.0,512.0)
(17.0,512.0)
(515.0,512.0)
(515.0,512.0)
(515.0,512.0)
(515.0,512.0)
(29.0,512.0)
(16.0,512.0)
(515.0,512.0)
(511.0,512.0)
(503.0,512.0)
(16.0,512.0)
(503.0,512.0)
(515.0,512.0)
(515.0,512.0)
(417.0,512.0)
(13.0,512.0)
(515.0,512.0)
(515.0,512.0)
(503.0,512.0)
(510.0,512.0)
(515.0,512.0)
(515.0,512.0)
(515.0,512.0)
(30.0,512.0)
(503.0,512.0)
(29.0,512.0)
(515.0,512.0)
(515.0,512.0)
(515.0,512.0)
(515.0,512.0)
(13.0,512.0)
(515.0,512.0)
(515.0,512.0)
(17.0,512.0)
(515.0,512.0)
(417.0,512.0)
(503.0,512.0)
(515.0,512.0)
(515.0,512.0)
(515.0,512.0)
(515.0,512.0)
(515.0,512.0)
(515.0,512.0)
(503.0,512.0)
(503.0,512.0)
(515.0,512.0)
(515.0,512.0)
(17.0,512.0)
(516.0,512.0)
(515.0,512.0)
(515.0,512.0)
(29.0,512.0)
(511.0,512.0)
(11.0,512.0)
(15.0,512.0)
(515.0,512.0)
(13.0,512.0)
(503.0,512.0)
(22.0,512.0)
(512.0,512.0)
(515.0,512.0)
(515.0,512.0)
(515.0,512.0)
(16.0,512.0)
(503.0,512.0)
(515.0,512.0)
(515.0,512.0)
(515.0,512.0)
(515.0,512.0)
(515.0,512.0)
(515.0,512.0)
(503.0,512.0)
