(400.0,398.0)
(398.0,398.0)
(387.0,398.0)
(387.0,398.0)
(398.0,398.0)
(398.0,398.0)
(398.0,398.0)
(398.0,398.0)
(387.0,398.0)
(398.0,398.0)
(400.0,398.0)
(398.0,398.0)
(398.0,398.0)
(398.0,398.0)
(398.0,398.0)
(387.0,398.0)
(398.0,398.0)
(387.0,398.0)
(398.0,398.0)
(387.0,398.0)
(387.0,398.0)
(398.0,398.0)
(390.0,398.0)
(387.0,398.0)
(387.0,398.0)
(398.0,398.0)
(387.0,398.0)
(398.0,398.0)
(398.0,398.0)
(387.0,398.0)
(398.0,398.0)
(399.0,398.0)
(398.0,398.0)
(398.0,398.0)
(387.0,398.0)
(398.0,398.0)
(398.0,398.0)
(387.0,398.0)
(387.0,398.0)
(398.0,398.0)
(398.0,398.0)
(398.0,398.0)
(398.0,398.0)
(758.0,398.0)
(387.0,398.0)
(398.0,398.0)
(387.0,398.0)
(399.0,398.0)
(387.0,398.0)
(398.0,398.0)
(387.0,398.0)
(387.0,398.0)
(398.0,398.0)
(387.0,398.0)
(387.0,398.0)
(398.0,398.0)
(387.0,398.0)
(387.0,398.0)
(399.0,398.0)
(387.0,398.0)
(399.0,398.0)
(399.0,398.0)
(387.0,398.0)
(387.0,398.0)
(387.0,398.0)
(398.0,398.0)
(387.0,398.0)
(398.0,398.0)
(387.0,398.0)
(398.0,398.0)
(387.0,398.0)
(398.0,398.0)
(398.0,398.0)
(398.0,398.0)
(398.0,398.0)
(387.0,398.0)
(387.0,398.0)
(387.0,398.0)
(399.0,398.0)
(387.0,398.0)
(387.0,398.0)
(387.0,398.0)
(387.0,398.0)
(398.0,398.0)
(398.0,398.0)
(391.0,398.0)
(387.0,398.0)
(387.0,398.0)
(387.0,398.0)
(387.0,398.0)
(387.0,398.0)
(387.0,398.0)
(387.0,398.0)
(387.0,398.0)
(399.0,398.0)
(387.0,398.0)
(387.0,398.0)
(438.0,398.0)
(398.0,398.0)
(398.0,398.0)
(387.0,398.0)
(398.0,398.0)
(398.0,398.0)
(398.0,398.0)
(387.0,398.0)
(398.0,398.0)
(398.0,398.0)
(398.0,398.0)
(387.0,398.0)
(387.0,398.0)
(398.0,398.0)
(387.0,398.0)
(398.0,398.0)
(389.0,398.0)
(459.0,398.0)
(391.0,398.0)
(387.0,398.0)
(399.0,398.0)
(398.0,398.0)
(389.0,398.0)
(387.0,398.0)
(387.0,398.0)
(387.0,398.0)
(398.0,398.0)
(386.0,398.0)
(398.0,398.0)
(398.0,398.0)
(398.0,398.0)
(387.0,398.0)
(398.0,398.0)
(387.0,398.0)
(398.0,398.0)
(387.0,398.0)
(398.0,398.0)
(387.0,398.0)
(389.0,398.0)
(398.0,398.0)
(398.0,398.0)
(391.0,398.0)
(398.0,398.0)
(398.0,398.0)
(387.0,398.0)
(387.0,398.0)
(386.0,398.0)
(387.0,398.0)
(387.0,398.0)
(387.0,398.0)
(387.0,398.0)
(383.0,398.0)
(399.0,398.0)
(398.0,398.0)
(387.0,398.0)
(387.0,398.0)
(398.0,398.0)
(387.0,398.0)
(387.0,398.0)
(398.0,398.0)
(387.0,398.0)
(398.0,398.0)
(387.0,398.0)
(387.0,398.0)
(387.0,398.0)
(387.0,398.0)
(387.0,398.0)
(398.0,398.0)
(398.0,398.0)
(399.0,398.0)
(387.0,398.0)
(387.0,398.0)
(387.0,398.0)
(398.0,398.0)
(398.0,398.0)
(387.0,398.0)
(398.0,398.0)
(387.0,398.0)
(386.0,398.0)
(398.0,398.0)
(387.0,398.0)
(389.0,398.0)
(387.0,398.0)
(389.0,398.0)
(387.0,398.0)
(398.0,398.0)
(387.0,398.0)
(387.0,398.0)
(387.0,398.0)
(398.0,398.0)
(398.0,398.0)
(387.0,398.0)
(387.0,398.0)
(399.0,398.0)
(387.0,398.0)
(398.0,398.0)
(387.0,398.0)
(398.0,398.0)
(387.0,398.0)
(391.0,398.0)
(387.0,398.0)
(398.0,398.0)
(758.0,398.0)
(398.0,398.0)
(434.0,398.0)
(387.0,398.0)
(387.0,398.0)
(398.0,398.0)
(387.0,398.0)
(398.0,398.0)
(387.0,398.0)
(399.0,398.0)
(398.0,398.0)
(387.0,398.0)
(387.0,398.0)
(387.0,398.0)
(398.0,398.0)
(387.0,398.0)
(387.0,398.0)
(398.0,398.0)
(386.0,398.0)
(387.0,398.0)
(387.0,398.0)
(387.0,398.0)
(387.0,398.0)
(387.0,398.0)
(387.0,398.0)
(387.0,398.0)
(398.0,398.0)
(399.0,398.0)
(387.0,398.0)
(398.0,398.0)
(387.0,398.0)
(398.0,398.0)
(398.0,398.0)
(387.0,398.0)
(387.0,398.0)
(387.0,398.0)
(387.0,398.0)
(387.0,398.0)
(387.0,398.0)
(398.0,398.0)
(387.0,398.0)
(398.0,398.0)
(387.0,398.0)
(399.0,398.0)
(398.0,398.0)
(398.0,398.0)
(399.0,398.0)
(387.0,398.0)
(387.0,398.0)
(398.0,398.0)
(398.0,398.0)
(389.0,398.0)
(391.0,398.0)
(387.0,398.0)
(387.0,398.0)
(398.0,398.0)
(399.0,398.0)
(461.0,398.0)
(387.0,398.0)
(399.0,398.0)
(387.0,398.0)
(387.0,398.0)
(387.0,398.0)
(399.0,398.0)
(387.0,398.0)
(387.0,398.0)
(387.0,398.0)
(399.0,398.0)
(387.0,398.0)
(399.0,398.0)
(398.0,398.0)
(387.0,398.0)
(387.0,398.0)
(391.0,398.0)
(387.0,398.0)
(391.0,398.0)
(398.0,398.0)
(399.0,398.0)
(399.0,398.0)
(398.0,398.0)
(398.0,398.0)
(387.0,398.0)
(398.0,398.0)
(398.0,398.0)
(398.0,398.0)
(387.0,398.0)
(387.0,398.0)
(387.0,398.0)
(387.0,398.0)
(387.0,398.0)
(387.0,398.0)
(387.0,398.0)
(389.0,398.0)
(387.0,398.0)
(387.0,398.0)
(387.0,398.0)
(387.0,398.0)
(398.0,398.0)
(398.0,398.0)
(387.0,398.0)
(398.0,398.0)
(387.0,398.0)
(387.0,398.0)
(387.0,398.0)
(398.0,398.0)
(416.0,398.0)
(387.0,398.0)
(398.0,398.0)
(389.0,398.0)
(387.0,398.0)
(387.0,398.0)
(387.0,398.0)
(398.0,398.0)
(387.0,398.0)
(387.0,398.0)
(387.0,398.0)
(398.0,398.0)
(398.0,398.0)
(398.0,398.0)
(398.0,398.0)
(387.0,398.0)
(387.0,398.0)
(387.0,398.0)
(398.0,398.0)
(398.0,398.0)
(391.0,398.0)
(387.0,398.0)
(398.0,398.0)
(398.0,398.0)
(398.0,398.0)
(386.0,398.0)
(398.0,398.0)
(398.0,398.0)
(386.0,398.0)
(389.0,398.0)
(387.0,398.0)
(398.0,398.0)
(387.0,398.0)
(398.0,398.0)
(398.0,398.0)
(387.0,398.0)
(398.0,398.0)
(398.0,398.0)
(387.0,398.0)
(398.0,398.0)
(398.0,398.0)
(387.0,398.0)
(387.0,398.0)
(399.0,398.0)
(398.0,398.0)
(398.0,398.0)
(398.0,398.0)
(387.0,398.0)
(398.0,398.0)
(387.0,398.0)
(398.0,398.0)
(387.0,398.0)
(387.0,398.0)
(387.0,398.0)
(398.0,398.0)
(387.0,398.0)
(398.0,398.0)
(387.0,398.0)
(398.0,398.0)
(398.0,398.0)
(461.0,398.0)
(398.0,398.0)
(386.0,398.0)
(387.0,398.0)
(398.0,398.0)
(398.0,398.0)
(387.0,398.0)
(398.0,398.0)
(387.0,398.0)
(387.0,398.0)
(398.0,398.0)
(387.0,398.0)
(398.0,398.0)
(387.0,398.0)
(387.0,398.0)
(389.0,398.0)
(387.0,398.0)
(387.0,398.0)
(387.0,398.0)
(398.0,398.0)
(398.0,398.0)
(398.0,398.0)
(398.0,398.0)
(397.0,398.0)
(387.0,398.0)
(398.0,398.0)
(398.0,398.0)
(387.0,398.0)
(398.0,398.0)
(387.0,398.0)
(387.0,398.0)
(398.0,398.0)
(398.0,398.0)
(387.0,398.0)
(387.0,398.0)
(387.0,398.0)
(387.0,398.0)
(387.0,398.0)
(398.0,398.0)
(402.0,398.0)
(389.0,398.0)
(399.0,398.0)
(387.0,398.0)
(387.0,398.0)
(398.0,398.0)
(387.0,398.0)
(387.0,398.0)
(387.0,398.0)
(398.0,398.0)
(387.0,398.0)
(387.0,398.0)
(398.0,398.0)
(398.0,398.0)
(387.0,398.0)
(389.0,398.0)
(387.0,398.0)
(387.0,398.0)
(387.0,398.0)
(398.0,398.0)
(398.0,398.0)
(387.0,398.0)
(387.0,398.0)
(387.0,398.0)
(398.0,398.0)
(398.0,398.0)
(387.0,398.0)
(399.0,398.0)
(398.0,398.0)
(387.0,398.0)
(389.0,398.0)
(387.0,398.0)
(387.0,398.0)
(387.0,398.0)
(398.0,398.0)
(399.0,398.0)
(387.0,398.0)
(387.0,398.0)
(387.0,398.0)
(387.0,398.0)
(758.0,398.0)
(387.0,398.0)
(398.0,398.0)
(398.0,398.0)
(398.0,398.0)
(387.0,398.0)
(398.0,398.0)
(387.0,398.0)
(398.0,398.0)
(387.0,398.0)
(387.0,398.0)
(387.0,398.0)
(387.0,398.0)
(387.0,398.0)
(398.0,398.0)
(398.0,398.0)
(387.0,398.0)
(387.0,398.0)
(389.0,398.0)
(387.0,398.0)
(398.0,398.0)
(398.0,398.0)
(398.0,398.0)
(398.0,398.0)
(387.0,398.0)
(387.0,398.0)
(387.0,398.0)
(398.0,398.0)
(387.0,398.0)
(387.0,398.0)
(398.0,398.0)
(387.0,398.0)
(398.0,398.0)
(387.0,398.0)
(387.0,398.0)
(398.0,398.0)
(387.0,398.0)
(388.0,398.0)
(398.0,398.0)
(387.0,398.0)
(387.0,398.0)
(387.0,398.0)
(387.0,398.0)
(387.0,398.0)
(387.0,398.0)
(387.0,398.0)
(398.0,398.0)
(387.0,398.0)
(398.0,398.0)
(398.0,398.0)
(398.0,398.0)
(398.0,398.0)
(387.0,398.0)
(398.0,398.0)
(387.0,398.0)
(398.0,398.0)
(398.0,398.0)
(387.0,398.0)
(387.0,398.0)
(387.0,398.0)
(398.0,398.0)
(387.0,398.0)
(398.0,398.0)
(387.0,398.0)
(417.0,398.0)
(387.0,398.0)
(398.0,398.0)
(387.0,398.0)
(398.0,398.0)
(387.0,398.0)
(398.0,398.0)
(398.0,398.0)
(387.0,398.0)
(398.0,398.0)
(387.0,398.0)
(387.0,398.0)
(398.0,398.0)
(387.0,398.0)
(387.0,398.0)
(387.0,398.0)
(398.0,398.0)
(387.0,398.0)
(398.0,398.0)
(398.0,398.0)
(398.0,398.0)
(398.0,398.0)
(398.0,398.0)
(387.0,398.0)
(387.0,398.0)
(398.0,398.0)
(387.0,398.0)
(387.0,398.0)
(398.0,398.0)
(387.0,398.0)
(387.0,398.0)
(398.0,398.0)
(398.0,398.0)
(387.0,398.0)
(387.0,398.0)
(387.0,398.0)
(398.0,398.0)
(398.0,398.0)
(387.0,398.0)
(398.0,398.0)
(387.0,398.0)
(398.0,398.0)
(387.0,398.0)
(398.0,398.0)
(381.0,398.0)
(398.0,398.0)
(398.0,398.0)
(387.0,398.0)
(387.0,398.0)
(398.0,398.0)
(387.0,398.0)
(398.0,398.0)
(387.0,398.0)
(387.0,398.0)
(399.0,398.0)
(398.0,398.0)
(399.0,398.0)
(398.0,398.0)
(387.0,398.0)
(398.0,398.0)
(387.0,398.0)
(398.0,398.0)
(387.0,398.0)
(387.0,398.0)
(387.0,398.0)
(387.0,398.0)
(387.0,398.0)
(398.0,398.0)
(398.0,398.0)
(387.0,398.0)
(387.0,398.0)
(387.0,398.0)
(387.0,398.0)
(387.0,398.0)
(391.0,398.0)
(387.0,398.0)
(386.0,398.0)
(398.0,398.0)
(387.0,398.0)
(399.0,398.0)
(387.0,398.0)
(387.0,398.0)
(399.0,398.0)
(398.0,398.0)
(398.0,398.0)
(387.0,398.0)
(387.0,398.0)
(387.0,398.0)
(387.0,398.0)
(398.0,398.0)
(387.0,398.0)
(398.0,398.0)
(387.0,398.0)
(387.0,398.0)
(398.0,398.0)
(387.0,398.0)
(387.0,398.0)
(386.0,398.0)
(398.0,398.0)
(387.0,398.0)
(387.0,398.0)
(387.0,398.0)
(387.0,398.0)
(387.0,398.0)
(387.0,398.0)
(398.0,398.0)
(387.0,398.0)
(398.0,398.0)
(387.0,398.0)
(398.0,398.0)
(387.0,398.0)
(398.0,398.0)
(387.0,398.0)
(387.0,398.0)
(398.0,398.0)
(398.0,398.0)
(398.0,398.0)
(398.0,398.0)
(387.0,398.0)
(387.0,398.0)
(398.0,398.0)
(398.0,398.0)
(387.0,398.0)
(398.0,398.0)
(387.0,398.0)
(398.0,398.0)
(398.0,398.0)
(398.0,398.0)
(387.0,398.0)
(387.0,398.0)
(440.0,398.0)
(387.0,398.0)
(440.0,398.0)
(398.0,398.0)
(398.0,398.0)
(398.0,398.0)
(398.0,398.0)
(387.0,398.0)
(387.0,398.0)
(398.0,398.0)
(387.0,398.0)
(398.0,398.0)
(398.0,398.0)
(387.0,398.0)
(398.0,398.0)
(387.0,398.0)
(387.0,398.0)
(398.0,398.0)
(387.0,398.0)
(387.0,398.0)
(398.0,398.0)
(387.0,398.0)
(387.0,398.0)
(398.0,398.0)
(387.0,398.0)
(387.0,398.0)
(464.0,398.0)
(387.0,398.0)
(387.0,398.0)
(398.0,398.0)
(398.0,398.0)
(387.0,398.0)
(387.0,398.0)
(387.0,398.0)
(398.0,398.0)
(387.0,398.0)
(398.0,398.0)
(398.0,398.0)
(387.0,398.0)
(398.0,398.0)
(398.0,398.0)
(398.0,398.0)
(387.0,398.0)
(398.0,398.0)
(398.0,398.0)
(387.0,398.0)
(387.0,398.0)
(387.0,398.0)
(398.0,398.0)
(387.0,398.0)
(771.0,398.0)
(398.0,398.0)
(398.0,398.0)
(398.0,398.0)
(387.0,398.0)
(387.0,398.0)
(387.0,398.0)
(398.0,398.0)
(387.0,398.0)
(387.0,398.0)
(387.0,398.0)
(398.0,398.0)
(398.0,398.0)
(387.0,398.0)
(398.0,398.0)
(387.0,398.0)
(398.0,398.0)
(387.0,398.0)
(387.0,398.0)
(387.0,398.0)
(398.0,398.0)
(387.0,398.0)
(387.0,398.0)
(398.0,398.0)
(387.0,398.0)
(387.0,398.0)
(398.0,398.0)
(387.0,398.0)
(387.0,398.0)
(387.0,398.0)
(387.0,398.0)
(398.0,398.0)
(387.0,398.0)
(387.0,398.0)
(387.0,398.0)
(398.0,398.0)
(387.0,398.0)
(387.0,398.0)
(387.0,398.0)
(386.0,398.0)
(398.0,398.0)
(389.0,398.0)
(398.0,398.0)
(386.0,398.0)
(387.0,398.0)
(398.0,398.0)
(398.0,398.0)
(398.0,398.0)
(387.0,398.0)
(387.0,398.0)
(387.0,398.0)
(398.0,398.0)
(387.0,398.0)
(399.0,398.0)
(398.0,398.0)
(387.0,398.0)
(398.0,398.0)
(387.0,398.0)
(398.0,398.0)
(398.0,398.0)
(398.0,398.0)
(387.0,398.0)
(398.0,398.0)
(398.0,398.0)
(398.0,398.0)
(398.0,398.0)
(398.0,398.0)
(398.0,398.0)
(387.0,398.0)
(387.0,398.0)
(387.0,398.0)
(387.0,398.0)
(387.0,398.0)
(387.0,398.0)
(398.0,398.0)
(398.0,398.0)
(387.0,398.0)
(387.0,398.0)
(386.0,398.0)
(387.0,398.0)
(387.0,398.0)
(398.0,398.0)
(387.0,398.0)
(387.0,398.0)
(387.0,398.0)
(398.0,398.0)
(398.0,398.0)
(387.0,398.0)
(387.0,398.0)
(387.0,398.0)
(391.0,398.0)
(387.0,398.0)
(387.0,398.0)
(399.0,398.0)
(387.0,398.0)
(387.0,398.0)
(398.0,398.0)
(387.0,398.0)
(387.0,398.0)
(398.0,398.0)
(387.0,398.0)
(387.0,398.0)
(387.0,398.0)
(387.0,398.0)
(398.0,398.0)
(387.0,398.0)
(398.0,398.0)
(387.0,398.0)
(387.0,398.0)
(391.0,398.0)
(387.0,398.0)
(387.0,398.0)
(387.0,398.0)
(387.0,398.0)
(398.0,398.0)
(387.0,398.0)
(387.0,398.0)
(387.0,398.0)
(398.0,398.0)
(387.0,398.0)
(398.0,398.0)
(387.0,398.0)
(398.0,398.0)
(387.0,398.0)
(387.0,398.0)
(387.0,398.0)
(387.0,398.0)
(398.0,398.0)
(398.0,398.0)
(387.0,398.0)
(387.0,398.0)
(387.0,398.0)
(387.0,398.0)
(387.0,398.0)
(398.0,398.0)
(398.0,398.0)
(398.0,398.0)
(387.0,398.0)
(399.0,398.0)
(398.0,398.0)
(387.0,398.0)
(387.0,398.0)
(387.0,398.0)
(387.0,398.0)
(387.0,398.0)
(387.0,398.0)
(391.0,398.0)
(417.0,398.0)
(398.0,398.0)
(387.0,398.0)
(387.0,398.0)
(398.0,398.0)
(387.0,398.0)
(387.0,398.0)
(387.0,398.0)
(387.0,398.0)
(398.0,398.0)
(387.0,398.0)
(398.0,398.0)
(758.0,398.0)
(398.0,398.0)
(387.0,398.0)
(387.0,398.0)
(398.0,398.0)
(398.0,398.0)
(398.0,398.0)
(387.0,398.0)
(387.0,398.0)
(387.0,398.0)
(398.0,398.0)
(398.0,398.0)
(398.0,398.0)
(387.0,398.0)
(387.0,398.0)
(387.0,398.0)
(387.0,398.0)
(387.0,398.0)
(387.0,398.0)
(398.0,398.0)
(387.0,398.0)
(398.0,398.0)
(387.0,398.0)
(387.0,398.0)
(398.0,398.0)
(387.0,398.0)
(386.0,398.0)
(398.0,398.0)
(398.0,398.0)
(389.0,398.0)
(387.0,398.0)
(387.0,398.0)
(387.0,398.0)
(387.0,398.0)
(398.0,398.0)
(387.0,398.0)
(398.0,398.0)
(387.0,398.0)
(387.0,398.0)
(387.0,398.0)
(398.0,398.0)
(387.0,398.0)
(398.0,398.0)
(398.0,398.0)
(387.0,398.0)
(387.0,398.0)
(387.0,398.0)
(387.0,398.0)
(398.0,398.0)
(398.0,398.0)
(387.0,398.0)
(398.0,398.0)
(387.0,398.0)
(387.0,398.0)
(387.0,398.0)
(387.0,398.0)
(387.0,398.0)
(398.0,398.0)
(398.0,398.0)
(387.0,398.0)
(387.0,398.0)
(387.0,398.0)
(387.0,398.0)
(387.0,398.0)
(387.0,398.0)
(398.0,398.0)
(398.0,398.0)
(398.0,398.0)
(387.0,398.0)
(398.0,398.0)
(398.0,398.0)
(398.0,398.0)
(387.0,398.0)
(398.0,398.0)
(398.0,398.0)
(398.0,398.0)
(387.0,398.0)
(398.0,398.0)
(398.0,398.0)
(398.0,398.0)
(387.0,398.0)
(398.0,398.0)
(387.0,398.0)
(398.0,398.0)
(398.0,398.0)
(398.0,398.0)
(387.0,398.0)
(771.0,398.0)
(387.0,398.0)
(387.0,398.0)
(398.0,398.0)
(387.0,398.0)
(398.0,398.0)
(398.0,398.0)
(387.0,398.0)
(398.0,398.0)
(387.0,398.0)
(398.0,398.0)
(387.0,398.0)
(399.0,398.0)
(398.0,398.0)
(398.0,398.0)
(387.0,398.0)
(387.0,398.0)
(398.0,398.0)
(398.0,398.0)
(399.0,398.0)
(398.0,398.0)
(464.0,398.0)
(398.0,398.0)
(398.0,398.0)
(386.0,398.0)
(398.0,398.0)
(398.0,398.0)
(398.0,398.0)
(398.0,398.0)
(387.0,398.0)
(398.0,398.0)
(398.0,398.0)
(398.0,398.0)
(398.0,398.0)
(387.0,398.0)
(398.0,398.0)
(387.0,398.0)
(387.0,398.0)
(398.0,398.0)
(398.0,398.0)
(461.0,398.0)
(398.0,398.0)
(398.0,398.0)
(398.0,398.0)
(398.0,398.0)
(398.0,398.0)
(387.0,398.0)
(387.0,398.0)
(398.0,398.0)
(398.0,398.0)
(398.0,398.0)
(387.0,398.0)
(398.0,398.0)
(398.0,398.0)
(387.0,398.0)
(398.0,398.0)
(461.0,398.0)
(398.0,398.0)
(398.0,398.0)
(398.0,398.0)
(398.0,398.0)
(387.0,398.0)
(387.0,398.0)
(398.0,398.0)
(387.0,398.0)
(398.0,398.0)
(399.0,398.0)
(398.0,398.0)
(387.0,398.0)
(398.0,398.0)
(398.0,398.0)
(387.0,398.0)
(398.0,398.0)
(387.0,398.0)
(398.0,398.0)
(398.0,398.0)
(387.0,398.0)
(398.0,398.0)
(398.0,398.0)
(398.0,398.0)
(387.0,398.0)
(387.0,398.0)
(398.0,398.0)
(398.0,398.0)
(398.0,398.0)
(398.0,398.0)
(387.0,398.0)
(398.0,398.0)
(398.0,398.0)
(387.0,398.0)
(398.0,398.0)
(387.0,398.0)
(398.0,398.0)
(398.0,398.0)
(398.0,398.0)
(398.0,398.0)
(398.0,398.0)
(387.0,398.0)
(387.0,398.0)
(398.0,398.0)
(387.0,398.0)
(387.0,398.0)
(398.0,398.0)
(389.0,398.0)
(398.0,398.0)
(387.0,398.0)
(393.0,398.0)
(398.0,398.0)
(387.0,398.0)
(398.0,398.0)
(461.0,398.0)
(398.0,398.0)
(398.0,398.0)
(398.0,398.0)
(399.0,398.0)
(398.0,398.0)
(398.0,398.0)
(398.0,398.0)
(398.0,398.0)
(398.0,398.0)
(387.0,398.0)
(440.0,398.0)
(393.0,398.0)
(387.0,398.0)
(398.0,398.0)
(387.0,398.0)
(461.0,398.0)
(398.0,398.0)
(398.0,398.0)
(398.0,398.0)
(387.0,398.0)
(387.0,398.0)
(398.0,398.0)
(398.0,398.0)
(398.0,398.0)
(398.0,398.0)
(398.0,398.0)
(398.0,398.0)
(387.0,398.0)
(398.0,398.0)
(398.0,398.0)
(387.0,398.0)
(398.0,398.0)
(398.0,398.0)
(398.0,398.0)
(387.0,398.0)
(398.0,398.0)
(398.0,398.0)
(398.0,398.0)
(398.0,398.0)
(387.0,398.0)
(387.0,398.0)
(387.0,398.0)
(398.0,398.0)
(387.0,398.0)
(387.0,398.0)
(387.0,398.0)
(387.0,398.0)
(398.0,398.0)
(398.0,398.0)
(398.0,398.0)
(387.0,398.0)
(387.0,398.0)
(398.0,398.0)
(461.0,398.0)
(398.0,398.0)
(387.0,398.0)
(398.0,398.0)
(417.0,398.0)
(398.0,398.0)
(398.0,398.0)
(398.0,398.0)
(398.0,398.0)
(398.0,398.0)
(398.0,398.0)
(387.0,398.0)
(398.0,398.0)
(398.0,398.0)
(398.0,398.0)
(398.0,398.0)
(398.0,398.0)
(398.0,398.0)
(398.0,398.0)
(398.0,398.0)
(398.0,398.0)
(398.0,398.0)
(398.0,398.0)
(398.0,398.0)
(398.0,398.0)
(398.0,398.0)
(398.0,398.0)
(398.0,398.0)
(398.0,398.0)
(398.0,398.0)
(398.0,398.0)
(398.0,398.0)
(398.0,398.0)
(398.0,398.0)
(398.0,398.0)
(398.0,398.0)
(387.0,398.0)
(398.0,398.0)
(398.0,398.0)
(398.0,398.0)
(398.0,398.0)
(387.0,398.0)
(398.0,398.0)
(398.0,398.0)
(387.0,398.0)
(397.0,398.0)
(398.0,398.0)
(398.0,398.0)
(398.0,398.0)
(398.0,398.0)
(398.0,398.0)
(398.0,398.0)
(398.0,398.0)
(398.0,398.0)
(398.0,398.0)
(398.0,398.0)
(398.0,398.0)
(398.0,398.0)
(398.0,398.0)
(398.0,398.0)
(387.0,398.0)
(387.0,398.0)
(387.0,398.0)
(398.0,398.0)
(387.0,398.0)
(389.0,398.0)
(398.0,398.0)
(398.0,398.0)
(398.0,398.0)
(387.0,398.0)
(398.0,398.0)
(398.0,398.0)
(398.0,398.0)
(398.0,398.0)
(387.0,398.0)
(398.0,398.0)
(398.0,398.0)
(398.0,398.0)
(398.0,398.0)
(398.0,398.0)
(389.0,398.0)
(398.0,398.0)
(398.0,398.0)
(398.0,398.0)
(398.0,398.0)
(398.0,398.0)
(398.0,398.0)
(398.0,398.0)
(397.0,398.0)
(398.0,398.0)
(398.0,398.0)
(398.0,398.0)
(398.0,398.0)
(387.0,398.0)
(398.0,398.0)
(398.0,398.0)
(398.0,398.0)
(398.0,398.0)
(398.0,398.0)
(398.0,398.0)
(398.0,398.0)
(398.0,398.0)
(398.0,398.0)
(398.0,398.0)
(398.0,398.0)
(398.0,398.0)
(398.0,398.0)
(398.0,398.0)
(398.0,398.0)
(398.0,398.0)
(398.0,398.0)
(398.0,398.0)
(398.0,398.0)
(398.0,398.0)
(398.0,398.0)
(398.0,398.0)
(398.0,398.0)
(398.0,398.0)
(398.0,398.0)
(387.0,398.0)
(387.0,398.0)
(398.0,398.0)
(398.0,398.0)
(387.0,398.0)
(387.0,398.0)
(398.0,398.0)
(398.0,398.0)
(398.0,398.0)
(398.0,398.0)
(389.0,398.0)
(398.0,398.0)
(398.0,398.0)
(398.0,398.0)
(398.0,398.0)
(398.0,398.0)
(398.0,398.0)
(398.0,398.0)
(397.0,398.0)
(398.0,398.0)
(398.0,398.0)
(398.0,398.0)
(398.0,398.0)
(417.0,398.0)
(398.0,398.0)
(398.0,398.0)
(398.0,398.0)
(398.0,398.0)
(398.0,398.0)
(398.0,398.0)
(398.0,398.0)
(398.0,398.0)
(398.0,398.0)
(398.0,398.0)
(398.0,398.0)
(398.0,398.0)
(398.0,398.0)
(398.0,398.0)
(398.0,398.0)
(398.0,398.0)
(398.0,398.0)
(398.0,398.0)
(398.0,398.0)
(398.0,398.0)
(398.0,398.0)
(398.0,398.0)
(398.0,398.0)
(398.0,398.0)
(398.0,398.0)
(387.0,398.0)
(398.0,398.0)
(398.0,398.0)
(398.0,398.0)
(398.0,398.0)
(398.0,398.0)
(398.0,398.0)
(398.0,398.0)
(398.0,398.0)
(387.0,398.0)
(398.0,398.0)
(398.0,398.0)
(398.0,398.0)
(398.0,398.0)
(398.0,398.0)
(398.0,398.0)
(387.0,398.0)
(398.0,398.0)
(398.0,398.0)
(757.0,398.0)
(398.0,398.0)
(398.0,398.0)
(398.0,398.0)
(398.0,398.0)
(397.0,398.0)
(387.0,398.0)
(398.0,398.0)
(398.0,398.0)
(387.0,398.0)
(398.0,398.0)
(398.0,398.0)
(398.0,398.0)
(398.0,398.0)
(398.0,398.0)
(398.0,398.0)
(387.0,398.0)
(398.0,398.0)
(398.0,398.0)
(398.0,398.0)
(398.0,398.0)
(398.0,398.0)
(398.0,398.0)
(398.0,398.0)
(398.0,398.0)
(448.0,398.0)
(398.0,398.0)
(398.0,398.0)
(387.0,398.0)
(398.0,398.0)
(398.0,398.0)
(398.0,398.0)
(398.0,398.0)
(398.0,398.0)
(398.0,398.0)
(398.0,398.0)
(398.0,398.0)
(398.0,398.0)
(398.0,398.0)
(398.0,398.0)
(784.0,398.0)
(398.0,398.0)
(398.0,398.0)
(398.0,398.0)
(398.0,398.0)
(398.0,398.0)
(398.0,398.0)
(398.0,398.0)
(398.0,398.0)
(398.0,398.0)
(398.0,398.0)
(398.0,398.0)
(387.0,398.0)
(398.0,398.0)
(397.0,398.0)
(398.0,398.0)
(398.0,398.0)
(398.0,398.0)
(398.0,398.0)
(784.0,398.0)
(435.0,398.0)
(398.0,398.0)
(398.0,398.0)
(398.0,398.0)
(398.0,398.0)
(398.0,398.0)
(398.0,398.0)
(398.0,398.0)
(398.0,398.0)
(398.0,398.0)
(387.0,398.0)
(398.0,398.0)
(398.0,398.0)
(398.0,398.0)
(398.0,398.0)
(398.0,398.0)
(387.0,398.0)
(387.0,398.0)
(398.0,398.0)
(398.0,398.0)
(398.0,398.0)
(398.0,398.0)
(398.0,398.0)
(398.0,398.0)
(391.0,398.0)
(398.0,398.0)
(398.0,398.0)
(398.0,398.0)
(398.0,398.0)
(398.0,398.0)
(398.0,398.0)
(398.0,398.0)
(398.0,398.0)
(398.0,398.0)
(398.0,398.0)
(398.0,398.0)
(398.0,398.0)
(398.0,398.0)
(398.0,398.0)
(398.0,398.0)
(398.0,398.0)
(398.0,398.0)
(398.0,398.0)
(398.0,398.0)
(398.0,398.0)
(398.0,398.0)
(387.0,398.0)
(398.0,398.0)
(398.0,398.0)
(398.0,398.0)
(398.0,398.0)
(398.0,398.0)
(387.0,398.0)
(398.0,398.0)
(398.0,398.0)
(398.0,398.0)
(398.0,398.0)
(398.0,398.0)
(398.0,398.0)
(398.0,398.0)
(398.0,398.0)
(398.0,398.0)
(398.0,398.0)
(398.0,398.0)
(387.0,398.0)
(398.0,398.0)
(398.0,398.0)
(398.0,398.0)
(398.0,398.0)
(398.0,398.0)
(398.0,398.0)
(398.0,398.0)
(387.0,398.0)
(448.0,398.0)
(398.0,398.0)
(398.0,398.0)
(398.0,398.0)
(398.0,398.0)
(398.0,398.0)
(406.0,398.0)
(398.0,398.0)
(398.0,398.0)
(387.0,398.0)
(387.0,398.0)
(398.0,398.0)
(398.0,398.0)
(398.0,398.0)
(387.0,398.0)
(398.0,398.0)
(398.0,398.0)
(387.0,398.0)
(398.0,398.0)
(398.0,398.0)
(398.0,398.0)
(398.0,398.0)
(398.0,398.0)
(398.0,398.0)
(398.0,398.0)
(398.0,398.0)
(398.0,398.0)
(398.0,398.0)
(398.0,398.0)
(398.0,398.0)
(398.0,398.0)
(398.0,398.0)
(398.0,398.0)
(398.0,398.0)
(398.0,398.0)
(398.0,398.0)
(398.0,398.0)
(398.0,398.0)
(398.0,398.0)
(398.0,398.0)
(398.0,398.0)
(398.0,398.0)
(398.0,398.0)
(398.0,398.0)
(387.0,398.0)
(398.0,398.0)
(398.0,398.0)
(398.0,398.0)
(398.0,398.0)
(398.0,398.0)
(398.0,398.0)
(398.0,398.0)
(398.0,398.0)
(398.0,398.0)
(398.0,398.0)
(398.0,398.0)
(398.0,398.0)
(398.0,398.0)
(398.0,398.0)
(387.0,398.0)
(398.0,398.0)
(398.0,398.0)
(398.0,398.0)
(398.0,398.0)
(398.0,398.0)
(398.0,398.0)
(387.0,398.0)
(398.0,398.0)
(398.0,398.0)
(398.0,398.0)
(398.0,398.0)
(398.0,398.0)
(387.0,398.0)
(398.0,398.0)
(398.0,398.0)
(398.0,398.0)
(398.0,398.0)
(398.0,398.0)
(387.0,398.0)
(398.0,398.0)
(398.0,398.0)
(398.0,398.0)
(398.0,398.0)
(398.0,398.0)
(398.0,398.0)
(398.0,398.0)
(398.0,398.0)
(398.0,398.0)
(398.0,398.0)
(398.0,398.0)
(398.0,398.0)
(398.0,398.0)
(414.0,398.0)
(398.0,398.0)
(479.0,398.0)
(398.0,398.0)
(398.0,398.0)
(398.0,398.0)
(398.0,398.0)
(386.0,398.0)
(398.0,398.0)
(398.0,398.0)
(398.0,398.0)
(398.0,398.0)
(398.0,398.0)
(398.0,398.0)
(398.0,398.0)
(398.0,398.0)
(398.0,398.0)
(398.0,398.0)
(398.0,398.0)
(398.0,398.0)
(398.0,398.0)
(398.0,398.0)
(398.0,398.0)
(398.0,398.0)
(387.0,398.0)
(398.0,398.0)
(398.0,398.0)
(398.0,398.0)
(398.0,398.0)
(398.0,398.0)
(387.0,398.0)
(398.0,398.0)
(398.0,398.0)
(398.0,398.0)
(387.0,398.0)
(398.0,398.0)
(398.0,398.0)
(398.0,398.0)
(398.0,398.0)
(398.0,398.0)
(398.0,398.0)
(398.0,398.0)
(398.0,398.0)
(398.0,398.0)
(391.0,398.0)
(398.0,398.0)
(398.0,398.0)
(398.0,398.0)
(398.0,398.0)
(398.0,398.0)
(398.0,398.0)
(398.0,398.0)
(398.0,398.0)
(398.0,398.0)
(398.0,398.0)
(398.0,398.0)
(398.0,398.0)
(389.0,398.0)
(398.0,398.0)
(398.0,398.0)
(398.0,398.0)
(398.0,398.0)
(398.0,398.0)
(398.0,398.0)
(398.0,398.0)
(387.0,398.0)
(398.0,398.0)
(398.0,398.0)
(398.0,398.0)
(398.0,398.0)
(398.0,398.0)
(398.0,398.0)
(398.0,398.0)
(398.0,398.0)
(398.0,398.0)
(398.0,398.0)
(398.0,398.0)
(398.0,398.0)
(398.0,398.0)
(398.0,398.0)
(398.0,398.0)
(398.0,398.0)
(398.0,398.0)
(398.0,398.0)
(398.0,398.0)
(398.0,398.0)
(398.0,398.0)
(398.0,398.0)
(386.0,398.0)
(417.0,398.0)
(398.0,398.0)
(387.0,398.0)
(398.0,398.0)
(398.0,398.0)
(398.0,398.0)
(398.0,398.0)
(398.0,398.0)
(387.0,398.0)
(398.0,398.0)
(398.0,398.0)
(398.0,398.0)
(398.0,398.0)
(398.0,398.0)
(398.0,398.0)
(398.0,398.0)
(398.0,398.0)
(398.0,398.0)
(398.0,398.0)
(398.0,398.0)
(387.0,398.0)
(398.0,398.0)
(398.0,398.0)
(398.0,398.0)
(398.0,398.0)
(448.0,398.0)
(391.0,398.0)
(398.0,398.0)
(398.0,398.0)
(398.0,398.0)
(387.0,398.0)
(398.0,398.0)
(398.0,398.0)
(398.0,398.0)
(398.0,398.0)
(398.0,398.0)
(398.0,398.0)
(398.0,398.0)
(417.0,398.0)
(387.0,398.0)
(398.0,398.0)
(398.0,398.0)
(398.0,398.0)
(398.0,398.0)
(398.0,398.0)
(398.0,398.0)
(398.0,398.0)
(398.0,398.0)
(398.0,398.0)
(398.0,398.0)
(398.0,398.0)
(398.0,398.0)
(479.0,398.0)
(398.0,398.0)
(398.0,398.0)
(397.0,398.0)
(398.0,398.0)
(398.0,398.0)
(398.0,398.0)
(398.0,398.0)
(398.0,398.0)
(398.0,398.0)
(398.0,398.0)
(398.0,398.0)
(398.0,398.0)
(398.0,398.0)
(387.0,398.0)
(398.0,398.0)
(398.0,398.0)
(398.0,398.0)
(398.0,398.0)
(398.0,398.0)
(398.0,398.0)
(398.0,398.0)
(398.0,398.0)
(398.0,398.0)
(398.0,398.0)
(423.0,398.0)
(398.0,398.0)
(398.0,398.0)
(398.0,398.0)
(398.0,398.0)
(398.0,398.0)
(398.0,398.0)
(398.0,398.0)
(387.0,398.0)
(398.0,398.0)
(398.0,398.0)
(398.0,398.0)
(398.0,398.0)
(398.0,398.0)
(398.0,398.0)
(387.0,398.0)
(387.0,398.0)
(398.0,398.0)
(387.0,398.0)
(398.0,398.0)
(398.0,398.0)
(398.0,398.0)
(771.0,398.0)
(398.0,398.0)
(398.0,398.0)
(398.0,398.0)
(398.0,398.0)
(398.0,398.0)
(398.0,398.0)
(398.0,398.0)
(398.0,398.0)
(398.0,398.0)
(412.0,398.0)
(398.0,398.0)
(398.0,398.0)
(398.0,398.0)
(387.0,398.0)
(398.0,398.0)
(398.0,398.0)
(387.0,398.0)
(398.0,398.0)
(397.0,398.0)
(387.0,398.0)
(398.0,398.0)
(398.0,398.0)
(398.0,398.0)
(398.0,398.0)
(398.0,398.0)
(398.0,398.0)
(398.0,398.0)
(398.0,398.0)
(398.0,398.0)
(387.0,398.0)
(398.0,398.0)
(398.0,398.0)
(398.0,398.0)
(387.0,398.0)
(398.0,398.0)
(398.0,398.0)
(398.0,398.0)
(398.0,398.0)
(398.0,398.0)
(398.0,398.0)
(398.0,398.0)
(398.0,398.0)
(387.0,398.0)
(398.0,398.0)
(398.0,398.0)
(398.0,398.0)
(398.0,398.0)
(398.0,398.0)
(386.0,398.0)
(398.0,398.0)
(398.0,398.0)
(398.0,398.0)
(398.0,398.0)
(398.0,398.0)
(398.0,398.0)
(398.0,398.0)
(398.0,398.0)
(398.0,398.0)
(398.0,398.0)
(413.0,398.0)
(398.0,398.0)
(398.0,398.0)
(398.0,398.0)
(398.0,398.0)
(387.0,398.0)
(386.0,398.0)
(387.0,398.0)
(398.0,398.0)
(398.0,398.0)
(398.0,398.0)
(398.0,398.0)
(398.0,398.0)
(387.0,398.0)
(398.0,398.0)
(398.0,398.0)
(398.0,398.0)
(398.0,398.0)
(398.0,398.0)
(398.0,398.0)
(398.0,398.0)
(398.0,398.0)
(398.0,398.0)
(387.0,398.0)
(387.0,398.0)
(387.0,398.0)
(398.0,398.0)
(398.0,398.0)
(387.0,398.0)
(386.0,398.0)
(398.0,398.0)
(398.0,398.0)
(398.0,398.0)
(398.0,398.0)
(387.0,398.0)
(398.0,398.0)
(387.0,398.0)
(398.0,398.0)
(398.0,398.0)
(398.0,398.0)
(398.0,398.0)
(398.0,398.0)
(398.0,398.0)
(398.0,398.0)
(387.0,398.0)
(398.0,398.0)
(387.0,398.0)
(398.0,398.0)
(398.0,398.0)
(448.0,398.0)
(398.0,398.0)
(398.0,398.0)
(398.0,398.0)
(398.0,398.0)
(398.0,398.0)
(398.0,398.0)
(398.0,398.0)
(398.0,398.0)
(398.0,398.0)
(398.0,398.0)
(393.0,398.0)
(387.0,398.0)
(398.0,398.0)
(398.0,398.0)
(398.0,398.0)
(398.0,398.0)
(387.0,398.0)
(398.0,398.0)
(398.0,398.0)
(398.0,398.0)
(398.0,398.0)
(387.0,398.0)
(398.0,398.0)
(398.0,398.0)
(398.0,398.0)
(448.0,398.0)
(398.0,398.0)
(398.0,398.0)
(398.0,398.0)
(479.0,398.0)
(398.0,398.0)
(398.0,398.0)
(398.0,398.0)
(398.0,398.0)
(398.0,398.0)
(398.0,398.0)
(398.0,398.0)
(398.0,398.0)
(398.0,398.0)
(398.0,398.0)
(398.0,398.0)
(398.0,398.0)
(398.0,398.0)
(398.0,398.0)
(398.0,398.0)
(398.0,398.0)
(387.0,398.0)
(398.0,398.0)
(387.0,398.0)
(398.0,398.0)
(398.0,398.0)
(387.0,398.0)
(398.0,398.0)
(387.0,398.0)
(417.0,398.0)
(398.0,398.0)
(391.0,398.0)
(398.0,398.0)
(398.0,398.0)
(398.0,398.0)
(448.0,398.0)
(398.0,398.0)
(387.0,398.0)
(398.0,398.0)
(398.0,398.0)
(398.0,398.0)
(398.0,398.0)
(398.0,398.0)
(387.0,398.0)
(398.0,398.0)
(398.0,398.0)
(398.0,398.0)
(398.0,398.0)
(398.0,398.0)
(387.0,398.0)
(447.0,398.0)
(398.0,398.0)
(398.0,398.0)
(387.0,398.0)
(398.0,398.0)
(398.0,398.0)
(398.0,398.0)
(398.0,398.0)
(398.0,398.0)
(398.0,398.0)
(398.0,398.0)
(448.0,398.0)
(398.0,398.0)
(398.0,398.0)
(398.0,398.0)
(398.0,398.0)
(398.0,398.0)
(398.0,398.0)
(398.0,398.0)
(398.0,398.0)
(398.0,398.0)
(398.0,398.0)
(398.0,398.0)
(448.0,398.0)
(398.0,398.0)
(398.0,398.0)
(398.0,398.0)
(398.0,398.0)
(398.0,398.0)
(398.0,398.0)
(398.0,398.0)
(398.0,398.0)
(398.0,398.0)
(398.0,398.0)
(398.0,398.0)
(398.0,398.0)
(398.0,398.0)
(398.0,398.0)
(398.0,398.0)
(398.0,398.0)
(398.0,398.0)
(398.0,398.0)
(398.0,398.0)
(398.0,398.0)
(398.0,398.0)
(398.0,398.0)
(398.0,398.0)
(398.0,398.0)
(398.0,398.0)
(398.0,398.0)
(387.0,398.0)
(479.0,398.0)
(387.0,398.0)
(448.0,398.0)
(398.0,398.0)
(398.0,398.0)
(398.0,398.0)
(398.0,398.0)
(398.0,398.0)
(398.0,398.0)
(398.0,398.0)
(398.0,398.0)
(398.0,398.0)
(387.0,398.0)
(398.0,398.0)
(398.0,398.0)
(398.0,398.0)
(398.0,398.0)
(398.0,398.0)
(398.0,398.0)
(398.0,398.0)
(398.0,398.0)
(387.0,398.0)
(387.0,398.0)
(398.0,398.0)
(398.0,398.0)
(398.0,398.0)
(398.0,398.0)
(387.0,398.0)
(398.0,398.0)
(398.0,398.0)
(397.0,398.0)
(387.0,398.0)
(398.0,398.0)
(398.0,398.0)
(398.0,398.0)
(398.0,398.0)
(387.0,398.0)
(398.0,398.0)
(398.0,398.0)
(398.0,398.0)
(398.0,398.0)
(387.0,398.0)
(479.0,398.0)
(387.0,398.0)
(398.0,398.0)
(398.0,398.0)
(387.0,398.0)
(387.0,398.0)
(398.0,398.0)
(398.0,398.0)
(398.0,398.0)
(387.0,398.0)
(398.0,398.0)
(398.0,398.0)
(398.0,398.0)
(398.0,398.0)
(398.0,398.0)
(398.0,398.0)
(398.0,398.0)
(398.0,398.0)
(387.0,398.0)
(387.0,398.0)
(398.0,398.0)
(398.0,398.0)
(398.0,398.0)
(398.0,398.0)
(387.0,398.0)
(398.0,398.0)
(398.0,398.0)
(398.0,398.0)
(398.0,398.0)
(398.0,398.0)
(398.0,398.0)
(398.0,398.0)
(398.0,398.0)
(398.0,398.0)
(398.0,398.0)
(398.0,398.0)
(398.0,398.0)
(398.0,398.0)
(398.0,398.0)
(398.0,398.0)
(387.0,398.0)
(771.0,398.0)
(398.0,398.0)
(398.0,398.0)
(387.0,398.0)
(398.0,398.0)
(398.0,398.0)
(398.0,398.0)
(387.0,398.0)
(398.0,398.0)
(398.0,398.0)
(398.0,398.0)
(398.0,398.0)
(387.0,398.0)
(398.0,398.0)
(398.0,398.0)
(398.0,398.0)
(398.0,398.0)
(387.0,398.0)
(387.0,398.0)
(398.0,398.0)
(387.0,398.0)
(398.0,398.0)
(398.0,398.0)
(398.0,398.0)
(398.0,398.0)
(387.0,398.0)
(398.0,398.0)
(398.0,398.0)
(398.0,398.0)
(398.0,398.0)
(398.0,398.0)
(398.0,398.0)
(398.0,398.0)
(398.0,398.0)
(398.0,398.0)
(398.0,398.0)
(387.0,398.0)
(398.0,398.0)
(398.0,398.0)
(398.0,398.0)
(398.0,398.0)
(398.0,398.0)
(387.0,398.0)
(771.0,398.0)
(398.0,398.0)
(398.0,398.0)
(398.0,398.0)
(398.0,398.0)
(398.0,398.0)
(398.0,398.0)
(398.0,398.0)
(387.0,398.0)
(387.0,398.0)
(398.0,398.0)
(398.0,398.0)
(398.0,398.0)
(397.0,398.0)
(398.0,398.0)
(398.0,398.0)
(398.0,398.0)
(398.0,398.0)
(398.0,398.0)
(398.0,398.0)
(398.0,398.0)
(391.0,398.0)
(398.0,398.0)
(398.0,398.0)
(398.0,398.0)
(398.0,398.0)
(398.0,398.0)
(398.0,398.0)
(398.0,398.0)
(398.0,398.0)
(398.0,398.0)
(398.0,398.0)
(398.0,398.0)
(398.0,398.0)
(398.0,398.0)
(398.0,398.0)
(398.0,398.0)
(398.0,398.0)
(398.0,398.0)
(398.0,398.0)
(398.0,398.0)
(398.0,398.0)
(398.0,398.0)
(398.0,398.0)
(398.0,398.0)
(387.0,398.0)
(398.0,398.0)
(398.0,398.0)
(398.0,398.0)
(398.0,398.0)
(398.0,398.0)
(398.0,398.0)
(398.0,398.0)
(398.0,398.0)
(398.0,398.0)
(398.0,398.0)
(398.0,398.0)
(398.0,398.0)
(398.0,398.0)
(387.0,398.0)
(398.0,398.0)
(398.0,398.0)
(398.0,398.0)
(398.0,398.0)
(398.0,398.0)
(398.0,398.0)
(387.0,398.0)
(398.0,398.0)
(398.0,398.0)
(398.0,398.0)
(398.0,398.0)
(398.0,398.0)
(398.0,398.0)
(398.0,398.0)
(398.0,398.0)
(398.0,398.0)
(398.0,398.0)
(398.0,398.0)
(398.0,398.0)
(398.0,398.0)
(398.0,398.0)
(373.0,398.0)
(387.0,398.0)
(398.0,398.0)
(398.0,398.0)
(387.0,398.0)
(398.0,398.0)
(398.0,398.0)
(398.0,398.0)
(398.0,398.0)
(398.0,398.0)
(398.0,398.0)
(387.0,398.0)
(479.0,398.0)
(398.0,398.0)
(398.0,398.0)
(398.0,398.0)
(398.0,398.0)
(398.0,398.0)
(398.0,398.0)
(398.0,398.0)
(398.0,398.0)
(398.0,398.0)
(398.0,398.0)
(398.0,398.0)
(398.0,398.0)
(398.0,398.0)
(398.0,398.0)
(398.0,398.0)
(398.0,398.0)
(398.0,398.0)
(398.0,398.0)
(398.0,398.0)
(398.0,398.0)
(398.0,398.0)
(398.0,398.0)
(398.0,398.0)
(386.0,398.0)
(398.0,398.0)
(398.0,398.0)
(398.0,398.0)
(398.0,398.0)
(398.0,398.0)
(398.0,398.0)
(398.0,398.0)
(398.0,398.0)
(398.0,398.0)
(398.0,398.0)
(398.0,398.0)
(398.0,398.0)
(398.0,398.0)
(398.0,398.0)
(398.0,398.0)
(398.0,398.0)
(398.0,398.0)
(398.0,398.0)
(398.0,398.0)
(387.0,398.0)
(398.0,398.0)
(398.0,398.0)
(398.0,398.0)
(398.0,398.0)
(398.0,398.0)
(398.0,398.0)
(398.0,398.0)
(398.0,398.0)
(398.0,398.0)
(387.0,398.0)
(398.0,398.0)
(398.0,398.0)
(398.0,398.0)
(398.0,398.0)
(398.0,398.0)
(398.0,398.0)
(398.0,398.0)
(398.0,398.0)
(398.0,398.0)
(398.0,398.0)
(398.0,398.0)
(398.0,398.0)
(398.0,398.0)
(398.0,398.0)
(448.0,398.0)
(398.0,398.0)
(387.0,398.0)
(398.0,398.0)
(398.0,398.0)
(483.0,398.0)
(398.0,398.0)
(398.0,398.0)
(398.0,398.0)
(398.0,398.0)
(398.0,398.0)
(398.0,398.0)
(398.0,398.0)
(398.0,398.0)
(398.0,398.0)
(398.0,398.0)
(398.0,398.0)
(398.0,398.0)
(398.0,398.0)
(398.0,398.0)
(398.0,398.0)
(479.0,398.0)
(398.0,398.0)
(387.0,398.0)
(398.0,398.0)
(398.0,398.0)
(398.0,398.0)
(398.0,398.0)
(398.0,398.0)
(398.0,398.0)
(398.0,398.0)
(398.0,398.0)
(398.0,398.0)
(398.0,398.0)
(398.0,398.0)
(398.0,398.0)
(398.0,398.0)
(398.0,398.0)
(398.0,398.0)
(398.0,398.0)
(398.0,398.0)
(398.0,398.0)
(398.0,398.0)
(398.0,398.0)
(398.0,398.0)
(398.0,398.0)
(398.0,398.0)
(398.0,398.0)
(398.0,398.0)
(398.0,398.0)
(398.0,398.0)
(398.0,398.0)
(398.0,398.0)
(398.0,398.0)
(398.0,398.0)
(398.0,398.0)
(387.0,398.0)
(398.0,398.0)
(398.0,398.0)
(398.0,398.0)
(398.0,398.0)
(398.0,398.0)
(398.0,398.0)
(398.0,398.0)
(398.0,398.0)
(398.0,398.0)
(398.0,398.0)
(398.0,398.0)
(398.0,398.0)
(398.0,398.0)
(398.0,398.0)
(398.0,398.0)
(387.0,398.0)
(398.0,398.0)
(398.0,398.0)
(398.0,398.0)
(398.0,398.0)
(387.0,398.0)
(398.0,398.0)
(387.0,398.0)
(387.0,398.0)
(398.0,398.0)
(398.0,398.0)
(784.0,398.0)
(398.0,398.0)
(387.0,398.0)
(398.0,398.0)
(398.0,398.0)
(398.0,398.0)
(398.0,398.0)
(398.0,398.0)
(400.0,398.0)
(387.0,398.0)
(398.0,398.0)
(398.0,398.0)
(398.0,398.0)
(398.0,398.0)
(398.0,398.0)
(387.0,398.0)
(398.0,398.0)
(398.0,398.0)
(387.0,398.0)
(387.0,398.0)
(398.0,398.0)
(398.0,398.0)
(391.0,398.0)
(398.0,398.0)
(398.0,398.0)
(398.0,398.0)
(398.0,398.0)
(398.0,398.0)
(386.0,398.0)
(398.0,398.0)
(398.0,398.0)
(387.0,398.0)
(398.0,398.0)
(398.0,398.0)
(398.0,398.0)
(398.0,398.0)
(398.0,398.0)
(387.0,398.0)
(398.0,398.0)
(387.0,398.0)
(398.0,398.0)
(398.0,398.0)
(398.0,398.0)
(398.0,398.0)
(398.0,398.0)
(398.0,398.0)
(423.0,398.0)
(398.0,398.0)
(398.0,398.0)
(398.0,398.0)
(784.0,398.0)
(398.0,398.0)
(398.0,398.0)
(398.0,398.0)
(398.0,398.0)
(398.0,398.0)
(398.0,398.0)
(398.0,398.0)
(398.0,398.0)
(398.0,398.0)
(398.0,398.0)
(398.0,398.0)
(409.0,398.0)
(398.0,398.0)
(398.0,398.0)
(398.0,398.0)
(398.0,398.0)
(398.0,398.0)
(398.0,398.0)
(398.0,398.0)
(386.0,398.0)
(398.0,398.0)
(387.0,398.0)
(398.0,398.0)
(398.0,398.0)
(398.0,398.0)
(398.0,398.0)
(398.0,398.0)
(398.0,398.0)
(398.0,398.0)
(398.0,398.0)
(387.0,398.0)
(398.0,398.0)
(398.0,398.0)
(398.0,398.0)
(387.0,398.0)
(387.0,398.0)
(387.0,398.0)
(398.0,398.0)
(475.0,398.0)
(398.0,398.0)
(398.0,398.0)
(398.0,398.0)
(398.0,398.0)
(398.0,398.0)
(398.0,398.0)
(398.0,398.0)
(398.0,398.0)
(398.0,398.0)
(398.0,398.0)
(387.0,398.0)
(398.0,398.0)
(398.0,398.0)
(398.0,398.0)
(387.0,398.0)
(398.0,398.0)
(387.0,398.0)
(387.0,398.0)
(398.0,398.0)
(398.0,398.0)
(398.0,398.0)
(387.0,398.0)
(398.0,398.0)
(398.0,398.0)
(387.0,398.0)
(398.0,398.0)
(387.0,398.0)
(398.0,398.0)
(398.0,398.0)
(398.0,398.0)
(387.0,398.0)
(398.0,398.0)
(387.0,398.0)
(398.0,398.0)
(398.0,398.0)
(398.0,398.0)
(398.0,398.0)
(387.0,398.0)
(398.0,398.0)
(398.0,398.0)
(398.0,398.0)
(398.0,398.0)
(398.0,398.0)
(398.0,398.0)
(398.0,398.0)
(398.0,398.0)
(398.0,398.0)
(398.0,398.0)
(398.0,398.0)
(398.0,398.0)
(387.0,398.0)
(387.0,398.0)
(398.0,398.0)
(398.0,398.0)
(398.0,398.0)
(398.0,398.0)
(398.0,398.0)
(398.0,398.0)
(398.0,398.0)
(398.0,398.0)
(398.0,398.0)
(398.0,398.0)
(398.0,398.0)
(398.0,398.0)
(398.0,398.0)
(398.0,398.0)
(403.0,398.0)
(398.0,398.0)
(387.0,398.0)
(398.0,398.0)
(398.0,398.0)
(398.0,398.0)
(398.0,398.0)
(398.0,398.0)
(398.0,398.0)
(398.0,398.0)
(448.0,398.0)
(398.0,398.0)
(398.0,398.0)
(398.0,398.0)
(398.0,398.0)
(387.0,398.0)
(398.0,398.0)
(398.0,398.0)
(398.0,398.0)
(398.0,398.0)
(398.0,398.0)
(398.0,398.0)
(398.0,398.0)
(398.0,398.0)
(398.0,398.0)
(398.0,398.0)
(398.0,398.0)
(771.0,398.0)
(398.0,398.0)
(398.0,398.0)
(398.0,398.0)
(398.0,398.0)
(398.0,398.0)
(398.0,398.0)
(398.0,398.0)
(398.0,398.0)
(398.0,398.0)
(387.0,398.0)
(398.0,398.0)
(398.0,398.0)
(423.0,398.0)
(398.0,398.0)
(398.0,398.0)
(398.0,398.0)
(398.0,398.0)
(398.0,398.0)
(398.0,398.0)
(479.0,398.0)
(417.0,398.0)
(398.0,398.0)
(398.0,398.0)
(398.0,398.0)
(398.0,398.0)
(398.0,398.0)
(387.0,398.0)
(398.0,398.0)
(398.0,398.0)
(398.0,398.0)
(398.0,398.0)
(398.0,398.0)
(398.0,398.0)
(398.0,398.0)
(398.0,398.0)
(398.0,398.0)
(398.0,398.0)
(398.0,398.0)
(398.0,398.0)
(398.0,398.0)
(398.0,398.0)
(398.0,398.0)
(398.0,398.0)
(398.0,398.0)
(387.0,398.0)
(398.0,398.0)
(398.0,398.0)
(398.0,398.0)
(398.0,398.0)
(398.0,398.0)
(398.0,398.0)
(398.0,398.0)
(398.0,398.0)
(398.0,398.0)
(398.0,398.0)
(398.0,398.0)
(398.0,398.0)
(398.0,398.0)
(398.0,398.0)
(398.0,398.0)
(398.0,398.0)
(398.0,398.0)
(398.0,398.0)
(398.0,398.0)
(398.0,398.0)
(479.0,398.0)
(398.0,398.0)
(398.0,398.0)
(398.0,398.0)
(398.0,398.0)
(387.0,398.0)
(398.0,398.0)
(398.0,398.0)
(398.0,398.0)
(398.0,398.0)
(398.0,398.0)
(398.0,398.0)
(398.0,398.0)
(387.0,398.0)
(398.0,398.0)
(387.0,398.0)
(398.0,398.0)
(398.0,398.0)
(398.0,398.0)
(398.0,398.0)
(398.0,398.0)
(398.0,398.0)
(398.0,398.0)
(387.0,398.0)
(398.0,398.0)
(398.0,398.0)
(398.0,398.0)
(398.0,398.0)
(398.0,398.0)
(398.0,398.0)
(398.0,398.0)
(398.0,398.0)
(398.0,398.0)
(398.0,398.0)
(398.0,398.0)
(398.0,398.0)
(398.0,398.0)
(398.0,398.0)
(398.0,398.0)
(398.0,398.0)
(387.0,398.0)
(398.0,398.0)
(398.0,398.0)
(398.0,398.0)
(398.0,398.0)
(398.0,398.0)
(398.0,398.0)
(387.0,398.0)
(398.0,398.0)
(398.0,398.0)
(398.0,398.0)
(398.0,398.0)
(398.0,398.0)
(387.0,398.0)
(398.0,398.0)
(398.0,398.0)
(398.0,398.0)
(398.0,398.0)
(398.0,398.0)
(398.0,398.0)
(398.0,398.0)
(398.0,398.0)
(398.0,398.0)
(398.0,398.0)
(398.0,398.0)
(398.0,398.0)
(387.0,398.0)
(398.0,398.0)
(398.0,398.0)
(398.0,398.0)
(398.0,398.0)
(398.0,398.0)
(398.0,398.0)
(387.0,398.0)
(398.0,398.0)
(398.0,398.0)
(398.0,398.0)
(398.0,398.0)
(398.0,398.0)
(398.0,398.0)
(398.0,398.0)
(398.0,398.0)
(398.0,398.0)
(398.0,398.0)
(398.0,398.0)
(475.0,398.0)
(398.0,398.0)
(398.0,398.0)
(398.0,398.0)
(387.0,398.0)
(398.0,398.0)
(398.0,398.0)
(398.0,398.0)
(398.0,398.0)
(387.0,398.0)
(398.0,398.0)
(398.0,398.0)
(398.0,398.0)
(398.0,398.0)
(398.0,398.0)
(398.0,398.0)
(417.0,398.0)
(398.0,398.0)
(398.0,398.0)
(398.0,398.0)
(386.0,398.0)
(391.0,398.0)
(398.0,398.0)
(398.0,398.0)
(448.0,398.0)
(387.0,398.0)
(398.0,398.0)
(398.0,398.0)
(398.0,398.0)
(398.0,398.0)
(398.0,398.0)
(398.0,398.0)
(398.0,398.0)
(398.0,398.0)
(398.0,398.0)
(398.0,398.0)
(398.0,398.0)
(398.0,398.0)
(398.0,398.0)
(398.0,398.0)
(398.0,398.0)
(387.0,398.0)
(398.0,398.0)
(387.0,398.0)
(398.0,398.0)
(398.0,398.0)
(398.0,398.0)
(398.0,398.0)
(398.0,398.0)
(398.0,398.0)
(398.0,398.0)
(398.0,398.0)
(398.0,398.0)
(398.0,398.0)
(398.0,398.0)
(398.0,398.0)
(398.0,398.0)
(398.0,398.0)
(398.0,398.0)
(398.0,398.0)
(398.0,398.0)
(398.0,398.0)
(387.0,398.0)
(398.0,398.0)
(387.0,398.0)
(398.0,398.0)
(398.0,398.0)
(448.0,398.0)
(398.0,398.0)
(398.0,398.0)
(387.0,398.0)
(398.0,398.0)
(398.0,398.0)
(387.0,398.0)
(398.0,398.0)
(398.0,398.0)
(398.0,398.0)
(387.0,398.0)
(398.0,398.0)
(398.0,398.0)
(398.0,398.0)
(398.0,398.0)
(398.0,398.0)
(398.0,398.0)
(398.0,398.0)
(398.0,398.0)
(398.0,398.0)
(398.0,398.0)
(398.0,398.0)
(448.0,398.0)
(398.0,398.0)
(398.0,398.0)
(398.0,398.0)
(398.0,398.0)
(398.0,398.0)
(398.0,398.0)
(398.0,398.0)
(398.0,398.0)
(398.0,398.0)
(398.0,398.0)
(398.0,398.0)
(387.0,398.0)
(387.0,398.0)
(398.0,398.0)
(398.0,398.0)
(398.0,398.0)
(398.0,398.0)
(387.0,398.0)
(398.0,398.0)
(398.0,398.0)
(423.0,398.0)
(398.0,398.0)
(398.0,398.0)
(398.0,398.0)
(398.0,398.0)
(398.0,398.0)
(398.0,398.0)
(398.0,398.0)
(398.0,398.0)
(398.0,398.0)
(398.0,398.0)
(398.0,398.0)
(398.0,398.0)
(398.0,398.0)
(398.0,398.0)
(398.0,398.0)
(398.0,398.0)
(398.0,398.0)
(387.0,398.0)
(398.0,398.0)
(387.0,398.0)
(398.0,398.0)
(398.0,398.0)
(398.0,398.0)
(387.0,398.0)
(398.0,398.0)
(387.0,398.0)
(398.0,398.0)
(398.0,398.0)
(398.0,398.0)
(398.0,398.0)
(398.0,398.0)
(398.0,398.0)
(398.0,398.0)
(479.0,398.0)
(398.0,398.0)
(398.0,398.0)
(398.0,398.0)
(398.0,398.0)
(398.0,398.0)
(212.0,398.0)
(398.0,398.0)
(398.0,398.0)
(398.0,398.0)
(398.0,398.0)
(398.0,398.0)
(398.0,398.0)
(398.0,398.0)
(398.0,398.0)
(398.0,398.0)
(398.0,398.0)
(387.0,398.0)
(387.0,398.0)
(398.0,398.0)
(387.0,398.0)
(398.0,398.0)
(387.0,398.0)
(398.0,398.0)
(387.0,398.0)
(398.0,398.0)
(398.0,398.0)
(398.0,398.0)
(398.0,398.0)
(398.0,398.0)
(398.0,398.0)
(398.0,398.0)
(398.0,398.0)
(398.0,398.0)
(398.0,398.0)
(387.0,398.0)
(398.0,398.0)
(387.0,398.0)
(398.0,398.0)
(398.0,398.0)
(240.0,398.0)
(398.0,398.0)
(387.0,398.0)
(387.0,398.0)
(398.0,398.0)
(398.0,398.0)
(398.0,398.0)
(398.0,398.0)
(398.0,398.0)
(398.0,398.0)
(398.0,398.0)
(398.0,398.0)
(398.0,398.0)
(398.0,398.0)
(448.0,398.0)
(398.0,398.0)
(398.0,398.0)
(398.0,398.0)
(398.0,398.0)
(398.0,398.0)
(398.0,398.0)
(398.0,398.0)
(389.0,398.0)
(397.0,398.0)
(398.0,398.0)
(398.0,398.0)
(398.0,398.0)
(386.0,398.0)
(387.0,398.0)
(398.0,398.0)
(398.0,398.0)
(398.0,398.0)
(398.0,398.0)
(398.0,398.0)
(387.0,398.0)
(398.0,398.0)
(398.0,398.0)
(398.0,398.0)
(398.0,398.0)
(398.0,398.0)
(398.0,398.0)
(398.0,398.0)
(398.0,398.0)
(398.0,398.0)
(398.0,398.0)
(398.0,398.0)
(398.0,398.0)
(398.0,398.0)
(398.0,398.0)
(398.0,398.0)
(398.0,398.0)
(398.0,398.0)
(398.0,398.0)
(398.0,398.0)
(398.0,398.0)
(398.0,398.0)
(398.0,398.0)
(398.0,398.0)
(398.0,398.0)
(398.0,398.0)
(398.0,398.0)
(398.0,398.0)
(387.0,398.0)
(398.0,398.0)
(398.0,398.0)
(398.0,398.0)
(398.0,398.0)
(398.0,398.0)
(398.0,398.0)
(398.0,398.0)
(398.0,398.0)
(387.0,398.0)
(398.0,398.0)
(398.0,398.0)
(398.0,398.0)
(423.0,398.0)
(398.0,398.0)
(398.0,398.0)
(387.0,398.0)
(398.0,398.0)
(398.0,398.0)
(398.0,398.0)
(398.0,398.0)
(398.0,398.0)
(398.0,398.0)
(398.0,398.0)
(387.0,398.0)
(398.0,398.0)
(398.0,398.0)
(398.0,398.0)
(398.0,398.0)
(398.0,398.0)
(398.0,398.0)
(398.0,398.0)
(398.0,398.0)
(398.0,398.0)
(398.0,398.0)
(398.0,398.0)
(398.0,398.0)
(398.0,398.0)
(398.0,398.0)
(398.0,398.0)
(398.0,398.0)
(398.0,398.0)
(387.0,398.0)
(398.0,398.0)
(398.0,398.0)
(398.0,398.0)
(398.0,398.0)
(423.0,398.0)
(398.0,398.0)
(398.0,398.0)
(398.0,398.0)
(398.0,398.0)
(398.0,398.0)
(398.0,398.0)
(398.0,398.0)
(398.0,398.0)
(398.0,398.0)
(398.0,398.0)
(398.0,398.0)
(398.0,398.0)
(398.0,398.0)
(398.0,398.0)
(398.0,398.0)
(387.0,398.0)
(398.0,398.0)
(398.0,398.0)
(398.0,398.0)
(398.0,398.0)
(398.0,398.0)
(399.0,398.0)
(398.0,398.0)
(398.0,398.0)
(398.0,398.0)
(398.0,398.0)
(398.0,398.0)
(398.0,398.0)
(398.0,398.0)
(398.0,398.0)
(398.0,398.0)
(398.0,398.0)
(398.0,398.0)
(398.0,398.0)
(398.0,398.0)
(398.0,398.0)
(398.0,398.0)
(398.0,398.0)
(398.0,398.0)
(398.0,398.0)
(765.0,398.0)
(398.0,398.0)
(387.0,398.0)
(387.0,398.0)
(398.0,398.0)
(398.0,398.0)
(398.0,398.0)
(398.0,398.0)
(398.0,398.0)
(398.0,398.0)
(417.0,398.0)
(398.0,398.0)
(398.0,398.0)
(398.0,398.0)
(398.0,398.0)
(398.0,398.0)
(398.0,398.0)
(398.0,398.0)
(398.0,398.0)
(398.0,398.0)
(398.0,398.0)
(398.0,398.0)
(398.0,398.0)
(398.0,398.0)
(387.0,398.0)
(386.0,398.0)
(391.0,398.0)
(398.0,398.0)
(387.0,398.0)
(387.0,398.0)
(398.0,398.0)
(461.0,398.0)
(387.0,398.0)
(398.0,398.0)
(398.0,398.0)
(398.0,398.0)
(398.0,398.0)
(398.0,398.0)
(479.0,398.0)
(398.0,398.0)
(398.0,398.0)
(398.0,398.0)
(398.0,398.0)
(398.0,398.0)
(387.0,398.0)
(398.0,398.0)
(398.0,398.0)
(398.0,398.0)
(464.0,398.0)
(398.0,398.0)
(398.0,398.0)
(398.0,398.0)
(399.0,398.0)
(398.0,398.0)
(387.0,398.0)
(398.0,398.0)
(398.0,398.0)
(398.0,398.0)
(398.0,398.0)
(398.0,398.0)
(398.0,398.0)
(398.0,398.0)
(398.0,398.0)
(398.0,398.0)
(398.0,398.0)
(398.0,398.0)
(398.0,398.0)
(398.0,398.0)
(398.0,398.0)
(398.0,398.0)
(398.0,398.0)
(398.0,398.0)
(398.0,398.0)
(398.0,398.0)
(398.0,398.0)
(417.0,398.0)
(398.0,398.0)
(387.0,398.0)
(398.0,398.0)
(398.0,398.0)
(398.0,398.0)
(386.0,398.0)
(398.0,398.0)
(398.0,398.0)
(398.0,398.0)
(398.0,398.0)
(398.0,398.0)
(398.0,398.0)
(398.0,398.0)
(398.0,398.0)
(398.0,398.0)
(398.0,398.0)
(387.0,398.0)
(398.0,398.0)
(398.0,398.0)
(398.0,398.0)
(398.0,398.0)
(398.0,398.0)
(398.0,398.0)
(398.0,398.0)
(398.0,398.0)
(391.0,398.0)
(398.0,398.0)
(387.0,398.0)
(398.0,398.0)
(398.0,398.0)
(398.0,398.0)
(398.0,398.0)
(398.0,398.0)
(398.0,398.0)
(398.0,398.0)
(398.0,398.0)
(398.0,398.0)
(398.0,398.0)
(398.0,398.0)
(391.0,398.0)
(398.0,398.0)
(398.0,398.0)
(398.0,398.0)
(398.0,398.0)
(398.0,398.0)
(398.0,398.0)
(398.0,398.0)
(398.0,398.0)
(398.0,398.0)
(387.0,398.0)
(789.0,398.0)
(398.0,398.0)
(398.0,398.0)
(398.0,398.0)
(398.0,398.0)
(398.0,398.0)
(398.0,398.0)
(398.0,398.0)
(398.0,398.0)
(398.0,398.0)
(423.0,398.0)
(398.0,398.0)
(398.0,398.0)
(398.0,398.0)
(398.0,398.0)
(398.0,398.0)
(398.0,398.0)
(398.0,398.0)
(398.0,398.0)
(398.0,398.0)
(398.0,398.0)
(398.0,398.0)
(398.0,398.0)
(387.0,398.0)
(398.0,398.0)
(398.0,398.0)
(398.0,398.0)
(398.0,398.0)
(398.0,398.0)
(398.0,398.0)
(387.0,398.0)
(398.0,398.0)
(398.0,398.0)
(398.0,398.0)
(398.0,398.0)
(398.0,398.0)
(448.0,398.0)
(387.0,398.0)
(398.0,398.0)
(398.0,398.0)
(398.0,398.0)
(398.0,398.0)
(398.0,398.0)
(398.0,398.0)
(398.0,398.0)
(398.0,398.0)
(398.0,398.0)
(398.0,398.0)
(398.0,398.0)
(387.0,398.0)
(398.0,398.0)
(398.0,398.0)
(398.0,398.0)
(398.0,398.0)
(448.0,398.0)
(398.0,398.0)
(398.0,398.0)
(387.0,398.0)
(398.0,398.0)
(398.0,398.0)
(387.0,398.0)
(398.0,398.0)
(398.0,398.0)
(398.0,398.0)
(398.0,398.0)
(350.0,398.0)
(398.0,398.0)
(398.0,398.0)
(398.0,398.0)
(398.0,398.0)
(398.0,398.0)
(398.0,398.0)
(398.0,398.0)
(398.0,398.0)
(398.0,398.0)
(398.0,398.0)
(398.0,398.0)
(398.0,398.0)
(398.0,398.0)
(398.0,398.0)
(388.0,398.0)
(398.0,398.0)
(398.0,398.0)
(398.0,398.0)
(398.0,398.0)
(398.0,398.0)
(398.0,398.0)
(398.0,398.0)
(398.0,398.0)
(398.0,398.0)
(398.0,398.0)
(398.0,398.0)
(387.0,398.0)
(423.0,398.0)
(387.0,398.0)
(398.0,398.0)
(398.0,398.0)
(398.0,398.0)
(398.0,398.0)
(398.0,398.0)
(398.0,398.0)
(398.0,398.0)
(398.0,398.0)
(398.0,398.0)
(409.0,398.0)
(398.0,398.0)
(398.0,398.0)
(398.0,398.0)
(398.0,398.0)
(398.0,398.0)
(398.0,398.0)
(387.0,398.0)
(398.0,398.0)
(398.0,398.0)
(398.0,398.0)
(387.0,398.0)
(398.0,398.0)
(398.0,398.0)
(398.0,398.0)
(398.0,398.0)
(398.0,398.0)
(771.0,398.0)
(479.0,398.0)
(398.0,398.0)
(398.0,398.0)
(398.0,398.0)
(398.0,398.0)
(398.0,398.0)
(398.0,398.0)
(387.0,398.0)
(398.0,398.0)
(398.0,398.0)
(398.0,398.0)
(398.0,398.0)
(387.0,398.0)
(398.0,398.0)
(387.0,398.0)
(398.0,398.0)
(398.0,398.0)
(398.0,398.0)
(398.0,398.0)
(398.0,398.0)
(398.0,398.0)
(398.0,398.0)
(398.0,398.0)
(398.0,398.0)
(398.0,398.0)
(398.0,398.0)
(398.0,398.0)
(398.0,398.0)
(398.0,398.0)
(398.0,398.0)
(398.0,398.0)
(398.0,398.0)
(398.0,398.0)
(387.0,398.0)
(398.0,398.0)
(398.0,398.0)
(479.0,398.0)
(398.0,398.0)
(398.0,398.0)
(398.0,398.0)
(387.0,398.0)
(398.0,398.0)
(398.0,398.0)
(398.0,398.0)
(398.0,398.0)
(387.0,398.0)
(398.0,398.0)
(398.0,398.0)
(398.0,398.0)
(398.0,398.0)
(398.0,398.0)
(398.0,398.0)
(398.0,398.0)
(398.0,398.0)
(771.0,398.0)
(398.0,398.0)
(398.0,398.0)
(398.0,398.0)
(398.0,398.0)
(387.0,398.0)
(398.0,398.0)
(398.0,398.0)
(387.0,398.0)
(412.0,398.0)
(387.0,398.0)
(387.0,398.0)
(479.0,398.0)
(398.0,398.0)
(387.0,398.0)
(398.0,398.0)
(398.0,398.0)
(398.0,398.0)
(398.0,398.0)
(398.0,398.0)
(398.0,398.0)
(398.0,398.0)
(398.0,398.0)
(398.0,398.0)
(398.0,398.0)
(398.0,398.0)
(398.0,398.0)
(398.0,398.0)
(398.0,398.0)
(398.0,398.0)
(398.0,398.0)
(387.0,398.0)
(398.0,398.0)
(398.0,398.0)
(398.0,398.0)
(398.0,398.0)
(398.0,398.0)
(398.0,398.0)
(398.0,398.0)
(398.0,398.0)
(398.0,398.0)
(398.0,398.0)
(398.0,398.0)
(398.0,398.0)
(398.0,398.0)
(398.0,398.0)
(398.0,398.0)
(398.0,398.0)
(398.0,398.0)
(387.0,398.0)
(398.0,398.0)
(398.0,398.0)
(398.0,398.0)
(398.0,398.0)
(398.0,398.0)
(398.0,398.0)
(398.0,398.0)
(398.0,398.0)
(398.0,398.0)
(398.0,398.0)
(398.0,398.0)
(398.0,398.0)
(398.0,398.0)
(398.0,398.0)
(398.0,398.0)
(398.0,398.0)
(398.0,398.0)
(398.0,398.0)
(398.0,398.0)
(398.0,398.0)
(398.0,398.0)
(398.0,398.0)
(398.0,398.0)
(398.0,398.0)
(398.0,398.0)
(398.0,398.0)
(398.0,398.0)
(398.0,398.0)
(398.0,398.0)
(387.0,398.0)
(398.0,398.0)
(398.0,398.0)
(398.0,398.0)
(398.0,398.0)
(398.0,398.0)
(398.0,398.0)
(398.0,398.0)
(398.0,398.0)
(398.0,398.0)
(398.0,398.0)
(398.0,398.0)
(448.0,398.0)
(389.0,398.0)
(398.0,398.0)
(398.0,398.0)
(398.0,398.0)
(398.0,398.0)
(398.0,398.0)
(479.0,398.0)
(398.0,398.0)
(398.0,398.0)
(398.0,398.0)
(398.0,398.0)
(398.0,398.0)
(398.0,398.0)
(398.0,398.0)
(398.0,398.0)
(398.0,398.0)
(398.0,398.0)
(398.0,398.0)
(398.0,398.0)
(398.0,398.0)
(398.0,398.0)
(398.0,398.0)
(398.0,398.0)
(398.0,398.0)
(398.0,398.0)
(398.0,398.0)
(398.0,398.0)
(398.0,398.0)
(398.0,398.0)
(398.0,398.0)
(398.0,398.0)
(398.0,398.0)
(398.0,398.0)
(398.0,398.0)
(398.0,398.0)
(398.0,398.0)
(398.0,398.0)
(398.0,398.0)
(398.0,398.0)
(398.0,398.0)
(398.0,398.0)
(398.0,398.0)
(398.0,398.0)
(398.0,398.0)
(398.0,398.0)
(398.0,398.0)
(398.0,398.0)
(398.0,398.0)
(398.0,398.0)
(398.0,398.0)
(387.0,398.0)
(398.0,398.0)
(398.0,398.0)
(412.0,398.0)
(398.0,398.0)
(398.0,398.0)
(387.0,398.0)
(398.0,398.0)
(398.0,398.0)
(398.0,398.0)
(398.0,398.0)
(398.0,398.0)
(398.0,398.0)
(398.0,398.0)
(398.0,398.0)
(398.0,398.0)
(398.0,398.0)
(387.0,398.0)
(398.0,398.0)
(398.0,398.0)
(398.0,398.0)
(398.0,398.0)
(398.0,398.0)
(398.0,398.0)
(387.0,398.0)
(398.0,398.0)
(398.0,398.0)
(398.0,398.0)
(398.0,398.0)
(398.0,398.0)
(398.0,398.0)
(398.0,398.0)
(398.0,398.0)
(398.0,398.0)
(398.0,398.0)
(398.0,398.0)
(398.0,398.0)
(398.0,398.0)
(398.0,398.0)
(398.0,398.0)
(398.0,398.0)
(398.0,398.0)
(398.0,398.0)
(398.0,398.0)
(398.0,398.0)
(398.0,398.0)
(398.0,398.0)
(398.0,398.0)
(398.0,398.0)
(398.0,398.0)
(398.0,398.0)
(398.0,398.0)
(387.0,398.0)
(398.0,398.0)
(398.0,398.0)
(398.0,398.0)
(398.0,398.0)
(398.0,398.0)
(398.0,398.0)
(387.0,398.0)
(398.0,398.0)
(387.0,398.0)
(398.0,398.0)
(398.0,398.0)
(398.0,398.0)
(398.0,398.0)
(398.0,398.0)
(398.0,398.0)
(398.0,398.0)
(398.0,398.0)
(398.0,398.0)
(398.0,398.0)
(398.0,398.0)
(398.0,398.0)
(398.0,398.0)
(398.0,398.0)
(387.0,398.0)
(398.0,398.0)
(398.0,398.0)
(398.0,398.0)
(398.0,398.0)
(398.0,398.0)
(398.0,398.0)
(398.0,398.0)
(398.0,398.0)
(398.0,398.0)
(398.0,398.0)
(398.0,398.0)
(398.0,398.0)
(398.0,398.0)
(398.0,398.0)
(398.0,398.0)
(398.0,398.0)
(387.0,398.0)
(387.0,398.0)
(398.0,398.0)
(398.0,398.0)
(398.0,398.0)
(398.0,398.0)
(398.0,398.0)
(398.0,398.0)
(398.0,398.0)
(398.0,398.0)
(398.0,398.0)
(398.0,398.0)
(398.0,398.0)
(398.0,398.0)
(398.0,398.0)
(398.0,398.0)
(398.0,398.0)
(398.0,398.0)
(398.0,398.0)
(398.0,398.0)
(398.0,398.0)
(398.0,398.0)
(398.0,398.0)
(387.0,398.0)
(398.0,398.0)
(461.0,398.0)
(398.0,398.0)
(398.0,398.0)
(398.0,398.0)
(398.0,398.0)
(398.0,398.0)
(398.0,398.0)
(398.0,398.0)
(398.0,398.0)
(387.0,398.0)
(398.0,398.0)
(398.0,398.0)
(398.0,398.0)
(398.0,398.0)
(398.0,398.0)
(398.0,398.0)
(398.0,398.0)
(398.0,398.0)
(448.0,398.0)
(398.0,398.0)
(398.0,398.0)
(398.0,398.0)
(398.0,398.0)
(398.0,398.0)
(398.0,398.0)
(398.0,398.0)
(398.0,398.0)
(417.0,398.0)
(387.0,398.0)
(398.0,398.0)
(398.0,398.0)
(448.0,398.0)
(398.0,398.0)
(398.0,398.0)
(398.0,398.0)
(398.0,398.0)
(398.0,398.0)
(398.0,398.0)
(398.0,398.0)
(398.0,398.0)
(398.0,398.0)
(398.0,398.0)
(398.0,398.0)
(387.0,398.0)
(398.0,398.0)
(398.0,398.0)
(398.0,398.0)
(398.0,398.0)
(398.0,398.0)
(398.0,398.0)
(398.0,398.0)
(387.0,398.0)
(398.0,398.0)
(398.0,398.0)
(398.0,398.0)
(398.0,398.0)
(398.0,398.0)
(398.0,398.0)
(398.0,398.0)
(398.0,398.0)
(398.0,398.0)
(398.0,398.0)
(398.0,398.0)
(398.0,398.0)
(398.0,398.0)
(398.0,398.0)
(398.0,398.0)
(398.0,398.0)
(398.0,398.0)
(387.0,398.0)
(398.0,398.0)
(398.0,398.0)
(398.0,398.0)
(387.0,398.0)
(387.0,398.0)
(397.0,398.0)
(398.0,398.0)
(398.0,398.0)
(387.0,398.0)
(398.0,398.0)
(398.0,398.0)
(398.0,398.0)
(398.0,398.0)
(398.0,398.0)
(398.0,398.0)
(398.0,398.0)
(398.0,398.0)
(412.0,398.0)
(398.0,398.0)
(398.0,398.0)
(398.0,398.0)
(398.0,398.0)
(398.0,398.0)
(398.0,398.0)
(398.0,398.0)
(398.0,398.0)
(398.0,398.0)
(398.0,398.0)
(398.0,398.0)
(398.0,398.0)
(398.0,398.0)
(387.0,398.0)
(398.0,398.0)
(398.0,398.0)
(398.0,398.0)
(398.0,398.0)
(398.0,398.0)
(398.0,398.0)
(398.0,398.0)
(398.0,398.0)
(398.0,398.0)
(398.0,398.0)
(398.0,398.0)
(398.0,398.0)
(398.0,398.0)
(398.0,398.0)
(398.0,398.0)
(398.0,398.0)
(398.0,398.0)
(398.0,398.0)
(398.0,398.0)
(398.0,398.0)
(398.0,398.0)
(398.0,398.0)
(402.0,763.0)
(416.0,763.0)
(398.0,763.0)
(429.0,763.0)
(424.0,763.0)
(387.0,763.0)
(461.0,763.0)
(461.0,763.0)
(399.0,763.0)
(387.0,763.0)
(402.0,763.0)
(412.0,763.0)
(461.0,763.0)
(402.0,763.0)
(446.0,763.0)
(429.0,763.0)
(413.0,763.0)
(429.0,763.0)
(461.0,763.0)
(387.0,763.0)
(402.0,763.0)
(460.0,763.0)
(402.0,763.0)
(402.0,763.0)
(412.0,763.0)
(461.0,763.0)
(461.0,763.0)
(461.0,763.0)
(461.0,763.0)
(438.0,763.0)
(434.0,763.0)
(429.0,763.0)
(412.0,763.0)
(424.0,763.0)
(461.0,763.0)
(409.0,763.0)
(416.0,763.0)
(461.0,763.0)
(461.0,763.0)
(416.0,763.0)
(424.0,763.0)
(461.0,763.0)
(412.0,763.0)
(423.0,763.0)
(416.0,763.0)
(416.0,763.0)
(416.0,763.0)
(402.0,763.0)
(412.0,763.0)
(412.0,763.0)
(461.0,763.0)
(448.0,763.0)
(387.0,763.0)
(402.0,763.0)
(389.0,763.0)
(402.0,763.0)
(430.0,763.0)
(402.0,763.0)
(461.0,763.0)
(409.0,763.0)
(412.0,763.0)
(412.0,763.0)
(438.0,763.0)
(429.0,763.0)
(429.0,763.0)
(461.0,763.0)
(402.0,763.0)
(412.0,763.0)
(438.0,763.0)
(413.0,763.0)
(412.0,763.0)
(469.0,763.0)
(412.0,763.0)
(412.0,763.0)
(461.0,763.0)
(423.0,763.0)
(448.0,763.0)
(461.0,763.0)
(416.0,763.0)
(387.0,763.0)
(461.0,763.0)
(461.0,763.0)
(445.0,763.0)
(461.0,763.0)
(429.0,763.0)
(424.0,763.0)
(402.0,763.0)
(408.0,763.0)
(387.0,763.0)
(416.0,763.0)
(412.0,763.0)
(409.0,763.0)
(461.0,763.0)
(402.0,763.0)
(461.0,763.0)
(461.0,763.0)
(412.0,763.0)
(388.0,763.0)
(423.0,763.0)
(387.0,763.0)
(410.0,763.0)
(461.0,763.0)
(461.0,763.0)
(412.0,763.0)
(402.0,763.0)
(461.0,763.0)
(416.0,763.0)
(767.0,763.0)
(429.0,763.0)
(387.0,763.0)
(389.0,763.0)
(461.0,763.0)
(424.0,763.0)
(412.0,763.0)
(387.0,763.0)
(412.0,763.0)
(387.0,763.0)
(461.0,763.0)
(782.0,763.0)
(461.0,763.0)
(438.0,763.0)
(412.0,763.0)
(434.0,763.0)
(423.0,763.0)
(438.0,763.0)
(461.0,763.0)
(423.0,763.0)
(423.0,763.0)
(438.0,763.0)
(387.0,763.0)
(461.0,763.0)
(461.0,763.0)
(771.0,763.0)
(388.0,763.0)
(429.0,763.0)
(461.0,763.0)
(387.0,763.0)
(416.0,763.0)
(402.0,763.0)
(416.0,763.0)
(402.0,763.0)
(412.0,763.0)
(387.0,763.0)
(402.0,763.0)
(387.0,763.0)
(429.0,763.0)
(461.0,763.0)
(423.0,763.0)
(416.0,763.0)
(387.0,763.0)
(461.0,763.0)
(402.0,763.0)
(461.0,763.0)
(758.0,763.0)
(424.0,763.0)
(412.0,763.0)
(409.0,763.0)
(387.0,763.0)
(387.0,763.0)
(412.0,763.0)
(461.0,763.0)
(416.0,763.0)
(429.0,763.0)
(461.0,763.0)
(384.0,763.0)
(409.0,763.0)
(438.0,763.0)
(461.0,763.0)
(416.0,763.0)
(412.0,763.0)
(461.0,763.0)
(429.0,763.0)
(429.0,763.0)
(416.0,763.0)
(461.0,763.0)
(461.0,763.0)
(412.0,763.0)
(429.0,763.0)
(373.0,763.0)
(409.0,763.0)
(416.0,763.0)
(519.0,763.0)
(398.0,763.0)
(461.0,763.0)
(461.0,763.0)
(438.0,763.0)
(412.0,763.0)
(434.0,763.0)
(398.0,763.0)
(389.0,763.0)
(402.0,763.0)
(402.0,763.0)
(416.0,763.0)
(409.0,763.0)
(455.0,764.0)
(455.0,764.0)
(455.0,764.0)
(417.0,764.0)
(417.0,764.0)
(455.0,764.0)
(417.0,764.0)
(417.0,764.0)
(455.0,764.0)
(417.0,764.0)
(417.0,764.0)
(455.0,764.0)
(417.0,764.0)
(409.0,764.0)
(417.0,764.0)
(764.0,764.0)
(455.0,764.0)
(417.0,764.0)
(417.0,764.0)
(417.0,764.0)
(404.0,764.0)
(417.0,764.0)
(417.0,764.0)
(417.0,764.0)
(417.0,764.0)
(455.0,764.0)
(417.0,764.0)
(430.0,764.0)
(409.0,764.0)
(455.0,764.0)
(413.0,764.0)
(764.0,764.0)
(401.0,764.0)
(417.0,764.0)
(417.0,764.0)
(413.0,764.0)
(764.0,764.0)
(413.0,764.0)
(406.0,764.0)
(417.0,764.0)
(417.0,764.0)
(455.0,764.0)
(417.0,764.0)
(404.0,764.0)
(417.0,764.0)
(417.0,764.0)
(455.0,764.0)
(404.0,764.0)
(417.0,764.0)
(417.0,764.0)
(406.0,764.0)
(417.0,764.0)
(417.0,764.0)
(404.0,764.0)
(455.0,764.0)
(413.0,764.0)
(413.0,764.0)
(764.0,764.0)
(413.0,764.0)
(417.0,764.0)
(417.0,764.0)
(404.0,764.0)
(455.0,764.0)
(417.0,764.0)
(764.0,764.0)
(404.0,764.0)
(417.0,764.0)
(417.0,764.0)
(764.0,764.0)
(417.0,764.0)
(413.0,764.0)
(455.0,764.0)
(417.0,764.0)
(404.0,764.0)
(417.0,764.0)
(417.0,764.0)
(417.0,764.0)
(417.0,764.0)
(455.0,764.0)
(764.0,764.0)
(404.0,764.0)
(413.0,764.0)
(404.0,764.0)
(417.0,764.0)
(455.0,764.0)
(417.0,764.0)
(447.0,764.0)
(417.0,764.0)
(413.0,764.0)
(455.0,764.0)
(417.0,764.0)
(455.0,764.0)
(404.0,764.0)
(455.0,764.0)
(455.0,764.0)
(417.0,764.0)
(455.0,764.0)
(417.0,764.0)
(417.0,764.0)
(404.0,764.0)
(417.0,764.0)
(455.0,764.0)
(417.0,764.0)
(417.0,764.0)
(417.0,764.0)
(455.0,764.0)
(417.0,764.0)
(417.0,764.0)
(455.0,764.0)
(417.0,764.0)
(417.0,764.0)
(417.0,764.0)
(455.0,764.0)
(417.0,764.0)
(417.0,764.0)
(455.0,764.0)
(455.0,764.0)
(417.0,764.0)
(417.0,764.0)
(417.0,764.0)
(404.0,764.0)
(413.0,764.0)
(455.0,764.0)
(405.0,764.0)
(417.0,764.0)
(404.0,764.0)
(417.0,764.0)
(417.0,764.0)
(417.0,764.0)
(455.0,764.0)
(417.0,764.0)
(417.0,764.0)
(365.0,764.0)
(417.0,764.0)
(455.0,764.0)
(417.0,764.0)
(417.0,764.0)
(455.0,764.0)
(401.0,764.0)
(404.0,764.0)
(417.0,764.0)
(455.0,764.0)
(417.0,764.0)
(404.0,764.0)
(417.0,764.0)
(417.0,764.0)
(764.0,764.0)
(417.0,764.0)
(455.0,764.0)
(417.0,764.0)
(417.0,764.0)
(413.0,764.0)
(417.0,764.0)
(417.0,764.0)
(421.0,764.0)
(455.0,764.0)
(365.0,764.0)
(412.0,764.0)
(455.0,764.0)
(417.0,764.0)
(417.0,764.0)
(417.0,764.0)
(417.0,764.0)
(417.0,764.0)
(417.0,764.0)
(417.0,764.0)
(405.0,764.0)
(455.0,764.0)
(417.0,764.0)
(455.0,764.0)
(455.0,764.0)
(365.0,764.0)
(417.0,764.0)
(455.0,764.0)
(404.0,764.0)
(417.0,764.0)
(417.0,764.0)
(417.0,764.0)
(417.0,764.0)
(417.0,764.0)
(365.0,764.0)
(417.0,764.0)
(417.0,764.0)
(404.0,764.0)
(417.0,764.0)
(417.0,764.0)
(417.0,764.0)
(417.0,764.0)
(417.0,764.0)
(417.0,764.0)
(417.0,764.0)
(417.0,764.0)
(455.0,764.0)
(417.0,764.0)
(417.0,764.0)
(417.0,764.0)
(417.0,764.0)
(417.0,764.0)
(417.0,764.0)
(365.0,764.0)
(417.0,764.0)
(417.0,764.0)
(417.0,764.0)
(417.0,764.0)
(404.0,764.0)
(417.0,764.0)
(417.0,764.0)
(417.0,764.0)
(417.0,764.0)
(417.0,764.0)
(417.0,764.0)
(764.0,764.0)
(417.0,764.0)
(417.0,764.0)
(417.0,764.0)
(413.0,764.0)
(417.0,764.0)
(404.0,764.0)
(430.0,764.0)
(417.0,764.0)
(417.0,764.0)
(417.0,764.0)
(404.0,764.0)
(387.0,764.0)
(417.0,764.0)
(417.0,764.0)
(417.0,764.0)
(417.0,764.0)
(417.0,764.0)
(417.0,764.0)
(417.0,764.0)
(413.0,764.0)
(417.0,764.0)
(417.0,764.0)
(417.0,764.0)
(417.0,764.0)
(37.0,764.0)
(417.0,764.0)
(455.0,764.0)
(404.0,764.0)
(417.0,764.0)
(404.0,764.0)
(417.0,764.0)
(417.0,764.0)
(455.0,764.0)
(413.0,764.0)
(455.0,764.0)
(417.0,764.0)
(743.0,764.0)
(764.0,764.0)
(401.0,764.0)
(404.0,764.0)
(417.0,764.0)
(417.0,764.0)
(417.0,764.0)
(417.0,764.0)
(417.0,764.0)
(417.0,764.0)
(413.0,764.0)
(404.0,764.0)
(417.0,764.0)
(463.0,764.0)
(417.0,764.0)
(417.0,764.0)
(455.0,764.0)
(455.0,764.0)
(404.0,764.0)
(417.0,764.0)
(417.0,764.0)
(430.0,764.0)
(417.0,764.0)
(417.0,764.0)
(430.0,764.0)
(455.0,764.0)
(417.0,764.0)
(417.0,764.0)
(430.0,764.0)
(417.0,764.0)
(430.0,764.0)
(417.0,764.0)
(413.0,764.0)
(417.0,764.0)
(764.0,764.0)
(417.0,764.0)
(417.0,764.0)
(417.0,764.0)
(413.0,764.0)
(455.0,764.0)
(413.0,764.0)
(417.0,764.0)
(753.0,764.0)
(404.0,764.0)
(404.0,764.0)
(417.0,764.0)
(764.0,764.0)
(417.0,764.0)
(404.0,764.0)
(406.0,764.0)
(417.0,764.0)
(387.0,764.0)
(417.0,764.0)
(455.0,764.0)
(764.0,764.0)
(417.0,764.0)
(404.0,764.0)
(365.0,764.0)
(417.0,764.0)
(417.0,764.0)
(417.0,764.0)
(413.0,764.0)
(455.0,764.0)
(417.0,764.0)
(417.0,764.0)
(417.0,764.0)
(417.0,764.0)
(413.0,764.0)
(413.0,764.0)
(417.0,764.0)
(417.0,764.0)
(417.0,764.0)
(417.0,764.0)
(417.0,764.0)
(417.0,764.0)
(417.0,764.0)
(417.0,764.0)
(417.0,764.0)
(417.0,764.0)
(405.0,764.0)
(417.0,764.0)
(417.0,764.0)
(417.0,764.0)
(455.0,764.0)
(417.0,764.0)
(417.0,764.0)
(455.0,764.0)
(805.0,764.0)
(417.0,764.0)
(413.0,764.0)
(455.0,764.0)
(417.0,764.0)
(455.0,764.0)
(417.0,764.0)
(417.0,764.0)
(789.0,764.0)
(417.0,764.0)
(417.0,764.0)
(417.0,764.0)
(417.0,764.0)
(404.0,764.0)
(764.0,764.0)
(455.0,764.0)
(404.0,764.0)
(413.0,764.0)
(417.0,764.0)
(417.0,764.0)
(417.0,764.0)
(417.0,764.0)
(417.0,764.0)
(417.0,764.0)
(417.0,764.0)
(417.0,764.0)
(417.0,764.0)
(413.0,764.0)
(455.0,764.0)
(417.0,764.0)
(455.0,764.0)
(405.0,764.0)
(455.0,764.0)
(417.0,764.0)
(404.0,764.0)
(417.0,764.0)
(455.0,764.0)
(417.0,764.0)
(365.0,764.0)
(764.0,764.0)
(413.0,764.0)
(455.0,764.0)
(455.0,764.0)
(430.0,764.0)
(417.0,764.0)
(417.0,764.0)
(417.0,764.0)
(413.0,764.0)
(417.0,764.0)
(753.0,764.0)
(413.0,764.0)
(413.0,764.0)
(365.0,764.0)
(417.0,764.0)
(417.0,764.0)
(417.0,764.0)
(404.0,764.0)
(417.0,764.0)
(417.0,764.0)
(417.0,764.0)
(417.0,764.0)
(403.0,764.0)
(417.0,764.0)
(417.0,764.0)
(455.0,764.0)
(417.0,764.0)
(455.0,764.0)
(417.0,764.0)
(413.0,764.0)
(412.0,764.0)
(455.0,764.0)
(417.0,764.0)
(417.0,764.0)
(365.0,764.0)
(417.0,764.0)
(764.0,764.0)
(417.0,764.0)
(413.0,764.0)
(417.0,764.0)
(764.0,764.0)
(404.0,764.0)
(417.0,764.0)
(455.0,764.0)
(455.0,764.0)
(417.0,764.0)
(413.0,764.0)
(404.0,764.0)
(413.0,764.0)
(764.0,764.0)
(417.0,764.0)
(764.0,764.0)
(413.0,764.0)
(455.0,764.0)
(417.0,764.0)
(417.0,764.0)
(365.0,764.0)
(417.0,764.0)
(417.0,764.0)
(764.0,764.0)
(417.0,764.0)
(455.0,764.0)
(413.0,764.0)
(417.0,764.0)
(417.0,764.0)
(417.0,764.0)
(417.0,764.0)
(413.0,764.0)
(413.0,764.0)
(413.0,764.0)
(402.0,764.0)
(417.0,764.0)
(412.0,764.0)
(417.0,764.0)
(413.0,764.0)
(405.0,764.0)
(417.0,764.0)
(417.0,764.0)
(455.0,764.0)
(455.0,764.0)
(455.0,764.0)
(417.0,764.0)
(417.0,764.0)
(413.0,764.0)
(417.0,764.0)
(417.0,764.0)
(417.0,764.0)
(417.0,764.0)
(417.0,764.0)
(413.0,764.0)
(764.0,764.0)
(455.0,764.0)
(417.0,764.0)
(455.0,764.0)
(455.0,764.0)
(404.0,764.0)
(417.0,764.0)
(417.0,764.0)
(455.0,764.0)
(455.0,764.0)
(413.0,764.0)
(417.0,764.0)
(417.0,764.0)
(404.0,764.0)
(417.0,764.0)
(764.0,764.0)
(417.0,764.0)
(417.0,764.0)
(417.0,764.0)
(417.0,764.0)
(417.0,764.0)
(417.0,764.0)
(417.0,764.0)
(455.0,764.0)
(417.0,764.0)
(417.0,764.0)
(455.0,764.0)
(417.0,764.0)
(417.0,764.0)
(417.0,764.0)
(417.0,764.0)
(455.0,764.0)
(455.0,764.0)
(417.0,764.0)
(405.0,764.0)
(417.0,764.0)
(455.0,764.0)
(404.0,764.0)
(417.0,764.0)
(417.0,764.0)
(417.0,764.0)
(764.0,764.0)
(417.0,764.0)
(417.0,764.0)
(455.0,764.0)
(764.0,764.0)
(455.0,764.0)
(417.0,764.0)
(455.0,764.0)
(417.0,764.0)
(417.0,764.0)
(417.0,764.0)
(417.0,764.0)
(417.0,764.0)
(455.0,764.0)
(764.0,764.0)
(417.0,764.0)
(417.0,764.0)
(417.0,764.0)
(417.0,764.0)
(417.0,764.0)
(417.0,764.0)
(417.0,764.0)
(455.0,764.0)
(417.0,764.0)
(455.0,764.0)
(417.0,764.0)
(417.0,764.0)
(417.0,764.0)
(417.0,764.0)
(417.0,764.0)
(417.0,764.0)
(417.0,764.0)
(417.0,764.0)
(455.0,764.0)
(417.0,764.0)
(417.0,764.0)
(417.0,764.0)
(417.0,764.0)
(413.0,764.0)
(455.0,764.0)
(413.0,764.0)
(404.0,764.0)
(417.0,764.0)
(417.0,764.0)
(417.0,764.0)
(417.0,764.0)
(786.0,764.0)
(417.0,764.0)
(455.0,764.0)
(404.0,764.0)
(417.0,764.0)
(784.0,764.0)
(413.0,764.0)
(455.0,764.0)
(413.0,764.0)
(401.0,764.0)
(404.0,764.0)
(455.0,764.0)
(413.0,764.0)
(417.0,764.0)
(417.0,764.0)
(417.0,764.0)
(417.0,764.0)
(365.0,764.0)
(413.0,764.0)
(455.0,764.0)
(764.0,764.0)
(764.0,764.0)
(417.0,764.0)
(402.0,764.0)
(417.0,764.0)
(455.0,764.0)
(404.0,764.0)
(365.0,764.0)
(365.0,764.0)
(417.0,764.0)
(417.0,764.0)
(417.0,764.0)
(417.0,764.0)
(455.0,764.0)
(404.0,764.0)
(417.0,764.0)
(764.0,764.0)
(421.0,764.0)
(413.0,764.0)
(417.0,764.0)
(417.0,764.0)
(417.0,764.0)
(413.0,764.0)
(413.0,764.0)
(404.0,764.0)
(455.0,764.0)
(417.0,764.0)
(764.0,764.0)
(365.0,764.0)
(404.0,764.0)
(417.0,764.0)
(417.0,764.0)
(417.0,764.0)
(417.0,764.0)
(417.0,764.0)
(447.0,764.0)
(417.0,764.0)
(417.0,764.0)
(417.0,764.0)
(417.0,764.0)
(365.0,764.0)
(417.0,764.0)
(417.0,764.0)
(417.0,764.0)
(417.0,764.0)
(455.0,764.0)
(417.0,764.0)
(417.0,764.0)
(455.0,764.0)
(417.0,764.0)
(417.0,764.0)
(413.0,764.0)
(417.0,764.0)
(417.0,764.0)
(455.0,764.0)
(455.0,764.0)
(421.0,764.0)
(412.0,764.0)
(376.0,764.0)
(417.0,764.0)
(404.0,764.0)
(417.0,764.0)
(406.0,764.0)
(417.0,764.0)
(455.0,764.0)
(417.0,764.0)
(417.0,764.0)
(404.0,764.0)
(447.0,764.0)
(404.0,764.0)
(417.0,764.0)
(404.0,764.0)
(404.0,764.0)
(404.0,764.0)
(417.0,764.0)
(417.0,764.0)
(417.0,764.0)
(413.0,764.0)
(417.0,764.0)
(417.0,764.0)
(417.0,764.0)
(413.0,764.0)
(417.0,764.0)
(417.0,764.0)
(417.0,764.0)
(386.0,764.0)
(404.0,764.0)
(417.0,764.0)
(365.0,764.0)
(417.0,764.0)
(417.0,764.0)
(764.0,764.0)
(455.0,764.0)
(417.0,764.0)
(463.0,764.0)
(455.0,764.0)
(413.0,764.0)
(417.0,764.0)
(764.0,764.0)
(417.0,764.0)
(417.0,764.0)
(417.0,764.0)
(417.0,764.0)
(417.0,764.0)
(417.0,764.0)
(404.0,764.0)
(365.0,764.0)
(417.0,764.0)
(413.0,764.0)
(417.0,764.0)
(417.0,764.0)
(413.0,764.0)
(417.0,764.0)
(413.0,764.0)
(417.0,764.0)
(404.0,764.0)
(404.0,764.0)
(417.0,764.0)
(764.0,764.0)
(417.0,764.0)
(455.0,764.0)
(417.0,764.0)
(417.0,764.0)
(404.0,764.0)
(417.0,764.0)
(417.0,764.0)
(455.0,764.0)
(404.0,764.0)
(365.0,764.0)
(417.0,764.0)
(417.0,764.0)
(447.0,764.0)
(406.0,406.0)
(406.0,406.0)
(406.0,406.0)
(406.0,406.0)
(406.0,406.0)
(406.0,406.0)
(406.0,406.0)
(417.0,406.0)
(406.0,406.0)
(406.0,406.0)
(406.0,406.0)
(406.0,406.0)
(406.0,406.0)
(406.0,406.0)
(406.0,406.0)
(406.0,406.0)
(406.0,406.0)
(406.0,406.0)
(406.0,406.0)
(406.0,406.0)
(406.0,406.0)
(406.0,406.0)
(406.0,406.0)
(413.0,406.0)
(406.0,406.0)
(406.0,406.0)
(417.0,406.0)
(406.0,406.0)
(406.0,406.0)
(406.0,406.0)
(406.0,406.0)
(406.0,406.0)
(413.0,406.0)
(406.0,406.0)
(417.0,406.0)
(406.0,406.0)
(406.0,406.0)
(406.0,406.0)
(406.0,406.0)
(406.0,406.0)
(406.0,406.0)
(406.0,406.0)
(406.0,406.0)
(406.0,406.0)
(406.0,406.0)
(406.0,406.0)
(406.0,406.0)
(406.0,406.0)
(406.0,406.0)
(406.0,406.0)
(413.0,406.0)
(406.0,406.0)
(406.0,406.0)
(406.0,406.0)
(406.0,406.0)
(406.0,406.0)
(417.0,406.0)
(406.0,406.0)
(413.0,406.0)
(406.0,406.0)
(406.0,406.0)
(417.0,406.0)
(406.0,406.0)
(447.0,406.0)
(406.0,406.0)
(406.0,406.0)
(406.0,406.0)
(406.0,406.0)
(406.0,406.0)
(406.0,406.0)
(406.0,406.0)
(406.0,406.0)
(406.0,406.0)
(406.0,406.0)
(413.0,406.0)
(406.0,406.0)
(406.0,406.0)
(417.0,406.0)
(406.0,406.0)
(406.0,406.0)
(406.0,406.0)
(417.0,406.0)
(435.0,406.0)
(406.0,406.0)
(406.0,406.0)
(406.0,406.0)
(406.0,406.0)
(406.0,406.0)
(406.0,406.0)
(406.0,406.0)
(406.0,406.0)
(404.0,406.0)
(406.0,406.0)
(406.0,406.0)
(406.0,406.0)
(406.0,406.0)
(406.0,406.0)
(406.0,406.0)
(406.0,406.0)
(406.0,406.0)
(417.0,406.0)
(406.0,406.0)
(406.0,406.0)
(406.0,406.0)
(406.0,406.0)
(406.0,406.0)
(406.0,406.0)
(406.0,406.0)
(406.0,406.0)
(406.0,406.0)
(406.0,406.0)
(406.0,406.0)
(406.0,406.0)
(406.0,406.0)
(406.0,406.0)
(787.0,406.0)
(406.0,406.0)
(417.0,406.0)
(406.0,406.0)
(406.0,406.0)
(406.0,406.0)
(406.0,406.0)
(406.0,406.0)
(406.0,406.0)
(417.0,406.0)
(447.0,406.0)
(406.0,406.0)
(406.0,406.0)
(406.0,406.0)
(406.0,406.0)
(455.0,406.0)
(406.0,406.0)
(406.0,406.0)
(406.0,406.0)
(406.0,406.0)
(406.0,406.0)
(406.0,406.0)
(406.0,406.0)
(404.0,406.0)
(406.0,406.0)
(406.0,406.0)
(406.0,406.0)
(406.0,406.0)
(406.0,406.0)
(406.0,406.0)
(406.0,406.0)
(406.0,406.0)
(406.0,406.0)
(406.0,406.0)
(406.0,406.0)
(406.0,406.0)
(406.0,406.0)
(406.0,406.0)
(406.0,406.0)
(406.0,406.0)
(406.0,406.0)
(406.0,406.0)
(406.0,406.0)
(406.0,406.0)
(406.0,406.0)
(406.0,406.0)
(406.0,406.0)
(406.0,406.0)
(406.0,406.0)
(406.0,406.0)
(447.0,406.0)
(406.0,406.0)
(406.0,406.0)
(406.0,406.0)
(406.0,406.0)
(406.0,406.0)
(406.0,406.0)
(368.0,406.0)
(406.0,406.0)
