(460.0,460.0)
(461.0,460.0)
(460.0,460.0)
(460.0,460.0)
(460.0,460.0)
(460.0,460.0)
(460.0,460.0)
(798.0,460.0)
(460.0,460.0)
(460.0,460.0)
(448.0,460.0)
(460.0,460.0)
(460.0,460.0)
(460.0,460.0)
(460.0,460.0)
(460.0,460.0)
(460.0,460.0)
(460.0,460.0)
(461.0,460.0)
(460.0,460.0)
(461.0,460.0)
(460.0,460.0)
(460.0,460.0)
(448.0,461.0)
(460.0,461.0)
(445.0,461.0)
(460.0,461.0)
(464.0,461.0)
(461.0,461.0)
(448.0,461.0)
(448.0,461.0)
(446.0,461.0)
(460.0,461.0)
(448.0,461.0)
(448.0,461.0)
(446.0,461.0)
(798.0,461.0)
(460.0,461.0)
(448.0,461.0)
(448.0,461.0)
(466.0,461.0)
(448.0,461.0)
(798.0,461.0)
(798.0,461.0)
(448.0,461.0)
(461.0,461.0)
(798.0,461.0)
(448.0,461.0)
(461.0,461.0)
(446.0,461.0)
(460.0,461.0)
(448.0,461.0)
(798.0,461.0)
(798.0,461.0)
(461.0,461.0)
(460.0,461.0)
(448.0,461.0)
(461.0,461.0)
(798.0,461.0)
(798.0,461.0)
(460.0,461.0)
(448.0,461.0)
(460.0,461.0)
(448.0,461.0)
(446.0,461.0)
(798.0,461.0)
(448.0,461.0)
(461.0,461.0)
(461.0,461.0)
(448.0,461.0)
(460.0,461.0)
(448.0,461.0)
(464.0,461.0)
(798.0,461.0)
(466.0,461.0)
(448.0,461.0)
(460.0,461.0)
(798.0,461.0)
(460.0,461.0)
(448.0,461.0)
(461.0,461.0)
(448.0,461.0)
(448.0,461.0)
(448.0,461.0)
(448.0,461.0)
(460.0,461.0)
(798.0,461.0)
(448.0,461.0)
(461.0,461.0)
(460.0,461.0)
(460.0,461.0)
(460.0,461.0)
(461.0,461.0)
(448.0,461.0)
(460.0,461.0)
(798.0,461.0)
(461.0,461.0)
(448.0,461.0)
(460.0,461.0)
(448.0,461.0)
(448.0,461.0)
(448.0,461.0)
(460.0,461.0)
(448.0,461.0)
(798.0,461.0)
(448.0,461.0)
(460.0,461.0)
(798.0,461.0)
(448.0,461.0)
(460.0,461.0)
(464.0,461.0)
(448.0,461.0)
(460.0,461.0)
(448.0,461.0)
(448.0,461.0)
(460.0,461.0)
(460.0,461.0)
(798.0,461.0)
(798.0,461.0)
(447.0,461.0)
(448.0,461.0)
(448.0,461.0)
(448.0,461.0)
(446.0,461.0)
(448.0,461.0)
(448.0,461.0)
(461.0,461.0)
(461.0,461.0)
(448.0,461.0)
(444.0,461.0)
(448.0,461.0)
(448.0,461.0)
(448.0,461.0)
(798.0,461.0)
(461.0,461.0)
(448.0,461.0)
(455.0,461.0)
(448.0,461.0)
(412.0,461.0)
(446.0,461.0)
(798.0,461.0)
(461.0,461.0)
(461.0,461.0)
(460.0,461.0)
(460.0,461.0)
(461.0,461.0)
(460.0,461.0)
(461.0,461.0)
(798.0,461.0)
(464.0,461.0)
(448.0,461.0)
(798.0,461.0)
(461.0,461.0)
(448.0,461.0)
(448.0,461.0)
(448.0,461.0)
(460.0,461.0)
(448.0,461.0)
(448.0,461.0)
(799.0,461.0)
(461.0,461.0)
(448.0,461.0)
(448.0,461.0)
(448.0,461.0)
(798.0,461.0)
(448.0,461.0)
(445.0,461.0)
(448.0,461.0)
(448.0,461.0)
(448.0,461.0)
(798.0,461.0)
(448.0,461.0)
(448.0,461.0)
(798.0,461.0)
(798.0,461.0)
(798.0,461.0)
(460.0,461.0)
(448.0,461.0)
(460.0,461.0)
(461.0,461.0)
(461.0,461.0)
(461.0,461.0)
(460.0,461.0)
(776.0,461.0)
(798.0,461.0)
(448.0,461.0)
(448.0,461.0)
(460.0,461.0)
(460.0,461.0)
(461.0,461.0)
(464.0,461.0)
(448.0,461.0)
(460.0,461.0)
(446.0,461.0)
(448.0,461.0)
(448.0,461.0)
(448.0,461.0)
(448.0,461.0)
(448.0,461.0)
(448.0,461.0)
(448.0,461.0)
(446.0,461.0)
(460.0,461.0)
(448.0,461.0)
(448.0,461.0)
(448.0,461.0)
(461.0,461.0)
(416.0,461.0)
(445.0,461.0)
(448.0,461.0)
(448.0,461.0)
(464.0,461.0)
(448.0,461.0)
(448.0,461.0)
(446.0,461.0)
(798.0,461.0)
(448.0,461.0)
(409.0,801.0)
(448.0,801.0)
(442.0,801.0)
(412.0,801.0)
(767.0,801.0)
(404.0,801.0)
(405.0,801.0)
(452.0,801.0)
(448.0,801.0)
(448.0,801.0)
(412.0,801.0)
(448.0,801.0)
(448.0,801.0)
(767.0,801.0)
(448.0,801.0)
(448.0,801.0)
(452.0,801.0)
(413.0,801.0)
(402.0,801.0)
(421.0,801.0)
(413.0,801.0)
(448.0,801.0)
(452.0,801.0)
(386.0,801.0)
(448.0,801.0)
(421.0,801.0)
(413.0,801.0)
(404.0,801.0)
(412.0,801.0)
(417.0,801.0)
(448.0,801.0)
(452.0,801.0)
(413.0,801.0)
(448.0,801.0)
(409.0,801.0)
(372.0,801.0)
(413.0,801.0)
(452.0,801.0)
(412.0,801.0)
(402.0,801.0)
(767.0,801.0)
(387.0,801.0)
(402.0,801.0)
(402.0,801.0)
(771.0,801.0)
(805.0,801.0)
(2.0,801.0)
(448.0,801.0)
(448.0,801.0)
(448.0,801.0)
(412.0,801.0)
(452.0,801.0)
(401.0,801.0)
(448.0,801.0)
(412.0,801.0)
(413.0,801.0)
(448.0,801.0)
(789.0,801.0)
(789.0,801.0)
(386.0,801.0)
(805.0,801.0)
(409.0,801.0)
(448.0,801.0)
(409.0,801.0)
(412.0,801.0)
(452.0,801.0)
(412.0,801.0)
(387.0,801.0)
(789.0,801.0)
(409.0,801.0)
(771.0,801.0)
(416.0,801.0)
(412.0,801.0)
(767.0,801.0)
(262.0,801.0)
(805.0,801.0)
(452.0,801.0)
(448.0,801.0)
(421.0,801.0)
(448.0,801.0)
(767.0,801.0)
(373.0,801.0)
(404.0,801.0)
(452.0,801.0)
(412.0,801.0)
(415.0,801.0)
(448.0,801.0)
(448.0,801.0)
(452.0,801.0)
(448.0,801.0)
(412.0,801.0)
(417.0,801.0)
(415.0,801.0)
(452.0,801.0)
(448.0,801.0)
(413.0,801.0)
(409.0,801.0)
(767.0,801.0)
(452.0,801.0)
(448.0,801.0)
(471.0,801.0)
(448.0,801.0)
(448.0,801.0)
(448.0,801.0)
(442.0,801.0)
(448.0,801.0)
(372.0,801.0)
(771.0,801.0)
(442.0,801.0)
(386.0,801.0)
(767.0,801.0)
(448.0,801.0)
(767.0,801.0)
(448.0,801.0)
(448.0,801.0)
(413.0,801.0)
(452.0,801.0)
(399.0,801.0)
(448.0,801.0)
(771.0,801.0)
(767.0,801.0)
(471.0,801.0)
(789.0,801.0)
(448.0,801.0)
(413.0,801.0)
(452.0,801.0)
(448.0,801.0)
(771.0,801.0)
(771.0,801.0)
(417.0,801.0)
(767.0,801.0)
(389.0,801.0)
(767.0,801.0)
(448.0,801.0)
(767.0,801.0)
(412.0,801.0)
(448.0,801.0)
(413.0,801.0)
(452.0,801.0)
(412.0,801.0)
(767.0,801.0)
(448.0,801.0)
(767.0,801.0)
(386.0,801.0)
(452.0,801.0)
(412.0,801.0)
(413.0,801.0)
(412.0,801.0)
(412.0,801.0)
(409.0,801.0)
(452.0,801.0)
(412.0,801.0)
(417.0,801.0)
(373.0,801.0)
(412.0,801.0)
(413.0,801.0)
(448.0,801.0)
(412.0,801.0)
(771.0,801.0)
(412.0,801.0)
(448.0,801.0)
(771.0,801.0)
(412.0,801.0)
(405.0,801.0)
(771.0,801.0)
(767.0,801.0)
(452.0,801.0)
(452.0,801.0)
(448.0,801.0)
(448.0,801.0)
(412.0,801.0)
(767.0,801.0)
(413.0,801.0)
(448.0,801.0)
(412.0,801.0)
(402.0,801.0)
(771.0,801.0)
(412.0,801.0)
(802.0,801.0)
(767.0,801.0)
(789.0,801.0)
(405.0,801.0)
(262.0,801.0)
(452.0,801.0)
(387.0,801.0)
(415.0,801.0)
(409.0,801.0)
(416.0,801.0)
(767.0,801.0)
(448.0,801.0)
(448.0,801.0)
(402.0,801.0)
(448.0,801.0)
(767.0,801.0)
(452.0,801.0)
(448.0,801.0)
(413.0,801.0)
(448.0,801.0)
(444.0,801.0)
(444.0,801.0)
(448.0,801.0)
(445.0,801.0)
(461.0,801.0)
(464.0,801.0)
(466.0,801.0)
(448.0,801.0)
(460.0,801.0)
(452.0,801.0)
(448.0,801.0)
(448.0,801.0)
(444.0,801.0)
(448.0,801.0)
(445.0,801.0)
(798.0,801.0)
(445.0,801.0)
(461.0,801.0)
(771.0,801.0)
(444.0,801.0)
(461.0,801.0)
(448.0,801.0)
(448.0,801.0)
(448.0,801.0)
(444.0,801.0)
(448.0,801.0)
(464.0,801.0)
(451.0,801.0)
(483.0,801.0)
(445.0,801.0)
(444.0,801.0)
(445.0,801.0)
(448.0,801.0)
(461.0,801.0)
(448.0,801.0)
(464.0,801.0)
(444.0,801.0)
(448.0,801.0)
(445.0,801.0)
(448.0,801.0)
(448.0,801.0)
(461.0,801.0)
(461.0,801.0)
(444.0,801.0)
(444.0,801.0)
(464.0,801.0)
(798.0,801.0)
(464.0,801.0)
(771.0,801.0)
(444.0,801.0)
(444.0,801.0)
(461.0,801.0)
(448.0,801.0)
(444.0,801.0)
(461.0,801.0)
(451.0,801.0)
(448.0,801.0)
(448.0,801.0)
(448.0,801.0)
(464.0,801.0)
(464.0,801.0)
(641.0,801.0)
(466.0,801.0)
(448.0,801.0)
(799.0,801.0)
(451.0,801.0)
(448.0,801.0)
(464.0,801.0)
(461.0,801.0)
(464.0,801.0)
(461.0,801.0)
(448.0,801.0)
(448.0,801.0)
(443.0,801.0)
(448.0,801.0)
(444.0,801.0)
(448.0,801.0)
(464.0,801.0)
(444.0,801.0)
(444.0,801.0)
(445.0,801.0)
(448.0,801.0)
(448.0,801.0)
(461.0,801.0)
(446.0,801.0)
(445.0,801.0)
(460.0,801.0)
(444.0,801.0)
(448.0,801.0)
(448.0,801.0)
(444.0,801.0)
(466.0,801.0)
(448.0,801.0)
(464.0,801.0)
(799.0,801.0)
(448.0,801.0)
(444.0,801.0)
(444.0,801.0)
(448.0,801.0)
(448.0,801.0)
(452.0,801.0)
(794.0,801.0)
(448.0,801.0)
(798.0,801.0)
(448.0,801.0)
(464.0,801.0)
(771.0,801.0)
(448.0,801.0)
(444.0,801.0)
(387.0,801.0)
(771.0,801.0)
(445.0,801.0)
(451.0,801.0)
(448.0,801.0)
(444.0,801.0)
(448.0,801.0)
(461.0,801.0)
(448.0,801.0)
(448.0,801.0)
(448.0,801.0)
(448.0,801.0)
(452.0,801.0)
(451.0,801.0)
(444.0,801.0)
(451.0,801.0)
(452.0,801.0)
(446.0,801.0)
(464.0,801.0)
(461.0,801.0)
(460.0,801.0)
(461.0,801.0)
(461.0,801.0)
(444.0,801.0)
(444.0,801.0)
(461.0,801.0)
(448.0,801.0)
(461.0,801.0)
(466.0,801.0)
(466.0,801.0)
(464.0,801.0)
(452.0,801.0)
(448.0,801.0)
(448.0,801.0)
(448.0,801.0)
(464.0,801.0)
(445.0,801.0)
(464.0,801.0)
(448.0,801.0)
(446.0,801.0)
(448.0,801.0)
(448.0,801.0)
(448.0,801.0)
(464.0,801.0)
(445.0,801.0)
(448.0,801.0)
(460.0,801.0)
(448.0,801.0)
(448.0,801.0)
(448.0,801.0)
(448.0,801.0)
(464.0,801.0)
(461.0,801.0)
(460.0,801.0)
(444.0,801.0)
(448.0,801.0)
(464.0,801.0)
(444.0,801.0)
(448.0,801.0)
(461.0,801.0)
(446.0,801.0)
(446.0,801.0)
(451.0,801.0)
(448.0,801.0)
(460.0,801.0)
(799.0,801.0)
(448.0,801.0)
(464.0,801.0)
(448.0,801.0)
(466.0,801.0)
(446.0,801.0)
(466.0,801.0)
(448.0,801.0)
(444.0,801.0)
(448.0,801.0)
(445.0,801.0)
(448.0,801.0)
(445.0,801.0)
(448.0,801.0)
(446.0,801.0)
(461.0,801.0)
(448.0,801.0)
(448.0,801.0)
(448.0,801.0)
(446.0,801.0)
(464.0,801.0)
(448.0,801.0)
(452.0,801.0)
(471.0,801.0)
(452.0,801.0)
(448.0,801.0)
(461.0,801.0)
(452.0,801.0)
(448.0,801.0)
(452.0,801.0)
(448.0,801.0)
(452.0,801.0)
(448.0,801.0)
(452.0,801.0)
(448.0,801.0)
(452.0,801.0)
(452.0,801.0)
(452.0,801.0)
(417.0,801.0)
(448.0,801.0)
(448.0,801.0)
(452.0,801.0)
(448.0,801.0)
(452.0,801.0)
(448.0,801.0)
(448.0,801.0)
(448.0,801.0)
(448.0,801.0)
(448.0,801.0)
(448.0,801.0)
(461.0,801.0)
(461.0,801.0)
(448.0,801.0)
(448.0,801.0)
(448.0,801.0)
(448.0,801.0)
(448.0,801.0)
(452.0,801.0)
(448.0,801.0)
(448.0,801.0)
(446.0,801.0)
(448.0,801.0)
(448.0,801.0)
(448.0,801.0)
(417.0,801.0)
(452.0,801.0)
(448.0,801.0)
(448.0,801.0)
(448.0,801.0)
(448.0,801.0)
(448.0,801.0)
(448.0,801.0)
(461.0,801.0)
(798.0,801.0)
(452.0,801.0)
(448.0,801.0)
(448.0,801.0)
(452.0,801.0)
(452.0,801.0)
(452.0,801.0)
(448.0,801.0)
(448.0,801.0)
(452.0,801.0)
(448.0,801.0)
(448.0,801.0)
(448.0,801.0)
(452.0,801.0)
(452.0,801.0)
(448.0,801.0)
(448.0,801.0)
(448.0,801.0)
(448.0,801.0)
(402.0,801.0)
(448.0,801.0)
(448.0,801.0)
(452.0,801.0)
(452.0,801.0)
(448.0,801.0)
(448.0,801.0)
(448.0,801.0)
(452.0,801.0)
(448.0,801.0)
(448.0,801.0)
(452.0,801.0)
(448.0,801.0)
(448.0,801.0)
(448.0,801.0)
(448.0,801.0)
(448.0,801.0)
(448.0,801.0)
(452.0,801.0)
(748.0,801.0)
(448.0,801.0)
(448.0,801.0)
(448.0,801.0)
(448.0,801.0)
(452.0,801.0)
(452.0,801.0)
(452.0,801.0)
(448.0,801.0)
(448.0,801.0)
(448.0,801.0)
(448.0,801.0)
(452.0,801.0)
(448.0,801.0)
(748.0,801.0)
(452.0,801.0)
(452.0,801.0)
(448.0,801.0)
(448.0,801.0)
(448.0,801.0)
(448.0,801.0)
(448.0,801.0)
(448.0,801.0)
(448.0,801.0)
(448.0,801.0)
(448.0,801.0)
(448.0,801.0)
(452.0,801.0)
(452.0,801.0)
(452.0,801.0)
(448.0,801.0)
(448.0,801.0)
(448.0,801.0)
(452.0,801.0)
(771.0,801.0)
(448.0,801.0)
(448.0,801.0)
(448.0,801.0)
(445.0,801.0)
(448.0,801.0)
(452.0,801.0)
(452.0,801.0)
(448.0,801.0)
(448.0,801.0)
(448.0,801.0)
(521.0,801.0)
(424.0,801.0)
(194.0,801.0)
(448.0,801.0)
(448.0,801.0)
(448.0,801.0)
(448.0,801.0)
(452.0,801.0)
(452.0,801.0)
(452.0,801.0)
(448.0,801.0)
(452.0,801.0)
(452.0,801.0)
(435.0,801.0)
(461.0,801.0)
(448.0,801.0)
(448.0,801.0)
(417.0,801.0)
(445.0,801.0)
(448.0,801.0)
(448.0,801.0)
(448.0,801.0)
(452.0,801.0)
(448.0,801.0)
(452.0,801.0)
(448.0,801.0)
(448.0,801.0)
(448.0,801.0)
(452.0,801.0)
(452.0,801.0)
(448.0,801.0)
(448.0,801.0)
(435.0,801.0)
(448.0,801.0)
(445.0,801.0)
(448.0,801.0)
(452.0,801.0)
(452.0,801.0)
(448.0,801.0)
(771.0,801.0)
(448.0,801.0)
(448.0,801.0)
(448.0,801.0)
(448.0,801.0)
(448.0,801.0)
(448.0,801.0)
(452.0,801.0)
(452.0,801.0)
(448.0,801.0)
(448.0,801.0)
(436.0,801.0)
(448.0,801.0)
(448.0,801.0)
(448.0,801.0)
(448.0,801.0)
(452.0,801.0)
(448.0,801.0)
(448.0,801.0)
(442.0,801.0)
(448.0,801.0)
(448.0,801.0)
(194.0,801.0)
(448.0,801.0)
(448.0,801.0)
(448.0,801.0)
(445.0,801.0)
(448.0,801.0)
(412.0,801.0)
(448.0,801.0)
(452.0,801.0)
(445.0,801.0)
(461.0,801.0)
(448.0,801.0)
(448.0,801.0)
(364.0,801.0)
(448.0,801.0)
(448.0,801.0)
(448.0,801.0)
(448.0,801.0)
(445.0,801.0)
(448.0,801.0)
(448.0,801.0)
(461.0,801.0)
(445.0,801.0)
(448.0,801.0)
(448.0,801.0)
(448.0,801.0)
(452.0,801.0)
(416.0,801.0)
(448.0,801.0)
(448.0,801.0)
(448.0,801.0)
(798.0,801.0)
(448.0,801.0)
(448.0,801.0)
(448.0,801.0)
(448.0,801.0)
(445.0,801.0)
(445.0,801.0)
(448.0,801.0)
(445.0,801.0)
(448.0,801.0)
(448.0,801.0)
(452.0,801.0)
(461.0,801.0)
(448.0,801.0)
(416.0,801.0)
(448.0,801.0)
(445.0,801.0)
(448.0,801.0)
(448.0,801.0)
(448.0,801.0)
(448.0,801.0)
(798.0,801.0)
(448.0,801.0)
(461.0,801.0)
(448.0,801.0)
(798.0,801.0)
(461.0,801.0)
(448.0,801.0)
(445.0,801.0)
(452.0,801.0)
(416.0,801.0)
(757.0,801.0)
(445.0,801.0)
(448.0,801.0)
(448.0,801.0)
(448.0,801.0)
(448.0,801.0)
(461.0,801.0)
(448.0,801.0)
(452.0,801.0)
(448.0,801.0)
(448.0,801.0)
(448.0,801.0)
(448.0,801.0)
(445.0,801.0)
(416.0,801.0)
(444.0,801.0)
(452.0,801.0)
(448.0,801.0)
(448.0,801.0)
(448.0,801.0)
(448.0,801.0)
(416.0,801.0)
(445.0,801.0)
(445.0,801.0)
(448.0,801.0)
(798.0,801.0)
(461.0,801.0)
(445.0,801.0)
(416.0,801.0)
(798.0,801.0)
(448.0,801.0)
(798.0,801.0)
(445.0,801.0)
(448.0,801.0)
(798.0,801.0)
(448.0,801.0)
(771.0,801.0)
(798.0,801.0)
(448.0,801.0)
(448.0,801.0)
(410.0,801.0)
(448.0,801.0)
(416.0,801.0)
(448.0,801.0)
(445.0,801.0)
(452.0,801.0)
(461.0,801.0)
(461.0,801.0)
(448.0,801.0)
(448.0,801.0)
(460.0,801.0)
(448.0,801.0)
(448.0,801.0)
(448.0,801.0)
(445.0,801.0)
(452.0,801.0)
(461.0,801.0)
(448.0,801.0)
(448.0,801.0)
(416.0,801.0)
(461.0,801.0)
(448.0,801.0)
(448.0,801.0)
(448.0,801.0)
(452.0,801.0)
(798.0,801.0)
(452.0,801.0)
(445.0,801.0)
(448.0,801.0)
(798.0,801.0)
(461.0,801.0)
(798.0,801.0)
(452.0,801.0)
(448.0,801.0)
(416.0,801.0)
(452.0,801.0)
(452.0,801.0)
(410.0,801.0)
(438.0,801.0)
(452.0,801.0)
(452.0,801.0)
(448.0,801.0)
(400.0,801.0)
(452.0,801.0)
(461.0,801.0)
(410.0,801.0)
(410.0,801.0)
(416.0,801.0)
(448.0,801.0)
(452.0,801.0)
(416.0,801.0)
(448.0,801.0)
(798.0,801.0)
(448.0,801.0)
(448.0,801.0)
(448.0,801.0)
(416.0,801.0)
(448.0,801.0)
(461.0,801.0)
(483.0,801.0)
(448.0,801.0)
(448.0,801.0)
(448.0,801.0)
(448.0,801.0)
(448.0,801.0)
(448.0,801.0)
(445.0,801.0)
(798.0,801.0)
(448.0,801.0)
(448.0,801.0)
(448.0,801.0)
(448.0,801.0)
(448.0,801.0)
(452.0,801.0)
(445.0,801.0)
(448.0,801.0)
(452.0,801.0)
(448.0,801.0)
(445.0,801.0)
(445.0,801.0)
(452.0,801.0)
(445.0,801.0)
(448.0,801.0)
(445.0,801.0)
(448.0,801.0)
(410.0,801.0)
(448.0,801.0)
(445.0,801.0)
(448.0,801.0)
(445.0,801.0)
(416.0,801.0)
(448.0,801.0)
(448.0,801.0)
(448.0,801.0)
(452.0,801.0)
(448.0,801.0)
(445.0,801.0)
(461.0,801.0)
(449.0,801.0)
(450.0,801.0)
(449.0,801.0)
(449.0,801.0)
(449.0,801.0)
(453.0,801.0)
(449.0,801.0)
(449.0,801.0)
(449.0,801.0)
(449.0,801.0)
(466.0,801.0)
(449.0,801.0)
(450.0,801.0)
(449.0,801.0)
(449.0,801.0)
(449.0,801.0)
(453.0,801.0)
(449.0,801.0)
(450.0,801.0)
(798.0,801.0)
(449.0,801.0)
(466.0,801.0)
(466.0,801.0)
(449.0,801.0)
(449.0,801.0)
(449.0,801.0)
(449.0,801.0)
(461.0,801.0)
(450.0,801.0)
(449.0,801.0)
(449.0,801.0)
(453.0,801.0)
(449.0,801.0)
(449.0,801.0)
(449.0,801.0)
(449.0,801.0)
(449.0,801.0)
(449.0,801.0)
(449.0,801.0)
(449.0,801.0)
(449.0,801.0)
(464.0,801.0)
(449.0,801.0)
(466.0,801.0)
(449.0,801.0)
(449.0,801.0)
(449.0,801.0)
(449.0,801.0)
(449.0,801.0)
(449.0,801.0)
(464.0,801.0)
(449.0,801.0)
(450.0,801.0)
(449.0,801.0)
(450.0,801.0)
(449.0,801.0)
(449.0,801.0)
(449.0,801.0)
(791.0,801.0)
(449.0,801.0)
(449.0,801.0)
(466.0,801.0)
(449.0,801.0)
(449.0,801.0)
(449.0,801.0)
(449.0,801.0)
(449.0,801.0)
(449.0,801.0)
(449.0,801.0)
(449.0,801.0)
(449.0,801.0)
(449.0,801.0)
(461.0,801.0)
(449.0,801.0)
(449.0,801.0)
(449.0,801.0)
(449.0,801.0)
(449.0,801.0)
(449.0,801.0)
(449.0,801.0)
(449.0,801.0)
(449.0,801.0)
(449.0,801.0)
(453.0,801.0)
(449.0,801.0)
(449.0,801.0)
(449.0,801.0)
(445.0,801.0)
(449.0,801.0)
(449.0,801.0)
(449.0,801.0)
(449.0,801.0)
(464.0,801.0)
(450.0,801.0)
(449.0,801.0)
(453.0,801.0)
(449.0,801.0)
(449.0,801.0)
(446.0,801.0)
(449.0,801.0)
(449.0,801.0)
(449.0,801.0)
(449.0,801.0)
(449.0,801.0)
(449.0,801.0)
(449.0,801.0)
(464.0,801.0)
(449.0,801.0)
(449.0,801.0)
(449.0,801.0)
(449.0,801.0)
(449.0,801.0)
(449.0,801.0)
(449.0,801.0)
(449.0,801.0)
(449.0,801.0)
(449.0,801.0)
(464.0,801.0)
(449.0,801.0)
(449.0,801.0)
(449.0,801.0)
(449.0,801.0)
(449.0,801.0)
(449.0,801.0)
(449.0,801.0)
(449.0,801.0)
(449.0,801.0)
(449.0,801.0)
(461.0,801.0)
(449.0,801.0)
(449.0,801.0)
(449.0,801.0)
(449.0,801.0)
(449.0,801.0)
(449.0,801.0)
(449.0,801.0)
(450.0,801.0)
(449.0,801.0)
(449.0,801.0)
(464.0,801.0)
(453.0,801.0)
(466.0,801.0)
(449.0,801.0)
(449.0,801.0)
(449.0,801.0)
(449.0,801.0)
(791.0,801.0)
(466.0,801.0)
(452.0,801.0)
(449.0,801.0)
(466.0,801.0)
(449.0,801.0)
(449.0,801.0)
(450.0,801.0)
(449.0,801.0)
(449.0,801.0)
(449.0,801.0)
(449.0,801.0)
(449.0,801.0)
(450.0,801.0)
(449.0,801.0)
(449.0,801.0)
(794.0,801.0)
(449.0,801.0)
(449.0,801.0)
(449.0,801.0)
(449.0,801.0)
(451.0,801.0)
(449.0,801.0)
(449.0,801.0)
(449.0,801.0)
(449.0,801.0)
(449.0,801.0)
(798.0,801.0)
(466.0,801.0)
(453.0,801.0)
(449.0,801.0)
(449.0,801.0)
(449.0,801.0)
(449.0,801.0)
(449.0,801.0)
(460.0,801.0)
(449.0,801.0)
(449.0,801.0)
(449.0,801.0)
(449.0,801.0)
(449.0,801.0)
(797.0,801.0)
(449.0,801.0)
(449.0,801.0)
(453.0,801.0)
(461.0,801.0)
(464.0,801.0)
(448.0,801.0)
(464.0,801.0)
(464.0,801.0)
(446.0,801.0)
(464.0,801.0)
(446.0,801.0)
(444.0,801.0)
(448.0,801.0)
(464.0,801.0)
(448.0,801.0)
(464.0,801.0)
(448.0,801.0)
(460.0,801.0)
(464.0,801.0)
(448.0,801.0)
(451.0,801.0)
(464.0,801.0)
(444.0,801.0)
(464.0,801.0)
(444.0,801.0)
(464.0,801.0)
(464.0,801.0)
(464.0,801.0)
(445.0,801.0)
(460.0,801.0)
(448.0,801.0)
(461.0,801.0)
(464.0,801.0)
(444.0,801.0)
(448.0,801.0)
(446.0,801.0)
(460.0,801.0)
(464.0,801.0)
(464.0,801.0)
(445.0,801.0)
(464.0,801.0)
(444.0,801.0)
(464.0,801.0)
(464.0,801.0)
(444.0,801.0)
(446.0,801.0)
(464.0,801.0)
(464.0,801.0)
(446.0,801.0)
(446.0,801.0)
(460.0,801.0)
(460.0,801.0)
(444.0,801.0)
(460.0,801.0)
(444.0,801.0)
(464.0,801.0)
(464.0,801.0)
(466.0,801.0)
(464.0,801.0)
(445.0,801.0)
(444.0,801.0)
(464.0,801.0)
(464.0,801.0)
(448.0,801.0)
(448.0,801.0)
(451.0,801.0)
(464.0,801.0)
(445.0,801.0)
(460.0,801.0)
(446.0,801.0)
(464.0,801.0)
(464.0,801.0)
(464.0,801.0)
(448.0,801.0)
(464.0,801.0)
(464.0,801.0)
(464.0,801.0)
(460.0,801.0)
(464.0,801.0)
(444.0,801.0)
(451.0,801.0)
(445.0,801.0)
(464.0,801.0)
(448.0,801.0)
(460.0,801.0)
(448.0,801.0)
(460.0,801.0)
(448.0,801.0)
(451.0,801.0)
(446.0,801.0)
(444.0,801.0)
(444.0,801.0)
(448.0,801.0)
(446.0,801.0)
(464.0,801.0)
(446.0,801.0)
(444.0,801.0)
(464.0,801.0)
(460.0,801.0)
(444.0,801.0)
(464.0,801.0)
(464.0,801.0)
(461.0,801.0)
(444.0,801.0)
(446.0,801.0)
(464.0,801.0)
(464.0,801.0)
(444.0,801.0)
(464.0,801.0)
(464.0,801.0)
(464.0,801.0)
(464.0,801.0)
(448.0,801.0)
(461.0,801.0)
(446.0,801.0)
(464.0,801.0)
(448.0,801.0)
(464.0,801.0)
(464.0,801.0)
(444.0,801.0)
(464.0,801.0)
(444.0,801.0)
(464.0,801.0)
(460.0,801.0)
(460.0,801.0)
(464.0,801.0)
(464.0,801.0)
(451.0,801.0)
(444.0,801.0)
(446.0,801.0)
(464.0,801.0)
(460.0,801.0)
(464.0,801.0)
(464.0,801.0)
(464.0,801.0)
(444.0,801.0)
(464.0,801.0)
(464.0,801.0)
(445.0,801.0)
(444.0,801.0)
(451.0,801.0)
(444.0,801.0)
(451.0,801.0)
(464.0,801.0)
(464.0,801.0)
(444.0,801.0)
(464.0,801.0)
(444.0,801.0)
(464.0,801.0)
(461.0,801.0)
(464.0,801.0)
(464.0,801.0)
(460.0,801.0)
(448.0,801.0)
(448.0,801.0)
(464.0,801.0)
(446.0,801.0)
(464.0,801.0)
(464.0,801.0)
(460.0,801.0)
(464.0,801.0)
(449.0,801.0)
(464.0,801.0)
(448.0,801.0)
(464.0,801.0)
(448.0,801.0)
(771.0,801.0)
(464.0,801.0)
(446.0,801.0)
(464.0,801.0)
(444.0,801.0)
(448.0,801.0)
(460.0,801.0)
(448.0,801.0)
(445.0,801.0)
(460.0,801.0)
(460.0,801.0)
(444.0,801.0)
(464.0,801.0)
(444.0,801.0)
(448.0,801.0)
(445.0,801.0)
(445.0,801.0)
(448.0,801.0)
(460.0,801.0)
(446.0,801.0)
(445.0,801.0)
(445.0,801.0)
(464.0,801.0)
(446.0,801.0)
(460.0,801.0)
(448.0,801.0)
(422.0,801.0)
(464.0,801.0)
(461.0,801.0)
(460.0,801.0)
(460.0,801.0)
(448.0,801.0)
(448.0,801.0)
(448.0,801.0)
(448.0,801.0)
(452.0,801.0)
(452.0,801.0)
(452.0,801.0)
(448.0,801.0)
(461.0,801.0)
(448.0,801.0)
(448.0,801.0)
(448.0,801.0)
(402.0,801.0)
(448.0,801.0)
(448.0,801.0)
(448.0,801.0)
(448.0,801.0)
(448.0,801.0)
(448.0,801.0)
(448.0,801.0)
(452.0,801.0)
(402.0,801.0)
(448.0,801.0)
(452.0,801.0)
(461.0,801.0)
(398.0,801.0)
(448.0,801.0)
(448.0,801.0)
(452.0,801.0)
(413.0,801.0)
(448.0,801.0)
(448.0,801.0)
(448.0,801.0)
(448.0,801.0)
(448.0,801.0)
(448.0,801.0)
(448.0,801.0)
(398.0,801.0)
(373.0,801.0)
(448.0,801.0)
(448.0,801.0)
(448.0,801.0)
(448.0,801.0)
(771.0,801.0)
(402.0,801.0)
(452.0,801.0)
(452.0,801.0)
(448.0,801.0)
(771.0,801.0)
(448.0,801.0)
(448.0,801.0)
(448.0,801.0)
(452.0,801.0)
(448.0,801.0)
(802.0,801.0)
(448.0,801.0)
(398.0,801.0)
(461.0,801.0)
(448.0,801.0)
(448.0,801.0)
(448.0,801.0)
(448.0,801.0)
(448.0,801.0)
(448.0,801.0)
(452.0,801.0)
(445.0,801.0)
(448.0,801.0)
(448.0,801.0)
(435.0,801.0)
(448.0,801.0)
(448.0,801.0)
(398.0,801.0)
(445.0,801.0)
(448.0,801.0)
(398.0,801.0)
(448.0,801.0)
(402.0,801.0)
(448.0,801.0)
(448.0,801.0)
(448.0,801.0)
(448.0,801.0)
(448.0,801.0)
(448.0,801.0)
(448.0,801.0)
(448.0,801.0)
(448.0,801.0)
(422.0,801.0)
(448.0,801.0)
(402.0,801.0)
(448.0,801.0)
(448.0,801.0)
(448.0,801.0)
(448.0,801.0)
(445.0,801.0)
(448.0,801.0)
(443.0,801.0)
(452.0,801.0)
(448.0,801.0)
(448.0,801.0)
(387.0,801.0)
(448.0,801.0)
(448.0,801.0)
(448.0,801.0)
(448.0,801.0)
(771.0,801.0)
(452.0,801.0)
(402.0,801.0)
(448.0,801.0)
(448.0,801.0)
(448.0,801.0)
(452.0,801.0)
(402.0,801.0)
(448.0,801.0)
(448.0,801.0)
(448.0,801.0)
(452.0,801.0)
(452.0,801.0)
(448.0,801.0)
(448.0,801.0)
(448.0,801.0)
(448.0,801.0)
(448.0,801.0)
(452.0,801.0)
(448.0,801.0)
(448.0,801.0)
(417.0,801.0)
(448.0,801.0)
(448.0,801.0)
(448.0,801.0)
(448.0,801.0)
(448.0,801.0)
(448.0,801.0)
(448.0,801.0)
(448.0,801.0)
(448.0,801.0)
(448.0,801.0)
(447.0,801.0)
(448.0,801.0)
(448.0,801.0)
(448.0,801.0)
(402.0,801.0)
(461.0,801.0)
(448.0,801.0)
(448.0,801.0)
(448.0,801.0)
(402.0,801.0)
(448.0,801.0)
(448.0,801.0)
(405.0,801.0)
(417.0,801.0)
(412.0,801.0)
(448.0,801.0)
(445.0,801.0)
(448.0,801.0)
(448.0,801.0)
(448.0,801.0)
(448.0,801.0)
(448.0,801.0)
(412.0,801.0)
(448.0,801.0)
(448.0,801.0)
(402.0,801.0)
(448.0,801.0)
(448.0,801.0)
(448.0,801.0)
(448.0,801.0)
(448.0,801.0)
(798.0,801.0)
(448.0,801.0)
(413.0,801.0)
(448.0,801.0)
(452.0,801.0)
(452.0,801.0)
(448.0,801.0)
(448.0,801.0)
(448.0,801.0)
(448.0,801.0)
(452.0,801.0)
(448.0,801.0)
(452.0,801.0)
(412.0,801.0)
(448.0,801.0)
(452.0,801.0)
(448.0,801.0)
(461.0,801.0)
(398.0,801.0)
(467.0,801.0)
(448.0,801.0)
(448.0,801.0)
(452.0,801.0)
(448.0,801.0)
(448.0,801.0)
(452.0,801.0)
(448.0,801.0)
(448.0,801.0)
(448.0,801.0)
(448.0,801.0)
(448.0,801.0)
(448.0,801.0)
(452.0,801.0)
(448.0,801.0)
(448.0,801.0)
(448.0,801.0)
(452.0,801.0)
(412.0,801.0)
(448.0,801.0)
(448.0,801.0)
(448.0,801.0)
(452.0,801.0)
(448.0,801.0)
(448.0,801.0)
(466.0,801.0)
(417.0,801.0)
(387.0,801.0)
(448.0,801.0)
(771.0,801.0)
(452.0,801.0)
(448.0,801.0)
(448.0,801.0)
(417.0,801.0)
(448.0,801.0)
(402.0,801.0)
(448.0,801.0)
(448.0,801.0)
(417.0,801.0)
(452.0,801.0)
(448.0,801.0)
(448.0,801.0)
(452.0,801.0)
(448.0,801.0)
(448.0,801.0)
(448.0,801.0)
(445.0,801.0)
(448.0,801.0)
(448.0,801.0)
(452.0,801.0)
(448.0,801.0)
(461.0,801.0)
(448.0,801.0)
(452.0,801.0)
(448.0,801.0)
(448.0,801.0)
(448.0,801.0)
(448.0,801.0)
(452.0,801.0)
(445.0,801.0)
(448.0,801.0)
(412.0,801.0)
(448.0,801.0)
(452.0,801.0)
(771.0,801.0)
(771.0,801.0)
(402.0,801.0)
(448.0,801.0)
(445.0,801.0)
(448.0,801.0)
(452.0,801.0)
(448.0,801.0)
(452.0,801.0)
(448.0,801.0)
(448.0,801.0)
(448.0,801.0)
(448.0,801.0)
(402.0,801.0)
(448.0,801.0)
(417.0,801.0)
(448.0,801.0)
(448.0,801.0)
(448.0,801.0)
(461.0,801.0)
(445.0,801.0)
(448.0,801.0)
(771.0,801.0)
(448.0,801.0)
(448.0,801.0)
(448.0,801.0)
(452.0,801.0)
(417.0,801.0)
(448.0,801.0)
(448.0,801.0)
(402.0,801.0)
(771.0,801.0)
(771.0,801.0)
(442.0,801.0)
(448.0,801.0)
(448.0,801.0)
(421.0,801.0)
(448.0,801.0)
(402.0,801.0)
(448.0,801.0)
(448.0,801.0)
(448.0,801.0)
(448.0,801.0)
(448.0,801.0)
(448.0,801.0)
(444.0,801.0)
(448.0,801.0)
(798.0,801.0)
(448.0,801.0)
(381.0,801.0)
(448.0,801.0)
(452.0,801.0)
(448.0,801.0)
(452.0,801.0)
(417.0,801.0)
(448.0,801.0)
(448.0,801.0)
(448.0,801.0)
(448.0,801.0)
(448.0,801.0)
(448.0,801.0)
(448.0,801.0)
(452.0,801.0)
(448.0,801.0)
(448.0,801.0)
(792.0,801.0)
(412.0,801.0)
(448.0,801.0)
(412.0,801.0)
(448.0,801.0)
(448.0,801.0)
(448.0,801.0)
(448.0,801.0)
(448.0,801.0)
(448.0,801.0)
(417.0,801.0)
(452.0,801.0)
(461.0,801.0)
(448.0,801.0)
(448.0,801.0)
(412.0,801.0)
(448.0,801.0)
(461.0,801.0)
(448.0,801.0)
(448.0,801.0)
(448.0,801.0)
(448.0,801.0)
(448.0,801.0)
(417.0,801.0)
(458.0,801.0)
(448.0,801.0)
(448.0,801.0)
(771.0,801.0)
(448.0,801.0)
(461.0,801.0)
(452.0,801.0)
(448.0,801.0)
(448.0,801.0)
(384.0,801.0)
(771.0,801.0)
(417.0,801.0)
(448.0,801.0)
(448.0,801.0)
(448.0,801.0)
(461.0,801.0)
(448.0,801.0)
(402.0,801.0)
(445.0,801.0)
(381.0,801.0)
(452.0,801.0)
(448.0,801.0)
(448.0,801.0)
(448.0,801.0)
(417.0,801.0)
(452.0,801.0)
(448.0,801.0)
(452.0,801.0)
(448.0,801.0)
(412.0,801.0)
(452.0,801.0)
(448.0,801.0)
(448.0,801.0)
(448.0,801.0)
(373.0,801.0)
(448.0,801.0)
(448.0,801.0)
(461.0,801.0)
(413.0,801.0)
(461.0,801.0)
(452.0,801.0)
(448.0,801.0)
(448.0,801.0)
(798.0,801.0)
(444.0,801.0)
(448.0,801.0)
(448.0,801.0)
(448.0,801.0)
(448.0,801.0)
(461.0,801.0)
(448.0,801.0)
(445.0,801.0)
(452.0,801.0)
(461.0,801.0)
(452.0,801.0)
(448.0,801.0)
(448.0,801.0)
(448.0,801.0)
(461.0,801.0)
(448.0,801.0)
(452.0,801.0)
(461.0,801.0)
(461.0,801.0)
(461.0,801.0)
(448.0,801.0)
(448.0,801.0)
(461.0,801.0)
(448.0,801.0)
(445.0,801.0)
(461.0,801.0)
(448.0,801.0)
(461.0,801.0)
(448.0,801.0)
(448.0,801.0)
(452.0,801.0)
(448.0,801.0)
(448.0,801.0)
(479.0,801.0)
(448.0,801.0)
(448.0,801.0)
(452.0,801.0)
(798.0,801.0)
(448.0,801.0)
(448.0,801.0)
(448.0,801.0)
(446.0,801.0)
(448.0,801.0)
(445.0,801.0)
(446.0,801.0)
(435.0,801.0)
(448.0,801.0)
(448.0,801.0)
(448.0,801.0)
(445.0,801.0)
(445.0,801.0)
(410.0,801.0)
(448.0,801.0)
(398.0,801.0)
(448.0,801.0)
(445.0,801.0)
(448.0,801.0)
(798.0,801.0)
(448.0,801.0)
(448.0,801.0)
(798.0,801.0)
(461.0,801.0)
(448.0,801.0)
(448.0,801.0)
(448.0,801.0)
(448.0,801.0)
(446.0,801.0)
(448.0,801.0)
(452.0,801.0)
(461.0,801.0)
(448.0,801.0)
(461.0,801.0)
(448.0,801.0)
(461.0,801.0)
(446.0,801.0)
(448.0,801.0)
(466.0,801.0)
(446.0,801.0)
(398.0,801.0)
(452.0,801.0)
(452.0,801.0)
(464.0,801.0)
(448.0,801.0)
(771.0,801.0)
(448.0,801.0)
(448.0,801.0)
(448.0,801.0)
(452.0,801.0)
(412.0,801.0)
(448.0,801.0)
(448.0,801.0)
(461.0,801.0)
(448.0,801.0)
(448.0,801.0)
(448.0,801.0)
(798.0,801.0)
(448.0,801.0)
(448.0,801.0)
(435.0,801.0)
(435.0,801.0)
(452.0,801.0)
(410.0,801.0)
(771.0,801.0)
(448.0,801.0)
(448.0,801.0)
(448.0,801.0)
(448.0,801.0)
(448.0,801.0)
(452.0,801.0)
(448.0,801.0)
(448.0,801.0)
(445.0,801.0)
(461.0,801.0)
(445.0,801.0)
(448.0,801.0)
(448.0,801.0)
(452.0,801.0)
(452.0,801.0)
(452.0,801.0)
(448.0,801.0)
(445.0,801.0)
(448.0,801.0)
(445.0,801.0)
(448.0,801.0)
(452.0,801.0)
(448.0,801.0)
(461.0,801.0)
(445.0,801.0)
(448.0,801.0)
(461.0,801.0)
(446.0,801.0)
(448.0,801.0)
(452.0,801.0)
(448.0,801.0)
(771.0,801.0)
(452.0,801.0)
(461.0,801.0)
(448.0,801.0)
(448.0,801.0)
(452.0,801.0)
(446.0,801.0)
(452.0,801.0)
(448.0,801.0)
(448.0,801.0)
(448.0,801.0)
(448.0,801.0)
(771.0,801.0)
(448.0,801.0)
(452.0,801.0)
(412.0,801.0)
(461.0,801.0)
(448.0,801.0)
(452.0,801.0)
(448.0,801.0)
(771.0,801.0)
(448.0,801.0)
(448.0,801.0)
(398.0,801.0)
(448.0,801.0)
(448.0,801.0)
(461.0,801.0)
(461.0,801.0)
(451.0,801.0)
(448.0,801.0)
(798.0,801.0)
(446.0,801.0)
(448.0,801.0)
(461.0,801.0)
(446.0,801.0)
(445.0,801.0)
(448.0,801.0)
(452.0,801.0)
(409.0,801.0)
(448.0,801.0)
(387.0,801.0)
(461.0,801.0)
(448.0,801.0)
(798.0,801.0)
(446.0,801.0)
(798.0,801.0)
(446.0,801.0)
(448.0,801.0)
(448.0,801.0)
(448.0,801.0)
(448.0,801.0)
(771.0,801.0)
(448.0,801.0)
(461.0,801.0)
(448.0,801.0)
(461.0,801.0)
(461.0,801.0)
(439.0,801.0)
(413.0,801.0)
(409.0,801.0)
(445.0,801.0)
(448.0,801.0)
(409.0,801.0)
(445.0,801.0)
(448.0,801.0)
(452.0,801.0)
(448.0,801.0)
(448.0,801.0)
(448.0,801.0)
(452.0,801.0)
(448.0,801.0)
(445.0,801.0)
(452.0,801.0)
(448.0,801.0)
(448.0,801.0)
(448.0,801.0)
(448.0,801.0)
(448.0,801.0)
(384.0,801.0)
(448.0,801.0)
(448.0,801.0)
(475.0,801.0)
(448.0,801.0)
(448.0,801.0)
(448.0,801.0)
(452.0,801.0)
(448.0,801.0)
(452.0,801.0)
(448.0,801.0)
(448.0,801.0)
(452.0,801.0)
(384.0,801.0)
(448.0,801.0)
(448.0,801.0)
(448.0,801.0)
(452.0,801.0)
(460.0,801.0)
(445.0,801.0)
(448.0,801.0)
(448.0,801.0)
(448.0,801.0)
(448.0,801.0)
(448.0,801.0)
(452.0,801.0)
(771.0,801.0)
(445.0,801.0)
(448.0,801.0)
(448.0,801.0)
(452.0,801.0)
(448.0,801.0)
(448.0,801.0)
(452.0,801.0)
(448.0,801.0)
(802.0,801.0)
(452.0,801.0)
(448.0,801.0)
(448.0,801.0)
(452.0,801.0)
(448.0,801.0)
(448.0,801.0)
(448.0,801.0)
(448.0,801.0)
(798.0,801.0)
(448.0,801.0)
(448.0,801.0)
(448.0,801.0)
(448.0,801.0)
(448.0,801.0)
(448.0,801.0)
(798.0,801.0)
(452.0,801.0)
(452.0,801.0)
(452.0,801.0)
(452.0,801.0)
(448.0,801.0)
(446.0,801.0)
(802.0,801.0)
(448.0,801.0)
(448.0,801.0)
(448.0,801.0)
(448.0,801.0)
(448.0,801.0)
(452.0,801.0)
(448.0,801.0)
(448.0,801.0)
(448.0,801.0)
(448.0,801.0)
(448.0,801.0)
(448.0,801.0)
(448.0,801.0)
(448.0,801.0)
(448.0,801.0)
(452.0,801.0)
(448.0,801.0)
(452.0,801.0)
(771.0,801.0)
(448.0,801.0)
(448.0,801.0)
(452.0,801.0)
(448.0,801.0)
(417.0,801.0)
(448.0,801.0)
(452.0,801.0)
(448.0,801.0)
(448.0,801.0)
(448.0,801.0)
(448.0,801.0)
(452.0,801.0)
(757.0,801.0)
(448.0,801.0)
(448.0,801.0)
(448.0,801.0)
(802.0,801.0)
(455.0,801.0)
(448.0,801.0)
(452.0,801.0)
(448.0,801.0)
(448.0,801.0)
(452.0,801.0)
(448.0,801.0)
(483.0,801.0)
(448.0,801.0)
(452.0,801.0)
(448.0,801.0)
(448.0,801.0)
(448.0,801.0)
(448.0,801.0)
(448.0,801.0)
(452.0,801.0)
(448.0,801.0)
(448.0,801.0)
(452.0,801.0)
(448.0,801.0)
(448.0,801.0)
(452.0,801.0)
(448.0,801.0)
(771.0,801.0)
(448.0,801.0)
(448.0,801.0)
(447.0,801.0)
(384.0,801.0)
(448.0,801.0)
(452.0,801.0)
(448.0,801.0)
(448.0,801.0)
(448.0,801.0)
(448.0,801.0)
(452.0,801.0)
(448.0,801.0)
(452.0,801.0)
(798.0,801.0)
(448.0,801.0)
(448.0,801.0)
(452.0,801.0)
(448.0,801.0)
(448.0,801.0)
(452.0,801.0)
(448.0,801.0)
(448.0,801.0)
(448.0,801.0)
(452.0,801.0)
(452.0,801.0)
(448.0,801.0)
(771.0,801.0)
(448.0,801.0)
(452.0,801.0)
(448.0,801.0)
(448.0,801.0)
(448.0,801.0)
(447.0,801.0)
(452.0,801.0)
(449.0,801.0)
(384.0,801.0)
(452.0,801.0)
(452.0,801.0)
(452.0,801.0)
(448.0,801.0)
(448.0,801.0)
(448.0,801.0)
(452.0,801.0)
(448.0,801.0)
(448.0,801.0)
(448.0,801.0)
(448.0,801.0)
(448.0,801.0)
(448.0,801.0)
(448.0,801.0)
(452.0,801.0)
(448.0,801.0)
(452.0,801.0)
(447.0,801.0)
(448.0,801.0)
(448.0,801.0)
(448.0,801.0)
(448.0,801.0)
(448.0,801.0)
(448.0,801.0)
(452.0,801.0)
(448.0,801.0)
(448.0,801.0)
(448.0,801.0)
(448.0,801.0)
(452.0,801.0)
(448.0,801.0)
(448.0,801.0)
(448.0,801.0)
(448.0,801.0)
(448.0,801.0)
(448.0,801.0)
(448.0,801.0)
(448.0,801.0)
(448.0,801.0)
(452.0,801.0)
(448.0,801.0)
(460.0,801.0)
(448.0,801.0)
(448.0,801.0)
(448.0,801.0)
(442.0,801.0)
(448.0,801.0)
(448.0,801.0)
(461.0,801.0)
(771.0,801.0)
(448.0,801.0)
(448.0,801.0)
(448.0,801.0)
(448.0,801.0)
(461.0,801.0)
(452.0,801.0)
(448.0,801.0)
(448.0,801.0)
(448.0,801.0)
(448.0,801.0)
(448.0,801.0)
(448.0,801.0)
(448.0,801.0)
(448.0,801.0)
(448.0,801.0)
(452.0,801.0)
(444.0,801.0)
(448.0,801.0)
(802.0,801.0)
(448.0,801.0)
(448.0,801.0)
(448.0,801.0)
(448.0,801.0)
(448.0,801.0)
(771.0,801.0)
(448.0,801.0)
(448.0,801.0)
(448.0,801.0)
(448.0,801.0)
(448.0,801.0)
(460.0,801.0)
(483.0,801.0)
(445.0,801.0)
(448.0,801.0)
(448.0,801.0)
(428.0,801.0)
(448.0,801.0)
(448.0,801.0)
(448.0,801.0)
(448.0,801.0)
(448.0,801.0)
(461.0,801.0)
(452.0,801.0)
(448.0,801.0)
(448.0,801.0)
(451.0,801.0)
(448.0,801.0)
(448.0,801.0)
(771.0,801.0)
(402.0,801.0)
(448.0,801.0)
(448.0,801.0)
(460.0,801.0)
(448.0,801.0)
(448.0,801.0)
(448.0,801.0)
(448.0,801.0)
(771.0,801.0)
(452.0,801.0)
(448.0,801.0)
(402.0,801.0)
(448.0,801.0)
(448.0,801.0)
(448.0,801.0)
(410.0,801.0)
(466.0,801.0)
(448.0,801.0)
(452.0,801.0)
(448.0,801.0)
(464.0,801.0)
(448.0,801.0)
(448.0,801.0)
(461.0,801.0)
(448.0,801.0)
(452.0,801.0)
(448.0,801.0)
(448.0,801.0)
(452.0,801.0)
(448.0,801.0)
(448.0,801.0)
(448.0,801.0)
(448.0,801.0)
(448.0,801.0)
(448.0,801.0)
(448.0,801.0)
(448.0,801.0)
(448.0,801.0)
(452.0,801.0)
(452.0,801.0)
(448.0,801.0)
(448.0,801.0)
(402.0,801.0)
(448.0,801.0)
(448.0,801.0)
(448.0,801.0)
(448.0,801.0)
(448.0,801.0)
(448.0,801.0)
(445.0,801.0)
(448.0,801.0)
(448.0,801.0)
(448.0,801.0)
(452.0,801.0)
(452.0,801.0)
(771.0,801.0)
(448.0,801.0)
(448.0,801.0)
(448.0,801.0)
(448.0,801.0)
(448.0,801.0)
(448.0,801.0)
(448.0,801.0)
(448.0,801.0)
(448.0,801.0)
(448.0,801.0)
(771.0,801.0)
(448.0,801.0)
(452.0,801.0)
(448.0,801.0)
(452.0,801.0)
(448.0,801.0)
(448.0,801.0)
(452.0,801.0)
(448.0,801.0)
(442.0,801.0)
(448.0,801.0)
(452.0,801.0)
(448.0,801.0)
(448.0,801.0)
(452.0,801.0)
(448.0,801.0)
(448.0,801.0)
(448.0,801.0)
(452.0,801.0)
(448.0,801.0)
(410.0,801.0)
(448.0,801.0)
(479.0,801.0)
(444.0,801.0)
(771.0,801.0)
(448.0,801.0)
(448.0,801.0)
(448.0,801.0)
(448.0,801.0)
(384.0,801.0)
(448.0,801.0)
(771.0,801.0)
(448.0,801.0)
(448.0,801.0)
(448.0,801.0)
(448.0,801.0)
(448.0,801.0)
(448.0,801.0)
(448.0,801.0)
(448.0,801.0)
(452.0,801.0)
(452.0,801.0)
(448.0,801.0)
(448.0,801.0)
(448.0,801.0)
(448.0,801.0)
(771.0,801.0)
(448.0,801.0)
(448.0,801.0)
(448.0,801.0)
(452.0,801.0)
(448.0,801.0)
(444.0,801.0)
(448.0,801.0)
(446.0,801.0)
(452.0,801.0)
(464.0,801.0)
(452.0,801.0)
(464.0,801.0)
(452.0,801.0)
(798.0,801.0)
(452.0,801.0)
(452.0,801.0)
(451.0,801.0)
(798.0,801.0)
(452.0,801.0)
(798.0,801.0)
(460.0,801.0)
(452.0,801.0)
(452.0,801.0)
(452.0,801.0)
(452.0,801.0)
(798.0,801.0)
(449.0,801.0)
(798.0,801.0)
(448.0,801.0)
(452.0,801.0)
(449.0,801.0)
(452.0,801.0)
(452.0,801.0)
(460.0,801.0)
(452.0,801.0)
(448.0,801.0)
(448.0,801.0)
(452.0,801.0)
(417.0,801.0)
(445.0,801.0)
(798.0,801.0)
(794.0,801.0)
(448.0,801.0)
(452.0,801.0)
(798.0,801.0)
(452.0,801.0)
(452.0,801.0)
(452.0,801.0)
(448.0,801.0)
(452.0,801.0)
(452.0,801.0)
(444.0,801.0)
(452.0,801.0)
(794.0,801.0)
(448.0,801.0)
(452.0,801.0)
(452.0,801.0)
(794.0,801.0)
(451.0,801.0)
(451.0,801.0)
(452.0,801.0)
(452.0,801.0)
(452.0,801.0)
(461.0,801.0)
(452.0,801.0)
(771.0,801.0)
(452.0,801.0)
(798.0,801.0)
(449.0,801.0)
(452.0,801.0)
(798.0,801.0)
(452.0,801.0)
(444.0,801.0)
(448.0,801.0)
(452.0,801.0)
(435.0,801.0)
(461.0,801.0)
(794.0,801.0)
(452.0,801.0)
(452.0,801.0)
(448.0,801.0)
(461.0,801.0)
(451.0,801.0)
(436.0,801.0)
(452.0,801.0)
(794.0,801.0)
(448.0,801.0)
(384.0,801.0)
(798.0,801.0)
(794.0,801.0)
(448.0,801.0)
(771.0,801.0)
(444.0,801.0)
(452.0,801.0)
(452.0,801.0)
(798.0,801.0)
(452.0,801.0)
(452.0,801.0)
(448.0,801.0)
(452.0,801.0)
(794.0,801.0)
(798.0,801.0)
(464.0,801.0)
(452.0,801.0)
(444.0,801.0)
(452.0,801.0)
(448.0,801.0)
(452.0,801.0)
(466.0,801.0)
(448.0,801.0)
(794.0,801.0)
(798.0,801.0)
(452.0,801.0)
(448.0,801.0)
(460.0,801.0)
(464.0,801.0)
(794.0,801.0)
(451.0,801.0)
(444.0,801.0)
(461.0,801.0)
(452.0,801.0)
(444.0,801.0)
(452.0,801.0)
(794.0,801.0)
(794.0,801.0)
(464.0,801.0)
(448.0,801.0)
(452.0,801.0)
(448.0,801.0)
(452.0,801.0)
(410.0,801.0)
(452.0,801.0)
(448.0,801.0)
(464.0,801.0)
(452.0,801.0)
(798.0,801.0)
(444.0,801.0)
(798.0,801.0)
(798.0,801.0)
(794.0,801.0)
(452.0,801.0)
(39.0,801.0)
(448.0,801.0)
(452.0,801.0)
(448.0,801.0)
(448.0,801.0)
(444.0,801.0)
(798.0,801.0)
(452.0,801.0)
(448.0,801.0)
(452.0,801.0)
(798.0,801.0)
(448.0,801.0)
(798.0,801.0)
(757.0,801.0)
(798.0,801.0)
(448.0,801.0)
(460.0,801.0)
(452.0,801.0)
(452.0,801.0)
(794.0,801.0)
(798.0,801.0)
(452.0,801.0)
(479.0,801.0)
(448.0,801.0)
(384.0,801.0)
(448.0,801.0)
(798.0,801.0)
(452.0,801.0)
(771.0,801.0)
(771.0,801.0)
(798.0,801.0)
(443.0,801.0)
(452.0,801.0)
(464.0,801.0)
(798.0,801.0)
(798.0,801.0)
(452.0,801.0)
(452.0,801.0)
(798.0,801.0)
(452.0,801.0)
(452.0,801.0)
(452.0,801.0)
(466.0,801.0)
(448.0,801.0)
(448.0,801.0)
(452.0,801.0)
(452.0,801.0)
(448.0,801.0)
(460.0,801.0)
(461.0,801.0)
(448.0,801.0)
(452.0,801.0)
(452.0,801.0)
(448.0,801.0)
(444.0,801.0)
(460.0,801.0)
(452.0,801.0)
(262.0,801.0)
(452.0,801.0)
(452.0,801.0)
(798.0,801.0)
(448.0,801.0)
(799.0,801.0)
(460.0,801.0)
(451.0,801.0)
(461.0,801.0)
(448.0,801.0)
(448.0,801.0)
(448.0,801.0)
(448.0,801.0)
(448.0,801.0)
(448.0,801.0)
(448.0,801.0)
(448.0,801.0)
(448.0,801.0)
(448.0,801.0)
(448.0,801.0)
(448.0,801.0)
(448.0,801.0)
(402.0,801.0)
(448.0,801.0)
(448.0,801.0)
(424.0,801.0)
(448.0,801.0)
(445.0,801.0)
(452.0,801.0)
(448.0,801.0)
(452.0,801.0)
(448.0,801.0)
(452.0,801.0)
(448.0,801.0)
(448.0,801.0)
(448.0,801.0)
(452.0,801.0)
(448.0,801.0)
(448.0,801.0)
(448.0,801.0)
(448.0,801.0)
(448.0,801.0)
(448.0,801.0)
(771.0,801.0)
(461.0,801.0)
(448.0,801.0)
(448.0,801.0)
(448.0,801.0)
(448.0,801.0)
(452.0,801.0)
(448.0,801.0)
(448.0,801.0)
(448.0,801.0)
(452.0,801.0)
(448.0,801.0)
(448.0,801.0)
(448.0,801.0)
(448.0,801.0)
(448.0,801.0)
(448.0,801.0)
(448.0,801.0)
(448.0,801.0)
(448.0,801.0)
(448.0,801.0)
(448.0,801.0)
(771.0,801.0)
(448.0,801.0)
(381.0,801.0)
(448.0,801.0)
(448.0,801.0)
(448.0,801.0)
(448.0,801.0)
(452.0,801.0)
(452.0,801.0)
(448.0,801.0)
(448.0,801.0)
(448.0,801.0)
(452.0,801.0)
(448.0,801.0)
(452.0,801.0)
(448.0,801.0)
(448.0,801.0)
(448.0,801.0)
(448.0,801.0)
(452.0,801.0)
(448.0,801.0)
(452.0,801.0)
(452.0,801.0)
(452.0,801.0)
(448.0,801.0)
(452.0,801.0)
(448.0,801.0)
(448.0,801.0)
(448.0,801.0)
(452.0,801.0)
(452.0,801.0)
(452.0,801.0)
(452.0,801.0)
(448.0,801.0)
(448.0,801.0)
(448.0,801.0)
(448.0,801.0)
(448.0,801.0)
(448.0,801.0)
(448.0,801.0)
(452.0,801.0)
(448.0,801.0)
(448.0,801.0)
(452.0,801.0)
(448.0,801.0)
(448.0,801.0)
(448.0,801.0)
(421.0,801.0)
(448.0,801.0)
(448.0,801.0)
(448.0,801.0)
(448.0,801.0)
(448.0,801.0)
(448.0,801.0)
(452.0,801.0)
(448.0,801.0)
(452.0,801.0)
(448.0,801.0)
(448.0,801.0)
(448.0,801.0)
(448.0,801.0)
(448.0,801.0)
(448.0,801.0)
(448.0,801.0)
(448.0,801.0)
(452.0,801.0)
(452.0,801.0)
(448.0,801.0)
(448.0,801.0)
(448.0,801.0)
(771.0,801.0)
(448.0,801.0)
(448.0,801.0)
(448.0,801.0)
(448.0,801.0)
(448.0,801.0)
(448.0,801.0)
(448.0,801.0)
(452.0,801.0)
(448.0,801.0)
(452.0,801.0)
(448.0,801.0)
(448.0,801.0)
(452.0,801.0)
(448.0,801.0)
(452.0,801.0)
(448.0,801.0)
(448.0,801.0)
(389.0,801.0)
(448.0,801.0)
(448.0,801.0)
(448.0,801.0)
(448.0,801.0)
(448.0,801.0)
(448.0,801.0)
(452.0,801.0)
(448.0,801.0)
(448.0,801.0)
(448.0,801.0)
(448.0,801.0)
(452.0,801.0)
(448.0,801.0)
(448.0,801.0)
(448.0,801.0)
(452.0,801.0)
(448.0,801.0)
(448.0,801.0)
(448.0,801.0)
(448.0,801.0)
(448.0,801.0)
(448.0,801.0)
(461.0,801.0)
(448.0,801.0)
(452.0,801.0)
(448.0,801.0)
(448.0,801.0)
(448.0,801.0)
(448.0,801.0)
(448.0,801.0)
(448.0,801.0)
(448.0,801.0)
(452.0,801.0)
(448.0,801.0)
(452.0,801.0)
(387.0,801.0)
(452.0,801.0)
(448.0,801.0)
(448.0,801.0)
(448.0,801.0)
(448.0,801.0)
(448.0,801.0)
(461.0,801.0)
(448.0,801.0)
(448.0,801.0)
(460.0,801.0)
(448.0,801.0)
(798.0,801.0)
(448.0,801.0)
(461.0,801.0)
(448.0,801.0)
(448.0,801.0)
(448.0,801.0)
(448.0,801.0)
(448.0,801.0)
(448.0,801.0)
(384.0,801.0)
(464.0,801.0)
(771.0,801.0)
(461.0,801.0)
(444.0,801.0)
(448.0,801.0)
(448.0,801.0)
(448.0,801.0)
(771.0,801.0)
(446.0,801.0)
(771.0,801.0)
(448.0,801.0)
(448.0,801.0)
(448.0,801.0)
(448.0,801.0)
(448.0,801.0)
(448.0,801.0)
(461.0,801.0)
(444.0,801.0)
(448.0,801.0)
(452.0,801.0)
(452.0,801.0)
(460.0,801.0)
(448.0,801.0)
(448.0,801.0)
(448.0,801.0)
(448.0,801.0)
(448.0,801.0)
(452.0,801.0)
(448.0,801.0)
(448.0,801.0)
(771.0,801.0)
(448.0,801.0)
(448.0,801.0)
(448.0,801.0)
(452.0,801.0)
(448.0,801.0)
(448.0,801.0)
(448.0,801.0)
(448.0,801.0)
(448.0,801.0)
(448.0,801.0)
(448.0,801.0)
(771.0,801.0)
(448.0,801.0)
(460.0,801.0)
(445.0,801.0)
(448.0,801.0)
(448.0,801.0)
(461.0,801.0)
(448.0,801.0)
(448.0,801.0)
(448.0,801.0)
(448.0,801.0)
(771.0,801.0)
(448.0,801.0)
(448.0,801.0)
(448.0,801.0)
(448.0,801.0)
(448.0,801.0)
(448.0,801.0)
(448.0,801.0)
(448.0,801.0)
(448.0,801.0)
(451.0,801.0)
(448.0,801.0)
(448.0,801.0)
(448.0,801.0)
(448.0,801.0)
(461.0,801.0)
(446.0,801.0)
(448.0,801.0)
(452.0,801.0)
(452.0,801.0)
(412.0,801.0)
(452.0,801.0)
(451.0,801.0)
(448.0,801.0)
(448.0,801.0)
(448.0,801.0)
(466.0,801.0)
(798.0,801.0)
(771.0,801.0)
(448.0,801.0)
(448.0,801.0)
(448.0,801.0)
(448.0,801.0)
(448.0,801.0)
(771.0,801.0)
(448.0,801.0)
(448.0,801.0)
(448.0,801.0)
(448.0,801.0)
(448.0,801.0)
(451.0,801.0)
(460.0,801.0)
(448.0,801.0)
(448.0,801.0)
(448.0,801.0)
(771.0,801.0)
(448.0,801.0)
(448.0,801.0)
(448.0,801.0)
(448.0,801.0)
(448.0,801.0)
(448.0,801.0)
(448.0,801.0)
(448.0,801.0)
(448.0,801.0)
(448.0,801.0)
(448.0,801.0)
(448.0,801.0)
(448.0,801.0)
(444.0,801.0)
(448.0,801.0)
(448.0,801.0)
(466.0,801.0)
(448.0,801.0)
(765.0,801.0)
(444.0,801.0)
(448.0,801.0)
(448.0,801.0)
(448.0,801.0)
(448.0,801.0)
(466.0,801.0)
(448.0,801.0)
(448.0,801.0)
(448.0,801.0)
(771.0,801.0)
(384.0,801.0)
(448.0,801.0)
(448.0,801.0)
(460.0,801.0)
(412.0,801.0)
(448.0,801.0)
(448.0,801.0)
(771.0,801.0)
(448.0,801.0)
(448.0,801.0)
(448.0,801.0)
(448.0,801.0)
(448.0,801.0)
(448.0,801.0)
(448.0,801.0)
(448.0,801.0)
(464.0,801.0)
(448.0,801.0)
(448.0,801.0)
(448.0,801.0)
(448.0,801.0)
(448.0,801.0)
(448.0,801.0)
(448.0,801.0)
(448.0,801.0)
(448.0,801.0)
(464.0,801.0)
(448.0,801.0)
(461.0,801.0)
(448.0,801.0)
(798.0,801.0)
(448.0,801.0)
(448.0,801.0)
(452.0,801.0)
(448.0,801.0)
(448.0,801.0)
(448.0,801.0)
(448.0,801.0)
(448.0,801.0)
(464.0,801.0)
(448.0,801.0)
(448.0,801.0)
(444.0,801.0)
(448.0,801.0)
(460.0,801.0)
(448.0,801.0)
(384.0,801.0)
(798.0,801.0)
(448.0,801.0)
(448.0,801.0)
(448.0,801.0)
(451.0,801.0)
(448.0,801.0)
(448.0,801.0)
(452.0,801.0)
(448.0,801.0)
(464.0,801.0)
(452.0,801.0)
(448.0,801.0)
(771.0,801.0)
(448.0,801.0)
(448.0,801.0)
(410.0,801.0)
(448.0,801.0)
(448.0,801.0)
(448.0,801.0)
(452.0,801.0)
(448.0,801.0)
(448.0,801.0)
(452.0,801.0)
(448.0,801.0)
(448.0,801.0)
(448.0,801.0)
(448.0,801.0)
(448.0,801.0)
(448.0,801.0)
(448.0,801.0)
(448.0,801.0)
(448.0,801.0)
(448.0,801.0)
(765.0,801.0)
(461.0,801.0)
(398.0,801.0)
(765.0,801.0)
(448.0,801.0)
(448.0,801.0)
(212.0,801.0)
(448.0,801.0)
(448.0,801.0)
(448.0,801.0)
(452.0,801.0)
(448.0,801.0)
(452.0,801.0)
(452.0,801.0)
(448.0,801.0)
(771.0,801.0)
(461.0,801.0)
(448.0,801.0)
(448.0,801.0)
(448.0,801.0)
(448.0,801.0)
(448.0,801.0)
(448.0,801.0)
(410.0,801.0)
(448.0,801.0)
(460.0,801.0)
(448.0,801.0)
(452.0,801.0)
(448.0,801.0)
(461.0,801.0)
(448.0,801.0)
(448.0,801.0)
(448.0,801.0)
(448.0,801.0)
(448.0,801.0)
(448.0,801.0)
(461.0,801.0)
(448.0,801.0)
(448.0,801.0)
(448.0,801.0)
(448.0,801.0)
(448.0,801.0)
(448.0,801.0)
(452.0,801.0)
(461.0,801.0)
(461.0,801.0)
(448.0,801.0)
(448.0,801.0)
(448.0,801.0)
(388.0,801.0)
(452.0,801.0)
(448.0,801.0)
(448.0,801.0)
(448.0,801.0)
(448.0,801.0)
(448.0,801.0)
(771.0,801.0)
(461.0,801.0)
(455.0,801.0)
(448.0,801.0)
(448.0,801.0)
(448.0,801.0)
(102.0,801.0)
(452.0,801.0)
(771.0,801.0)
(398.0,801.0)
(448.0,801.0)
(771.0,801.0)
(464.0,801.0)
(757.0,801.0)
(448.0,801.0)
(448.0,801.0)
(448.0,801.0)
(448.0,801.0)
(448.0,801.0)
(448.0,801.0)
(448.0,801.0)
(448.0,801.0)
(410.0,801.0)
(452.0,801.0)
(448.0,801.0)
(448.0,801.0)
(448.0,801.0)
(452.0,801.0)
(448.0,801.0)
(771.0,801.0)
(448.0,801.0)
(448.0,801.0)
(448.0,801.0)
(448.0,801.0)
(448.0,801.0)
(771.0,801.0)
(448.0,801.0)
(448.0,801.0)
(452.0,801.0)
(448.0,801.0)
(448.0,801.0)
(448.0,801.0)
(448.0,801.0)
(448.0,801.0)
(452.0,801.0)
(448.0,801.0)
(448.0,801.0)
(460.0,801.0)
(448.0,801.0)
(448.0,801.0)
(448.0,801.0)
(448.0,801.0)
(448.0,801.0)
(448.0,801.0)
(448.0,801.0)
(771.0,801.0)
(448.0,801.0)
(448.0,801.0)
(445.0,801.0)
(452.0,801.0)
(448.0,801.0)
(771.0,801.0)
(448.0,801.0)
(448.0,801.0)
(448.0,801.0)
(448.0,801.0)
(448.0,801.0)
(448.0,801.0)
(452.0,801.0)
(448.0,801.0)
(448.0,801.0)
(448.0,801.0)
(448.0,801.0)
(448.0,801.0)
(448.0,801.0)
(448.0,801.0)
(412.0,801.0)
(452.0,801.0)
(448.0,801.0)
(448.0,801.0)
(448.0,801.0)
(448.0,801.0)
(448.0,801.0)
(448.0,801.0)
(448.0,801.0)
(448.0,801.0)
(448.0,801.0)
(448.0,801.0)
(452.0,801.0)
(448.0,801.0)
(452.0,801.0)
(448.0,801.0)
(452.0,801.0)
(448.0,801.0)
(448.0,801.0)
(461.0,801.0)
(448.0,801.0)
(435.0,801.0)
(448.0,801.0)
(448.0,801.0)
(448.0,801.0)
(448.0,801.0)
(448.0,801.0)
(483.0,801.0)
(448.0,801.0)
(448.0,801.0)
(771.0,801.0)
(448.0,801.0)
(448.0,801.0)
(448.0,801.0)
(461.0,801.0)
(448.0,801.0)
(448.0,801.0)
(448.0,801.0)
(798.0,801.0)
(448.0,801.0)
(448.0,801.0)
(448.0,801.0)
(448.0,801.0)
(448.0,801.0)
(448.0,801.0)
(448.0,801.0)
(448.0,801.0)
(448.0,801.0)
(448.0,801.0)
(452.0,801.0)
(448.0,801.0)
(448.0,801.0)
(452.0,801.0)
(448.0,801.0)
(448.0,801.0)
(448.0,801.0)
(448.0,801.0)
(448.0,801.0)
(448.0,801.0)
(452.0,801.0)
(452.0,801.0)
(448.0,801.0)
(452.0,801.0)
(448.0,801.0)
(448.0,801.0)
(448.0,801.0)
(448.0,801.0)
(448.0,801.0)
(452.0,801.0)
(448.0,801.0)
(448.0,801.0)
(448.0,801.0)
(448.0,801.0)
(448.0,801.0)
(448.0,801.0)
(448.0,801.0)
(448.0,801.0)
(448.0,801.0)
(452.0,801.0)
(468.0,801.0)
(448.0,801.0)
(448.0,801.0)
(448.0,801.0)
(452.0,801.0)
(448.0,801.0)
(448.0,801.0)
(448.0,801.0)
(448.0,801.0)
(448.0,801.0)
(448.0,801.0)
(448.0,801.0)
(448.0,801.0)
(452.0,801.0)
(448.0,801.0)
(448.0,801.0)
(452.0,801.0)
(461.0,801.0)
(448.0,801.0)
(448.0,801.0)
(448.0,801.0)
(448.0,801.0)
(452.0,801.0)
(448.0,801.0)
(448.0,801.0)
(452.0,801.0)
(448.0,801.0)
(452.0,801.0)
(452.0,801.0)
(448.0,801.0)
(448.0,801.0)
(448.0,801.0)
(448.0,801.0)
(402.0,801.0)
(452.0,801.0)
(448.0,801.0)
(452.0,801.0)
(448.0,801.0)
(448.0,801.0)
(448.0,801.0)
(448.0,801.0)
(448.0,801.0)
(448.0,801.0)
(452.0,801.0)
(448.0,801.0)
(448.0,801.0)
(448.0,801.0)
(442.0,801.0)
(448.0,801.0)
(452.0,801.0)
(448.0,801.0)
(448.0,801.0)
(448.0,801.0)
(448.0,801.0)
(452.0,801.0)
(448.0,801.0)
(448.0,801.0)
(448.0,801.0)
(452.0,801.0)
(448.0,801.0)
(448.0,801.0)
(448.0,801.0)
(452.0,801.0)
(448.0,801.0)
(448.0,801.0)
(448.0,801.0)
(448.0,801.0)
(448.0,801.0)
(448.0,801.0)
(448.0,801.0)
(398.0,801.0)
(452.0,801.0)
(798.0,801.0)
(448.0,801.0)
(448.0,801.0)
(448.0,801.0)
(448.0,801.0)
(448.0,801.0)
(448.0,801.0)
(452.0,801.0)
(448.0,801.0)
(448.0,801.0)
(448.0,801.0)
(771.0,801.0)
(448.0,801.0)
(448.0,801.0)
(448.0,801.0)
(448.0,801.0)
(448.0,801.0)
(448.0,801.0)
(452.0,801.0)
(452.0,801.0)
(452.0,801.0)
(448.0,801.0)
(448.0,801.0)
(452.0,801.0)
(448.0,801.0)
(448.0,801.0)
(448.0,801.0)
(448.0,801.0)
(448.0,801.0)
(448.0,801.0)
(452.0,801.0)
(448.0,801.0)
(448.0,801.0)
(448.0,801.0)
(771.0,801.0)
(452.0,801.0)
(771.0,801.0)
(448.0,801.0)
(445.0,801.0)
(448.0,801.0)
(452.0,801.0)
(448.0,801.0)
(448.0,801.0)
(448.0,801.0)
(448.0,801.0)
(448.0,801.0)
(479.0,801.0)
(448.0,801.0)
(448.0,801.0)
(461.0,801.0)
(448.0,801.0)
(448.0,801.0)
(448.0,801.0)
(448.0,801.0)
(448.0,801.0)
(448.0,801.0)
(448.0,801.0)
(448.0,801.0)
(448.0,801.0)
(436.0,801.0)
(448.0,801.0)
(448.0,801.0)
(448.0,801.0)
(452.0,801.0)
(448.0,801.0)
(448.0,801.0)
(448.0,801.0)
(448.0,801.0)
(798.0,801.0)
(448.0,801.0)
(452.0,801.0)
(448.0,801.0)
(448.0,801.0)
(448.0,801.0)
(448.0,801.0)
(448.0,801.0)
(448.0,801.0)
(448.0,801.0)
(448.0,801.0)
(448.0,801.0)
(436.0,801.0)
(448.0,801.0)
(771.0,801.0)
(452.0,801.0)
(448.0,801.0)
(452.0,801.0)
(448.0,801.0)
(448.0,801.0)
(448.0,801.0)
(448.0,801.0)
(448.0,801.0)
(448.0,801.0)
(448.0,801.0)
(448.0,801.0)
(461.0,801.0)
(448.0,801.0)
(448.0,801.0)
(771.0,801.0)
(448.0,801.0)
(452.0,801.0)
(452.0,801.0)
(448.0,801.0)
(460.0,801.0)
(448.0,801.0)
(771.0,801.0)
(798.0,801.0)
(479.0,801.0)
(448.0,801.0)
(448.0,801.0)
(448.0,801.0)
(448.0,801.0)
(448.0,801.0)
(448.0,801.0)
(448.0,801.0)
(448.0,801.0)
(448.0,801.0)
(448.0,801.0)
(452.0,801.0)
(771.0,801.0)
(448.0,801.0)
(448.0,801.0)
(448.0,801.0)
(448.0,801.0)
(448.0,801.0)
(448.0,801.0)
(448.0,801.0)
(448.0,801.0)
(448.0,801.0)
(771.0,801.0)
(448.0,801.0)
(448.0,801.0)
(483.0,801.0)
(448.0,801.0)
(448.0,801.0)
(448.0,801.0)
(448.0,801.0)
(448.0,801.0)
(448.0,801.0)
(479.0,801.0)
(452.0,801.0)
(448.0,801.0)
(448.0,801.0)
(448.0,801.0)
(448.0,801.0)
(448.0,801.0)
(448.0,801.0)
(452.0,801.0)
(448.0,801.0)
(448.0,801.0)
(483.0,801.0)
(448.0,801.0)
(448.0,801.0)
(448.0,801.0)
(452.0,801.0)
(448.0,801.0)
(448.0,801.0)
(448.0,801.0)
(448.0,801.0)
(448.0,801.0)
(448.0,801.0)
(448.0,801.0)
(451.0,801.0)
(448.0,801.0)
(771.0,801.0)
(448.0,801.0)
(448.0,801.0)
(475.0,801.0)
(448.0,801.0)
(448.0,801.0)
(448.0,801.0)
(448.0,801.0)
(448.0,801.0)
(448.0,801.0)
(436.0,801.0)
(452.0,801.0)
(448.0,801.0)
(448.0,801.0)
(448.0,801.0)
(448.0,801.0)
(461.0,801.0)
(448.0,801.0)
(410.0,801.0)
(448.0,801.0)
(448.0,801.0)
(798.0,801.0)
(461.0,801.0)
(448.0,801.0)
(448.0,801.0)
(771.0,801.0)
(448.0,801.0)
(448.0,801.0)
(448.0,801.0)
(448.0,801.0)
(771.0,801.0)
(448.0,801.0)
(448.0,801.0)
(448.0,801.0)
(448.0,801.0)
(448.0,801.0)
(448.0,801.0)
(448.0,801.0)
(448.0,801.0)
(448.0,801.0)
(448.0,801.0)
(448.0,801.0)
(448.0,801.0)
(452.0,801.0)
(448.0,801.0)
(771.0,801.0)
(448.0,801.0)
(461.0,801.0)
(448.0,801.0)
(445.0,801.0)
(448.0,801.0)
(448.0,801.0)
(452.0,801.0)
(448.0,801.0)
(448.0,801.0)
(448.0,801.0)
(452.0,801.0)
(448.0,801.0)
(448.0,801.0)
(448.0,801.0)
(458.0,801.0)
(448.0,801.0)
(448.0,801.0)
(448.0,801.0)
(448.0,801.0)
(448.0,801.0)
(448.0,801.0)
(448.0,801.0)
(448.0,801.0)
(448.0,801.0)
(448.0,801.0)
(448.0,801.0)
(448.0,801.0)
(448.0,801.0)
(483.0,801.0)
(448.0,801.0)
(448.0,801.0)
(448.0,801.0)
(771.0,801.0)
(448.0,801.0)
(448.0,801.0)
(448.0,801.0)
(448.0,801.0)
(460.0,801.0)
(448.0,801.0)
(455.0,801.0)
(448.0,801.0)
(448.0,801.0)
(448.0,801.0)
(448.0,801.0)
(448.0,801.0)
(460.0,801.0)
(448.0,801.0)
(448.0,801.0)
(448.0,801.0)
(448.0,801.0)
(448.0,801.0)
(461.0,801.0)
(448.0,801.0)
(448.0,801.0)
(389.0,801.0)
(448.0,801.0)
(448.0,801.0)
(448.0,801.0)
(448.0,801.0)
(448.0,801.0)
(448.0,801.0)
(448.0,801.0)
(448.0,801.0)
(448.0,801.0)
(448.0,801.0)
(461.0,801.0)
(448.0,801.0)
(448.0,801.0)
(448.0,801.0)
(771.0,801.0)
(448.0,801.0)
(448.0,801.0)
(448.0,801.0)
(448.0,801.0)
(452.0,801.0)
(448.0,801.0)
(448.0,801.0)
(461.0,801.0)
(448.0,801.0)
(448.0,801.0)
(448.0,801.0)
(442.0,801.0)
(452.0,801.0)
(452.0,801.0)
(771.0,801.0)
(452.0,801.0)
(448.0,801.0)
(448.0,801.0)
(448.0,801.0)
(448.0,801.0)
(445.0,801.0)
(452.0,801.0)
(452.0,801.0)
(448.0,801.0)
(448.0,801.0)
(448.0,801.0)
(445.0,801.0)
(448.0,801.0)
(448.0,801.0)
(448.0,801.0)
(452.0,801.0)
(448.0,801.0)
(448.0,801.0)
(452.0,801.0)
(448.0,801.0)
(448.0,801.0)
(448.0,801.0)
(448.0,801.0)
(452.0,801.0)
(448.0,801.0)
(448.0,801.0)
(448.0,801.0)
(452.0,801.0)
(452.0,801.0)
(448.0,801.0)
(442.0,801.0)
(452.0,801.0)
(448.0,801.0)
(448.0,801.0)
(460.0,801.0)
(448.0,801.0)
(452.0,801.0)
(448.0,801.0)
(448.0,801.0)
(448.0,801.0)
(483.0,801.0)
(448.0,801.0)
(448.0,801.0)
(448.0,801.0)
(771.0,801.0)
(448.0,801.0)
(448.0,801.0)
(452.0,801.0)
(448.0,801.0)
(452.0,801.0)
(452.0,801.0)
(416.0,801.0)
(448.0,801.0)
(452.0,801.0)
(452.0,801.0)
(448.0,801.0)
(368.0,801.0)
(448.0,801.0)
(448.0,801.0)
(448.0,801.0)
(448.0,801.0)
(452.0,801.0)
(452.0,801.0)
(448.0,801.0)
(448.0,801.0)
(452.0,801.0)
(448.0,801.0)
(448.0,801.0)
(448.0,801.0)
(448.0,801.0)
(448.0,801.0)
(448.0,801.0)
(448.0,801.0)
(448.0,801.0)
(771.0,801.0)
(448.0,801.0)
(448.0,801.0)
(448.0,801.0)
(442.0,801.0)
(448.0,801.0)
(452.0,801.0)
(448.0,801.0)
(452.0,801.0)
(452.0,801.0)
(452.0,801.0)
(452.0,801.0)
(448.0,801.0)
(448.0,801.0)
(448.0,801.0)
(448.0,801.0)
(448.0,801.0)
(448.0,801.0)
(448.0,801.0)
(448.0,801.0)
(452.0,801.0)
(452.0,801.0)
(452.0,801.0)
(448.0,801.0)
(448.0,801.0)
(448.0,801.0)
(452.0,801.0)
(452.0,801.0)
(448.0,801.0)
(452.0,801.0)
(448.0,801.0)
(452.0,801.0)
(448.0,801.0)
(448.0,801.0)
(448.0,801.0)
(448.0,801.0)
(448.0,801.0)
(452.0,801.0)
(448.0,801.0)
(448.0,801.0)
(452.0,801.0)
(448.0,801.0)
(448.0,801.0)
(448.0,801.0)
(452.0,801.0)
(448.0,801.0)
(448.0,801.0)
(448.0,801.0)
(448.0,801.0)
(452.0,801.0)
(448.0,801.0)
(452.0,801.0)
(435.0,801.0)
(448.0,801.0)
(412.0,801.0)
(448.0,801.0)
(448.0,801.0)
(448.0,801.0)
(448.0,801.0)
(448.0,801.0)
(771.0,801.0)
(448.0,801.0)
(448.0,801.0)
(446.0,801.0)
(448.0,801.0)
(452.0,801.0)
(448.0,801.0)
(448.0,801.0)
(448.0,801.0)
(448.0,801.0)
(387.0,801.0)
(452.0,801.0)
(448.0,801.0)
(452.0,801.0)
(448.0,801.0)
(448.0,801.0)
(448.0,801.0)
(452.0,801.0)
(448.0,801.0)
(452.0,801.0)
(448.0,801.0)
(452.0,801.0)
(448.0,801.0)
(771.0,801.0)
(452.0,801.0)
(448.0,801.0)
(448.0,801.0)
(448.0,801.0)
(452.0,801.0)
(448.0,801.0)
(452.0,801.0)
(364.0,801.0)
(448.0,801.0)
(448.0,801.0)
(483.0,801.0)
(448.0,801.0)
(452.0,801.0)
(384.0,801.0)
(448.0,801.0)
(448.0,801.0)
(452.0,801.0)
(452.0,801.0)
(771.0,801.0)
(448.0,801.0)
(448.0,801.0)
(452.0,801.0)
(452.0,801.0)
(448.0,801.0)
(448.0,801.0)
(798.0,801.0)
(453.0,801.0)
(451.0,801.0)
(464.0,801.0)
(450.0,801.0)
(464.0,801.0)
(464.0,801.0)
(464.0,801.0)
(453.0,801.0)
(448.0,801.0)
(464.0,801.0)
(450.0,801.0)
(451.0,801.0)
(448.0,801.0)
(460.0,801.0)
(464.0,801.0)
(451.0,801.0)
(464.0,801.0)
(450.0,801.0)
(445.0,801.0)
(464.0,801.0)
(799.0,801.0)
(451.0,801.0)
(464.0,801.0)
(451.0,801.0)
(464.0,801.0)
(464.0,801.0)
(464.0,801.0)
(444.0,801.0)
(464.0,801.0)
(464.0,801.0)
(451.0,801.0)
(450.0,801.0)
(445.0,801.0)
(799.0,801.0)
(464.0,801.0)
(464.0,801.0)
(464.0,801.0)
(799.0,801.0)
(451.0,801.0)
(771.0,801.0)
(453.0,801.0)
(453.0,801.0)
(444.0,801.0)
(464.0,801.0)
(449.0,801.0)
(449.0,801.0)
(464.0,801.0)
(464.0,801.0)
(451.0,801.0)
(451.0,801.0)
(464.0,801.0)
(453.0,801.0)
(451.0,801.0)
(451.0,801.0)
(464.0,801.0)
(450.0,801.0)
(464.0,801.0)
(464.0,801.0)
(453.0,801.0)
(450.0,801.0)
(799.0,801.0)
(453.0,801.0)
(794.0,801.0)
(464.0,801.0)
(453.0,801.0)
(464.0,801.0)
(446.0,801.0)
(451.0,801.0)
(464.0,801.0)
(464.0,801.0)
(464.0,801.0)
(464.0,801.0)
(464.0,801.0)
(464.0,801.0)
(464.0,801.0)
(453.0,801.0)
(464.0,801.0)
(464.0,801.0)
(464.0,801.0)
(445.0,801.0)
(451.0,801.0)
(795.0,801.0)
(449.0,801.0)
(464.0,801.0)
(453.0,801.0)
(460.0,801.0)
(464.0,801.0)
(461.0,801.0)
(450.0,801.0)
(453.0,801.0)
(464.0,801.0)
(453.0,801.0)
(464.0,801.0)
(451.0,801.0)
(460.0,801.0)
(453.0,801.0)
(464.0,801.0)
(453.0,801.0)
(464.0,801.0)
(464.0,801.0)
(453.0,801.0)
(464.0,801.0)
(464.0,801.0)
(453.0,801.0)
(464.0,801.0)
(464.0,801.0)
(771.0,801.0)
(446.0,801.0)
(464.0,801.0)
(464.0,801.0)
(464.0,801.0)
(444.0,801.0)
(464.0,801.0)
(464.0,801.0)
(449.0,801.0)
(464.0,801.0)
(464.0,801.0)
(464.0,801.0)
(448.0,801.0)
(464.0,801.0)
(464.0,801.0)
(464.0,801.0)
(461.0,801.0)
(464.0,801.0)
(450.0,801.0)
(798.0,801.0)
(451.0,801.0)
(464.0,801.0)
(453.0,801.0)
(451.0,801.0)
(453.0,801.0)
(451.0,801.0)
(451.0,801.0)
(451.0,801.0)
(451.0,801.0)
(464.0,801.0)
(453.0,801.0)
(794.0,801.0)
(451.0,801.0)
(464.0,801.0)
(461.0,801.0)
(464.0,801.0)
(464.0,801.0)
(464.0,801.0)
(453.0,801.0)
(798.0,801.0)
(453.0,801.0)
(453.0,801.0)
(464.0,801.0)
(464.0,801.0)
(464.0,801.0)
(464.0,801.0)
(451.0,801.0)
(453.0,801.0)
(464.0,801.0)
(453.0,801.0)
(464.0,801.0)
(448.0,801.0)
(464.0,801.0)
(453.0,801.0)
(446.0,801.0)
(453.0,801.0)
(464.0,801.0)
(461.0,801.0)
(449.0,801.0)
(451.0,801.0)
(464.0,801.0)
(453.0,801.0)
(453.0,801.0)
(453.0,801.0)
(450.0,801.0)
(464.0,801.0)
(450.0,801.0)
(464.0,801.0)
(451.0,801.0)
(464.0,801.0)
(450.0,801.0)
(461.0,801.0)
(446.0,801.0)
(464.0,801.0)
(444.0,801.0)
(460.0,801.0)
(448.0,801.0)
(461.0,801.0)
(460.0,801.0)
(460.0,801.0)
(448.0,801.0)
(446.0,801.0)
(445.0,801.0)
(464.0,801.0)
(444.0,801.0)
(460.0,801.0)
(464.0,801.0)
(464.0,801.0)
(460.0,801.0)
(464.0,801.0)
(446.0,801.0)
(445.0,801.0)
(446.0,801.0)
(446.0,801.0)
(444.0,801.0)
(444.0,801.0)
(460.0,801.0)
(464.0,801.0)
(446.0,801.0)
(464.0,801.0)
(460.0,801.0)
(446.0,801.0)
(464.0,801.0)
(464.0,801.0)
(771.0,801.0)
(464.0,801.0)
(445.0,801.0)
(451.0,801.0)
(460.0,801.0)
(464.0,801.0)
(445.0,801.0)
(444.0,801.0)
(448.0,801.0)
(448.0,801.0)
(460.0,801.0)
(446.0,801.0)
(799.0,801.0)
(446.0,801.0)
(446.0,801.0)
(460.0,801.0)
(464.0,801.0)
(446.0,801.0)
(464.0,801.0)
(446.0,801.0)
(464.0,801.0)
(445.0,801.0)
(448.0,801.0)
(460.0,801.0)
(460.0,801.0)
(446.0,801.0)
(461.0,801.0)
(461.0,801.0)
(464.0,801.0)
(464.0,801.0)
(799.0,801.0)
(464.0,801.0)
(448.0,801.0)
(464.0,801.0)
(445.0,801.0)
(446.0,801.0)
(445.0,801.0)
(464.0,801.0)
(464.0,801.0)
(464.0,801.0)
(446.0,801.0)
(445.0,801.0)
(446.0,801.0)
(464.0,801.0)
(445.0,801.0)
(460.0,801.0)
(444.0,801.0)
(448.0,801.0)
(464.0,801.0)
(464.0,801.0)
(464.0,801.0)
(445.0,801.0)
(448.0,801.0)
(446.0,801.0)
(461.0,801.0)
(460.0,801.0)
(445.0,801.0)
(464.0,801.0)
(448.0,801.0)
(446.0,801.0)
(464.0,801.0)
(445.0,801.0)
(464.0,801.0)
(460.0,801.0)
(445.0,801.0)
(444.0,801.0)
(460.0,801.0)
(448.0,801.0)
(446.0,801.0)
(448.0,801.0)
(448.0,801.0)
(444.0,801.0)
(445.0,801.0)
(445.0,801.0)
(464.0,801.0)
(446.0,801.0)
(448.0,801.0)
(460.0,801.0)
(460.0,801.0)
(464.0,801.0)
(464.0,801.0)
(446.0,801.0)
(448.0,801.0)
(451.0,801.0)
(460.0,801.0)
(445.0,801.0)
(464.0,801.0)
(451.0,801.0)
(464.0,801.0)
(448.0,801.0)
(464.0,801.0)
(444.0,801.0)
(444.0,801.0)
(460.0,801.0)
(460.0,801.0)
(460.0,801.0)
(464.0,801.0)
(446.0,801.0)
(446.0,801.0)
(461.0,801.0)
(464.0,801.0)
(464.0,801.0)
(464.0,801.0)
(464.0,801.0)
(464.0,801.0)
(464.0,801.0)
(446.0,801.0)
(464.0,801.0)
(444.0,801.0)
(445.0,801.0)
(464.0,801.0)
(460.0,801.0)
(445.0,801.0)
(464.0,801.0)
(448.0,801.0)
(466.0,801.0)
(464.0,801.0)
(464.0,801.0)
(461.0,801.0)
(445.0,801.0)
(444.0,801.0)
(464.0,801.0)
(448.0,801.0)
(446.0,801.0)
(460.0,801.0)
(444.0,801.0)
(464.0,801.0)
(445.0,801.0)
(464.0,801.0)
(446.0,801.0)
(464.0,801.0)
(460.0,801.0)
(445.0,801.0)
(444.0,801.0)
(445.0,801.0)
(448.0,801.0)
(464.0,801.0)
(446.0,801.0)
(460.0,801.0)
(460.0,801.0)
(448.0,801.0)
(464.0,801.0)
(445.0,801.0)
(461.0,801.0)
(464.0,801.0)
(464.0,801.0)
(444.0,801.0)
(444.0,801.0)
(464.0,801.0)
(771.0,801.0)
(464.0,801.0)
(464.0,801.0)
(446.0,801.0)
(464.0,801.0)
(448.0,801.0)
(446.0,801.0)
(444.0,801.0)
(446.0,801.0)
(460.0,801.0)
(448.0,801.0)
(448.0,801.0)
(448.0,801.0)
(448.0,801.0)
(448.0,801.0)
(452.0,801.0)
(448.0,801.0)
(452.0,801.0)
(448.0,801.0)
(448.0,801.0)
(288.0,801.0)
(448.0,801.0)
(452.0,801.0)
(448.0,801.0)
(448.0,801.0)
(452.0,801.0)
(448.0,801.0)
(452.0,801.0)
(448.0,801.0)
(448.0,801.0)
(452.0,801.0)
(798.0,801.0)
(448.0,801.0)
(448.0,801.0)
(448.0,801.0)
(448.0,801.0)
(452.0,801.0)
(448.0,801.0)
(448.0,801.0)
(448.0,801.0)
(448.0,801.0)
(448.0,801.0)
(448.0,801.0)
(448.0,801.0)
(448.0,801.0)
(442.0,801.0)
(460.0,801.0)
(445.0,801.0)
(448.0,801.0)
(448.0,801.0)
(448.0,801.0)
(448.0,801.0)
(448.0,801.0)
(448.0,801.0)
(802.0,801.0)
(448.0,801.0)
(448.0,801.0)
(448.0,801.0)
(435.0,801.0)
(452.0,801.0)
(452.0,801.0)
(756.0,801.0)
(448.0,801.0)
(452.0,801.0)
(452.0,801.0)
(448.0,801.0)
(771.0,801.0)
(452.0,801.0)
(452.0,801.0)
(448.0,801.0)
(452.0,801.0)
(452.0,801.0)
(448.0,801.0)
(452.0,801.0)
(798.0,801.0)
(452.0,801.0)
(452.0,801.0)
(452.0,801.0)
(452.0,801.0)
(448.0,801.0)
(427.0,801.0)
(448.0,801.0)
(448.0,801.0)
(452.0,801.0)
(448.0,801.0)
(448.0,801.0)
(448.0,801.0)
(798.0,801.0)
(460.0,801.0)
(448.0,801.0)
(445.0,801.0)
(448.0,801.0)
(448.0,801.0)
(448.0,801.0)
(448.0,801.0)
(452.0,801.0)
(444.0,801.0)
(452.0,801.0)
(448.0,801.0)
(448.0,801.0)
(448.0,801.0)
(448.0,801.0)
(448.0,801.0)
(452.0,801.0)
(448.0,801.0)
(452.0,801.0)
(448.0,801.0)
(452.0,801.0)
(452.0,801.0)
(448.0,801.0)
(448.0,801.0)
(448.0,801.0)
(452.0,801.0)
(448.0,801.0)
(448.0,801.0)
(448.0,801.0)
(448.0,801.0)
(452.0,801.0)
(452.0,801.0)
(452.0,801.0)
(448.0,801.0)
(448.0,801.0)
(452.0,801.0)
(435.0,801.0)
(448.0,801.0)
(445.0,801.0)
(448.0,801.0)
(448.0,801.0)
(452.0,801.0)
(448.0,801.0)
(452.0,801.0)
(460.0,801.0)
(448.0,801.0)
(448.0,801.0)
(448.0,801.0)
(448.0,801.0)
(448.0,801.0)
(448.0,801.0)
(448.0,801.0)
(798.0,801.0)
(788.0,801.0)
(452.0,801.0)
(452.0,801.0)
(452.0,801.0)
(448.0,801.0)
(452.0,801.0)
(452.0,801.0)
(452.0,801.0)
(448.0,801.0)
(452.0,801.0)
(452.0,801.0)
(452.0,801.0)
(448.0,801.0)
(448.0,801.0)
(448.0,801.0)
(448.0,801.0)
(448.0,801.0)
(798.0,801.0)
(448.0,801.0)
(452.0,801.0)
(448.0,801.0)
(448.0,801.0)
(448.0,801.0)
(452.0,801.0)
(448.0,801.0)
(448.0,801.0)
(448.0,801.0)
(452.0,801.0)
(448.0,801.0)
(448.0,801.0)
(798.0,801.0)
(448.0,801.0)
(448.0,801.0)
(452.0,801.0)
(448.0,801.0)
(798.0,801.0)
(452.0,801.0)
(448.0,801.0)
(452.0,801.0)
(421.0,801.0)
(444.0,801.0)
(452.0,801.0)
(452.0,801.0)
(448.0,801.0)
(448.0,801.0)
(448.0,801.0)
(445.0,801.0)
(448.0,801.0)
(448.0,801.0)
(448.0,801.0)
(448.0,801.0)
(448.0,801.0)
(448.0,801.0)
(483.0,801.0)
(448.0,801.0)
(448.0,801.0)
(448.0,801.0)
(448.0,801.0)
(448.0,801.0)
(448.0,801.0)
(448.0,801.0)
(448.0,801.0)
(444.0,801.0)
(410.0,801.0)
(796.0,801.0)
(452.0,801.0)
(452.0,801.0)
(451.0,801.0)
(444.0,801.0)
(444.0,801.0)
(452.0,801.0)
(452.0,801.0)
(385.0,801.0)
(448.0,801.0)
(444.0,801.0)
(448.0,801.0)
(410.0,801.0)
(45.0,801.0)
(385.0,801.0)
(385.0,801.0)
(444.0,801.0)
(464.0,801.0)
(385.0,801.0)
(444.0,801.0)
(410.0,801.0)
(452.0,801.0)
(452.0,801.0)
(771.0,801.0)
(444.0,801.0)
(452.0,801.0)
(385.0,801.0)
(452.0,801.0)
(410.0,801.0)
(448.0,801.0)
(723.0,801.0)
(439.0,801.0)
(452.0,801.0)
(452.0,801.0)
(476.0,801.0)
(448.0,801.0)
(452.0,801.0)
(448.0,801.0)
(452.0,801.0)
(452.0,801.0)
(452.0,801.0)
(444.0,801.0)
(452.0,801.0)
(452.0,801.0)
(444.0,801.0)
(452.0,801.0)
(771.0,801.0)
(444.0,801.0)
(410.0,801.0)
(452.0,801.0)
(385.0,801.0)
(385.0,801.0)
(452.0,801.0)
(452.0,801.0)
(452.0,801.0)
(444.0,801.0)
(448.0,801.0)
(452.0,801.0)
(446.0,801.0)
(444.0,801.0)
(452.0,801.0)
(796.0,801.0)
(452.0,801.0)
(452.0,801.0)
(444.0,801.0)
(410.0,801.0)
(448.0,801.0)
(452.0,801.0)
(448.0,801.0)
(476.0,801.0)
(368.0,801.0)
(444.0,801.0)
(771.0,801.0)
(476.0,801.0)
(428.0,801.0)
(448.0,801.0)
(771.0,801.0)
(452.0,801.0)
(452.0,801.0)
(444.0,801.0)
(452.0,801.0)
(452.0,801.0)
(448.0,801.0)
(444.0,801.0)
(452.0,801.0)
(452.0,801.0)
(444.0,801.0)
(444.0,801.0)
(452.0,801.0)
(444.0,801.0)
(452.0,801.0)
(444.0,801.0)
(444.0,801.0)
(452.0,801.0)
(452.0,801.0)
(452.0,801.0)
(460.0,801.0)
(385.0,801.0)
(452.0,801.0)
(444.0,801.0)
(444.0,801.0)
(451.0,801.0)
(771.0,801.0)
(452.0,801.0)
(464.0,801.0)
(448.0,801.0)
(452.0,801.0)
(483.0,801.0)
(452.0,801.0)
(452.0,801.0)
(448.0,801.0)
(444.0,801.0)
(444.0,801.0)
(448.0,801.0)
(452.0,801.0)
(443.0,801.0)
(444.0,801.0)
(452.0,801.0)
(476.0,801.0)
(385.0,801.0)
(448.0,801.0)
(444.0,801.0)
(410.0,801.0)
(452.0,801.0)
(452.0,801.0)
(444.0,801.0)
(385.0,801.0)
(452.0,801.0)
(444.0,801.0)
(443.0,801.0)
(446.0,801.0)
(452.0,801.0)
(452.0,801.0)
(452.0,801.0)
(448.0,801.0)
(452.0,801.0)
(448.0,801.0)
(410.0,801.0)
(452.0,801.0)
(444.0,801.0)
(452.0,801.0)
(452.0,801.0)
(796.0,801.0)
(448.0,801.0)
(444.0,801.0)
(444.0,801.0)
(444.0,801.0)
(444.0,801.0)
(452.0,801.0)
(796.0,801.0)
(796.0,801.0)
(444.0,801.0)
(452.0,801.0)
(452.0,801.0)
(448.0,801.0)
(444.0,801.0)
(410.0,801.0)
(385.0,801.0)
(444.0,801.0)
(385.0,801.0)
(444.0,801.0)
(444.0,801.0)
(452.0,801.0)
(796.0,801.0)
(461.0,801.0)
(452.0,801.0)
(796.0,801.0)
(444.0,801.0)
(444.0,801.0)
(444.0,801.0)
(444.0,801.0)
(452.0,801.0)
(464.0,801.0)
(444.0,801.0)
(452.0,801.0)
(444.0,801.0)
(452.0,801.0)
(444.0,801.0)
(452.0,801.0)
(444.0,801.0)
(444.0,801.0)
(448.0,801.0)
(452.0,801.0)
(444.0,801.0)
(445.0,801.0)
(444.0,801.0)
(444.0,801.0)
(452.0,801.0)
(452.0,801.0)
(444.0,801.0)
(452.0,801.0)
(796.0,801.0)
(448.0,801.0)
(448.0,801.0)
(461.0,801.0)
(461.0,801.0)
(448.0,801.0)
(448.0,801.0)
(448.0,801.0)
(771.0,801.0)
(448.0,801.0)
(448.0,801.0)
(417.0,801.0)
(448.0,801.0)
(448.0,801.0)
(798.0,801.0)
(448.0,801.0)
(448.0,801.0)
(448.0,801.0)
(461.0,801.0)
(452.0,801.0)
(448.0,801.0)
(452.0,801.0)
(448.0,801.0)
(448.0,801.0)
(448.0,801.0)
(448.0,801.0)
(448.0,801.0)
(771.0,801.0)
(771.0,801.0)
(412.0,801.0)
(448.0,801.0)
(448.0,801.0)
(483.0,801.0)
(448.0,801.0)
(387.0,801.0)
(448.0,801.0)
(448.0,801.0)
(452.0,801.0)
(448.0,801.0)
(448.0,801.0)
(448.0,801.0)
(448.0,801.0)
(452.0,801.0)
(446.0,801.0)
(452.0,801.0)
(483.0,801.0)
(448.0,801.0)
(448.0,801.0)
(448.0,801.0)
(448.0,801.0)
(448.0,801.0)
(466.0,801.0)
(452.0,801.0)
(448.0,801.0)
(448.0,801.0)
(448.0,801.0)
(771.0,801.0)
(448.0,801.0)
(448.0,801.0)
(445.0,801.0)
(448.0,801.0)
(448.0,801.0)
(452.0,801.0)
(460.0,801.0)
(448.0,801.0)
(452.0,801.0)
(448.0,801.0)
(446.0,801.0)
(448.0,801.0)
(448.0,801.0)
(448.0,801.0)
(461.0,801.0)
(448.0,801.0)
(448.0,801.0)
(448.0,801.0)
(448.0,801.0)
(448.0,801.0)
(452.0,801.0)
(448.0,801.0)
(448.0,801.0)
(448.0,801.0)
(448.0,801.0)
(448.0,801.0)
(448.0,801.0)
(448.0,801.0)
(448.0,801.0)
(448.0,801.0)
(446.0,801.0)
(448.0,801.0)
(448.0,801.0)
(448.0,801.0)
(448.0,801.0)
(452.0,801.0)
(448.0,801.0)
(461.0,801.0)
(452.0,801.0)
(448.0,801.0)
(448.0,801.0)
(461.0,801.0)
(468.0,801.0)
(448.0,801.0)
(448.0,801.0)
(448.0,801.0)
(412.0,801.0)
(448.0,801.0)
(448.0,801.0)
(448.0,801.0)
(448.0,801.0)
(448.0,801.0)
(448.0,801.0)
(448.0,801.0)
(448.0,801.0)
(452.0,801.0)
(448.0,801.0)
(442.0,801.0)
(445.0,801.0)
(448.0,801.0)
(452.0,801.0)
(448.0,801.0)
(448.0,801.0)
(448.0,801.0)
(448.0,801.0)
(452.0,801.0)
(452.0,801.0)
(448.0,801.0)
(445.0,801.0)
(448.0,801.0)
(448.0,801.0)
(448.0,801.0)
(448.0,801.0)
(461.0,801.0)
(448.0,801.0)
(448.0,801.0)
(448.0,801.0)
(448.0,801.0)
(452.0,801.0)
(448.0,801.0)
(452.0,801.0)
(448.0,801.0)
(448.0,801.0)
(448.0,801.0)
(448.0,801.0)
(446.0,801.0)
(448.0,801.0)
(448.0,801.0)
(466.0,801.0)
(452.0,801.0)
(448.0,801.0)
(448.0,801.0)
(448.0,801.0)
(445.0,801.0)
(402.0,801.0)
(448.0,801.0)
(452.0,801.0)
(448.0,801.0)
(452.0,801.0)
(448.0,801.0)
(448.0,801.0)
(448.0,801.0)
(460.0,801.0)
(448.0,801.0)
(448.0,801.0)
(776.0,801.0)
(448.0,801.0)
(448.0,801.0)
(448.0,801.0)
(448.0,801.0)
(452.0,801.0)
(452.0,801.0)
(448.0,801.0)
(771.0,801.0)
(448.0,801.0)
(448.0,801.0)
(448.0,801.0)
(448.0,801.0)
(448.0,801.0)
(448.0,801.0)
(445.0,801.0)
(448.0,801.0)
(448.0,801.0)
(412.0,801.0)
(448.0,801.0)
(448.0,801.0)
(448.0,801.0)
(448.0,801.0)
(448.0,801.0)
(452.0,801.0)
(448.0,801.0)
(448.0,801.0)
(445.0,801.0)
(448.0,801.0)
(448.0,801.0)
(448.0,801.0)
(448.0,801.0)
(448.0,801.0)
(448.0,801.0)
(448.0,801.0)
(776.0,801.0)
(461.0,801.0)
(448.0,801.0)
(794.0,801.0)
(445.0,801.0)
(461.0,801.0)
(461.0,801.0)
(445.0,801.0)
(445.0,801.0)
(448.0,801.0)
(448.0,801.0)
(448.0,801.0)
(448.0,801.0)
(461.0,801.0)
(448.0,801.0)
(452.0,801.0)
(410.0,801.0)
(448.0,801.0)
(461.0,801.0)
(448.0,801.0)
(461.0,801.0)
(448.0,801.0)
(460.0,801.0)
(461.0,801.0)
(402.0,801.0)
(445.0,801.0)
(448.0,801.0)
(448.0,801.0)
(448.0,801.0)
(448.0,801.0)
(448.0,801.0)
(448.0,801.0)
(448.0,801.0)
(452.0,801.0)
(412.0,801.0)
(448.0,801.0)
(452.0,801.0)
(448.0,801.0)
(448.0,801.0)
(448.0,801.0)
(445.0,801.0)
(448.0,801.0)
(445.0,801.0)
(448.0,801.0)
(412.0,801.0)
(770.0,801.0)
(452.0,801.0)
(448.0,801.0)
(402.0,801.0)
(448.0,801.0)
(445.0,801.0)
(448.0,801.0)
(398.0,801.0)
(442.0,801.0)
(448.0,801.0)
(448.0,801.0)
(461.0,801.0)
