(327.0,321.0)
(723.0,321.0)
(723.0,321.0)
(723.0,321.0)
(329.0,321.0)
(329.0,321.0)
(327.0,321.0)
(329.0,321.0)
(327.0,321.0)
(327.0,321.0)
(329.0,321.0)
(723.0,321.0)
(723.0,321.0)
(645.0,321.0)
(723.0,321.0)
(327.0,321.0)
(723.0,321.0)
(327.0,321.0)
(645.0,321.0)
(327.0,321.0)
(329.0,321.0)
(723.0,321.0)
(723.0,321.0)
(645.0,321.0)
(327.0,321.0)
(327.0,321.0)
(723.0,321.0)
(327.0,321.0)
(723.0,321.0)
(329.0,321.0)
(723.0,321.0)
(645.0,321.0)
(713.0,321.0)
(327.0,321.0)
(327.0,321.0)
(329.0,321.0)
(327.0,321.0)
(329.0,321.0)
(645.0,321.0)
(327.0,321.0)
(713.0,321.0)
(645.0,321.0)
(645.0,321.0)
(327.0,321.0)
(327.0,321.0)
(723.0,321.0)
(723.0,321.0)
(327.0,321.0)
(327.0,321.0)
(327.0,321.0)
(327.0,321.0)
(329.0,321.0)
(327.0,321.0)
(327.0,321.0)
(329.0,321.0)
(723.0,321.0)
(327.0,321.0)
(329.0,321.0)
(645.0,321.0)
(645.0,321.0)
(723.0,321.0)
(327.0,321.0)
(723.0,321.0)
(329.0,321.0)
(327.0,321.0)
(329.0,321.0)
(645.0,321.0)
(329.0,321.0)
(327.0,321.0)
(327.0,321.0)
(327.0,321.0)
(327.0,321.0)
(327.0,321.0)
(723.0,321.0)
(327.0,321.0)
(327.0,321.0)
(327.0,321.0)
(327.0,321.0)
(327.0,321.0)
(327.0,321.0)
(645.0,321.0)
(723.0,321.0)
(327.0,321.0)
(713.0,321.0)
(327.0,321.0)
(327.0,321.0)
(327.0,321.0)
(723.0,321.0)
(327.0,321.0)
(327.0,321.0)
(327.0,321.0)
(329.0,321.0)
(327.0,321.0)
(713.0,321.0)
(329.0,321.0)
(329.0,321.0)
(327.0,321.0)
(723.0,321.0)
(723.0,321.0)
(327.0,321.0)
(329.0,321.0)
(723.0,321.0)
(645.0,321.0)
(723.0,321.0)
(723.0,321.0)
(645.0,321.0)
(713.0,321.0)
(723.0,321.0)
(327.0,321.0)
(327.0,321.0)
(723.0,321.0)
(327.0,321.0)
(713.0,321.0)
(327.0,321.0)
(327.0,321.0)
(324.0,321.0)
(327.0,321.0)
(704.0,321.0)
(327.0,321.0)
(324.0,321.0)
(324.0,321.0)
(327.0,321.0)
(215.0,321.0)
(712.0,321.0)
(324.0,321.0)
(704.0,321.0)
(324.0,321.0)
(324.0,321.0)
(723.0,321.0)
(324.0,321.0)
(713.0,321.0)
(327.0,321.0)
(327.0,321.0)
(327.0,321.0)
(324.0,321.0)
(704.0,321.0)
(704.0,321.0)
(327.0,321.0)
(723.0,321.0)
(324.0,321.0)
(327.0,321.0)
(713.0,321.0)
(327.0,321.0)
(704.0,321.0)
(723.0,321.0)
(713.0,321.0)
(324.0,321.0)
(704.0,321.0)
(723.0,321.0)
(713.0,321.0)
(324.0,321.0)
(324.0,321.0)
(315.0,321.0)
(324.0,321.0)
(327.0,321.0)
(704.0,321.0)
(327.0,321.0)
(704.0,321.0)
(327.0,321.0)
(324.0,321.0)
(324.0,321.0)
(723.0,321.0)
(215.0,321.0)
(327.0,321.0)
(704.0,321.0)
(327.0,321.0)
(215.0,321.0)
(704.0,321.0)
(327.0,321.0)
(327.0,321.0)
(324.0,321.0)
(327.0,321.0)
(327.0,321.0)
(324.0,321.0)
(324.0,321.0)
(704.0,321.0)
(324.0,321.0)
(327.0,321.0)
(324.0,321.0)
(723.0,321.0)
(713.0,321.0)
(704.0,321.0)
(324.0,321.0)
(315.0,321.0)
(704.0,321.0)
(713.0,321.0)
(324.0,321.0)
(327.0,321.0)
(327.0,321.0)
(324.0,321.0)
(723.0,321.0)
(324.0,321.0)
(324.0,321.0)
(723.0,321.0)
(323.0,321.0)
(324.0,321.0)
(324.0,321.0)
(327.0,321.0)
(315.0,321.0)
(713.0,321.0)
(704.0,321.0)
(324.0,321.0)
(324.0,321.0)
(713.0,321.0)
(723.0,321.0)
(704.0,321.0)
(723.0,321.0)
(327.0,321.0)
(327.0,321.0)
(324.0,321.0)
(324.0,321.0)
(723.0,321.0)
(324.0,321.0)
(327.0,321.0)
(324.0,321.0)
(713.0,321.0)
(327.0,321.0)
(315.0,321.0)
(704.0,321.0)
(215.0,321.0)
(713.0,321.0)
(704.0,321.0)
(723.0,321.0)
(704.0,321.0)
(324.0,321.0)
(723.0,321.0)
(713.0,321.0)
(723.0,321.0)
(324.0,321.0)
(324.0,321.0)
(315.0,321.0)
(723.0,321.0)
(324.0,321.0)
(713.0,321.0)
(324.0,321.0)
(327.0,321.0)
(723.0,321.0)
(324.0,321.0)
(324.0,321.0)
(723.0,321.0)
(327.0,321.0)
(712.0,321.0)
(704.0,321.0)
(327.0,321.0)
(723.0,321.0)
(327.0,321.0)
(327.0,321.0)
(704.0,321.0)
(704.0,321.0)
(327.0,321.0)
(324.0,321.0)
(723.0,321.0)
(324.0,321.0)
(327.0,321.0)
(324.0,321.0)
(324.0,321.0)
(723.0,321.0)
(723.0,321.0)
(327.0,321.0)
(324.0,321.0)
(324.0,321.0)
(723.0,321.0)
(704.0,321.0)
(315.0,321.0)
(723.0,321.0)
(215.0,321.0)
(324.0,321.0)
(324.0,321.0)
(324.0,321.0)
(324.0,321.0)
(324.0,321.0)
(723.0,321.0)
(324.0,321.0)
(324.0,321.0)
(327.0,321.0)
(723.0,321.0)
(315.0,321.0)
(327.0,321.0)
(324.0,321.0)
(315.0,321.0)
(704.0,321.0)
(315.0,321.0)
(324.0,321.0)
(704.0,321.0)
(315.0,321.0)
(713.0,321.0)
(324.0,321.0)
(324.0,321.0)
(324.0,321.0)
(327.0,321.0)
(215.0,321.0)
(324.0,321.0)
(704.0,321.0)
(324.0,321.0)
(327.0,321.0)
(723.0,323.0)
(327.0,323.0)
(327.0,323.0)
(723.0,323.0)
(723.0,323.0)
(327.0,323.0)
(713.0,323.0)
(327.0,323.0)
(723.0,323.0)
(723.0,323.0)
(327.0,323.0)
(327.0,323.0)
(327.0,323.0)
(327.0,323.0)
(327.0,323.0)
(723.0,323.0)
(723.0,323.0)
(723.0,323.0)
(327.0,323.0)
(723.0,323.0)
(327.0,323.0)
(723.0,323.0)
(327.0,323.0)
(723.0,323.0)
(723.0,323.0)
(327.0,323.0)
(723.0,323.0)
(723.0,323.0)
(723.0,323.0)
(723.0,323.0)
(327.0,323.0)
(327.0,323.0)
(723.0,323.0)
(327.0,323.0)
(723.0,323.0)
(723.0,323.0)
(327.0,323.0)
(723.0,323.0)
(327.0,323.0)
(327.0,323.0)
(327.0,323.0)
(723.0,323.0)
(327.0,323.0)
(327.0,323.0)
(327.0,323.0)
(327.0,323.0)
(327.0,323.0)
(327.0,323.0)
(723.0,323.0)
(327.0,323.0)
(713.0,323.0)
(723.0,323.0)
(723.0,323.0)
(723.0,323.0)
(723.0,323.0)
(327.0,323.0)
(723.0,323.0)
(723.0,323.0)
(723.0,323.0)
(327.0,323.0)
(723.0,323.0)
(327.0,323.0)
(327.0,323.0)
(723.0,323.0)
(723.0,323.0)
(723.0,323.0)
(327.0,323.0)
(723.0,323.0)
(327.0,323.0)
(723.0,323.0)
(723.0,323.0)
(327.0,323.0)
(327.0,323.0)
(723.0,323.0)
(723.0,323.0)
(723.0,323.0)
(327.0,323.0)
(723.0,323.0)
(723.0,323.0)
(327.0,323.0)
(713.0,323.0)
(723.0,323.0)
(315.0,323.0)
(723.0,323.0)
(327.0,323.0)
(723.0,323.0)
(327.0,323.0)
(723.0,323.0)
(723.0,323.0)
(327.0,323.0)
(723.0,323.0)
(327.0,323.0)
(327.0,323.0)
(713.0,323.0)
(327.0,323.0)
(723.0,323.0)
(327.0,323.0)
(723.0,323.0)
(723.0,323.0)
(723.0,323.0)
(327.0,323.0)
(723.0,323.0)
(713.0,323.0)
(327.0,323.0)
(723.0,323.0)
(327.0,323.0)
(723.0,323.0)
(327.0,323.0)
(723.0,323.0)
(723.0,323.0)
(723.0,323.0)
(327.0,323.0)
(327.0,323.0)
(723.0,323.0)
(723.0,323.0)
(327.0,323.0)
(327.0,323.0)
(723.0,323.0)
(327.0,323.0)
(327.0,323.0)
(327.0,323.0)
(327.0,323.0)
(723.0,323.0)
(723.0,323.0)
(723.0,323.0)
(327.0,323.0)
(723.0,323.0)
(327.0,323.0)
(327.0,323.0)
(327.0,323.0)
(723.0,323.0)
(327.0,323.0)
(327.0,323.0)
(327.0,323.0)
(723.0,323.0)
(327.0,323.0)
(327.0,323.0)
(327.0,323.0)
(723.0,323.0)
(327.0,323.0)
(327.0,323.0)
(327.0,323.0)
(723.0,323.0)
(723.0,323.0)
(327.0,323.0)
(723.0,323.0)
(327.0,323.0)
(723.0,323.0)
(327.0,323.0)
(327.0,323.0)
(713.0,323.0)
(723.0,323.0)
(723.0,323.0)
(723.0,323.0)
(327.0,323.0)
(315.0,323.0)
(323.0,323.0)
(323.0,323.0)
(315.0,323.0)
(315.0,323.0)
(323.0,323.0)
(323.0,323.0)
(323.0,323.0)
(315.0,323.0)
(323.0,323.0)
(323.0,323.0)
(323.0,323.0)
(323.0,323.0)
(323.0,323.0)
(323.0,323.0)
(323.0,323.0)
(315.0,323.0)
(315.0,323.0)
(323.0,323.0)
(315.0,323.0)
(323.0,323.0)
(315.0,323.0)
(323.0,323.0)
(323.0,323.0)
(323.0,323.0)
(323.0,323.0)
(323.0,323.0)
(315.0,323.0)
(323.0,323.0)
(323.0,323.0)
(315.0,323.0)
(315.0,323.0)
(315.0,323.0)
(323.0,323.0)
(323.0,323.0)
(315.0,323.0)
(323.0,323.0)
(315.0,323.0)
(323.0,323.0)
(315.0,323.0)
(323.0,323.0)
(323.0,323.0)
(323.0,323.0)
(323.0,323.0)
(315.0,323.0)
(323.0,323.0)
(323.0,323.0)
(323.0,323.0)
(323.0,323.0)
(323.0,323.0)
(323.0,323.0)
(315.0,323.0)
(323.0,323.0)
(315.0,323.0)
(315.0,323.0)
(315.0,323.0)
(315.0,323.0)
(323.0,323.0)
(323.0,323.0)
(315.0,323.0)
(323.0,323.0)
(327.0,323.0)
(723.0,323.0)
(323.0,323.0)
(323.0,323.0)
(315.0,323.0)
(315.0,323.0)
(323.0,323.0)
(323.0,323.0)
(315.0,323.0)
(323.0,323.0)
(315.0,323.0)
(323.0,323.0)
(323.0,323.0)
(323.0,323.0)
(315.0,323.0)
(315.0,323.0)
(315.0,323.0)
(323.0,323.0)
(315.0,323.0)
(315.0,323.0)
(323.0,323.0)
(323.0,323.0)
(315.0,323.0)
(315.0,323.0)
(323.0,323.0)
(323.0,323.0)
(315.0,323.0)
(323.0,323.0)
(315.0,323.0)
(315.0,323.0)
(323.0,323.0)
(723.0,323.0)
(323.0,323.0)
(323.0,323.0)
(315.0,323.0)
(723.0,323.0)
(315.0,323.0)
(315.0,323.0)
(323.0,323.0)
(315.0,323.0)
(323.0,323.0)
(323.0,323.0)
(323.0,323.0)
(315.0,323.0)
(323.0,323.0)
(723.0,323.0)
(323.0,323.0)
(315.0,323.0)
(323.0,323.0)
(327.0,323.0)
(323.0,323.0)
(323.0,323.0)
(323.0,323.0)
(323.0,323.0)
(323.0,323.0)
(323.0,323.0)
(323.0,323.0)
(323.0,323.0)
(315.0,323.0)
(323.0,323.0)
(323.0,323.0)
(323.0,323.0)
(315.0,323.0)
(315.0,323.0)
(323.0,323.0)
(323.0,323.0)
(315.0,323.0)
(323.0,323.0)
(323.0,323.0)
(323.0,323.0)
(323.0,323.0)
(323.0,323.0)
(323.0,323.0)
(323.0,323.0)
(315.0,323.0)
(323.0,323.0)
(323.0,323.0)
(323.0,323.0)
(315.0,323.0)
(323.0,323.0)
(323.0,323.0)
(323.0,323.0)
(315.0,323.0)
(315.0,323.0)
(323.0,323.0)
(323.0,323.0)
(315.0,323.0)
(323.0,323.0)
(323.0,323.0)
(323.0,323.0)
(323.0,323.0)
(323.0,323.0)
(323.0,323.0)
(323.0,323.0)
(315.0,323.0)
(323.0,323.0)
(713.0,323.0)
(323.0,323.0)
(720.0,323.0)
(323.0,323.0)
(720.0,323.0)
(315.0,323.0)
(713.0,323.0)
(323.0,323.0)
(323.0,323.0)
(323.0,323.0)
(315.0,323.0)
(713.0,323.0)
(720.0,323.0)
(323.0,323.0)
(323.0,323.0)
(323.0,323.0)
(720.0,323.0)
(323.0,323.0)
(323.0,323.0)
(323.0,323.0)
(713.0,323.0)
(713.0,323.0)
(720.0,323.0)
(323.0,323.0)
(713.0,323.0)
(323.0,323.0)
(713.0,323.0)
(323.0,323.0)
(323.0,323.0)
(713.0,323.0)
(323.0,323.0)
(713.0,323.0)
(720.0,323.0)
(713.0,323.0)
(323.0,323.0)
(713.0,323.0)
(315.0,323.0)
(713.0,323.0)
(713.0,323.0)
(323.0,323.0)
(323.0,323.0)
(713.0,323.0)
(323.0,323.0)
(713.0,323.0)
(713.0,323.0)
(720.0,323.0)
(713.0,323.0)
(323.0,323.0)
(323.0,323.0)
(323.0,323.0)
(323.0,323.0)
(713.0,323.0)
(720.0,323.0)
(323.0,323.0)
(323.0,323.0)
(323.0,323.0)
(323.0,323.0)
(323.0,323.0)
(323.0,323.0)
(713.0,323.0)
(323.0,323.0)
(713.0,323.0)
(713.0,323.0)
(713.0,323.0)
(713.0,323.0)
(323.0,323.0)
(720.0,323.0)
(720.0,323.0)
(720.0,323.0)
(713.0,323.0)
(713.0,323.0)
(323.0,323.0)
(713.0,323.0)
(713.0,323.0)
(323.0,323.0)
(323.0,323.0)
(713.0,323.0)
(713.0,323.0)
(713.0,323.0)
(720.0,323.0)
(323.0,323.0)
(713.0,323.0)
(323.0,323.0)
(713.0,323.0)
(323.0,323.0)
(323.0,323.0)
(323.0,323.0)
(713.0,323.0)
(713.0,323.0)
(713.0,323.0)
(323.0,323.0)
(315.0,323.0)
(713.0,323.0)
(720.0,323.0)
(720.0,323.0)
(720.0,323.0)
(323.0,323.0)
(323.0,323.0)
(713.0,323.0)
(720.0,323.0)
(720.0,323.0)
(315.0,323.0)
(323.0,323.0)
(323.0,323.0)
(713.0,323.0)
(323.0,323.0)
(713.0,323.0)
(713.0,323.0)
(323.0,323.0)
(713.0,323.0)
(720.0,323.0)
(720.0,323.0)
(323.0,323.0)
(323.0,323.0)
(720.0,323.0)
(720.0,323.0)
(713.0,323.0)
(720.0,323.0)
(713.0,323.0)
(713.0,323.0)
(713.0,323.0)
(720.0,323.0)
(323.0,323.0)
(720.0,323.0)
(713.0,323.0)
(323.0,323.0)
(720.0,323.0)
(323.0,323.0)
(323.0,323.0)
(315.0,323.0)
(720.0,323.0)
(323.0,323.0)
(713.0,323.0)
(323.0,323.0)
(315.0,323.0)
(323.0,323.0)
(713.0,323.0)
(713.0,323.0)
(720.0,323.0)
(323.0,323.0)
(323.0,323.0)
(323.0,323.0)
(713.0,323.0)
(720.0,323.0)
(323.0,323.0)
(323.0,323.0)
(323.0,323.0)
(713.0,323.0)
(720.0,323.0)
(720.0,323.0)
(323.0,323.0)
(323.0,323.0)
(713.0,323.0)
(720.0,323.0)
(720.0,323.0)
(713.0,323.0)
(720.0,323.0)
(713.0,323.0)
(323.0,323.0)
(323.0,323.0)
(713.0,323.0)
(323.0,323.0)
(720.0,323.0)
(323.0,323.0)
(323.0,323.0)
(713.0,323.0)
(323.0,323.0)
(323.0,323.0)
(323.0,323.0)
(720.0,323.0)
(713.0,323.0)
(323.0,323.0)
(323.0,323.0)
(323.0,323.0)
(713.0,323.0)
(720.0,323.0)
(323.0,323.0)
(323.0,323.0)
(323.0,323.0)
(713.0,323.0)
(713.0,323.0)
(323.0,323.0)
(323.0,323.0)
(713.0,323.0)
(323.0,323.0)
(713.0,323.0)
(323.0,323.0)
(323.0,323.0)
(323.0,323.0)
(720.0,323.0)
(720.0,323.0)
(323.0,323.0)
(713.0,323.0)
(720.0,323.0)
(315.0,323.0)
(323.0,323.0)
(720.0,323.0)
(723.0,324.0)
(645.0,324.0)
(327.0,324.0)
(327.0,324.0)
(723.0,324.0)
(723.0,324.0)
(645.0,324.0)
(645.0,324.0)
(723.0,324.0)
(723.0,324.0)
(327.0,324.0)
(327.0,324.0)
(645.0,324.0)
(315.0,324.0)
(723.0,324.0)
(723.0,324.0)
(723.0,324.0)
(723.0,324.0)
(723.0,324.0)
(315.0,324.0)
(723.0,324.0)
(723.0,324.0)
(723.0,324.0)
(704.0,324.0)
(723.0,324.0)
(327.0,324.0)
(723.0,324.0)
(723.0,324.0)
(723.0,324.0)
(723.0,324.0)
(723.0,324.0)
(645.0,324.0)
(240.0,324.0)
(315.0,324.0)
(645.0,324.0)
(723.0,324.0)
(723.0,324.0)
(323.0,324.0)
(723.0,324.0)
(645.0,324.0)
(315.0,324.0)
(723.0,324.0)
(327.0,324.0)
(315.0,324.0)
(315.0,324.0)
(723.0,324.0)
(723.0,324.0)
(645.0,324.0)
(723.0,324.0)
(723.0,324.0)
(723.0,324.0)
(723.0,324.0)
(327.0,324.0)
(240.0,324.0)
(240.0,324.0)
(723.0,324.0)
(723.0,324.0)
(723.0,324.0)
(723.0,324.0)
(723.0,324.0)
(723.0,324.0)
(723.0,324.0)
(723.0,324.0)
(327.0,324.0)
(315.0,324.0)
(723.0,324.0)
(315.0,324.0)
(723.0,324.0)
(723.0,324.0)
(645.0,324.0)
(723.0,324.0)
(723.0,324.0)
(723.0,324.0)
(723.0,324.0)
(723.0,324.0)
(327.0,324.0)
(240.0,324.0)
(327.0,324.0)
(315.0,324.0)
(645.0,324.0)
(723.0,324.0)
(323.0,324.0)
(327.0,324.0)
(723.0,324.0)
(645.0,324.0)
(723.0,324.0)
(723.0,324.0)
(723.0,324.0)
(723.0,324.0)
(723.0,324.0)
(327.0,324.0)
(327.0,324.0)
(645.0,324.0)
(327.0,324.0)
(327.0,324.0)
(723.0,324.0)
(327.0,324.0)
(723.0,324.0)
(723.0,324.0)
(723.0,324.0)
(323.0,324.0)
(240.0,324.0)
(723.0,324.0)
(645.0,324.0)
(327.0,324.0)
(723.0,324.0)
(723.0,324.0)
(723.0,324.0)
(723.0,324.0)
(723.0,324.0)
(723.0,324.0)
(723.0,324.0)
(723.0,324.0)
(240.0,324.0)
(645.0,324.0)
(723.0,324.0)
(327.0,324.0)
(723.0,324.0)
(645.0,324.0)
(723.0,324.0)
(327.0,324.0)
(323.0,324.0)
(315.0,324.0)
(723.0,324.0)
(327.0,324.0)
(240.0,324.0)
(723.0,324.0)
(327.0,324.0)
(723.0,324.0)
(723.0,324.0)
(327.0,324.0)
(723.0,324.0)
(645.0,324.0)
(327.0,324.0)
(723.0,324.0)
(645.0,324.0)
(723.0,324.0)
(723.0,324.0)
(645.0,324.0)
(347.0,324.0)
(645.0,324.0)
(723.0,324.0)
(723.0,324.0)
(723.0,324.0)
(315.0,324.0)
(723.0,324.0)
(347.0,324.0)
(645.0,324.0)
(327.0,324.0)
(327.0,324.0)
(645.0,324.0)
(723.0,324.0)
(240.0,324.0)
(723.0,324.0)
(723.0,324.0)
(323.0,324.0)
(315.0,325.0)
(720.0,325.0)
(327.0,325.0)
(723.0,325.0)
(327.0,325.0)
(315.0,325.0)
(723.0,325.0)
(720.0,325.0)
(713.0,325.0)
(723.0,325.0)
(315.0,325.0)
(723.0,325.0)
(327.0,325.0)
(723.0,325.0)
(723.0,325.0)
(723.0,325.0)
(723.0,325.0)
(720.0,325.0)
(720.0,325.0)
(723.0,325.0)
(315.0,325.0)
(315.0,325.0)
(723.0,325.0)
(723.0,325.0)
(315.0,325.0)
(713.0,325.0)
(315.0,325.0)
(723.0,325.0)
(723.0,325.0)
(723.0,325.0)
(723.0,325.0)
(713.0,325.0)
(723.0,325.0)
(327.0,325.0)
(315.0,325.0)
(723.0,325.0)
(723.0,325.0)
(315.0,325.0)
(315.0,325.0)
(315.0,325.0)
(720.0,325.0)
(723.0,325.0)
(315.0,325.0)
(720.0,325.0)
(315.0,325.0)
(723.0,325.0)
(723.0,325.0)
(315.0,325.0)
(720.0,325.0)
(723.0,325.0)
(720.0,325.0)
(723.0,325.0)
(315.0,325.0)
(327.0,325.0)
(723.0,325.0)
(723.0,325.0)
(723.0,325.0)
(720.0,325.0)
(713.0,325.0)
(723.0,325.0)
(315.0,325.0)
(723.0,325.0)
(713.0,325.0)
(315.0,325.0)
(315.0,325.0)
(315.0,325.0)
(315.0,325.0)
(723.0,325.0)
(327.0,325.0)
(723.0,325.0)
(723.0,325.0)
(723.0,325.0)
(315.0,325.0)
(723.0,325.0)
(723.0,325.0)
(723.0,325.0)
(723.0,325.0)
(723.0,325.0)
(713.0,325.0)
(315.0,325.0)
(315.0,325.0)
(723.0,325.0)
(327.0,325.0)
(713.0,325.0)
(315.0,325.0)
(713.0,325.0)
(315.0,325.0)
(723.0,325.0)
(720.0,325.0)
(723.0,325.0)
(315.0,325.0)
(315.0,325.0)
(315.0,325.0)
(723.0,325.0)
(315.0,325.0)
(315.0,325.0)
(723.0,325.0)
(723.0,325.0)
(723.0,325.0)
(720.0,325.0)
(723.0,325.0)
(315.0,325.0)
(723.0,325.0)
(327.0,325.0)
(315.0,325.0)
(713.0,325.0)
(723.0,325.0)
(315.0,325.0)
(723.0,325.0)
(315.0,325.0)
(315.0,325.0)
(723.0,325.0)
(723.0,325.0)
(327.0,325.0)
(327.0,325.0)
(723.0,325.0)
(723.0,325.0)
(327.0,325.0)
(327.0,325.0)
(315.0,325.0)
(327.0,325.0)
(723.0,325.0)
(315.0,325.0)
(315.0,325.0)
(327.0,325.0)
(723.0,325.0)
(723.0,325.0)
(315.0,325.0)
(713.0,325.0)
(327.0,325.0)
(723.0,325.0)
(723.0,325.0)
(315.0,325.0)
(723.0,325.0)
(723.0,325.0)
(723.0,325.0)
(723.0,325.0)
(315.0,325.0)
(723.0,325.0)
(723.0,325.0)
(723.0,325.0)
(723.0,325.0)
(723.0,325.0)
(723.0,325.0)
(713.0,325.0)
(723.0,325.0)
(327.0,325.0)
(723.0,325.0)
(720.0,325.0)
(723.0,325.0)
(315.0,325.0)
(327.0,325.0)
(327.0,325.0)
(720.0,325.0)
(723.0,325.0)
(723.0,325.0)
(723.0,325.0)
(723.0,325.0)
(315.0,325.0)
(723.0,325.0)
(315.0,325.0)
(723.0,325.0)
(723.0,325.0)
(315.0,325.0)
(723.0,325.0)
(327.0,325.0)
(723.0,325.0)
(723.0,325.0)
(723.0,325.0)
(720.0,325.0)
(723.0,325.0)
(723.0,325.0)
(723.0,325.0)
(315.0,325.0)
(713.0,325.0)
(723.0,325.0)
(723.0,325.0)
(315.0,325.0)
(723.0,325.0)
(720.0,325.0)
(723.0,325.0)
(720.0,325.0)
(315.0,325.0)
(315.0,325.0)
(723.0,325.0)
(723.0,325.0)
(315.0,325.0)
(720.0,325.0)
(723.0,325.0)
(723.0,325.0)
(723.0,325.0)
(720.0,325.0)
(723.0,325.0)
(327.0,325.0)
(713.0,325.0)
(723.0,325.0)
(723.0,325.0)
(315.0,325.0)
(723.0,325.0)
(327.0,325.0)
(327.0,326.0)
(317.0,326.0)
(658.0,326.0)
(317.0,326.0)
(327.0,326.0)
(327.0,326.0)
(317.0,326.0)
(658.0,326.0)
(658.0,326.0)
(327.0,326.0)
(658.0,326.0)
(317.0,326.0)
(327.0,326.0)
(327.0,326.0)
(332.0,326.0)
(317.0,326.0)
(317.0,326.0)
(327.0,326.0)
(332.0,326.0)
(317.0,326.0)
(317.0,326.0)
(317.0,326.0)
(327.0,326.0)
(658.0,326.0)
(658.0,326.0)
(317.0,326.0)
(332.0,326.0)
(327.0,326.0)
(317.0,326.0)
(658.0,326.0)
(332.0,326.0)
(685.0,326.0)
(327.0,326.0)
(658.0,326.0)
(332.0,326.0)
(685.0,326.0)
(317.0,326.0)
(327.0,326.0)
(327.0,326.0)
(317.0,326.0)
(658.0,326.0)
(317.0,326.0)
(658.0,326.0)
(317.0,326.0)
(327.0,326.0)
(327.0,326.0)
(332.0,326.0)
(658.0,326.0)
(317.0,326.0)
(658.0,326.0)
(317.0,326.0)
(317.0,326.0)
(658.0,326.0)
(658.0,326.0)
(317.0,326.0)
(317.0,326.0)
(317.0,326.0)
(317.0,326.0)
(317.0,326.0)
(317.0,326.0)
(327.0,326.0)
(317.0,326.0)
(317.0,326.0)
(327.0,326.0)
(713.0,326.0)
(658.0,326.0)
(327.0,326.0)
(317.0,326.0)
(327.0,326.0)
(332.0,326.0)
(713.0,326.0)
(658.0,326.0)
(327.0,326.0)
(713.0,326.0)
(658.0,326.0)
(332.0,326.0)
(317.0,326.0)
(327.0,326.0)
(317.0,326.0)
(658.0,326.0)
(332.0,326.0)
(685.0,326.0)
(722.0,326.0)
(317.0,326.0)
(317.0,326.0)
(327.0,326.0)
(317.0,326.0)
(332.0,326.0)
(317.0,326.0)
(317.0,326.0)
(713.0,326.0)
(658.0,326.0)
(722.0,326.0)
(327.0,326.0)
(713.0,326.0)
(332.0,326.0)
(658.0,326.0)
(722.0,326.0)
(317.0,326.0)
(317.0,326.0)
(327.0,326.0)
(332.0,326.0)
(332.0,326.0)
(658.0,326.0)
(658.0,326.0)
(327.0,326.0)
(317.0,326.0)
(317.0,326.0)
(658.0,326.0)
(658.0,326.0)
(722.0,326.0)
(658.0,326.0)
(317.0,326.0)
(332.0,326.0)
(317.0,326.0)
(658.0,326.0)
(327.0,326.0)
(658.0,326.0)
(658.0,326.0)
(332.0,326.0)
(332.0,326.0)
(327.0,326.0)
(722.0,326.0)
(332.0,326.0)
(327.0,326.0)
(713.0,326.0)
(327.0,326.0)
(317.0,326.0)
(332.0,326.0)
(327.0,326.0)
(317.0,326.0)
(327.0,326.0)
(332.0,326.0)
(317.0,326.0)
(658.0,326.0)
(658.0,326.0)
(327.0,326.0)
(332.0,326.0)
(317.0,326.0)
(317.0,326.0)
(332.0,326.0)
(317.0,326.0)
(658.0,326.0)
(317.0,326.0)
(327.0,326.0)
(332.0,326.0)
(722.0,326.0)
(317.0,326.0)
(327.0,326.0)
(327.0,326.0)
(332.0,326.0)
(317.0,326.0)
(327.0,326.0)
(327.0,326.0)
(722.0,326.0)
(658.0,326.0)
(332.0,326.0)
(658.0,326.0)
(327.0,326.0)
(327.0,326.0)
(327.0,326.0)
(722.0,326.0)
(327.0,326.0)
(332.0,326.0)
(327.0,326.0)
(317.0,326.0)
(327.0,326.0)
(317.0,326.0)
(317.0,326.0)
(317.0,326.0)
(722.0,326.0)
(713.0,326.0)
(312.0,326.0)
(327.0,326.0)
(317.0,326.0)
(685.0,326.0)
(658.0,326.0)
(327.0,326.0)
(658.0,326.0)
(658.0,326.0)
(327.0,326.0)
(327.0,326.0)
(722.0,326.0)
(317.0,326.0)
(658.0,326.0)
(327.0,326.0)
(713.0,326.0)
(723.0,325.0)
(713.0,325.0)
(194.0,325.0)
(723.0,325.0)
(720.0,325.0)
(723.0,325.0)
(194.0,325.0)
(323.0,325.0)
(723.0,325.0)
(723.0,325.0)
(723.0,325.0)
(723.0,325.0)
(327.0,325.0)
(723.0,325.0)
(723.0,325.0)
(723.0,325.0)
(194.0,325.0)
(323.0,325.0)
(323.0,325.0)
(723.0,325.0)
(723.0,325.0)
(194.0,325.0)
(723.0,325.0)
(723.0,325.0)
(723.0,325.0)
(323.0,325.0)
(723.0,325.0)
(723.0,325.0)
(194.0,325.0)
(723.0,325.0)
(723.0,325.0)
(327.0,325.0)
(723.0,325.0)
(723.0,325.0)
(723.0,325.0)
(723.0,325.0)
(723.0,325.0)
(723.0,325.0)
(723.0,325.0)
(723.0,325.0)
(723.0,325.0)
(194.0,325.0)
(323.0,325.0)
(723.0,325.0)
(723.0,325.0)
(723.0,325.0)
(723.0,325.0)
(327.0,325.0)
(723.0,325.0)
(723.0,325.0)
(723.0,325.0)
(723.0,325.0)
(723.0,325.0)
(323.0,325.0)
(723.0,325.0)
(723.0,325.0)
(723.0,325.0)
(723.0,325.0)
(723.0,325.0)
(723.0,325.0)
(720.0,325.0)
(194.0,325.0)
(723.0,325.0)
(723.0,325.0)
(723.0,325.0)
(723.0,325.0)
(323.0,325.0)
(194.0,325.0)
(723.0,325.0)
(723.0,325.0)
(723.0,325.0)
(723.0,325.0)
(723.0,325.0)
(720.0,325.0)
(723.0,325.0)
(723.0,325.0)
(194.0,325.0)
(323.0,325.0)
(723.0,325.0)
(723.0,325.0)
(723.0,325.0)
(723.0,325.0)
(723.0,325.0)
(723.0,325.0)
(723.0,325.0)
(720.0,325.0)
(194.0,325.0)
(720.0,325.0)
(723.0,325.0)
(723.0,325.0)
(323.0,325.0)
(194.0,325.0)
(723.0,325.0)
(723.0,325.0)
(723.0,325.0)
(323.0,325.0)
(723.0,325.0)
(723.0,325.0)
(723.0,325.0)
(723.0,325.0)
(323.0,325.0)
(720.0,325.0)
(723.0,325.0)
(723.0,325.0)
(720.0,325.0)
(327.0,325.0)
(723.0,325.0)
(323.0,325.0)
(723.0,325.0)
(723.0,325.0)
(723.0,325.0)
(327.0,325.0)
(723.0,325.0)
(194.0,325.0)
(723.0,325.0)
(713.0,325.0)
(720.0,325.0)
(723.0,325.0)
(723.0,325.0)
(723.0,325.0)
(720.0,325.0)
(323.0,325.0)
(723.0,325.0)
(323.0,325.0)
(723.0,325.0)
(723.0,325.0)
(194.0,325.0)
(723.0,325.0)
(194.0,325.0)
(723.0,325.0)
(723.0,325.0)
(723.0,325.0)
(194.0,325.0)
(327.0,325.0)
(194.0,325.0)
(323.0,325.0)
(723.0,325.0)
(723.0,325.0)
(327.0,325.0)
(323.0,325.0)
(323.0,325.0)
(723.0,325.0)
(723.0,325.0)
(720.0,325.0)
(194.0,325.0)
(723.0,325.0)
(720.0,325.0)
(723.0,325.0)
(723.0,325.0)
(723.0,325.0)
(723.0,325.0)
(723.0,325.0)
(327.0,325.0)
(723.0,325.0)
(723.0,325.0)
(723.0,325.0)
(323.0,325.0)
(723.0,325.0)
(723.0,325.0)
(720.0,325.0)
(723.0,325.0)
(723.0,325.0)
(723.0,325.0)
(723.0,325.0)
(720.0,325.0)
(323.0,325.0)
(723.0,325.0)
(723.0,325.0)
(723.0,325.0)
(723.0,325.0)
(723.0,325.0)
(323.0,325.0)
(723.0,325.0)
(323.0,325.0)
(723.0,325.0)
(194.0,325.0)
(327.0,325.0)
(723.0,325.0)
(194.0,325.0)
(194.0,325.0)
(723.0,325.0)
(194.0,325.0)
(327.0,325.0)
(723.0,325.0)
(723.0,326.0)
(326.0,326.0)
(326.0,326.0)
(723.0,326.0)
(327.0,326.0)
(723.0,326.0)
(723.0,326.0)
(326.0,326.0)
(713.0,326.0)
(723.0,326.0)
(713.0,326.0)
(713.0,326.0)
(326.0,326.0)
(723.0,326.0)
(723.0,326.0)
(328.0,326.0)
(326.0,326.0)
(723.0,326.0)
(723.0,326.0)
(723.0,326.0)
(326.0,326.0)
(723.0,326.0)
(723.0,326.0)
(723.0,326.0)
(723.0,326.0)
(723.0,326.0)
(713.0,326.0)
(713.0,326.0)
(723.0,326.0)
(723.0,326.0)
(326.0,326.0)
(723.0,326.0)
(723.0,326.0)
(326.0,326.0)
(723.0,326.0)
(723.0,326.0)
(723.0,326.0)
(713.0,326.0)
(723.0,326.0)
(723.0,326.0)
(326.0,326.0)
(713.0,326.0)
(713.0,326.0)
(723.0,326.0)
(723.0,326.0)
(713.0,326.0)
(713.0,326.0)
(723.0,326.0)
(326.0,326.0)
(326.0,326.0)
(713.0,326.0)
(723.0,326.0)
(315.0,326.0)
(723.0,326.0)
(723.0,326.0)
(723.0,326.0)
(723.0,326.0)
(723.0,326.0)
(326.0,326.0)
(713.0,326.0)
(704.0,326.0)
(723.0,326.0)
(326.0,326.0)
(326.0,326.0)
(723.0,326.0)
(723.0,326.0)
(723.0,326.0)
(328.0,326.0)
(723.0,326.0)
(326.0,326.0)
(326.0,326.0)
(326.0,326.0)
(326.0,326.0)
(723.0,326.0)
(326.0,326.0)
(723.0,326.0)
(723.0,326.0)
(723.0,326.0)
(326.0,326.0)
(713.0,326.0)
(723.0,326.0)
(326.0,326.0)
(723.0,326.0)
(326.0,326.0)
(723.0,326.0)
(723.0,326.0)
(723.0,326.0)
(723.0,326.0)
(713.0,326.0)
(713.0,326.0)
(315.0,326.0)
(326.0,326.0)
(315.0,326.0)
(723.0,326.0)
(326.0,326.0)
(723.0,326.0)
(323.0,326.0)
(713.0,326.0)
(723.0,326.0)
(326.0,326.0)
(723.0,326.0)
(723.0,326.0)
(326.0,326.0)
(723.0,326.0)
(704.0,326.0)
(723.0,326.0)
(723.0,326.0)
(326.0,326.0)
(723.0,326.0)
(723.0,326.0)
(723.0,326.0)
(723.0,326.0)
(328.0,326.0)
(713.0,326.0)
(326.0,326.0)
(723.0,326.0)
(317.0,327.0)
(327.0,327.0)
(327.0,327.0)
(720.0,327.0)
(327.0,327.0)
(317.0,327.0)
(317.0,327.0)
(327.0,327.0)
(327.0,327.0)
(317.0,327.0)
(327.0,327.0)
(327.0,327.0)
(720.0,327.0)
(327.0,327.0)
(327.0,327.0)
(327.0,327.0)
(327.0,327.0)
(317.0,327.0)
(723.0,327.0)
(327.0,327.0)
(720.0,327.0)
(317.0,327.0)
(327.0,327.0)
(723.0,327.0)
(327.0,327.0)
(720.0,327.0)
(720.0,327.0)
(720.0,327.0)
(327.0,327.0)
(327.0,327.0)
(327.0,327.0)
(723.0,327.0)
(327.0,327.0)
(317.0,327.0)
(723.0,327.0)
(317.0,327.0)
(327.0,327.0)
(720.0,327.0)
(317.0,327.0)
(327.0,327.0)
(317.0,327.0)
(720.0,327.0)
(327.0,327.0)
(317.0,327.0)
(327.0,327.0)
(720.0,327.0)
(327.0,327.0)
(723.0,327.0)
(327.0,327.0)
(720.0,327.0)
(327.0,327.0)
(327.0,327.0)
(317.0,327.0)
(327.0,327.0)
(327.0,327.0)
(317.0,327.0)
(723.0,327.0)
(723.0,327.0)
(723.0,327.0)
(720.0,327.0)
(327.0,327.0)
(327.0,327.0)
(327.0,327.0)
(327.0,327.0)
(723.0,327.0)
(720.0,327.0)
(327.0,327.0)
(327.0,327.0)
(317.0,327.0)
(720.0,327.0)
(327.0,327.0)
(723.0,327.0)
(317.0,327.0)
(327.0,327.0)
(327.0,327.0)
(327.0,327.0)
(723.0,327.0)
(327.0,327.0)
(317.0,327.0)
(720.0,327.0)
(327.0,327.0)
(723.0,327.0)
(723.0,327.0)
(317.0,327.0)
(720.0,327.0)
(317.0,327.0)
(723.0,327.0)
(327.0,327.0)
(327.0,327.0)
(327.0,327.0)
(327.0,327.0)
(327.0,327.0)
(317.0,327.0)
(327.0,327.0)
(327.0,327.0)
(317.0,327.0)
(327.0,327.0)
(720.0,327.0)
(723.0,327.0)
(327.0,327.0)
(723.0,327.0)
(723.0,327.0)
(327.0,327.0)
(327.0,327.0)
(327.0,327.0)
(327.0,327.0)
(327.0,327.0)
(327.0,327.0)
(723.0,327.0)
(327.0,327.0)
(327.0,327.0)
(317.0,327.0)
(723.0,327.0)
(327.0,327.0)
(720.0,327.0)
(327.0,327.0)
(317.0,327.0)
(327.0,327.0)
(327.0,327.0)
(720.0,327.0)
(317.0,327.0)
(327.0,327.0)
(327.0,327.0)
(327.0,327.0)
(327.0,327.0)
(317.0,327.0)
(720.0,327.0)
(317.0,327.0)
(327.0,327.0)
(327.0,327.0)
(720.0,327.0)
(327.0,327.0)
(720.0,327.0)
(327.0,327.0)
(720.0,327.0)
(327.0,327.0)
(720.0,327.0)
(317.0,327.0)
(327.0,327.0)
(327.0,327.0)
(327.0,327.0)
(720.0,327.0)
(327.0,327.0)
(327.0,327.0)
(327.0,327.0)
(723.0,327.0)
(327.0,327.0)
(723.0,327.0)
(720.0,327.0)
(720.0,327.0)
(317.0,327.0)
(720.0,327.0)
(327.0,327.0)
(720.0,327.0)
(327.0,327.0)
(327.0,327.0)
(327.0,327.0)
(723.0,327.0)
(713.0,327.0)
(720.0,327.0)
(723.0,327.0)
(327.0,327.0)
(327.0,327.0)
(327.0,327.0)
(327.0,327.0)
(723.0,327.0)
(723.0,327.0)
(720.0,327.0)
(720.0,327.0)
(317.0,327.0)
(327.0,327.0)
(327.0,327.0)
(327.0,327.0)
(720.0,327.0)
(327.0,327.0)
(327.0,327.0)
(327.0,327.0)
(327.0,327.0)
(327.0,327.0)
(327.0,327.0)
(317.0,327.0)
(720.0,327.0)
(327.0,327.0)
(327.0,327.0)
(327.0,327.0)
(327.0,327.0)
(327.0,327.0)
(327.0,327.0)
(327.0,327.0)
(327.0,327.0)
(327.0,327.0)
(645.0,327.0)
(327.0,327.0)
(327.0,327.0)
(645.0,327.0)
(327.0,327.0)
(327.0,327.0)
(327.0,327.0)
(327.0,327.0)
(327.0,327.0)
(327.0,327.0)
(327.0,327.0)
(327.0,327.0)
(327.0,327.0)
(327.0,327.0)
(645.0,327.0)
(327.0,327.0)
(327.0,327.0)
(327.0,327.0)
(327.0,327.0)
(327.0,327.0)
(327.0,327.0)
(327.0,327.0)
(327.0,327.0)
(327.0,327.0)
(327.0,327.0)
(327.0,327.0)
(327.0,327.0)
(645.0,327.0)
(645.0,327.0)
(327.0,327.0)
(327.0,327.0)
(327.0,327.0)
(327.0,327.0)
(327.0,327.0)
(327.0,327.0)
(327.0,327.0)
(327.0,327.0)
(327.0,327.0)
(327.0,327.0)
(327.0,327.0)
(327.0,327.0)
(327.0,327.0)
(327.0,327.0)
(327.0,327.0)
(327.0,327.0)
(327.0,327.0)
(645.0,327.0)
(645.0,327.0)
(327.0,327.0)
(316.0,327.0)
(327.0,327.0)
(327.0,327.0)
(327.0,327.0)
(327.0,327.0)
(327.0,327.0)
(327.0,327.0)
(327.0,327.0)
(327.0,327.0)
(327.0,327.0)
(327.0,327.0)
(327.0,327.0)
(327.0,327.0)
(327.0,327.0)
(327.0,327.0)
(327.0,327.0)
(327.0,327.0)
(645.0,327.0)
(327.0,327.0)
(327.0,327.0)
(327.0,327.0)
(645.0,327.0)
(327.0,327.0)
(327.0,327.0)
(327.0,327.0)
(327.0,327.0)
(645.0,327.0)
(327.0,327.0)
(327.0,327.0)
(327.0,327.0)
(327.0,327.0)
(327.0,327.0)
(327.0,327.0)
(327.0,327.0)
(645.0,327.0)
(645.0,327.0)
(327.0,327.0)
(327.0,327.0)
(327.0,327.0)
(327.0,327.0)
(327.0,327.0)
(327.0,327.0)
(327.0,327.0)
(645.0,327.0)
(327.0,327.0)
(327.0,327.0)
(645.0,327.0)
(327.0,327.0)
(327.0,327.0)
(327.0,327.0)
(327.0,327.0)
(645.0,327.0)
(327.0,327.0)
(327.0,327.0)
(645.0,327.0)
(327.0,327.0)
(327.0,327.0)
(327.0,327.0)
(327.0,327.0)
(327.0,327.0)
(327.0,327.0)
(327.0,327.0)
(327.0,327.0)
(327.0,327.0)
(327.0,327.0)
(327.0,327.0)
(327.0,327.0)
(327.0,327.0)
(327.0,327.0)
(327.0,327.0)
(327.0,327.0)
(327.0,327.0)
(327.0,327.0)
(327.0,327.0)
(327.0,327.0)
(327.0,327.0)
(327.0,327.0)
(327.0,327.0)
(327.0,327.0)
(327.0,327.0)
(327.0,327.0)
(327.0,327.0)
(327.0,327.0)
(327.0,327.0)
(327.0,327.0)
(327.0,327.0)
(327.0,327.0)
(327.0,327.0)
(327.0,327.0)
(327.0,327.0)
(327.0,327.0)
(327.0,327.0)
(327.0,327.0)
(327.0,327.0)
(327.0,327.0)
(327.0,327.0)
(720.0,327.0)
(327.0,327.0)
(327.0,327.0)
(327.0,327.0)
(327.0,327.0)
(327.0,327.0)
(327.0,327.0)
(327.0,327.0)
(327.0,327.0)
(327.0,327.0)
(327.0,327.0)
(327.0,327.0)
(327.0,327.0)
(327.0,327.0)
(327.0,327.0)
(327.0,327.0)
(327.0,327.0)
(327.0,327.0)
(327.0,327.0)
(327.0,327.0)
(327.0,327.0)
(327.0,327.0)
(327.0,327.0)
(327.0,327.0)
(327.0,327.0)
(327.0,327.0)
(327.0,327.0)
(327.0,327.0)
(327.0,327.0)
(327.0,327.0)
(327.0,327.0)
(327.0,327.0)
(327.0,327.0)
(327.0,327.0)
(327.0,327.0)
(327.0,327.0)
(327.0,327.0)
(327.0,327.0)
(327.0,327.0)
(327.0,327.0)
(327.0,327.0)
(327.0,327.0)
(327.0,327.0)
(327.0,327.0)
(327.0,327.0)
(327.0,327.0)
(327.0,327.0)
(327.0,327.0)
(327.0,327.0)
(327.0,327.0)
(327.0,327.0)
(327.0,327.0)
(327.0,327.0)
(327.0,327.0)
(327.0,327.0)
(327.0,327.0)
(327.0,327.0)
(327.0,327.0)
(327.0,327.0)
(327.0,327.0)
(327.0,327.0)
(327.0,327.0)
(327.0,327.0)
(327.0,327.0)
(327.0,327.0)
(327.0,327.0)
(327.0,327.0)
(327.0,327.0)
(327.0,327.0)
(327.0,327.0)
(327.0,327.0)
(327.0,327.0)
(327.0,327.0)
(327.0,327.0)
(327.0,327.0)
(327.0,327.0)
(327.0,327.0)
(327.0,327.0)
(327.0,327.0)
(327.0,327.0)
(327.0,327.0)
(327.0,327.0)
(327.0,327.0)
(327.0,327.0)
(327.0,327.0)
(327.0,327.0)
(327.0,327.0)
(327.0,327.0)
(722.0,327.0)
(722.0,327.0)
(327.0,327.0)
(327.0,327.0)
(652.0,327.0)
(722.0,327.0)
(722.0,327.0)
(327.0,327.0)
(327.0,327.0)
(327.0,327.0)
(327.0,327.0)
(327.0,327.0)
(327.0,327.0)
(327.0,327.0)
(327.0,327.0)
(327.0,327.0)
(327.0,327.0)
(327.0,327.0)
(722.0,327.0)
(327.0,327.0)
(652.0,327.0)
(327.0,327.0)
(722.0,327.0)
(327.0,327.0)
(327.0,327.0)
(327.0,327.0)
(327.0,327.0)
(720.0,327.0)
(327.0,327.0)
(327.0,327.0)
(327.0,327.0)
(327.0,327.0)
(722.0,327.0)
(327.0,327.0)
(327.0,327.0)
(722.0,327.0)
(722.0,327.0)
(722.0,327.0)
(327.0,327.0)
(722.0,327.0)
(327.0,327.0)
(327.0,327.0)
(327.0,327.0)
(327.0,327.0)
(327.0,327.0)
(652.0,327.0)
(327.0,327.0)
(327.0,327.0)
(327.0,327.0)
(327.0,327.0)
(327.0,327.0)
(327.0,327.0)
(722.0,327.0)
(722.0,327.0)
(327.0,327.0)
(327.0,327.0)
(327.0,327.0)
(652.0,327.0)
(327.0,327.0)
(327.0,327.0)
(327.0,327.0)
(722.0,327.0)
(327.0,327.0)
(327.0,327.0)
(327.0,327.0)
(722.0,327.0)
(327.0,327.0)
(327.0,327.0)
(652.0,327.0)
(720.0,327.0)
(327.0,327.0)
(327.0,327.0)
(327.0,327.0)
(722.0,327.0)
(327.0,327.0)
(327.0,327.0)
(327.0,327.0)
(327.0,327.0)
(722.0,327.0)
(327.0,327.0)
(722.0,327.0)
(722.0,327.0)
(652.0,327.0)
(327.0,327.0)
(327.0,327.0)
(327.0,327.0)
(327.0,327.0)
(327.0,327.0)
(652.0,327.0)
(327.0,327.0)
(722.0,327.0)
(652.0,327.0)
(327.0,327.0)
(722.0,327.0)
(327.0,327.0)
(652.0,327.0)
(327.0,327.0)
(327.0,327.0)
(327.0,327.0)
(327.0,327.0)
(327.0,327.0)
(652.0,327.0)
(722.0,327.0)
(327.0,327.0)
(722.0,327.0)
(327.0,327.0)
(652.0,327.0)
(327.0,327.0)
(327.0,327.0)
(327.0,327.0)
(722.0,327.0)
(327.0,327.0)
(652.0,327.0)
(652.0,327.0)
(327.0,327.0)
(652.0,327.0)
(327.0,327.0)
(327.0,327.0)
(327.0,327.0)
(327.0,327.0)
(327.0,327.0)
(327.0,327.0)
(722.0,327.0)
(327.0,327.0)
(722.0,327.0)
(722.0,327.0)
(327.0,327.0)
(327.0,327.0)
(327.0,327.0)
(722.0,327.0)
(327.0,327.0)
(652.0,327.0)
(327.0,327.0)
(327.0,327.0)
(327.0,327.0)
(327.0,327.0)
(327.0,327.0)
(327.0,327.0)
(327.0,327.0)
(327.0,327.0)
(722.0,327.0)
(327.0,327.0)
(652.0,327.0)
(327.0,327.0)
(327.0,327.0)
(723.0,327.0)
(327.0,327.0)
(327.0,327.0)
(327.0,327.0)
(723.0,327.0)
(327.0,327.0)
(327.0,327.0)
(723.0,327.0)
(327.0,327.0)
(327.0,327.0)
(327.0,327.0)
(327.0,327.0)
(327.0,327.0)
(327.0,327.0)
(723.0,327.0)
(327.0,327.0)
(327.0,327.0)
(723.0,327.0)
(327.0,327.0)
(327.0,327.0)
(327.0,327.0)
(327.0,327.0)
(327.0,327.0)
(327.0,327.0)
(327.0,327.0)
(723.0,327.0)
(723.0,327.0)
(723.0,327.0)
(327.0,327.0)
(723.0,327.0)
(327.0,327.0)
(723.0,327.0)
(327.0,327.0)
(327.0,327.0)
(723.0,327.0)
(327.0,327.0)
(327.0,327.0)
(327.0,327.0)
(327.0,327.0)
(723.0,327.0)
(723.0,327.0)
(723.0,327.0)
(327.0,327.0)
(327.0,327.0)
(327.0,327.0)
(327.0,327.0)
(327.0,327.0)
(327.0,327.0)
(327.0,327.0)
(327.0,327.0)
(327.0,327.0)
(723.0,327.0)
(327.0,327.0)
(327.0,327.0)
(723.0,327.0)
(327.0,327.0)
(327.0,327.0)
(723.0,327.0)
(723.0,327.0)
(327.0,327.0)
(723.0,327.0)
(327.0,327.0)
(327.0,327.0)
(327.0,327.0)
(723.0,327.0)
(327.0,327.0)
(327.0,327.0)
(723.0,327.0)
(327.0,327.0)
(723.0,327.0)
(327.0,327.0)
(327.0,327.0)
(327.0,327.0)
(327.0,327.0)
(327.0,327.0)
(327.0,327.0)
(327.0,327.0)
(327.0,327.0)
(723.0,327.0)
(723.0,327.0)
(327.0,327.0)
(327.0,327.0)
(327.0,327.0)
(327.0,327.0)
(327.0,327.0)
(327.0,327.0)
(723.0,327.0)
(327.0,327.0)
(327.0,327.0)
(723.0,327.0)
(327.0,327.0)
(327.0,327.0)
(327.0,327.0)
(327.0,327.0)
(327.0,327.0)
(327.0,327.0)
(327.0,327.0)
(327.0,327.0)
(327.0,327.0)
(327.0,327.0)
(723.0,327.0)
(327.0,327.0)
(327.0,327.0)
(327.0,327.0)
(327.0,327.0)
(723.0,327.0)
(327.0,327.0)
(327.0,327.0)
(327.0,327.0)
(723.0,327.0)
(327.0,327.0)
(327.0,327.0)
(327.0,327.0)
(327.0,327.0)
(327.0,327.0)
(327.0,327.0)
(327.0,327.0)
(327.0,327.0)
(327.0,327.0)
(327.0,327.0)
(327.0,327.0)
(723.0,327.0)
(327.0,327.0)
(327.0,327.0)
(723.0,327.0)
(327.0,327.0)
(327.0,327.0)
(327.0,327.0)
(327.0,327.0)
(327.0,327.0)
(327.0,327.0)
(723.0,327.0)
(327.0,327.0)
(327.0,327.0)
(327.0,327.0)
(327.0,327.0)
(327.0,327.0)
(324.0,327.0)
(327.0,327.0)
(327.0,327.0)
(327.0,327.0)
(327.0,327.0)
(327.0,327.0)
(327.0,327.0)
(327.0,327.0)
(327.0,327.0)
(327.0,327.0)
(327.0,327.0)
(327.0,327.0)
(327.0,327.0)
(327.0,327.0)
(327.0,327.0)
(327.0,327.0)
(327.0,327.0)
(327.0,327.0)
(327.0,327.0)
(327.0,327.0)
(327.0,327.0)
(327.0,327.0)
(327.0,327.0)
(327.0,327.0)
(327.0,327.0)
(327.0,327.0)
(327.0,327.0)
(327.0,327.0)
(327.0,327.0)
(327.0,327.0)
(327.0,327.0)
(713.0,327.0)
(327.0,327.0)
(327.0,327.0)
(327.0,327.0)
(327.0,327.0)
(327.0,327.0)
(327.0,327.0)
(327.0,327.0)
(327.0,327.0)
(327.0,327.0)
(327.0,327.0)
(327.0,327.0)
(327.0,327.0)
(327.0,327.0)
(327.0,327.0)
(327.0,327.0)
(327.0,327.0)
(327.0,327.0)
(327.0,327.0)
(327.0,327.0)
(327.0,327.0)
(327.0,327.0)
(327.0,327.0)
(327.0,327.0)
(327.0,327.0)
(327.0,327.0)
(327.0,327.0)
(324.0,327.0)
(327.0,327.0)
(327.0,327.0)
(327.0,327.0)
(327.0,327.0)
(327.0,327.0)
(327.0,327.0)
(327.0,327.0)
(327.0,327.0)
(327.0,327.0)
(327.0,327.0)
(327.0,327.0)
(327.0,327.0)
(327.0,327.0)
(327.0,327.0)
(327.0,327.0)
(327.0,327.0)
(327.0,327.0)
(327.0,327.0)
(713.0,327.0)
(327.0,327.0)
(327.0,327.0)
(327.0,327.0)
(327.0,327.0)
(327.0,327.0)
(327.0,327.0)
(327.0,327.0)
(327.0,327.0)
(327.0,327.0)
(327.0,327.0)
(327.0,327.0)
(327.0,327.0)
(327.0,327.0)
(327.0,327.0)
(327.0,327.0)
(713.0,327.0)
(327.0,327.0)
(327.0,327.0)
(327.0,327.0)
(324.0,327.0)
(327.0,327.0)
(327.0,327.0)
(324.0,327.0)
(327.0,327.0)
(327.0,327.0)
(327.0,327.0)
(327.0,327.0)
(327.0,327.0)
(327.0,327.0)
(327.0,327.0)
(327.0,327.0)
(327.0,327.0)
(327.0,327.0)
(327.0,327.0)
(327.0,327.0)
(327.0,327.0)
(327.0,327.0)
(327.0,327.0)
(327.0,327.0)
(327.0,327.0)
(327.0,327.0)
(327.0,327.0)
(327.0,327.0)
(327.0,327.0)
(327.0,327.0)
(327.0,327.0)
(327.0,327.0)
(327.0,327.0)
(327.0,327.0)
(327.0,327.0)
(327.0,327.0)
(645.0,327.0)
(327.0,327.0)
(327.0,327.0)
(327.0,327.0)
(327.0,327.0)
(327.0,327.0)
(327.0,327.0)
(327.0,327.0)
(327.0,327.0)
(327.0,327.0)
(327.0,327.0)
(327.0,327.0)
(327.0,327.0)
(327.0,327.0)
(327.0,327.0)
(324.0,327.0)
(327.0,327.0)
(327.0,327.0)
(327.0,327.0)
(327.0,327.0)
(327.0,327.0)
(327.0,327.0)
(327.0,327.0)
(327.0,327.0)
(327.0,327.0)
(327.0,327.0)
(327.0,327.0)
(327.0,327.0)
(327.0,327.0)
(327.0,327.0)
(327.0,327.0)
(327.0,327.0)
(327.0,327.0)
(327.0,327.0)
(327.0,327.0)
(327.0,327.0)
(327.0,327.0)
(327.0,327.0)
(327.0,327.0)
(324.0,327.0)
(327.0,327.0)
(327.0,327.0)
(327.0,327.0)
(327.0,327.0)
(327.0,327.0)
(327.0,327.0)
(327.0,327.0)
(327.0,327.0)
(720.0,327.0)
(327.0,327.0)
(720.0,327.0)
(327.0,327.0)
(327.0,327.0)
(327.0,327.0)
(327.0,327.0)
(327.0,327.0)
(327.0,327.0)
(327.0,327.0)
(327.0,327.0)
(327.0,327.0)
(327.0,327.0)
(327.0,327.0)
(327.0,327.0)
(327.0,327.0)
(327.0,327.0)
(327.0,327.0)
(327.0,327.0)
(327.0,327.0)
(327.0,327.0)
(327.0,327.0)
(327.0,327.0)
(327.0,327.0)
(327.0,327.0)
(327.0,327.0)
(327.0,327.0)
(327.0,327.0)
(327.0,327.0)
(327.0,327.0)
(327.0,327.0)
(327.0,327.0)
(327.0,327.0)
(327.0,327.0)
(327.0,327.0)
(327.0,327.0)
(327.0,327.0)
(327.0,327.0)
(327.0,327.0)
(327.0,327.0)
(327.0,327.0)
(327.0,327.0)
(327.0,327.0)
(327.0,327.0)
(327.0,327.0)
(327.0,327.0)
(327.0,327.0)
(327.0,327.0)
(327.0,327.0)
(327.0,327.0)
(327.0,327.0)
(327.0,327.0)
(327.0,327.0)
(327.0,327.0)
(327.0,327.0)
(327.0,327.0)
(327.0,327.0)
(327.0,327.0)
(327.0,327.0)
(327.0,327.0)
(720.0,327.0)
(327.0,327.0)
(720.0,327.0)
(327.0,327.0)
(327.0,327.0)
(327.0,327.0)
(327.0,327.0)
(327.0,327.0)
(327.0,327.0)
(327.0,327.0)
(327.0,327.0)
(327.0,327.0)
(327.0,327.0)
(327.0,327.0)
(327.0,327.0)
(327.0,327.0)
(327.0,327.0)
(327.0,327.0)
(327.0,327.0)
(327.0,327.0)
(327.0,327.0)
(327.0,327.0)
(327.0,327.0)
(327.0,327.0)
(327.0,327.0)
(327.0,327.0)
(327.0,327.0)
(327.0,327.0)
(327.0,327.0)
(327.0,327.0)
(720.0,327.0)
(327.0,327.0)
(327.0,327.0)
(327.0,327.0)
(327.0,327.0)
(327.0,327.0)
(327.0,327.0)
(327.0,327.0)
(720.0,327.0)
(720.0,327.0)
(327.0,327.0)
(327.0,327.0)
(720.0,327.0)
(327.0,327.0)
(327.0,327.0)
(327.0,327.0)
(327.0,327.0)
(327.0,327.0)
(327.0,327.0)
(327.0,327.0)
(327.0,327.0)
(327.0,327.0)
(327.0,327.0)
(327.0,327.0)
(327.0,327.0)
(327.0,327.0)
(324.0,327.0)
(327.0,327.0)
(327.0,327.0)
(327.0,327.0)
(327.0,327.0)
(327.0,327.0)
(327.0,327.0)
(327.0,327.0)
(327.0,327.0)
(327.0,327.0)
(327.0,327.0)
(327.0,327.0)
(327.0,327.0)
(327.0,327.0)
(327.0,327.0)
(327.0,327.0)
(327.0,327.0)
(327.0,327.0)
(327.0,327.0)
(327.0,327.0)
(327.0,327.0)
(327.0,327.0)
(327.0,327.0)
(327.0,327.0)
(327.0,327.0)
(327.0,327.0)
(327.0,327.0)
(327.0,327.0)
(327.0,327.0)
(327.0,327.0)
(720.0,327.0)
(327.0,327.0)
(327.0,327.0)
(327.0,327.0)
(327.0,327.0)
(327.0,327.0)
(327.0,327.0)
(327.0,327.0)
(327.0,327.0)
(327.0,327.0)
(327.0,327.0)
(327.0,327.0)
(327.0,327.0)
(327.0,327.0)
(327.0,327.0)
(327.0,327.0)
(327.0,327.0)
(327.0,327.0)
(327.0,327.0)
(327.0,327.0)
(327.0,327.0)
(327.0,327.0)
(327.0,327.0)
(327.0,327.0)
(720.0,327.0)
(327.0,327.0)
(327.0,327.0)
(327.0,327.0)
(327.0,327.0)
(327.0,327.0)
(327.0,327.0)
(328.0,328.0)
(719.0,328.0)
(713.0,328.0)
(312.0,328.0)
(713.0,328.0)
(328.0,328.0)
(328.0,328.0)
(719.0,328.0)
(328.0,328.0)
(328.0,328.0)
(713.0,328.0)
(312.0,328.0)
(719.0,328.0)
(719.0,328.0)
(313.0,328.0)
(715.0,328.0)
(328.0,328.0)
(313.0,328.0)
(719.0,328.0)
(312.0,328.0)
(328.0,328.0)
(313.0,328.0)
(723.0,328.0)
(312.0,328.0)
(312.0,328.0)
(312.0,328.0)
(328.0,328.0)
(713.0,328.0)
(313.0,328.0)
(328.0,328.0)
(328.0,328.0)
(313.0,328.0)
(328.0,328.0)
(313.0,328.0)
(719.0,328.0)
(719.0,328.0)
(313.0,328.0)
(328.0,328.0)
(312.0,328.0)
(713.0,328.0)
(328.0,328.0)
(313.0,328.0)
(312.0,328.0)
(313.0,328.0)
(312.0,328.0)
(313.0,328.0)
(713.0,328.0)
(312.0,328.0)
(313.0,328.0)
(328.0,328.0)
(723.0,328.0)
(328.0,328.0)
(313.0,328.0)
(719.0,328.0)
(328.0,328.0)
(719.0,328.0)
(328.0,328.0)
(713.0,328.0)
(719.0,328.0)
(719.0,328.0)
(328.0,328.0)
(313.0,328.0)
(312.0,328.0)
(328.0,328.0)
(723.0,328.0)
(328.0,328.0)
(312.0,328.0)
(313.0,328.0)
(328.0,328.0)
(328.0,328.0)
(713.0,328.0)
(313.0,328.0)
(719.0,328.0)
(328.0,328.0)
(312.0,328.0)
(719.0,328.0)
(313.0,328.0)
(313.0,328.0)
(328.0,328.0)
(312.0,328.0)
(328.0,328.0)
(313.0,328.0)
(713.0,328.0)
(719.0,328.0)
(719.0,328.0)
(313.0,328.0)
(328.0,328.0)
(713.0,328.0)
(713.0,328.0)
(328.0,328.0)
(312.0,328.0)
(313.0,328.0)
(719.0,328.0)
(313.0,328.0)
(313.0,328.0)
(312.0,328.0)
(328.0,328.0)
(713.0,328.0)
(713.0,328.0)
(713.0,328.0)
(713.0,328.0)
(313.0,328.0)
(713.0,328.0)
(328.0,328.0)
(328.0,328.0)
(313.0,328.0)
(723.0,328.0)
(312.0,328.0)
(719.0,328.0)
(328.0,328.0)
(713.0,328.0)
(312.0,328.0)
(328.0,328.0)
(713.0,328.0)
(719.0,328.0)
(328.0,328.0)
(723.0,328.0)
(328.0,328.0)
(312.0,328.0)
(328.0,328.0)
(328.0,328.0)
(719.0,328.0)
(719.0,328.0)
(312.0,328.0)
(713.0,328.0)
(312.0,328.0)
(719.0,328.0)
(312.0,328.0)
(328.0,328.0)
(713.0,328.0)
(723.0,328.0)
(719.0,328.0)
(312.0,328.0)
(328.0,328.0)
(719.0,328.0)
(719.0,328.0)
(313.0,328.0)
(713.0,328.0)
(313.0,328.0)
(312.0,328.0)
(312.0,328.0)
(328.0,328.0)
(312.0,328.0)
(713.0,328.0)
(312.0,328.0)
(328.0,328.0)
(719.0,328.0)
(719.0,328.0)
(313.0,328.0)
(723.0,328.0)
(313.0,328.0)
(713.0,328.0)
(719.0,328.0)
(719.0,328.0)
(719.0,328.0)
(313.0,328.0)
(313.0,328.0)
(312.0,328.0)
(312.0,328.0)
(328.0,328.0)
(719.0,328.0)
(328.0,328.0)
(719.0,328.0)
(312.0,328.0)
(313.0,328.0)
(719.0,328.0)
(713.0,328.0)
(328.0,328.0)
(719.0,328.0)
(328.0,328.0)
(312.0,328.0)
(713.0,330.0)
(335.0,330.0)
(309.0,330.0)
(309.0,330.0)
(713.0,330.0)
(713.0,330.0)
(335.0,330.0)
(713.0,330.0)
(713.0,330.0)
(718.0,330.0)
(309.0,330.0)
(335.0,330.0)
(687.0,330.0)
(335.0,330.0)
(713.0,330.0)
(309.0,330.0)
(309.0,330.0)
(335.0,330.0)
(713.0,330.0)
(713.0,330.0)
(335.0,330.0)
(713.0,330.0)
(713.0,330.0)
(718.0,330.0)
(713.0,330.0)
(713.0,330.0)
(309.0,330.0)
(713.0,330.0)
(713.0,330.0)
(335.0,330.0)
(309.0,330.0)
(687.0,330.0)
(309.0,330.0)
(335.0,330.0)
(713.0,330.0)
(713.0,330.0)
(335.0,330.0)
(713.0,330.0)
(335.0,330.0)
(687.0,330.0)
(713.0,330.0)
(335.0,330.0)
(687.0,330.0)
(335.0,330.0)
(713.0,330.0)
(335.0,330.0)
(713.0,330.0)
(713.0,330.0)
(309.0,330.0)
(713.0,330.0)
(335.0,330.0)
(713.0,330.0)
(309.0,330.0)
(309.0,330.0)
(309.0,330.0)
(713.0,330.0)
(713.0,330.0)
(309.0,330.0)
(309.0,330.0)
(309.0,330.0)
(335.0,330.0)
(335.0,330.0)
(335.0,330.0)
(718.0,330.0)
(309.0,330.0)
(713.0,330.0)
(713.0,330.0)
(335.0,330.0)
(713.0,330.0)
(713.0,330.0)
(713.0,330.0)
(713.0,330.0)
(713.0,330.0)
(718.0,330.0)
(309.0,330.0)
(309.0,330.0)
(687.0,330.0)
(713.0,330.0)
(335.0,330.0)
(309.0,330.0)
(713.0,330.0)
(713.0,330.0)
(335.0,330.0)
(713.0,330.0)
(713.0,330.0)
(713.0,330.0)
(335.0,330.0)
(309.0,330.0)
(309.0,330.0)
(718.0,330.0)
(713.0,330.0)
(335.0,330.0)
(713.0,330.0)
(713.0,330.0)
(713.0,330.0)
(335.0,330.0)
(309.0,330.0)
(713.0,330.0)
(309.0,330.0)
(713.0,330.0)
(309.0,330.0)
(335.0,330.0)
(713.0,330.0)
(335.0,330.0)
(713.0,330.0)
(713.0,330.0)
(713.0,330.0)
(309.0,330.0)
(309.0,330.0)
(713.0,330.0)
(718.0,330.0)
(713.0,330.0)
(335.0,330.0)
(713.0,330.0)
(335.0,330.0)
(335.0,330.0)
(687.0,330.0)
(713.0,330.0)
(309.0,330.0)
(309.0,330.0)
(713.0,330.0)
(718.0,330.0)
(713.0,330.0)
(713.0,330.0)
(335.0,330.0)
(713.0,330.0)
(335.0,330.0)
(309.0,330.0)
(713.0,330.0)
(713.0,330.0)
(309.0,330.0)
(335.0,330.0)
(687.0,330.0)
(335.0,330.0)
(713.0,330.0)
(713.0,330.0)
(713.0,330.0)
(687.0,330.0)
(713.0,330.0)
(687.0,330.0)
(687.0,330.0)
(309.0,330.0)
(309.0,330.0)
(309.0,330.0)
(713.0,330.0)
(636.0,331.0)
(715.0,331.0)
(278.0,331.0)
(707.0,331.0)
(278.0,331.0)
(327.0,331.0)
(327.0,331.0)
(707.0,331.0)
(713.0,331.0)
(713.0,331.0)
(327.0,331.0)
(328.0,331.0)
(278.0,331.0)
(707.0,331.0)
(707.0,331.0)
(707.0,331.0)
(715.0,331.0)
(715.0,331.0)
(713.0,331.0)
(636.0,331.0)
(285.0,331.0)
(715.0,331.0)
(715.0,331.0)
(278.0,331.0)
(328.0,331.0)
(715.0,331.0)
(636.0,331.0)
(278.0,331.0)
(707.0,331.0)
(707.0,331.0)
(715.0,331.0)
(713.0,331.0)
(328.0,331.0)
(278.0,331.0)
(636.0,331.0)
(715.0,331.0)
(328.0,331.0)
(327.0,331.0)
(636.0,331.0)
(636.0,331.0)
(715.0,331.0)
(715.0,331.0)
(707.0,331.0)
(285.0,331.0)
(715.0,331.0)
(327.0,331.0)
(707.0,331.0)
(278.0,331.0)
(636.0,331.0)
(715.0,331.0)
(707.0,331.0)
(715.0,331.0)
(707.0,331.0)
(636.0,331.0)
(278.0,331.0)
(707.0,331.0)
(707.0,331.0)
(707.0,331.0)
(713.0,331.0)
(715.0,331.0)
(707.0,331.0)
(327.0,331.0)
(715.0,331.0)
(636.0,331.0)
(636.0,331.0)
(715.0,331.0)
(327.0,331.0)
(707.0,331.0)
(327.0,331.0)
(278.0,331.0)
(715.0,331.0)
(715.0,331.0)
(328.0,331.0)
(636.0,331.0)
(715.0,331.0)
(715.0,331.0)
(707.0,331.0)
(636.0,331.0)
(715.0,331.0)
(707.0,331.0)
(707.0,331.0)
(278.0,331.0)
(707.0,331.0)
(707.0,331.0)
(278.0,331.0)
(715.0,331.0)
(636.0,331.0)
(707.0,331.0)
(707.0,331.0)
(707.0,331.0)
(636.0,331.0)
(636.0,331.0)
(636.0,331.0)
(707.0,331.0)
(327.0,331.0)
(636.0,331.0)
(278.0,331.0)
(715.0,331.0)
(715.0,331.0)
(715.0,331.0)
(715.0,331.0)
(636.0,331.0)
(278.0,331.0)
(278.0,331.0)
(327.0,331.0)
(713.0,331.0)
(707.0,331.0)
(636.0,331.0)
(715.0,331.0)
(636.0,331.0)
(636.0,331.0)
(707.0,331.0)
(327.0,331.0)
(278.0,331.0)
(278.0,331.0)
(713.0,331.0)
(715.0,331.0)
(278.0,331.0)
(278.0,331.0)
(636.0,331.0)
(278.0,331.0)
(327.0,331.0)
(636.0,331.0)
(636.0,331.0)
(278.0,331.0)
(707.0,331.0)
(715.0,331.0)
(327.0,331.0)
(715.0,331.0)
(278.0,331.0)
(707.0,331.0)
(707.0,331.0)
(327.0,331.0)
(347.0,331.0)
(327.0,331.0)
(327.0,331.0)
(707.0,331.0)
(327.0,331.0)
(327.0,331.0)
(715.0,331.0)
(715.0,331.0)
(715.0,331.0)
(713.0,331.0)
(707.0,331.0)
(278.0,331.0)
(707.0,331.0)
(707.0,331.0)
(707.0,331.0)
(636.0,331.0)
(278.0,331.0)
(278.0,331.0)
(707.0,331.0)
(707.0,331.0)
(328.0,331.0)
(715.0,331.0)
(715.0,331.0)
(636.0,331.0)
(278.0,331.0)
(636.0,331.0)
(707.0,331.0)
(707.0,331.0)
(636.0,331.0)
(707.0,331.0)
(278.0,331.0)
(707.0,331.0)
(707.0,331.0)
(328.0,331.0)
(707.0,331.0)
(707.0,331.0)
(707.0,331.0)
(715.0,331.0)
(636.0,331.0)
(713.0,331.0)
(707.0,331.0)
(715.0,331.0)
(636.0,331.0)
(278.0,331.0)
(715.0,331.0)
(715.0,331.0)
(715.0,331.0)
(636.0,331.0)
(636.0,331.0)
(707.0,331.0)
(707.0,331.0)
(636.0,331.0)
(707.0,331.0)
(328.0,331.0)
(715.0,331.0)
(707.0,331.0)
(713.0,331.0)
(715.0,331.0)
(278.0,331.0)
(713.0,331.0)
(312.0,331.0)
(715.0,331.0)
(329.0,329.0)
(329.0,329.0)
(329.0,329.0)
(329.0,329.0)
(329.0,329.0)
(329.0,329.0)
(329.0,329.0)
(329.0,329.0)
(329.0,329.0)
(329.0,329.0)
(329.0,329.0)
(194.0,329.0)
(329.0,329.0)
(329.0,329.0)
(329.0,329.0)
(194.0,329.0)
(329.0,329.0)
(329.0,329.0)
(329.0,329.0)
(329.0,329.0)
(329.0,329.0)
(329.0,329.0)
(329.0,329.0)
(329.0,329.0)
(329.0,329.0)
(329.0,329.0)
(329.0,329.0)
(329.0,329.0)
(329.0,329.0)
(329.0,329.0)
(329.0,329.0)
(329.0,329.0)
(329.0,329.0)
(329.0,329.0)
(329.0,329.0)
(329.0,329.0)
(329.0,329.0)
(329.0,329.0)
(329.0,329.0)
(329.0,329.0)
(329.0,329.0)
(329.0,329.0)
(194.0,329.0)
(329.0,329.0)
(329.0,329.0)
(329.0,329.0)
(329.0,329.0)
(329.0,329.0)
(329.0,329.0)
(329.0,329.0)
(329.0,329.0)
(329.0,329.0)
(329.0,329.0)
(329.0,329.0)
(329.0,329.0)
(329.0,329.0)
(329.0,329.0)
(329.0,329.0)
(329.0,329.0)
(329.0,329.0)
(329.0,329.0)
(329.0,329.0)
(329.0,329.0)
(329.0,329.0)
(329.0,329.0)
(329.0,329.0)
(329.0,329.0)
(329.0,329.0)
(329.0,329.0)
(329.0,329.0)
(329.0,329.0)
(329.0,329.0)
(329.0,329.0)
(329.0,329.0)
(194.0,329.0)
(329.0,329.0)
(329.0,329.0)
(329.0,329.0)
(329.0,329.0)
(719.0,329.0)
(329.0,329.0)
(329.0,329.0)
(329.0,329.0)
(194.0,329.0)
(329.0,329.0)
(329.0,329.0)
(329.0,329.0)
(329.0,329.0)
(329.0,329.0)
(329.0,329.0)
(329.0,329.0)
(329.0,329.0)
(329.0,329.0)
(329.0,329.0)
(194.0,329.0)
(194.0,329.0)
(329.0,329.0)
(329.0,329.0)
(329.0,329.0)
(329.0,329.0)
(329.0,329.0)
(329.0,329.0)
(329.0,329.0)
(329.0,329.0)
(329.0,329.0)
(329.0,329.0)
(194.0,329.0)
(329.0,329.0)
(329.0,329.0)
(329.0,329.0)
(329.0,329.0)
(329.0,329.0)
(329.0,329.0)
(329.0,329.0)
(329.0,329.0)
(329.0,329.0)
(329.0,329.0)
(329.0,329.0)
(329.0,329.0)
(329.0,329.0)
(194.0,329.0)
(329.0,329.0)
(329.0,329.0)
(194.0,329.0)
(329.0,329.0)
(329.0,329.0)
(329.0,329.0)
(713.0,330.0)
(713.0,330.0)
(713.0,330.0)
(715.0,330.0)
(302.0,330.0)
(617.0,330.0)
(723.0,330.0)
(713.0,330.0)
(713.0,330.0)
(713.0,330.0)
(302.0,330.0)
(713.0,330.0)
(715.0,330.0)
(302.0,330.0)
(302.0,330.0)
(713.0,330.0)
(713.0,330.0)
(302.0,330.0)
(302.0,330.0)
(617.0,330.0)
(713.0,330.0)
(302.0,330.0)
(713.0,330.0)
(713.0,330.0)
(713.0,330.0)
(713.0,330.0)
(713.0,330.0)
(713.0,330.0)
(715.0,330.0)
(713.0,330.0)
(713.0,330.0)
(302.0,330.0)
(302.0,330.0)
(302.0,330.0)
(713.0,330.0)
(713.0,330.0)
(713.0,330.0)
(302.0,330.0)
(302.0,330.0)
(713.0,330.0)
(713.0,330.0)
(302.0,330.0)
(713.0,330.0)
(302.0,330.0)
(302.0,330.0)
(302.0,330.0)
(713.0,330.0)
(302.0,330.0)
(713.0,330.0)
(305.0,696.0)
(417.0,696.0)
(305.0,696.0)
(286.0,696.0)
(287.0,696.0)
(309.0,696.0)
(723.0,696.0)
(262.0,696.0)
(613.0,696.0)
(287.0,696.0)
(613.0,696.0)
(309.0,696.0)
(354.0,696.0)
(280.0,696.0)
(305.0,696.0)
(613.0,696.0)
(613.0,696.0)
(723.0,696.0)
(395.0,696.0)
(613.0,696.0)
(305.0,696.0)
(305.0,696.0)
(305.0,696.0)
(519.0,696.0)
(305.0,696.0)
(314.0,696.0)
(219.0,696.0)
(613.0,696.0)
(45.0,696.0)
(708.0,696.0)
(309.0,696.0)
(39.0,696.0)
(305.0,696.0)
(305.0,696.0)
(286.0,696.0)
(328.0,696.0)
(613.0,696.0)
(706.0,696.0)
(305.0,696.0)
(305.0,696.0)
(287.0,696.0)
(613.0,696.0)
(212.0,696.0)
(406.0,696.0)
(305.0,696.0)
(287.0,696.0)
(723.0,696.0)
(519.0,696.0)
(519.0,696.0)
(287.0,696.0)
(309.0,696.0)
(723.0,696.0)
(417.0,696.0)
(417.0,696.0)
(613.0,696.0)
(305.0,696.0)
(708.0,696.0)
(692.0,696.0)
(519.0,696.0)
(309.0,696.0)
(287.0,696.0)
(309.0,696.0)
(309.0,696.0)
(305.0,696.0)
(305.0,696.0)
(287.0,696.0)
(723.0,696.0)
(305.0,696.0)
(309.0,696.0)
(613.0,696.0)
(613.0,696.0)
(287.0,696.0)
(305.0,696.0)
(613.0,696.0)
(472.0,696.0)
(18.0,696.0)
(784.0,696.0)
(613.0,696.0)
(287.0,696.0)
(305.0,696.0)
(354.0,696.0)
(287.0,696.0)
(613.0,696.0)
(40.0,696.0)
(39.0,696.0)
(519.0,696.0)
(328.0,696.0)
(305.0,696.0)
(305.0,696.0)
(613.0,696.0)
(309.0,696.0)
(723.0,696.0)
(613.0,696.0)
(613.0,696.0)
(613.0,696.0)
(417.0,696.0)
(305.0,696.0)
(327.0,696.0)
(309.0,696.0)
(286.0,696.0)
(613.0,696.0)
(287.0,696.0)
(395.0,696.0)
(287.0,696.0)
(335.0,696.0)
(212.0,696.0)
(212.0,696.0)
(613.0,696.0)
(287.0,696.0)
(305.0,696.0)
(380.0,696.0)
(287.0,696.0)
(613.0,696.0)
(31.0,696.0)
(723.0,696.0)
(287.0,696.0)
(395.0,696.0)
(31.0,696.0)
(323.0,696.0)
(305.0,696.0)
(723.0,696.0)
(305.0,696.0)
(519.0,696.0)
(380.0,696.0)
(395.0,696.0)
(305.0,696.0)
(613.0,696.0)
(395.0,696.0)
(613.0,696.0)
(286.0,696.0)
(354.0,696.0)
(31.0,696.0)
(323.0,696.0)
(287.0,696.0)
(305.0,696.0)
(305.0,696.0)
(417.0,696.0)
(417.0,696.0)
(613.0,696.0)
(309.0,696.0)
(286.0,696.0)
(413.0,696.0)
(327.0,696.0)
(305.0,696.0)
(287.0,696.0)
(305.0,696.0)
(305.0,696.0)
(305.0,696.0)
(305.0,696.0)
(287.0,696.0)
(723.0,696.0)
(613.0,696.0)
(305.0,696.0)
(286.0,696.0)
(380.0,696.0)
(305.0,696.0)
(713.0,696.0)
(371.0,696.0)
(288.0,696.0)
(613.0,696.0)
(287.0,696.0)
(338.0,696.0)
(38.0,696.0)
(395.0,696.0)
(39.0,696.0)
(613.0,696.0)
(212.0,696.0)
(417.0,696.0)
(45.0,696.0)
(613.0,696.0)
(305.0,696.0)
(723.0,696.0)
(723.0,696.0)
(613.0,696.0)
(328.0,696.0)
(239.0,696.0)
(305.0,696.0)
(309.0,696.0)
(723.0,696.0)
(305.0,696.0)
(309.0,696.0)
(305.0,696.0)
(613.0,696.0)
(645.0,696.0)
(305.0,696.0)
(212.0,696.0)
(519.0,696.0)
(305.0,696.0)
(613.0,696.0)
(31.0,696.0)
(613.0,696.0)
(287.0,696.0)
(519.0,696.0)
(305.0,696.0)
(723.0,696.0)
(212.0,696.0)
(305.0,696.0)
(613.0,696.0)
(309.0,696.0)
(287.0,696.0)
(309.0,696.0)
(519.0,696.0)
(305.0,696.0)
(305.0,696.0)
(305.0,696.0)
(613.0,696.0)
(305.0,696.0)
(287.0,696.0)
(309.0,696.0)
(613.0,696.0)
(354.0,696.0)
(531.0,696.0)
(305.0,696.0)
(286.0,696.0)
(287.0,696.0)
(723.0,696.0)
(287.0,696.0)
(287.0,696.0)
(287.0,696.0)
(723.0,696.0)
(699.0,333.0)
(334.0,333.0)
(297.0,333.0)
(334.0,333.0)
(297.0,333.0)
(699.0,333.0)
(334.0,333.0)
(335.0,333.0)
(334.0,333.0)
(334.0,333.0)
(699.0,333.0)
(334.0,333.0)
(297.0,333.0)
(332.0,333.0)
(334.0,333.0)
(334.0,333.0)
(297.0,333.0)
(335.0,333.0)
(334.0,333.0)
(684.0,333.0)
(335.0,333.0)
(335.0,333.0)
(297.0,333.0)
(334.0,333.0)
(335.0,333.0)
(335.0,333.0)
(335.0,333.0)
(684.0,333.0)
(334.0,333.0)
(334.0,333.0)
(334.0,333.0)
(334.0,333.0)
(334.0,333.0)
(297.0,333.0)
(335.0,333.0)
(334.0,333.0)
(334.0,333.0)
(699.0,333.0)
(335.0,333.0)
(335.0,333.0)
(334.0,333.0)
(297.0,333.0)
(334.0,333.0)
(335.0,333.0)
(334.0,333.0)
(334.0,333.0)
(278.0,333.0)
(699.0,333.0)
(335.0,333.0)
(334.0,333.0)
(334.0,333.0)
(334.0,333.0)
(335.0,333.0)
(278.0,333.0)
(334.0,333.0)
(332.0,333.0)
(332.0,333.0)
(334.0,333.0)
(335.0,333.0)
(332.0,333.0)
(334.0,333.0)
(278.0,333.0)
(334.0,333.0)
(335.0,333.0)
(335.0,333.0)
(335.0,333.0)
(335.0,333.0)
(334.0,333.0)
(297.0,333.0)
(297.0,333.0)
(297.0,333.0)
(699.0,333.0)
(335.0,333.0)
(334.0,333.0)
(334.0,333.0)
(684.0,333.0)
(334.0,333.0)
(334.0,333.0)
(334.0,333.0)
(335.0,333.0)
(699.0,333.0)
(334.0,333.0)
(297.0,333.0)
(335.0,333.0)
(335.0,333.0)
(335.0,333.0)
(335.0,333.0)
(334.0,333.0)
(335.0,333.0)
(332.0,333.0)
(335.0,333.0)
(335.0,333.0)
(699.0,333.0)
(334.0,333.0)
(334.0,333.0)
(335.0,333.0)
(297.0,333.0)
(297.0,333.0)
(297.0,333.0)
(334.0,333.0)
(334.0,333.0)
(699.0,333.0)
(684.0,333.0)
(297.0,333.0)
(334.0,333.0)
(664.0,333.0)
(334.0,333.0)
(335.0,333.0)
(278.0,333.0)
(335.0,333.0)
(335.0,333.0)
(334.0,333.0)
(334.0,333.0)
(297.0,333.0)
(297.0,333.0)
(332.0,333.0)
(334.0,333.0)
(297.0,333.0)
(297.0,333.0)
(335.0,333.0)
(684.0,333.0)
(334.0,333.0)
(699.0,333.0)
(335.0,333.0)
(684.0,333.0)
(334.0,333.0)
(297.0,333.0)
(334.0,333.0)
(334.0,333.0)
(297.0,333.0)
(334.0,333.0)
(334.0,333.0)
(699.0,333.0)
(297.0,333.0)
(684.0,333.0)
(334.0,333.0)
(684.0,333.0)
(699.0,333.0)
(334.0,333.0)
(334.0,333.0)
(334.0,333.0)
(297.0,333.0)
(334.0,333.0)
(334.0,333.0)
(334.0,333.0)
(334.0,333.0)
(297.0,333.0)
(699.0,333.0)
(335.0,333.0)
(334.0,333.0)
(335.0,333.0)
(684.0,333.0)
(684.0,333.0)
(334.0,333.0)
(334.0,333.0)
(334.0,333.0)
(297.0,333.0)
(297.0,333.0)
(335.0,333.0)
(297.0,333.0)
(335.0,333.0)
(334.0,333.0)
(334.0,333.0)
(699.0,333.0)
(334.0,333.0)
(297.0,333.0)
(334.0,333.0)
(332.0,333.0)
(334.0,333.0)
(335.0,333.0)
(332.0,333.0)
(332.0,333.0)
(297.0,333.0)
(335.0,333.0)
(664.0,333.0)
(334.0,333.0)
(334.0,333.0)
(335.0,333.0)
(297.0,333.0)
(334.0,333.0)
(278.0,333.0)
(335.0,333.0)
(335.0,333.0)
(335.0,333.0)
(334.0,333.0)
(334.0,333.0)
(334.0,333.0)
(278.0,333.0)
(334.0,333.0)
(278.0,333.0)
(334.0,333.0)
(335.0,333.0)
(297.0,333.0)
(297.0,333.0)
(334.0,333.0)
(699.0,333.0)
(297.0,333.0)
(699.0,333.0)
(334.0,333.0)
(278.0,333.0)
(335.0,332.0)
(334.0,332.0)
(335.0,332.0)
(334.0,332.0)
(335.0,332.0)
(334.0,332.0)
(334.0,332.0)
(335.0,332.0)
(332.0,332.0)
(334.0,332.0)
(332.0,332.0)
(332.0,332.0)
(334.0,332.0)
(334.0,332.0)
(334.0,332.0)
(334.0,332.0)
(332.0,332.0)
(334.0,332.0)
(335.0,332.0)
(332.0,332.0)
(335.0,332.0)
(334.0,332.0)
(335.0,332.0)
(334.0,332.0)
(334.0,332.0)
(335.0,332.0)
(334.0,332.0)
(332.0,332.0)
(334.0,332.0)
(334.0,332.0)
(335.0,332.0)
(335.0,332.0)
(332.0,332.0)
(332.0,332.0)
(335.0,332.0)
(334.0,332.0)
(332.0,332.0)
(334.0,332.0)
(334.0,332.0)
(334.0,332.0)
(334.0,332.0)
(332.0,332.0)
(335.0,332.0)
(335.0,332.0)
(332.0,332.0)
(335.0,332.0)
(334.0,332.0)
(332.0,332.0)
(332.0,332.0)
(335.0,332.0)
(334.0,332.0)
(334.0,332.0)
(332.0,332.0)
(334.0,332.0)
(334.0,332.0)
(334.0,332.0)
(332.0,332.0)
(332.0,332.0)
(332.0,332.0)
(334.0,332.0)
(332.0,332.0)
(334.0,332.0)
(335.0,332.0)
(332.0,332.0)
(334.0,332.0)
(334.0,332.0)
(334.0,332.0)
(335.0,332.0)
(334.0,332.0)
(334.0,332.0)
(334.0,332.0)
(334.0,332.0)
(335.0,332.0)
(334.0,332.0)
(334.0,332.0)
(334.0,332.0)
(334.0,332.0)
(335.0,332.0)
(334.0,332.0)
(334.0,332.0)
(332.0,332.0)
(332.0,332.0)
(335.0,332.0)
(334.0,332.0)
(335.0,332.0)
(334.0,332.0)
(334.0,332.0)
(334.0,332.0)
(332.0,332.0)
(334.0,332.0)
(332.0,332.0)
(332.0,332.0)
(332.0,332.0)
(334.0,332.0)
(334.0,332.0)
(335.0,332.0)
(334.0,332.0)
(334.0,332.0)
(334.0,332.0)
(335.0,332.0)
(334.0,332.0)
(335.0,332.0)
(332.0,332.0)
(278.0,332.0)
(278.0,332.0)
(278.0,332.0)
(332.0,332.0)
(332.0,332.0)
(278.0,332.0)
(332.0,332.0)
(332.0,332.0)
(278.0,332.0)
(278.0,332.0)
(278.0,332.0)
(278.0,332.0)
(278.0,332.0)
(332.0,332.0)
(332.0,332.0)
(335.0,332.0)
(332.0,332.0)
(278.0,332.0)
(332.0,332.0)
(335.0,332.0)
(332.0,332.0)
(335.0,332.0)
(332.0,332.0)
(332.0,332.0)
(332.0,332.0)
(332.0,332.0)
(332.0,332.0)
(278.0,332.0)
(332.0,332.0)
(278.0,332.0)
(332.0,332.0)
(335.0,332.0)
(332.0,332.0)
(278.0,332.0)
(278.0,332.0)
(332.0,332.0)
(335.0,332.0)
(278.0,332.0)
(278.0,332.0)
(332.0,332.0)
(335.0,332.0)
(332.0,332.0)
(332.0,332.0)
(332.0,332.0)
(332.0,332.0)
(278.0,332.0)
(278.0,332.0)
(332.0,332.0)
(332.0,332.0)
(332.0,332.0)
(335.0,332.0)
(332.0,332.0)
(332.0,332.0)
(332.0,332.0)
(278.0,332.0)
(278.0,332.0)
(332.0,332.0)
(278.0,332.0)
(332.0,332.0)
(278.0,332.0)
(332.0,332.0)
(332.0,332.0)
(332.0,332.0)
(332.0,332.0)
(332.0,332.0)
(335.0,332.0)
(287.0,332.0)
(278.0,332.0)
(278.0,332.0)
(332.0,332.0)
(335.0,332.0)
(278.0,332.0)
(332.0,332.0)
(332.0,332.0)
(278.0,332.0)
(332.0,332.0)
(332.0,332.0)
(332.0,332.0)
(335.0,332.0)
(278.0,332.0)
(278.0,332.0)
(335.0,332.0)
(332.0,332.0)
(335.0,332.0)
(332.0,332.0)
(332.0,332.0)
(332.0,332.0)
(335.0,332.0)
(278.0,332.0)
(332.0,332.0)
(278.0,332.0)
(332.0,332.0)
(278.0,332.0)
(278.0,332.0)
(332.0,332.0)
(278.0,332.0)
(332.0,332.0)
(332.0,332.0)
(335.0,332.0)
(335.0,332.0)
(335.0,332.0)
(332.0,332.0)
(335.0,332.0)
(335.0,332.0)
(278.0,332.0)
(332.0,332.0)
(278.0,332.0)
(335.0,332.0)
(332.0,332.0)
(278.0,332.0)
(332.0,332.0)
(332.0,332.0)
(278.0,332.0)
(332.0,332.0)
(278.0,332.0)
(278.0,332.0)
(332.0,332.0)
(332.0,332.0)
(278.0,332.0)
(278.0,332.0)
(278.0,332.0)
(278.0,332.0)
(332.0,332.0)
(332.0,332.0)
(332.0,332.0)
(278.0,332.0)
(332.0,332.0)
(278.0,332.0)
(278.0,332.0)
(278.0,332.0)
(278.0,332.0)
(335.0,332.0)
(332.0,332.0)
(335.0,332.0)
(332.0,332.0)
(335.0,332.0)
(332.0,332.0)
(332.0,332.0)
(332.0,332.0)
(332.0,332.0)
(335.0,332.0)
(332.0,332.0)
(332.0,332.0)
(332.0,332.0)
(332.0,332.0)
(335.0,332.0)
(335.0,332.0)
(332.0,332.0)
(332.0,332.0)
(332.0,332.0)
(332.0,332.0)
(332.0,332.0)
(332.0,332.0)
(335.0,332.0)
(332.0,332.0)
(332.0,332.0)
(332.0,332.0)
(332.0,332.0)
(332.0,332.0)
(332.0,332.0)
(332.0,332.0)
(332.0,332.0)
(335.0,332.0)
(332.0,332.0)
(335.0,332.0)
(332.0,332.0)
(332.0,332.0)
(332.0,332.0)
(332.0,332.0)
(335.0,332.0)
(332.0,332.0)
(332.0,332.0)
(332.0,332.0)
(332.0,332.0)
(332.0,332.0)
(335.0,332.0)
(332.0,332.0)
(332.0,332.0)
(332.0,332.0)
(332.0,332.0)
(332.0,332.0)
(332.0,332.0)
(332.0,332.0)
(332.0,332.0)
(332.0,332.0)
(335.0,332.0)
(332.0,332.0)
(332.0,332.0)
(332.0,332.0)
(332.0,332.0)
(332.0,332.0)
(332.0,332.0)
(332.0,332.0)
(332.0,332.0)
(335.0,332.0)
(332.0,332.0)
(332.0,332.0)
(332.0,332.0)
(332.0,332.0)
(332.0,332.0)
(332.0,332.0)
(332.0,332.0)
(332.0,332.0)
(332.0,332.0)
(332.0,332.0)
(335.0,332.0)
(332.0,332.0)
(332.0,332.0)
(332.0,332.0)
(332.0,332.0)
(332.0,332.0)
(332.0,332.0)
(332.0,332.0)
(332.0,332.0)
(332.0,332.0)
(332.0,332.0)
(332.0,332.0)
(332.0,332.0)
(332.0,332.0)
(332.0,332.0)
(332.0,332.0)
(332.0,332.0)
(332.0,332.0)
(332.0,332.0)
(332.0,332.0)
(335.0,332.0)
(332.0,332.0)
(335.0,332.0)
(332.0,332.0)
(332.0,332.0)
(332.0,332.0)
(332.0,332.0)
(332.0,332.0)
(332.0,332.0)
(332.0,332.0)
(335.0,332.0)
(332.0,332.0)
(332.0,332.0)
(332.0,332.0)
(335.0,332.0)
(332.0,332.0)
(332.0,332.0)
(332.0,332.0)
(332.0,332.0)
(332.0,332.0)
(332.0,332.0)
(332.0,332.0)
(332.0,332.0)
(332.0,332.0)
(335.0,332.0)
(332.0,332.0)
(332.0,332.0)
(332.0,332.0)
(332.0,332.0)
(335.0,332.0)
(335.0,332.0)
(335.0,332.0)
(332.0,332.0)
(332.0,332.0)
(332.0,332.0)
(335.0,332.0)
(332.0,332.0)
(335.0,332.0)
(332.0,332.0)
(332.0,332.0)
(332.0,332.0)
(332.0,332.0)
(332.0,332.0)
(332.0,332.0)
(332.0,332.0)
(335.0,332.0)
(332.0,332.0)
(335.0,332.0)
(334.0,332.0)
(335.0,332.0)
(334.0,332.0)
(334.0,332.0)
(332.0,332.0)
(332.0,332.0)
(332.0,332.0)
(334.0,332.0)
(334.0,332.0)
(335.0,332.0)
(332.0,332.0)
(332.0,332.0)
(334.0,332.0)
(335.0,332.0)
(332.0,332.0)
(332.0,332.0)
(278.0,332.0)
(335.0,332.0)
(335.0,332.0)
(335.0,332.0)
(334.0,332.0)
(335.0,332.0)
(332.0,332.0)
(335.0,332.0)
(280.0,332.0)
(334.0,332.0)
(334.0,332.0)
(334.0,332.0)
(332.0,332.0)
(334.0,332.0)
(335.0,332.0)
(335.0,332.0)
(332.0,332.0)
(334.0,332.0)
(335.0,332.0)
(335.0,332.0)
(335.0,332.0)
(332.0,332.0)
(332.0,332.0)
(332.0,332.0)
(332.0,332.0)
(334.0,332.0)
(334.0,332.0)
(335.0,332.0)
(335.0,332.0)
(332.0,332.0)
(334.0,332.0)
(332.0,332.0)
(334.0,332.0)
(335.0,332.0)
(335.0,332.0)
(334.0,332.0)
(332.0,332.0)
(332.0,332.0)
(332.0,332.0)
(332.0,332.0)
(332.0,332.0)
(334.0,332.0)
(278.0,332.0)
(332.0,332.0)
(335.0,332.0)
(335.0,332.0)
(335.0,332.0)
(335.0,332.0)
(334.0,332.0)
(335.0,332.0)
(335.0,332.0)
(332.0,332.0)
(334.0,332.0)
(335.0,332.0)
(334.0,332.0)
(334.0,332.0)
(278.0,332.0)
(334.0,332.0)
(334.0,332.0)
(332.0,332.0)
(335.0,332.0)
(335.0,332.0)
(334.0,332.0)
(335.0,332.0)
(332.0,332.0)
(335.0,332.0)
(332.0,332.0)
(335.0,332.0)
(334.0,332.0)
(332.0,332.0)
(332.0,332.0)
(335.0,332.0)
(335.0,332.0)
(335.0,332.0)
(334.0,332.0)
(334.0,332.0)
(335.0,332.0)
(335.0,332.0)
(332.0,332.0)
(332.0,332.0)
(332.0,332.0)
(332.0,332.0)
(335.0,332.0)
(335.0,332.0)
(335.0,332.0)
(334.0,332.0)
(332.0,332.0)
(334.0,332.0)
(335.0,332.0)
(332.0,332.0)
(335.0,332.0)
(335.0,332.0)
(334.0,332.0)
(334.0,332.0)
(652.0,332.0)
(335.0,332.0)
(332.0,332.0)
(332.0,332.0)
(335.0,332.0)
(335.0,332.0)
(335.0,332.0)
(335.0,332.0)
(334.0,332.0)
(335.0,332.0)
(335.0,332.0)
(278.0,332.0)
(334.0,332.0)
(335.0,332.0)
(334.0,332.0)
(332.0,332.0)
(335.0,332.0)
(334.0,332.0)
(332.0,332.0)
(334.0,332.0)
(335.0,332.0)
(332.0,332.0)
(334.0,332.0)
(278.0,332.0)
(334.0,332.0)
(334.0,332.0)
(334.0,332.0)
(334.0,332.0)
(332.0,332.0)
(332.0,332.0)
(334.0,332.0)
(332.0,332.0)
(334.0,332.0)
(335.0,332.0)
(334.0,332.0)
(332.0,332.0)
(334.0,332.0)
(335.0,332.0)
(335.0,332.0)
(280.0,332.0)
(332.0,332.0)
(334.0,332.0)
(334.0,332.0)
(335.0,332.0)
(332.0,332.0)
(335.0,332.0)
(335.0,332.0)
(335.0,332.0)
(334.0,332.0)
(334.0,332.0)
(335.0,332.0)
(334.0,332.0)
(335.0,332.0)
(334.0,332.0)
(332.0,332.0)
(334.0,332.0)
(332.0,332.0)
(332.0,332.0)
(332.0,332.0)
(332.0,332.0)
(335.0,332.0)
(332.0,332.0)
(334.0,332.0)
(332.0,332.0)
(335.0,332.0)
(335.0,332.0)
(332.0,332.0)
(332.0,332.0)
(332.0,332.0)
(335.0,332.0)
(335.0,332.0)
(334.0,332.0)
(334.0,332.0)
(335.0,332.0)
(332.0,332.0)
(334.0,332.0)
(332.0,332.0)
(334.0,332.0)
(332.0,332.0)
(332.0,332.0)
(335.0,332.0)
(332.0,332.0)
(334.0,332.0)
(332.0,332.0)
(334.0,332.0)
(334.0,332.0)
(335.0,332.0)
(332.0,332.0)
(332.0,332.0)
(332.0,332.0)
(332.0,332.0)
(332.0,332.0)
(332.0,332.0)
(332.0,332.0)
(332.0,332.0)
(332.0,332.0)
(332.0,332.0)
(332.0,332.0)
(332.0,332.0)
(332.0,332.0)
(332.0,332.0)
(332.0,332.0)
(332.0,332.0)
(332.0,332.0)
(332.0,332.0)
(332.0,332.0)
(332.0,332.0)
(332.0,332.0)
(332.0,332.0)
(332.0,332.0)
(332.0,332.0)
(332.0,332.0)
(332.0,332.0)
(332.0,332.0)
(332.0,332.0)
(332.0,332.0)
(332.0,332.0)
(332.0,332.0)
(332.0,332.0)
(332.0,332.0)
(332.0,332.0)
(332.0,332.0)
(332.0,332.0)
(332.0,332.0)
(332.0,332.0)
(332.0,332.0)
(332.0,332.0)
(332.0,332.0)
(332.0,332.0)
(332.0,332.0)
(280.0,332.0)
(332.0,332.0)
(332.0,332.0)
(332.0,332.0)
(332.0,332.0)
(332.0,332.0)
(332.0,332.0)
(332.0,332.0)
(332.0,332.0)
(332.0,332.0)
(332.0,332.0)
(332.0,332.0)
(332.0,332.0)
(332.0,332.0)
(332.0,332.0)
(332.0,332.0)
(332.0,332.0)
(332.0,332.0)
(332.0,332.0)
(332.0,332.0)
(332.0,332.0)
(332.0,332.0)
(332.0,332.0)
(332.0,332.0)
(332.0,332.0)
(332.0,332.0)
(332.0,332.0)
(332.0,332.0)
(332.0,332.0)
(332.0,332.0)
(332.0,332.0)
(332.0,332.0)
(332.0,332.0)
(332.0,332.0)
(332.0,332.0)
(332.0,332.0)
(332.0,332.0)
(332.0,332.0)
(332.0,332.0)
(332.0,332.0)
(332.0,332.0)
(332.0,332.0)
(332.0,332.0)
(332.0,332.0)
(332.0,332.0)
(332.0,332.0)
(332.0,332.0)
(332.0,332.0)
(332.0,332.0)
(332.0,332.0)
(332.0,332.0)
(332.0,332.0)
(332.0,332.0)
(332.0,332.0)
(332.0,332.0)
(332.0,332.0)
(332.0,332.0)
(332.0,332.0)
(332.0,332.0)
(332.0,332.0)
(332.0,332.0)
(332.0,332.0)
(332.0,332.0)
(332.0,332.0)
(332.0,332.0)
(332.0,332.0)
(332.0,332.0)
(332.0,332.0)
(332.0,332.0)
(332.0,332.0)
(332.0,332.0)
(332.0,332.0)
(332.0,332.0)
(332.0,332.0)
(332.0,332.0)
(332.0,332.0)
(332.0,332.0)
(332.0,332.0)
(332.0,332.0)
(332.0,332.0)
(332.0,332.0)
(332.0,332.0)
(332.0,332.0)
(278.0,332.0)
(335.0,332.0)
(335.0,332.0)
(332.0,332.0)
(332.0,332.0)
(335.0,332.0)
(332.0,332.0)
(332.0,332.0)
(335.0,332.0)
(335.0,332.0)
(278.0,332.0)
(278.0,332.0)
(335.0,332.0)
(332.0,332.0)
(332.0,332.0)
(335.0,332.0)
(332.0,332.0)
(332.0,332.0)
(278.0,332.0)
(332.0,332.0)
(335.0,332.0)
(332.0,332.0)
(332.0,332.0)
(335.0,332.0)
(332.0,332.0)
(332.0,332.0)
(332.0,332.0)
(332.0,332.0)
(332.0,332.0)
(278.0,332.0)
(332.0,332.0)
(278.0,332.0)
(332.0,332.0)
(332.0,332.0)
(335.0,332.0)
(332.0,332.0)
(278.0,332.0)
(332.0,332.0)
(278.0,332.0)
(332.0,332.0)
(335.0,332.0)
(332.0,332.0)
(278.0,332.0)
(278.0,332.0)
(332.0,332.0)
(335.0,332.0)
(332.0,332.0)
(332.0,332.0)
(332.0,332.0)
(332.0,332.0)
(335.0,332.0)
(335.0,332.0)
(332.0,332.0)
(332.0,332.0)
(332.0,332.0)
(335.0,332.0)
(332.0,332.0)
(332.0,332.0)
(332.0,332.0)
(332.0,332.0)
(335.0,332.0)
(278.0,332.0)
(332.0,332.0)
(278.0,332.0)
(332.0,332.0)
(332.0,332.0)
(335.0,332.0)
(332.0,332.0)
(332.0,332.0)
(332.0,332.0)
(332.0,332.0)
(332.0,332.0)
(335.0,332.0)
(278.0,332.0)
(335.0,332.0)
(335.0,332.0)
(332.0,332.0)
(332.0,332.0)
(335.0,332.0)
(332.0,332.0)
(332.0,332.0)
(332.0,332.0)
(335.0,332.0)
(335.0,332.0)
(335.0,332.0)
(335.0,332.0)
(332.0,332.0)
(335.0,332.0)
(332.0,332.0)
(332.0,332.0)
(332.0,332.0)
(335.0,332.0)
(332.0,332.0)
(335.0,332.0)
(332.0,332.0)
(335.0,332.0)
(332.0,332.0)
(335.0,332.0)
(335.0,332.0)
(332.0,332.0)
(335.0,332.0)
(332.0,332.0)
(332.0,332.0)
(332.0,332.0)
(335.0,332.0)
(332.0,332.0)
(335.0,332.0)
(332.0,332.0)
(335.0,332.0)
(332.0,332.0)
(335.0,332.0)
(335.0,332.0)
(335.0,332.0)
(332.0,332.0)
(335.0,332.0)
(335.0,332.0)
(332.0,332.0)
(335.0,332.0)
(332.0,332.0)
(332.0,332.0)
(332.0,332.0)
(335.0,332.0)
(332.0,332.0)
(335.0,332.0)
(335.0,332.0)
(332.0,332.0)
(332.0,332.0)
(335.0,332.0)
(278.0,332.0)
(335.0,332.0)
(278.0,332.0)
(332.0,332.0)
(332.0,332.0)
(332.0,332.0)
(335.0,332.0)
(332.0,332.0)
(335.0,332.0)
(278.0,332.0)
(335.0,332.0)
(335.0,332.0)
(332.0,332.0)
(335.0,332.0)
(332.0,332.0)
(332.0,332.0)
(335.0,332.0)
(332.0,332.0)
(332.0,332.0)
(335.0,332.0)
(335.0,332.0)
(332.0,332.0)
(335.0,332.0)
(332.0,332.0)
(332.0,332.0)
(335.0,332.0)
(332.0,332.0)
(332.0,332.0)
(332.0,332.0)
(332.0,332.0)
(335.0,332.0)
(332.0,332.0)
(332.0,332.0)
(332.0,332.0)
(335.0,332.0)
(335.0,332.0)
(335.0,332.0)
(335.0,332.0)
(332.0,332.0)
(332.0,332.0)
(335.0,332.0)
(332.0,332.0)
(332.0,332.0)
(335.0,332.0)
(332.0,332.0)
(335.0,332.0)
(332.0,332.0)
(332.0,332.0)
(332.0,332.0)
(332.0,332.0)
(332.0,332.0)
(335.0,332.0)
(332.0,332.0)
(332.0,332.0)
(332.0,332.0)
(332.0,332.0)
(332.0,332.0)
(332.0,332.0)
(335.0,332.0)
(332.0,332.0)
(332.0,332.0)
(335.0,332.0)
(332.0,332.0)
(332.0,332.0)
(335.0,332.0)
(332.0,332.0)
(335.0,332.0)
(332.0,332.0)
(335.0,332.0)
(332.0,332.0)
(332.0,332.0)
(335.0,332.0)
(332.0,332.0)
(332.0,332.0)
(332.0,332.0)
(335.0,332.0)
(335.0,332.0)
(332.0,332.0)
(332.0,332.0)
(335.0,332.0)
(332.0,332.0)
(332.0,332.0)
(332.0,332.0)
(332.0,332.0)
(332.0,332.0)
(332.0,332.0)
(335.0,332.0)
(335.0,332.0)
(332.0,332.0)
(332.0,332.0)
(332.0,332.0)
(332.0,332.0)
(335.0,332.0)
(332.0,332.0)
(332.0,332.0)
(332.0,332.0)
(332.0,332.0)
(332.0,332.0)
(332.0,332.0)
(335.0,332.0)
(335.0,332.0)
(332.0,332.0)
(335.0,332.0)
(332.0,332.0)
(332.0,332.0)
(335.0,332.0)
(332.0,332.0)
(332.0,332.0)
(332.0,332.0)
(332.0,332.0)
(332.0,332.0)
(332.0,332.0)
(332.0,332.0)
(335.0,332.0)
(305.0,332.0)
(335.0,332.0)
(335.0,332.0)
(335.0,332.0)
(332.0,332.0)
(334.0,332.0)
(335.0,332.0)
(332.0,332.0)
(344.0,332.0)
(332.0,332.0)
(332.0,332.0)
(335.0,332.0)
(332.0,332.0)
(332.0,332.0)
(332.0,332.0)
(332.0,332.0)
(335.0,332.0)
(335.0,332.0)
(332.0,332.0)
(335.0,332.0)
(335.0,332.0)
(335.0,332.0)
(332.0,332.0)
(335.0,332.0)
(332.0,332.0)
(332.0,332.0)
(332.0,332.0)
(335.0,332.0)
(332.0,332.0)
(335.0,332.0)
(332.0,332.0)
(332.0,332.0)
(335.0,332.0)
(332.0,332.0)
(332.0,332.0)
(332.0,332.0)
(335.0,332.0)
(335.0,332.0)
(332.0,332.0)
(335.0,332.0)
(332.0,332.0)
(332.0,332.0)
(332.0,332.0)
(332.0,332.0)
(335.0,332.0)
(332.0,332.0)
(332.0,332.0)
(332.0,332.0)
(332.0,332.0)
(335.0,332.0)
(332.0,332.0)
(335.0,332.0)
(332.0,332.0)
(332.0,332.0)
(335.0,332.0)
(335.0,332.0)
(335.0,332.0)
(332.0,332.0)
(332.0,332.0)
(335.0,332.0)
(335.0,332.0)
(332.0,332.0)
(335.0,332.0)
(332.0,332.0)
(332.0,332.0)
(332.0,332.0)
(332.0,332.0)
(332.0,332.0)
(335.0,332.0)
(332.0,332.0)
(332.0,332.0)
(332.0,332.0)
(335.0,332.0)
(332.0,332.0)
(332.0,332.0)
(335.0,332.0)
(332.0,332.0)
(344.0,332.0)
(332.0,332.0)
