(365.0,374.0)
(365.0,374.0)
(365.0,374.0)
(365.0,374.0)
(365.0,374.0)
(365.0,374.0)
(365.0,374.0)
(365.0,374.0)
(374.0,374.0)
(365.0,374.0)
(365.0,374.0)
(365.0,374.0)
(365.0,374.0)
(455.0,374.0)
(365.0,374.0)
(374.0,374.0)
(365.0,374.0)
(753.0,374.0)
(365.0,374.0)
(365.0,374.0)
(374.0,374.0)
(365.0,374.0)
(365.0,374.0)
(374.0,374.0)
(365.0,374.0)
(365.0,374.0)
(365.0,374.0)
(365.0,374.0)
(365.0,374.0)
(365.0,374.0)
(374.0,374.0)
(365.0,374.0)
(374.0,374.0)
(365.0,374.0)
(447.0,374.0)
(374.0,374.0)
(374.0,374.0)
(365.0,374.0)
(374.0,374.0)
(365.0,374.0)
(365.0,374.0)
(365.0,374.0)
(365.0,374.0)
(365.0,374.0)
(413.0,374.0)
(365.0,374.0)
(365.0,374.0)
(365.0,374.0)
(365.0,374.0)
(365.0,374.0)
(365.0,374.0)
(365.0,374.0)
(447.0,374.0)
(365.0,374.0)
(365.0,374.0)
(365.0,374.0)
(365.0,374.0)
(365.0,374.0)
(365.0,374.0)
(365.0,374.0)
(365.0,374.0)
(365.0,374.0)
(365.0,374.0)
(365.0,374.0)
(365.0,374.0)
(365.0,374.0)
(365.0,374.0)
(365.0,374.0)
(365.0,374.0)
(365.0,374.0)
(365.0,374.0)
(365.0,374.0)
(365.0,374.0)
(365.0,374.0)
(447.0,374.0)
(365.0,374.0)
(365.0,374.0)
(365.0,374.0)
(455.0,374.0)
(365.0,374.0)
(365.0,374.0)
(365.0,374.0)
(365.0,374.0)
(365.0,374.0)
(365.0,374.0)
(374.0,374.0)
(365.0,374.0)
(365.0,374.0)
(365.0,374.0)
(365.0,374.0)
(365.0,374.0)
(365.0,374.0)
(374.0,374.0)
(447.0,374.0)
(365.0,374.0)
(365.0,374.0)
(365.0,374.0)
(374.0,374.0)
(374.0,374.0)
(365.0,374.0)
(365.0,374.0)
(365.0,374.0)
(365.0,374.0)
(365.0,374.0)
(365.0,374.0)
(365.0,374.0)
(365.0,374.0)
(2.0,375.0)
(448.0,375.0)
(448.0,375.0)
(757.0,375.0)
(771.0,375.0)
(448.0,375.0)
(448.0,375.0)
(446.0,375.0)
(458.0,375.0)
(393.0,375.0)
(445.0,375.0)
(464.0,375.0)
(446.0,375.0)
(448.0,375.0)
(446.0,375.0)
(393.0,375.0)
(446.0,375.0)
(393.0,375.0)
(446.0,375.0)
(448.0,375.0)
(448.0,375.0)
(464.0,375.0)
(448.0,375.0)
(441.0,375.0)
(448.0,375.0)
(409.0,375.0)
(446.0,375.0)
(446.0,375.0)
(446.0,375.0)
(446.0,375.0)
(446.0,375.0)
(446.0,375.0)
(409.0,375.0)
(446.0,375.0)
(446.0,375.0)
(448.0,375.0)
(446.0,375.0)
(409.0,375.0)
(446.0,375.0)
(409.0,375.0)
(723.0,375.0)
(428.0,375.0)
(461.0,375.0)
(410.0,375.0)
(461.0,375.0)
(39.0,375.0)
(771.0,375.0)
(446.0,375.0)
(446.0,375.0)
(448.0,375.0)
(446.0,375.0)
(459.0,375.0)
(448.0,375.0)
(446.0,375.0)
(446.0,375.0)
(393.0,375.0)
(436.0,375.0)
(461.0,375.0)
(446.0,375.0)
(771.0,375.0)
(446.0,375.0)
(446.0,375.0)
(448.0,375.0)
(446.0,375.0)
(446.0,375.0)
(446.0,375.0)
(446.0,375.0)
(448.0,375.0)
(458.0,375.0)
(798.0,375.0)
(446.0,375.0)
(393.0,375.0)
(393.0,375.0)
(446.0,375.0)
(446.0,375.0)
(446.0,375.0)
(409.0,375.0)
(448.0,375.0)
(446.0,375.0)
(445.0,375.0)
(448.0,375.0)
(464.0,375.0)
(393.0,375.0)
(393.0,375.0)
(446.0,375.0)
(771.0,375.0)
(460.0,375.0)
(446.0,375.0)
(446.0,375.0)
(522.0,375.0)
(446.0,375.0)
(410.0,375.0)
(446.0,375.0)
(459.0,375.0)
(446.0,375.0)
(393.0,375.0)
(448.0,375.0)
(428.0,375.0)
(393.0,375.0)
(446.0,375.0)
(448.0,375.0)
(448.0,375.0)
(448.0,375.0)
(448.0,375.0)
(446.0,375.0)
(771.0,375.0)
(446.0,375.0)
(393.0,375.0)
(393.0,375.0)
(375.0,375.0)
(446.0,375.0)
(410.0,375.0)
(409.0,375.0)
(748.0,375.0)
(446.0,375.0)
(446.0,375.0)
(446.0,375.0)
(448.0,375.0)
(446.0,375.0)
(446.0,375.0)
(771.0,375.0)
(461.0,375.0)
(387.0,375.0)
(446.0,375.0)
(447.0,375.0)
(393.0,375.0)
(446.0,375.0)
(393.0,375.0)
(446.0,375.0)
(448.0,375.0)
(446.0,375.0)
(446.0,375.0)
(448.0,375.0)
(393.0,375.0)
(446.0,375.0)
(446.0,375.0)
(409.0,375.0)
(393.0,375.0)
(448.0,375.0)
(446.0,375.0)
(448.0,375.0)
(448.0,375.0)
(436.0,375.0)
(393.0,375.0)
(387.0,375.0)
(446.0,375.0)
(448.0,375.0)
(446.0,375.0)
(466.0,375.0)
(446.0,375.0)
(446.0,375.0)
(459.0,375.0)
(446.0,375.0)
(460.0,375.0)
(448.0,375.0)
(771.0,375.0)
(393.0,375.0)
(771.0,375.0)
(461.0,375.0)
(448.0,375.0)
(446.0,375.0)
(741.0,375.0)
(448.0,375.0)
(466.0,375.0)
(446.0,375.0)
(448.0,375.0)
(393.0,375.0)
(448.0,375.0)
(798.0,375.0)
(446.0,375.0)
(448.0,375.0)
(446.0,375.0)
(461.0,375.0)
(448.0,375.0)
(448.0,375.0)
(375.0,375.0)
(458.0,375.0)
(446.0,375.0)
(393.0,375.0)
(472.0,378.0)
(755.0,378.0)
(378.0,378.0)
(376.0,378.0)
(376.0,378.0)
(413.0,378.0)
(413.0,378.0)
(435.0,378.0)
(413.0,378.0)
(479.0,378.0)
(417.0,378.0)
(376.0,378.0)
(376.0,378.0)
(413.0,378.0)
(376.0,378.0)
(755.0,378.0)
(751.0,378.0)
(413.0,378.0)
(481.0,378.0)
(378.0,378.0)
(447.0,378.0)
(413.0,378.0)
(413.0,378.0)
(378.0,378.0)
(413.0,378.0)
(413.0,378.0)
(378.0,378.0)
(481.0,378.0)
(378.0,378.0)
(413.0,378.0)
(413.0,378.0)
(472.0,378.0)
(413.0,378.0)
(376.0,378.0)
(455.0,378.0)
(413.0,378.0)
(378.0,378.0)
(413.0,378.0)
(786.0,378.0)
(413.0,378.0)
(472.0,378.0)
(455.0,378.0)
(376.0,378.0)
(413.0,378.0)
(413.0,378.0)
(472.0,378.0)
(481.0,378.0)
(472.0,378.0)
(413.0,378.0)
(472.0,378.0)
(435.0,378.0)
(481.0,378.0)
(755.0,378.0)
(376.0,378.0)
(753.0,378.0)
(413.0,378.0)
(755.0,378.0)
(413.0,378.0)
(472.0,378.0)
(376.0,378.0)
(435.0,378.0)
(471.0,378.0)
(413.0,378.0)
(413.0,378.0)
(412.0,378.0)
(472.0,378.0)
(483.0,378.0)
(413.0,378.0)
(472.0,378.0)
(472.0,378.0)
(755.0,378.0)
(376.0,378.0)
(472.0,378.0)
(455.0,378.0)
(413.0,378.0)
(755.0,378.0)
(413.0,378.0)
(472.0,378.0)
(416.0,378.0)
(376.0,378.0)
(471.0,378.0)
(376.0,378.0)
(809.0,378.0)
(376.0,378.0)
(413.0,378.0)
(472.0,378.0)
(413.0,378.0)
(413.0,378.0)
(755.0,378.0)
(472.0,378.0)
(395.0,378.0)
(413.0,378.0)
(413.0,378.0)
(376.0,378.0)
(413.0,378.0)
(755.0,378.0)
(483.0,378.0)
(471.0,378.0)
(413.0,378.0)
(376.0,378.0)
(455.0,378.0)
(413.0,378.0)
(377.0,378.0)
(413.0,378.0)
(483.0,378.0)
(413.0,378.0)
(413.0,378.0)
(413.0,378.0)
(378.0,378.0)
(376.0,378.0)
(435.0,378.0)
(376.0,378.0)
(472.0,378.0)
(413.0,378.0)
(479.0,378.0)
(413.0,378.0)
(753.0,378.0)
(376.0,378.0)
(455.0,378.0)
(472.0,378.0)
(447.0,378.0)
(376.0,378.0)
(412.0,378.0)
(780.0,378.0)
(472.0,378.0)
(472.0,378.0)
(376.0,378.0)
(472.0,378.0)
(472.0,378.0)
(378.0,378.0)
(472.0,378.0)
(413.0,378.0)
(413.0,378.0)
(413.0,378.0)
(472.0,378.0)
(755.0,378.0)
(376.0,378.0)
(413.0,378.0)
(455.0,378.0)
(413.0,378.0)
(786.0,378.0)
(809.0,378.0)
(376.0,378.0)
(413.0,378.0)
(417.0,378.0)
(413.0,378.0)
(413.0,378.0)
(376.0,378.0)
(378.0,378.0)
(472.0,378.0)
(413.0,378.0)
(413.0,378.0)
(472.0,378.0)
(483.0,378.0)
(483.0,378.0)
(376.0,378.0)
(740.0,378.0)
(441.0,378.0)
(472.0,378.0)
(413.0,378.0)
(413.0,378.0)
(376.0,378.0)
(472.0,378.0)
(472.0,378.0)
(809.0,378.0)
(413.0,378.0)
(376.0,378.0)
(755.0,378.0)
(376.0,378.0)
(413.0,378.0)
(413.0,378.0)
(413.0,378.0)
(472.0,378.0)
(376.0,378.0)
(358.0,378.0)
(740.0,378.0)
(755.0,378.0)
(376.0,378.0)
(376.0,378.0)
(413.0,378.0)
(809.0,378.0)
(413.0,378.0)
(376.0,378.0)
(413.0,378.0)
(753.0,378.0)
(472.0,378.0)
(413.0,378.0)
(786.0,378.0)
(787.0,378.0)
(395.0,378.0)
(446.0,379.0)
(439.0,379.0)
(387.0,379.0)
(379.0,379.0)
(756.0,379.0)
(757.0,379.0)
(412.0,379.0)
(387.0,379.0)
(757.0,379.0)
(446.0,379.0)
(757.0,379.0)
(409.0,379.0)
(757.0,379.0)
(757.0,379.0)
(387.0,379.0)
(413.0,379.0)
(379.0,379.0)
(757.0,379.0)
(387.0,379.0)
(757.0,379.0)
(757.0,379.0)
(757.0,379.0)
(409.0,379.0)
(387.0,379.0)
(382.0,379.0)
(412.0,379.0)
(379.0,379.0)
(387.0,379.0)
(379.0,379.0)
(770.0,379.0)
(379.0,379.0)
(408.0,379.0)
(412.0,379.0)
(757.0,379.0)
(414.0,379.0)
(756.0,379.0)
(412.0,379.0)
(458.0,379.0)
(412.0,379.0)
(757.0,379.0)
(412.0,379.0)
(757.0,379.0)
(757.0,379.0)
(387.0,379.0)
(757.0,379.0)
(408.0,379.0)
(412.0,379.0)
(421.0,379.0)
(409.0,379.0)
(387.0,379.0)
(414.0,379.0)
(756.0,379.0)
(757.0,379.0)
(412.0,379.0)
(403.0,379.0)
(412.0,379.0)
(770.0,379.0)
(387.0,379.0)
(387.0,379.0)
(757.0,379.0)
(757.0,379.0)
(757.0,379.0)
(757.0,379.0)
(757.0,379.0)
(479.0,379.0)
(757.0,379.0)
(409.0,379.0)
(409.0,379.0)
(387.0,379.0)
(387.0,379.0)
(409.0,379.0)
(475.0,379.0)
(409.0,379.0)
(475.0,379.0)
(387.0,379.0)
(409.0,379.0)
(756.0,379.0)
(409.0,379.0)
(757.0,379.0)
(387.0,379.0)
(387.0,379.0)
(757.0,379.0)
(757.0,379.0)
(757.0,379.0)
(446.0,379.0)
(417.0,379.0)
(475.0,379.0)
(757.0,379.0)
(409.0,379.0)
(387.0,379.0)
(757.0,379.0)
(379.0,379.0)
(387.0,379.0)
(417.0,379.0)
(757.0,379.0)
(387.0,379.0)
(475.0,379.0)
(757.0,379.0)
(409.0,379.0)
(757.0,379.0)
(446.0,379.0)
(414.0,379.0)
(379.0,379.0)
(409.0,379.0)
(475.0,379.0)
(757.0,379.0)
(771.0,379.0)
(409.0,379.0)
(408.0,379.0)
(379.0,379.0)
(412.0,379.0)
(387.0,379.0)
(757.0,379.0)
(475.0,379.0)
(757.0,379.0)
(387.0,379.0)
(757.0,379.0)
(475.0,379.0)
(379.0,379.0)
(379.0,379.0)
(446.0,379.0)
(379.0,379.0)
(757.0,379.0)
(475.0,379.0)
(379.0,379.0)
(379.0,379.0)
(757.0,379.0)
(387.0,379.0)
(757.0,379.0)
(757.0,379.0)
(757.0,379.0)
(475.0,379.0)
(414.0,379.0)
(387.0,379.0)
(475.0,379.0)
(379.0,379.0)
(412.0,379.0)
(412.0,379.0)
(448.0,379.0)
(387.0,379.0)
(408.0,379.0)
(387.0,379.0)
(379.0,379.0)
(387.0,379.0)
(757.0,379.0)
(446.0,379.0)
(757.0,379.0)
(409.0,379.0)
(757.0,379.0)
(403.0,379.0)
(387.0,379.0)
(409.0,379.0)
(409.0,379.0)
(757.0,379.0)
(757.0,379.0)
(770.0,379.0)
(379.0,379.0)
(757.0,379.0)
(387.0,379.0)
(387.0,379.0)
(475.0,379.0)
(387.0,379.0)
(475.0,379.0)
(379.0,379.0)
(409.0,379.0)
(412.0,379.0)
(412.0,379.0)
(403.0,379.0)
(412.0,379.0)
(757.0,379.0)
(408.0,379.0)
(757.0,379.0)
(409.0,379.0)
(414.0,379.0)
(379.0,379.0)
(757.0,379.0)
(475.0,379.0)
(409.0,379.0)
(757.0,379.0)
(446.0,379.0)
(410.0,379.0)
(757.0,379.0)
(756.0,379.0)
(757.0,379.0)
(475.0,379.0)
(379.0,379.0)
(379.0,379.0)
(757.0,379.0)
(412.0,379.0)
(379.0,379.0)
(757.0,379.0)
(757.0,379.0)
(380.0,379.0)
(379.0,379.0)
(770.0,379.0)
(475.0,380.0)
(809.0,380.0)
(406.0,380.0)
(809.0,380.0)
(475.0,380.0)
(809.0,380.0)
(809.0,380.0)
(810.0,380.0)
(425.0,380.0)
(809.0,380.0)
(475.0,380.0)
(377.0,380.0)
(435.0,380.0)
(809.0,380.0)
(809.0,380.0)
(809.0,380.0)
(809.0,380.0)
(809.0,380.0)
(475.0,380.0)
(809.0,380.0)
(435.0,380.0)
(809.0,380.0)
(475.0,380.0)
(809.0,380.0)
(435.0,380.0)
(475.0,380.0)
(809.0,380.0)
(809.0,380.0)
(809.0,380.0)
(809.0,380.0)
(809.0,380.0)
(746.0,380.0)
(809.0,380.0)
(809.0,380.0)
(475.0,380.0)
(475.0,380.0)
(809.0,380.0)
(475.0,380.0)
(809.0,380.0)
(809.0,380.0)
(809.0,380.0)
(793.0,380.0)
(475.0,380.0)
(809.0,380.0)
(809.0,380.0)
(809.0,380.0)
(809.0,380.0)
(475.0,380.0)
(809.0,380.0)
(809.0,380.0)
(809.0,380.0)
(809.0,380.0)
(809.0,380.0)
(809.0,380.0)
(740.0,380.0)
(809.0,380.0)
(809.0,380.0)
(809.0,380.0)
(425.0,380.0)
(475.0,380.0)
(809.0,380.0)
(809.0,380.0)
(809.0,380.0)
(809.0,380.0)
(475.0,380.0)
(809.0,380.0)
(809.0,380.0)
(809.0,380.0)
(475.0,380.0)
(406.0,380.0)
(809.0,380.0)
(809.0,380.0)
(475.0,380.0)
(809.0,380.0)
(435.0,380.0)
(809.0,380.0)
(435.0,380.0)
(435.0,380.0)
(809.0,380.0)
(475.0,380.0)
(809.0,380.0)
(475.0,380.0)
(809.0,380.0)
(435.0,380.0)
(435.0,380.0)
(809.0,380.0)
(809.0,380.0)
(474.0,380.0)
(809.0,380.0)
(475.0,380.0)
(809.0,380.0)
(809.0,380.0)
(475.0,380.0)
(380.0,380.0)
(809.0,380.0)
(809.0,380.0)
(809.0,380.0)
(809.0,380.0)
(475.0,380.0)
(809.0,380.0)
(809.0,380.0)
(475.0,380.0)
(809.0,380.0)
(425.0,380.0)
(809.0,380.0)
(809.0,380.0)
(809.0,380.0)
(809.0,380.0)
(362.0,380.0)
(809.0,380.0)
(809.0,380.0)
(746.0,380.0)
(425.0,380.0)
(475.0,380.0)
(809.0,380.0)
(809.0,380.0)
(475.0,380.0)
(362.0,380.0)
(809.0,380.0)
(435.0,380.0)
(475.0,380.0)
(809.0,380.0)
(809.0,380.0)
(362.0,380.0)
(475.0,380.0)
(809.0,380.0)
(809.0,380.0)
(809.0,380.0)
(809.0,380.0)
(425.0,380.0)
(435.0,380.0)
(435.0,380.0)
(809.0,380.0)
(809.0,380.0)
(809.0,380.0)
(371.0,380.0)
(475.0,380.0)
(746.0,380.0)
(809.0,380.0)
(809.0,380.0)
(809.0,380.0)
(435.0,380.0)
(809.0,380.0)
(475.0,380.0)
(462.0,380.0)
(809.0,380.0)
(809.0,380.0)
(807.0,380.0)
(475.0,380.0)
(475.0,380.0)
(809.0,380.0)
(809.0,380.0)
(809.0,380.0)
(809.0,380.0)
(809.0,380.0)
(809.0,380.0)
(809.0,380.0)
(362.0,380.0)
(377.0,380.0)
(809.0,380.0)
(809.0,380.0)
(377.0,380.0)
(809.0,380.0)
(809.0,380.0)
(475.0,380.0)
(746.0,380.0)
(475.0,380.0)
(475.0,380.0)
(809.0,380.0)
(435.0,380.0)
(475.0,380.0)
(809.0,380.0)
(809.0,380.0)
(475.0,380.0)
(377.0,380.0)
(809.0,380.0)
(475.0,380.0)
(475.0,380.0)
(475.0,380.0)
(475.0,380.0)
(475.0,380.0)
(809.0,380.0)
(809.0,380.0)
(475.0,380.0)
(362.0,380.0)
(809.0,380.0)
(475.0,380.0)
(475.0,380.0)
(435.0,380.0)
(809.0,380.0)
(475.0,380.0)
(381.0,381.0)
(381.0,381.0)
(440.0,381.0)
(471.0,381.0)
(447.0,381.0)
(381.0,381.0)
(386.0,381.0)
(459.0,381.0)
(440.0,381.0)
(381.0,381.0)
(368.0,381.0)
(381.0,381.0)
(381.0,381.0)
(381.0,381.0)
(381.0,381.0)
(440.0,381.0)
(447.0,381.0)
(381.0,381.0)
(435.0,381.0)
(381.0,381.0)
(479.0,381.0)
(381.0,381.0)
(479.0,381.0)
(459.0,381.0)
(447.0,381.0)
(459.0,381.0)
(399.0,381.0)
(447.0,381.0)
(471.0,381.0)
(381.0,381.0)
(381.0,381.0)
(471.0,381.0)
(391.0,381.0)
(440.0,381.0)
(381.0,381.0)
(381.0,381.0)
(381.0,381.0)
(381.0,381.0)
(368.0,381.0)
(381.0,381.0)
(381.0,381.0)
(381.0,381.0)
(381.0,381.0)
(368.0,381.0)
(381.0,381.0)
(381.0,381.0)
(381.0,381.0)
(381.0,381.0)
(381.0,381.0)
(381.0,381.0)
(368.0,381.0)
(381.0,381.0)
(381.0,381.0)
(386.0,381.0)
(471.0,381.0)
(381.0,381.0)
(479.0,381.0)
(482.0,381.0)
(381.0,381.0)
(471.0,381.0)
(459.0,381.0)
(381.0,381.0)
(471.0,381.0)
(381.0,381.0)
(479.0,381.0)
(381.0,381.0)
(381.0,381.0)
(381.0,381.0)
(471.0,381.0)
(381.0,381.0)
(381.0,381.0)
(381.0,381.0)
(381.0,381.0)
(381.0,381.0)
(381.0,381.0)
(771.0,381.0)
(475.0,381.0)
(381.0,381.0)
(381.0,381.0)
(381.0,381.0)
(381.0,381.0)
(459.0,381.0)
(381.0,381.0)
(479.0,381.0)
(368.0,381.0)
(475.0,381.0)
(386.0,381.0)
(368.0,381.0)
(381.0,381.0)
(368.0,381.0)
(381.0,381.0)
(381.0,381.0)
(381.0,381.0)
(381.0,381.0)
(381.0,381.0)
(459.0,381.0)
(381.0,381.0)
(771.0,381.0)
(479.0,381.0)
(459.0,381.0)
(459.0,381.0)
(368.0,381.0)
(440.0,381.0)
(381.0,381.0)
(381.0,381.0)
(381.0,381.0)
(381.0,381.0)
(368.0,381.0)
(381.0,381.0)
(381.0,381.0)
(381.0,381.0)
(381.0,381.0)
(381.0,381.0)
(386.0,381.0)
(479.0,381.0)
(381.0,381.0)
(386.0,381.0)
(381.0,381.0)
(381.0,381.0)
(440.0,381.0)
(447.0,381.0)
(381.0,381.0)
(459.0,381.0)
(479.0,381.0)
(368.0,381.0)
(368.0,381.0)
(381.0,381.0)
(471.0,381.0)
(381.0,381.0)
(459.0,381.0)
(387.0,381.0)
(381.0,381.0)
(479.0,381.0)
(368.0,381.0)
(381.0,381.0)
(471.0,381.0)
(381.0,381.0)
(368.0,381.0)
(381.0,381.0)
(381.0,381.0)
(386.0,381.0)
(381.0,381.0)
(447.0,381.0)
(381.0,381.0)
(471.0,381.0)
(381.0,381.0)
(440.0,381.0)
(471.0,381.0)
(471.0,381.0)
(471.0,381.0)
(381.0,381.0)
(440.0,381.0)
(381.0,381.0)
(406.0,381.0)
(417.0,381.0)
(381.0,381.0)
(381.0,381.0)
(381.0,381.0)
(381.0,381.0)
(459.0,381.0)
(381.0,381.0)
(386.0,381.0)
(771.0,381.0)
(417.0,381.0)
(440.0,381.0)
(381.0,381.0)
(381.0,381.0)
(381.0,381.0)
(756.0,381.0)
(386.0,381.0)
(381.0,381.0)
(381.0,381.0)
(381.0,381.0)
(381.0,381.0)
(381.0,381.0)
(368.0,381.0)
(483.0,381.0)
(447.0,381.0)
(381.0,381.0)
(381.0,381.0)
(381.0,381.0)
(381.0,381.0)
(381.0,381.0)
(368.0,381.0)
(459.0,381.0)
(381.0,381.0)
(440.0,381.0)
(440.0,381.0)
(381.0,381.0)
(440.0,381.0)
(381.0,381.0)
(479.0,381.0)
(482.0,381.0)
(459.0,381.0)
(381.0,381.0)
(459.0,381.0)
(381.0,381.0)
(381.0,381.0)
(479.0,381.0)
(440.0,381.0)
(483.0,381.0)
(459.0,381.0)
(459.0,381.0)
(381.0,381.0)
(459.0,381.0)
(440.0,381.0)
(381.0,381.0)
(440.0,381.0)
(368.0,381.0)
(440.0,381.0)
(471.0,381.0)
(368.0,381.0)
(386.0,381.0)
(381.0,381.0)
(447.0,381.0)
(387.0,381.0)
(381.0,381.0)
(440.0,381.0)
(381.0,381.0)
(381.0,381.0)
(381.0,381.0)
(381.0,381.0)
(381.0,381.0)
(381.0,381.0)
(459.0,381.0)
(471.0,381.0)
(381.0,381.0)
(381.0,381.0)
(471.0,381.0)
(381.0,381.0)
(387.0,381.0)
(386.0,381.0)
(479.0,381.0)
(479.0,381.0)
(386.0,381.0)
(440.0,381.0)
(381.0,381.0)
(381.0,381.0)
(447.0,381.0)
(471.0,381.0)
(479.0,381.0)
(381.0,381.0)
(440.0,381.0)
(381.0,381.0)
(440.0,381.0)
(757.0,381.0)
(757.0,381.0)
(386.0,381.0)
(381.0,381.0)
(381.0,381.0)
(440.0,381.0)
(381.0,381.0)
(381.0,381.0)
(381.0,381.0)
(386.0,381.0)
(368.0,381.0)
(440.0,381.0)
(368.0,381.0)
(381.0,381.0)
(381.0,381.0)
(447.0,381.0)
(447.0,381.0)
(381.0,381.0)
(381.0,381.0)
(381.0,381.0)
(381.0,381.0)
(440.0,381.0)
(440.0,381.0)
(479.0,381.0)
(459.0,381.0)
(381.0,381.0)
(440.0,381.0)
(386.0,381.0)
(381.0,381.0)
(381.0,381.0)
(471.0,381.0)
(479.0,381.0)
(381.0,381.0)
(440.0,381.0)
(381.0,381.0)
(417.0,381.0)
(459.0,381.0)
(381.0,381.0)
(386.0,381.0)
(381.0,381.0)
(440.0,381.0)
(475.0,381.0)
(386.0,381.0)
(381.0,381.0)
(381.0,381.0)
(386.0,381.0)
(381.0,381.0)
(381.0,381.0)
(354.0,381.0)
(440.0,381.0)
(471.0,381.0)
(381.0,381.0)
(381.0,381.0)
(440.0,381.0)
(381.0,381.0)
(479.0,381.0)
(440.0,381.0)
(381.0,381.0)
(381.0,381.0)
(381.0,381.0)
(406.0,381.0)
(381.0,381.0)
(386.0,381.0)
(381.0,381.0)
(381.0,381.0)
(377.0,381.0)
(368.0,381.0)
(381.0,381.0)
(386.0,381.0)
(381.0,381.0)
(440.0,381.0)
(471.0,381.0)
(381.0,381.0)
(381.0,381.0)
(381.0,381.0)
(387.0,381.0)
(381.0,381.0)
(381.0,381.0)
(459.0,381.0)
(381.0,381.0)
(459.0,381.0)
(381.0,381.0)
(381.0,381.0)
(381.0,381.0)
(381.0,381.0)
(471.0,381.0)
(381.0,381.0)
(381.0,381.0)
(386.0,381.0)
(421.0,381.0)
(479.0,381.0)
(482.0,381.0)
(381.0,381.0)
(483.0,381.0)
(459.0,381.0)
(757.0,381.0)
(391.0,381.0)
(459.0,381.0)
(386.0,381.0)
(479.0,381.0)
(381.0,381.0)
(381.0,381.0)
(440.0,381.0)
(381.0,381.0)
(381.0,381.0)
(479.0,381.0)
(440.0,381.0)
(381.0,381.0)
(459.0,381.0)
(368.0,381.0)
(447.0,381.0)
(368.0,381.0)
(368.0,381.0)
(386.0,381.0)
(381.0,381.0)
(471.0,381.0)
(381.0,381.0)
(381.0,381.0)
(381.0,381.0)
(381.0,381.0)
(381.0,381.0)
(381.0,381.0)
(471.0,381.0)
(386.0,381.0)
(368.0,381.0)
(381.0,381.0)
(368.0,381.0)
(381.0,381.0)
(377.0,381.0)
(381.0,381.0)
(381.0,381.0)
(381.0,381.0)
(421.0,381.0)
(381.0,381.0)
(386.0,381.0)
(381.0,381.0)
(368.0,381.0)
(381.0,381.0)
(386.0,381.0)
(381.0,381.0)
(381.0,381.0)
(381.0,381.0)
(381.0,381.0)
(381.0,381.0)
(471.0,381.0)
(368.0,381.0)
(381.0,381.0)
(381.0,381.0)
(440.0,381.0)
(471.0,381.0)
(368.0,381.0)
(471.0,381.0)
(440.0,381.0)
(440.0,381.0)
(440.0,381.0)
(381.0,381.0)
(471.0,381.0)
(386.0,381.0)
(471.0,381.0)
(386.0,381.0)
(440.0,381.0)
(368.0,381.0)
(381.0,381.0)
(784.0,381.0)
(381.0,381.0)
(440.0,381.0)
(440.0,381.0)
(479.0,381.0)
(381.0,381.0)
(381.0,381.0)
(471.0,381.0)
(440.0,381.0)
(459.0,381.0)
(447.0,381.0)
(447.0,381.0)
(757.0,381.0)
(381.0,381.0)
(428.0,381.0)
(381.0,381.0)
(368.0,381.0)
(368.0,381.0)
(459.0,381.0)
(381.0,381.0)
(479.0,381.0)
(381.0,381.0)
(381.0,381.0)
(381.0,381.0)
(386.0,381.0)
(381.0,381.0)
(386.0,381.0)
(440.0,381.0)
(381.0,381.0)
(471.0,381.0)
(386.0,381.0)
(386.0,381.0)
(368.0,381.0)
(381.0,381.0)
(381.0,381.0)
(381.0,381.0)
(368.0,381.0)
(386.0,381.0)
(381.0,381.0)
(386.0,381.0)
(381.0,381.0)
(471.0,381.0)
(440.0,381.0)
(417.0,381.0)
(381.0,381.0)
(381.0,381.0)
(381.0,381.0)
(459.0,381.0)
(381.0,381.0)
(479.0,381.0)
(381.0,381.0)
(459.0,381.0)
(381.0,381.0)
(368.0,381.0)
(381.0,381.0)
(471.0,381.0)
(381.0,381.0)
(386.0,381.0)
(386.0,381.0)
(471.0,381.0)
(368.0,381.0)
(381.0,381.0)
(447.0,381.0)
(368.0,381.0)
(381.0,381.0)
(381.0,381.0)
(381.0,381.0)
(459.0,381.0)
(387.0,381.0)
(381.0,381.0)
(381.0,381.0)
(381.0,381.0)
(440.0,381.0)
(381.0,381.0)
(381.0,381.0)
(386.0,381.0)
(381.0,381.0)
(381.0,381.0)
(381.0,381.0)
(447.0,381.0)
(381.0,381.0)
(479.0,381.0)
(424.0,381.0)
(381.0,381.0)
(381.0,381.0)
(368.0,381.0)
(440.0,381.0)
(440.0,381.0)
(381.0,381.0)
(440.0,381.0)
(381.0,381.0)
(381.0,381.0)
(381.0,381.0)
(471.0,381.0)
(381.0,381.0)
(440.0,381.0)
(381.0,381.0)
(459.0,381.0)
(381.0,381.0)
(479.0,381.0)
(381.0,381.0)
(386.0,381.0)
(386.0,381.0)
(459.0,381.0)
(381.0,381.0)
(417.0,381.0)
(381.0,381.0)
(368.0,381.0)
(381.0,381.0)
(464.0,381.0)
(381.0,381.0)
(368.0,381.0)
(381.0,381.0)
(381.0,381.0)
(368.0,381.0)
(391.0,381.0)
(381.0,381.0)
(381.0,381.0)
(381.0,381.0)
(381.0,381.0)
(440.0,381.0)
(381.0,381.0)
(381.0,381.0)
(417.0,381.0)
(440.0,381.0)
(381.0,381.0)
(386.0,381.0)
(483.0,381.0)
(440.0,381.0)
(381.0,381.0)
(381.0,381.0)
(471.0,381.0)
(479.0,381.0)
(381.0,381.0)
(381.0,381.0)
(471.0,381.0)
(381.0,381.0)
(479.0,381.0)
(459.0,381.0)
(471.0,381.0)
(447.0,381.0)
(440.0,381.0)
(368.0,381.0)
(381.0,381.0)
(440.0,381.0)
(479.0,381.0)
(381.0,381.0)
(381.0,381.0)
(381.0,381.0)
(440.0,381.0)
(483.0,381.0)
(386.0,381.0)
(440.0,381.0)
(459.0,381.0)
(756.0,381.0)
(381.0,381.0)
(368.0,381.0)
(440.0,381.0)
(459.0,381.0)
(381.0,381.0)
(381.0,381.0)
(479.0,381.0)
(386.0,381.0)
(440.0,381.0)
(440.0,381.0)
(368.0,381.0)
(440.0,381.0)
(483.0,381.0)
(381.0,381.0)
(360.0,381.0)
(756.0,381.0)
(381.0,381.0)
(381.0,381.0)
(368.0,381.0)
(475.0,382.0)
(459.0,382.0)
(382.0,382.0)
(475.0,382.0)
(475.0,382.0)
(382.0,382.0)
(479.0,382.0)
(458.0,382.0)
(479.0,382.0)
(785.0,382.0)
(381.0,382.0)
(368.0,382.0)
(754.0,382.0)
(750.0,382.0)
(427.0,382.0)
(479.0,382.0)
(750.0,382.0)
(382.0,382.0)
(398.0,382.0)
(754.0,382.0)
(381.0,382.0)
(471.0,382.0)
(757.0,382.0)
(382.0,382.0)
(757.0,382.0)
(802.0,382.0)
(459.0,382.0)
(459.0,382.0)
(428.0,382.0)
(354.0,382.0)
(440.0,382.0)
(459.0,382.0)
(459.0,382.0)
(771.0,382.0)
(368.0,382.0)
(459.0,382.0)
(754.0,382.0)
(448.0,382.0)
(382.0,382.0)
(459.0,382.0)
(757.0,382.0)
(382.0,382.0)
(459.0,382.0)
(785.0,382.0)
(459.0,382.0)
(756.0,382.0)
(382.0,382.0)
(785.0,382.0)
(440.0,382.0)
(459.0,382.0)
(757.0,382.0)
(808.0,382.0)
(459.0,382.0)
(459.0,382.0)
(479.0,382.0)
(469.0,382.0)
(479.0,382.0)
(382.0,382.0)
(448.0,382.0)
(379.0,382.0)
(479.0,382.0)
(479.0,382.0)
(459.0,382.0)
(738.0,382.0)
(459.0,382.0)
(368.0,382.0)
(417.0,382.0)
(382.0,382.0)
(479.0,382.0)
(785.0,382.0)
(368.0,382.0)
(382.0,382.0)
(459.0,382.0)
(459.0,382.0)
(382.0,382.0)
(771.0,382.0)
(757.0,382.0)
(448.0,382.0)
(459.0,382.0)
(459.0,382.0)
(368.0,382.0)
(785.0,382.0)
(459.0,382.0)
(431.0,382.0)
(391.0,382.0)
(368.0,382.0)
(785.0,382.0)
(479.0,382.0)
(750.0,382.0)
(810.0,382.0)
(368.0,382.0)
(427.0,382.0)
(391.0,382.0)
(368.0,382.0)
(750.0,382.0)
(447.0,382.0)
(380.0,382.0)
(387.0,382.0)
(417.0,382.0)
(757.0,382.0)
(459.0,382.0)
(382.0,382.0)
(354.0,382.0)
(368.0,382.0)
(738.0,382.0)
(44.0,382.0)
(459.0,382.0)
(469.0,382.0)
(489.0,382.0)
(410.0,382.0)
(368.0,382.0)
(391.0,382.0)
(448.0,382.0)
(750.0,382.0)
(757.0,382.0)
(754.0,382.0)
(749.0,382.0)
(368.0,382.0)
(757.0,382.0)
(382.0,382.0)
(382.0,382.0)
(432.0,382.0)
(771.0,382.0)
(479.0,382.0)
(459.0,382.0)
(756.0,382.0)
(382.0,382.0)
(479.0,382.0)
(757.0,382.0)
(469.0,382.0)
(459.0,382.0)
(754.0,382.0)
(785.0,382.0)
(771.0,382.0)
(785.0,382.0)
(379.0,382.0)
(459.0,382.0)
(459.0,382.0)
(749.0,382.0)
(442.0,382.0)
(382.0,382.0)
(757.0,382.0)
(459.0,382.0)
(754.0,382.0)
(448.0,382.0)
(381.0,382.0)
(459.0,382.0)
(479.0,382.0)
(406.0,382.0)
(785.0,382.0)
(459.0,382.0)
(750.0,382.0)
(381.0,382.0)
(750.0,382.0)
(44.0,382.0)
(469.0,382.0)
(421.0,382.0)
(738.0,382.0)
(354.0,382.0)
(459.0,382.0)
(428.0,382.0)
(802.0,382.0)
(459.0,382.0)
(459.0,382.0)
(479.0,382.0)
(382.0,382.0)
(757.0,382.0)
(44.0,382.0)
(785.0,382.0)
(771.0,382.0)
(435.0,382.0)
(479.0,382.0)
(789.0,382.0)
(479.0,382.0)
(459.0,382.0)
(427.0,382.0)
(459.0,382.0)
(459.0,382.0)
(785.0,382.0)
(368.0,382.0)
(459.0,382.0)
(459.0,382.0)
(382.0,382.0)
(382.0,382.0)
(459.0,382.0)
(471.0,382.0)
(802.0,382.0)
(382.0,382.0)
(479.0,382.0)
(754.0,382.0)
(459.0,382.0)
(386.0,382.0)
(382.0,382.0)
(459.0,382.0)
(757.0,382.0)
(385.0,385.0)
(385.0,385.0)
(448.0,385.0)
(464.0,385.0)
(385.0,385.0)
(385.0,385.0)
(464.0,385.0)
(385.0,385.0)
(385.0,385.0)
(385.0,385.0)
(464.0,385.0)
(464.0,385.0)
(464.0,385.0)
(412.0,385.0)
(385.0,385.0)
(385.0,385.0)
(385.0,385.0)
(385.0,385.0)
(385.0,385.0)
(464.0,385.0)
(385.0,385.0)
(393.0,385.0)
(385.0,385.0)
(448.0,385.0)
(464.0,385.0)
(385.0,385.0)
(385.0,385.0)
(464.0,385.0)
(385.0,385.0)
(464.0,385.0)
(385.0,385.0)
(385.0,385.0)
(385.0,385.0)
(448.0,385.0)
(385.0,385.0)
(385.0,385.0)
(385.0,385.0)
(385.0,385.0)
(385.0,385.0)
(385.0,385.0)
(384.0,385.0)
(464.0,385.0)
(385.0,385.0)
(385.0,385.0)
(2.0,385.0)
(464.0,385.0)
(464.0,385.0)
(385.0,385.0)
(385.0,385.0)
(464.0,385.0)
(385.0,385.0)
(464.0,385.0)
(464.0,385.0)
(461.0,385.0)
(385.0,385.0)
(385.0,385.0)
(385.0,385.0)
(385.0,385.0)
(464.0,385.0)
(799.0,385.0)
(385.0,385.0)
(385.0,385.0)
(385.0,385.0)
(464.0,385.0)
(448.0,385.0)
(385.0,385.0)
(385.0,385.0)
(464.0,385.0)
(799.0,385.0)
(385.0,385.0)
(385.0,385.0)
(385.0,385.0)
(385.0,385.0)
(385.0,385.0)
(436.0,385.0)
(385.0,385.0)
(368.0,385.0)
(385.0,385.0)
(385.0,385.0)
(385.0,385.0)
(385.0,385.0)
(385.0,385.0)
(466.0,385.0)
(385.0,385.0)
(464.0,385.0)
(464.0,385.0)
(385.0,385.0)
(464.0,385.0)
(385.0,385.0)
(385.0,385.0)
(385.0,385.0)
(385.0,385.0)
(464.0,385.0)
(385.0,385.0)
(385.0,385.0)
(385.0,385.0)
(385.0,385.0)
(385.0,385.0)
(385.0,385.0)
(385.0,385.0)
(385.0,385.0)
(385.0,385.0)
(385.0,385.0)
(385.0,385.0)
(385.0,385.0)
(464.0,385.0)
(464.0,385.0)
(464.0,385.0)
(385.0,385.0)
(385.0,385.0)
(385.0,385.0)
(464.0,385.0)
(385.0,385.0)
(385.0,385.0)
(385.0,385.0)
(385.0,385.0)
(385.0,385.0)
(385.0,385.0)
(385.0,385.0)
(385.0,385.0)
(385.0,385.0)
(385.0,385.0)
(385.0,385.0)
(385.0,385.0)
(385.0,385.0)
(385.0,385.0)
(385.0,385.0)
(464.0,385.0)
(385.0,385.0)
(385.0,385.0)
(385.0,385.0)
(385.0,385.0)
(448.0,385.0)
(385.0,385.0)
(385.0,385.0)
(385.0,385.0)
(464.0,385.0)
(385.0,385.0)
(479.0,385.0)
(385.0,385.0)
(385.0,385.0)
(385.0,385.0)
(385.0,385.0)
(385.0,385.0)
(385.0,385.0)
(464.0,385.0)
(385.0,385.0)
(385.0,385.0)
(444.0,385.0)
(43.0,385.0)
(464.0,385.0)
(385.0,385.0)
(385.0,385.0)
(464.0,385.0)
(464.0,385.0)
(464.0,385.0)
(385.0,385.0)
(157.0,385.0)
(464.0,385.0)
(385.0,385.0)
(464.0,385.0)
(385.0,385.0)
(796.0,385.0)
(385.0,385.0)
(385.0,385.0)
(385.0,385.0)
(385.0,385.0)
(385.0,385.0)
(385.0,385.0)
(385.0,385.0)
(381.0,385.0)
(444.0,385.0)
(385.0,385.0)
(385.0,385.0)
(385.0,385.0)
(385.0,385.0)
(43.0,385.0)
(368.0,385.0)
(385.0,385.0)
(385.0,385.0)
(385.0,385.0)
(808.0,385.0)
(479.0,385.0)
(385.0,385.0)
(385.0,385.0)
(464.0,385.0)
(385.0,385.0)
(385.0,385.0)
(464.0,385.0)
(385.0,385.0)
(385.0,385.0)
(464.0,385.0)
(762.0,386.0)
(409.0,386.0)
(762.0,386.0)
(762.0,386.0)
(762.0,386.0)
(386.0,386.0)
(386.0,386.0)
(386.0,386.0)
(386.0,386.0)
(448.0,386.0)
(762.0,386.0)
(386.0,386.0)
(762.0,386.0)
(762.0,386.0)
(762.0,386.0)
(762.0,386.0)
(386.0,386.0)
(762.0,386.0)
(762.0,386.0)
(386.0,386.0)
(398.0,386.0)
(386.0,386.0)
(762.0,386.0)
(762.0,386.0)
(386.0,386.0)
(762.0,386.0)
(762.0,386.0)
(762.0,386.0)
(762.0,386.0)
(762.0,386.0)
(386.0,386.0)
(762.0,386.0)
(762.0,386.0)
(762.0,386.0)
(762.0,386.0)
(386.0,386.0)
(398.0,386.0)
(386.0,386.0)
(762.0,386.0)
(387.0,386.0)
(762.0,386.0)
(762.0,386.0)
(762.0,386.0)
(762.0,386.0)
(398.0,386.0)
(762.0,386.0)
(398.0,386.0)
(386.0,386.0)
(759.0,386.0)
(762.0,386.0)
(762.0,386.0)
(398.0,386.0)
(386.0,386.0)
(762.0,386.0)
(762.0,386.0)
(398.0,386.0)
(762.0,386.0)
(398.0,386.0)
(386.0,386.0)
(385.0,386.0)
(398.0,386.0)
(386.0,386.0)
(386.0,386.0)
(386.0,386.0)
(762.0,386.0)
(762.0,386.0)
(762.0,386.0)
(386.0,386.0)
(386.0,386.0)
(398.0,386.0)
(762.0,386.0)
(762.0,386.0)
(762.0,386.0)
(762.0,386.0)
(762.0,386.0)
(398.0,386.0)
(398.0,386.0)
(393.0,386.0)
(762.0,386.0)
(398.0,386.0)
(762.0,386.0)
(398.0,386.0)
(386.0,386.0)
(479.0,386.0)
(398.0,386.0)
(762.0,386.0)
(398.0,386.0)
(398.0,386.0)
(762.0,386.0)
(386.0,386.0)
(762.0,386.0)
(762.0,386.0)
(762.0,386.0)
(762.0,386.0)
(386.0,386.0)
(762.0,386.0)
(762.0,386.0)
(398.0,386.0)
(409.0,386.0)
(398.0,386.0)
(386.0,386.0)
(762.0,386.0)
(386.0,386.0)
(386.0,386.0)
(398.0,386.0)
(388.0,386.0)
(386.0,386.0)
(398.0,386.0)
(762.0,386.0)
(762.0,386.0)
(762.0,386.0)
(398.0,386.0)
(398.0,386.0)
(762.0,386.0)
(398.0,386.0)
(386.0,386.0)
(398.0,386.0)
(762.0,386.0)
(375.0,386.0)
(762.0,386.0)
(386.0,386.0)
(464.0,386.0)
(386.0,386.0)
(762.0,386.0)
(386.0,386.0)
(762.0,386.0)
(386.0,386.0)
(386.0,386.0)
(381.0,386.0)
(762.0,386.0)
(762.0,386.0)
(386.0,386.0)
(762.0,386.0)
(386.0,386.0)
(762.0,386.0)
(386.0,386.0)
(762.0,386.0)
(386.0,386.0)
(386.0,386.0)
(386.0,386.0)
(762.0,386.0)
(762.0,386.0)
(762.0,386.0)
(386.0,386.0)
(386.0,386.0)
(398.0,386.0)
(386.0,386.0)
(762.0,386.0)
(398.0,386.0)
(398.0,386.0)
(762.0,386.0)
(464.0,386.0)
(762.0,386.0)
(386.0,386.0)
(386.0,386.0)
(762.0,386.0)
(393.0,386.0)
(762.0,386.0)
(762.0,386.0)
(387.0,386.0)
(762.0,386.0)
(398.0,386.0)
(386.0,386.0)
(762.0,386.0)
(386.0,386.0)
(398.0,386.0)
(762.0,386.0)
(762.0,386.0)
(762.0,386.0)
(398.0,386.0)
(398.0,386.0)
(386.0,386.0)
(762.0,386.0)
(398.0,386.0)
(393.0,386.0)
(386.0,386.0)
(386.0,386.0)
(386.0,386.0)
(398.0,386.0)
(762.0,386.0)
(762.0,386.0)
(386.0,386.0)
(398.0,386.0)
(438.0,386.0)
(386.0,386.0)
(762.0,386.0)
(387.0,386.0)
(386.0,386.0)
(762.0,386.0)
(386.0,386.0)
(762.0,386.0)
(387.0,386.0)
(762.0,386.0)
(464.0,386.0)
(464.0,386.0)
(387.0,386.0)
(387.0,386.0)
(748.0,386.0)
(387.0,386.0)
(762.0,386.0)
(387.0,386.0)
(387.0,386.0)
(386.0,386.0)
(387.0,386.0)
(387.0,386.0)
(387.0,386.0)
(387.0,386.0)
(386.0,386.0)
(387.0,386.0)
(440.0,386.0)
(393.0,386.0)
(387.0,386.0)
(387.0,386.0)
(387.0,386.0)
(391.0,386.0)
(386.0,386.0)
(762.0,386.0)
(386.0,386.0)
(387.0,386.0)
(387.0,386.0)
(386.0,386.0)
(387.0,386.0)
(762.0,386.0)
(444.0,386.0)
(398.0,386.0)
(387.0,386.0)
(464.0,386.0)
(387.0,386.0)
(758.0,386.0)
(375.0,386.0)
(386.0,386.0)
(387.0,386.0)
(464.0,386.0)
(464.0,386.0)
(387.0,386.0)
(387.0,386.0)
(387.0,386.0)
(386.0,386.0)
(386.0,386.0)
(762.0,386.0)
(386.0,386.0)
(387.0,386.0)
(387.0,386.0)
(387.0,386.0)
(387.0,386.0)
(386.0,386.0)
(386.0,386.0)
(387.0,386.0)
(386.0,386.0)
(762.0,386.0)
(392.0,386.0)
(386.0,386.0)
(387.0,386.0)
(387.0,386.0)
(762.0,386.0)
(762.0,386.0)
(476.0,386.0)
(386.0,386.0)
(410.0,386.0)
(387.0,386.0)
(387.0,386.0)
(387.0,386.0)
(386.0,386.0)
(762.0,386.0)
(386.0,386.0)
(386.0,386.0)
(387.0,386.0)
(387.0,386.0)
(386.0,386.0)
(414.0,386.0)
(387.0,386.0)
(762.0,386.0)
(386.0,386.0)
(387.0,386.0)
(386.0,386.0)
(387.0,386.0)
(476.0,386.0)
(387.0,386.0)
(483.0,386.0)
(385.0,386.0)
(387.0,386.0)
(762.0,386.0)
(762.0,386.0)
(386.0,386.0)
(387.0,386.0)
(762.0,386.0)
(762.0,386.0)
(762.0,386.0)
(393.0,386.0)
(771.0,386.0)
(388.0,386.0)
(386.0,386.0)
(476.0,386.0)
(762.0,386.0)
(387.0,386.0)
(387.0,386.0)
(387.0,386.0)
(464.0,386.0)
(476.0,386.0)
(744.0,386.0)
(386.0,386.0)
(387.0,386.0)
(393.0,386.0)
(464.0,386.0)
(762.0,386.0)
(759.0,386.0)
(387.0,386.0)
(387.0,386.0)
(762.0,386.0)
(386.0,386.0)
(387.0,386.0)
(393.0,386.0)
(464.0,386.0)
(464.0,386.0)
(386.0,386.0)
(386.0,386.0)
(386.0,386.0)
(762.0,386.0)
(386.0,386.0)
(762.0,386.0)
(783.0,386.0)
(387.0,386.0)
(464.0,386.0)
(386.0,386.0)
(762.0,386.0)
(387.0,386.0)
(387.0,386.0)
(387.0,386.0)
(762.0,386.0)
(386.0,386.0)
(387.0,386.0)
(762.0,386.0)
(386.0,386.0)
(387.0,386.0)
(387.0,386.0)
(464.0,386.0)
(386.0,386.0)
(387.0,386.0)
(762.0,386.0)
(386.0,386.0)
(386.0,386.0)
(386.0,386.0)
(386.0,386.0)
(387.0,386.0)
(387.0,386.0)
(387.0,386.0)
(464.0,386.0)
(386.0,386.0)
(762.0,386.0)
(762.0,386.0)
(387.0,386.0)
(387.0,386.0)
(762.0,386.0)
(387.0,386.0)
(386.0,386.0)
(387.0,386.0)
(387.0,386.0)
(762.0,386.0)
(387.0,386.0)
(387.0,386.0)
(387.0,386.0)
(385.0,386.0)
(386.0,386.0)
(386.0,386.0)
(393.0,386.0)
(464.0,386.0)
(387.0,386.0)
(464.0,386.0)
(464.0,386.0)
(762.0,386.0)
(762.0,386.0)
(387.0,386.0)
(386.0,386.0)
(762.0,386.0)
(387.0,386.0)
(387.0,386.0)
(410.0,386.0)
(386.0,386.0)
(393.0,386.0)
(464.0,386.0)
(756.0,386.0)
(387.0,386.0)
(762.0,386.0)
(387.0,386.0)
(393.0,386.0)
(464.0,386.0)
(386.0,386.0)
(409.0,386.0)
(398.0,386.0)
(387.0,386.0)
(386.0,386.0)
(386.0,386.0)
(387.0,386.0)
(387.0,386.0)
(386.0,386.0)
(387.0,386.0)
(387.0,386.0)
(410.0,386.0)
(386.0,386.0)
(762.0,386.0)
(762.0,386.0)
(387.0,386.0)
(387.0,386.0)
(519.0,386.0)
(386.0,386.0)
(416.0,386.0)
(387.0,386.0)
(386.0,386.0)
(386.0,386.0)
(762.0,386.0)
(762.0,386.0)
(387.0,386.0)
(519.0,386.0)
(386.0,386.0)
(386.0,386.0)
(387.0,386.0)
(387.0,386.0)
(386.0,386.0)
(393.0,386.0)
(387.0,386.0)
(762.0,386.0)
(387.0,386.0)
(409.0,386.0)
(386.0,386.0)
(386.0,386.0)
(398.0,386.0)
(409.0,386.0)
(387.0,386.0)
(762.0,386.0)
(762.0,386.0)
(387.0,386.0)
(387.0,386.0)
(417.0,386.0)
(762.0,386.0)
(387.0,386.0)
(386.0,386.0)
(386.0,386.0)
(387.0,386.0)
(398.0,386.0)
(464.0,386.0)
(387.0,386.0)
(386.0,386.0)
(398.0,386.0)
(386.0,386.0)
(387.0,386.0)
(387.0,386.0)
(387.0,386.0)
(387.0,386.0)
(387.0,386.0)
(387.0,386.0)
(386.0,386.0)
(397.0,386.0)
(386.0,386.0)
(386.0,386.0)
(393.0,386.0)
(387.0,386.0)
(387.0,386.0)
(409.0,386.0)
(398.0,386.0)
(464.0,386.0)
(386.0,386.0)
(386.0,386.0)
(386.0,386.0)
(387.0,386.0)
(398.0,386.0)
(387.0,386.0)
(386.0,386.0)
(386.0,386.0)
(464.0,386.0)
(438.0,386.0)
(386.0,386.0)
(386.0,386.0)
(386.0,386.0)
(386.0,386.0)
(387.0,386.0)
(386.0,386.0)
(762.0,386.0)
(387.0,386.0)
(387.0,386.0)
(762.0,386.0)
(386.0,386.0)
(386.0,386.0)
(762.0,386.0)
(519.0,386.0)
(387.0,386.0)
(386.0,386.0)
(762.0,386.0)
(386.0,386.0)
(387.0,386.0)
(387.0,386.0)
(464.0,386.0)
(386.0,386.0)
(762.0,386.0)
(762.0,386.0)
(398.0,386.0)
(398.0,386.0)
(762.0,386.0)
(762.0,386.0)
(387.0,386.0)
(387.0,386.0)
(762.0,386.0)
(386.0,386.0)
(762.0,386.0)
(762.0,386.0)
(409.0,386.0)
(386.0,386.0)
(386.0,386.0)
(762.0,386.0)
(762.0,386.0)
(406.0,386.0)
(387.0,386.0)
(762.0,386.0)
(386.0,386.0)
(386.0,386.0)
(387.0,386.0)
(386.0,386.0)
(387.0,386.0)
(386.0,386.0)
(399.0,386.0)
(387.0,386.0)
(386.0,386.0)
(386.0,386.0)
(386.0,386.0)
(387.0,386.0)
(387.0,386.0)
(387.0,386.0)
(387.0,386.0)
(762.0,386.0)
(386.0,386.0)
(387.0,386.0)
(387.0,386.0)
(387.0,386.0)
(381.0,386.0)
(386.0,386.0)
(387.0,386.0)
(387.0,386.0)
(387.0,386.0)
(762.0,386.0)
(387.0,386.0)
(386.0,386.0)
(386.0,386.0)
(762.0,386.0)
(386.0,386.0)
(386.0,386.0)
(387.0,386.0)
(387.0,386.0)
(386.0,386.0)
(386.0,386.0)
(387.0,386.0)
(762.0,386.0)
(762.0,386.0)
(762.0,386.0)
(386.0,386.0)
(386.0,386.0)
(387.0,386.0)
(386.0,386.0)
(762.0,386.0)
(386.0,386.0)
(402.0,386.0)
(393.0,386.0)
(386.0,386.0)
(386.0,386.0)
(762.0,386.0)
(386.0,386.0)
(393.0,386.0)
(386.0,386.0)
(393.0,386.0)
(762.0,386.0)
(464.0,386.0)
(386.0,386.0)
(386.0,386.0)
(393.0,386.0)
(448.0,386.0)
(393.0,386.0)
(464.0,386.0)
(386.0,386.0)
(476.0,386.0)
(386.0,386.0)
(386.0,386.0)
(386.0,386.0)
(393.0,386.0)
(393.0,386.0)
(386.0,386.0)
(386.0,386.0)
(387.0,386.0)
(386.0,386.0)
(398.0,386.0)
(386.0,386.0)
(386.0,386.0)
(464.0,386.0)
(464.0,386.0)
(409.0,386.0)
(398.0,386.0)
(464.0,386.0)
(386.0,386.0)
(762.0,386.0)
(410.0,386.0)
(386.0,386.0)
(393.0,386.0)
(393.0,386.0)
(393.0,386.0)
(464.0,386.0)
(386.0,386.0)
(409.0,386.0)
(448.0,386.0)
(762.0,386.0)
(393.0,386.0)
(393.0,386.0)
(762.0,386.0)
(393.0,386.0)
(388.0,386.0)
(448.0,386.0)
(393.0,386.0)
(386.0,386.0)
(387.0,386.0)
(386.0,386.0)
(393.0,386.0)
(762.0,386.0)
(393.0,386.0)
(438.0,386.0)
(464.0,386.0)
(386.0,386.0)
(393.0,386.0)
(398.0,386.0)
(464.0,386.0)
(762.0,386.0)
(385.0,386.0)
(398.0,386.0)
(464.0,386.0)
(386.0,386.0)
(448.0,386.0)
(393.0,386.0)
(464.0,386.0)
(398.0,386.0)
(387.0,386.0)
(386.0,386.0)
(448.0,386.0)
(393.0,386.0)
(398.0,386.0)
(386.0,386.0)
(386.0,386.0)
(398.0,386.0)
(393.0,386.0)
(762.0,386.0)
(464.0,386.0)
(386.0,386.0)
(393.0,386.0)
(386.0,386.0)
(398.0,386.0)
(464.0,386.0)
(387.0,386.0)
(393.0,386.0)
(386.0,386.0)
(762.0,386.0)
(386.0,386.0)
(464.0,386.0)
(464.0,386.0)
(386.0,386.0)
(762.0,386.0)
(464.0,386.0)
(386.0,386.0)
(448.0,386.0)
(386.0,386.0)
(393.0,386.0)
(464.0,386.0)
(393.0,386.0)
(398.0,386.0)
(398.0,386.0)
(464.0,386.0)
(464.0,386.0)
(393.0,386.0)
(393.0,386.0)
(393.0,386.0)
(393.0,386.0)
(393.0,386.0)
(393.0,386.0)
(386.0,386.0)
(386.0,386.0)
(398.0,386.0)
(386.0,386.0)
(398.0,386.0)
(393.0,386.0)
(398.0,386.0)
(386.0,386.0)
(386.0,386.0)
(386.0,386.0)
(393.0,386.0)
(762.0,386.0)
(386.0,386.0)
(464.0,386.0)
(386.0,386.0)
(386.0,386.0)
(464.0,386.0)
(759.0,386.0)
(393.0,386.0)
(762.0,386.0)
(386.0,386.0)
(386.0,386.0)
(464.0,386.0)
(386.0,386.0)
(386.0,386.0)
(448.0,386.0)
(386.0,386.0)
(386.0,386.0)
(385.0,386.0)
(393.0,386.0)
(386.0,386.0)
(393.0,386.0)
(464.0,386.0)
(386.0,386.0)
(387.0,386.0)
(386.0,386.0)
(386.0,386.0)
(464.0,386.0)
(398.0,386.0)
(461.0,386.0)
(393.0,386.0)
(386.0,386.0)
(464.0,386.0)
(762.0,386.0)
(393.0,386.0)
(762.0,386.0)
(446.0,386.0)
(386.0,386.0)
(398.0,386.0)
(762.0,386.0)
(398.0,386.0)
(386.0,386.0)
(393.0,386.0)
(386.0,386.0)
(386.0,386.0)
(410.0,386.0)
(386.0,386.0)
(476.0,386.0)
(393.0,386.0)
(386.0,386.0)
(762.0,386.0)
(464.0,386.0)
(398.0,386.0)
(386.0,386.0)
(393.0,386.0)
(387.0,386.0)
(386.0,386.0)
(762.0,386.0)
(393.0,386.0)
(393.0,386.0)
(386.0,386.0)
(393.0,386.0)
(393.0,386.0)
(393.0,386.0)
(393.0,386.0)
(464.0,386.0)
(464.0,386.0)
(386.0,386.0)
(387.0,386.0)
(393.0,386.0)
(387.0,386.0)
(386.0,386.0)
(387.0,386.0)
(398.0,386.0)
(762.0,386.0)
(393.0,386.0)
(386.0,386.0)
(387.0,386.0)
(387.0,386.0)
(387.0,386.0)
(393.0,386.0)
(386.0,386.0)
(762.0,386.0)
(393.0,386.0)
(464.0,386.0)
(386.0,386.0)
(387.0,386.0)
(476.0,386.0)
(387.0,386.0)
(387.0,386.0)
(387.0,386.0)
(387.0,386.0)
(762.0,386.0)
(393.0,386.0)
(464.0,386.0)
(387.0,386.0)
(387.0,386.0)
(762.0,386.0)
(464.0,386.0)
(436.0,386.0)
(448.0,386.0)
(398.0,386.0)
(393.0,386.0)
(386.0,386.0)
(464.0,386.0)
(386.0,386.0)
(387.0,386.0)
(387.0,386.0)
(464.0,386.0)
(387.0,386.0)
(762.0,386.0)
(483.0,386.0)
(387.0,386.0)
(393.0,386.0)
(387.0,386.0)
(409.0,386.0)
(387.0,386.0)
(762.0,386.0)
(387.0,386.0)
(387.0,386.0)
(387.0,386.0)
(386.0,386.0)
(386.0,386.0)
(398.0,386.0)
(386.0,386.0)
(448.0,386.0)
(387.0,386.0)
(387.0,386.0)
(464.0,386.0)
(386.0,386.0)
(387.0,386.0)
(398.0,386.0)
(387.0,386.0)
(386.0,386.0)
(398.0,386.0)
(448.0,386.0)
(387.0,386.0)
(387.0,386.0)
(762.0,386.0)
(762.0,386.0)
(464.0,386.0)
(762.0,386.0)
(387.0,386.0)
(387.0,386.0)
(762.0,386.0)
(387.0,386.0)
(464.0,386.0)
(464.0,386.0)
(393.0,386.0)
(386.0,386.0)
(762.0,386.0)
(464.0,386.0)
(762.0,386.0)
(387.0,386.0)
(762.0,386.0)
(387.0,386.0)
(762.0,386.0)
(399.0,386.0)
(464.0,386.0)
(762.0,386.0)
(387.0,386.0)
(387.0,386.0)
(476.0,386.0)
(387.0,386.0)
(762.0,386.0)
(464.0,386.0)
(386.0,386.0)
(387.0,386.0)
(798.0,386.0)
(386.0,386.0)
(476.0,386.0)
(762.0,386.0)
(464.0,386.0)
(386.0,386.0)
(762.0,386.0)
(387.0,386.0)
(387.0,386.0)
(762.0,386.0)
(416.0,386.0)
(762.0,386.0)
(387.0,386.0)
(387.0,386.0)
(386.0,386.0)
(387.0,386.0)
(387.0,386.0)
(387.0,386.0)
(387.0,386.0)
(386.0,386.0)
(387.0,386.0)
(393.0,386.0)
(421.0,386.0)
(448.0,386.0)
(386.0,386.0)
(386.0,386.0)
(762.0,386.0)
(389.0,386.0)
(386.0,386.0)
(464.0,386.0)
(387.0,386.0)
(393.0,386.0)
(461.0,386.0)
(387.0,386.0)
(762.0,386.0)
(448.0,386.0)
(387.0,386.0)
(387.0,386.0)
(387.0,386.0)
(387.0,386.0)
(762.0,386.0)
(410.0,386.0)
(386.0,386.0)
(386.0,386.0)
(387.0,386.0)
(762.0,386.0)
(386.0,386.0)
(386.0,386.0)
(386.0,386.0)
(762.0,386.0)
(464.0,386.0)
(387.0,386.0)
(389.0,386.0)
(386.0,386.0)
(387.0,386.0)
(387.0,386.0)
(387.0,386.0)
(476.0,386.0)
(387.0,386.0)
(387.0,386.0)
(476.0,386.0)
(762.0,386.0)
(476.0,386.0)
(386.0,386.0)
(387.0,386.0)
(387.0,386.0)
(386.0,386.0)
(387.0,386.0)
(386.0,386.0)
(393.0,386.0)
(387.0,386.0)
(393.0,386.0)
(387.0,386.0)
(409.0,386.0)
(387.0,386.0)
(464.0,386.0)
(464.0,386.0)
(387.0,386.0)
(387.0,386.0)
(387.0,386.0)
(387.0,386.0)
(387.0,386.0)
(386.0,386.0)
(759.0,386.0)
(387.0,386.0)
(386.0,386.0)
(762.0,386.0)
(762.0,386.0)
(387.0,386.0)
(387.0,386.0)
(476.0,386.0)
(762.0,386.0)
(386.0,386.0)
(464.0,386.0)
(398.0,386.0)
(387.0,386.0)
(762.0,386.0)
(386.0,386.0)
(386.0,386.0)
(386.0,386.0)
(386.0,386.0)
(386.0,386.0)
(386.0,386.0)
(386.0,386.0)
(386.0,386.0)
(386.0,386.0)
(386.0,386.0)
(386.0,386.0)
(386.0,386.0)
(386.0,386.0)
(386.0,386.0)
(756.0,386.0)
(386.0,386.0)
(386.0,386.0)
(386.0,386.0)
(386.0,386.0)
(386.0,386.0)
(386.0,386.0)
(386.0,386.0)
(386.0,386.0)
(386.0,386.0)
(386.0,386.0)
(386.0,386.0)
(386.0,386.0)
(386.0,386.0)
(386.0,386.0)
(386.0,386.0)
(386.0,386.0)
(386.0,386.0)
(386.0,386.0)
(386.0,386.0)
(386.0,386.0)
(386.0,386.0)
(386.0,386.0)
(386.0,386.0)
(386.0,386.0)
(386.0,386.0)
(386.0,386.0)
(386.0,386.0)
(386.0,386.0)
(386.0,386.0)
(386.0,386.0)
(386.0,386.0)
(386.0,386.0)
(386.0,386.0)
(386.0,386.0)
(386.0,386.0)
(386.0,386.0)
(386.0,386.0)
(386.0,386.0)
(386.0,386.0)
(386.0,386.0)
(386.0,386.0)
(386.0,386.0)
(386.0,386.0)
(386.0,386.0)
(386.0,386.0)
(386.0,386.0)
(386.0,386.0)
(386.0,386.0)
(386.0,386.0)
(386.0,386.0)
(448.0,386.0)
(386.0,386.0)
(386.0,386.0)
(386.0,386.0)
(386.0,386.0)
(386.0,386.0)
(386.0,386.0)
(386.0,386.0)
(386.0,386.0)
(386.0,386.0)
(386.0,386.0)
(386.0,386.0)
(386.0,386.0)
(386.0,386.0)
(386.0,386.0)
(386.0,386.0)
(386.0,386.0)
(386.0,386.0)
(386.0,386.0)
(386.0,386.0)
(386.0,386.0)
(386.0,386.0)
(386.0,386.0)
(386.0,386.0)
(386.0,386.0)
(386.0,386.0)
(386.0,386.0)
(386.0,386.0)
(386.0,386.0)
(386.0,386.0)
(386.0,386.0)
(386.0,386.0)
(386.0,386.0)
(386.0,386.0)
(386.0,386.0)
(386.0,386.0)
(386.0,386.0)
(386.0,386.0)
(386.0,386.0)
(386.0,386.0)
(386.0,386.0)
(386.0,386.0)
(386.0,386.0)
(386.0,386.0)
(386.0,386.0)
(386.0,386.0)
(386.0,386.0)
(386.0,386.0)
(386.0,386.0)
(381.0,386.0)
(386.0,386.0)
(386.0,386.0)
(386.0,386.0)
(386.0,386.0)
(386.0,386.0)
(386.0,386.0)
(386.0,386.0)
(386.0,386.0)
(448.0,386.0)
(386.0,386.0)
(386.0,386.0)
(756.0,386.0)
(386.0,386.0)
(386.0,386.0)
(386.0,386.0)
(386.0,386.0)
(386.0,386.0)
(386.0,386.0)
(386.0,386.0)
(386.0,386.0)
(386.0,386.0)
(386.0,386.0)
(386.0,386.0)
(386.0,386.0)
(386.0,386.0)
(386.0,386.0)
(386.0,386.0)
(386.0,386.0)
(386.0,386.0)
(386.0,386.0)
(386.0,386.0)
(386.0,386.0)
(386.0,386.0)
(386.0,386.0)
(386.0,386.0)
(386.0,386.0)
(386.0,386.0)
(386.0,386.0)
(417.0,386.0)
(386.0,386.0)
(448.0,386.0)
(386.0,386.0)
(386.0,386.0)
(447.0,386.0)
(386.0,386.0)
(757.0,386.0)
(386.0,386.0)
(386.0,386.0)
(386.0,386.0)
(386.0,386.0)
(386.0,386.0)
(386.0,386.0)
(386.0,386.0)
(757.0,386.0)
(386.0,386.0)
(386.0,386.0)
(397.0,386.0)
(756.0,386.0)
(386.0,386.0)
(386.0,386.0)
(459.0,386.0)
(417.0,386.0)
(386.0,386.0)
(386.0,386.0)
(386.0,386.0)
(386.0,386.0)
(756.0,386.0)
(386.0,386.0)
(386.0,386.0)
(386.0,386.0)
(386.0,386.0)
(386.0,386.0)
(386.0,386.0)
(448.0,386.0)
(386.0,386.0)
(386.0,386.0)
(386.0,386.0)
(387.0,386.0)
(386.0,386.0)
(386.0,386.0)
(386.0,386.0)
(386.0,386.0)
(386.0,386.0)
(386.0,386.0)
(386.0,386.0)
(386.0,386.0)
(386.0,386.0)
(354.0,386.0)
(417.0,386.0)
(386.0,386.0)
(386.0,386.0)
(386.0,386.0)
(386.0,386.0)
(386.0,386.0)
(386.0,386.0)
(386.0,386.0)
(386.0,386.0)
(386.0,386.0)
(386.0,386.0)
(386.0,386.0)
(386.0,386.0)
(386.0,386.0)
(386.0,386.0)
(386.0,386.0)
(386.0,386.0)
(386.0,386.0)
(386.0,386.0)
(386.0,386.0)
(386.0,386.0)
(386.0,386.0)
(386.0,386.0)
(386.0,386.0)
(386.0,386.0)
(386.0,386.0)
(386.0,386.0)
(386.0,386.0)
(386.0,386.0)
(482.0,386.0)
(386.0,386.0)
(386.0,386.0)
(386.0,386.0)
(386.0,386.0)
(386.0,386.0)
(386.0,386.0)
(386.0,386.0)
(386.0,386.0)
(386.0,386.0)
(386.0,386.0)
(386.0,386.0)
(386.0,386.0)
(386.0,386.0)
(386.0,386.0)
(417.0,386.0)
(386.0,386.0)
(386.0,386.0)
(386.0,386.0)
(386.0,386.0)
(386.0,386.0)
(386.0,386.0)
(386.0,386.0)
(386.0,386.0)
(417.0,386.0)
(417.0,386.0)
(386.0,386.0)
(386.0,386.0)
(386.0,386.0)
(386.0,386.0)
(386.0,386.0)
(386.0,386.0)
(386.0,386.0)
(386.0,386.0)
(386.0,386.0)
(386.0,386.0)
(386.0,386.0)
(386.0,386.0)
(386.0,386.0)
(386.0,386.0)
(386.0,386.0)
(386.0,386.0)
(386.0,386.0)
(386.0,386.0)
(386.0,386.0)
(386.0,386.0)
(386.0,386.0)
(386.0,386.0)
(386.0,386.0)
(386.0,386.0)
(386.0,386.0)
(386.0,386.0)
(386.0,386.0)
(386.0,386.0)
(386.0,386.0)
(386.0,386.0)
(386.0,386.0)
(386.0,386.0)
(386.0,386.0)
(386.0,386.0)
(386.0,386.0)
(386.0,386.0)
(417.0,386.0)
(475.0,386.0)
(386.0,386.0)
(386.0,386.0)
(417.0,386.0)
(386.0,386.0)
(386.0,386.0)
(386.0,386.0)
(386.0,386.0)
(386.0,386.0)
(417.0,386.0)
(386.0,386.0)
(386.0,386.0)
(386.0,386.0)
(386.0,386.0)
(386.0,386.0)
(386.0,386.0)
(386.0,386.0)
(386.0,386.0)
(386.0,386.0)
(386.0,386.0)
(386.0,386.0)
(386.0,386.0)
(386.0,386.0)
(386.0,386.0)
(386.0,386.0)
(386.0,386.0)
(386.0,386.0)
(386.0,386.0)
(386.0,386.0)
(386.0,386.0)
(386.0,386.0)
(386.0,386.0)
(386.0,386.0)
(386.0,386.0)
(386.0,386.0)
(386.0,386.0)
(386.0,386.0)
(386.0,386.0)
(417.0,386.0)
(386.0,386.0)
(386.0,386.0)
(386.0,386.0)
(417.0,386.0)
(386.0,386.0)
(417.0,386.0)
(399.0,386.0)
(386.0,386.0)
(386.0,386.0)
(386.0,386.0)
(386.0,386.0)
(417.0,386.0)
(417.0,386.0)
(386.0,386.0)
(417.0,386.0)
(447.0,386.0)
(386.0,386.0)
(386.0,386.0)
(386.0,386.0)
(386.0,386.0)
(386.0,386.0)
(386.0,386.0)
(386.0,386.0)
(386.0,386.0)
(386.0,386.0)
(386.0,386.0)
(386.0,386.0)
(386.0,386.0)
(386.0,386.0)
(386.0,386.0)
(386.0,386.0)
(386.0,386.0)
(386.0,386.0)
(417.0,386.0)
(386.0,386.0)
(386.0,386.0)
(386.0,386.0)
(386.0,386.0)
(386.0,386.0)
(386.0,386.0)
(386.0,386.0)
(386.0,386.0)
(386.0,386.0)
(386.0,386.0)
(386.0,386.0)
(386.0,386.0)
(386.0,386.0)
(386.0,386.0)
(386.0,386.0)
(386.0,386.0)
(417.0,386.0)
(476.0,386.0)
(398.0,386.0)
(386.0,386.0)
(762.0,386.0)
(387.0,386.0)
(386.0,386.0)
(762.0,386.0)
(387.0,386.0)
(386.0,386.0)
(762.0,386.0)
(762.0,386.0)
(762.0,386.0)
(398.0,386.0)
(387.0,386.0)
(464.0,386.0)
(387.0,386.0)
(393.0,386.0)
(436.0,386.0)
(464.0,386.0)
(762.0,386.0)
(387.0,386.0)
(387.0,386.0)
(464.0,386.0)
(386.0,386.0)
(476.0,386.0)
(387.0,386.0)
(386.0,386.0)
(391.0,386.0)
(386.0,386.0)
(386.0,386.0)
(387.0,386.0)
(474.0,386.0)
(762.0,386.0)
(386.0,386.0)
(387.0,386.0)
(386.0,386.0)
(387.0,386.0)
(448.0,386.0)
(387.0,386.0)
(398.0,386.0)
(762.0,386.0)
(762.0,386.0)
(387.0,386.0)
(387.0,386.0)
(387.0,386.0)
(387.0,386.0)
(745.0,386.0)
(762.0,386.0)
(387.0,386.0)
(406.0,386.0)
(464.0,386.0)
(393.0,386.0)
(387.0,386.0)
(387.0,386.0)
(387.0,386.0)
(762.0,386.0)
(464.0,386.0)
(762.0,386.0)
(762.0,386.0)
(386.0,386.0)
(386.0,386.0)
(386.0,386.0)
(398.0,386.0)
(464.0,386.0)
(409.0,386.0)
(386.0,386.0)
(391.0,386.0)
(387.0,386.0)
(389.0,386.0)
(393.0,386.0)
(762.0,386.0)
(386.0,386.0)
(464.0,386.0)
(762.0,386.0)
(762.0,386.0)
(476.0,386.0)
(387.0,386.0)
(387.0,386.0)
(386.0,386.0)
(387.0,386.0)
(387.0,386.0)
(398.0,386.0)
(387.0,386.0)
(387.0,386.0)
(387.0,386.0)
(386.0,386.0)
(386.0,386.0)
(448.0,386.0)
(386.0,386.0)
(410.0,386.0)
(387.0,386.0)
(393.0,386.0)
(762.0,386.0)
(387.0,386.0)
(762.0,386.0)
(398.0,386.0)
(387.0,386.0)
(762.0,386.0)
(762.0,386.0)
(464.0,386.0)
(762.0,386.0)
(387.0,386.0)
(386.0,386.0)
(393.0,386.0)
(762.0,386.0)
(387.0,386.0)
(386.0,386.0)
(393.0,386.0)
(386.0,386.0)
(762.0,386.0)
(387.0,386.0)
(387.0,386.0)
(387.0,386.0)
(476.0,386.0)
(386.0,386.0)
(387.0,386.0)
(398.0,386.0)
(448.0,386.0)
(387.0,386.0)
(762.0,386.0)
(387.0,386.0)
(387.0,386.0)
(387.0,386.0)
(387.0,386.0)
(386.0,386.0)
(387.0,386.0)
(476.0,386.0)
(398.0,386.0)
(387.0,386.0)
(387.0,386.0)
(398.0,386.0)
(387.0,386.0)
(386.0,386.0)
(386.0,386.0)
(387.0,386.0)
(387.0,386.0)
(387.0,386.0)
(762.0,386.0)
(387.0,386.0)
(393.0,386.0)
(387.0,386.0)
(386.0,386.0)
(762.0,386.0)
(762.0,386.0)
(386.0,386.0)
(387.0,386.0)
(762.0,386.0)
(387.0,386.0)
(464.0,386.0)
(386.0,386.0)
(387.0,386.0)
(762.0,386.0)
(393.0,386.0)
(387.0,386.0)
(386.0,386.0)
(762.0,386.0)
(762.0,386.0)
(409.0,386.0)
(762.0,386.0)
(762.0,386.0)
(762.0,386.0)
(386.0,386.0)
(389.0,386.0)
(393.0,386.0)
(762.0,386.0)
(387.0,386.0)
(762.0,386.0)
(387.0,386.0)
(464.0,386.0)
(387.0,386.0)
(464.0,386.0)
(762.0,386.0)
(762.0,386.0)
(399.0,386.0)
(387.0,386.0)
(762.0,386.0)
(762.0,386.0)
(758.0,386.0)
(393.0,386.0)
(386.0,386.0)
(386.0,386.0)
(387.0,386.0)
(387.0,386.0)
(387.0,386.0)
(391.0,386.0)
(762.0,386.0)
(387.0,386.0)
(393.0,386.0)
(464.0,386.0)
(386.0,386.0)
(393.0,386.0)
(386.0,386.0)
(386.0,386.0)
(386.0,386.0)
(386.0,386.0)
(386.0,386.0)
(386.0,386.0)
(386.0,386.0)
(386.0,386.0)
(386.0,386.0)
(399.0,386.0)
(386.0,386.0)
(386.0,386.0)
(386.0,386.0)
(386.0,386.0)
(386.0,386.0)
(386.0,386.0)
(386.0,386.0)
(386.0,386.0)
(386.0,386.0)
(386.0,386.0)
(756.0,386.0)
(386.0,386.0)
(398.0,386.0)
(399.0,386.0)
(386.0,386.0)
(398.0,386.0)
(398.0,386.0)
(386.0,386.0)
(386.0,386.0)
(398.0,386.0)
(399.0,386.0)
(386.0,386.0)
(386.0,386.0)
(386.0,386.0)
(386.0,386.0)
(399.0,386.0)
(386.0,386.0)
(398.0,386.0)
(386.0,386.0)
(386.0,386.0)
(386.0,386.0)
(386.0,386.0)
(399.0,386.0)
(386.0,386.0)
(386.0,386.0)
(386.0,386.0)
(398.0,386.0)
(386.0,386.0)
(398.0,386.0)
(386.0,386.0)
(399.0,386.0)
(386.0,386.0)
(386.0,386.0)
(386.0,386.0)
(387.0,386.0)
(386.0,386.0)
(386.0,386.0)
(398.0,386.0)
(386.0,386.0)
(386.0,386.0)
(386.0,386.0)
(386.0,386.0)
(386.0,386.0)
(386.0,386.0)
(386.0,386.0)
(386.0,386.0)
(387.0,386.0)
(386.0,386.0)
(386.0,386.0)
(386.0,386.0)
(386.0,386.0)
(386.0,386.0)
(386.0,386.0)
(386.0,386.0)
(386.0,386.0)
(386.0,386.0)
(386.0,386.0)
(386.0,386.0)
(386.0,386.0)
(386.0,386.0)
(386.0,386.0)
(398.0,386.0)
(784.0,386.0)
(386.0,386.0)
(386.0,386.0)
(386.0,386.0)
(387.0,386.0)
(386.0,386.0)
(386.0,386.0)
(398.0,386.0)
(417.0,386.0)
(386.0,386.0)
(386.0,386.0)
(386.0,386.0)
(386.0,386.0)
(386.0,386.0)
(386.0,386.0)
(386.0,386.0)
(417.0,386.0)
(386.0,386.0)
(386.0,386.0)
(386.0,386.0)
(386.0,386.0)
(386.0,386.0)
(386.0,386.0)
(386.0,386.0)
(386.0,386.0)
(386.0,386.0)
(386.0,386.0)
(386.0,386.0)
(398.0,386.0)
(386.0,386.0)
(386.0,386.0)
(386.0,386.0)
(386.0,386.0)
(386.0,386.0)
(386.0,386.0)
(386.0,386.0)
(386.0,386.0)
(386.0,386.0)
(417.0,386.0)
(386.0,386.0)
(756.0,386.0)
(386.0,386.0)
(417.0,386.0)
(386.0,386.0)
(386.0,386.0)
(417.0,386.0)
(386.0,386.0)
(386.0,386.0)
(386.0,386.0)
(421.0,386.0)
(386.0,386.0)
(386.0,386.0)
(386.0,386.0)
(386.0,386.0)
(399.0,386.0)
(386.0,386.0)
(387.0,386.0)
(386.0,386.0)
(386.0,386.0)
(386.0,386.0)
(386.0,386.0)
(756.0,386.0)
(386.0,386.0)
(386.0,386.0)
(386.0,386.0)
(386.0,386.0)
(386.0,386.0)
(386.0,386.0)
(386.0,386.0)
(386.0,386.0)
(386.0,386.0)
(386.0,386.0)
(386.0,386.0)
(386.0,386.0)
(386.0,386.0)
(386.0,386.0)
(386.0,386.0)
(386.0,386.0)
(417.0,386.0)
(756.0,386.0)
(398.0,386.0)
(756.0,386.0)
(386.0,386.0)
(387.0,386.0)
(386.0,386.0)
(386.0,386.0)
(386.0,386.0)
(398.0,386.0)
(386.0,386.0)
(417.0,386.0)
(386.0,386.0)
(398.0,386.0)
(398.0,386.0)
(386.0,386.0)
(386.0,386.0)
(386.0,386.0)
(386.0,386.0)
(386.0,386.0)
(386.0,386.0)
(386.0,386.0)
(386.0,386.0)
(387.0,386.0)
(373.0,386.0)
(386.0,386.0)
(399.0,386.0)
(387.0,386.0)
(386.0,386.0)
(386.0,386.0)
(387.0,386.0)
(398.0,386.0)
(386.0,386.0)
(386.0,386.0)
(399.0,386.0)
(386.0,386.0)
(386.0,386.0)
(430.0,386.0)
(386.0,386.0)
(386.0,386.0)
(386.0,386.0)
(386.0,386.0)
(386.0,386.0)
(386.0,386.0)
(386.0,386.0)
(386.0,386.0)
(387.0,386.0)
(386.0,386.0)
(386.0,386.0)
(387.0,386.0)
(386.0,386.0)
(387.0,386.0)
(386.0,386.0)
(386.0,386.0)
(386.0,386.0)
(387.0,386.0)
(417.0,386.0)
(386.0,386.0)
(756.0,386.0)
(386.0,386.0)
(386.0,386.0)
(386.0,386.0)
(417.0,386.0)
(448.0,386.0)
(386.0,386.0)
(387.0,386.0)
(386.0,386.0)
(417.0,386.0)
(386.0,386.0)
(386.0,386.0)
(386.0,386.0)
(386.0,386.0)
(386.0,386.0)
(386.0,386.0)
(387.0,386.0)
(386.0,386.0)
(386.0,386.0)
(386.0,386.0)
(386.0,386.0)
(386.0,386.0)
(399.0,386.0)
(387.0,386.0)
(398.0,386.0)
(386.0,386.0)
(417.0,386.0)
(386.0,386.0)
(386.0,386.0)
(461.0,386.0)
(386.0,386.0)
(387.0,386.0)
(386.0,386.0)
(386.0,386.0)
(387.0,386.0)
(386.0,386.0)
(386.0,386.0)
(386.0,386.0)
(386.0,386.0)
(386.0,386.0)
(386.0,386.0)
(386.0,386.0)
(386.0,386.0)
(386.0,386.0)
(386.0,386.0)
(386.0,386.0)
(417.0,386.0)
(386.0,386.0)
(386.0,386.0)
(387.0,386.0)
(386.0,386.0)
(386.0,386.0)
(387.0,386.0)
(386.0,386.0)
(386.0,386.0)
(386.0,386.0)
(386.0,386.0)
(386.0,386.0)
(386.0,386.0)
(417.0,386.0)
(386.0,386.0)
(386.0,386.0)
(386.0,386.0)
(386.0,386.0)
(761.0,386.0)
(386.0,386.0)
(386.0,386.0)
(386.0,386.0)
(386.0,386.0)
(398.0,386.0)
(381.0,386.0)
(386.0,386.0)
(386.0,386.0)
(387.0,386.0)
(386.0,386.0)
(386.0,386.0)
(386.0,386.0)
(386.0,386.0)
(386.0,386.0)
(386.0,386.0)
(386.0,386.0)
(417.0,386.0)
(386.0,386.0)
(386.0,386.0)
(386.0,386.0)
(386.0,386.0)
(386.0,386.0)
(386.0,386.0)
(386.0,386.0)
(386.0,386.0)
(386.0,386.0)
(386.0,386.0)
(386.0,386.0)
(386.0,386.0)
(386.0,386.0)
(386.0,386.0)
(386.0,386.0)
(386.0,386.0)
(386.0,386.0)
(386.0,386.0)
(386.0,386.0)
(386.0,386.0)
(386.0,386.0)
(386.0,386.0)
(386.0,386.0)
(386.0,386.0)
(386.0,386.0)
(386.0,386.0)
(386.0,386.0)
(386.0,386.0)
(386.0,386.0)
(386.0,386.0)
(386.0,386.0)
(386.0,386.0)
(386.0,386.0)
(386.0,386.0)
(386.0,386.0)
(386.0,386.0)
(417.0,386.0)
(386.0,386.0)
(386.0,386.0)
(386.0,386.0)
(387.0,386.0)
(386.0,386.0)
(386.0,386.0)
(386.0,386.0)
(386.0,386.0)
(756.0,386.0)
(387.0,386.0)
(386.0,386.0)
(386.0,386.0)
(386.0,386.0)
(386.0,386.0)
(386.0,386.0)
(386.0,386.0)
(386.0,386.0)
(417.0,386.0)
(386.0,386.0)
(386.0,386.0)
(386.0,386.0)
(399.0,386.0)
(461.0,386.0)
(386.0,386.0)
(386.0,386.0)
(387.0,386.0)
(386.0,386.0)
(386.0,386.0)
(387.0,386.0)
(386.0,386.0)
(386.0,386.0)
(386.0,386.0)
(417.0,386.0)
(387.0,386.0)
(386.0,386.0)
(387.0,386.0)
(386.0,386.0)
(386.0,386.0)
(386.0,386.0)
(386.0,386.0)
(386.0,386.0)
(386.0,386.0)
(386.0,386.0)
(398.0,386.0)
(386.0,386.0)
(417.0,386.0)
(386.0,386.0)
(386.0,386.0)
(386.0,386.0)
(417.0,386.0)
(386.0,386.0)
(386.0,386.0)
(386.0,386.0)
(386.0,386.0)
(387.0,386.0)
(398.0,386.0)
(386.0,386.0)
(386.0,386.0)
(386.0,386.0)
(386.0,386.0)
(417.0,386.0)
(387.0,386.0)
(387.0,386.0)
(417.0,386.0)
(386.0,386.0)
(399.0,386.0)
(386.0,386.0)
(386.0,386.0)
(387.0,386.0)
(387.0,386.0)
(386.0,386.0)
(386.0,386.0)
(386.0,386.0)
(386.0,386.0)
(386.0,386.0)
(386.0,386.0)
(386.0,386.0)
(417.0,386.0)
(387.0,386.0)
(386.0,386.0)
(386.0,386.0)
(391.0,386.0)
(386.0,386.0)
(386.0,386.0)
(386.0,386.0)
(386.0,386.0)
(386.0,386.0)
(386.0,386.0)
(471.0,386.0)
(386.0,386.0)
(386.0,386.0)
(386.0,386.0)
(386.0,386.0)
(386.0,386.0)
(386.0,386.0)
(386.0,386.0)
(386.0,386.0)
(386.0,386.0)
(386.0,386.0)
(386.0,386.0)
(416.0,386.0)
(386.0,386.0)
(421.0,386.0)
(386.0,386.0)
(386.0,386.0)
(386.0,386.0)
(386.0,386.0)
(386.0,386.0)
(386.0,386.0)
(386.0,386.0)
(386.0,386.0)
(386.0,386.0)
(386.0,386.0)
(386.0,386.0)
(387.0,386.0)
(387.0,386.0)
(386.0,386.0)
(387.0,386.0)
(387.0,386.0)
(417.0,386.0)
(386.0,386.0)
(386.0,386.0)
(386.0,386.0)
(386.0,386.0)
(386.0,386.0)
(386.0,386.0)
(417.0,386.0)
(386.0,386.0)
(386.0,386.0)
(386.0,386.0)
(386.0,386.0)
(417.0,386.0)
(387.0,386.0)
(386.0,386.0)
(386.0,386.0)
(386.0,386.0)
(386.0,386.0)
(386.0,386.0)
(386.0,386.0)
(386.0,386.0)
(386.0,386.0)
(386.0,386.0)
(417.0,386.0)
(386.0,386.0)
(386.0,386.0)
(386.0,386.0)
(417.0,386.0)
(391.0,386.0)
(386.0,386.0)
(756.0,386.0)
(386.0,386.0)
(386.0,386.0)
(399.0,386.0)
(386.0,386.0)
(386.0,386.0)
(387.0,386.0)
(386.0,386.0)
(387.0,386.0)
(386.0,386.0)
(386.0,386.0)
(386.0,386.0)
(386.0,386.0)
(386.0,386.0)
(386.0,386.0)
(386.0,386.0)
(386.0,386.0)
(386.0,386.0)
(386.0,386.0)
(386.0,386.0)
(387.0,386.0)
(386.0,386.0)
(386.0,386.0)
(386.0,386.0)
(386.0,386.0)
(386.0,386.0)
(386.0,386.0)
(386.0,386.0)
(386.0,386.0)
(386.0,386.0)
(386.0,386.0)
(398.0,386.0)
(386.0,386.0)
(479.0,386.0)
(386.0,386.0)
(386.0,386.0)
(386.0,386.0)
(387.0,386.0)
(387.0,386.0)
(386.0,386.0)
(386.0,386.0)
(386.0,386.0)
(386.0,386.0)
(386.0,386.0)
(386.0,386.0)
(386.0,386.0)
(386.0,386.0)
(386.0,386.0)
(386.0,386.0)
(756.0,386.0)
(386.0,386.0)
(386.0,386.0)
(386.0,386.0)
(386.0,386.0)
(386.0,386.0)
(386.0,386.0)
(386.0,386.0)
(386.0,386.0)
(386.0,386.0)
(386.0,386.0)
(386.0,386.0)
(386.0,386.0)
(386.0,386.0)
(386.0,386.0)
(430.0,386.0)
(386.0,386.0)
(386.0,386.0)
(399.0,386.0)
(386.0,386.0)
(386.0,386.0)
(386.0,386.0)
(386.0,386.0)
(386.0,386.0)
(386.0,386.0)
(387.0,386.0)
(386.0,386.0)
(386.0,386.0)
(387.0,386.0)
(386.0,386.0)
(386.0,386.0)
(386.0,386.0)
(386.0,386.0)
(399.0,386.0)
(386.0,386.0)
(386.0,386.0)
(386.0,386.0)
(386.0,386.0)
(386.0,386.0)
(386.0,386.0)
(386.0,386.0)
(386.0,386.0)
(386.0,386.0)
(386.0,386.0)
(387.0,386.0)
(387.0,386.0)
(387.0,386.0)
(386.0,386.0)
(387.0,386.0)
(387.0,386.0)
(386.0,386.0)
(386.0,386.0)
(381.0,386.0)
(386.0,386.0)
(386.0,386.0)
(386.0,386.0)
(386.0,386.0)
(417.0,386.0)
(386.0,386.0)
(386.0,386.0)
(417.0,386.0)
(386.0,386.0)
(386.0,386.0)
(386.0,386.0)
(387.0,386.0)
(386.0,386.0)
(386.0,386.0)
(417.0,386.0)
(386.0,386.0)
(386.0,386.0)
(386.0,386.0)
(386.0,386.0)
(386.0,386.0)
(386.0,386.0)
(386.0,386.0)
(386.0,386.0)
(397.0,386.0)
(387.0,386.0)
(386.0,386.0)
(387.0,386.0)
(386.0,386.0)
(386.0,386.0)
(387.0,386.0)
(387.0,386.0)
(386.0,386.0)
(386.0,386.0)
(386.0,386.0)
(417.0,386.0)
(387.0,386.0)
(387.0,386.0)
(386.0,386.0)
(386.0,386.0)
(386.0,386.0)
(386.0,386.0)
(386.0,386.0)
(386.0,386.0)
(386.0,386.0)
(386.0,386.0)
(756.0,386.0)
(471.0,386.0)
(386.0,386.0)
(398.0,386.0)
(387.0,386.0)
(386.0,386.0)
(386.0,386.0)
(386.0,386.0)
(386.0,386.0)
(381.0,386.0)
(386.0,386.0)
(386.0,386.0)
(386.0,386.0)
(386.0,386.0)
(386.0,386.0)
(386.0,386.0)
(386.0,386.0)
(387.0,386.0)
(386.0,386.0)
(386.0,386.0)
(386.0,386.0)
(386.0,386.0)
(386.0,386.0)
(386.0,386.0)
(386.0,386.0)
(386.0,386.0)
(386.0,386.0)
(386.0,386.0)
(386.0,386.0)
(387.0,386.0)
(391.0,386.0)
(386.0,386.0)
(399.0,386.0)
(386.0,386.0)
(386.0,386.0)
(386.0,386.0)
(386.0,386.0)
(386.0,386.0)
(386.0,386.0)
(386.0,386.0)
(756.0,386.0)
(386.0,386.0)
(386.0,386.0)
(387.0,386.0)
(386.0,386.0)
(386.0,386.0)
(386.0,386.0)
(386.0,386.0)
(386.0,386.0)
(386.0,386.0)
(386.0,386.0)
(386.0,386.0)
(386.0,386.0)
(386.0,386.0)
(430.0,386.0)
(459.0,386.0)
(387.0,386.0)
(391.0,386.0)
(410.0,386.0)
(386.0,386.0)
(386.0,386.0)
(386.0,386.0)
(387.0,386.0)
(386.0,386.0)
(386.0,386.0)
(386.0,386.0)
(387.0,386.0)
(386.0,386.0)
(386.0,386.0)
(386.0,386.0)
(386.0,386.0)
(417.0,386.0)
(386.0,386.0)
(417.0,386.0)
(386.0,386.0)
(386.0,386.0)
(386.0,386.0)
(386.0,386.0)
(386.0,386.0)
(756.0,386.0)
(386.0,386.0)
(386.0,386.0)
(386.0,386.0)
(402.0,386.0)
(386.0,386.0)
(386.0,386.0)
(386.0,386.0)
(386.0,386.0)
(386.0,386.0)
(386.0,386.0)
(386.0,386.0)
(386.0,386.0)
(406.0,386.0)
(399.0,386.0)
(386.0,386.0)
(386.0,386.0)
(386.0,386.0)
(386.0,386.0)
(386.0,386.0)
(386.0,386.0)
(386.0,386.0)
(386.0,386.0)
(386.0,386.0)
(771.0,386.0)
(386.0,386.0)
(386.0,386.0)
(386.0,386.0)
(386.0,386.0)
(386.0,386.0)
(417.0,386.0)
(386.0,386.0)
(386.0,386.0)
(386.0,386.0)
(386.0,386.0)
(386.0,386.0)
(416.0,386.0)
(386.0,386.0)
(387.0,386.0)
(386.0,386.0)
(386.0,386.0)
(387.0,386.0)
(386.0,386.0)
(386.0,386.0)
(386.0,386.0)
(386.0,386.0)
(386.0,386.0)
(387.0,386.0)
(386.0,386.0)
(386.0,386.0)
(386.0,386.0)
(386.0,386.0)
(386.0,386.0)
(386.0,386.0)
(386.0,386.0)
(386.0,386.0)
(390.0,386.0)
(386.0,386.0)
(386.0,386.0)
(386.0,386.0)
(387.0,386.0)
(386.0,386.0)
(387.0,386.0)
(386.0,386.0)
(381.0,386.0)
(398.0,386.0)
(386.0,386.0)
(417.0,386.0)
(386.0,386.0)
(386.0,386.0)
(386.0,386.0)
(386.0,386.0)
(386.0,386.0)
(386.0,386.0)
(387.0,386.0)
(386.0,386.0)
(386.0,386.0)
(386.0,386.0)
(398.0,386.0)
(398.0,386.0)
(386.0,386.0)
(386.0,386.0)
(386.0,386.0)
(386.0,386.0)
(386.0,386.0)
(386.0,386.0)
(386.0,386.0)
(386.0,386.0)
(386.0,386.0)
(386.0,386.0)
(386.0,386.0)
(387.0,386.0)
(386.0,386.0)
(386.0,386.0)
(386.0,386.0)
(386.0,386.0)
(386.0,386.0)
(386.0,386.0)
(386.0,386.0)
(417.0,386.0)
(417.0,386.0)
(386.0,386.0)
(386.0,386.0)
(387.0,386.0)
(417.0,386.0)
(386.0,386.0)
(386.0,386.0)
(386.0,386.0)
(387.0,386.0)
(386.0,386.0)
(386.0,386.0)
(398.0,386.0)
(386.0,386.0)
(386.0,386.0)
(386.0,386.0)
(386.0,386.0)
(386.0,386.0)
(386.0,386.0)
(386.0,386.0)
(386.0,386.0)
(386.0,386.0)
(386.0,386.0)
(386.0,386.0)
(387.0,386.0)
(387.0,386.0)
(386.0,386.0)
(386.0,386.0)
(386.0,386.0)
(386.0,386.0)
(386.0,386.0)
(386.0,386.0)
(756.0,386.0)
(386.0,386.0)
(386.0,386.0)
(386.0,386.0)
(417.0,386.0)
(756.0,386.0)
(386.0,386.0)
(386.0,386.0)
(386.0,386.0)
(386.0,386.0)
(386.0,386.0)
(417.0,386.0)
(386.0,386.0)
(386.0,386.0)
(386.0,386.0)
(386.0,386.0)
(386.0,386.0)
(386.0,386.0)
(386.0,386.0)
(386.0,386.0)
(386.0,386.0)
(391.0,386.0)
(386.0,386.0)
(386.0,386.0)
(386.0,386.0)
(386.0,386.0)
(386.0,386.0)
(386.0,386.0)
(386.0,386.0)
(386.0,386.0)
(386.0,386.0)
(386.0,386.0)
(387.0,386.0)
(386.0,386.0)
(387.0,386.0)
(399.0,386.0)
(387.0,386.0)
(386.0,386.0)
(387.0,386.0)
(386.0,386.0)
(386.0,386.0)
(386.0,386.0)
(386.0,386.0)
(386.0,386.0)
(387.0,386.0)
(386.0,386.0)
(386.0,386.0)
(397.0,386.0)
(417.0,386.0)
(386.0,386.0)
(386.0,386.0)
(416.0,386.0)
(386.0,386.0)
(381.0,386.0)
(479.0,386.0)
(386.0,386.0)
(386.0,386.0)
(386.0,386.0)
(386.0,386.0)
(386.0,386.0)
(386.0,386.0)
(386.0,386.0)
(386.0,386.0)
(387.0,386.0)
(386.0,386.0)
(386.0,386.0)
(387.0,386.0)
(386.0,386.0)
(386.0,386.0)
(381.0,386.0)
(386.0,386.0)
(386.0,386.0)
(386.0,386.0)
(386.0,386.0)
(386.0,386.0)
(386.0,386.0)
(386.0,386.0)
(386.0,386.0)
(386.0,386.0)
(386.0,386.0)
(386.0,386.0)
(386.0,386.0)
(417.0,386.0)
(386.0,386.0)
(386.0,386.0)
(387.0,386.0)
(386.0,386.0)
(386.0,386.0)
(386.0,386.0)
(386.0,386.0)
(386.0,386.0)
(386.0,386.0)
(386.0,386.0)
(386.0,386.0)
(386.0,386.0)
(386.0,386.0)
(386.0,386.0)
(387.0,386.0)
(386.0,386.0)
(386.0,386.0)
(391.0,386.0)
(386.0,386.0)
(386.0,386.0)
(386.0,386.0)
(381.0,386.0)
(386.0,386.0)
(386.0,386.0)
(386.0,386.0)
(386.0,386.0)
(386.0,386.0)
(386.0,386.0)
(387.0,386.0)
(386.0,386.0)
(386.0,386.0)
(386.0,386.0)
(398.0,386.0)
(386.0,386.0)
(386.0,386.0)
(386.0,386.0)
(398.0,386.0)
(386.0,386.0)
(386.0,386.0)
(386.0,386.0)
(386.0,386.0)
(386.0,386.0)
(386.0,386.0)
(386.0,386.0)
(386.0,386.0)
(386.0,386.0)
(386.0,386.0)
(386.0,386.0)
(386.0,386.0)
(386.0,386.0)
(399.0,386.0)
(386.0,386.0)
(386.0,386.0)
(386.0,386.0)
(386.0,386.0)
(262.0,386.0)
(386.0,386.0)
(417.0,386.0)
(386.0,386.0)
(386.0,386.0)
(386.0,386.0)
(387.0,386.0)
(386.0,386.0)
(386.0,386.0)
(386.0,386.0)
(386.0,386.0)
(386.0,386.0)
(386.0,386.0)
(386.0,386.0)
(387.0,386.0)
(386.0,386.0)
(430.0,386.0)
(386.0,386.0)
(386.0,386.0)
(386.0,386.0)
(417.0,386.0)
(386.0,386.0)
(417.0,386.0)
(386.0,386.0)
(387.0,386.0)
(386.0,386.0)
(417.0,386.0)
(386.0,386.0)
(386.0,386.0)
(386.0,386.0)
(386.0,386.0)
(386.0,386.0)
(386.0,386.0)
(398.0,386.0)
(386.0,386.0)
(386.0,386.0)
(386.0,386.0)
(386.0,386.0)
(386.0,386.0)
(386.0,386.0)
(386.0,386.0)
(386.0,386.0)
(417.0,386.0)
(386.0,386.0)
(386.0,386.0)
(386.0,386.0)
(386.0,386.0)
(386.0,386.0)
(756.0,386.0)
(386.0,386.0)
(398.0,386.0)
(387.0,386.0)
(386.0,386.0)
(386.0,386.0)
(399.0,386.0)
(386.0,386.0)
(461.0,386.0)
(386.0,386.0)
(386.0,386.0)
(386.0,386.0)
(386.0,386.0)
(417.0,386.0)
(386.0,386.0)
(417.0,386.0)
(417.0,386.0)
(386.0,386.0)
(386.0,386.0)
(387.0,386.0)
(386.0,386.0)
(387.0,386.0)
(386.0,386.0)
(386.0,386.0)
(386.0,386.0)
(386.0,386.0)
(386.0,386.0)
(386.0,386.0)
(417.0,386.0)
(386.0,386.0)
(387.0,386.0)
(387.0,386.0)
(386.0,386.0)
(386.0,386.0)
(386.0,386.0)
(386.0,386.0)
(386.0,386.0)
(386.0,386.0)
(386.0,386.0)
(387.0,386.0)
(386.0,386.0)
(386.0,386.0)
(386.0,386.0)
(386.0,386.0)
(417.0,386.0)
(386.0,386.0)
(386.0,386.0)
(386.0,386.0)
(386.0,386.0)
(387.0,386.0)
(387.0,386.0)
(398.0,386.0)
(386.0,386.0)
(386.0,386.0)
(386.0,386.0)
(417.0,386.0)
(387.0,386.0)
(386.0,386.0)
(386.0,386.0)
(386.0,386.0)
(386.0,386.0)
(386.0,386.0)
(386.0,386.0)
(386.0,386.0)
(386.0,386.0)
(386.0,386.0)
(386.0,386.0)
(386.0,386.0)
(386.0,386.0)
(386.0,386.0)
(386.0,386.0)
(386.0,386.0)
(417.0,386.0)
(386.0,386.0)
(386.0,386.0)
(386.0,386.0)
(445.0,386.0)
(387.0,386.0)
(387.0,386.0)
(386.0,386.0)
(386.0,386.0)
(386.0,386.0)
(387.0,386.0)
(386.0,386.0)
(386.0,386.0)
(386.0,386.0)
(386.0,386.0)
(386.0,386.0)
(386.0,386.0)
(386.0,386.0)
(386.0,386.0)
(417.0,386.0)
(386.0,386.0)
(386.0,386.0)
(386.0,386.0)
(386.0,386.0)
(386.0,386.0)
(386.0,386.0)
(398.0,386.0)
(386.0,386.0)
(386.0,386.0)
(386.0,386.0)
(386.0,386.0)
(386.0,386.0)
(387.0,386.0)
(387.0,386.0)
(387.0,386.0)
(386.0,386.0)
(386.0,386.0)
(386.0,386.0)
(399.0,386.0)
(386.0,386.0)
(386.0,386.0)
(387.0,386.0)
(386.0,386.0)
(386.0,386.0)
(386.0,386.0)
(386.0,386.0)
(386.0,386.0)
(386.0,386.0)
(756.0,386.0)
(386.0,386.0)
(386.0,386.0)
(386.0,386.0)
(386.0,386.0)
(386.0,386.0)
(386.0,386.0)
(387.0,386.0)
(386.0,386.0)
(417.0,386.0)
(387.0,386.0)
(399.0,386.0)
(417.0,386.0)
(386.0,386.0)
(386.0,386.0)
(386.0,386.0)
(386.0,386.0)
(386.0,386.0)
(386.0,386.0)
(398.0,386.0)
(386.0,386.0)
(386.0,386.0)
(386.0,386.0)
(386.0,386.0)
(386.0,386.0)
(386.0,386.0)
(386.0,386.0)
(386.0,386.0)
(386.0,386.0)
(386.0,386.0)
(386.0,386.0)
(386.0,386.0)
(386.0,386.0)
(386.0,386.0)
(386.0,386.0)
(386.0,386.0)
(386.0,386.0)
(386.0,386.0)
(386.0,386.0)
(381.0,386.0)
(386.0,386.0)
(386.0,386.0)
(386.0,386.0)
(386.0,386.0)
(386.0,386.0)
(417.0,386.0)
(386.0,386.0)
(386.0,386.0)
(386.0,386.0)
(386.0,386.0)
(386.0,386.0)
(386.0,386.0)
(386.0,386.0)
(386.0,386.0)
(386.0,386.0)
(386.0,386.0)
(386.0,386.0)
(386.0,386.0)
(386.0,386.0)
(386.0,386.0)
(386.0,386.0)
(386.0,386.0)
(386.0,386.0)
(386.0,386.0)
(386.0,386.0)
(386.0,386.0)
(430.0,386.0)
(386.0,386.0)
(386.0,386.0)
(386.0,386.0)
(386.0,386.0)
(386.0,386.0)
(386.0,386.0)
(386.0,386.0)
(386.0,386.0)
(386.0,386.0)
(386.0,386.0)
(386.0,386.0)
(386.0,386.0)
(386.0,386.0)
(386.0,386.0)
(386.0,386.0)
(386.0,386.0)
(386.0,386.0)
(386.0,386.0)
(386.0,386.0)
(386.0,386.0)
(386.0,386.0)
(386.0,386.0)
(386.0,386.0)
(386.0,386.0)
(386.0,386.0)
(386.0,386.0)
(386.0,386.0)
(386.0,386.0)
(386.0,386.0)
(386.0,386.0)
(386.0,386.0)
(386.0,386.0)
(386.0,386.0)
(386.0,386.0)
(386.0,386.0)
(387.0,386.0)
(386.0,386.0)
(386.0,386.0)
(402.0,386.0)
(386.0,386.0)
(386.0,386.0)
(387.0,386.0)
(386.0,386.0)
(386.0,386.0)
(386.0,386.0)
(386.0,386.0)
(386.0,386.0)
(424.0,386.0)
(386.0,386.0)
(386.0,386.0)
(386.0,386.0)
(386.0,386.0)
(386.0,386.0)
(386.0,386.0)
(386.0,386.0)
(386.0,386.0)
(386.0,386.0)
(386.0,386.0)
(386.0,386.0)
(386.0,386.0)
(386.0,386.0)
(386.0,386.0)
(386.0,386.0)
(399.0,386.0)
(386.0,386.0)
(386.0,386.0)
(386.0,386.0)
(398.0,386.0)
(386.0,386.0)
(386.0,386.0)
(386.0,386.0)
(386.0,386.0)
(386.0,386.0)
(386.0,386.0)
(386.0,386.0)
(386.0,386.0)
(386.0,386.0)
(386.0,386.0)
(386.0,386.0)
(386.0,386.0)
(386.0,386.0)
(386.0,386.0)
(386.0,386.0)
(386.0,386.0)
(386.0,386.0)
(398.0,386.0)
(386.0,386.0)
(386.0,386.0)
(386.0,386.0)
(386.0,386.0)
(416.0,386.0)
(386.0,386.0)
(386.0,386.0)
(386.0,386.0)
(386.0,386.0)
(386.0,386.0)
(386.0,386.0)
(386.0,386.0)
(386.0,386.0)
(386.0,386.0)
(386.0,386.0)
(386.0,386.0)
(386.0,386.0)
(386.0,386.0)
(386.0,386.0)
(483.0,386.0)
(417.0,386.0)
(386.0,386.0)
(386.0,386.0)
(386.0,386.0)
(386.0,386.0)
(386.0,386.0)
(386.0,386.0)
(386.0,386.0)
(386.0,386.0)
(386.0,386.0)
(386.0,386.0)
(386.0,386.0)
(386.0,386.0)
(386.0,386.0)
(386.0,386.0)
(386.0,386.0)
(386.0,386.0)
(387.0,386.0)
(386.0,386.0)
(386.0,386.0)
(386.0,386.0)
(386.0,386.0)
(386.0,386.0)
(386.0,386.0)
(386.0,386.0)
(386.0,386.0)
(386.0,386.0)
(386.0,386.0)
(386.0,386.0)
(386.0,386.0)
(386.0,386.0)
(386.0,386.0)
(386.0,386.0)
(386.0,386.0)
(386.0,386.0)
(386.0,386.0)
(386.0,386.0)
(386.0,386.0)
(386.0,386.0)
(386.0,386.0)
(386.0,386.0)
(386.0,386.0)
(386.0,386.0)
(386.0,386.0)
(386.0,386.0)
(386.0,386.0)
(417.0,386.0)
(386.0,386.0)
(386.0,386.0)
(387.0,386.0)
(417.0,386.0)
(386.0,386.0)
(387.0,386.0)
(417.0,386.0)
