(370.0,370.0)
(370.0,370.0)
(785.0,370.0)
(370.0,370.0)
(447.0,370.0)
(370.0,370.0)
(370.0,370.0)
(370.0,370.0)
(386.0,370.0)
(370.0,370.0)
(370.0,370.0)
(785.0,370.0)
(369.0,370.0)
(370.0,370.0)
(370.0,370.0)
(15.0,370.0)
(370.0,370.0)
(370.0,370.0)
(447.0,370.0)
(447.0,370.0)
(370.0,370.0)
(370.0,370.0)
(442.0,370.0)
(370.0,370.0)
(370.0,370.0)
(369.0,370.0)
(370.0,370.0)
(370.0,370.0)
(370.0,370.0)
(370.0,370.0)
(370.0,370.0)
(370.0,370.0)
(370.0,370.0)
(370.0,370.0)
(447.0,370.0)
(370.0,370.0)
(370.0,370.0)
(370.0,370.0)
(370.0,370.0)
(447.0,370.0)
(370.0,370.0)
(370.0,370.0)
(370.0,370.0)
(370.0,370.0)
(370.0,370.0)
(370.0,370.0)
(370.0,370.0)
(377.0,370.0)
(370.0,370.0)
(370.0,370.0)
(447.0,370.0)
(370.0,370.0)
(370.0,370.0)
(370.0,370.0)
(370.0,370.0)
(785.0,370.0)
(370.0,370.0)
(370.0,370.0)
(370.0,370.0)
(370.0,370.0)
(447.0,370.0)
(370.0,370.0)
(370.0,370.0)
(370.0,370.0)
(370.0,370.0)
(370.0,370.0)
(370.0,370.0)
(369.0,370.0)
(370.0,370.0)
(386.0,370.0)
(370.0,370.0)
(370.0,370.0)
(370.0,370.0)
(370.0,370.0)
(417.0,370.0)
(370.0,370.0)
(370.0,370.0)
(370.0,370.0)
(370.0,370.0)
(370.0,370.0)
(370.0,370.0)
(370.0,370.0)
(370.0,370.0)
(370.0,370.0)
(370.0,370.0)
(370.0,370.0)
(370.0,370.0)
(370.0,370.0)
(370.0,370.0)
(417.0,370.0)
(370.0,370.0)
(370.0,370.0)
(370.0,370.0)
(370.0,370.0)
(459.0,370.0)
(370.0,370.0)
(370.0,370.0)
(370.0,370.0)
(370.0,370.0)
(370.0,370.0)
(370.0,370.0)
(370.0,370.0)
(370.0,370.0)
(370.0,370.0)
(370.0,370.0)
(370.0,370.0)
(370.0,370.0)
(370.0,370.0)
(370.0,370.0)
(370.0,370.0)
(370.0,370.0)
(370.0,370.0)
(370.0,370.0)
(370.0,370.0)
(370.0,370.0)
(370.0,370.0)
(370.0,370.0)
(370.0,370.0)
(370.0,370.0)
(370.0,370.0)
(370.0,370.0)
(785.0,370.0)
(370.0,370.0)
(370.0,370.0)
(370.0,370.0)
(370.0,370.0)
(370.0,370.0)
(369.0,370.0)
(370.0,370.0)
(370.0,370.0)
(447.0,370.0)
(370.0,370.0)
(370.0,370.0)
(370.0,370.0)
(370.0,370.0)
(370.0,370.0)
(370.0,370.0)
(435.0,370.0)
(370.0,370.0)
(370.0,370.0)
(370.0,370.0)
(435.0,370.0)
(370.0,370.0)
(447.0,370.0)
(370.0,370.0)
(370.0,370.0)
(370.0,370.0)
(370.0,370.0)
(447.0,370.0)
(370.0,370.0)
(370.0,370.0)
(417.0,370.0)
(370.0,370.0)
(370.0,370.0)
(370.0,370.0)
(370.0,370.0)
(370.0,370.0)
(370.0,370.0)
(435.0,370.0)
(370.0,370.0)
(370.0,370.0)
(370.0,370.0)
(370.0,370.0)
(370.0,370.0)
(370.0,370.0)
(370.0,370.0)
(370.0,370.0)
(370.0,370.0)
(370.0,370.0)
(370.0,370.0)
(370.0,370.0)
(370.0,370.0)
(447.0,370.0)
(370.0,370.0)
(370.0,370.0)
(370.0,370.0)
(370.0,370.0)
(370.0,370.0)
(370.0,370.0)
(386.0,370.0)
(447.0,370.0)
(370.0,370.0)
(370.0,370.0)
(369.0,370.0)
(370.0,370.0)
(370.0,370.0)
(447.0,370.0)
(370.0,370.0)
(370.0,370.0)
(370.0,370.0)
(15.0,370.0)
(370.0,370.0)
(370.0,370.0)
(370.0,370.0)
(370.0,370.0)
(370.0,370.0)
(370.0,370.0)
(370.0,370.0)
(370.0,370.0)
(370.0,370.0)
(370.0,370.0)
(370.0,370.0)
(370.0,370.0)
(370.0,370.0)
(370.0,370.0)
(435.0,370.0)
(370.0,370.0)
(370.0,370.0)
(370.0,370.0)
(370.0,370.0)
(370.0,370.0)
(370.0,370.0)
(370.0,370.0)
(370.0,370.0)
(386.0,370.0)
(370.0,370.0)
(370.0,370.0)
(370.0,370.0)
(370.0,370.0)
(370.0,370.0)
(370.0,370.0)
(370.0,370.0)
(370.0,370.0)
(370.0,370.0)
(370.0,370.0)
(435.0,370.0)
(370.0,370.0)
(370.0,370.0)
(370.0,370.0)
(386.0,370.0)
(785.0,370.0)
(370.0,370.0)
(370.0,370.0)
(370.0,370.0)
(386.0,370.0)
(785.0,370.0)
(370.0,370.0)
(370.0,370.0)
(370.0,370.0)
(370.0,370.0)
(370.0,370.0)
(370.0,370.0)
(370.0,370.0)
(377.0,370.0)
(370.0,370.0)
(370.0,370.0)
(386.0,370.0)
(370.0,370.0)
(370.0,370.0)
(785.0,370.0)
(370.0,370.0)
(370.0,370.0)
(370.0,370.0)
(370.0,370.0)
(785.0,370.0)
(369.0,370.0)
(370.0,370.0)
(370.0,370.0)
(370.0,370.0)
(370.0,370.0)
(370.0,370.0)
(370.0,370.0)
(370.0,370.0)
(370.0,370.0)
(369.0,370.0)
(370.0,370.0)
(369.0,370.0)
(370.0,370.0)
(370.0,370.0)
(370.0,370.0)
(370.0,370.0)
(369.0,370.0)
(370.0,370.0)
(447.0,370.0)
(370.0,370.0)
(370.0,370.0)
(370.0,370.0)
(370.0,370.0)
(370.0,370.0)
(370.0,370.0)
(370.0,370.0)
(370.0,370.0)
(370.0,370.0)
(369.0,370.0)
(370.0,370.0)
(370.0,370.0)
(370.0,370.0)
(377.0,370.0)
(370.0,370.0)
(370.0,370.0)
(370.0,370.0)
(370.0,370.0)
(370.0,370.0)
(370.0,370.0)
(370.0,370.0)
(369.0,370.0)
(442.0,370.0)
(417.0,370.0)
(370.0,370.0)
(370.0,370.0)
(370.0,370.0)
(370.0,370.0)
(370.0,370.0)
(370.0,370.0)
(785.0,370.0)
(370.0,370.0)
(370.0,370.0)
(370.0,370.0)
(370.0,370.0)
(370.0,370.0)
(370.0,370.0)
(370.0,370.0)
(447.0,370.0)
(447.0,370.0)
(370.0,370.0)
(370.0,370.0)
(435.0,370.0)
(370.0,370.0)
(369.0,370.0)
(417.0,370.0)
(370.0,370.0)
(370.0,370.0)
(370.0,370.0)
(370.0,370.0)
(370.0,370.0)
(370.0,370.0)
(370.0,370.0)
(370.0,370.0)
(370.0,370.0)
(785.0,370.0)
(370.0,370.0)
(447.0,370.0)
(370.0,370.0)
(370.0,370.0)
(370.0,370.0)
(447.0,370.0)
(370.0,370.0)
(370.0,370.0)
(370.0,370.0)
(370.0,370.0)
(447.0,370.0)
(370.0,370.0)
(370.0,370.0)
(370.0,370.0)
(370.0,370.0)
(370.0,370.0)
(370.0,370.0)
(447.0,370.0)
(417.0,370.0)
(370.0,370.0)
(370.0,370.0)
(370.0,370.0)
(370.0,370.0)
(370.0,370.0)
(370.0,370.0)
(370.0,370.0)
(370.0,370.0)
(370.0,370.0)
(370.0,370.0)
(370.0,370.0)
(370.0,370.0)
(370.0,370.0)
(377.0,370.0)
(447.0,370.0)
(370.0,370.0)
(370.0,370.0)
(370.0,370.0)
(370.0,370.0)
(370.0,370.0)
(370.0,370.0)
(370.0,370.0)
(370.0,370.0)
(406.0,370.0)
(370.0,370.0)
(370.0,370.0)
(386.0,370.0)
(370.0,370.0)
(490.0,370.0)
(435.0,370.0)
(370.0,370.0)
(370.0,370.0)
(370.0,370.0)
(459.0,370.0)
(369.0,370.0)
(370.0,370.0)
(370.0,370.0)
(785.0,370.0)
(370.0,370.0)
(435.0,370.0)
(370.0,370.0)
(370.0,370.0)
(447.0,370.0)
(370.0,370.0)
(370.0,370.0)
(370.0,370.0)
(370.0,370.0)
(370.0,370.0)
(370.0,370.0)
(370.0,370.0)
(370.0,370.0)
(370.0,370.0)
(435.0,370.0)
(370.0,370.0)
(370.0,370.0)
(370.0,370.0)
(370.0,370.0)
(370.0,370.0)
(370.0,370.0)
(370.0,370.0)
(370.0,370.0)
(370.0,370.0)
(370.0,370.0)
(370.0,370.0)
(370.0,370.0)
(370.0,370.0)
(370.0,370.0)
(370.0,370.0)
(370.0,370.0)
(370.0,370.0)
(370.0,370.0)
(370.0,370.0)
(370.0,370.0)
(370.0,370.0)
(417.0,370.0)
(370.0,370.0)
(370.0,370.0)
(370.0,370.0)
(370.0,370.0)
(370.0,370.0)
(370.0,370.0)
(447.0,370.0)
(370.0,370.0)
(370.0,370.0)
(370.0,370.0)
(447.0,370.0)
(370.0,370.0)
(447.0,370.0)
(370.0,370.0)
(370.0,370.0)
(377.0,370.0)
(370.0,370.0)
(370.0,370.0)
(447.0,370.0)
(370.0,370.0)
(370.0,370.0)
(370.0,370.0)
(370.0,370.0)
(785.0,370.0)
(370.0,370.0)
(370.0,370.0)
(447.0,370.0)
(370.0,370.0)
(447.0,370.0)
(370.0,370.0)
(370.0,370.0)
(370.0,370.0)
(370.0,370.0)
(370.0,370.0)
(370.0,370.0)
(369.0,370.0)
(370.0,370.0)
(386.0,370.0)
(370.0,370.0)
(370.0,370.0)
(370.0,370.0)
(370.0,370.0)
(417.0,370.0)
(370.0,370.0)
(370.0,370.0)
(370.0,370.0)
(370.0,370.0)
(370.0,370.0)
(447.0,370.0)
(370.0,370.0)
(370.0,370.0)
(370.0,370.0)
(370.0,370.0)
(370.0,370.0)
(370.0,370.0)
(370.0,370.0)
(370.0,370.0)
(447.0,370.0)
(370.0,370.0)
(377.0,370.0)
(370.0,370.0)
(370.0,370.0)
(459.0,370.0)
(370.0,370.0)
(370.0,370.0)
(370.0,370.0)
(435.0,370.0)
(377.0,370.0)
(370.0,370.0)
(370.0,370.0)
(370.0,370.0)
(370.0,370.0)
(370.0,370.0)
(370.0,370.0)
(370.0,370.0)
(370.0,370.0)
(370.0,370.0)
(370.0,370.0)
(370.0,370.0)
(370.0,370.0)
(370.0,370.0)
(370.0,370.0)
(370.0,370.0)
(370.0,370.0)
(370.0,370.0)
(370.0,370.0)
(370.0,370.0)
(370.0,370.0)
(785.0,370.0)
(370.0,370.0)
(370.0,370.0)
(370.0,370.0)
(370.0,370.0)
(370.0,370.0)
(370.0,370.0)
(370.0,370.0)
(370.0,370.0)
(370.0,370.0)
(370.0,370.0)
(370.0,370.0)
(370.0,370.0)
(370.0,370.0)
(370.0,370.0)
(370.0,370.0)
(435.0,370.0)
(370.0,370.0)
(447.0,370.0)
(370.0,370.0)
(370.0,370.0)
(370.0,370.0)
(370.0,370.0)
(370.0,370.0)
(370.0,370.0)
(369.0,370.0)
(370.0,370.0)
(370.0,370.0)
(370.0,370.0)
(370.0,370.0)
(370.0,370.0)
(785.0,370.0)
(370.0,370.0)
(370.0,370.0)
(370.0,370.0)
(369.0,370.0)
(370.0,370.0)
(370.0,370.0)
(370.0,370.0)
(370.0,370.0)
(370.0,370.0)
(370.0,370.0)
(370.0,370.0)
(370.0,370.0)
(442.0,370.0)
(370.0,370.0)
(370.0,370.0)
(370.0,370.0)
(370.0,370.0)
(370.0,370.0)
(447.0,370.0)
(370.0,370.0)
(370.0,370.0)
(370.0,370.0)
(447.0,370.0)
(370.0,370.0)
(447.0,370.0)
(386.0,370.0)
(370.0,370.0)
(370.0,370.0)
(369.0,370.0)
(370.0,370.0)
(370.0,370.0)
(447.0,370.0)
(370.0,370.0)
(370.0,370.0)
(370.0,370.0)
(15.0,370.0)
(370.0,370.0)
(370.0,370.0)
(370.0,370.0)
(370.0,370.0)
(370.0,370.0)
(370.0,370.0)
(370.0,370.0)
(370.0,370.0)
(370.0,370.0)
(370.0,370.0)
(435.0,370.0)
(370.0,370.0)
(370.0,370.0)
(370.0,370.0)
(435.0,370.0)
(370.0,370.0)
(370.0,370.0)
(370.0,370.0)
(370.0,370.0)
(370.0,370.0)
(370.0,370.0)
(370.0,370.0)
(370.0,370.0)
(386.0,370.0)
(370.0,370.0)
(370.0,370.0)
(370.0,370.0)
(370.0,370.0)
(370.0,370.0)
(370.0,370.0)
(370.0,370.0)
(370.0,370.0)
(370.0,370.0)
(370.0,370.0)
(435.0,370.0)
(370.0,370.0)
(370.0,370.0)
(370.0,370.0)
(417.0,370.0)
(785.0,370.0)
(370.0,370.0)
(370.0,370.0)
(370.0,370.0)
(417.0,370.0)
(785.0,370.0)
(370.0,370.0)
(370.0,370.0)
(370.0,370.0)
(370.0,370.0)
(370.0,370.0)
(370.0,370.0)
(370.0,370.0)
(377.0,370.0)
(370.0,370.0)
(370.0,370.0)
(417.0,370.0)
(370.0,370.0)
(370.0,370.0)
(785.0,370.0)
(370.0,370.0)
(370.0,370.0)
(370.0,370.0)
(370.0,370.0)
(370.0,370.0)
(369.0,370.0)
(370.0,370.0)
(370.0,370.0)
(370.0,370.0)
(370.0,370.0)
(370.0,370.0)
(370.0,370.0)
(370.0,370.0)
(370.0,370.0)
(369.0,370.0)
(370.0,370.0)
(369.0,370.0)
(370.0,370.0)
(370.0,370.0)
(370.0,370.0)
(370.0,370.0)
(369.0,370.0)
(370.0,370.0)
(447.0,370.0)
(370.0,370.0)
(370.0,370.0)
(370.0,370.0)
(370.0,370.0)
(370.0,370.0)
(370.0,370.0)
(370.0,370.0)
(370.0,370.0)
(370.0,370.0)
(370.0,370.0)
(370.0,370.0)
(370.0,370.0)
(370.0,370.0)
(377.0,370.0)
(370.0,370.0)
(370.0,370.0)
(370.0,370.0)
(370.0,370.0)
(370.0,370.0)
(370.0,370.0)
(370.0,370.0)
(369.0,370.0)
(442.0,370.0)
(417.0,370.0)
(370.0,370.0)
(370.0,370.0)
(370.0,370.0)
(370.0,370.0)
(370.0,370.0)
(370.0,370.0)
(370.0,370.0)
(370.0,370.0)
(370.0,370.0)
(370.0,370.0)
(370.0,370.0)
(370.0,370.0)
(370.0,370.0)
(370.0,370.0)
(447.0,370.0)
(447.0,370.0)
(370.0,370.0)
(370.0,370.0)
(435.0,370.0)
(370.0,370.0)
(369.0,370.0)
(417.0,370.0)
(370.0,370.0)
(370.0,370.0)
(370.0,370.0)
(370.0,370.0)
(370.0,370.0)
(370.0,370.0)
(370.0,370.0)
(370.0,370.0)
(370.0,370.0)
(785.0,370.0)
(370.0,370.0)
(447.0,370.0)
(370.0,370.0)
(370.0,370.0)
(370.0,370.0)
(447.0,370.0)
(370.0,370.0)
(370.0,370.0)
(447.0,370.0)
(370.0,370.0)
(447.0,370.0)
(370.0,370.0)
(370.0,370.0)
(370.0,370.0)
(370.0,370.0)
(370.0,370.0)
(370.0,370.0)
(447.0,370.0)
(417.0,370.0)
(370.0,370.0)
(370.0,370.0)
(370.0,370.0)
(370.0,370.0)
(370.0,370.0)
(370.0,370.0)
(370.0,370.0)
(370.0,370.0)
(370.0,370.0)
(370.0,370.0)
(370.0,370.0)
(370.0,370.0)
(370.0,370.0)
(785.0,370.0)
(447.0,370.0)
(370.0,370.0)
(370.0,370.0)
(370.0,370.0)
(370.0,370.0)
(370.0,370.0)
(370.0,370.0)
(447.0,370.0)
(370.0,370.0)
(406.0,370.0)
(15.0,370.0)
(370.0,370.0)
(386.0,370.0)
(370.0,370.0)
(370.0,370.0)
(369.0,370.0)
(370.0,370.0)
(370.0,370.0)
(447.0,370.0)
(370.0,370.0)
(370.0,370.0)
(370.0,370.0)
(459.0,370.0)
(370.0,370.0)
(370.0,370.0)
(785.0,370.0)
(370.0,370.0)
(370.0,370.0)
(370.0,370.0)
(370.0,370.0)
(370.0,370.0)
(370.0,370.0)
(417.0,370.0)
(370.0,370.0)
(406.0,370.0)
(370.0,370.0)
(386.0,370.0)
(370.0,370.0)
(370.0,370.0)
(459.0,370.0)
(370.0,370.0)
(370.0,370.0)
(370.0,370.0)
(370.0,370.0)
(370.0,370.0)
(370.0,370.0)
(785.0,370.0)
(442.0,370.0)
(370.0,370.0)
(370.0,370.0)
(370.0,370.0)
(370.0,370.0)
(370.0,370.0)
(417.0,370.0)
(447.0,370.0)
(370.0,370.0)
(370.0,370.0)
(370.0,370.0)
(447.0,370.0)
(370.0,370.0)
(369.0,370.0)
(370.0,370.0)
(370.0,370.0)
(370.0,370.0)
(370.0,370.0)
(370.0,370.0)
(370.0,370.0)
(435.0,370.0)
(370.0,370.0)
(417.0,370.0)
(370.0,370.0)
(370.0,370.0)
(417.0,370.0)
(417.0,370.0)
(370.0,370.0)
(370.0,370.0)
(370.0,370.0)
(370.0,370.0)
(370.0,370.0)
(370.0,370.0)
(370.0,370.0)
(370.0,370.0)
(447.0,370.0)
(785.0,370.0)
(370.0,370.0)
(370.0,370.0)
(785.0,370.0)
(370.0,370.0)
(370.0,370.0)
(370.0,370.0)
(370.0,370.0)
(370.0,370.0)
(447.0,370.0)
(370.0,370.0)
(370.0,370.0)
(370.0,370.0)
(370.0,370.0)
(370.0,370.0)
(370.0,370.0)
(370.0,370.0)
(447.0,370.0)
(370.0,370.0)
(370.0,370.0)
(370.0,370.0)
(370.0,370.0)
(370.0,370.0)
(370.0,370.0)
(370.0,370.0)
(417.0,370.0)
(370.0,370.0)
(370.0,370.0)
(785.0,370.0)
(370.0,370.0)
(370.0,370.0)
(370.0,370.0)
(370.0,370.0)
(386.0,370.0)
(417.0,370.0)
(370.0,370.0)
(370.0,370.0)
(370.0,370.0)
(370.0,370.0)
(370.0,370.0)
(370.0,370.0)
(370.0,370.0)
(406.0,370.0)
(370.0,370.0)
(370.0,370.0)
(370.0,370.0)
(370.0,370.0)
(370.0,370.0)
(370.0,370.0)
(370.0,370.0)
(370.0,370.0)
(386.0,370.0)
(370.0,370.0)
(370.0,370.0)
(370.0,370.0)
(370.0,370.0)
(370.0,370.0)
(370.0,370.0)
(370.0,370.0)
(447.0,370.0)
(447.0,370.0)
(447.0,370.0)
(370.0,370.0)
(370.0,370.0)
(370.0,370.0)
(370.0,370.0)
(435.0,370.0)
(370.0,370.0)
(370.0,370.0)
(370.0,370.0)
(370.0,370.0)
(370.0,370.0)
(370.0,370.0)
(370.0,370.0)
(370.0,370.0)
(370.0,370.0)
(785.0,370.0)
(370.0,370.0)
(370.0,370.0)
(370.0,370.0)
(370.0,370.0)
(370.0,370.0)
(447.0,370.0)
(370.0,370.0)
(370.0,370.0)
(447.0,370.0)
(785.0,370.0)
(447.0,370.0)
(370.0,370.0)
(370.0,370.0)
(370.0,370.0)
(370.0,370.0)
(370.0,370.0)
(370.0,370.0)
(447.0,370.0)
(417.0,370.0)
(370.0,370.0)
(370.0,370.0)
(370.0,370.0)
(370.0,370.0)
(370.0,370.0)
(370.0,370.0)
(370.0,370.0)
(370.0,370.0)
(370.0,370.0)
(370.0,370.0)
(370.0,370.0)
(370.0,370.0)
(370.0,370.0)
(785.0,370.0)
(370.0,370.0)
(370.0,370.0)
(370.0,370.0)
(370.0,370.0)
(370.0,370.0)
(370.0,370.0)
(370.0,370.0)
(435.0,370.0)
(370.0,370.0)
(406.0,370.0)
(370.0,370.0)
(386.0,370.0)
(370.0,370.0)
(370.0,370.0)
(490.0,370.0)
(417.0,370.0)
(370.0,370.0)
(370.0,370.0)
(370.0,370.0)
(459.0,370.0)
(369.0,370.0)
(370.0,370.0)
(370.0,370.0)
(785.0,370.0)
(370.0,370.0)
(435.0,370.0)
(462.0,370.0)
(370.0,370.0)
(370.0,370.0)
(370.0,370.0)
(370.0,370.0)
(370.0,370.0)
(370.0,370.0)
(370.0,370.0)
(370.0,370.0)
(370.0,370.0)
(370.0,370.0)
(370.0,370.0)
(370.0,370.0)
(435.0,370.0)
(370.0,370.0)
(370.0,370.0)
(370.0,370.0)
(370.0,370.0)
(370.0,370.0)
(370.0,370.0)
(370.0,370.0)
(370.0,370.0)
(370.0,370.0)
(370.0,370.0)
(370.0,370.0)
(435.0,370.0)
(370.0,370.0)
(370.0,370.0)
(370.0,370.0)
(370.0,370.0)
(370.0,370.0)
(370.0,370.0)
(370.0,370.0)
(370.0,370.0)
(370.0,370.0)
(417.0,370.0)
(370.0,370.0)
(370.0,370.0)
(370.0,370.0)
(370.0,370.0)
(417.0,370.0)
(370.0,370.0)
(447.0,370.0)
(370.0,370.0)
(370.0,370.0)
(370.0,370.0)
(447.0,370.0)
(370.0,370.0)
(447.0,370.0)
(370.0,370.0)
(370.0,370.0)
(377.0,370.0)
(370.0,370.0)
(370.0,370.0)
(370.0,370.0)
(370.0,370.0)
(370.0,370.0)
(370.0,370.0)
(370.0,370.0)
(785.0,370.0)
(370.0,370.0)
(370.0,370.0)
(370.0,370.0)
(370.0,370.0)
(447.0,370.0)
(370.0,370.0)
(370.0,370.0)
(370.0,370.0)
(370.0,370.0)
(370.0,370.0)
(370.0,370.0)
(369.0,370.0)
(370.0,370.0)
(435.0,370.0)
(370.0,370.0)
(370.0,370.0)
(370.0,370.0)
(370.0,370.0)
(417.0,370.0)
(370.0,370.0)
(370.0,370.0)
(447.0,370.0)
(370.0,370.0)
(370.0,370.0)
(447.0,370.0)
(370.0,370.0)
(370.0,370.0)
(370.0,370.0)
(370.0,370.0)
(370.0,370.0)
(370.0,370.0)
(370.0,370.0)
(370.0,370.0)
(447.0,370.0)
(370.0,370.0)
(370.0,370.0)
(370.0,370.0)
(370.0,370.0)
(459.0,370.0)
(370.0,370.0)
(370.0,370.0)
(370.0,370.0)
(435.0,370.0)
(447.0,370.0)
(370.0,370.0)
(370.0,370.0)
(370.0,370.0)
(370.0,370.0)
(370.0,370.0)
(370.0,370.0)
(370.0,370.0)
(370.0,370.0)
(370.0,370.0)
(370.0,370.0)
(370.0,370.0)
(370.0,370.0)
(370.0,370.0)
(370.0,370.0)
(370.0,370.0)
(370.0,370.0)
(370.0,370.0)
(370.0,370.0)
(370.0,370.0)
(370.0,370.0)
(370.0,370.0)
(785.0,370.0)
(370.0,370.0)
(370.0,370.0)
(370.0,370.0)
(370.0,370.0)
(370.0,370.0)
(370.0,370.0)
(370.0,370.0)
(370.0,370.0)
(370.0,370.0)
(370.0,370.0)
(370.0,370.0)
(370.0,370.0)
(370.0,370.0)
(370.0,370.0)
(370.0,370.0)
(435.0,370.0)
(370.0,370.0)
(447.0,370.0)
(370.0,370.0)
(370.0,370.0)
(370.0,370.0)
(370.0,370.0)
(370.0,370.0)
(370.0,370.0)
(370.0,370.0)
(369.0,370.0)
(370.0,370.0)
(370.0,370.0)
(370.0,370.0)
(370.0,370.0)
(370.0,370.0)
(785.0,370.0)
(370.0,370.0)
(370.0,370.0)
(370.0,370.0)
(369.0,370.0)
(370.0,370.0)
(370.0,370.0)
(370.0,370.0)
(370.0,370.0)
(370.0,370.0)
(370.0,370.0)
(370.0,370.0)
(370.0,370.0)
(370.0,370.0)
(370.0,370.0)
(370.0,370.0)
(370.0,370.0)
(370.0,370.0)
(370.0,370.0)
(370.0,370.0)
(370.0,370.0)
(370.0,370.0)
(370.0,370.0)
(447.0,370.0)
(370.0,370.0)
(370.0,370.0)
(370.0,370.0)
(370.0,370.0)
(442.0,370.0)
(417.0,370.0)
(370.0,370.0)
(370.0,370.0)
(370.0,370.0)
(447.0,370.0)
(370.0,370.0)
(370.0,370.0)
(370.0,370.0)
(459.0,370.0)
(370.0,370.0)
(370.0,370.0)
(785.0,370.0)
(370.0,370.0)
(370.0,370.0)
(370.0,370.0)
(370.0,370.0)
(370.0,370.0)
(370.0,370.0)
(417.0,370.0)
(370.0,370.0)
(406.0,370.0)
(370.0,370.0)
(386.0,370.0)
(370.0,370.0)
(370.0,370.0)
(370.0,370.0)
(370.0,370.0)
(370.0,370.0)
(370.0,370.0)
(370.0,370.0)
(370.0,370.0)
(785.0,370.0)
(459.0,370.0)
(442.0,370.0)
(370.0,370.0)
(370.0,370.0)
(370.0,370.0)
(370.0,370.0)
(417.0,370.0)
(447.0,370.0)
(370.0,370.0)
(370.0,370.0)
(370.0,370.0)
(447.0,370.0)
(370.0,370.0)
(369.0,370.0)
(370.0,370.0)
(370.0,370.0)
(370.0,370.0)
(370.0,370.0)
(447.0,370.0)
(370.0,370.0)
(435.0,370.0)
(370.0,370.0)
(417.0,370.0)
(370.0,370.0)
(370.0,370.0)
(417.0,370.0)
(417.0,370.0)
(370.0,370.0)
(370.0,370.0)
(370.0,370.0)
(370.0,370.0)
(370.0,370.0)
(370.0,370.0)
(370.0,370.0)
(370.0,370.0)
(447.0,370.0)
(370.0,370.0)
(370.0,370.0)
(370.0,370.0)
(370.0,370.0)
(370.0,370.0)
(370.0,370.0)
(370.0,370.0)
(370.0,370.0)
(370.0,370.0)
(370.0,370.0)
(447.0,370.0)
(370.0,370.0)
(370.0,370.0)
(370.0,370.0)
(370.0,370.0)
(370.0,370.0)
(370.0,370.0)
(370.0,370.0)
(447.0,370.0)
(370.0,370.0)
(370.0,370.0)
(370.0,370.0)
(370.0,370.0)
(370.0,370.0)
(370.0,370.0)
(370.0,370.0)
(370.0,370.0)
(370.0,370.0)
(785.0,370.0)
(370.0,370.0)
(386.0,370.0)
(370.0,370.0)
(370.0,370.0)
(386.0,370.0)
(417.0,370.0)
(370.0,370.0)
(370.0,370.0)
(370.0,370.0)
(370.0,370.0)
(370.0,370.0)
(370.0,370.0)
(370.0,370.0)
(370.0,370.0)
(370.0,370.0)
(370.0,370.0)
(370.0,370.0)
(370.0,370.0)
(370.0,370.0)
(370.0,370.0)
(370.0,370.0)
(370.0,370.0)
(386.0,370.0)
(785.0,370.0)
(370.0,370.0)
(370.0,370.0)
(370.0,370.0)
(370.0,370.0)
(370.0,370.0)
(370.0,370.0)
(447.0,370.0)
(370.0,370.0)
(447.0,370.0)
(370.0,370.0)
(370.0,370.0)
(370.0,370.0)
(370.0,370.0)
(417.0,370.0)
(370.0,370.0)
(370.0,370.0)
(369.0,370.0)
(370.0,370.0)
(370.0,370.0)
(370.0,370.0)
(370.0,370.0)
(370.0,370.0)
(370.0,370.0)
(785.0,370.0)
(370.0,370.0)
(370.0,370.0)
(370.0,370.0)
(370.0,370.0)
(447.0,370.0)
(370.0,370.0)
(370.0,370.0)
(447.0,370.0)
(785.0,370.0)
(370.0,370.0)
(370.0,370.0)
(370.0,370.0)
(370.0,370.0)
(370.0,370.0)
(370.0,370.0)
(370.0,370.0)
(447.0,370.0)
(435.0,370.0)
(370.0,370.0)
(370.0,370.0)
(370.0,370.0)
(370.0,370.0)
(370.0,370.0)
(370.0,370.0)
(370.0,370.0)
(417.0,370.0)
(370.0,370.0)
(370.0,370.0)
(370.0,370.0)
(370.0,370.0)
(370.0,370.0)
(377.0,370.0)
(370.0,370.0)
(370.0,370.0)
(370.0,370.0)
(370.0,370.0)
(370.0,370.0)
(370.0,370.0)
(370.0,370.0)
(435.0,370.0)
(370.0,370.0)
(406.0,370.0)
(370.0,370.0)
(386.0,370.0)
(370.0,370.0)
(370.0,370.0)
(25.0,370.0)
(417.0,370.0)
(370.0,370.0)
(370.0,370.0)
(370.0,370.0)
(459.0,370.0)
(369.0,370.0)
(370.0,370.0)
(370.0,370.0)
(785.0,370.0)
(370.0,370.0)
(435.0,370.0)
(370.0,370.0)
(370.0,370.0)
(370.0,370.0)
(370.0,370.0)
(370.0,370.0)
(370.0,370.0)
(370.0,370.0)
(370.0,370.0)
(370.0,370.0)
(370.0,370.0)
(370.0,370.0)
(370.0,370.0)
(435.0,370.0)
(370.0,370.0)
(370.0,370.0)
(370.0,370.0)
(370.0,370.0)
(370.0,370.0)
(370.0,370.0)
(370.0,370.0)
(370.0,370.0)
(370.0,370.0)
(370.0,370.0)
(370.0,370.0)
(435.0,370.0)
(370.0,370.0)
(370.0,370.0)
(370.0,370.0)
(370.0,370.0)
(370.0,370.0)
(370.0,370.0)
(370.0,370.0)
(370.0,370.0)
(370.0,370.0)
(417.0,370.0)
(370.0,370.0)
(447.0,370.0)
(370.0,370.0)
(370.0,370.0)
(417.0,370.0)
(370.0,370.0)
(447.0,370.0)
(370.0,370.0)
(370.0,370.0)
(370.0,370.0)
(447.0,370.0)
(370.0,370.0)
(447.0,370.0)
(370.0,370.0)
(370.0,370.0)
(377.0,370.0)
(370.0,370.0)
(370.0,370.0)
(447.0,370.0)
(370.0,370.0)
(370.0,370.0)
(370.0,370.0)
(370.0,370.0)
(785.0,370.0)
(370.0,370.0)
(370.0,370.0)
(370.0,370.0)
(370.0,370.0)
(447.0,370.0)
(370.0,370.0)
(370.0,370.0)
(370.0,370.0)
(370.0,370.0)
(370.0,370.0)
(370.0,370.0)
(369.0,370.0)
(370.0,370.0)
(442.0,370.0)
(370.0,370.0)
(370.0,370.0)
(370.0,370.0)
(370.0,370.0)
(435.0,370.0)
(370.0,370.0)
(370.0,370.0)
(370.0,370.0)
(370.0,370.0)
(370.0,370.0)
(447.0,370.0)
(370.0,370.0)
(370.0,370.0)
(370.0,370.0)
(370.0,370.0)
(370.0,370.0)
(370.0,370.0)
(370.0,370.0)
(370.0,370.0)
(447.0,370.0)
(370.0,370.0)
(370.0,370.0)
(370.0,370.0)
(370.0,370.0)
(459.0,370.0)
(370.0,370.0)
(370.0,370.0)
(370.0,370.0)
(369.0,370.0)
(447.0,370.0)
(370.0,370.0)
(370.0,370.0)
(370.0,370.0)
(370.0,370.0)
(370.0,370.0)
(370.0,370.0)
(370.0,370.0)
(370.0,370.0)
(370.0,370.0)
(370.0,370.0)
(370.0,370.0)
(370.0,370.0)
(370.0,370.0)
(370.0,370.0)
(370.0,370.0)
(370.0,370.0)
(370.0,370.0)
(370.0,370.0)
(370.0,370.0)
(370.0,370.0)
(370.0,370.0)
(785.0,370.0)
(370.0,370.0)
(370.0,370.0)
(370.0,370.0)
(370.0,370.0)
(370.0,370.0)
(370.0,370.0)
(370.0,370.0)
(370.0,370.0)
(370.0,370.0)
(370.0,370.0)
(370.0,370.0)
(370.0,370.0)
(370.0,370.0)
(370.0,370.0)
(370.0,370.0)
(435.0,370.0)
(370.0,370.0)
(370.0,370.0)
(370.0,370.0)
(370.0,370.0)
(370.0,370.0)
(370.0,370.0)
(370.0,370.0)
(370.0,370.0)
(370.0,370.0)
(369.0,370.0)
(370.0,370.0)
(370.0,370.0)
(370.0,370.0)
(370.0,370.0)
(447.0,370.0)
(785.0,370.0)
(370.0,370.0)
(370.0,370.0)
(370.0,370.0)
(369.0,370.0)
(459.0,370.0)
(370.0,370.0)
(370.0,370.0)
(370.0,370.0)
(370.0,370.0)
(370.0,370.0)
(370.0,370.0)
(370.0,370.0)
(370.0,370.0)
(370.0,370.0)
(370.0,370.0)
(370.0,370.0)
(386.0,370.0)
(370.0,370.0)
(447.0,370.0)
(370.0,370.0)
(370.0,370.0)
(370.0,370.0)
(447.0,370.0)
(370.0,370.0)
(370.0,370.0)
(386.0,370.0)
(370.0,370.0)
(490.0,370.0)
(417.0,370.0)
(370.0,370.0)
(370.0,370.0)
(370.0,370.0)
(459.0,370.0)
(369.0,370.0)
(370.0,370.0)
(370.0,370.0)
(785.0,370.0)
(370.0,370.0)
(435.0,370.0)
(370.0,370.0)
(370.0,370.0)
(370.0,370.0)
(370.0,370.0)
(370.0,370.0)
(370.0,370.0)
(417.0,370.0)
(370.0,370.0)
(370.0,370.0)
(370.0,370.0)
(370.0,370.0)
(370.0,370.0)
(370.0,370.0)
(785.0,370.0)
(369.0,370.0)
(370.0,370.0)
(370.0,370.0)
(370.0,370.0)
(370.0,370.0)
(370.0,370.0)
(447.0,370.0)
(370.0,370.0)
(369.0,370.0)
(442.0,370.0)
(370.0,370.0)
(370.0,370.0)
(370.0,370.0)
(417.0,370.0)
(417.0,370.0)
(447.0,370.0)
(370.0,370.0)
(369.0,370.0)
(370.0,370.0)
(370.0,370.0)
(369.0,370.0)
(370.0,370.0)
(370.0,370.0)
(369.0,370.0)
(417.0,370.0)
(370.0,370.0)
(369.0,370.0)
(370.0,370.0)
(370.0,370.0)
(395.0,370.0)
(370.0,370.0)
(417.0,370.0)
(370.0,370.0)
(370.0,370.0)
(370.0,370.0)
(370.0,370.0)
(370.0,370.0)
(417.0,370.0)
(370.0,370.0)
(370.0,370.0)
(370.0,370.0)
(417.0,370.0)
(370.0,370.0)
(370.0,370.0)
(447.0,370.0)
(370.0,370.0)
(370.0,370.0)
(370.0,370.0)
(370.0,370.0)
(370.0,370.0)
(369.0,370.0)
(370.0,370.0)
(370.0,370.0)
(369.0,370.0)
(370.0,370.0)
(370.0,370.0)
(370.0,370.0)
(370.0,370.0)
(417.0,370.0)
(417.0,370.0)
(370.0,370.0)
(370.0,370.0)
(370.0,370.0)
(370.0,370.0)
(370.0,370.0)
(369.0,370.0)
(370.0,370.0)
(370.0,370.0)
(370.0,370.0)
(370.0,370.0)
(370.0,370.0)
(369.0,370.0)
(370.0,370.0)
(370.0,370.0)
(370.0,370.0)
(370.0,370.0)
(370.0,370.0)
(370.0,370.0)
(417.0,370.0)
(370.0,370.0)
(785.0,370.0)
(370.0,370.0)
(370.0,370.0)
(785.0,370.0)
(370.0,370.0)
(370.0,370.0)
(370.0,370.0)
(370.0,370.0)
(370.0,370.0)
(370.0,370.0)
(370.0,370.0)
(370.0,370.0)
(370.0,370.0)
(370.0,370.0)
(370.0,370.0)
(370.0,370.0)
(370.0,370.0)
(370.0,370.0)
(370.0,370.0)
(369.0,370.0)
(370.0,370.0)
(370.0,370.0)
(370.0,370.0)
(370.0,370.0)
(447.0,370.0)
(417.0,370.0)
(370.0,370.0)
(370.0,370.0)
(370.0,370.0)
(447.0,370.0)
(447.0,370.0)
(447.0,370.0)
(442.0,370.0)
(370.0,370.0)
(370.0,370.0)
(447.0,370.0)
(370.0,370.0)
(370.0,370.0)
(370.0,370.0)
(370.0,370.0)
(370.0,370.0)
(369.0,370.0)
(370.0,370.0)
(370.0,370.0)
(417.0,370.0)
(370.0,370.0)
(459.0,370.0)
(370.0,370.0)
(370.0,370.0)
(370.0,370.0)
(370.0,370.0)
(370.0,370.0)
(369.0,370.0)
(370.0,370.0)
(370.0,370.0)
(370.0,370.0)
(370.0,370.0)
(370.0,370.0)
(370.0,370.0)
(370.0,370.0)
(370.0,370.0)
(370.0,370.0)
(370.0,370.0)
(370.0,370.0)
(370.0,370.0)
(370.0,370.0)
(370.0,370.0)
(370.0,370.0)
(370.0,370.0)
(370.0,370.0)
(370.0,370.0)
(370.0,370.0)
(370.0,370.0)
(370.0,370.0)
(370.0,370.0)
(370.0,370.0)
(370.0,370.0)
(369.0,370.0)
(370.0,370.0)
(370.0,370.0)
(370.0,370.0)
(370.0,370.0)
(370.0,370.0)
(370.0,370.0)
(370.0,370.0)
(370.0,370.0)
(754.0,747.0)
(746.0,747.0)
(362.0,747.0)
(753.0,747.0)
(417.0,747.0)
(447.0,747.0)
(481.0,747.0)
(755.0,747.0)
(751.0,747.0)
(447.0,747.0)
(755.0,747.0)
(753.0,747.0)
(472.0,747.0)
(447.0,747.0)
(447.0,747.0)
(366.0,747.0)
(747.0,747.0)
(482.0,747.0)
(755.0,747.0)
(447.0,747.0)
(435.0,747.0)
(746.0,747.0)
(755.0,747.0)
(480.0,747.0)
(809.0,747.0)
(735.0,747.0)
(472.0,747.0)
(480.0,747.0)
(435.0,747.0)
(480.0,747.0)
(755.0,747.0)
(472.0,747.0)
(447.0,747.0)
(483.0,747.0)
(447.0,747.0)
(472.0,747.0)
(472.0,747.0)
(739.0,747.0)
(480.0,747.0)
(480.0,747.0)
(447.0,747.0)
(435.0,747.0)
(480.0,747.0)
(481.0,747.0)
(755.0,747.0)
(747.0,747.0)
(809.0,747.0)
(472.0,747.0)
(447.0,747.0)
(755.0,747.0)
(747.0,747.0)
(751.0,747.0)
(753.0,747.0)
(472.0,747.0)
(481.0,747.0)
(472.0,747.0)
(447.0,747.0)
(809.0,747.0)
(447.0,747.0)
(447.0,747.0)
(447.0,747.0)
(417.0,747.0)
(483.0,747.0)
(809.0,747.0)
(480.0,747.0)
(809.0,747.0)
(755.0,747.0)
(739.0,747.0)
(447.0,747.0)
(447.0,747.0)
(809.0,747.0)
(746.0,747.0)
(447.0,747.0)
(747.0,747.0)
(786.0,747.0)
(746.0,747.0)
(739.0,747.0)
(447.0,747.0)
(755.0,747.0)
(447.0,747.0)
(472.0,747.0)
(447.0,747.0)
(480.0,747.0)
(755.0,747.0)
(473.0,747.0)
(747.0,747.0)
(747.0,747.0)
(480.0,747.0)
(480.0,747.0)
(376.0,747.0)
(447.0,747.0)
(447.0,747.0)
(755.0,747.0)
(447.0,747.0)
(481.0,747.0)
(482.0,747.0)
(417.0,747.0)
(362.0,747.0)
(447.0,747.0)
(472.0,747.0)
(447.0,747.0)
(755.0,747.0)
(480.0,747.0)
(417.0,747.0)
(447.0,747.0)
(472.0,747.0)
(755.0,747.0)
(417.0,747.0)
(417.0,747.0)
(447.0,747.0)
(447.0,747.0)
(447.0,747.0)
(747.0,747.0)
(481.0,747.0)
(417.0,747.0)
(447.0,747.0)
(483.0,747.0)
(746.0,747.0)
(481.0,747.0)
(754.0,747.0)
(447.0,747.0)
(480.0,747.0)
(417.0,747.0)
(472.0,747.0)
(472.0,747.0)
(740.0,747.0)
(417.0,747.0)
(417.0,747.0)
(447.0,747.0)
(447.0,747.0)
(447.0,747.0)
(472.0,747.0)
(362.0,747.0)
(755.0,747.0)
(447.0,747.0)
(472.0,747.0)
(447.0,747.0)
(751.0,747.0)
(480.0,747.0)
(482.0,747.0)
(447.0,747.0)
(435.0,747.0)
(747.0,747.0)
(417.0,747.0)
(480.0,747.0)
(480.0,747.0)
(447.0,747.0)
(447.0,747.0)
(363.0,747.0)
(378.0,747.0)
(362.0,747.0)
(755.0,747.0)
(482.0,747.0)
(362.0,747.0)
(472.0,747.0)
(746.0,747.0)
(481.0,747.0)
(447.0,747.0)
(747.0,747.0)
(740.0,747.0)
(447.0,747.0)
(483.0,747.0)
(746.0,747.0)
(481.0,747.0)
(417.0,747.0)
(435.0,747.0)
(480.0,747.0)
(447.0,747.0)
(786.0,747.0)
(447.0,747.0)
(472.0,747.0)
(747.0,747.0)
(447.0,747.0)
(447.0,747.0)
(747.0,747.0)
(474.0,747.0)
(755.0,747.0)
(472.0,747.0)
(482.0,747.0)
(739.0,747.0)
(480.0,747.0)
(417.0,747.0)
(751.0,747.0)
(447.0,747.0)
(481.0,747.0)
(447.0,747.0)
(483.0,747.0)
(378.0,747.0)
(447.0,747.0)
(447.0,747.0)
(746.0,747.0)
(362.0,747.0)
(755.0,747.0)
(755.0,747.0)
(447.0,747.0)
(368.0,747.0)
(362.0,747.0)
(751.0,747.0)
(747.0,746.0)
(809.0,746.0)
(746.0,746.0)
(376.0,746.0)
(378.0,746.0)
(435.0,746.0)
(809.0,746.0)
(435.0,746.0)
(427.0,746.0)
(746.0,746.0)
(447.0,746.0)
(809.0,746.0)
(376.0,746.0)
(809.0,746.0)
(809.0,746.0)
(376.0,746.0)
(747.0,746.0)
(376.0,746.0)
(786.0,746.0)
(747.0,746.0)
(481.0,746.0)
(786.0,746.0)
(376.0,746.0)
(376.0,746.0)
(376.0,746.0)
(809.0,746.0)
(376.0,746.0)
(376.0,746.0)
(376.0,746.0)
(376.0,746.0)
(746.0,746.0)
(71.0,746.0)
(376.0,746.0)
(481.0,746.0)
(746.0,746.0)
(376.0,746.0)
(746.0,746.0)
(37.0,746.0)
(376.0,746.0)
(747.0,746.0)
(481.0,746.0)
(481.0,746.0)
(809.0,746.0)
(746.0,746.0)
(809.0,746.0)
(809.0,746.0)
(376.0,746.0)
(376.0,746.0)
(376.0,746.0)
(746.0,746.0)
(376.0,746.0)
(481.0,746.0)
(376.0,746.0)
(809.0,746.0)
(376.0,746.0)
(376.0,746.0)
(376.0,746.0)
(72.0,746.0)
(376.0,746.0)
(376.0,746.0)
(376.0,746.0)
(481.0,746.0)
(746.0,746.0)
(809.0,746.0)
(376.0,746.0)
(376.0,746.0)
(366.0,746.0)
(376.0,746.0)
(376.0,746.0)
(376.0,746.0)
(481.0,746.0)
(475.0,746.0)
(472.0,746.0)
(376.0,746.0)
(376.0,746.0)
(809.0,746.0)
(376.0,746.0)
(376.0,746.0)
(376.0,746.0)
(357.0,746.0)
(746.0,746.0)
(376.0,746.0)
(481.0,746.0)
(376.0,746.0)
(376.0,746.0)
(376.0,746.0)
(809.0,746.0)
(746.0,746.0)
(376.0,746.0)
(809.0,746.0)
(809.0,746.0)
(376.0,746.0)
(376.0,746.0)
(481.0,746.0)
(472.0,746.0)
(481.0,746.0)
(376.0,746.0)
(746.0,746.0)
(809.0,746.0)
(376.0,746.0)
(376.0,746.0)
(376.0,746.0)
(481.0,746.0)
(396.0,746.0)
(481.0,746.0)
(376.0,746.0)
(378.0,746.0)
(376.0,746.0)
(376.0,746.0)
(376.0,746.0)
(809.0,746.0)
(809.0,746.0)
(809.0,746.0)
(809.0,746.0)
(396.0,746.0)
(809.0,746.0)
(376.0,746.0)
(472.0,746.0)
(376.0,746.0)
(376.0,746.0)
(376.0,746.0)
(376.0,746.0)
(376.0,746.0)
(809.0,746.0)
(376.0,746.0)
(376.0,746.0)
(481.0,746.0)
(376.0,746.0)
(481.0,746.0)
(746.0,746.0)
(376.0,746.0)
(747.0,746.0)
(376.0,746.0)
(746.0,746.0)
(376.0,746.0)
(481.0,746.0)
(37.0,746.0)
(472.0,746.0)
(376.0,746.0)
(376.0,746.0)
(396.0,746.0)
(376.0,746.0)
(376.0,746.0)
(481.0,746.0)
(376.0,746.0)
(447.0,746.0)
(786.0,746.0)
(376.0,746.0)
(809.0,746.0)
(378.0,746.0)
(360.0,746.0)
(481.0,746.0)
(809.0,746.0)
(481.0,746.0)
(377.0,746.0)
(376.0,746.0)
(376.0,746.0)
(435.0,746.0)
(376.0,746.0)
(746.0,746.0)
(376.0,746.0)
(809.0,746.0)
(376.0,746.0)
(746.0,746.0)
(489.0,746.0)
(430.0,746.0)
(376.0,746.0)
(809.0,746.0)
(809.0,746.0)
(427.0,746.0)
(481.0,746.0)
(746.0,746.0)
(376.0,746.0)
(481.0,746.0)
(809.0,746.0)
(376.0,746.0)
(809.0,746.0)
(475.0,746.0)
(809.0,746.0)
(809.0,746.0)
(376.0,746.0)
(376.0,746.0)
(809.0,746.0)
(376.0,746.0)
(740.0,746.0)
(809.0,746.0)
(376.0,746.0)
(427.0,746.0)
(809.0,746.0)
(378.0,746.0)
(376.0,746.0)
(376.0,746.0)
(740.0,746.0)
(746.0,746.0)
(362.0,746.0)
(376.0,746.0)
(480.0,747.0)
(447.0,747.0)
(755.0,747.0)
(472.0,747.0)
(447.0,747.0)
(480.0,747.0)
(472.0,747.0)
(755.0,747.0)
(376.0,747.0)
(447.0,747.0)
(447.0,747.0)
(482.0,747.0)
(376.0,747.0)
(472.0,747.0)
(447.0,747.0)
(481.0,747.0)
(747.0,747.0)
(447.0,747.0)
(472.0,747.0)
(472.0,747.0)
(447.0,747.0)
(357.0,747.0)
(417.0,747.0)
(376.0,747.0)
(447.0,747.0)
(747.0,747.0)
(743.0,747.0)
(480.0,747.0)
(362.0,747.0)
(739.0,747.0)
(754.0,747.0)
(447.0,747.0)
(472.0,747.0)
(747.0,747.0)
(809.0,747.0)
(482.0,747.0)
(362.0,747.0)
(755.0,747.0)
(447.0,747.0)
(472.0,747.0)
(747.0,747.0)
(755.0,747.0)
(396.0,747.0)
(435.0,747.0)
(417.0,747.0)
(358.0,747.0)
(447.0,747.0)
(417.0,747.0)
(447.0,747.0)
(357.0,747.0)
(746.0,747.0)
(739.0,747.0)
(447.0,747.0)
(755.0,747.0)
(447.0,747.0)
(739.0,747.0)
(473.0,747.0)
(366.0,747.0)
(483.0,747.0)
(435.0,747.0)
(739.0,747.0)
(472.0,747.0)
(481.0,747.0)
(472.0,747.0)
(417.0,747.0)
(739.0,747.0)
(751.0,747.0)
(455.0,747.0)
(435.0,747.0)
(481.0,747.0)
(472.0,747.0)
(746.0,747.0)
(447.0,747.0)
(447.0,747.0)
(447.0,747.0)
(753.0,747.0)
(747.0,747.0)
(447.0,747.0)
(435.0,747.0)
(755.0,747.0)
(747.0,747.0)
(447.0,747.0)
(447.0,747.0)
(435.0,747.0)
(472.0,747.0)
(746.0,747.0)
(472.0,747.0)
(474.0,747.0)
(262.0,747.0)
(480.0,747.0)
(472.0,747.0)
(809.0,747.0)
(746.0,747.0)
(447.0,747.0)
(747.0,747.0)
(447.0,747.0)
(472.0,747.0)
(472.0,747.0)
(480.0,747.0)
(417.0,747.0)
(447.0,747.0)
(370.0,747.0)
(447.0,747.0)
(447.0,747.0)
(447.0,747.0)
(481.0,747.0)
(751.0,747.0)
(447.0,747.0)
(447.0,747.0)
(753.0,747.0)
(447.0,747.0)
(472.0,747.0)
(472.0,747.0)
(747.0,747.0)
(447.0,747.0)
(435.0,747.0)
(481.0,747.0)
(435.0,747.0)
(447.0,747.0)
(480.0,747.0)
(447.0,747.0)
(481.0,747.0)
(435.0,747.0)
(472.0,747.0)
(809.0,747.0)
(786.0,747.0)
(447.0,747.0)
(472.0,747.0)
(472.0,747.0)
(447.0,747.0)
(472.0,747.0)
(366.0,747.0)
(472.0,747.0)
(376.0,747.0)
(447.0,747.0)
(480.0,747.0)
(747.0,747.0)
(740.0,747.0)
(455.0,747.0)
(362.0,747.0)
(447.0,747.0)
(755.0,747.0)
(472.0,747.0)
(376.0,747.0)
(483.0,747.0)
(362.0,747.0)
(480.0,747.0)
(447.0,747.0)
(483.0,747.0)
(447.0,747.0)
(809.0,747.0)
(747.0,747.0)
(755.0,747.0)
(376.0,747.0)
(447.0,747.0)
(480.0,747.0)
(480.0,747.0)
(809.0,747.0)
(366.0,747.0)
(413.0,747.0)
(482.0,747.0)
(483.0,747.0)
(480.0,747.0)
(447.0,747.0)
(480.0,747.0)
(447.0,747.0)
(755.0,747.0)
(755.0,747.0)
(809.0,747.0)
(747.0,747.0)
(472.0,747.0)
(747.0,747.0)
(472.0,747.0)
(755.0,747.0)
(435.0,747.0)
(483.0,747.0)
(472.0,747.0)
(472.0,747.0)
(472.0,747.0)
(447.0,747.0)
(417.0,747.0)
(417.0,747.0)
(447.0,747.0)
(472.0,747.0)
(376.0,747.0)
(472.0,747.0)
(739.0,747.0)
(435.0,747.0)
(746.0,747.0)
(378.0,747.0)
(447.0,747.0)
(472.0,747.0)
(809.0,747.0)
(472.0,747.0)
(480.0,747.0)
(447.0,747.0)
(447.0,747.0)
(809.0,747.0)
(481.0,747.0)
(808.0,747.0)
(472.0,747.0)
(747.0,747.0)
(746.0,747.0)
(417.0,747.0)
(746.0,747.0)
(447.0,747.0)
(809.0,747.0)
(746.0,747.0)
(747.0,747.0)
(809.0,747.0)
(746.0,747.0)
(809.0,747.0)
(746.0,747.0)
(809.0,747.0)
(435.0,747.0)
(747.0,747.0)
(747.0,747.0)
(747.0,747.0)
(746.0,747.0)
(809.0,747.0)
(747.0,747.0)
(435.0,747.0)
(746.0,747.0)
(417.0,747.0)
(747.0,747.0)
(362.0,747.0)
(747.0,747.0)
(747.0,747.0)
(481.0,747.0)
(417.0,747.0)
(809.0,747.0)
(809.0,747.0)
(481.0,747.0)
(417.0,747.0)
(809.0,747.0)
(435.0,747.0)
(481.0,747.0)
(809.0,747.0)
(747.0,747.0)
(747.0,747.0)
(435.0,747.0)
(747.0,747.0)
(809.0,747.0)
(746.0,747.0)
(481.0,747.0)
(435.0,747.0)
(747.0,747.0)
(747.0,747.0)
(809.0,747.0)
(447.0,747.0)
(357.0,747.0)
(746.0,747.0)
(809.0,747.0)
(417.0,747.0)
(447.0,747.0)
(755.0,747.0)
(751.0,747.0)
(747.0,747.0)
(746.0,747.0)
(435.0,747.0)
(747.0,747.0)
(746.0,747.0)
(481.0,747.0)
(746.0,747.0)
(747.0,747.0)
(809.0,747.0)
(746.0,747.0)
(447.0,747.0)
(751.0,747.0)
(435.0,747.0)
(746.0,747.0)
(747.0,747.0)
(435.0,747.0)
(746.0,747.0)
(435.0,747.0)
(435.0,747.0)
(809.0,747.0)
(746.0,747.0)
(746.0,747.0)
(481.0,747.0)
(481.0,747.0)
(746.0,747.0)
(746.0,747.0)
(435.0,747.0)
(435.0,747.0)
(472.0,747.0)
(746.0,747.0)
(363.0,747.0)
(417.0,747.0)
(746.0,747.0)
(746.0,747.0)
(809.0,747.0)
(747.0,747.0)
(809.0,747.0)
(809.0,747.0)
(747.0,747.0)
(786.0,747.0)
(366.0,747.0)
(746.0,747.0)
(447.0,747.0)
(472.0,747.0)
(737.0,747.0)
(435.0,747.0)
(746.0,747.0)
(809.0,747.0)
(747.0,747.0)
(809.0,747.0)
(747.0,747.0)
(481.0,747.0)
(435.0,747.0)
(747.0,747.0)
(472.0,747.0)
(435.0,747.0)
(739.0,747.0)
(809.0,747.0)
(746.0,747.0)
(435.0,747.0)
(809.0,747.0)
(746.0,747.0)
(359.0,747.0)
(746.0,747.0)
(435.0,747.0)
(746.0,747.0)
(746.0,747.0)
(747.0,747.0)
(435.0,747.0)
(809.0,747.0)
(747.0,747.0)
(809.0,747.0)
(435.0,747.0)
(747.0,747.0)
(481.0,747.0)
(809.0,747.0)
(755.0,747.0)
(481.0,747.0)
(746.0,747.0)
(747.0,747.0)
(747.0,747.0)
(746.0,747.0)
(435.0,747.0)
(809.0,747.0)
(435.0,747.0)
(357.0,747.0)
(747.0,747.0)
(746.0,747.0)
(809.0,747.0)
(481.0,747.0)
(362.0,747.0)
(809.0,747.0)
(746.0,747.0)
(809.0,747.0)
(357.0,747.0)
(809.0,747.0)
(747.0,747.0)
(747.0,747.0)
(809.0,747.0)
(809.0,747.0)
(809.0,747.0)
(809.0,747.0)
(417.0,747.0)
(747.0,747.0)
(747.0,747.0)
(747.0,747.0)
(746.0,747.0)
(809.0,747.0)
(746.0,747.0)
(481.0,747.0)
(809.0,747.0)
(809.0,747.0)
(751.0,747.0)
(447.0,747.0)
(747.0,747.0)
(747.0,747.0)
(746.0,747.0)
(809.0,747.0)
(435.0,747.0)
(809.0,747.0)
(378.0,747.0)
(481.0,747.0)
(746.0,747.0)
(747.0,747.0)
(481.0,747.0)
(435.0,747.0)
(809.0,747.0)
(809.0,747.0)
(746.0,747.0)
(455.0,747.0)
(472.0,747.0)
(378.0,747.0)
(809.0,747.0)
(359.0,747.0)
(755.0,747.0)
(473.0,747.0)
(747.0,747.0)
(747.0,747.0)
(747.0,747.0)
(747.0,747.0)
(746.0,747.0)
(747.0,747.0)
(747.0,747.0)
(417.0,747.0)
(809.0,747.0)
(747.0,747.0)
(746.0,747.0)
(809.0,747.0)
(747.0,747.0)
(808.0,747.0)
(746.0,747.0)
(747.0,747.0)
(747.0,747.0)
(746.0,747.0)
(809.0,747.0)
(447.0,747.0)
(435.0,747.0)
(481.0,747.0)
(417.0,747.0)
(809.0,747.0)
(747.0,747.0)
(435.0,747.0)
(747.0,747.0)
(739.0,747.0)
(747.0,747.0)
(481.0,747.0)
(739.0,747.0)
(747.0,747.0)
(807.0,747.0)
(746.0,747.0)
(747.0,747.0)
(435.0,747.0)
(481.0,747.0)
(435.0,747.0)
(435.0,747.0)
(809.0,747.0)
(481.0,747.0)
(435.0,747.0)
(809.0,747.0)
(747.0,747.0)
(481.0,747.0)
(363.0,747.0)
(417.0,747.0)
(417.0,747.0)
(435.0,747.0)
(747.0,747.0)
(809.0,747.0)
(809.0,747.0)
(809.0,747.0)
(737.0,747.0)
(747.0,747.0)
(809.0,747.0)
(747.0,747.0)
(435.0,747.0)
(809.0,747.0)
(747.0,747.0)
(435.0,747.0)
(435.0,747.0)
(755.0,747.0)
(481.0,747.0)
(747.0,747.0)
(809.0,747.0)
(435.0,747.0)
(481.0,747.0)
(435.0,747.0)
(809.0,747.0)
(746.0,747.0)
(472.0,747.0)
(435.0,747.0)
(435.0,747.0)
(747.0,747.0)
(747.0,747.0)
(435.0,747.0)
(809.0,747.0)
(809.0,747.0)
(747.0,747.0)
(417.0,747.0)
(809.0,747.0)
(746.0,747.0)
(747.0,747.0)
(417.0,747.0)
(447.0,747.0)
(751.0,747.0)
(747.0,747.0)
(747.0,747.0)
(435.0,747.0)
(809.0,747.0)
(447.0,747.0)
(809.0,747.0)
(747.0,747.0)
(357.0,747.0)
(435.0,747.0)
(747.0,747.0)
(809.0,747.0)
(481.0,747.0)
(809.0,747.0)
(747.0,747.0)
(747.0,747.0)
(447.0,747.0)
(747.0,747.0)
(747.0,747.0)
(378.0,747.0)
(809.0,747.0)
(746.0,747.0)
(747.0,747.0)
(747.0,747.0)
(747.0,747.0)
(746.0,747.0)
(435.0,747.0)
(746.0,747.0)
(435.0,747.0)
(746.0,747.0)
(809.0,747.0)
(747.0,747.0)
(809.0,747.0)
(809.0,747.0)
(447.0,747.0)
(747.0,747.0)
(747.0,747.0)
(366.0,747.0)
(809.0,747.0)
(809.0,747.0)
(407.0,747.0)
(747.0,747.0)
(435.0,747.0)
(809.0,747.0)
(809.0,747.0)
(435.0,747.0)
(747.0,747.0)
(809.0,747.0)
(474.0,747.0)
(435.0,747.0)
(809.0,747.0)
(481.0,747.0)
(481.0,747.0)
(481.0,747.0)
(809.0,747.0)
(435.0,747.0)
(435.0,747.0)
(473.0,747.0)
(809.0,747.0)
(435.0,747.0)
(747.0,747.0)
(447.0,747.0)
(740.0,747.0)
(809.0,747.0)
(746.0,747.0)
(746.0,747.0)
(747.0,747.0)
(376.0,747.0)
(809.0,747.0)
(751.0,747.0)
(747.0,747.0)
(746.0,747.0)
(740.0,747.0)
(747.0,747.0)
(807.0,747.0)
(809.0,747.0)
(417.0,747.0)
(747.0,747.0)
(746.0,747.0)
(746.0,747.0)
(362.0,747.0)
(746.0,747.0)
(755.0,747.0)
(747.0,747.0)
(809.0,747.0)
(809.0,747.0)
(809.0,747.0)
(447.0,747.0)
(472.0,747.0)
(747.0,747.0)
(809.0,747.0)
(747.0,747.0)
(747.0,747.0)
(809.0,747.0)
(747.0,747.0)
(447.0,747.0)
(480.0,747.0)
(435.0,747.0)
(480.0,747.0)
(435.0,747.0)
(487.0,747.0)
(809.0,747.0)
(435.0,747.0)
(746.0,747.0)
(447.0,747.0)
(746.0,747.0)
(357.0,747.0)
(481.0,747.0)
(740.0,747.0)
(435.0,747.0)
(376.0,746.0)
(481.0,746.0)
(376.0,746.0)
(481.0,746.0)
(376.0,746.0)
(481.0,746.0)
(376.0,746.0)
(435.0,746.0)
(376.0,746.0)
(481.0,746.0)
(786.0,746.0)
(481.0,746.0)
(376.0,746.0)
(809.0,746.0)
(809.0,746.0)
(376.0,746.0)
(481.0,746.0)
(395.0,746.0)
(376.0,746.0)
(809.0,746.0)
(481.0,746.0)
(809.0,746.0)
(376.0,746.0)
(376.0,746.0)
(366.0,746.0)
(481.0,746.0)
(376.0,746.0)
(376.0,746.0)
(376.0,746.0)
(376.0,746.0)
(481.0,746.0)
(376.0,746.0)
(376.0,746.0)
(481.0,746.0)
(435.0,746.0)
(376.0,746.0)
(746.0,746.0)
(376.0,746.0)
(376.0,746.0)
(376.0,746.0)
(378.0,746.0)
(481.0,746.0)
(481.0,746.0)
(809.0,746.0)
(809.0,746.0)
(376.0,746.0)
(809.0,746.0)
(376.0,746.0)
(378.0,746.0)
(366.0,746.0)
(481.0,746.0)
(376.0,746.0)
(376.0,746.0)
(395.0,746.0)
(376.0,746.0)
(378.0,746.0)
(376.0,746.0)
(376.0,746.0)
(376.0,746.0)
(746.0,746.0)
(481.0,746.0)
(809.0,746.0)
(459.0,746.0)
(376.0,746.0)
(427.0,746.0)
(376.0,746.0)
(376.0,746.0)
(746.0,746.0)
(472.0,746.0)
(376.0,746.0)
(809.0,746.0)
(472.0,746.0)
(366.0,746.0)
(376.0,746.0)
(37.0,746.0)
(366.0,746.0)
(376.0,746.0)
(376.0,746.0)
(746.0,746.0)
(376.0,746.0)
(376.0,746.0)
(376.0,746.0)
(809.0,746.0)
(786.0,746.0)
(809.0,746.0)
(472.0,746.0)
(435.0,746.0)
(376.0,746.0)
(417.0,746.0)
(481.0,746.0)
(376.0,746.0)
(786.0,746.0)
(746.0,746.0)
(376.0,746.0)
(786.0,746.0)
(481.0,746.0)
(376.0,746.0)
(376.0,746.0)
(376.0,746.0)
(809.0,746.0)
(361.0,746.0)
(481.0,746.0)
(809.0,746.0)
(435.0,746.0)
(746.0,746.0)
(481.0,746.0)
(376.0,746.0)
(376.0,746.0)
(481.0,746.0)
(746.0,746.0)
(809.0,746.0)
(481.0,746.0)
(376.0,746.0)
(809.0,746.0)
(435.0,746.0)
(376.0,746.0)
(435.0,746.0)
(376.0,746.0)
(376.0,746.0)
(376.0,746.0)
(376.0,746.0)
(376.0,746.0)
(376.0,746.0)
(376.0,746.0)
(481.0,746.0)
(809.0,746.0)
(481.0,746.0)
(376.0,746.0)
(809.0,746.0)
(435.0,746.0)
(376.0,746.0)
(459.0,746.0)
(489.0,746.0)
(366.0,746.0)
(746.0,746.0)
(481.0,746.0)
(809.0,746.0)
(809.0,746.0)
(376.0,746.0)
(376.0,746.0)
(481.0,746.0)
(376.0,746.0)
(357.0,746.0)
(376.0,746.0)
(809.0,746.0)
(376.0,746.0)
(809.0,746.0)
(447.0,746.0)
(376.0,746.0)
(809.0,746.0)
(376.0,746.0)
(746.0,746.0)
(376.0,746.0)
(809.0,746.0)
(481.0,746.0)
(376.0,746.0)
(376.0,746.0)
(809.0,746.0)
(376.0,746.0)
(809.0,746.0)
(376.0,746.0)
(435.0,746.0)
(376.0,746.0)
(376.0,746.0)
(395.0,746.0)
(376.0,746.0)
(376.0,746.0)
(746.0,746.0)
(809.0,746.0)
(376.0,746.0)
(396.0,746.0)
(376.0,746.0)
(809.0,746.0)
(481.0,746.0)
(376.0,746.0)
(481.0,746.0)
(746.0,746.0)
(481.0,746.0)
(809.0,746.0)
(809.0,746.0)
(809.0,746.0)
(809.0,746.0)
(376.0,746.0)
(483.0,746.0)
(809.0,746.0)
(396.0,746.0)
(746.0,746.0)
(376.0,746.0)
(376.0,746.0)
(376.0,746.0)
(395.0,746.0)
(809.0,746.0)
(809.0,746.0)
(376.0,746.0)
(396.0,746.0)
(481.0,746.0)
(481.0,746.0)
(376.0,746.0)
(376.0,746.0)
(481.0,746.0)
(376.0,746.0)
(481.0,746.0)
(376.0,746.0)
(481.0,746.0)
(376.0,746.0)
(435.0,746.0)
(376.0,746.0)
(481.0,746.0)
(786.0,746.0)
(481.0,746.0)
(376.0,746.0)
(809.0,746.0)
(809.0,746.0)
(376.0,746.0)
(481.0,746.0)
(395.0,746.0)
(376.0,746.0)
(809.0,746.0)
(481.0,746.0)
(809.0,746.0)
(746.0,746.0)
(376.0,746.0)
(366.0,746.0)
(481.0,746.0)
(376.0,746.0)
(376.0,746.0)
(809.0,746.0)
(376.0,746.0)
(481.0,746.0)
(376.0,746.0)
(376.0,746.0)
(481.0,746.0)
(435.0,746.0)
(376.0,746.0)
(746.0,746.0)
(376.0,746.0)
(376.0,746.0)
(376.0,746.0)
(378.0,746.0)
(481.0,746.0)
(481.0,746.0)
(809.0,746.0)
(809.0,746.0)
(376.0,746.0)
(809.0,746.0)
(376.0,746.0)
(378.0,746.0)
(366.0,746.0)
(481.0,746.0)
(376.0,746.0)
(376.0,746.0)
(395.0,746.0)
(376.0,746.0)
(378.0,746.0)
(376.0,746.0)
(376.0,746.0)
(376.0,746.0)
(746.0,746.0)
(481.0,746.0)
(809.0,746.0)
(459.0,746.0)
(376.0,746.0)
(427.0,746.0)
(376.0,746.0)
(376.0,746.0)
(746.0,746.0)
(747.0,746.0)
(376.0,746.0)
(809.0,746.0)
(472.0,746.0)
(366.0,746.0)
(376.0,746.0)
(481.0,746.0)
(366.0,746.0)
(376.0,746.0)
(376.0,746.0)
(746.0,746.0)
(376.0,746.0)
(809.0,746.0)
(376.0,746.0)
(809.0,746.0)
(786.0,746.0)
(809.0,746.0)
(472.0,746.0)
(435.0,746.0)
(376.0,746.0)
(417.0,746.0)
(481.0,746.0)
(376.0,746.0)
(376.0,746.0)
(746.0,746.0)
(376.0,746.0)
(786.0,746.0)
(481.0,746.0)
(376.0,746.0)
(376.0,746.0)
(376.0,746.0)
(809.0,746.0)
(361.0,746.0)
(481.0,746.0)
(376.0,746.0)
(435.0,746.0)
(747.0,746.0)
(481.0,746.0)
(376.0,746.0)
(376.0,746.0)
(481.0,746.0)
(746.0,746.0)
(809.0,746.0)
(481.0,746.0)
(376.0,746.0)
(809.0,746.0)
(435.0,746.0)
(376.0,746.0)
(435.0,746.0)
(376.0,746.0)
(376.0,746.0)
(376.0,746.0)
(376.0,746.0)
(376.0,746.0)
(376.0,746.0)
(376.0,746.0)
(481.0,746.0)
(809.0,746.0)
(481.0,746.0)
(376.0,746.0)
(809.0,746.0)
(435.0,746.0)
(376.0,746.0)
(459.0,746.0)
(489.0,746.0)
(366.0,746.0)
(746.0,746.0)
(809.0,746.0)
(786.0,746.0)
(809.0,746.0)
(376.0,746.0)
(376.0,746.0)
(481.0,746.0)
(376.0,746.0)
(357.0,746.0)
(376.0,746.0)
(809.0,746.0)
(376.0,746.0)
(809.0,746.0)
(447.0,746.0)
(376.0,746.0)
(809.0,746.0)
(376.0,746.0)
(746.0,746.0)
(376.0,746.0)
(809.0,746.0)
(481.0,746.0)
(376.0,746.0)
(376.0,746.0)
(809.0,746.0)
(376.0,746.0)
(809.0,746.0)
(376.0,746.0)
(376.0,746.0)
(809.0,746.0)
(376.0,746.0)
(395.0,746.0)
(809.0,746.0)
(376.0,746.0)
(746.0,746.0)
(809.0,746.0)
(376.0,746.0)
(396.0,746.0)
(376.0,746.0)
(809.0,746.0)
(376.0,746.0)
(378.0,746.0)
(481.0,746.0)
(746.0,746.0)
(481.0,746.0)
(809.0,746.0)
(378.0,746.0)
(809.0,746.0)
(376.0,746.0)
(483.0,746.0)
(809.0,746.0)
(396.0,746.0)
(746.0,746.0)
(376.0,746.0)
(376.0,746.0)
(376.0,746.0)
(395.0,746.0)
(481.0,746.0)
(809.0,746.0)
(376.0,746.0)
(366.0,746.0)
(481.0,746.0)
(481.0,746.0)
(376.0,746.0)
(376.0,746.0)
(481.0,746.0)
(376.0,746.0)
(481.0,746.0)
(376.0,746.0)
(481.0,746.0)
(376.0,746.0)
(435.0,746.0)
(376.0,746.0)
(481.0,746.0)
(786.0,746.0)
(481.0,746.0)
(376.0,746.0)
(809.0,746.0)
(809.0,746.0)
(376.0,746.0)
(481.0,746.0)
(395.0,746.0)
(376.0,746.0)
(809.0,746.0)
(481.0,746.0)
(412.0,746.0)
(746.0,746.0)
(376.0,746.0)
(366.0,746.0)
(481.0,746.0)
(376.0,746.0)
(376.0,746.0)
(472.0,746.0)
(376.0,746.0)
(481.0,746.0)
(376.0,746.0)
(376.0,746.0)
(481.0,746.0)
(435.0,746.0)
(376.0,746.0)
(746.0,746.0)
(376.0,746.0)
(376.0,746.0)
(376.0,746.0)
(459.0,746.0)
(481.0,746.0)
(481.0,746.0)
(809.0,746.0)
(809.0,746.0)
(376.0,746.0)
(809.0,746.0)
(376.0,746.0)
(378.0,746.0)
(366.0,746.0)
(481.0,746.0)
(376.0,746.0)
(376.0,746.0)
(417.0,746.0)
(376.0,746.0)
(378.0,746.0)
(376.0,746.0)
(376.0,746.0)
(376.0,746.0)
(376.0,746.0)
(746.0,746.0)
(481.0,746.0)
(809.0,746.0)
(459.0,746.0)
(376.0,746.0)
(427.0,746.0)
(376.0,746.0)
(376.0,746.0)
(746.0,746.0)
(747.0,746.0)
(376.0,746.0)
(809.0,746.0)
(472.0,746.0)
(366.0,746.0)
(376.0,746.0)
(37.0,746.0)
(481.0,746.0)
(376.0,746.0)
(376.0,746.0)
(376.0,746.0)
(376.0,746.0)
(376.0,746.0)
(376.0,746.0)
(459.0,746.0)
(786.0,746.0)
(809.0,746.0)
(481.0,746.0)
(435.0,746.0)
(376.0,746.0)
(417.0,746.0)
(395.0,746.0)
(376.0,746.0)
(786.0,746.0)
(746.0,746.0)
(376.0,746.0)
(786.0,746.0)
(481.0,746.0)
(376.0,746.0)
(376.0,746.0)
(376.0,746.0)
(809.0,746.0)
(361.0,746.0)
(481.0,746.0)
(376.0,746.0)
(435.0,746.0)
(747.0,746.0)
(481.0,746.0)
(376.0,746.0)
(376.0,746.0)
(481.0,746.0)
(746.0,746.0)
(809.0,746.0)
(481.0,746.0)
(376.0,746.0)
(809.0,746.0)
(435.0,746.0)
(376.0,746.0)
(435.0,746.0)
(376.0,746.0)
(376.0,746.0)
(376.0,746.0)
(376.0,746.0)
(376.0,746.0)
(376.0,746.0)
(376.0,746.0)
(481.0,746.0)
(809.0,746.0)
(435.0,746.0)
(809.0,746.0)
(435.0,746.0)
(376.0,746.0)
(459.0,746.0)
(489.0,746.0)
(366.0,746.0)
(746.0,746.0)
(809.0,746.0)
(786.0,746.0)
(809.0,746.0)
(376.0,746.0)
(376.0,746.0)
(481.0,746.0)
(376.0,746.0)
(357.0,746.0)
(376.0,746.0)
(809.0,746.0)
(376.0,746.0)
(809.0,746.0)
(447.0,746.0)
(376.0,746.0)
(378.0,746.0)
(809.0,746.0)
(746.0,746.0)
(809.0,746.0)
(809.0,746.0)
(746.0,746.0)
(376.0,746.0)
(809.0,746.0)
(376.0,746.0)
(809.0,746.0)
(376.0,746.0)
(481.0,746.0)
(376.0,746.0)
(376.0,746.0)
(395.0,746.0)
(376.0,746.0)
(376.0,746.0)
(746.0,746.0)
(809.0,746.0)
(376.0,746.0)
(376.0,746.0)
(376.0,746.0)
(809.0,746.0)
(376.0,746.0)
(378.0,746.0)
(481.0,746.0)
(746.0,746.0)
(376.0,746.0)
(809.0,746.0)
(378.0,746.0)
(809.0,746.0)
(376.0,746.0)
(483.0,746.0)
(435.0,746.0)
(366.0,746.0)
(746.0,746.0)
(376.0,746.0)
(376.0,746.0)
(376.0,746.0)
(395.0,746.0)
(481.0,746.0)
(809.0,746.0)
(376.0,746.0)
(366.0,746.0)
(481.0,746.0)
(481.0,746.0)
(376.0,746.0)
(376.0,746.0)
(481.0,746.0)
(376.0,746.0)
(481.0,746.0)
(376.0,746.0)
(481.0,746.0)
(376.0,746.0)
(435.0,746.0)
(376.0,746.0)
(481.0,746.0)
(786.0,746.0)
(481.0,746.0)
(376.0,746.0)
(809.0,746.0)
(809.0,746.0)
(376.0,746.0)
(481.0,746.0)
(395.0,746.0)
(376.0,746.0)
(809.0,746.0)
(481.0,746.0)
(412.0,746.0)
(376.0,746.0)
(376.0,746.0)
(366.0,746.0)
(481.0,746.0)
(376.0,746.0)
(376.0,746.0)
(472.0,746.0)
(376.0,746.0)
(481.0,746.0)
(376.0,746.0)
(376.0,746.0)
(481.0,746.0)
(435.0,746.0)
(376.0,746.0)
(746.0,746.0)
(376.0,746.0)
(376.0,746.0)
(376.0,746.0)
(459.0,746.0)
(481.0,746.0)
(481.0,746.0)
(809.0,746.0)
(809.0,746.0)
(376.0,746.0)
(809.0,746.0)
(376.0,746.0)
(378.0,746.0)
(366.0,746.0)
(481.0,746.0)
(376.0,746.0)
(376.0,746.0)
(417.0,746.0)
(376.0,746.0)
(378.0,746.0)
(376.0,746.0)
(376.0,746.0)
(376.0,746.0)
(746.0,746.0)
(481.0,746.0)
(809.0,746.0)
(459.0,746.0)
(376.0,746.0)
(427.0,746.0)
(376.0,746.0)
(376.0,746.0)
(746.0,746.0)
(472.0,746.0)
(376.0,746.0)
(809.0,746.0)
(472.0,746.0)
(366.0,746.0)
(376.0,746.0)
(37.0,746.0)
(481.0,746.0)
(376.0,746.0)
(376.0,746.0)
(746.0,746.0)
(376.0,746.0)
(376.0,746.0)
(376.0,746.0)
(809.0,746.0)
(786.0,746.0)
(809.0,746.0)
(472.0,746.0)
(435.0,746.0)
(376.0,746.0)
(396.0,746.0)
(395.0,746.0)
(376.0,746.0)
(376.0,746.0)
(746.0,746.0)
(376.0,746.0)
(786.0,746.0)
(481.0,746.0)
(376.0,746.0)
(376.0,746.0)
(376.0,746.0)
(809.0,746.0)
(361.0,746.0)
(481.0,746.0)
(376.0,746.0)
(435.0,746.0)
(747.0,746.0)
(481.0,746.0)
(376.0,746.0)
(376.0,746.0)
(481.0,746.0)
(746.0,746.0)
(809.0,746.0)
(481.0,746.0)
(376.0,746.0)
(809.0,746.0)
(435.0,746.0)
(376.0,746.0)
(435.0,746.0)
(376.0,746.0)
(376.0,746.0)
(376.0,746.0)
(376.0,746.0)
(376.0,746.0)
(376.0,746.0)
(376.0,746.0)
(481.0,746.0)
(809.0,746.0)
(435.0,746.0)
(376.0,746.0)
(809.0,746.0)
(435.0,746.0)
(376.0,746.0)
(459.0,746.0)
(485.0,746.0)
(366.0,746.0)
(746.0,746.0)
(809.0,746.0)
(809.0,746.0)
(809.0,746.0)
(376.0,746.0)
(376.0,746.0)
(481.0,746.0)
(376.0,746.0)
(357.0,746.0)
(376.0,746.0)
(809.0,746.0)
(376.0,746.0)
(809.0,746.0)
(447.0,746.0)
(376.0,746.0)
(378.0,746.0)
(809.0,746.0)
(746.0,746.0)
(809.0,746.0)
(481.0,746.0)
(746.0,746.0)
(376.0,746.0)
(809.0,746.0)
(376.0,746.0)
(809.0,746.0)
(376.0,746.0)
(481.0,746.0)
(376.0,746.0)
(376.0,746.0)
(395.0,746.0)
(376.0,746.0)
(376.0,746.0)
(746.0,746.0)
(809.0,746.0)
(376.0,746.0)
(376.0,746.0)
(376.0,746.0)
(809.0,746.0)
(376.0,746.0)
(376.0,746.0)
(481.0,746.0)
(746.0,746.0)
(481.0,746.0)
(809.0,746.0)
(378.0,746.0)
(809.0,746.0)
(396.0,746.0)
(376.0,746.0)
(483.0,746.0)
(809.0,746.0)
(396.0,746.0)
(746.0,746.0)
(376.0,746.0)
(376.0,746.0)
(376.0,746.0)
(395.0,746.0)
(481.0,746.0)
(809.0,746.0)
(376.0,746.0)
(366.0,746.0)
(481.0,746.0)
(481.0,746.0)
(376.0,746.0)
(371.0,372.0)
(413.0,372.0)
(371.0,372.0)
(371.0,372.0)
(371.0,372.0)
(372.0,372.0)
(371.0,372.0)
(786.0,372.0)
(371.0,372.0)
(793.0,372.0)
(438.0,372.0)
(435.0,372.0)
(371.0,372.0)
(372.0,372.0)
(371.0,372.0)
(371.0,372.0)
(435.0,372.0)
(371.0,372.0)
(413.0,372.0)
(435.0,372.0)
(417.0,372.0)
(417.0,372.0)
(459.0,372.0)
(372.0,372.0)
(372.0,372.0)
(475.0,372.0)
(387.0,372.0)
(372.0,372.0)
(372.0,372.0)
(805.0,372.0)
(371.0,372.0)
(373.0,372.0)
(417.0,372.0)
(435.0,372.0)
(413.0,372.0)
(387.0,372.0)
(372.0,372.0)
(371.0,372.0)
(373.0,372.0)
(371.0,372.0)
(371.0,372.0)
(406.0,372.0)
(371.0,372.0)
(371.0,372.0)
(371.0,372.0)
(349.0,372.0)
(371.0,372.0)
(372.0,372.0)
(371.0,372.0)
(371.0,372.0)
(372.0,372.0)
(435.0,372.0)
(371.0,372.0)
(371.0,372.0)
(372.0,372.0)
(371.0,372.0)
(373.0,372.0)
(373.0,372.0)
(373.0,372.0)
(805.0,372.0)
(372.0,372.0)
(471.0,372.0)
(404.0,372.0)
(404.0,372.0)
(404.0,372.0)
(484.0,372.0)
(427.0,372.0)
(373.0,372.0)
(427.0,372.0)
(372.0,372.0)
(404.0,372.0)
(767.0,372.0)
(413.0,372.0)
(371.0,372.0)
(371.0,372.0)
(404.0,372.0)
(412.0,372.0)
(404.0,372.0)
(435.0,372.0)
(372.0,372.0)
(417.0,372.0)
(435.0,372.0)
(427.0,372.0)
(372.0,372.0)
(373.0,372.0)
(371.0,372.0)
(435.0,372.0)
(417.0,372.0)
(372.0,372.0)
(371.0,372.0)
(371.0,372.0)
(372.0,372.0)
(372.0,372.0)
(373.0,372.0)
(521.0,372.0)
(371.0,372.0)
(371.0,372.0)
(413.0,372.0)
(373.0,372.0)
(421.0,372.0)
(413.0,372.0)
(372.0,372.0)
(404.0,372.0)
(371.0,372.0)
(435.0,372.0)
(386.0,372.0)
(371.0,372.0)
(372.0,372.0)
(371.0,372.0)
(372.0,372.0)
(413.0,372.0)
(417.0,372.0)
(371.0,372.0)
(462.0,372.0)
(808.0,372.0)
(786.0,372.0)
(371.0,372.0)
(372.0,372.0)
(427.0,372.0)
(371.0,372.0)
(747.0,372.0)
(371.0,372.0)
(371.0,372.0)
(371.0,372.0)
(435.0,372.0)
(455.0,372.0)
(371.0,372.0)
(417.0,372.0)
(371.0,372.0)
(786.0,372.0)
(371.0,372.0)
(371.0,372.0)
(427.0,372.0)
(373.0,372.0)
(786.0,372.0)
(404.0,372.0)
(371.0,372.0)
(372.0,372.0)
(37.0,372.0)
(417.0,372.0)
(371.0,372.0)
(427.0,372.0)
(396.0,372.0)
(371.0,372.0)
(475.0,372.0)
(371.0,372.0)
(373.0,372.0)
(371.0,372.0)
(786.0,372.0)
(373.0,372.0)
(373.0,372.0)
(417.0,372.0)
(435.0,372.0)
(435.0,372.0)
(373.0,372.0)
(372.0,372.0)
(371.0,372.0)
(786.0,372.0)
(786.0,372.0)
(427.0,372.0)
(371.0,372.0)
(435.0,372.0)
(371.0,372.0)
(373.0,372.0)
(371.0,372.0)
(372.0,372.0)
(786.0,372.0)
(372.0,372.0)
(412.0,372.0)
(372.0,372.0)
(373.0,372.0)
(371.0,372.0)
(372.0,372.0)
(371.0,372.0)
(372.0,372.0)
(435.0,372.0)
(421.0,372.0)
(371.0,372.0)
(371.0,372.0)
(404.0,372.0)
(406.0,372.0)
(372.0,372.0)
(435.0,372.0)
(810.0,372.0)
(417.0,372.0)
(435.0,372.0)
(371.0,372.0)
(373.0,372.0)
(371.0,372.0)
(435.0,372.0)
(413.0,372.0)
(373.0,373.0)
(371.0,373.0)
(371.0,373.0)
(427.0,373.0)
(373.0,373.0)
(372.0,373.0)
(371.0,373.0)
(371.0,373.0)
(371.0,373.0)
(372.0,373.0)
(409.0,373.0)
(771.0,373.0)
(483.0,373.0)
(435.0,373.0)
(435.0,373.0)
(373.0,373.0)
(371.0,373.0)
(417.0,373.0)
(417.0,373.0)
(412.0,373.0)
(373.0,373.0)
(373.0,373.0)
(459.0,373.0)
(373.0,373.0)
(372.0,373.0)
(372.0,373.0)
(413.0,373.0)
(373.0,373.0)
(373.0,373.0)
(427.0,373.0)
(373.0,373.0)
(373.0,373.0)
(372.0,373.0)
(787.0,373.0)
(371.0,373.0)
(406.0,373.0)
(371.0,373.0)
(455.0,373.0)
(490.0,373.0)
(452.0,373.0)
(371.0,373.0)
(427.0,373.0)
(427.0,373.0)
(373.0,373.0)
(787.0,373.0)
(372.0,373.0)
(447.0,373.0)
(786.0,373.0)
(372.0,373.0)
(427.0,373.0)
(371.0,373.0)
(454.0,373.0)
(417.0,373.0)
(479.0,373.0)
(371.0,373.0)
(372.0,373.0)
(373.0,373.0)
(787.0,373.0)
(372.0,373.0)
(459.0,373.0)
(412.0,373.0)
(435.0,373.0)
(417.0,373.0)
(427.0,373.0)
(413.0,373.0)
(372.0,373.0)
(427.0,373.0)
(427.0,373.0)
(373.0,373.0)
(427.0,373.0)
(463.0,373.0)
(371.0,373.0)
(427.0,373.0)
(787.0,373.0)
(372.0,373.0)
(427.0,373.0)
(427.0,373.0)
(373.0,373.0)
(459.0,373.0)
(372.0,373.0)
(371.0,373.0)
(373.0,373.0)
(427.0,373.0)
(421.0,373.0)
(372.0,373.0)
(371.0,373.0)
(787.0,373.0)
(372.0,373.0)
(372.0,373.0)
(373.0,373.0)
(435.0,373.0)
(786.0,373.0)
(373.0,373.0)
(373.0,373.0)
(371.0,373.0)
(427.0,373.0)
(373.0,373.0)
(373.0,373.0)
(372.0,373.0)
(371.0,373.0)
(373.0,373.0)
(371.0,373.0)
(373.0,373.0)
(373.0,373.0)
(373.0,373.0)
(373.0,373.0)
(447.0,373.0)
(372.0,373.0)
(373.0,373.0)
(435.0,373.0)
(373.0,373.0)
(409.0,373.0)
(373.0,373.0)
(373.0,373.0)
(373.0,373.0)
(435.0,373.0)
(413.0,373.0)
(373.0,373.0)
(372.0,373.0)
(447.0,373.0)
(447.0,373.0)
(432.0,373.0)
(373.0,373.0)
(462.0,373.0)
(373.0,373.0)
(373.0,373.0)
(373.0,373.0)
(403.0,373.0)
(372.0,373.0)
(432.0,373.0)
(525.0,373.0)
(787.0,373.0)
(373.0,373.0)
(371.0,373.0)
(787.0,373.0)
(373.0,373.0)
(373.0,373.0)
(373.0,373.0)
(373.0,373.0)
(459.0,373.0)
(371.0,373.0)
(787.0,373.0)
(427.0,373.0)
(435.0,373.0)
(373.0,373.0)
(413.0,373.0)
(372.0,373.0)
(787.0,373.0)
(371.0,373.0)
(373.0,373.0)
(373.0,373.0)
(421.0,373.0)
(372.0,373.0)
(38.0,373.0)
(459.0,373.0)
(787.0,373.0)
(412.0,373.0)
(373.0,373.0)
(475.0,373.0)
(459.0,373.0)
(373.0,373.0)
(373.0,373.0)
(427.0,373.0)
(373.0,373.0)
(787.0,373.0)
(373.0,373.0)
(373.0,373.0)
(373.0,373.0)
(413.0,373.0)
(435.0,373.0)
(373.0,373.0)
(371.0,373.0)
(371.0,373.0)
(427.0,373.0)
(372.0,373.0)
(786.0,373.0)
(373.0,373.0)
(373.0,373.0)
(373.0,373.0)
(371.0,373.0)
(372.0,373.0)
(373.0,373.0)
(372.0,373.0)
(771.0,373.0)
(373.0,373.0)
(413.0,373.0)
(786.0,373.0)
(743.0,373.0)
(427.0,373.0)
(786.0,373.0)
(464.0,748.0)
(748.0,748.0)
(748.0,748.0)
(748.0,748.0)
(748.0,748.0)
(464.0,748.0)
(393.0,748.0)
(448.0,748.0)
(43.0,748.0)
(385.0,748.0)
(464.0,748.0)
(748.0,748.0)
(748.0,748.0)
(799.0,748.0)
(748.0,748.0)
(464.0,748.0)
(444.0,748.0)
(385.0,748.0)
(476.0,748.0)
(748.0,748.0)
(385.0,748.0)
(748.0,748.0)
(452.0,748.0)
(476.0,748.0)
(757.0,748.0)
(476.0,748.0)
(748.0,748.0)
(385.0,748.0)
(748.0,748.0)
(748.0,748.0)
(748.0,748.0)
(756.0,748.0)
(445.0,748.0)
(748.0,748.0)
(748.0,748.0)
(748.0,748.0)
(748.0,748.0)
(476.0,748.0)
(748.0,748.0)
(748.0,748.0)
(748.0,748.0)
(748.0,748.0)
(448.0,748.0)
(748.0,748.0)
(757.0,748.0)
(748.0,748.0)
(748.0,748.0)
(748.0,748.0)
(757.0,748.0)
(748.0,748.0)
(17.0,748.0)
(748.0,748.0)
(383.0,748.0)
(476.0,748.0)
(748.0,748.0)
(748.0,748.0)
(748.0,748.0)
(748.0,748.0)
(748.0,748.0)
(748.0,748.0)
(476.0,748.0)
(748.0,748.0)
(748.0,748.0)
(385.0,748.0)
(385.0,748.0)
(748.0,748.0)
(748.0,748.0)
(748.0,748.0)
(476.0,748.0)
(748.0,748.0)
(464.0,748.0)
(748.0,748.0)
(381.0,748.0)
(748.0,748.0)
(439.0,748.0)
(476.0,748.0)
(757.0,748.0)
(771.0,748.0)
(748.0,748.0)
(748.0,748.0)
(385.0,748.0)
(385.0,748.0)
(385.0,748.0)
(748.0,748.0)
(385.0,748.0)
(385.0,748.0)
(288.0,748.0)
(429.0,748.0)
(436.0,748.0)
(475.0,748.0)
(464.0,748.0)
(385.0,748.0)
(748.0,748.0)
(393.0,748.0)
(748.0,748.0)
(748.0,748.0)
(385.0,748.0)
(476.0,748.0)
(476.0,748.0)
(757.0,748.0)
(385.0,748.0)
(748.0,748.0)
(385.0,748.0)
(464.0,748.0)
(464.0,748.0)
(385.0,748.0)
(385.0,748.0)
(748.0,748.0)
(748.0,748.0)
(476.0,748.0)
(476.0,748.0)
(748.0,748.0)
(385.0,748.0)
(748.0,748.0)
(748.0,748.0)
(385.0,748.0)
(385.0,748.0)
(393.0,748.0)
(464.0,748.0)
(748.0,748.0)
(385.0,748.0)
(748.0,748.0)
(385.0,748.0)
(748.0,748.0)
(464.0,748.0)
(809.0,748.0)
(748.0,748.0)
(476.0,748.0)
(385.0,748.0)
(771.0,748.0)
(748.0,748.0)
(464.0,748.0)
(748.0,748.0)
(748.0,748.0)
(476.0,748.0)
(385.0,748.0)
(381.0,748.0)
(385.0,748.0)
(385.0,748.0)
(748.0,748.0)
(748.0,748.0)
(393.0,748.0)
(385.0,748.0)
(464.0,748.0)
(385.0,748.0)
(476.0,748.0)
(748.0,748.0)
(476.0,748.0)
(476.0,748.0)
(748.0,748.0)
(748.0,748.0)
(439.0,748.0)
(385.0,748.0)
(748.0,748.0)
(748.0,748.0)
(748.0,748.0)
(748.0,748.0)
(748.0,748.0)
(748.0,748.0)
(748.0,748.0)
(748.0,748.0)
(748.0,748.0)
(385.0,748.0)
(748.0,748.0)
(748.0,748.0)
(379.0,748.0)
(748.0,748.0)
(154.0,748.0)
(476.0,748.0)
(748.0,748.0)
(452.0,748.0)
(385.0,748.0)
(748.0,748.0)
(385.0,748.0)
(748.0,748.0)
(748.0,748.0)
(385.0,748.0)
(748.0,748.0)
(385.0,748.0)
(748.0,748.0)
(385.0,748.0)
(393.0,748.0)
(748.0,748.0)
(385.0,748.0)
(385.0,748.0)
(385.0,748.0)
(385.0,748.0)
(748.0,748.0)
(744.0,748.0)
(748.0,748.0)
(748.0,748.0)
(385.0,748.0)
(748.0,748.0)
(748.0,748.0)
(448.0,749.0)
(749.0,749.0)
(446.0,749.0)
(483.0,749.0)
(461.0,749.0)
(422.0,749.0)
(388.0,749.0)
(749.0,749.0)
(749.0,749.0)
(749.0,749.0)
(749.0,749.0)
(483.0,749.0)
(448.0,749.0)
(749.0,749.0)
(422.0,749.0)
(448.0,749.0)
(464.0,749.0)
(749.0,749.0)
(402.0,749.0)
(749.0,749.0)
(448.0,749.0)
(786.0,749.0)
(749.0,749.0)
(464.0,749.0)
(448.0,749.0)
(749.0,749.0)
(749.0,749.0)
(421.0,749.0)
(757.0,749.0)
(448.0,749.0)
(749.0,749.0)
(771.0,749.0)
(448.0,749.0)
(798.0,749.0)
(424.0,749.0)
(458.0,749.0)
(749.0,749.0)
(402.0,749.0)
(391.0,749.0)
(483.0,749.0)
(448.0,749.0)
(448.0,749.0)
(749.0,749.0)
(464.0,749.0)
(424.0,749.0)
(749.0,749.0)
(448.0,749.0)
(424.0,749.0)
(771.0,749.0)
(771.0,749.0)
(424.0,749.0)
(749.0,749.0)
(398.0,749.0)
(424.0,749.0)
(483.0,749.0)
(458.0,749.0)
(757.0,749.0)
(402.0,749.0)
(749.0,749.0)
(639.0,749.0)
(448.0,749.0)
(446.0,749.0)
(749.0,749.0)
(749.0,749.0)
(749.0,749.0)
(424.0,749.0)
(749.0,749.0)
(386.0,749.0)
(424.0,749.0)
(402.0,749.0)
(798.0,749.0)
(749.0,749.0)
(483.0,749.0)
(749.0,749.0)
(749.0,749.0)
(424.0,749.0)
(749.0,749.0)
(448.0,749.0)
(745.0,749.0)
(424.0,749.0)
(749.0,749.0)
(424.0,749.0)
(436.0,749.0)
(749.0,749.0)
(391.0,749.0)
(749.0,749.0)
(412.0,749.0)
(391.0,749.0)
(402.0,749.0)
(402.0,749.0)
(435.0,749.0)
(424.0,749.0)
(402.0,749.0)
(431.0,749.0)
(424.0,749.0)
(749.0,749.0)
(749.0,749.0)
(391.0,749.0)
(749.0,749.0)
(386.0,749.0)
(459.0,749.0)
(749.0,749.0)
(464.0,749.0)
(388.0,749.0)
(402.0,749.0)
(424.0,749.0)
(448.0,749.0)
(464.0,749.0)
(771.0,749.0)
(749.0,749.0)
(771.0,749.0)
(455.0,749.0)
(402.0,749.0)
(461.0,749.0)
(749.0,749.0)
(448.0,749.0)
(386.0,749.0)
(402.0,749.0)
(424.0,749.0)
(749.0,749.0)
(749.0,749.0)
(448.0,749.0)
(424.0,749.0)
(749.0,749.0)
(388.0,749.0)
(402.0,749.0)
(458.0,749.0)
(749.0,749.0)
(749.0,749.0)
(749.0,749.0)
(402.0,749.0)
(464.0,749.0)
(479.0,749.0)
(749.0,749.0)
(422.0,749.0)
(749.0,749.0)
(448.0,749.0)
(402.0,749.0)
(448.0,749.0)
(448.0,749.0)
(424.0,749.0)
(424.0,749.0)
(448.0,749.0)
(464.0,749.0)
(391.0,749.0)
(424.0,749.0)
(771.0,749.0)
(424.0,749.0)
(749.0,749.0)
(388.0,749.0)
(262.0,749.0)
(402.0,749.0)
(459.0,749.0)
(798.0,749.0)
(448.0,749.0)
(402.0,749.0)
(461.0,749.0)
(448.0,749.0)
(402.0,749.0)
(424.0,749.0)
(386.0,749.0)
(391.0,749.0)
(416.0,749.0)
(391.0,749.0)
(386.0,749.0)
(749.0,749.0)
(447.0,749.0)
(448.0,749.0)
(438.0,749.0)
(479.0,749.0)
(749.0,749.0)
(464.0,749.0)
(455.0,749.0)
(448.0,749.0)
(448.0,749.0)
(438.0,749.0)
(749.0,749.0)
(749.0,749.0)
(771.0,749.0)
(749.0,749.0)
(749.0,749.0)
(424.0,749.0)
(749.0,749.0)
(448.0,749.0)
(749.0,749.0)
(424.0,749.0)
(757.0,749.0)
(749.0,749.0)
(402.0,749.0)
(770.0,749.0)
(749.0,749.0)
(749.0,749.0)
(421.0,749.0)
(402.0,749.0)
(749.0,749.0)
(448.0,749.0)
(402.0,749.0)
(422.0,749.0)
(388.0,749.0)
(749.0,749.0)
(757.0,749.0)
(391.0,749.0)
(749.0,749.0)
(749.0,749.0)
(749.0,749.0)
(749.0,749.0)
(386.0,749.0)
(386.0,749.0)
(391.0,749.0)
(749.0,749.0)
(749.0,749.0)
(749.0,749.0)
(391.0,749.0)
(386.0,749.0)
(391.0,749.0)
(749.0,749.0)
(749.0,749.0)
(448.0,749.0)
(448.0,749.0)
(386.0,749.0)
(469.0,749.0)
(749.0,749.0)
(749.0,749.0)
(757.0,749.0)
(459.0,749.0)
(461.0,749.0)
(749.0,749.0)
(749.0,749.0)
(749.0,749.0)
(424.0,749.0)
(749.0,749.0)
(785.0,749.0)
(749.0,749.0)
(749.0,749.0)
(749.0,749.0)
(479.0,749.0)
(448.0,749.0)
(391.0,749.0)
(770.0,749.0)
(469.0,749.0)
(749.0,749.0)
(749.0,749.0)
(448.0,749.0)
(448.0,749.0)
(749.0,749.0)
(391.0,749.0)
(749.0,749.0)
(749.0,749.0)
(749.0,749.0)
(448.0,749.0)
(429.0,749.0)
(749.0,749.0)
(749.0,749.0)
(391.0,749.0)
(386.0,749.0)
(771.0,749.0)
(749.0,749.0)
(459.0,749.0)
(386.0,749.0)
(448.0,749.0)
(386.0,749.0)
(749.0,749.0)
(749.0,749.0)
(749.0,749.0)
(448.0,749.0)
(749.0,749.0)
(749.0,749.0)
(448.0,749.0)
(798.0,749.0)
(469.0,749.0)
(448.0,749.0)
(749.0,749.0)
(402.0,749.0)
(749.0,749.0)
(749.0,749.0)
(749.0,749.0)
(428.0,749.0)
(749.0,749.0)
(749.0,749.0)
(448.0,749.0)
(448.0,749.0)
(749.0,749.0)
(749.0,749.0)
(798.0,749.0)
(391.0,749.0)
(398.0,749.0)
(435.0,749.0)
(448.0,749.0)
(749.0,749.0)
(448.0,749.0)
(448.0,749.0)
(749.0,749.0)
(431.0,749.0)
(749.0,749.0)
(749.0,749.0)
(749.0,749.0)
(749.0,749.0)
(749.0,749.0)
(749.0,749.0)
(749.0,749.0)
(386.0,749.0)
(479.0,749.0)
(749.0,749.0)
(391.0,749.0)
(749.0,749.0)
(749.0,749.0)
(749.0,749.0)
(448.0,749.0)
(749.0,749.0)
(749.0,749.0)
(447.0,749.0)
(749.0,749.0)
(391.0,749.0)
(749.0,749.0)
(15.0,749.0)
(749.0,749.0)
(391.0,749.0)
(386.0,749.0)
(749.0,749.0)
(749.0,749.0)
(749.0,749.0)
(386.0,749.0)
(749.0,749.0)
(749.0,749.0)
(749.0,749.0)
(464.0,749.0)
(368.0,749.0)
(749.0,749.0)
(438.0,749.0)
(448.0,749.0)
(749.0,749.0)
(391.0,749.0)
(749.0,749.0)
(749.0,749.0)
(448.0,749.0)
(749.0,749.0)
(391.0,749.0)
(749.0,749.0)
(749.0,749.0)
(386.0,749.0)
(749.0,749.0)
(448.0,749.0)
(749.0,749.0)
(749.0,749.0)
(386.0,749.0)
(398.0,749.0)
(749.0,749.0)
(749.0,749.0)
(749.0,749.0)
(749.0,749.0)
(749.0,749.0)
(749.0,749.0)
(749.0,749.0)
(745.0,749.0)
(749.0,749.0)
(749.0,749.0)
(448.0,749.0)
(749.0,749.0)
(758.0,749.0)
(749.0,749.0)
(749.0,749.0)
(749.0,749.0)
(749.0,749.0)
(448.0,749.0)
(386.0,749.0)
(749.0,749.0)
(749.0,749.0)
(749.0,749.0)
(749.0,749.0)
(749.0,749.0)
(749.0,749.0)
(749.0,749.0)
(750.0,749.0)
(749.0,749.0)
(749.0,749.0)
(749.0,749.0)
(749.0,749.0)
(749.0,749.0)
(749.0,749.0)
(749.0,749.0)
(749.0,749.0)
(749.0,749.0)
(381.0,749.0)
(749.0,749.0)
(388.0,749.0)
(391.0,749.0)
(749.0,749.0)
(749.0,749.0)
(749.0,749.0)
(386.0,749.0)
(386.0,749.0)
(402.0,749.0)
(749.0,749.0)
(749.0,749.0)
(402.0,749.0)
(402.0,749.0)
(424.0,749.0)
(424.0,749.0)
(402.0,749.0)
(386.0,749.0)
(386.0,749.0)
(464.0,749.0)
(448.0,749.0)
(424.0,749.0)
(749.0,749.0)
(386.0,749.0)
(479.0,749.0)
(785.0,749.0)
(391.0,749.0)
(388.0,749.0)
(417.0,749.0)
(749.0,749.0)
(412.0,749.0)
(448.0,749.0)
(479.0,749.0)
(402.0,749.0)
(391.0,749.0)
(749.0,749.0)
(749.0,749.0)
(402.0,749.0)
(402.0,749.0)
(402.0,749.0)
(422.0,749.0)
(402.0,749.0)
(381.0,749.0)
(448.0,749.0)
(749.0,749.0)
(448.0,749.0)
(417.0,749.0)
(749.0,749.0)
(448.0,749.0)
(448.0,749.0)
(749.0,749.0)
(749.0,749.0)
(402.0,749.0)
(402.0,749.0)
(402.0,749.0)
(749.0,749.0)
(417.0,749.0)
(749.0,749.0)
(424.0,749.0)
(749.0,749.0)
(749.0,749.0)
(749.0,749.0)
(402.0,749.0)
(424.0,749.0)
(749.0,749.0)
(749.0,749.0)
(402.0,749.0)
(389.0,749.0)
(802.0,749.0)
(749.0,749.0)
(749.0,749.0)
(412.0,749.0)
(424.0,749.0)
(424.0,749.0)
(749.0,749.0)
(402.0,749.0)
(749.0,749.0)
(402.0,749.0)
(386.0,749.0)
(431.0,749.0)
(391.0,749.0)
(424.0,749.0)
(749.0,749.0)
(424.0,749.0)
(402.0,749.0)
(749.0,749.0)
(448.0,749.0)
(402.0,749.0)
(427.0,749.0)
(448.0,749.0)
(386.0,749.0)
(749.0,749.0)
(479.0,749.0)
(402.0,749.0)
(749.0,749.0)
(402.0,749.0)
(448.0,749.0)
(448.0,749.0)
(402.0,749.0)
(749.0,749.0)
(394.0,749.0)
(749.0,749.0)
(402.0,749.0)
(402.0,749.0)
(749.0,749.0)
(402.0,749.0)
(448.0,749.0)
(459.0,749.0)
(402.0,749.0)
(448.0,749.0)
(749.0,749.0)
(461.0,749.0)
(402.0,749.0)
(386.0,749.0)
(417.0,749.0)
(798.0,749.0)
(749.0,749.0)
(402.0,749.0)
(417.0,749.0)
(456.0,749.0)
(413.0,749.0)
(402.0,749.0)
(402.0,749.0)
(749.0,749.0)
(749.0,749.0)
(749.0,749.0)
(402.0,749.0)
(429.0,749.0)
(448.0,749.0)
(749.0,749.0)
(802.0,749.0)
(402.0,749.0)
(402.0,749.0)
(749.0,749.0)
(749.0,749.0)
(421.0,749.0)
(391.0,749.0)
(427.0,749.0)
(749.0,749.0)
(749.0,749.0)
(448.0,749.0)
(749.0,749.0)
(394.0,749.0)
(483.0,749.0)
(438.0,749.0)
(483.0,749.0)
(416.0,749.0)
(424.0,749.0)
(402.0,749.0)
(417.0,749.0)
(802.0,749.0)
(417.0,749.0)
(749.0,749.0)
(448.0,749.0)
(448.0,749.0)
(422.0,749.0)
(422.0,749.0)
(402.0,749.0)
(479.0,749.0)
(749.0,749.0)
(789.0,749.0)
(749.0,749.0)
(749.0,749.0)
(386.0,749.0)
(749.0,749.0)
(386.0,749.0)
(388.0,749.0)
(438.0,749.0)
(402.0,749.0)
(786.0,749.0)
(749.0,749.0)
(386.0,749.0)
(448.0,749.0)
(381.0,749.0)
(448.0,749.0)
(391.0,749.0)
(402.0,749.0)
(749.0,749.0)
(749.0,749.0)
(448.0,749.0)
(402.0,749.0)
(402.0,749.0)
(749.0,749.0)
(479.0,749.0)
(459.0,749.0)
(448.0,749.0)
(448.0,749.0)
(424.0,749.0)
(749.0,749.0)
(424.0,749.0)
(402.0,749.0)
(749.0,749.0)
(749.0,749.0)
(749.0,749.0)
(424.0,749.0)
(749.0,749.0)
(435.0,749.0)
(424.0,749.0)
(386.0,749.0)
(402.0,749.0)
(402.0,749.0)
(471.0,749.0)
(749.0,749.0)
(391.0,749.0)
(386.0,749.0)
(417.0,750.0)
(472.0,750.0)
(417.0,750.0)
(752.0,750.0)
(752.0,750.0)
(752.0,750.0)
(752.0,750.0)
(366.0,750.0)
(447.0,750.0)
(752.0,750.0)
(750.0,750.0)
(447.0,750.0)
(435.0,750.0)
(752.0,750.0)
(752.0,750.0)
(752.0,750.0)
(802.0,750.0)
(752.0,750.0)
(752.0,750.0)
(447.0,750.0)
(752.0,750.0)
(756.0,750.0)
(447.0,750.0)
(455.0,750.0)
(366.0,750.0)
(752.0,750.0)
(390.0,750.0)
(479.0,750.0)
(455.0,750.0)
(752.0,750.0)
(750.0,750.0)
(417.0,750.0)
(752.0,750.0)
(752.0,750.0)
(752.0,750.0)
(366.0,750.0)
(752.0,750.0)
(750.0,750.0)
(474.0,750.0)
(750.0,750.0)
(752.0,750.0)
(750.0,750.0)
(354.0,750.0)
(752.0,750.0)
(440.0,750.0)
(440.0,750.0)
(737.0,750.0)
(752.0,750.0)
(382.0,750.0)
(752.0,750.0)
(447.0,750.0)
(350.0,750.0)
(427.0,750.0)
(455.0,750.0)
(447.0,750.0)
(474.0,750.0)
(752.0,750.0)
