(447.0,802.0)
(447.0,802.0)
(447.0,802.0)
(447.0,802.0)
(447.0,802.0)
(447.0,802.0)
(447.0,802.0)
(447.0,802.0)
(447.0,802.0)
(447.0,802.0)
(447.0,802.0)
(455.0,802.0)
(447.0,802.0)
(447.0,802.0)
(447.0,802.0)
(447.0,802.0)
(447.0,802.0)
(447.0,802.0)
(447.0,802.0)
(447.0,802.0)
(447.0,802.0)
(447.0,802.0)
(441.0,802.0)
(447.0,802.0)
(447.0,802.0)
(447.0,802.0)
(447.0,802.0)
(447.0,802.0)
(447.0,802.0)
(447.0,802.0)
(447.0,802.0)
(447.0,802.0)
(447.0,802.0)
(447.0,802.0)
(447.0,802.0)
(447.0,802.0)
(447.0,802.0)
(447.0,802.0)
(447.0,802.0)
(455.0,802.0)
(447.0,802.0)
(447.0,802.0)
(447.0,802.0)
(455.0,802.0)
(447.0,802.0)
(447.0,802.0)
(447.0,802.0)
(447.0,802.0)
(447.0,802.0)
(447.0,802.0)
(455.0,802.0)
(447.0,802.0)
(447.0,802.0)
(447.0,802.0)
(447.0,802.0)
(447.0,802.0)
(447.0,802.0)
(447.0,802.0)
(447.0,802.0)
(802.0,802.0)
(802.0,802.0)
(802.0,802.0)
(447.0,802.0)
(447.0,802.0)
(447.0,802.0)
(447.0,802.0)
(447.0,802.0)
(455.0,802.0)
(455.0,802.0)
(455.0,802.0)
(447.0,802.0)
(447.0,802.0)
(447.0,802.0)
(455.0,802.0)
(447.0,802.0)
(447.0,802.0)
(447.0,802.0)
(447.0,802.0)
(455.0,802.0)
(455.0,802.0)
(447.0,802.0)
(447.0,802.0)
(447.0,802.0)
(447.0,802.0)
(447.0,802.0)
(447.0,802.0)
(447.0,802.0)
(455.0,802.0)
(447.0,802.0)
(447.0,802.0)
(447.0,802.0)
(447.0,802.0)
(447.0,802.0)
(455.0,802.0)
(455.0,802.0)
(455.0,802.0)
(447.0,802.0)
(455.0,802.0)
(447.0,802.0)
(447.0,802.0)
(447.0,802.0)
(447.0,802.0)
(447.0,802.0)
(447.0,802.0)
(447.0,802.0)
(447.0,802.0)
(447.0,802.0)
(447.0,802.0)
(447.0,802.0)
(447.0,802.0)
(447.0,802.0)
(447.0,802.0)
(447.0,802.0)
(455.0,802.0)
(447.0,802.0)
(447.0,802.0)
(447.0,802.0)
(447.0,802.0)
(447.0,802.0)
(447.0,802.0)
(447.0,802.0)
(447.0,802.0)
(447.0,802.0)
(447.0,802.0)
(447.0,802.0)
(447.0,802.0)
(447.0,802.0)
(447.0,802.0)
(447.0,802.0)
(455.0,802.0)
(447.0,802.0)
(447.0,802.0)
(447.0,802.0)
(447.0,802.0)
(447.0,802.0)
(447.0,802.0)
(447.0,802.0)
(447.0,802.0)
(447.0,802.0)
(447.0,802.0)
(447.0,802.0)
(455.0,802.0)
(447.0,802.0)
(455.0,802.0)
(447.0,802.0)
(447.0,802.0)
(455.0,802.0)
(447.0,802.0)
(447.0,802.0)
(447.0,802.0)
(455.0,802.0)
(447.0,802.0)
(447.0,802.0)
(447.0,802.0)
(447.0,802.0)
(455.0,802.0)
(447.0,802.0)
(447.0,802.0)
(447.0,802.0)
(447.0,802.0)
(455.0,802.0)
(447.0,802.0)
(447.0,802.0)
(447.0,802.0)
(447.0,802.0)
(447.0,802.0)
(447.0,802.0)
(447.0,802.0)
(447.0,802.0)
(447.0,802.0)
(447.0,802.0)
(455.0,802.0)
(455.0,802.0)
(447.0,802.0)
(447.0,802.0)
(447.0,802.0)
(447.0,802.0)
(447.0,802.0)
(447.0,802.0)
(447.0,802.0)
(447.0,802.0)
(455.0,802.0)
(455.0,802.0)
(447.0,802.0)
(447.0,802.0)
(447.0,802.0)
(413.0,802.0)
(447.0,802.0)
(447.0,802.0)
(455.0,802.0)
(455.0,802.0)
(447.0,802.0)
(447.0,802.0)
(447.0,802.0)
(447.0,802.0)
(447.0,802.0)
(455.0,802.0)
(447.0,802.0)
(447.0,802.0)
(447.0,802.0)
(455.0,802.0)
(802.0,802.0)
(447.0,802.0)
(455.0,802.0)
(455.0,802.0)
(447.0,802.0)
(447.0,802.0)
(455.0,802.0)
(455.0,802.0)
(455.0,802.0)
(447.0,802.0)
(447.0,802.0)
(455.0,802.0)
(447.0,802.0)
(455.0,802.0)
(447.0,802.0)
(447.0,802.0)
(447.0,802.0)
(455.0,802.0)
(455.0,802.0)
(455.0,802.0)
(447.0,802.0)
(447.0,802.0)
(447.0,802.0)
(455.0,802.0)
(455.0,802.0)
(447.0,802.0)
(447.0,802.0)
(447.0,802.0)
(455.0,802.0)
(447.0,802.0)
(455.0,802.0)
(455.0,802.0)
(455.0,802.0)
(447.0,802.0)
(455.0,802.0)
(455.0,802.0)
(447.0,802.0)
(447.0,802.0)
(447.0,802.0)
(447.0,802.0)
(441.0,802.0)
(455.0,802.0)
(447.0,802.0)
(447.0,802.0)
(412.0,802.0)
(455.0,802.0)
(447.0,802.0)
(447.0,802.0)
(447.0,802.0)
(455.0,802.0)
(455.0,802.0)
(455.0,802.0)
(447.0,802.0)
(455.0,802.0)
(447.0,802.0)
(447.0,802.0)
(447.0,802.0)
(455.0,802.0)
(447.0,802.0)
(447.0,802.0)
(447.0,802.0)
(455.0,802.0)
(455.0,802.0)
(447.0,802.0)
(447.0,802.0)
(455.0,802.0)
(404.0,802.0)
(447.0,802.0)
(455.0,802.0)
(447.0,802.0)
(447.0,802.0)
(455.0,802.0)
(447.0,802.0)
(447.0,802.0)
(447.0,802.0)
(455.0,802.0)
(455.0,802.0)
(447.0,802.0)
(447.0,802.0)
(455.0,802.0)
(455.0,802.0)
(447.0,802.0)
(447.0,802.0)
(447.0,802.0)
(447.0,802.0)
(447.0,802.0)
(447.0,802.0)
(447.0,802.0)
(447.0,802.0)
(447.0,802.0)
(447.0,802.0)
(447.0,802.0)
(447.0,802.0)
(455.0,802.0)
(447.0,802.0)
(447.0,802.0)
(455.0,802.0)
(455.0,802.0)
(447.0,802.0)
(417.0,802.0)
(455.0,802.0)
(447.0,802.0)
(447.0,802.0)
(455.0,802.0)
(447.0,802.0)
(447.0,802.0)
(447.0,802.0)
(455.0,802.0)
(802.0,802.0)
(447.0,802.0)
(455.0,802.0)
(455.0,802.0)
(447.0,802.0)
(447.0,802.0)
(447.0,802.0)
(455.0,802.0)
(441.0,802.0)
(447.0,802.0)
(455.0,802.0)
(447.0,802.0)
(447.0,802.0)
(447.0,802.0)
(404.0,802.0)
(455.0,802.0)
(455.0,802.0)
(447.0,802.0)
(447.0,802.0)
(447.0,802.0)
(447.0,802.0)
(447.0,802.0)
(441.0,802.0)
(447.0,802.0)
(455.0,802.0)
(455.0,802.0)
(455.0,802.0)
(447.0,802.0)
(447.0,802.0)
(404.0,802.0)
(455.0,802.0)
(447.0,802.0)
(441.0,802.0)
(455.0,802.0)
(447.0,802.0)
(455.0,802.0)
(447.0,802.0)
(455.0,802.0)
(447.0,802.0)
(455.0,802.0)
(455.0,802.0)
(455.0,802.0)
(447.0,802.0)
(447.0,802.0)
(447.0,802.0)
(455.0,802.0)
(447.0,802.0)
(447.0,802.0)
(455.0,802.0)
(455.0,802.0)
(447.0,802.0)
(455.0,802.0)
(447.0,802.0)
(447.0,802.0)
(404.0,802.0)
(455.0,802.0)
(447.0,802.0)
(447.0,802.0)
(455.0,802.0)
(447.0,802.0)
(447.0,802.0)
(447.0,802.0)
(455.0,802.0)
(447.0,802.0)
(455.0,802.0)
(455.0,802.0)
(447.0,802.0)
(447.0,802.0)
(447.0,802.0)
(455.0,802.0)
(447.0,802.0)
(455.0,802.0)
(447.0,802.0)
(447.0,802.0)
(447.0,802.0)
(441.0,802.0)
(447.0,802.0)
(455.0,802.0)
(455.0,802.0)
(455.0,802.0)
(447.0,802.0)
(447.0,802.0)
(447.0,802.0)
(447.0,802.0)
(447.0,802.0)
(455.0,802.0)
(447.0,802.0)
(447.0,802.0)
(455.0,802.0)
(455.0,802.0)
(447.0,802.0)
(447.0,802.0)
(455.0,802.0)
(447.0,802.0)
(455.0,802.0)
(447.0,802.0)
(802.0,802.0)
(455.0,802.0)
(447.0,802.0)
(455.0,802.0)
(455.0,802.0)
(455.0,802.0)
(447.0,802.0)
(447.0,802.0)
(455.0,802.0)
(455.0,802.0)
(455.0,802.0)
(455.0,802.0)
(455.0,802.0)
(455.0,802.0)
(455.0,802.0)
(447.0,802.0)
(447.0,802.0)
(447.0,802.0)
(447.0,802.0)
(802.0,802.0)
(455.0,802.0)
(447.0,802.0)
(447.0,802.0)
(455.0,802.0)
(455.0,802.0)
(447.0,802.0)
(455.0,802.0)
(447.0,802.0)
(455.0,802.0)
(455.0,802.0)
(455.0,802.0)
(455.0,802.0)
(455.0,802.0)
(455.0,802.0)
(455.0,802.0)
(447.0,802.0)
(455.0,802.0)
(447.0,802.0)
(441.0,802.0)
(447.0,802.0)
(447.0,802.0)
(455.0,802.0)
(447.0,802.0)
(455.0,802.0)
(455.0,802.0)
(455.0,802.0)
(447.0,802.0)
(447.0,802.0)
(455.0,802.0)
(455.0,802.0)
(447.0,802.0)
(455.0,802.0)
(455.0,802.0)
(447.0,802.0)
(447.0,802.0)
(447.0,802.0)
(455.0,802.0)
(455.0,802.0)
(455.0,802.0)
(455.0,802.0)
(447.0,802.0)
(447.0,802.0)
(447.0,802.0)
(455.0,802.0)
(455.0,802.0)
(455.0,802.0)
(447.0,802.0)
(455.0,802.0)
(447.0,802.0)
(455.0,802.0)
(455.0,802.0)
(455.0,802.0)
(455.0,802.0)
(447.0,802.0)
(455.0,802.0)
(455.0,802.0)
(447.0,802.0)
(447.0,802.0)
(455.0,802.0)
(455.0,802.0)
(455.0,802.0)
(455.0,802.0)
(455.0,802.0)
(447.0,802.0)
(447.0,802.0)
(447.0,802.0)
(455.0,802.0)
(447.0,802.0)
(455.0,802.0)
(455.0,802.0)
(455.0,802.0)
(447.0,802.0)
(455.0,802.0)
(455.0,802.0)
(447.0,802.0)
(802.0,802.0)
(447.0,802.0)
(455.0,802.0)
(455.0,802.0)
(455.0,802.0)
(455.0,802.0)
(455.0,802.0)
(447.0,802.0)
(447.0,802.0)
(455.0,802.0)
(455.0,802.0)
(455.0,802.0)
(447.0,802.0)
(447.0,802.0)
(455.0,802.0)
(447.0,802.0)
(455.0,802.0)
(455.0,802.0)
(455.0,802.0)
(455.0,802.0)
(447.0,802.0)
(455.0,802.0)
(447.0,802.0)
(455.0,802.0)
(455.0,802.0)
(447.0,802.0)
(455.0,802.0)
(447.0,802.0)
(447.0,802.0)
(455.0,802.0)
(455.0,802.0)
(447.0,802.0)
(455.0,802.0)
(455.0,802.0)
(455.0,802.0)
(447.0,802.0)
(447.0,802.0)
(447.0,802.0)
(455.0,802.0)
(447.0,802.0)
(455.0,802.0)
(455.0,802.0)
(455.0,802.0)
(447.0,802.0)
(455.0,802.0)
(447.0,802.0)
(455.0,802.0)
(455.0,802.0)
(455.0,802.0)
(447.0,802.0)
(455.0,802.0)
(447.0,802.0)
(447.0,802.0)
(455.0,802.0)
(455.0,802.0)
(455.0,802.0)
(447.0,802.0)
(455.0,802.0)
(447.0,802.0)
(447.0,802.0)
(447.0,802.0)
(455.0,802.0)
(455.0,802.0)
(447.0,802.0)
(455.0,802.0)
(455.0,802.0)
(455.0,802.0)
(455.0,802.0)
(455.0,802.0)
(455.0,802.0)
(455.0,802.0)
(447.0,802.0)
(447.0,802.0)
(455.0,802.0)
(455.0,802.0)
(455.0,802.0)
(455.0,802.0)
(455.0,802.0)
(455.0,802.0)
(447.0,802.0)
(455.0,802.0)
(455.0,802.0)
(447.0,802.0)
(447.0,802.0)
(447.0,802.0)
(447.0,802.0)
(447.0,802.0)
(455.0,802.0)
(455.0,802.0)
(455.0,802.0)
(455.0,802.0)
(455.0,802.0)
(447.0,802.0)
(455.0,802.0)
(447.0,802.0)
(455.0,802.0)
(455.0,802.0)
(455.0,802.0)
(455.0,802.0)
(455.0,802.0)
(455.0,802.0)
(455.0,802.0)
(455.0,802.0)
(447.0,802.0)
(455.0,802.0)
(455.0,802.0)
(455.0,802.0)
(455.0,802.0)
(447.0,802.0)
(447.0,802.0)
(455.0,802.0)
(447.0,802.0)
(447.0,802.0)
(447.0,802.0)
(455.0,802.0)
(447.0,802.0)
(455.0,802.0)
(447.0,802.0)
(447.0,802.0)
(447.0,802.0)
(447.0,802.0)
(447.0,802.0)
(447.0,802.0)
(447.0,802.0)
(455.0,802.0)
(447.0,802.0)
(455.0,802.0)
(455.0,802.0)
(455.0,802.0)
(447.0,802.0)
(455.0,802.0)
(447.0,802.0)
(447.0,802.0)
(447.0,802.0)
(455.0,802.0)
(447.0,802.0)
(455.0,802.0)
(447.0,802.0)
(447.0,802.0)
(802.0,802.0)
(447.0,802.0)
(455.0,802.0)
(447.0,802.0)
(455.0,802.0)
(455.0,802.0)
(455.0,802.0)
(447.0,802.0)
(455.0,802.0)
(447.0,802.0)
(455.0,802.0)
(455.0,802.0)
(455.0,802.0)
(455.0,802.0)
(447.0,802.0)
(455.0,802.0)
(447.0,802.0)
(447.0,802.0)
(455.0,802.0)
(455.0,802.0)
(447.0,802.0)
(447.0,802.0)
(455.0,802.0)
(447.0,802.0)
(455.0,802.0)
(447.0,802.0)
(455.0,802.0)
(455.0,802.0)
(447.0,802.0)
(447.0,802.0)
(447.0,802.0)
(455.0,802.0)
(447.0,802.0)
(441.0,802.0)
(455.0,802.0)
(447.0,802.0)
(447.0,802.0)
(447.0,802.0)
(447.0,802.0)
(447.0,802.0)
(447.0,802.0)
(455.0,802.0)
(455.0,802.0)
(455.0,802.0)
(455.0,802.0)
(447.0,802.0)
(447.0,802.0)
(455.0,802.0)
(447.0,802.0)
(447.0,802.0)
(447.0,802.0)
(455.0,802.0)
(455.0,802.0)
(447.0,802.0)
(447.0,802.0)
(447.0,802.0)
(455.0,802.0)
(447.0,802.0)
(455.0,802.0)
(455.0,802.0)
(455.0,802.0)
(455.0,802.0)
(455.0,802.0)
(447.0,802.0)
(447.0,802.0)
(447.0,802.0)
(447.0,802.0)
(447.0,802.0)
(447.0,802.0)
(804.0,802.0)
(802.0,802.0)
(447.0,802.0)
(455.0,802.0)
(447.0,802.0)
(447.0,802.0)
(455.0,802.0)
(447.0,802.0)
(447.0,802.0)
(455.0,802.0)
(447.0,802.0)
(447.0,802.0)
(455.0,802.0)
(455.0,802.0)
(447.0,802.0)
(447.0,802.0)
(456.0,802.0)
(447.0,802.0)
(455.0,802.0)
(447.0,802.0)
(455.0,802.0)
(447.0,802.0)
(447.0,802.0)
(447.0,802.0)
(455.0,802.0)
(455.0,802.0)
(447.0,802.0)
(447.0,802.0)
(447.0,802.0)
(447.0,802.0)
(447.0,802.0)
(447.0,802.0)
(455.0,802.0)
(447.0,802.0)
(455.0,802.0)
(447.0,802.0)
(455.0,802.0)
(447.0,802.0)
(455.0,802.0)
(447.0,802.0)
(447.0,802.0)
(447.0,802.0)
(455.0,802.0)
(447.0,802.0)
(455.0,802.0)
(455.0,802.0)
(447.0,802.0)
(447.0,802.0)
(447.0,802.0)
(447.0,802.0)
(447.0,802.0)
(447.0,802.0)
(447.0,802.0)
(447.0,802.0)
(447.0,802.0)
(447.0,802.0)
(455.0,802.0)
(455.0,802.0)
(455.0,802.0)
(447.0,802.0)
(447.0,802.0)
(455.0,802.0)
(447.0,802.0)
(447.0,802.0)
(447.0,802.0)
(455.0,802.0)
(447.0,802.0)
(455.0,802.0)
(447.0,802.0)
(447.0,802.0)
(455.0,802.0)
(447.0,802.0)
(447.0,802.0)
(447.0,802.0)
(455.0,802.0)
(447.0,802.0)
(455.0,802.0)
(455.0,802.0)
(447.0,802.0)
(455.0,802.0)
(455.0,802.0)
(455.0,802.0)
(455.0,802.0)
(455.0,802.0)
(447.0,802.0)
(447.0,802.0)
(447.0,802.0)
(455.0,802.0)
(447.0,802.0)
(455.0,802.0)
(455.0,802.0)
(455.0,802.0)
(455.0,802.0)
(455.0,802.0)
(455.0,802.0)
(455.0,802.0)
(447.0,802.0)
(455.0,802.0)
(455.0,802.0)
(455.0,802.0)
(455.0,802.0)
(455.0,802.0)
(802.0,802.0)
(455.0,802.0)
(404.0,802.0)
(455.0,802.0)
(802.0,802.0)
(447.0,802.0)
(447.0,802.0)
(447.0,802.0)
(455.0,802.0)
(455.0,802.0)
(447.0,802.0)
(455.0,802.0)
(455.0,802.0)
(455.0,802.0)
(447.0,802.0)
(447.0,802.0)
(447.0,802.0)
(455.0,802.0)
(455.0,802.0)
(455.0,802.0)
(455.0,802.0)
(455.0,802.0)
(455.0,802.0)
(455.0,802.0)
(455.0,802.0)
(455.0,802.0)
(447.0,802.0)
(455.0,802.0)
(447.0,802.0)
(447.0,802.0)
(455.0,802.0)
(455.0,802.0)
(455.0,802.0)
(455.0,802.0)
(455.0,802.0)
(447.0,802.0)
(447.0,802.0)
(404.0,802.0)
(455.0,802.0)
(455.0,802.0)
(455.0,802.0)
(455.0,802.0)
(455.0,802.0)
(455.0,802.0)
(455.0,802.0)
(455.0,802.0)
(455.0,802.0)
(455.0,802.0)
(447.0,802.0)
(455.0,802.0)
(455.0,802.0)
(455.0,802.0)
(455.0,802.0)
(455.0,802.0)
(447.0,802.0)
(447.0,802.0)
(455.0,802.0)
(455.0,802.0)
(455.0,802.0)
(455.0,802.0)
(455.0,802.0)
(455.0,802.0)
(447.0,802.0)
(447.0,802.0)
(455.0,802.0)
(455.0,802.0)
(447.0,802.0)
(455.0,802.0)
(455.0,802.0)
(455.0,802.0)
(455.0,802.0)
(455.0,802.0)
(455.0,802.0)
(455.0,802.0)
(455.0,802.0)
(455.0,802.0)
(447.0,802.0)
(447.0,802.0)
(455.0,802.0)
(447.0,802.0)
(447.0,802.0)
(447.0,802.0)
(455.0,802.0)
(447.0,802.0)
(455.0,802.0)
(455.0,802.0)
(447.0,802.0)
(455.0,802.0)
(447.0,802.0)
(455.0,802.0)
(455.0,802.0)
(434.0,802.0)
(455.0,802.0)
(447.0,802.0)
(459.0,802.0)
(455.0,802.0)
(455.0,802.0)
(455.0,802.0)
(455.0,802.0)
(455.0,802.0)
(447.0,802.0)
(455.0,802.0)
(455.0,802.0)
(455.0,802.0)
(455.0,802.0)
(455.0,802.0)
(455.0,802.0)
(455.0,802.0)
(455.0,802.0)
(455.0,802.0)
(447.0,802.0)
(447.0,802.0)
(447.0,802.0)
(455.0,802.0)
(447.0,802.0)
(455.0,802.0)
(455.0,802.0)
(455.0,802.0)
(455.0,802.0)
(447.0,802.0)
(455.0,802.0)
(455.0,802.0)
(455.0,802.0)
(455.0,802.0)
(447.0,802.0)
(455.0,802.0)
(455.0,802.0)
(447.0,802.0)
(455.0,802.0)
(455.0,802.0)
(455.0,802.0)
(455.0,802.0)
(447.0,802.0)
(447.0,802.0)
(455.0,802.0)
(455.0,802.0)
(455.0,802.0)
(447.0,802.0)
(455.0,802.0)
(447.0,802.0)
(455.0,802.0)
(455.0,802.0)
(455.0,802.0)
(447.0,802.0)
(455.0,802.0)
(455.0,802.0)
(455.0,802.0)
(455.0,802.0)
(455.0,802.0)
(447.0,802.0)
(447.0,802.0)
(455.0,802.0)
(455.0,802.0)
(455.0,802.0)
(455.0,802.0)
(455.0,802.0)
(455.0,802.0)
(455.0,802.0)
(455.0,802.0)
(447.0,802.0)
(447.0,802.0)
(455.0,802.0)
(455.0,802.0)
(455.0,802.0)
(802.0,802.0)
(447.0,802.0)
(455.0,802.0)
(447.0,802.0)
(455.0,802.0)
(455.0,802.0)
(455.0,802.0)
(455.0,802.0)
(447.0,802.0)
(447.0,802.0)
(417.0,802.0)
(455.0,802.0)
(417.0,802.0)
(455.0,802.0)
(455.0,802.0)
(447.0,802.0)
(417.0,802.0)
(417.0,802.0)
(455.0,802.0)
(447.0,802.0)
(455.0,802.0)
(447.0,802.0)
(455.0,802.0)
(455.0,802.0)
(435.0,802.0)
(435.0,802.0)
(447.0,802.0)
(455.0,802.0)
(417.0,802.0)
(455.0,802.0)
(447.0,802.0)
(447.0,802.0)
(455.0,802.0)
(435.0,802.0)
(455.0,802.0)
(417.0,802.0)
(447.0,802.0)
(455.0,802.0)
(455.0,802.0)
(435.0,802.0)
(447.0,802.0)
(417.0,802.0)
(435.0,802.0)
(455.0,802.0)
(455.0,802.0)
(417.0,802.0)
(455.0,802.0)
(455.0,802.0)
(447.0,802.0)
(447.0,802.0)
(417.0,802.0)
(447.0,802.0)
(447.0,802.0)
(455.0,802.0)
(417.0,802.0)
(447.0,802.0)
(435.0,802.0)
(435.0,802.0)
(417.0,802.0)
(455.0,802.0)
(455.0,802.0)
(447.0,802.0)
(455.0,802.0)
(447.0,802.0)
(435.0,802.0)
(447.0,802.0)
(455.0,802.0)
(455.0,802.0)
(447.0,802.0)
(417.0,802.0)
(455.0,802.0)
(447.0,802.0)
(435.0,802.0)
(435.0,802.0)
(455.0,802.0)
(455.0,802.0)
(455.0,802.0)
(455.0,802.0)
(417.0,802.0)
(447.0,802.0)
(447.0,802.0)
(455.0,802.0)
(455.0,802.0)
(447.0,802.0)
(417.0,802.0)
(455.0,802.0)
(455.0,802.0)
(455.0,802.0)
(455.0,802.0)
(417.0,802.0)
(455.0,802.0)
(447.0,802.0)
(455.0,802.0)
(455.0,802.0)
(447.0,802.0)
(417.0,802.0)
(447.0,802.0)
(455.0,802.0)
(417.0,802.0)
(417.0,802.0)
(447.0,802.0)
(417.0,802.0)
(447.0,802.0)
(447.0,802.0)
(447.0,802.0)
(417.0,802.0)
(447.0,802.0)
(435.0,802.0)
(455.0,802.0)
(447.0,802.0)
(447.0,802.0)
(455.0,802.0)
(455.0,802.0)
(447.0,802.0)
(417.0,802.0)
(435.0,802.0)
(455.0,802.0)
(435.0,802.0)
(417.0,802.0)
(417.0,802.0)
(455.0,802.0)
(435.0,802.0)
(447.0,802.0)
(447.0,802.0)
(455.0,802.0)
(455.0,802.0)
(435.0,802.0)
(447.0,802.0)
(447.0,802.0)
(447.0,802.0)
(435.0,802.0)
(455.0,802.0)
(447.0,802.0)
(447.0,802.0)
(435.0,802.0)
(417.0,802.0)
(447.0,802.0)
(435.0,802.0)
(417.0,802.0)
(455.0,802.0)
(447.0,802.0)
(435.0,802.0)
(447.0,802.0)
(447.0,802.0)
(447.0,802.0)
(447.0,802.0)
(455.0,802.0)
(417.0,802.0)
(417.0,802.0)
(435.0,802.0)
(455.0,802.0)
(435.0,802.0)
(455.0,802.0)
(435.0,802.0)
(417.0,802.0)
(447.0,802.0)
(455.0,802.0)
(455.0,802.0)
(447.0,802.0)
(455.0,802.0)
(455.0,802.0)
(447.0,802.0)
(455.0,802.0)
(455.0,802.0)
(455.0,802.0)
(447.0,802.0)
(455.0,802.0)
(447.0,802.0)
(447.0,802.0)
(455.0,802.0)
(455.0,802.0)
(455.0,802.0)
(417.0,802.0)
(447.0,802.0)
(447.0,802.0)
(417.0,802.0)
(455.0,802.0)
(455.0,802.0)
(455.0,802.0)
(447.0,802.0)
(447.0,802.0)
(435.0,802.0)
(417.0,802.0)
(435.0,802.0)
(417.0,802.0)
(455.0,802.0)
(455.0,802.0)
(435.0,802.0)
(447.0,802.0)
(447.0,802.0)
(455.0,802.0)
(435.0,802.0)
(435.0,802.0)
(455.0,802.0)
(455.0,802.0)
(455.0,802.0)
(417.0,802.0)
(417.0,802.0)
(435.0,802.0)
(455.0,802.0)
(435.0,802.0)
(435.0,802.0)
(447.0,802.0)
(455.0,802.0)
(455.0,802.0)
(447.0,802.0)
(455.0,802.0)
(455.0,802.0)
(447.0,802.0)
(447.0,802.0)
(447.0,802.0)
(447.0,802.0)
(447.0,802.0)
(447.0,802.0)
(447.0,802.0)
(447.0,802.0)
(802.0,802.0)
(447.0,802.0)
(447.0,802.0)
(447.0,802.0)
(802.0,802.0)
(447.0,802.0)
(462.0,802.0)
(447.0,802.0)
(447.0,802.0)
(447.0,802.0)
(447.0,802.0)
(455.0,802.0)
(447.0,802.0)
(455.0,802.0)
(447.0,802.0)
(447.0,802.0)
(802.0,802.0)
(447.0,802.0)
(447.0,802.0)
(447.0,802.0)
(447.0,802.0)
(802.0,802.0)
(447.0,802.0)
(802.0,802.0)
(455.0,802.0)
(802.0,802.0)
(447.0,802.0)
(447.0,802.0)
(447.0,802.0)
(447.0,802.0)
(455.0,802.0)
(455.0,802.0)
(447.0,802.0)
(447.0,802.0)
(447.0,802.0)
(455.0,802.0)
(441.0,802.0)
(447.0,802.0)
(447.0,802.0)
(455.0,802.0)
(802.0,802.0)
(802.0,802.0)
(447.0,802.0)
(455.0,802.0)
(802.0,802.0)
(802.0,802.0)
(441.0,802.0)
(447.0,802.0)
(455.0,802.0)
(447.0,802.0)
(447.0,802.0)
(447.0,802.0)
(802.0,802.0)
(802.0,802.0)
(455.0,802.0)
(447.0,802.0)
(447.0,802.0)
(455.0,802.0)
(455.0,802.0)
(802.0,802.0)
(455.0,802.0)
(447.0,802.0)
(447.0,802.0)
(447.0,802.0)
(447.0,802.0)
(447.0,802.0)
(447.0,802.0)
(455.0,802.0)
(447.0,802.0)
(447.0,802.0)
(447.0,802.0)
(455.0,802.0)
(802.0,802.0)
(447.0,802.0)
(802.0,802.0)
(455.0,802.0)
(447.0,802.0)
(455.0,802.0)
(447.0,802.0)
(802.0,802.0)
(455.0,802.0)
(802.0,802.0)
(447.0,802.0)
(802.0,802.0)
(447.0,802.0)
(447.0,802.0)
(802.0,802.0)
(447.0,802.0)
(447.0,802.0)
(447.0,802.0)
(462.0,802.0)
(802.0,802.0)
(447.0,802.0)
(447.0,802.0)
(447.0,802.0)
(455.0,802.0)
(404.0,802.0)
(462.0,802.0)
(447.0,802.0)
(447.0,802.0)
(441.0,802.0)
(447.0,802.0)
(581.0,802.0)
(459.0,802.0)
(802.0,802.0)
(802.0,802.0)
(455.0,802.0)
(434.0,802.0)
(802.0,802.0)
(802.0,802.0)
(455.0,802.0)
(447.0,802.0)
(447.0,802.0)
(447.0,802.0)
(455.0,802.0)
(462.0,802.0)
(447.0,802.0)
(447.0,802.0)
(455.0,802.0)
(447.0,802.0)
(447.0,802.0)
(455.0,802.0)
(455.0,802.0)
(802.0,802.0)
(441.0,802.0)
(455.0,802.0)
(447.0,802.0)
(455.0,802.0)
(802.0,802.0)
(447.0,802.0)
(447.0,802.0)
(802.0,802.0)
(802.0,802.0)
(447.0,802.0)
(447.0,802.0)
(802.0,802.0)
(447.0,802.0)
(447.0,802.0)
(447.0,802.0)
(447.0,802.0)
(447.0,802.0)
(802.0,802.0)
(447.0,802.0)
(455.0,802.0)
(455.0,802.0)
(417.0,802.0)
(441.0,802.0)
(462.0,802.0)
(441.0,802.0)
(802.0,802.0)
(447.0,802.0)
(455.0,802.0)
(447.0,802.0)
(447.0,802.0)
(455.0,802.0)
(802.0,802.0)
(447.0,802.0)
(455.0,802.0)
(459.0,802.0)
(802.0,802.0)
(441.0,802.0)
(447.0,802.0)
(447.0,802.0)
(802.0,802.0)
(447.0,802.0)
(447.0,802.0)
(441.0,802.0)
(447.0,802.0)
(802.0,802.0)
(447.0,802.0)
(802.0,802.0)
(447.0,802.0)
(802.0,802.0)
(802.0,802.0)
(447.0,802.0)
(447.0,802.0)
(447.0,802.0)
(447.0,802.0)
(447.0,802.0)
(455.0,802.0)
(447.0,802.0)
(447.0,802.0)
(447.0,802.0)
(447.0,802.0)
(802.0,802.0)
(447.0,802.0)
(455.0,802.0)
(455.0,802.0)
(802.0,802.0)
(463.0,802.0)
(471.0,802.0)
(456.0,802.0)
(802.0,802.0)
(427.0,802.0)
(447.0,802.0)
(463.0,802.0)
(447.0,802.0)
(802.0,802.0)
(802.0,802.0)
(802.0,802.0)
(802.0,802.0)
(455.0,802.0)
(447.0,802.0)
(802.0,802.0)
(802.0,802.0)
(462.0,802.0)
(447.0,802.0)
(802.0,802.0)
(455.0,802.0)
(447.0,802.0)
(802.0,802.0)
(459.0,802.0)
(802.0,802.0)
(462.0,802.0)
(802.0,802.0)
(447.0,802.0)
(802.0,802.0)
(447.0,802.0)
(447.0,802.0)
(475.0,802.0)
(455.0,802.0)
(447.0,802.0)
(447.0,802.0)
(455.0,802.0)
(802.0,802.0)
(802.0,802.0)
(447.0,802.0)
(802.0,802.0)
(802.0,802.0)
(447.0,802.0)
(802.0,802.0)
(802.0,802.0)
(447.0,802.0)
(802.0,802.0)
(802.0,802.0)
(802.0,802.0)
(447.0,802.0)
(802.0,802.0)
(447.0,802.0)
(802.0,802.0)
(447.0,802.0)
(455.0,802.0)
(802.0,802.0)
(447.0,802.0)
(447.0,802.0)
(802.0,802.0)
(455.0,802.0)
(455.0,802.0)
(459.0,802.0)
(447.0,802.0)
(802.0,802.0)
(457.0,802.0)
(802.0,802.0)
(447.0,802.0)
(455.0,802.0)
(802.0,802.0)
(802.0,802.0)
(447.0,802.0)
(802.0,802.0)
(447.0,802.0)
(447.0,802.0)
(802.0,802.0)
(447.0,802.0)
(455.0,802.0)
(462.0,802.0)
(447.0,802.0)
(802.0,802.0)
(447.0,802.0)
(447.0,802.0)
(447.0,802.0)
(802.0,802.0)
(447.0,802.0)
(447.0,802.0)
(802.0,802.0)
(447.0,802.0)
(802.0,802.0)
(462.0,802.0)
(434.0,802.0)
(802.0,802.0)
(447.0,802.0)
(447.0,802.0)
(802.0,802.0)
(802.0,802.0)
(802.0,802.0)
(802.0,802.0)
(447.0,802.0)
(455.0,802.0)
(447.0,802.0)
(802.0,802.0)
(455.0,802.0)
(802.0,802.0)
(802.0,802.0)
(447.0,802.0)
(802.0,802.0)
(802.0,802.0)
(447.0,802.0)
(447.0,802.0)
(802.0,802.0)
(447.0,802.0)
(462.0,802.0)
(447.0,802.0)
(447.0,802.0)
(802.0,802.0)
(802.0,802.0)
(802.0,802.0)
(802.0,802.0)
(802.0,802.0)
(802.0,802.0)
(421.0,802.0)
(447.0,802.0)
(802.0,802.0)
(455.0,802.0)
(447.0,802.0)
(802.0,802.0)
(447.0,802.0)
(447.0,802.0)
(457.0,802.0)
(447.0,802.0)
(447.0,802.0)
(802.0,802.0)
(447.0,802.0)
(447.0,802.0)
(455.0,802.0)
(455.0,802.0)
(447.0,802.0)
(462.0,802.0)
(802.0,802.0)
(455.0,802.0)
(462.0,802.0)
(802.0,802.0)
(802.0,802.0)
(457.0,802.0)
(455.0,802.0)
(802.0,802.0)
(802.0,802.0)
(802.0,802.0)
(455.0,802.0)
(455.0,802.0)
(447.0,802.0)
(447.0,802.0)
(792.0,802.0)
(447.0,802.0)
(447.0,802.0)
(447.0,802.0)
(447.0,802.0)
(403.0,802.0)
(802.0,802.0)
(481.0,802.0)
(802.0,802.0)
(802.0,802.0)
(447.0,802.0)
(802.0,802.0)
(447.0,802.0)
(447.0,802.0)
(447.0,802.0)
(802.0,802.0)
(447.0,802.0)
(447.0,802.0)
(447.0,802.0)
(455.0,802.0)
(802.0,802.0)
(455.0,802.0)
(447.0,802.0)
(802.0,802.0)
(802.0,802.0)
(447.0,802.0)
(802.0,802.0)
(455.0,802.0)
(802.0,802.0)
(459.0,802.0)
(447.0,802.0)
(459.0,802.0)
(455.0,802.0)
(455.0,802.0)
(462.0,802.0)
(802.0,802.0)
(447.0,802.0)
(802.0,802.0)
(455.0,802.0)
(455.0,802.0)
(455.0,802.0)
(447.0,802.0)
(802.0,802.0)
(802.0,802.0)
(447.0,802.0)
(802.0,802.0)
(447.0,802.0)
(447.0,802.0)
(447.0,802.0)
(802.0,802.0)
(447.0,802.0)
(802.0,802.0)
(802.0,802.0)
(447.0,802.0)
(447.0,802.0)
(447.0,802.0)
(455.0,802.0)
(802.0,802.0)
(802.0,802.0)
(447.0,802.0)
(802.0,802.0)
(455.0,802.0)
(447.0,802.0)
(447.0,802.0)
(802.0,802.0)
(447.0,802.0)
(462.0,802.0)
(455.0,802.0)
(802.0,802.0)
(455.0,802.0)
(802.0,802.0)
(447.0,802.0)
(802.0,802.0)
(802.0,802.0)
(447.0,802.0)
(447.0,802.0)
(455.0,802.0)
(447.0,802.0)
(447.0,802.0)
(455.0,802.0)
(447.0,802.0)
(447.0,802.0)
(447.0,802.0)
(802.0,802.0)
(447.0,802.0)
(802.0,802.0)
(802.0,802.0)
(447.0,802.0)
(447.0,802.0)
(802.0,802.0)
(802.0,802.0)
(447.0,802.0)
(802.0,802.0)
(455.0,802.0)
(447.0,802.0)
(455.0,802.0)
(455.0,802.0)
(447.0,802.0)
(447.0,802.0)
(447.0,802.0)
(417.0,802.0)
(447.0,802.0)
(802.0,802.0)
(447.0,802.0)
(802.0,802.0)
(447.0,802.0)
(447.0,802.0)
(447.0,802.0)
(447.0,802.0)
(447.0,802.0)
(455.0,802.0)
(475.0,802.0)
(802.0,802.0)
(447.0,802.0)
(802.0,802.0)
(447.0,802.0)
(447.0,802.0)
(455.0,802.0)
(457.0,802.0)
(802.0,802.0)
(455.0,802.0)
(802.0,802.0)
(802.0,802.0)
(802.0,802.0)
(802.0,802.0)
(802.0,802.0)
(447.0,802.0)
(459.0,802.0)
(417.0,802.0)
(447.0,802.0)
(447.0,802.0)
(802.0,802.0)
(802.0,802.0)
(471.0,802.0)
(447.0,802.0)
(447.0,802.0)
(447.0,802.0)
(447.0,802.0)
(447.0,802.0)
(802.0,802.0)
(802.0,802.0)
(455.0,802.0)
(447.0,802.0)
(802.0,802.0)
(462.0,802.0)
(447.0,802.0)
(802.0,802.0)
(447.0,802.0)
(802.0,802.0)
(447.0,802.0)
(447.0,802.0)
(447.0,802.0)
(447.0,802.0)
(455.0,802.0)
(802.0,802.0)
(447.0,802.0)
(447.0,802.0)
(447.0,802.0)
(447.0,802.0)
(447.0,802.0)
(455.0,802.0)
(447.0,802.0)
(447.0,802.0)
(447.0,802.0)
(447.0,802.0)
(479.0,802.0)
(447.0,802.0)
(802.0,802.0)
(447.0,802.0)
(802.0,802.0)
(459.0,802.0)
(802.0,802.0)
(417.0,802.0)
(417.0,802.0)
(455.0,802.0)
(455.0,802.0)
(447.0,802.0)
(447.0,802.0)
(447.0,802.0)
(802.0,802.0)
(802.0,802.0)
(447.0,802.0)
(447.0,802.0)
(802.0,802.0)
(427.0,802.0)
(802.0,802.0)
(802.0,802.0)
(447.0,802.0)
(455.0,802.0)
(802.0,802.0)
(455.0,802.0)
(802.0,802.0)
(447.0,802.0)
(802.0,802.0)
(455.0,802.0)
(447.0,802.0)
(447.0,802.0)
(802.0,802.0)
(447.0,802.0)
(455.0,802.0)
(447.0,802.0)
(447.0,802.0)
(455.0,802.0)
(802.0,802.0)
(455.0,802.0)
(802.0,802.0)
(802.0,802.0)
(447.0,802.0)
(447.0,802.0)
(802.0,802.0)
(447.0,802.0)
(802.0,802.0)
(447.0,802.0)
(455.0,802.0)
(447.0,802.0)
(447.0,802.0)
(447.0,802.0)
(471.0,802.0)
(802.0,802.0)
(802.0,802.0)
(447.0,802.0)
(802.0,802.0)
(456.0,802.0)
(802.0,802.0)
(447.0,802.0)
(447.0,802.0)
(455.0,802.0)
(447.0,802.0)
(447.0,802.0)
(447.0,802.0)
(802.0,802.0)
(447.0,802.0)
(447.0,802.0)
(455.0,802.0)
(455.0,802.0)
(802.0,802.0)
(447.0,802.0)
(368.0,802.0)
(447.0,802.0)
(802.0,802.0)
(802.0,802.0)
(447.0,802.0)
(455.0,802.0)
(447.0,802.0)
(447.0,802.0)
(455.0,802.0)
(455.0,802.0)
(455.0,802.0)
(447.0,802.0)
(455.0,802.0)
(447.0,802.0)
(455.0,802.0)
(455.0,802.0)
(447.0,802.0)
(455.0,802.0)
(455.0,802.0)
(447.0,802.0)
(447.0,802.0)
(455.0,802.0)
(447.0,802.0)
(455.0,802.0)
(455.0,802.0)
(447.0,802.0)
(455.0,802.0)
(804.0,802.0)
(447.0,802.0)
(455.0,802.0)
(462.0,802.0)
(455.0,802.0)
(447.0,802.0)
(447.0,802.0)
(417.0,802.0)
(447.0,802.0)
(455.0,802.0)
(455.0,802.0)
(455.0,802.0)
(455.0,802.0)
(455.0,802.0)
(447.0,802.0)
(482.0,802.0)
(455.0,802.0)
(455.0,802.0)
(447.0,802.0)
(447.0,802.0)
(447.0,802.0)
(455.0,802.0)
(455.0,802.0)
(455.0,802.0)
(455.0,802.0)
(447.0,802.0)
(447.0,802.0)
(455.0,802.0)
(455.0,802.0)
(447.0,802.0)
(482.0,802.0)
(455.0,802.0)
(447.0,802.0)
(447.0,802.0)
(447.0,802.0)
(455.0,802.0)
(455.0,802.0)
(455.0,802.0)
(455.0,802.0)
(482.0,802.0)
(804.0,802.0)
(455.0,802.0)
(447.0,802.0)
(447.0,802.0)
(482.0,802.0)
(447.0,802.0)
(455.0,802.0)
(417.0,802.0)
(455.0,802.0)
(455.0,802.0)
(455.0,802.0)
(455.0,802.0)
(455.0,802.0)
(455.0,802.0)
(447.0,802.0)
(455.0,802.0)
(455.0,802.0)
(455.0,802.0)
(455.0,802.0)
(447.0,802.0)
(455.0,802.0)
(447.0,802.0)
(455.0,802.0)
(455.0,802.0)
(455.0,802.0)
(455.0,802.0)
(455.0,802.0)
(455.0,802.0)
(455.0,802.0)
(455.0,802.0)
(455.0,802.0)
(455.0,802.0)
(455.0,802.0)
(455.0,802.0)
(447.0,802.0)
(447.0,802.0)
(417.0,802.0)
(455.0,802.0)
(447.0,802.0)
(447.0,802.0)
(455.0,802.0)
(447.0,802.0)
(447.0,802.0)
(447.0,802.0)
(462.0,802.0)
(455.0,802.0)
(427.0,802.0)
(455.0,802.0)
(455.0,802.0)
(455.0,802.0)
(447.0,802.0)
(455.0,802.0)
(462.0,802.0)
(455.0,802.0)
(455.0,802.0)
(455.0,802.0)
(462.0,802.0)
(447.0,802.0)
(462.0,802.0)
(447.0,802.0)
(447.0,802.0)
(447.0,802.0)
(447.0,802.0)
(455.0,802.0)
(455.0,802.0)
(447.0,802.0)
(462.0,802.0)
(455.0,802.0)
(455.0,802.0)
(455.0,802.0)
(455.0,802.0)
(455.0,802.0)
(447.0,802.0)
(462.0,802.0)
(462.0,802.0)
(447.0,802.0)
(455.0,802.0)
(417.0,802.0)
(447.0,802.0)
(455.0,802.0)
(455.0,802.0)
(447.0,802.0)
(455.0,802.0)
(455.0,802.0)
(455.0,802.0)
(462.0,802.0)
(447.0,802.0)
(447.0,802.0)
(455.0,802.0)
(447.0,802.0)
(455.0,802.0)
(455.0,802.0)
(447.0,802.0)
(455.0,802.0)
(417.0,802.0)
(455.0,802.0)
(455.0,802.0)
(455.0,802.0)
(455.0,802.0)
(455.0,802.0)
(455.0,802.0)
(447.0,802.0)
(455.0,802.0)
(447.0,802.0)
(447.0,802.0)
(455.0,802.0)
(447.0,802.0)
(455.0,802.0)
(455.0,802.0)
(455.0,802.0)
(455.0,802.0)
(455.0,802.0)
(447.0,802.0)
(455.0,802.0)
(455.0,802.0)
(482.0,802.0)
(447.0,802.0)
(455.0,802.0)
(482.0,802.0)
(482.0,802.0)
(447.0,802.0)
(455.0,802.0)
(447.0,802.0)
(447.0,802.0)
(455.0,802.0)
(455.0,802.0)
(482.0,802.0)
(455.0,802.0)
(447.0,802.0)
(447.0,802.0)
(455.0,802.0)
(427.0,802.0)
(455.0,802.0)
(455.0,802.0)
(455.0,802.0)
(447.0,802.0)
(447.0,802.0)
(447.0,802.0)
(455.0,802.0)
(455.0,802.0)
(455.0,802.0)
(462.0,802.0)
(802.0,802.0)
(455.0,802.0)
(455.0,802.0)
(447.0,802.0)
(455.0,802.0)
(447.0,802.0)
(802.0,802.0)
(447.0,802.0)
(447.0,802.0)
(447.0,802.0)
(447.0,802.0)
(455.0,802.0)
(447.0,802.0)
(455.0,802.0)
(447.0,802.0)
(802.0,802.0)
(802.0,802.0)
(455.0,802.0)
(802.0,802.0)
(447.0,802.0)
(447.0,802.0)
(447.0,802.0)
(441.0,802.0)
(447.0,802.0)
(441.0,802.0)
(447.0,802.0)
(447.0,802.0)
(447.0,802.0)
(455.0,802.0)
(447.0,802.0)
(802.0,802.0)
(447.0,802.0)
(447.0,802.0)
(447.0,802.0)
(447.0,802.0)
(447.0,802.0)
(802.0,802.0)
(802.0,802.0)
(447.0,802.0)
(455.0,802.0)
(441.0,802.0)
(802.0,802.0)
(447.0,802.0)
(447.0,802.0)
(771.0,802.0)
(447.0,802.0)
(447.0,802.0)
(455.0,802.0)
(447.0,802.0)
(455.0,802.0)
(455.0,802.0)
(447.0,802.0)
(447.0,802.0)
(447.0,802.0)
(447.0,802.0)
(447.0,802.0)
(455.0,802.0)
(455.0,802.0)
(447.0,802.0)
(447.0,802.0)
(802.0,802.0)
(441.0,802.0)
(802.0,802.0)
(447.0,802.0)
(802.0,802.0)
(802.0,802.0)
(455.0,802.0)
(447.0,802.0)
(447.0,802.0)
(447.0,802.0)
(441.0,802.0)
(455.0,802.0)
(447.0,802.0)
(447.0,802.0)
(447.0,802.0)
(802.0,802.0)
(455.0,802.0)
(455.0,802.0)
(447.0,802.0)
(447.0,802.0)
(802.0,802.0)
(455.0,802.0)
(455.0,802.0)
(455.0,802.0)
(447.0,802.0)
(802.0,802.0)
(447.0,802.0)
(447.0,802.0)
(455.0,802.0)
(435.0,802.0)
(447.0,802.0)
(447.0,802.0)
(802.0,802.0)
(447.0,802.0)
(447.0,802.0)
(456.0,802.0)
(447.0,802.0)
(455.0,802.0)
(447.0,802.0)
(447.0,802.0)
(447.0,802.0)
(447.0,802.0)
(455.0,802.0)
(447.0,802.0)
(447.0,802.0)
(447.0,802.0)
(447.0,802.0)
(447.0,802.0)
(455.0,802.0)
(447.0,802.0)
(447.0,802.0)
(455.0,802.0)
(447.0,802.0)
(455.0,802.0)
(447.0,802.0)
(447.0,802.0)
(447.0,802.0)
(447.0,802.0)
(447.0,802.0)
(455.0,802.0)
(447.0,802.0)
(447.0,802.0)
(447.0,802.0)
(447.0,802.0)
(447.0,802.0)
(447.0,802.0)
(455.0,802.0)
(802.0,802.0)
(447.0,802.0)
(447.0,802.0)
(455.0,802.0)
(802.0,802.0)
(447.0,802.0)
(447.0,802.0)
(462.0,802.0)
(802.0,802.0)
(455.0,802.0)
(455.0,802.0)
(455.0,802.0)
(447.0,802.0)
(455.0,802.0)
(447.0,802.0)
(447.0,802.0)
(447.0,802.0)
(802.0,802.0)
(456.0,802.0)
(447.0,802.0)
(802.0,802.0)
(447.0,802.0)
(802.0,802.0)
(447.0,802.0)
(447.0,802.0)
(441.0,802.0)
(455.0,802.0)
(455.0,802.0)
(802.0,802.0)
(802.0,802.0)
(455.0,802.0)
(455.0,802.0)
(447.0,802.0)
(447.0,802.0)
(447.0,802.0)
(447.0,802.0)
(462.0,802.0)
(455.0,802.0)
(463.0,802.0)
(802.0,802.0)
(447.0,802.0)
(455.0,802.0)
(455.0,802.0)
(455.0,802.0)
(447.0,802.0)
(802.0,802.0)
(455.0,802.0)
(455.0,802.0)
(447.0,802.0)
(802.0,802.0)
(441.0,802.0)
(441.0,802.0)
(455.0,802.0)
(447.0,802.0)
(447.0,802.0)
(447.0,802.0)
(802.0,802.0)
(457.0,802.0)
(447.0,802.0)
(802.0,802.0)
(447.0,802.0)
(455.0,802.0)
(447.0,802.0)
(447.0,802.0)
(447.0,802.0)
(447.0,802.0)
(455.0,802.0)
(802.0,802.0)
(447.0,802.0)
(441.0,802.0)
(802.0,802.0)
(447.0,802.0)
(447.0,802.0)
(447.0,802.0)
(447.0,802.0)
(447.0,802.0)
(455.0,802.0)
(447.0,802.0)
(447.0,802.0)
(447.0,802.0)
(447.0,802.0)
(447.0,802.0)
(447.0,802.0)
(447.0,802.0)
(447.0,802.0)
(455.0,802.0)
(447.0,802.0)
(447.0,802.0)
(447.0,802.0)
(447.0,802.0)
(441.0,802.0)
(447.0,802.0)
(447.0,802.0)
(455.0,802.0)
(447.0,802.0)
(447.0,802.0)
(447.0,802.0)
(447.0,802.0)
(447.0,802.0)
(447.0,802.0)
(802.0,802.0)
(441.0,802.0)
(447.0,802.0)
(455.0,802.0)
(404.0,802.0)
(447.0,802.0)
(447.0,802.0)
(462.0,802.0)
(447.0,802.0)
(447.0,802.0)
(455.0,802.0)
(447.0,802.0)
(447.0,802.0)
(447.0,802.0)
(447.0,802.0)
(447.0,802.0)
(447.0,802.0)
(447.0,802.0)
(447.0,802.0)
(455.0,802.0)
(455.0,802.0)
(447.0,802.0)
(459.0,802.0)
(802.0,802.0)
(447.0,802.0)
(447.0,802.0)
(447.0,802.0)
(802.0,802.0)
(802.0,802.0)
(455.0,802.0)
(447.0,802.0)
(802.0,802.0)
(447.0,802.0)
(441.0,802.0)
(802.0,802.0)
(447.0,802.0)
(447.0,802.0)
(447.0,802.0)
(447.0,802.0)
(447.0,802.0)
(802.0,802.0)
(447.0,802.0)
(447.0,802.0)
(802.0,802.0)
(802.0,802.0)
(447.0,802.0)
(447.0,802.0)
(802.0,802.0)
(447.0,802.0)
(447.0,802.0)
(447.0,802.0)
(447.0,802.0)
(447.0,802.0)
(455.0,802.0)
(447.0,802.0)
(447.0,802.0)
(447.0,802.0)
(447.0,802.0)
(465.0,802.0)
(447.0,802.0)
(447.0,802.0)
(455.0,802.0)
(447.0,802.0)
(447.0,802.0)
(455.0,802.0)
(802.0,802.0)
(455.0,802.0)
(802.0,802.0)
(447.0,802.0)
(802.0,802.0)
(441.0,802.0)
(447.0,802.0)
(455.0,802.0)
(447.0,802.0)
(802.0,802.0)
(441.0,802.0)
(802.0,802.0)
(447.0,802.0)
(455.0,802.0)
(802.0,802.0)
(802.0,802.0)
(447.0,802.0)
(447.0,802.0)
(447.0,802.0)
(462.0,802.0)
(802.0,802.0)
(802.0,802.0)
(802.0,802.0)
(441.0,802.0)
(447.0,802.0)
(447.0,802.0)
(802.0,802.0)
(447.0,802.0)
(447.0,802.0)
(447.0,802.0)
(802.0,802.0)
(802.0,802.0)
(447.0,802.0)
(447.0,802.0)
(447.0,802.0)
(802.0,802.0)
(447.0,802.0)
(447.0,802.0)
(462.0,802.0)
(455.0,802.0)
(447.0,802.0)
(802.0,802.0)
(447.0,802.0)
(802.0,802.0)
(455.0,802.0)
(447.0,802.0)
(447.0,802.0)
(447.0,802.0)
(802.0,802.0)
(802.0,802.0)
(447.0,802.0)
(447.0,802.0)
(462.0,802.0)
(447.0,802.0)
(455.0,802.0)
(802.0,802.0)
(441.0,802.0)
(447.0,802.0)
(441.0,802.0)
(447.0,802.0)
(447.0,802.0)
(462.0,802.0)
(447.0,802.0)
(455.0,802.0)
(447.0,802.0)
(447.0,802.0)
(802.0,802.0)
(447.0,802.0)
(441.0,802.0)
(447.0,802.0)
(802.0,802.0)
(447.0,802.0)
(447.0,802.0)
(447.0,802.0)
(455.0,802.0)
(447.0,802.0)
(447.0,802.0)
(441.0,802.0)
(802.0,802.0)
(447.0,802.0)
(802.0,802.0)
(447.0,802.0)
(447.0,802.0)
(447.0,802.0)
(802.0,802.0)
(802.0,802.0)
(447.0,802.0)
(455.0,802.0)
(447.0,802.0)
(802.0,802.0)
(462.0,802.0)
(802.0,802.0)
(455.0,802.0)
(447.0,802.0)
(802.0,802.0)
(802.0,802.0)
(447.0,802.0)
(447.0,802.0)
(447.0,802.0)
(802.0,802.0)
(441.0,802.0)
(447.0,802.0)
(802.0,802.0)
(462.0,454.0)
(454.0,454.0)
(421.0,454.0)
(454.0,454.0)
(462.0,454.0)
(454.0,454.0)
(462.0,454.0)
(806.0,454.0)
(454.0,454.0)
(806.0,454.0)
(454.0,454.0)
(454.0,454.0)
(29.0,454.0)
(454.0,454.0)
(454.0,454.0)
(462.0,454.0)
(454.0,454.0)
(454.0,454.0)
(454.0,454.0)
(454.0,454.0)
(454.0,454.0)
(454.0,454.0)
(462.0,454.0)
(454.0,454.0)
(454.0,454.0)
(417.0,454.0)
(454.0,454.0)
(454.0,454.0)
(454.0,454.0)
(454.0,454.0)
(454.0,454.0)
(454.0,454.0)
(806.0,454.0)
(454.0,454.0)
(454.0,454.0)
(454.0,454.0)
(454.0,454.0)
(454.0,454.0)
(785.0,454.0)
(454.0,454.0)
(462.0,454.0)
(454.0,454.0)
(454.0,454.0)
(454.0,454.0)
(454.0,454.0)
(454.0,454.0)
(454.0,454.0)
(454.0,454.0)
(454.0,454.0)
(462.0,454.0)
(452.0,454.0)
(454.0,454.0)
(454.0,454.0)
(462.0,454.0)
(462.0,454.0)
(462.0,454.0)
(447.0,454.0)
(454.0,454.0)
(806.0,454.0)
(454.0,454.0)
(480.0,454.0)
(454.0,454.0)
(454.0,454.0)
(454.0,454.0)
(454.0,454.0)
(454.0,454.0)
(454.0,454.0)
(454.0,454.0)
(454.0,454.0)
(454.0,454.0)
(454.0,454.0)
(454.0,454.0)
(454.0,454.0)
(454.0,454.0)
(454.0,454.0)
(462.0,454.0)
(806.0,454.0)
(454.0,454.0)
(475.0,454.0)
(454.0,454.0)
(454.0,454.0)
(465.0,454.0)
(454.0,454.0)
(462.0,454.0)
(454.0,454.0)
(804.0,454.0)
(465.0,454.0)
(454.0,454.0)
(454.0,454.0)
(454.0,454.0)
(454.0,454.0)
(447.0,454.0)
(455.0,454.0)
(454.0,454.0)
(454.0,454.0)
(454.0,454.0)
(454.0,454.0)
(463.0,454.0)
(454.0,454.0)
(454.0,454.0)
(454.0,454.0)
(454.0,454.0)
(454.0,454.0)
(454.0,454.0)
(806.0,454.0)
(454.0,454.0)
(454.0,454.0)
(454.0,454.0)
(454.0,454.0)
(454.0,454.0)
(454.0,454.0)
(454.0,454.0)
(454.0,454.0)
(379.0,454.0)
(454.0,454.0)
(806.0,454.0)
(454.0,454.0)
(454.0,454.0)
(454.0,454.0)
(454.0,454.0)
(454.0,454.0)
(447.0,454.0)
(454.0,454.0)
(454.0,454.0)
(806.0,454.0)
(806.0,454.0)
(462.0,454.0)
(454.0,454.0)
(454.0,454.0)
(454.0,454.0)
(462.0,454.0)
(454.0,454.0)
(454.0,454.0)
(454.0,454.0)
(454.0,454.0)
(454.0,454.0)
(454.0,454.0)
(454.0,454.0)
(454.0,454.0)
(771.0,454.0)
(463.0,454.0)
(806.0,454.0)
(743.0,454.0)
(454.0,454.0)
(454.0,454.0)
(454.0,454.0)
(462.0,454.0)
(454.0,454.0)
(454.0,454.0)
(454.0,454.0)
(454.0,454.0)
(454.0,454.0)
(454.0,454.0)
(454.0,454.0)
(454.0,454.0)
(454.0,454.0)
(786.0,454.0)
(454.0,454.0)
(454.0,454.0)
(454.0,454.0)
(455.0,454.0)
(462.0,454.0)
(462.0,454.0)
(447.0,454.0)
(454.0,454.0)
(454.0,454.0)
(454.0,454.0)
(462.0,454.0)
(454.0,454.0)
(454.0,454.0)
(454.0,454.0)
(447.0,454.0)
(454.0,454.0)
(454.0,454.0)
(804.0,454.0)
(454.0,454.0)
(454.0,454.0)
(454.0,454.0)
(454.0,454.0)
(454.0,454.0)
(806.0,454.0)
(454.0,454.0)
(454.0,454.0)
(454.0,454.0)
(454.0,454.0)
(454.0,454.0)
(454.0,454.0)
(454.0,454.0)
(454.0,454.0)
(462.0,454.0)
(462.0,454.0)
(462.0,454.0)
(462.0,454.0)
(454.0,454.0)
(462.0,454.0)
(454.0,454.0)
(454.0,454.0)
(454.0,454.0)
(454.0,454.0)
(454.0,454.0)
(454.0,454.0)
(462.0,454.0)
(454.0,454.0)
(804.0,454.0)
(454.0,454.0)
(447.0,454.0)
(25.0,454.0)
(454.0,454.0)
(454.0,454.0)
(806.0,454.0)
(417.0,454.0)
(454.0,454.0)
(462.0,454.0)
(785.0,454.0)
(454.0,454.0)
(480.0,454.0)
(377.0,454.0)
(454.0,454.0)
(462.0,454.0)
(447.0,454.0)
(462.0,454.0)
(454.0,454.0)
(454.0,454.0)
(454.0,454.0)
(454.0,454.0)
(462.0,454.0)
(454.0,454.0)
(454.0,454.0)
(454.0,454.0)
(455.0,454.0)
(455.0,454.0)
(454.0,454.0)
(454.0,454.0)
(455.0,454.0)
(454.0,454.0)
(435.0,454.0)
(771.0,454.0)
(454.0,454.0)
(463.0,454.0)
(454.0,454.0)
(462.0,454.0)
(454.0,454.0)
(454.0,454.0)
(454.0,454.0)
(462.0,454.0)
(454.0,454.0)
(454.0,454.0)
(454.0,454.0)
(454.0,454.0)
(454.0,454.0)
(454.0,454.0)
(462.0,454.0)
(462.0,454.0)
(454.0,454.0)
(454.0,454.0)
(454.0,454.0)
(454.0,454.0)
(454.0,454.0)
(454.0,454.0)
(454.0,454.0)
(455.0,454.0)
(454.0,454.0)
(454.0,454.0)
(454.0,454.0)
(413.0,454.0)
(454.0,454.0)
(454.0,454.0)
(454.0,454.0)
(454.0,454.0)
(455.0,454.0)
(454.0,454.0)
(454.0,454.0)
(454.0,454.0)
(462.0,454.0)
(454.0,454.0)
(454.0,454.0)
(480.0,454.0)
(462.0,454.0)
(462.0,454.0)
(454.0,454.0)
(454.0,454.0)
(454.0,454.0)
(454.0,454.0)
(462.0,454.0)
(454.0,454.0)
(454.0,454.0)
(804.0,454.0)
(454.0,454.0)
(454.0,454.0)
(454.0,454.0)
(806.0,454.0)
(454.0,454.0)
(413.0,454.0)
(462.0,454.0)
(459.0,454.0)
(454.0,454.0)
(454.0,454.0)
(462.0,454.0)
(454.0,454.0)
(454.0,454.0)
(462.0,454.0)
(368.0,454.0)
(454.0,454.0)
(454.0,454.0)
(454.0,454.0)
(454.0,454.0)
(454.0,454.0)
(447.0,454.0)
(454.0,454.0)
(804.0,454.0)
(454.0,454.0)
(454.0,454.0)
(454.0,454.0)
(462.0,454.0)
(462.0,454.0)
(454.0,454.0)
(455.0,454.0)
(15.0,454.0)
(462.0,454.0)
(454.0,454.0)
(454.0,454.0)
(454.0,454.0)
(462.0,454.0)
(454.0,454.0)
(454.0,454.0)
(454.0,454.0)
(454.0,454.0)
(454.0,454.0)
(455.0,454.0)
(454.0,454.0)
(454.0,454.0)
(462.0,454.0)
(454.0,454.0)
(454.0,454.0)
(462.0,454.0)
(454.0,454.0)
(454.0,454.0)
(454.0,454.0)
(806.0,454.0)
(368.0,454.0)
(454.0,454.0)
(447.0,454.0)
(454.0,454.0)
(454.0,454.0)
(454.0,454.0)
(454.0,454.0)
(454.0,454.0)
(462.0,454.0)
(454.0,454.0)
(454.0,454.0)
(454.0,454.0)
(454.0,454.0)
(454.0,454.0)
(454.0,454.0)
(454.0,454.0)
(454.0,454.0)
(447.0,454.0)
(454.0,454.0)
(454.0,454.0)
(15.0,454.0)
(462.0,454.0)
(454.0,454.0)
(454.0,454.0)
(417.0,454.0)
(447.0,454.0)
(447.0,454.0)
(454.0,454.0)
(454.0,454.0)
(454.0,454.0)
(454.0,454.0)
(454.0,454.0)
(454.0,454.0)
(454.0,454.0)
(455.0,454.0)
(454.0,454.0)
(454.0,454.0)
(804.0,454.0)
(454.0,454.0)
(455.0,454.0)
(806.0,454.0)
(462.0,454.0)
(455.0,454.0)
(454.0,454.0)
(454.0,454.0)
(454.0,454.0)
(454.0,454.0)
(454.0,454.0)
(454.0,454.0)
(447.0,454.0)
(454.0,454.0)
(454.0,454.0)
(454.0,454.0)
(454.0,454.0)
(454.0,454.0)
(454.0,454.0)
(462.0,454.0)
(454.0,454.0)
(454.0,454.0)
(454.0,454.0)
(454.0,454.0)
(454.0,454.0)
(447.0,454.0)
(454.0,454.0)
(462.0,454.0)
(454.0,454.0)
(462.0,454.0)
(421.0,454.0)
(454.0,454.0)
(454.0,454.0)
(454.0,454.0)
(454.0,454.0)
(454.0,454.0)
(454.0,454.0)
(454.0,454.0)
(804.0,454.0)
(462.0,454.0)
(454.0,454.0)
(454.0,454.0)
(462.0,454.0)
(454.0,454.0)
(462.0,454.0)
(454.0,454.0)
(413.0,454.0)
(462.0,454.0)
(454.0,454.0)
(454.0,454.0)
(462.0,454.0)
(454.0,454.0)
(454.0,454.0)
(454.0,454.0)
(454.0,454.0)
(462.0,454.0)
(462.0,454.0)
(447.0,454.0)
(454.0,454.0)
(462.0,454.0)
(454.0,454.0)
(462.0,454.0)
(454.0,454.0)
(454.0,454.0)
(454.0,454.0)
(454.0,454.0)
(454.0,454.0)
(447.0,454.0)
(454.0,454.0)
(454.0,454.0)
(454.0,454.0)
(462.0,454.0)
(806.0,454.0)
(462.0,454.0)
(463.0,454.0)
(462.0,454.0)
(454.0,454.0)
(462.0,454.0)
(454.0,454.0)
(454.0,454.0)
(462.0,454.0)
(462.0,454.0)
(462.0,454.0)
(454.0,454.0)
(454.0,454.0)
(454.0,454.0)
(771.0,454.0)
(454.0,454.0)
(454.0,454.0)
(454.0,454.0)
(454.0,454.0)
(454.0,454.0)
(398.0,454.0)
(454.0,454.0)
(454.0,454.0)
(454.0,454.0)
(454.0,454.0)
(454.0,454.0)
(454.0,454.0)
(454.0,454.0)
(454.0,454.0)
(447.0,454.0)
(462.0,454.0)
(454.0,454.0)
(454.0,454.0)
(806.0,454.0)
(454.0,454.0)
(454.0,454.0)
(454.0,454.0)
(454.0,454.0)
(462.0,454.0)
(454.0,454.0)
(454.0,454.0)
(475.0,454.0)
(462.0,454.0)
(454.0,454.0)
(454.0,454.0)
(454.0,454.0)
(454.0,454.0)
(454.0,454.0)
(462.0,454.0)
(804.0,454.0)
(447.0,454.0)
(454.0,454.0)
(454.0,454.0)
(447.0,454.0)
(454.0,454.0)
(454.0,454.0)
(454.0,454.0)
(454.0,454.0)
(462.0,454.0)
(454.0,454.0)
(454.0,454.0)
(454.0,454.0)
(454.0,454.0)
(454.0,454.0)
(804.0,454.0)
(454.0,454.0)
(454.0,454.0)
(454.0,454.0)
(417.0,454.0)
(454.0,454.0)
(454.0,454.0)
(806.0,454.0)
(454.0,454.0)
(455.0,454.0)
(462.0,454.0)
(454.0,454.0)
(462.0,454.0)
(454.0,454.0)
(454.0,454.0)
(454.0,454.0)
(454.0,454.0)
(454.0,454.0)
(447.0,454.0)
(454.0,454.0)
(454.0,454.0)
(454.0,454.0)
(454.0,454.0)
(447.0,454.0)
(454.0,454.0)
(462.0,454.0)
(472.0,454.0)
(447.0,454.0)
(454.0,454.0)
(454.0,454.0)
(462.0,454.0)
(454.0,454.0)
(454.0,454.0)
(462.0,454.0)
(447.0,454.0)
(454.0,454.0)
(454.0,454.0)
(462.0,454.0)
(454.0,454.0)
(454.0,454.0)
(454.0,454.0)
(806.0,454.0)
(454.0,454.0)
(462.0,454.0)
(454.0,454.0)
(454.0,454.0)
(454.0,454.0)
(454.0,454.0)
(454.0,454.0)
(455.0,454.0)
(454.0,454.0)
(462.0,454.0)
(462.0,454.0)
(806.0,454.0)
(454.0,454.0)
(454.0,454.0)
(454.0,454.0)
(454.0,454.0)
(454.0,454.0)
(785.0,454.0)
(454.0,454.0)
(806.0,454.0)
(806.0,454.0)
(454.0,454.0)
(454.0,454.0)
(455.0,454.0)
(442.0,454.0)
(462.0,454.0)
(465.0,454.0)
(806.0,454.0)
(454.0,454.0)
(462.0,454.0)
(454.0,454.0)
(454.0,454.0)
(455.0,454.0)
(454.0,454.0)
(372.0,454.0)
(454.0,454.0)
(454.0,454.0)
(454.0,454.0)
(454.0,454.0)
(454.0,454.0)
(454.0,454.0)
(771.0,454.0)
(454.0,454.0)
(454.0,454.0)
(454.0,454.0)
(454.0,454.0)
(454.0,454.0)
(771.0,454.0)
(806.0,454.0)
(435.0,454.0)
(454.0,454.0)
(454.0,454.0)
(806.0,454.0)
(454.0,454.0)
(454.0,454.0)
(454.0,454.0)
(454.0,454.0)
(454.0,454.0)
(435.0,454.0)
(454.0,454.0)
(454.0,454.0)
(454.0,454.0)
(454.0,454.0)
(454.0,454.0)
(462.0,454.0)
(454.0,454.0)
(462.0,454.0)
(454.0,454.0)
(806.0,454.0)
(454.0,454.0)
(462.0,454.0)
(454.0,454.0)
(806.0,454.0)
(475.0,454.0)
(454.0,454.0)
(454.0,454.0)
(454.0,454.0)
(462.0,454.0)
(805.0,454.0)
(454.0,454.0)
(454.0,454.0)
(454.0,454.0)
(454.0,454.0)
(462.0,454.0)
(454.0,454.0)
(462.0,454.0)
(454.0,454.0)
(806.0,454.0)
(455.0,454.0)
(454.0,454.0)
(454.0,454.0)
(454.0,454.0)
(454.0,454.0)
(454.0,454.0)
(785.0,454.0)
(806.0,454.0)
(454.0,454.0)
(475.0,454.0)
(447.0,454.0)
(462.0,454.0)
(454.0,454.0)
(462.0,454.0)
(454.0,454.0)
(454.0,454.0)
(462.0,454.0)
(806.0,454.0)
(454.0,454.0)
(454.0,454.0)
(454.0,454.0)
(462.0,454.0)
(454.0,454.0)
(455.0,454.0)
(454.0,454.0)
(447.0,454.0)
(454.0,454.0)
(462.0,454.0)
(454.0,454.0)
(454.0,454.0)
(454.0,454.0)
(454.0,454.0)
(454.0,454.0)
(454.0,454.0)
(447.0,454.0)
(454.0,454.0)
(454.0,454.0)
(454.0,454.0)
(454.0,454.0)
(454.0,454.0)
(454.0,454.0)
(462.0,454.0)
(368.0,454.0)
(806.0,454.0)
(454.0,454.0)
(454.0,454.0)
(454.0,454.0)
(462.0,454.0)
(454.0,454.0)
(462.0,454.0)
(454.0,454.0)
(454.0,454.0)
(454.0,454.0)
(454.0,454.0)
(454.0,454.0)
(454.0,454.0)
(454.0,454.0)
(462.0,454.0)
(462.0,454.0)
(454.0,454.0)
(454.0,454.0)
(454.0,454.0)
(454.0,454.0)
(454.0,454.0)
(806.0,454.0)
(454.0,454.0)
(462.0,454.0)
(455.0,454.0)
(454.0,454.0)
(454.0,454.0)
(454.0,454.0)
(447.0,454.0)
(454.0,454.0)
(454.0,454.0)
(454.0,454.0)
(455.0,454.0)
(454.0,454.0)
(454.0,454.0)
(454.0,454.0)
(447.0,454.0)
(454.0,454.0)
(806.0,454.0)
(454.0,454.0)
(421.0,454.0)
(806.0,454.0)
(454.0,454.0)
(454.0,454.0)
(454.0,454.0)
(454.0,454.0)
(454.0,454.0)
(454.0,454.0)
(454.0,454.0)
(454.0,454.0)
(454.0,454.0)
(454.0,454.0)
(454.0,454.0)
(442.0,454.0)
(454.0,454.0)
(454.0,454.0)
(454.0,454.0)
(454.0,454.0)
(462.0,454.0)
(455.0,454.0)
(806.0,454.0)
(454.0,454.0)
(454.0,454.0)
(462.0,454.0)
(454.0,454.0)
(454.0,454.0)
(454.0,454.0)
(454.0,454.0)
(454.0,454.0)
(454.0,454.0)
(454.0,454.0)
(362.0,454.0)
(454.0,454.0)
(447.0,454.0)
(454.0,454.0)
(454.0,454.0)
(454.0,454.0)
(454.0,454.0)
(454.0,454.0)
(454.0,454.0)
(462.0,454.0)
(462.0,454.0)
(454.0,454.0)
(806.0,454.0)
(447.0,454.0)
(454.0,454.0)
(454.0,454.0)
(454.0,454.0)
(454.0,454.0)
(454.0,454.0)
(454.0,454.0)
(454.0,454.0)
(454.0,454.0)
(454.0,454.0)
(454.0,454.0)
(455.0,454.0)
(462.0,454.0)
(454.0,454.0)
(454.0,454.0)
(454.0,454.0)
(454.0,454.0)
(454.0,454.0)
(454.0,454.0)
(455.0,454.0)
(454.0,454.0)
(454.0,454.0)
(454.0,454.0)
(454.0,454.0)
(806.0,454.0)
(454.0,454.0)
(454.0,454.0)
(805.0,454.0)
(454.0,454.0)
(462.0,454.0)
(454.0,454.0)
(806.0,454.0)
(454.0,454.0)
(454.0,454.0)
(454.0,454.0)
(462.0,454.0)
(454.0,454.0)
(454.0,454.0)
(454.0,454.0)
(454.0,454.0)
(454.0,454.0)
(454.0,454.0)
(455.0,454.0)
(417.0,454.0)
(454.0,454.0)
(806.0,454.0)
(462.0,454.0)
(454.0,454.0)
(454.0,454.0)
(462.0,454.0)
(454.0,454.0)
(454.0,454.0)
(455.0,454.0)
(454.0,454.0)
(455.0,454.0)
(454.0,454.0)
(447.0,454.0)
(454.0,454.0)
(454.0,454.0)
(454.0,454.0)
(454.0,454.0)
(462.0,454.0)
(454.0,454.0)
(454.0,454.0)
(462.0,454.0)
(454.0,454.0)
(454.0,454.0)
(454.0,454.0)
(454.0,454.0)
(454.0,454.0)
(454.0,454.0)
(454.0,454.0)
(454.0,454.0)
(454.0,454.0)
(806.0,454.0)
(454.0,454.0)
(447.0,454.0)
(455.0,454.0)
(454.0,454.0)
(771.0,454.0)
(454.0,454.0)
(447.0,454.0)
(454.0,454.0)
(454.0,454.0)
(454.0,454.0)
(454.0,454.0)
(447.0,454.0)
(806.0,454.0)
(454.0,454.0)
(462.0,454.0)
(462.0,454.0)
(454.0,454.0)
(454.0,454.0)
(454.0,454.0)
(454.0,454.0)
(454.0,454.0)
(454.0,454.0)
(462.0,454.0)
(454.0,454.0)
(454.0,454.0)
(454.0,454.0)
(454.0,454.0)
(454.0,454.0)
(462.0,454.0)
(462.0,454.0)
(454.0,454.0)
(454.0,454.0)
(482.0,454.0)
(454.0,454.0)
(454.0,454.0)
(454.0,454.0)
(454.0,454.0)
(435.0,454.0)
(454.0,454.0)
(454.0,454.0)
(454.0,454.0)
(417.0,454.0)
(454.0,454.0)
(454.0,454.0)
(454.0,454.0)
(462.0,454.0)
(454.0,454.0)
(454.0,454.0)
(454.0,454.0)
(454.0,454.0)
(454.0,454.0)
(462.0,454.0)
(462.0,454.0)
(454.0,454.0)
(454.0,454.0)
(454.0,454.0)
(454.0,454.0)
(805.0,454.0)
(454.0,454.0)
(454.0,454.0)
(454.0,454.0)
(462.0,454.0)
(806.0,454.0)
(462.0,454.0)
(454.0,454.0)
(454.0,454.0)
(454.0,454.0)
(454.0,454.0)
(454.0,454.0)
(454.0,454.0)
(462.0,454.0)
(454.0,454.0)
(454.0,454.0)
(454.0,454.0)
(804.0,454.0)
(454.0,454.0)
(462.0,454.0)
(454.0,454.0)
(454.0,454.0)
(447.0,454.0)
(462.0,454.0)
(454.0,454.0)
(454.0,454.0)
(462.0,454.0)
(454.0,454.0)
(454.0,454.0)
(462.0,454.0)
(454.0,454.0)
(454.0,454.0)
(455.0,454.0)
(454.0,454.0)
(454.0,454.0)
(454.0,454.0)
(454.0,454.0)
(454.0,454.0)
(454.0,454.0)
(454.0,454.0)
(454.0,454.0)
(454.0,454.0)
(462.0,454.0)
(454.0,454.0)
(454.0,454.0)
(454.0,454.0)
(442.0,454.0)
(454.0,454.0)
(454.0,454.0)
(462.0,454.0)
(465.0,454.0)
(454.0,454.0)
(454.0,454.0)
(454.0,454.0)
(454.0,454.0)
(454.0,454.0)
(454.0,454.0)
(454.0,454.0)
(462.0,454.0)
(454.0,454.0)
(454.0,454.0)
(454.0,454.0)
(454.0,454.0)
(454.0,454.0)
(454.0,454.0)
(462.0,454.0)
(447.0,454.0)
(454.0,454.0)
(454.0,454.0)
(454.0,454.0)
(454.0,454.0)
(454.0,454.0)
(462.0,454.0)
(454.0,454.0)
(454.0,454.0)
(455.0,454.0)
(462.0,454.0)
(454.0,454.0)
(454.0,454.0)
(454.0,454.0)
(454.0,454.0)
(804.0,454.0)
(454.0,454.0)
(454.0,454.0)
(462.0,454.0)
(463.0,454.0)
(454.0,454.0)
(454.0,454.0)
(454.0,454.0)
(350.0,454.0)
(454.0,454.0)
(455.0,454.0)
(462.0,454.0)
(454.0,454.0)
(454.0,454.0)
(454.0,454.0)
(421.0,454.0)
(454.0,454.0)
(454.0,454.0)
(454.0,454.0)
(481.0,454.0)
(459.0,454.0)
(454.0,454.0)
(454.0,454.0)
(454.0,454.0)
(454.0,454.0)
(454.0,454.0)
(454.0,454.0)
(454.0,454.0)
(413.0,454.0)
(462.0,454.0)
(454.0,454.0)
(454.0,454.0)
(454.0,454.0)
(454.0,454.0)
(417.0,454.0)
(454.0,454.0)
(454.0,454.0)
(454.0,454.0)
(454.0,454.0)
(462.0,454.0)
(454.0,454.0)
(462.0,454.0)
(462.0,454.0)
(362.0,454.0)
(43.0,454.0)
(805.0,454.0)
(454.0,454.0)
(455.0,454.0)
(454.0,454.0)
(771.0,454.0)
(362.0,454.0)
(454.0,454.0)
(454.0,454.0)
(454.0,454.0)
(806.0,454.0)
(454.0,454.0)
(463.0,454.0)
(447.0,454.0)
(455.0,454.0)
(465.0,454.0)
(769.0,454.0)
(462.0,454.0)
(454.0,454.0)
(454.0,454.0)
(435.0,454.0)
(454.0,454.0)
(454.0,454.0)
(455.0,454.0)
(454.0,454.0)
(454.0,454.0)
(454.0,454.0)
(435.0,454.0)
(447.0,454.0)
(462.0,454.0)
(454.0,454.0)
(462.0,454.0)
(454.0,454.0)
(447.0,454.0)
(462.0,454.0)
(806.0,454.0)
(804.0,454.0)
(454.0,454.0)
(454.0,454.0)
(454.0,454.0)
(462.0,454.0)
(454.0,454.0)
(454.0,454.0)
(454.0,454.0)
(454.0,454.0)
(454.0,454.0)
(462.0,454.0)
(454.0,454.0)
(462.0,454.0)
(454.0,454.0)
(454.0,454.0)
(462.0,454.0)
(447.0,454.0)
(462.0,454.0)
(462.0,454.0)
(806.0,454.0)
(454.0,454.0)
(454.0,454.0)
(804.0,454.0)
(454.0,454.0)
(368.0,454.0)
(462.0,454.0)
(454.0,454.0)
(454.0,454.0)
(454.0,454.0)
(454.0,454.0)
(482.0,454.0)
(454.0,454.0)
(454.0,454.0)
(454.0,454.0)
(454.0,454.0)
(454.0,454.0)
(454.0,454.0)
(454.0,454.0)
(455.0,454.0)
(454.0,454.0)
(454.0,454.0)
(454.0,454.0)
(454.0,454.0)
(454.0,454.0)
(447.0,454.0)
(454.0,454.0)
(462.0,454.0)
(454.0,454.0)
(454.0,454.0)
(454.0,454.0)
(454.0,454.0)
(442.0,454.0)
(454.0,454.0)
(454.0,454.0)
(435.0,454.0)
(465.0,454.0)
(462.0,454.0)
(447.0,454.0)
(454.0,454.0)
(454.0,454.0)
(471.0,454.0)
(454.0,454.0)
(462.0,454.0)
(454.0,454.0)
(806.0,454.0)
(462.0,454.0)
(454.0,454.0)
(455.0,454.0)
(455.0,454.0)
(462.0,454.0)
(454.0,454.0)
(454.0,454.0)
(806.0,454.0)
(463.0,454.0)
(462.0,454.0)
(454.0,454.0)
(454.0,454.0)
(454.0,454.0)
(454.0,454.0)
(454.0,454.0)
(454.0,454.0)
(455.0,454.0)
(454.0,454.0)
(455.0,454.0)
(454.0,454.0)
(771.0,454.0)
(454.0,454.0)
(454.0,454.0)
(454.0,454.0)
(454.0,454.0)
(806.0,454.0)
(454.0,454.0)
(462.0,454.0)
(454.0,454.0)
(454.0,454.0)
(462.0,454.0)
(806.0,454.0)
(462.0,454.0)
(454.0,454.0)
(454.0,454.0)
(475.0,454.0)
(454.0,454.0)
(454.0,454.0)
(805.0,454.0)
(454.0,454.0)
(454.0,454.0)
(454.0,454.0)
(462.0,454.0)
(454.0,454.0)
(454.0,454.0)
(454.0,454.0)
(447.0,454.0)
(454.0,454.0)
(454.0,454.0)
(802.0,454.0)
(447.0,454.0)
(454.0,454.0)
(454.0,454.0)
(462.0,454.0)
(454.0,454.0)
(806.0,454.0)
(454.0,454.0)
(454.0,454.0)
(454.0,454.0)
(454.0,454.0)
(454.0,454.0)
(454.0,454.0)
(454.0,454.0)
(454.0,454.0)
(454.0,454.0)
(462.0,454.0)
(454.0,454.0)
(454.0,454.0)
(454.0,454.0)
(454.0,454.0)
(454.0,454.0)
(454.0,454.0)
(454.0,454.0)
(454.0,454.0)
(454.0,454.0)
(462.0,454.0)
(454.0,454.0)
(397.0,454.0)
(454.0,454.0)
(455.0,454.0)
(442.0,454.0)
(421.0,454.0)
(454.0,454.0)
(454.0,454.0)
(454.0,454.0)
(454.0,454.0)
(454.0,454.0)
(362.0,454.0)
(454.0,454.0)
(454.0,454.0)
(454.0,454.0)
(462.0,454.0)
(454.0,454.0)
(454.0,454.0)
(483.0,454.0)
(462.0,454.0)
(454.0,454.0)
(455.0,454.0)
(806.0,454.0)
(462.0,454.0)
(454.0,454.0)
(455.0,454.0)
(454.0,454.0)
(454.0,454.0)
(454.0,454.0)
(447.0,454.0)
(463.0,454.0)
(454.0,454.0)
(454.0,454.0)
(454.0,454.0)
(435.0,454.0)
(454.0,454.0)
(454.0,454.0)
(462.0,454.0)
(454.0,454.0)
(454.0,454.0)
(454.0,454.0)
(454.0,454.0)
(454.0,454.0)
(462.0,454.0)
(454.0,454.0)
(454.0,454.0)
(771.0,454.0)
(454.0,454.0)
(454.0,454.0)
(454.0,454.0)
(454.0,454.0)
(454.0,454.0)
(454.0,454.0)
(462.0,454.0)
(462.0,454.0)
(454.0,454.0)
(806.0,454.0)
(454.0,454.0)
(454.0,454.0)
(454.0,454.0)
(454.0,454.0)
(454.0,454.0)
(462.0,454.0)
(482.0,454.0)
(454.0,454.0)
(454.0,454.0)
(454.0,454.0)
(454.0,454.0)
(454.0,454.0)
(454.0,454.0)
(454.0,454.0)
(462.0,454.0)
(462.0,454.0)
(462.0,454.0)
(462.0,454.0)
(454.0,454.0)
(454.0,454.0)
(454.0,454.0)
(454.0,454.0)
(454.0,454.0)
(454.0,454.0)
(454.0,454.0)
(454.0,454.0)
(425.0,454.0)
(454.0,454.0)
(454.0,454.0)
(462.0,454.0)
(454.0,454.0)
(454.0,454.0)
(454.0,454.0)
(454.0,454.0)
(454.0,454.0)
(454.0,454.0)
(454.0,454.0)
(454.0,454.0)
(454.0,454.0)
(454.0,454.0)
(454.0,454.0)
(454.0,454.0)
(454.0,454.0)
(454.0,454.0)
(804.0,454.0)
(362.0,454.0)
(462.0,454.0)
(806.0,454.0)
(454.0,454.0)
(475.0,454.0)
(454.0,454.0)
(454.0,454.0)
(454.0,454.0)
(454.0,454.0)
(454.0,454.0)
(454.0,454.0)
(771.0,454.0)
(455.0,454.0)
(454.0,454.0)
(454.0,454.0)
(806.0,454.0)
(454.0,454.0)
(442.0,454.0)
(454.0,454.0)
(462.0,454.0)
(454.0,454.0)
(454.0,454.0)
(806.0,454.0)
(462.0,454.0)
(454.0,454.0)
(454.0,454.0)
(454.0,454.0)
(454.0,454.0)
(455.0,454.0)
(771.0,454.0)
(462.0,454.0)
(454.0,454.0)
(454.0,454.0)
(804.0,454.0)
(475.0,454.0)
(806.0,454.0)
(462.0,454.0)
(454.0,454.0)
(452.0,454.0)
(447.0,454.0)
(462.0,454.0)
(15.0,454.0)
(426.0,454.0)
(463.0,454.0)
(462.0,454.0)
(454.0,454.0)
(454.0,454.0)
(454.0,454.0)
(462.0,454.0)
(454.0,454.0)
(462.0,454.0)
(462.0,454.0)
(454.0,454.0)
(454.0,454.0)
(454.0,454.0)
(454.0,454.0)
(417.0,454.0)
(454.0,454.0)
(454.0,454.0)
(454.0,454.0)
(465.0,454.0)
(454.0,454.0)
(806.0,454.0)
(454.0,454.0)
(806.0,454.0)
(454.0,454.0)
(454.0,454.0)
(454.0,454.0)
(454.0,454.0)
(454.0,454.0)
(454.0,454.0)
(454.0,454.0)
(454.0,454.0)
(454.0,454.0)
(804.0,454.0)
(454.0,454.0)
(454.0,454.0)
(454.0,454.0)
(454.0,454.0)
(462.0,454.0)
(462.0,454.0)
(454.0,454.0)
(454.0,454.0)
(454.0,454.0)
(454.0,454.0)
(462.0,454.0)
(454.0,454.0)
(454.0,454.0)
(462.0,454.0)
(454.0,454.0)
(462.0,454.0)
(454.0,454.0)
(454.0,454.0)
(454.0,454.0)
(454.0,454.0)
(454.0,454.0)
(806.0,454.0)
(454.0,454.0)
(454.0,454.0)
(454.0,454.0)
(806.0,454.0)
(454.0,454.0)
(454.0,454.0)
(454.0,454.0)
(806.0,454.0)
(454.0,454.0)
(454.0,454.0)
(454.0,454.0)
(454.0,454.0)
(454.0,454.0)
(454.0,454.0)
(454.0,454.0)
(454.0,454.0)
(454.0,454.0)
(454.0,454.0)
(454.0,454.0)
(454.0,454.0)
(804.0,454.0)
(454.0,454.0)
(454.0,454.0)
(454.0,454.0)
(454.0,454.0)
(454.0,454.0)
(462.0,454.0)
(454.0,454.0)
(454.0,454.0)
(454.0,454.0)
(465.0,454.0)
(454.0,454.0)
(771.0,454.0)
(454.0,454.0)
(454.0,454.0)
(806.0,454.0)
(454.0,454.0)
(454.0,454.0)
(454.0,454.0)
(454.0,454.0)
(454.0,454.0)
(454.0,454.0)
(454.0,454.0)
(462.0,454.0)
(447.0,454.0)
(454.0,454.0)
(462.0,454.0)
(480.0,454.0)
(462.0,454.0)
(454.0,454.0)
(425.0,454.0)
(454.0,454.0)
(454.0,454.0)
(462.0,454.0)
(462.0,454.0)
(771.0,454.0)
(462.0,454.0)
(454.0,454.0)
(454.0,454.0)
(462.0,454.0)
(455.0,454.0)
(454.0,454.0)
(804.0,454.0)
(454.0,454.0)
(454.0,454.0)
(454.0,454.0)
(454.0,454.0)
(454.0,454.0)
(454.0,454.0)
(454.0,454.0)
(454.0,454.0)
(454.0,454.0)
(454.0,454.0)
(454.0,454.0)
(454.0,454.0)
(462.0,454.0)
(455.0,454.0)
(454.0,454.0)
(454.0,454.0)
(462.0,454.0)
(454.0,454.0)
(454.0,454.0)
(454.0,454.0)
(454.0,454.0)
(447.0,454.0)
(454.0,454.0)
(462.0,454.0)
(454.0,454.0)
(454.0,454.0)
(454.0,454.0)
(454.0,454.0)
(454.0,454.0)
(454.0,454.0)
(454.0,454.0)
(454.0,454.0)
(454.0,454.0)
(454.0,454.0)
(454.0,454.0)
(805.0,454.0)
(454.0,454.0)
(462.0,454.0)
(454.0,454.0)
(454.0,454.0)
(455.0,454.0)
(454.0,454.0)
(454.0,454.0)
(454.0,454.0)
(454.0,454.0)
(462.0,454.0)
(454.0,454.0)
(462.0,454.0)
(454.0,454.0)
(455.0,454.0)
(462.0,454.0)
(454.0,454.0)
(454.0,454.0)
(454.0,454.0)
(454.0,454.0)
(454.0,454.0)
(455.0,454.0)
(454.0,454.0)
(475.0,454.0)
(454.0,454.0)
(454.0,454.0)
(454.0,454.0)
(454.0,454.0)
(454.0,454.0)
(454.0,454.0)
(462.0,454.0)
(454.0,454.0)
(454.0,454.0)
(454.0,454.0)
(454.0,454.0)
(454.0,454.0)
(454.0,454.0)
(454.0,454.0)
(454.0,454.0)
(771.0,454.0)
(454.0,454.0)
(454.0,454.0)
(441.0,454.0)
(454.0,454.0)
(462.0,454.0)
(454.0,454.0)
(462.0,454.0)
(805.0,454.0)
(462.0,454.0)
(454.0,454.0)
(454.0,454.0)
(454.0,454.0)
(454.0,454.0)
(454.0,454.0)
(454.0,454.0)
(455.0,454.0)
(454.0,454.0)
(462.0,454.0)
(454.0,454.0)
(769.0,454.0)
(806.0,454.0)
(454.0,454.0)
(454.0,454.0)
(454.0,454.0)
(455.0,454.0)
(455.0,454.0)
(806.0,454.0)
(454.0,454.0)
(454.0,454.0)
(455.0,454.0)
(454.0,454.0)
(417.0,454.0)
(454.0,454.0)
(454.0,454.0)
(454.0,454.0)
(454.0,454.0)
(471.0,454.0)
(454.0,454.0)
(743.0,454.0)
(454.0,454.0)
(427.0,454.0)
(454.0,454.0)
(454.0,454.0)
(454.0,454.0)
(454.0,454.0)
(454.0,454.0)
(454.0,454.0)
(454.0,454.0)
(447.0,454.0)
(806.0,454.0)
(462.0,454.0)
(462.0,454.0)
(462.0,454.0)
(454.0,454.0)
(462.0,454.0)
(454.0,454.0)
(454.0,454.0)
(454.0,454.0)
(454.0,454.0)
(454.0,454.0)
(454.0,454.0)
(454.0,454.0)
(806.0,454.0)
(462.0,454.0)
(454.0,454.0)
(454.0,454.0)
(454.0,454.0)
(475.0,454.0)
(454.0,454.0)
(405.0,454.0)
(454.0,454.0)
(454.0,454.0)
(454.0,454.0)
(454.0,454.0)
(454.0,454.0)
(454.0,454.0)
(454.0,454.0)
(454.0,454.0)
(454.0,454.0)
(454.0,454.0)
(806.0,454.0)
(771.0,454.0)
(454.0,454.0)
(454.0,454.0)
(454.0,454.0)
(454.0,454.0)
(454.0,454.0)
(454.0,454.0)
(462.0,454.0)
(462.0,454.0)
(454.0,454.0)
(462.0,454.0)
(475.0,454.0)
(454.0,454.0)
(454.0,454.0)
(454.0,454.0)
(454.0,454.0)
(454.0,454.0)
(806.0,454.0)
(454.0,454.0)
(454.0,454.0)
(454.0,454.0)
(454.0,454.0)
(454.0,454.0)
(454.0,454.0)
(454.0,454.0)
(454.0,454.0)
(454.0,454.0)
(455.0,454.0)
(480.0,454.0)
(454.0,454.0)
(454.0,454.0)
(454.0,454.0)
(454.0,454.0)
(806.0,454.0)
(454.0,454.0)
(454.0,454.0)
(454.0,454.0)
(454.0,454.0)
(454.0,454.0)
(454.0,454.0)
(454.0,454.0)
(454.0,454.0)
(806.0,454.0)
(454.0,454.0)
(454.0,454.0)
(390.0,454.0)
(454.0,454.0)
(421.0,454.0)
(454.0,454.0)
(454.0,454.0)
(462.0,454.0)
(454.0,454.0)
(462.0,454.0)
(454.0,454.0)
(462.0,454.0)
(806.0,454.0)
(454.0,454.0)
(454.0,454.0)
(454.0,454.0)
(454.0,454.0)
(454.0,454.0)
(454.0,454.0)
(455.0,454.0)
(454.0,454.0)
(454.0,454.0)
(447.0,454.0)
(454.0,454.0)
(454.0,454.0)
(454.0,454.0)
(454.0,454.0)
(454.0,454.0)
(455.0,454.0)
(454.0,454.0)
(457.0,454.0)
(396.0,454.0)
(454.0,454.0)
(462.0,454.0)
(454.0,454.0)
(454.0,454.0)
(454.0,454.0)
(454.0,454.0)
(454.0,454.0)
(421.0,454.0)
(454.0,454.0)
(455.0,454.0)
(454.0,454.0)
(454.0,454.0)
(454.0,454.0)
(454.0,454.0)
(454.0,454.0)
(454.0,454.0)
(454.0,454.0)
(462.0,454.0)
(454.0,454.0)
(417.0,454.0)
(427.0,454.0)
(454.0,454.0)
(454.0,454.0)
(454.0,454.0)
(454.0,454.0)
(454.0,454.0)
(462.0,454.0)
(462.0,454.0)
(462.0,454.0)
(454.0,454.0)
(454.0,454.0)
(447.0,454.0)
(454.0,454.0)
(454.0,454.0)
(454.0,454.0)
(475.0,454.0)
(454.0,454.0)
(413.0,454.0)
(454.0,454.0)
(462.0,454.0)
(454.0,454.0)
(454.0,454.0)
(454.0,454.0)
(417.0,454.0)
(454.0,454.0)
(806.0,454.0)
(454.0,454.0)
(806.0,454.0)
(454.0,454.0)
(454.0,454.0)
(454.0,454.0)
(462.0,454.0)
(454.0,454.0)
(806.0,454.0)
(454.0,454.0)
(447.0,454.0)
(454.0,454.0)
(454.0,454.0)
(455.0,454.0)
(454.0,454.0)
(454.0,454.0)
(784.0,454.0)
(454.0,454.0)
(454.0,454.0)
(806.0,454.0)
(454.0,454.0)
(454.0,454.0)
(454.0,454.0)
(454.0,454.0)
(454.0,454.0)
(454.0,454.0)
(462.0,454.0)
(454.0,454.0)
(454.0,454.0)
(454.0,454.0)
(454.0,454.0)
(454.0,454.0)
(454.0,454.0)
(454.0,454.0)
(454.0,454.0)
(454.0,454.0)
(409.0,454.0)
(462.0,454.0)
(454.0,454.0)
(454.0,454.0)
(454.0,454.0)
(454.0,454.0)
(454.0,454.0)
(454.0,454.0)
(454.0,454.0)
(454.0,454.0)
(454.0,454.0)
(462.0,454.0)
(462.0,454.0)
(454.0,454.0)
(802.0,454.0)
(454.0,454.0)
(454.0,454.0)
(454.0,454.0)
(454.0,454.0)
(447.0,454.0)
(454.0,454.0)
(462.0,454.0)
(462.0,454.0)
(454.0,454.0)
(442.0,454.0)
(421.0,454.0)
(462.0,454.0)
(447.0,454.0)
(454.0,454.0)
(454.0,454.0)
(455.0,454.0)
(454.0,454.0)
(454.0,454.0)
(454.0,454.0)
(462.0,454.0)
(454.0,454.0)
(454.0,454.0)
(454.0,454.0)
(454.0,454.0)
(462.0,454.0)
(462.0,454.0)
(455.0,454.0)
(454.0,454.0)
(454.0,454.0)
(454.0,454.0)
(454.0,454.0)
(462.0,454.0)
(454.0,454.0)
(462.0,454.0)
(447.0,454.0)
(454.0,454.0)
(454.0,454.0)
(454.0,454.0)
(462.0,454.0)
(462.0,454.0)
(454.0,454.0)
(454.0,454.0)
(454.0,454.0)
(785.0,454.0)
(806.0,454.0)
(454.0,454.0)
(462.0,454.0)
(454.0,454.0)
(454.0,454.0)
(454.0,454.0)
(475.0,454.0)
(441.0,454.0)
(454.0,454.0)
(454.0,454.0)
(454.0,454.0)
(454.0,454.0)
(454.0,454.0)
(455.0,454.0)
(454.0,454.0)
(462.0,454.0)
(454.0,454.0)
(454.0,454.0)
(454.0,454.0)
(454.0,454.0)
(454.0,454.0)
(454.0,454.0)
(454.0,454.0)
(454.0,454.0)
(454.0,454.0)
(454.0,454.0)
(462.0,454.0)
(454.0,454.0)
(454.0,454.0)
(454.0,454.0)
(462.0,454.0)
(454.0,454.0)
(454.0,454.0)
(454.0,454.0)
(454.0,454.0)
(462.0,454.0)
(417.0,454.0)
(454.0,454.0)
(454.0,454.0)
(454.0,454.0)
(454.0,454.0)
(454.0,454.0)
(417.0,454.0)
(475.0,454.0)
(462.0,454.0)
(454.0,454.0)
(462.0,454.0)
(454.0,454.0)
(454.0,454.0)
(454.0,454.0)
(15.0,454.0)
(462.0,454.0)
(454.0,454.0)
(454.0,454.0)
(454.0,454.0)
(806.0,454.0)
(462.0,454.0)
(454.0,454.0)
(454.0,454.0)
(480.0,454.0)
(454.0,454.0)
(454.0,454.0)
(454.0,454.0)
(454.0,454.0)
(454.0,454.0)
(454.0,454.0)
(463.0,454.0)
(454.0,454.0)
(454.0,454.0)
(454.0,454.0)
(454.0,454.0)
(454.0,454.0)
(454.0,454.0)
(454.0,454.0)
(462.0,454.0)
(454.0,454.0)
(454.0,454.0)
(454.0,454.0)
(454.0,454.0)
(454.0,454.0)
(454.0,454.0)
(462.0,454.0)
(462.0,454.0)
(454.0,454.0)
(454.0,454.0)
(454.0,454.0)
(454.0,454.0)
(454.0,454.0)
(454.0,454.0)
(447.0,454.0)
(462.0,454.0)
(454.0,454.0)
(454.0,454.0)
(454.0,454.0)
(454.0,454.0)
(454.0,454.0)
(454.0,454.0)
(454.0,454.0)
(447.0,454.0)
(454.0,454.0)
(454.0,454.0)
(454.0,454.0)
(454.0,454.0)
(454.0,454.0)
(454.0,454.0)
(462.0,454.0)
(454.0,454.0)
(455.0,454.0)
(454.0,454.0)
(462.0,454.0)
(454.0,454.0)
(454.0,454.0)
(454.0,454.0)
(455.0,454.0)
(455.0,454.0)
(454.0,454.0)
(454.0,454.0)
(454.0,454.0)
(454.0,454.0)
(454.0,454.0)
(462.0,454.0)
(454.0,454.0)
(454.0,454.0)
(455.0,454.0)
(454.0,454.0)
(454.0,454.0)
(454.0,454.0)
(482.0,454.0)
(454.0,454.0)
(454.0,454.0)
(462.0,454.0)
(454.0,454.0)
(454.0,454.0)
(454.0,454.0)
(454.0,454.0)
(454.0,454.0)
(454.0,454.0)
(806.0,454.0)
(387.0,454.0)
(462.0,454.0)
(454.0,454.0)
(454.0,454.0)
(454.0,454.0)
(354.0,454.0)
(454.0,454.0)
(454.0,454.0)
(455.0,454.0)
(784.0,454.0)
(454.0,454.0)
(454.0,454.0)
(454.0,454.0)
(462.0,454.0)
(455.0,454.0)
(454.0,454.0)
(462.0,454.0)
(454.0,454.0)
(462.0,454.0)
(454.0,454.0)
(454.0,454.0)
(368.0,454.0)
(462.0,454.0)
(454.0,454.0)
(454.0,454.0)
(454.0,454.0)
(806.0,454.0)
(454.0,454.0)
(454.0,454.0)
(454.0,454.0)
(454.0,454.0)
(454.0,454.0)
(454.0,454.0)
(447.0,454.0)
(454.0,454.0)
(454.0,454.0)
(771.0,454.0)
(454.0,454.0)
(462.0,454.0)
(771.0,454.0)
(786.0,454.0)
(454.0,454.0)
(462.0,454.0)
(454.0,454.0)
(454.0,454.0)
(454.0,454.0)
(462.0,454.0)
(454.0,454.0)
(806.0,454.0)
(785.0,454.0)
(454.0,454.0)
(454.0,454.0)
(454.0,454.0)
(434.0,454.0)
(454.0,454.0)
(454.0,454.0)
(455.0,454.0)
(454.0,454.0)
(454.0,454.0)
(454.0,454.0)
(454.0,454.0)
(454.0,454.0)
(454.0,454.0)
(806.0,454.0)
(454.0,454.0)
(454.0,454.0)
(447.0,454.0)
(454.0,454.0)
(771.0,454.0)
(455.0,454.0)
(454.0,454.0)
(454.0,454.0)
(806.0,454.0)
(454.0,454.0)
(417.0,454.0)
(455.0,454.0)
(454.0,454.0)
(804.0,454.0)
(454.0,454.0)
(454.0,454.0)
(454.0,454.0)
(454.0,454.0)
(455.0,454.0)
(771.0,454.0)
(454.0,454.0)
(462.0,454.0)
(447.0,454.0)
(417.0,454.0)
(454.0,454.0)
(454.0,454.0)
(454.0,454.0)
(454.0,454.0)
(454.0,454.0)
(454.0,454.0)
(454.0,454.0)
(454.0,454.0)
(454.0,454.0)
(454.0,454.0)
(454.0,454.0)
(454.0,454.0)
(454.0,454.0)
(462.0,454.0)
(454.0,454.0)
(454.0,454.0)
(454.0,454.0)
(454.0,454.0)
(806.0,454.0)
(454.0,454.0)
(454.0,454.0)
(454.0,454.0)
(454.0,454.0)
(806.0,454.0)
(454.0,454.0)
(454.0,454.0)
(454.0,454.0)
(454.0,454.0)
(454.0,454.0)
(454.0,454.0)
(454.0,454.0)
(462.0,454.0)
(806.0,454.0)
(462.0,454.0)
(454.0,454.0)
(454.0,454.0)
(454.0,454.0)
(454.0,454.0)
(454.0,454.0)
(454.0,454.0)
(454.0,454.0)
(771.0,454.0)
(454.0,454.0)
(454.0,454.0)
(462.0,454.0)
(447.0,454.0)
(462.0,454.0)
(454.0,454.0)
(463.0,463.0)
(463.0,463.0)
(463.0,463.0)
(463.0,463.0)
(771.0,463.0)
(463.0,463.0)
(463.0,463.0)
(463.0,463.0)
(463.0,463.0)
(463.0,463.0)
(463.0,463.0)
(463.0,463.0)
(463.0,463.0)
(463.0,463.0)
(463.0,463.0)
(463.0,463.0)
(463.0,463.0)
(463.0,463.0)
(463.0,463.0)
(463.0,463.0)
(463.0,463.0)
(463.0,463.0)
(463.0,463.0)
(463.0,463.0)
(463.0,463.0)
(463.0,463.0)
(463.0,463.0)
(463.0,463.0)
(463.0,463.0)
(463.0,463.0)
(463.0,463.0)
(463.0,463.0)
(805.0,463.0)
(463.0,463.0)
(463.0,463.0)
(463.0,463.0)
(463.0,463.0)
(463.0,463.0)
(463.0,463.0)
(447.0,463.0)
(463.0,463.0)
(463.0,463.0)
(805.0,463.0)
(463.0,463.0)
(463.0,463.0)
(463.0,463.0)
(463.0,463.0)
(463.0,463.0)
(463.0,463.0)
(463.0,463.0)
(463.0,463.0)
(463.0,463.0)
(463.0,463.0)
(463.0,463.0)
(463.0,463.0)
(463.0,463.0)
(805.0,463.0)
(463.0,463.0)
(463.0,463.0)
(463.0,463.0)
(463.0,463.0)
(463.0,463.0)
(405.0,463.0)
(463.0,463.0)
(463.0,463.0)
(455.0,463.0)
(805.0,463.0)
(805.0,463.0)
(463.0,463.0)
(463.0,463.0)
(463.0,463.0)
(463.0,463.0)
(463.0,463.0)
(463.0,463.0)
(463.0,463.0)
(771.0,463.0)
(463.0,463.0)
(463.0,463.0)
(463.0,463.0)
(463.0,463.0)
(463.0,463.0)
(463.0,463.0)
(805.0,463.0)
(463.0,463.0)
(463.0,463.0)
(463.0,463.0)
(447.0,463.0)
(805.0,463.0)
(463.0,463.0)
(463.0,463.0)
(463.0,463.0)
(463.0,463.0)
(463.0,463.0)
(463.0,463.0)
(463.0,463.0)
(463.0,463.0)
(463.0,463.0)
(463.0,463.0)
(463.0,463.0)
(463.0,463.0)
(463.0,463.0)
(463.0,463.0)
(463.0,463.0)
(463.0,463.0)
(463.0,463.0)
(463.0,463.0)
(463.0,463.0)
(463.0,463.0)
(463.0,463.0)
(463.0,463.0)
(805.0,463.0)
(805.0,463.0)
(463.0,463.0)
(463.0,463.0)
(463.0,463.0)
(463.0,463.0)
(463.0,463.0)
(463.0,463.0)
(463.0,463.0)
(463.0,463.0)
(463.0,463.0)
(463.0,463.0)
(463.0,463.0)
(463.0,463.0)
(463.0,463.0)
(430.0,463.0)
(463.0,463.0)
(463.0,463.0)
(463.0,463.0)
(463.0,463.0)
(463.0,463.0)
(771.0,463.0)
(405.0,463.0)
(463.0,463.0)
(463.0,463.0)
(463.0,463.0)
(805.0,463.0)
(463.0,463.0)
(463.0,463.0)
(463.0,463.0)
(463.0,463.0)
(463.0,463.0)
(463.0,463.0)
(463.0,463.0)
(463.0,463.0)
(805.0,463.0)
(463.0,463.0)
(463.0,463.0)
(463.0,463.0)
(463.0,463.0)
(463.0,463.0)
(413.0,463.0)
(463.0,463.0)
(463.0,463.0)
(463.0,463.0)
(463.0,463.0)
(463.0,463.0)
(805.0,463.0)
(463.0,463.0)
(463.0,463.0)
(463.0,463.0)
(463.0,463.0)
(805.0,463.0)
(463.0,463.0)
(463.0,463.0)
(463.0,463.0)
(804.0,463.0)
(463.0,463.0)
(447.0,463.0)
(463.0,463.0)
(463.0,463.0)
(463.0,463.0)
(463.0,463.0)
(463.0,463.0)
(463.0,463.0)
(463.0,463.0)
(463.0,463.0)
(463.0,463.0)
(463.0,463.0)
(463.0,463.0)
(463.0,463.0)
(463.0,463.0)
(463.0,463.0)
(805.0,463.0)
(463.0,463.0)
(463.0,463.0)
(463.0,463.0)
(463.0,463.0)
(805.0,463.0)
(463.0,463.0)
(463.0,463.0)
(805.0,463.0)
(805.0,463.0)
(463.0,463.0)
(463.0,463.0)
(455.0,463.0)
(455.0,463.0)
(804.0,463.0)
(463.0,463.0)
(805.0,463.0)
(805.0,463.0)
(463.0,463.0)
(455.0,463.0)
(455.0,463.0)
(447.0,463.0)
(455.0,463.0)
(805.0,463.0)
(805.0,463.0)
(463.0,463.0)
(455.0,463.0)
(463.0,463.0)
(805.0,463.0)
(805.0,463.0)
(805.0,463.0)
(455.0,463.0)
(463.0,463.0)
(463.0,463.0)
(463.0,463.0)
(455.0,463.0)
(805.0,463.0)
(455.0,463.0)
(463.0,463.0)
(805.0,463.0)
(805.0,463.0)
(417.0,463.0)
(805.0,463.0)
(463.0,463.0)
(465.0,463.0)
(463.0,463.0)
(805.0,463.0)
(805.0,463.0)
(805.0,463.0)
(463.0,463.0)
(805.0,463.0)
(463.0,463.0)
(463.0,463.0)
(455.0,463.0)
(455.0,463.0)
(806.0,463.0)
(806.0,463.0)
(805.0,463.0)
(805.0,463.0)
(454.0,463.0)
(805.0,463.0)
(805.0,463.0)
(447.0,463.0)
(805.0,463.0)
