(412.0,414.0)
(417.0,414.0)
(404.0,414.0)
(417.0,414.0)
(417.0,414.0)
(416.0,414.0)
(417.0,414.0)
(423.0,414.0)
(408.0,414.0)
(412.0,414.0)
(412.0,414.0)
(438.0,414.0)
(409.0,414.0)
(771.0,414.0)
(412.0,414.0)
(412.0,414.0)
(423.0,414.0)
(423.0,414.0)
(417.0,414.0)
(413.0,414.0)
(417.0,414.0)
(405.0,414.0)
(412.0,414.0)
(409.0,414.0)
(412.0,414.0)
(412.0,414.0)
(413.0,414.0)
(417.0,414.0)
(409.0,414.0)
(413.0,414.0)
(417.0,414.0)
(409.0,414.0)
(409.0,414.0)
(409.0,414.0)
(417.0,414.0)
(417.0,414.0)
(412.0,414.0)
(412.0,414.0)
(412.0,414.0)
(413.0,414.0)
(417.0,414.0)
(413.0,414.0)
(413.0,414.0)
(413.0,414.0)
(409.0,414.0)
(412.0,414.0)
(425.0,414.0)
(412.0,414.0)
(413.0,414.0)
(412.0,414.0)
(472.0,414.0)
(412.0,414.0)
(412.0,414.0)
(417.0,414.0)
(417.0,414.0)
(412.0,414.0)
(413.0,414.0)
(413.0,414.0)
(412.0,414.0)
(413.0,414.0)
(412.0,414.0)
(412.0,414.0)
(412.0,414.0)
(412.0,414.0)
(427.0,414.0)
(409.0,414.0)
(412.0,414.0)
(405.0,414.0)
(417.0,414.0)
(412.0,414.0)
(409.0,414.0)
(413.0,414.0)
(405.0,414.0)
(409.0,414.0)
(413.0,414.0)
(417.0,414.0)
(412.0,414.0)
(413.0,414.0)
(409.0,414.0)
(412.0,414.0)
(412.0,414.0)
(412.0,414.0)
(427.0,414.0)
(417.0,414.0)
(417.0,414.0)
(416.0,414.0)
(413.0,414.0)
(412.0,414.0)
(405.0,414.0)
(417.0,414.0)
(412.0,414.0)
(417.0,414.0)
(784.0,414.0)
(412.0,414.0)
(413.0,414.0)
(417.0,414.0)
(427.0,414.0)
(413.0,414.0)
(409.0,414.0)
(417.0,414.0)
(427.0,414.0)
(409.0,414.0)
(412.0,414.0)
(427.0,414.0)
(417.0,414.0)
(412.0,414.0)
(409.0,414.0)
(413.0,414.0)
(405.0,414.0)
(412.0,414.0)
(405.0,414.0)
(409.0,414.0)
(405.0,414.0)
(413.0,414.0)
(409.0,414.0)
(413.0,414.0)
(417.0,414.0)
(412.0,414.0)
(409.0,414.0)
(412.0,414.0)
(448.0,414.0)
(409.0,414.0)
(416.0,414.0)
(412.0,414.0)
(413.0,414.0)
(409.0,414.0)
(417.0,414.0)
(412.0,414.0)
(417.0,414.0)
(409.0,414.0)
(409.0,414.0)
(413.0,414.0)
(413.0,414.0)
(409.0,414.0)
(417.0,414.0)
(413.0,414.0)
(405.0,414.0)
(412.0,414.0)
(417.0,414.0)
(405.0,414.0)
(409.0,414.0)
(413.0,414.0)
(391.0,414.0)
(417.0,414.0)
(413.0,414.0)
(417.0,414.0)
(409.0,414.0)
(413.0,414.0)
(412.0,414.0)
(405.0,414.0)
(413.0,414.0)
(413.0,414.0)
(412.0,414.0)
(417.0,414.0)
(413.0,414.0)
(412.0,414.0)
(413.0,414.0)
(413.0,414.0)
(413.0,414.0)
(412.0,414.0)
(417.0,414.0)
(413.0,414.0)
(412.0,414.0)
(405.0,414.0)
(427.0,414.0)
(417.0,414.0)
(412.0,414.0)
(413.0,414.0)
(425.0,414.0)
(412.0,414.0)
(391.0,414.0)
(413.0,414.0)
(413.0,414.0)
(405.0,414.0)
(412.0,414.0)
(427.0,414.0)
(425.0,414.0)
(409.0,414.0)
(413.0,414.0)
(409.0,414.0)
(416.0,414.0)
(409.0,414.0)
(412.0,414.0)
(405.0,414.0)
(425.0,414.0)
(448.0,414.0)
(412.0,414.0)
(417.0,414.0)
(417.0,414.0)
(412.0,414.0)
(409.0,414.0)
(413.0,414.0)
(412.0,414.0)
(417.0,414.0)
(417.0,414.0)
(427.0,414.0)
(413.0,414.0)
(472.0,414.0)
(413.0,414.0)
(405.0,414.0)
(417.0,414.0)
(413.0,414.0)
(412.0,414.0)
(405.0,414.0)
(413.0,414.0)
(409.0,414.0)
(391.0,414.0)
(409.0,414.0)
(412.0,414.0)
(412.0,414.0)
(413.0,414.0)
(409.0,414.0)
(417.0,414.0)
(425.0,414.0)
(413.0,414.0)
(405.0,414.0)
(409.0,414.0)
(417.0,414.0)
(427.0,414.0)
(438.0,414.0)
(417.0,414.0)
(412.0,414.0)
(412.0,414.0)
(412.0,414.0)
(771.0,414.0)
(423.0,414.0)
(417.0,414.0)
(414.0,414.0)
(373.0,414.0)
(412.0,414.0)
(416.0,414.0)
(412.0,414.0)
(771.0,414.0)
(416.0,414.0)
(423.0,414.0)
(416.0,414.0)
(412.0,414.0)
(412.0,414.0)
(423.0,414.0)
(423.0,414.0)
(413.0,414.0)
(412.0,414.0)
(412.0,414.0)
(417.0,414.0)
(423.0,414.0)
(412.0,414.0)
(416.0,414.0)
(417.0,414.0)
(412.0,414.0)
(423.0,414.0)
(416.0,414.0)
(412.0,414.0)
(429.0,414.0)
(417.0,414.0)
(412.0,414.0)
(412.0,414.0)
(423.0,414.0)
(417.0,414.0)
(417.0,414.0)
(412.0,414.0)
(434.0,414.0)
(417.0,414.0)
(412.0,414.0)
(424.0,414.0)
(438.0,414.0)
(417.0,414.0)
(438.0,414.0)
(424.0,414.0)
(412.0,414.0)
(412.0,414.0)
(417.0,414.0)
(412.0,414.0)
(412.0,414.0)
(412.0,414.0)
(405.0,414.0)
(423.0,414.0)
(416.0,414.0)
(423.0,414.0)
(412.0,414.0)
(412.0,414.0)
(461.0,414.0)
(417.0,414.0)
(416.0,414.0)
(412.0,414.0)
(770.0,414.0)
(438.0,414.0)
(430.0,414.0)
(417.0,414.0)
(412.0,414.0)
(412.0,414.0)
(412.0,414.0)
(417.0,414.0)
(423.0,414.0)
(423.0,414.0)
(430.0,414.0)
(417.0,414.0)
(409.0,414.0)
(423.0,414.0)
(423.0,414.0)
(430.0,414.0)
(416.0,414.0)
(417.0,414.0)
(424.0,414.0)
(412.0,414.0)
(438.0,414.0)
(412.0,414.0)
(423.0,414.0)
(412.0,414.0)
(423.0,414.0)
(423.0,414.0)
(423.0,414.0)
(402.0,414.0)
(399.0,414.0)
(423.0,414.0)
(412.0,414.0)
(438.0,414.0)
(461.0,414.0)
(409.0,414.0)
(417.0,414.0)
(412.0,414.0)
(412.0,414.0)
(412.0,414.0)
(416.0,414.0)
(413.0,414.0)
(423.0,414.0)
(408.0,414.0)
(423.0,414.0)
(412.0,414.0)
(412.0,414.0)
(412.0,414.0)
(417.0,414.0)
(416.0,414.0)
(414.0,414.0)
(423.0,414.0)
(412.0,414.0)
(417.0,414.0)
(423.0,414.0)
(423.0,414.0)
(416.0,414.0)
(423.0,414.0)
(416.0,414.0)
(771.0,414.0)
(412.0,414.0)
(412.0,414.0)
(412.0,414.0)
(423.0,414.0)
(423.0,414.0)
(412.0,414.0)
(423.0,414.0)
(423.0,414.0)
(417.0,414.0)
(413.0,414.0)
(416.0,414.0)
(412.0,414.0)
(387.0,414.0)
(412.0,414.0)
(387.0,414.0)
(412.0,414.0)
(417.0,414.0)
(412.0,414.0)
(417.0,414.0)
(423.0,414.0)
(413.0,414.0)
(412.0,414.0)
(423.0,414.0)
(422.0,414.0)
(412.0,414.0)
(416.0,414.0)
(412.0,414.0)
(412.0,414.0)
(417.0,414.0)
(438.0,414.0)
(405.0,414.0)
(423.0,414.0)
(412.0,414.0)
(771.0,414.0)
(416.0,414.0)
(412.0,414.0)
(416.0,414.0)
(417.0,414.0)
(429.0,414.0)
(417.0,414.0)
(417.0,414.0)
(423.0,414.0)
(417.0,414.0)
(427.0,414.0)
(412.0,414.0)
(412.0,414.0)
(412.0,414.0)
(424.0,414.0)
(421.0,414.0)
(412.0,414.0)
(412.0,414.0)
(423.0,414.0)
(412.0,414.0)
(413.0,414.0)
(412.0,414.0)
(429.0,414.0)
(423.0,414.0)
(417.0,414.0)
(417.0,414.0)
(412.0,414.0)
(417.0,414.0)
(423.0,414.0)
(405.0,414.0)
(417.0,414.0)
(412.0,414.0)
(416.0,414.0)
(417.0,414.0)
(423.0,414.0)
(423.0,414.0)
(417.0,414.0)
(424.0,414.0)
(402.0,414.0)
(414.0,414.0)
(412.0,414.0)
(416.0,414.0)
(409.0,414.0)
(427.0,414.0)
(416.0,414.0)
(438.0,414.0)
(438.0,414.0)
(412.0,414.0)
(438.0,414.0)
(412.0,414.0)
(412.0,414.0)
(758.0,414.0)
(386.0,414.0)
(423.0,414.0)
(417.0,414.0)
(405.0,414.0)
(483.0,414.0)
(412.0,414.0)
(434.0,414.0)
(424.0,414.0)
(412.0,414.0)
(410.0,414.0)
(412.0,414.0)
(417.0,414.0)
(423.0,414.0)
(412.0,414.0)
(423.0,414.0)
(417.0,414.0)
(424.0,414.0)
(403.0,414.0)
(417.0,414.0)
(771.0,414.0)
(412.0,414.0)
(405.0,414.0)
(434.0,414.0)
(423.0,414.0)
(417.0,414.0)
(386.0,414.0)
(423.0,414.0)
(416.0,414.0)
(412.0,414.0)
(414.0,414.0)
(409.0,414.0)
(412.0,414.0)
(413.0,414.0)
(405.0,414.0)
(417.0,414.0)
(417.0,414.0)
(416.0,414.0)
(386.0,414.0)
(770.0,414.0)
(412.0,414.0)
(417.0,414.0)
(405.0,414.0)
(412.0,414.0)
(412.0,414.0)
(412.0,414.0)
(417.0,414.0)
(416.0,414.0)
(445.0,414.0)
(423.0,414.0)
(412.0,414.0)
(414.0,414.0)
(412.0,414.0)
(412.0,414.0)
(409.0,414.0)
(429.0,414.0)
(412.0,414.0)
(446.0,414.0)
(423.0,414.0)
(423.0,414.0)
(423.0,414.0)
(417.0,414.0)
(417.0,414.0)
(412.0,414.0)
(417.0,414.0)
(423.0,414.0)
(423.0,414.0)
(413.0,414.0)
(414.0,414.0)
(412.0,414.0)
(412.0,414.0)
(417.0,414.0)
(412.0,414.0)
(412.0,414.0)
(417.0,414.0)
(416.0,414.0)
(412.0,414.0)
(387.0,414.0)
(423.0,414.0)
(412.0,414.0)
(412.0,414.0)
(405.0,414.0)
(412.0,414.0)
(417.0,414.0)
(417.0,414.0)
(416.0,414.0)
(417.0,414.0)
(413.0,414.0)
(417.0,414.0)
(412.0,414.0)
(417.0,414.0)
(417.0,414.0)
(430.0,414.0)
(417.0,414.0)
(417.0,414.0)
(412.0,414.0)
(438.0,414.0)
(782.0,414.0)
(412.0,414.0)
(412.0,414.0)
(417.0,414.0)
(412.0,414.0)
(417.0,414.0)
(416.0,414.0)
(423.0,414.0)
(771.0,414.0)
(771.0,414.0)
(768.0,414.0)
(412.0,414.0)
(757.0,414.0)
(784.0,414.0)
(430.0,414.0)
(412.0,414.0)
(412.0,414.0)
(410.0,414.0)
(416.0,414.0)
(417.0,414.0)
(417.0,414.0)
(412.0,414.0)
(445.0,414.0)
(423.0,414.0)
(423.0,414.0)
(414.0,414.0)
(43.0,414.0)
(417.0,414.0)
(413.0,414.0)
(417.0,414.0)
(423.0,414.0)
(417.0,414.0)
(771.0,414.0)
(412.0,414.0)
(412.0,414.0)
(416.0,414.0)
(423.0,414.0)
(423.0,414.0)
(414.0,414.0)
(416.0,414.0)
(412.0,414.0)
(423.0,414.0)
(405.0,414.0)
(423.0,414.0)
(417.0,414.0)
(769.0,414.0)
(423.0,414.0)
(417.0,414.0)
(412.0,414.0)
(412.0,414.0)
(412.0,414.0)
(423.0,414.0)
(770.0,414.0)
(434.0,414.0)
(416.0,414.0)
(423.0,414.0)
(417.0,414.0)
(412.0,414.0)
(387.0,414.0)
(412.0,414.0)
(422.0,414.0)
(448.0,414.0)
(412.0,414.0)
(412.0,414.0)
(412.0,414.0)
(417.0,414.0)
(417.0,414.0)
(771.0,414.0)
(417.0,414.0)
(770.0,414.0)
(423.0,414.0)
(417.0,414.0)
(412.0,414.0)
(770.0,414.0)
(424.0,414.0)
(423.0,414.0)
(412.0,414.0)
(413.0,414.0)
(430.0,414.0)
(417.0,414.0)
(412.0,414.0)
(412.0,414.0)
(412.0,414.0)
(412.0,414.0)
(412.0,414.0)
(417.0,414.0)
(412.0,414.0)
(412.0,414.0)
(423.0,414.0)
(461.0,414.0)
(412.0,414.0)
(417.0,414.0)
(417.0,414.0)
(412.0,414.0)
(771.0,414.0)
(423.0,414.0)
(412.0,414.0)
(412.0,414.0)
(416.0,414.0)
(412.0,414.0)
(412.0,414.0)
(412.0,414.0)
(412.0,414.0)
(416.0,414.0)
(412.0,414.0)
(438.0,414.0)
(412.0,414.0)
(412.0,414.0)
(417.0,414.0)
(769.0,414.0)
(423.0,414.0)
(434.0,414.0)
(412.0,414.0)
(409.0,414.0)
(417.0,414.0)
(416.0,414.0)
(412.0,414.0)
(771.0,414.0)
(412.0,414.0)
(417.0,414.0)
(416.0,414.0)
(412.0,414.0)
(423.0,414.0)
(770.0,414.0)
(386.0,414.0)
(416.0,414.0)
(417.0,414.0)
(423.0,414.0)
(448.0,414.0)
(417.0,414.0)
(412.0,414.0)
(412.0,414.0)
(412.0,414.0)
(412.0,414.0)
(423.0,414.0)
(430.0,414.0)
(412.0,414.0)
(423.0,414.0)
(412.0,414.0)
(412.0,414.0)
(417.0,414.0)
(423.0,414.0)
(416.0,414.0)
(417.0,414.0)
(412.0,414.0)
(459.0,414.0)
(438.0,414.0)
(423.0,414.0)
(421.0,414.0)
(423.0,414.0)
(412.0,414.0)
(423.0,414.0)
(412.0,414.0)
(412.0,414.0)
(416.0,414.0)
(771.0,414.0)
(412.0,414.0)
(416.0,414.0)
(412.0,414.0)
(434.0,414.0)
(416.0,414.0)
(412.0,414.0)
(408.0,414.0)
(438.0,414.0)
(412.0,414.0)
(412.0,414.0)
(416.0,414.0)
(417.0,414.0)
(412.0,414.0)
(412.0,414.0)
(459.0,414.0)
(412.0,414.0)
(423.0,414.0)
(412.0,414.0)
(412.0,414.0)
(417.0,414.0)
(423.0,414.0)
(412.0,414.0)
(417.0,414.0)
(402.0,414.0)
(412.0,414.0)
(412.0,414.0)
(423.0,414.0)
(423.0,414.0)
(412.0,414.0)
(412.0,414.0)
(416.0,414.0)
(399.0,414.0)
(417.0,414.0)
(417.0,414.0)
(412.0,414.0)
(416.0,414.0)
(423.0,414.0)
(412.0,414.0)
(784.0,414.0)
(423.0,414.0)
(429.0,414.0)
(423.0,414.0)
(417.0,414.0)
(412.0,414.0)
(412.0,414.0)
(769.0,414.0)
(423.0,414.0)
(412.0,414.0)
(412.0,414.0)
(412.0,414.0)
(416.0,414.0)
(412.0,414.0)
(412.0,414.0)
(417.0,414.0)
(417.0,414.0)
(429.0,414.0)
(771.0,414.0)
(387.0,414.0)
(412.0,414.0)
(421.0,414.0)
(417.0,414.0)
(412.0,414.0)
(427.0,414.0)
(412.0,414.0)
(423.0,414.0)
(401.0,414.0)
(430.0,414.0)
(412.0,414.0)
(423.0,414.0)
(423.0,414.0)
(412.0,414.0)
(423.0,414.0)
(402.0,414.0)
(416.0,414.0)
(423.0,414.0)
(412.0,414.0)
(417.0,414.0)
(408.0,414.0)
(423.0,414.0)
(412.0,414.0)
(412.0,414.0)
(412.0,414.0)
(412.0,414.0)
(412.0,414.0)
(412.0,414.0)
(423.0,414.0)
(402.0,414.0)
(413.0,414.0)
(413.0,414.0)
(412.0,414.0)
(412.0,414.0)
(438.0,414.0)
(412.0,414.0)
(412.0,414.0)
(412.0,414.0)
(412.0,414.0)
(413.0,414.0)
(448.0,414.0)
(412.0,414.0)
(416.0,414.0)
(412.0,414.0)
(412.0,414.0)
(416.0,414.0)
(412.0,414.0)
(412.0,415.0)
(412.0,415.0)
(413.0,415.0)
(412.0,415.0)
(434.0,415.0)
(404.0,415.0)
(412.0,415.0)
(416.0,415.0)
(416.0,415.0)
(401.0,415.0)
(405.0,415.0)
(457.0,415.0)
(412.0,415.0)
(412.0,415.0)
(416.0,415.0)
(401.0,415.0)
(412.0,415.0)
(399.0,415.0)
(412.0,415.0)
(412.0,415.0)
(412.0,415.0)
(412.0,415.0)
(412.0,415.0)
(417.0,415.0)
(405.0,415.0)
(412.0,415.0)
(412.0,415.0)
(417.0,415.0)
(412.0,415.0)
(405.0,415.0)
(405.0,415.0)
(415.0,415.0)
(405.0,415.0)
(412.0,415.0)
(412.0,415.0)
(412.0,415.0)
(422.0,415.0)
(471.0,415.0)
(417.0,415.0)
(417.0,415.0)
(417.0,415.0)
(412.0,415.0)
(412.0,415.0)
(412.0,415.0)
(412.0,415.0)
(401.0,415.0)
(412.0,415.0)
(412.0,415.0)
(405.0,415.0)
(405.0,415.0)
(412.0,415.0)
(401.0,415.0)
(412.0,415.0)
(401.0,415.0)
(412.0,415.0)
(402.0,415.0)
(412.0,415.0)
(413.0,415.0)
(404.0,415.0)
(412.0,415.0)
(412.0,415.0)
(412.0,415.0)
(461.0,415.0)
(405.0,415.0)
(415.0,415.0)
(416.0,415.0)
(413.0,415.0)
(767.0,415.0)
(405.0,415.0)
(404.0,415.0)
(412.0,415.0)
(412.0,415.0)
(405.0,415.0)
(412.0,415.0)
(417.0,415.0)
(405.0,415.0)
(412.0,415.0)
(405.0,415.0)
(412.0,415.0)
(404.0,415.0)
(405.0,415.0)
(417.0,415.0)
(412.0,415.0)
(413.0,415.0)
(412.0,415.0)
(401.0,415.0)
(413.0,415.0)
(405.0,415.0)
(412.0,415.0)
(413.0,415.0)
(401.0,415.0)
(412.0,415.0)
(405.0,415.0)
(447.0,415.0)
(416.0,415.0)
(416.0,415.0)
(417.0,415.0)
(417.0,415.0)
(417.0,415.0)
(416.0,415.0)
(412.0,415.0)
(767.0,415.0)
(434.0,415.0)
(412.0,415.0)
(412.0,415.0)
(412.0,415.0)
(404.0,415.0)
(412.0,415.0)
(405.0,415.0)
(413.0,415.0)
(412.0,415.0)
(413.0,415.0)
(412.0,415.0)
(412.0,415.0)
(412.0,415.0)
(402.0,415.0)
(412.0,415.0)
(412.0,415.0)
(415.0,415.0)
(412.0,415.0)
(412.0,415.0)
(415.0,415.0)
(417.0,415.0)
(417.0,415.0)
(412.0,415.0)
(417.0,415.0)
(412.0,415.0)
(412.0,415.0)
(412.0,415.0)
(405.0,415.0)
(417.0,415.0)
(412.0,415.0)
(412.0,415.0)
(412.0,415.0)
(415.0,415.0)
(405.0,415.0)
(412.0,415.0)
(412.0,415.0)
(412.0,415.0)
(401.0,415.0)
(417.0,415.0)
(412.0,415.0)
(412.0,415.0)
(405.0,415.0)
(412.0,415.0)
(413.0,415.0)
(412.0,415.0)
(417.0,415.0)
(405.0,415.0)
(401.0,415.0)
(405.0,415.0)
(412.0,415.0)
(409.0,415.0)
(413.0,415.0)
(447.0,415.0)
(412.0,415.0)
(415.0,415.0)
(401.0,415.0)
(417.0,415.0)
(405.0,415.0)
(525.0,415.0)
(405.0,415.0)
(412.0,415.0)
(417.0,415.0)
(417.0,415.0)
(417.0,415.0)
(405.0,415.0)
(412.0,415.0)
(412.0,415.0)
(412.0,415.0)
(405.0,415.0)
(405.0,415.0)
(405.0,415.0)
(412.0,415.0)
(412.0,415.0)
(412.0,415.0)
(434.0,415.0)
(412.0,415.0)
(417.0,415.0)
(412.0,415.0)
(409.0,415.0)
(417.0,415.0)
(412.0,415.0)
(412.0,415.0)
(412.0,415.0)
(412.0,415.0)
(417.0,415.0)
(412.0,415.0)
(401.0,415.0)
(405.0,415.0)
(525.0,415.0)
(409.0,415.0)
(415.0,415.0)
(412.0,415.0)
(416.0,415.0)
(401.0,415.0)
(412.0,415.0)
(412.0,415.0)
(405.0,415.0)
(412.0,415.0)
(405.0,415.0)
(412.0,415.0)
(405.0,415.0)
(405.0,415.0)
(417.0,415.0)
(412.0,415.0)
(767.0,415.0)
(789.0,415.0)
(412.0,415.0)
(409.0,415.0)
(421.0,415.0)
(417.0,415.0)
(412.0,415.0)
(412.0,415.0)
(399.0,415.0)
(416.0,415.0)
(417.0,415.0)
(405.0,415.0)
(412.0,415.0)
(412.0,415.0)
(789.0,415.0)
(405.0,415.0)
(405.0,415.0)
(417.0,415.0)
(405.0,415.0)
(412.0,415.0)
(413.0,415.0)
(405.0,415.0)
(412.0,415.0)
(412.0,415.0)
(413.0,415.0)
(417.0,415.0)
(417.0,415.0)
(404.0,415.0)
(412.0,415.0)
(413.0,415.0)
(412.0,415.0)
(412.0,415.0)
(417.0,415.0)
(417.0,415.0)
(459.0,415.0)
(406.0,415.0)
(417.0,415.0)
(412.0,415.0)
(789.0,415.0)
(413.0,415.0)
(405.0,415.0)
(412.0,415.0)
(412.0,415.0)
(413.0,415.0)
(416.0,415.0)
(786.0,415.0)
(412.0,415.0)
(405.0,415.0)
(415.0,415.0)
(412.0,415.0)
(415.0,415.0)
(434.0,415.0)
(412.0,415.0)
(412.0,415.0)
(412.0,415.0)
(405.0,415.0)
(412.0,415.0)
(412.0,415.0)
(412.0,415.0)
(412.0,415.0)
(401.0,415.0)
(412.0,415.0)
(413.0,415.0)
(413.0,415.0)
(412.0,415.0)
(412.0,415.0)
(405.0,415.0)
(412.0,415.0)
(789.0,415.0)
(412.0,415.0)
(405.0,415.0)
(455.0,415.0)
(403.0,415.0)
(416.0,415.0)
(412.0,415.0)
(401.0,415.0)
(412.0,415.0)
(405.0,415.0)
(417.0,415.0)
(405.0,415.0)
(409.0,415.0)
(409.0,415.0)
(412.0,415.0)
(447.0,415.0)
(417.0,415.0)
(412.0,415.0)
(412.0,415.0)
(434.0,415.0)
(412.0,415.0)
(417.0,415.0)
(401.0,415.0)
(405.0,415.0)
(412.0,415.0)
(413.0,415.0)
(412.0,415.0)
(405.0,415.0)
(412.0,415.0)
(405.0,415.0)
(412.0,415.0)
(412.0,415.0)
(412.0,415.0)
(412.0,415.0)
(409.0,415.0)
(412.0,415.0)
(372.0,415.0)
(771.0,415.0)
(412.0,415.0)
(412.0,415.0)
(413.0,415.0)
(405.0,415.0)
(421.0,415.0)
(415.0,415.0)
(409.0,415.0)
(412.0,415.0)
(415.0,415.0)
(412.0,415.0)
(412.0,415.0)
(405.0,415.0)
(412.0,415.0)
(416.0,415.0)
(412.0,415.0)
(416.0,415.0)
(417.0,415.0)
(782.0,415.0)
(412.0,415.0)
(405.0,415.0)
(412.0,415.0)
(405.0,415.0)
(405.0,415.0)
(767.0,415.0)
(405.0,415.0)
(405.0,415.0)
(399.0,415.0)
(412.0,415.0)
(402.0,415.0)
(412.0,415.0)
(405.0,415.0)
(412.0,415.0)
(401.0,415.0)
(767.0,415.0)
(435.0,415.0)
(417.0,415.0)
(412.0,415.0)
(412.0,415.0)
(422.0,415.0)
(767.0,415.0)
(409.0,415.0)
(416.0,415.0)
(405.0,415.0)
(427.0,415.0)
(405.0,415.0)
(412.0,415.0)
(416.0,415.0)
(405.0,415.0)
(412.0,415.0)
(412.0,415.0)
(415.0,415.0)
(412.0,415.0)
(405.0,415.0)
(405.0,415.0)
(412.0,415.0)
(412.0,415.0)
(405.0,415.0)
(790.0,415.0)
(412.0,415.0)
(401.0,415.0)
(401.0,415.0)
(417.0,415.0)
(412.0,415.0)
(412.0,415.0)
(412.0,415.0)
(412.0,415.0)
(413.0,415.0)
(412.0,415.0)
(412.0,415.0)
(405.0,415.0)
(402.0,415.0)
(401.0,415.0)
(405.0,415.0)
(412.0,415.0)
(406.0,415.0)
(413.0,415.0)
(417.0,415.0)
(412.0,415.0)
(412.0,415.0)
(415.0,415.0)
(412.0,415.0)
(405.0,415.0)
(417.0,415.0)
(417.0,415.0)
(412.0,415.0)
(417.0,415.0)
(412.0,415.0)
(415.0,415.0)
(405.0,415.0)
(415.0,415.0)
(415.0,415.0)
(417.0,415.0)
(417.0,415.0)
(417.0,415.0)
(417.0,415.0)
(417.0,415.0)
(417.0,415.0)
(415.0,415.0)
(417.0,415.0)
(405.0,415.0)
(412.0,415.0)
(417.0,415.0)
(417.0,415.0)
(412.0,415.0)
(415.0,415.0)
(417.0,415.0)
(415.0,415.0)
(412.0,415.0)
(417.0,415.0)
(412.0,415.0)
(417.0,415.0)
(412.0,415.0)
(417.0,415.0)
(412.0,415.0)
(405.0,415.0)
(412.0,415.0)
(415.0,415.0)
(415.0,415.0)
(417.0,415.0)
(417.0,415.0)
(415.0,415.0)
(417.0,415.0)
(412.0,415.0)
(415.0,415.0)
(417.0,415.0)
(399.0,415.0)
(412.0,415.0)
(417.0,415.0)
(417.0,415.0)
(415.0,415.0)
(412.0,415.0)
(412.0,415.0)
(417.0,415.0)
(412.0,415.0)
(412.0,415.0)
(415.0,415.0)
(417.0,415.0)
(401.0,415.0)
(415.0,415.0)
(417.0,415.0)
(417.0,415.0)
(412.0,415.0)
(405.0,415.0)
(409.0,415.0)
(412.0,415.0)
(417.0,415.0)
(405.0,415.0)
(412.0,415.0)
(412.0,415.0)
(417.0,415.0)
(447.0,415.0)
(412.0,415.0)
(417.0,415.0)
(386.0,415.0)
(412.0,415.0)
(405.0,415.0)
(415.0,415.0)
(417.0,415.0)
(412.0,415.0)
(405.0,415.0)
(415.0,415.0)
(409.0,415.0)
(412.0,415.0)
(417.0,415.0)
(412.0,415.0)
(397.0,415.0)
(415.0,415.0)
(417.0,415.0)
(417.0,415.0)
(415.0,415.0)
(417.0,415.0)
(405.0,415.0)
(417.0,415.0)
(416.0,415.0)
(417.0,415.0)
(406.0,415.0)
(415.0,415.0)
(412.0,415.0)
(415.0,415.0)
(412.0,415.0)
(405.0,415.0)
(413.0,415.0)
(417.0,415.0)
(417.0,415.0)
(417.0,415.0)
(415.0,415.0)
(412.0,415.0)
(412.0,415.0)
(412.0,415.0)
(417.0,415.0)
(417.0,415.0)
(417.0,415.0)
(415.0,415.0)
(412.0,415.0)
(417.0,415.0)
(412.0,415.0)
(412.0,415.0)
(412.0,415.0)
(417.0,415.0)
(412.0,415.0)
(412.0,415.0)
(417.0,415.0)
(412.0,415.0)
(417.0,415.0)
(405.0,415.0)
(417.0,415.0)
(417.0,415.0)
(412.0,415.0)
(412.0,415.0)
(417.0,415.0)
(412.0,415.0)
(412.0,415.0)
(412.0,415.0)
(412.0,415.0)
(447.0,415.0)
(415.0,415.0)
(417.0,415.0)
(412.0,415.0)
(412.0,415.0)
(412.0,415.0)
(415.0,415.0)
(415.0,415.0)
(413.0,415.0)
(417.0,415.0)
(405.0,415.0)
(405.0,415.0)
(415.0,415.0)
(412.0,415.0)
(415.0,415.0)
(459.0,415.0)
(413.0,415.0)
(417.0,415.0)
(405.0,415.0)
(405.0,415.0)
(475.0,415.0)
(413.0,415.0)
(405.0,415.0)
(412.0,415.0)
(412.0,415.0)
(415.0,415.0)
(417.0,415.0)
(412.0,415.0)
(417.0,415.0)
(417.0,415.0)
(412.0,415.0)
(413.0,415.0)
(793.0,415.0)
(417.0,415.0)
(401.0,415.0)
(412.0,415.0)
(412.0,415.0)
(412.0,415.0)
(417.0,415.0)
(417.0,415.0)
(405.0,415.0)
(417.0,415.0)
(412.0,415.0)
(417.0,415.0)
(412.0,415.0)
(415.0,415.0)
(417.0,415.0)
(417.0,415.0)
(417.0,415.0)
(769.0,415.0)
(412.0,415.0)
(417.0,415.0)
(412.0,415.0)
(412.0,415.0)
(409.0,415.0)
(417.0,415.0)
(417.0,415.0)
(415.0,415.0)
(412.0,415.0)
(401.0,415.0)
(401.0,415.0)
(412.0,415.0)
(405.0,415.0)
(405.0,415.0)
(401.0,415.0)
(405.0,415.0)
(405.0,415.0)
(417.0,415.0)
(787.0,415.0)
(413.0,415.0)
(413.0,415.0)
(412.0,415.0)
(412.0,415.0)
(413.0,415.0)
(434.0,415.0)
(413.0,415.0)
(405.0,415.0)
(434.0,415.0)
(401.0,415.0)
(405.0,415.0)
(405.0,415.0)
(401.0,415.0)
(405.0,415.0)
(405.0,415.0)
(421.0,415.0)
(405.0,415.0)
(412.0,415.0)
(412.0,415.0)
(413.0,415.0)
(413.0,415.0)
(401.0,415.0)
(405.0,415.0)
(413.0,415.0)
(401.0,415.0)
(401.0,415.0)
(405.0,415.0)
(401.0,415.0)
(412.0,415.0)
(406.0,415.0)
(401.0,415.0)
(406.0,415.0)
(423.0,415.0)
(405.0,415.0)
(417.0,415.0)
(405.0,415.0)
(405.0,415.0)
(405.0,415.0)
(401.0,415.0)
(404.0,415.0)
(413.0,415.0)
(405.0,415.0)
(401.0,415.0)
(463.0,415.0)
(405.0,415.0)
(413.0,415.0)
(405.0,415.0)
(401.0,415.0)
(417.0,415.0)
(412.0,415.0)
(784.0,415.0)
(401.0,415.0)
(405.0,415.0)
(413.0,415.0)
(405.0,415.0)
(401.0,415.0)
(405.0,415.0)
(401.0,415.0)
(412.0,415.0)
(401.0,415.0)
(405.0,415.0)
(401.0,415.0)
(434.0,415.0)
(405.0,415.0)
(417.0,415.0)
(405.0,415.0)
(417.0,415.0)
(405.0,415.0)
(405.0,415.0)
(413.0,415.0)
(405.0,415.0)
(405.0,415.0)
(412.0,415.0)
(412.0,415.0)
(412.0,415.0)
(401.0,415.0)
(413.0,415.0)
(405.0,415.0)
(401.0,415.0)
(401.0,415.0)
(401.0,415.0)
(412.0,415.0)
(405.0,415.0)
(412.0,415.0)
(405.0,415.0)
(405.0,415.0)
(405.0,415.0)
(405.0,415.0)
(405.0,415.0)
(401.0,415.0)
(405.0,415.0)
(405.0,415.0)
(405.0,415.0)
(413.0,415.0)
(405.0,415.0)
(412.0,415.0)
(405.0,415.0)
(406.0,415.0)
(412.0,415.0)
(417.0,415.0)
(387.0,415.0)
(405.0,415.0)
(405.0,415.0)
(412.0,415.0)
(405.0,415.0)
(412.0,415.0)
(398.0,415.0)
(405.0,415.0)
(413.0,415.0)
(413.0,415.0)
(405.0,415.0)
(405.0,415.0)
(405.0,415.0)
(401.0,415.0)
(412.0,415.0)
(416.0,415.0)
(413.0,415.0)
(405.0,415.0)
(405.0,415.0)
(405.0,415.0)
(405.0,415.0)
(452.0,415.0)
(405.0,415.0)
(401.0,415.0)
(405.0,415.0)
(404.0,415.0)
(404.0,415.0)
(401.0,415.0)
(401.0,415.0)
(401.0,415.0)
(401.0,415.0)
(401.0,415.0)
(413.0,415.0)
(405.0,415.0)
(455.0,415.0)
(412.0,415.0)
(405.0,415.0)
(401.0,415.0)
(405.0,415.0)
(412.0,415.0)
(405.0,415.0)
(405.0,415.0)
(405.0,415.0)
(405.0,415.0)
(405.0,415.0)
(413.0,415.0)
(405.0,415.0)
(401.0,415.0)
(405.0,415.0)
(415.0,415.0)
(463.0,415.0)
(413.0,415.0)
(412.0,415.0)
(405.0,415.0)
(405.0,415.0)
(413.0,415.0)
(412.0,415.0)
(405.0,415.0)
(413.0,415.0)
(405.0,415.0)
(401.0,415.0)
(413.0,415.0)
(447.0,415.0)
(405.0,415.0)
(401.0,415.0)
(405.0,415.0)
(405.0,415.0)
(405.0,415.0)
(417.0,415.0)
(413.0,415.0)
(412.0,415.0)
(405.0,415.0)
(413.0,415.0)
(412.0,415.0)
(405.0,415.0)
(405.0,415.0)
(413.0,415.0)
(401.0,415.0)
(413.0,415.0)
(415.0,415.0)
(405.0,415.0)
(405.0,415.0)
(405.0,415.0)
(387.0,415.0)
(405.0,415.0)
(789.0,415.0)
(417.0,415.0)
(401.0,415.0)
(415.0,415.0)
(405.0,415.0)
(455.0,415.0)
(413.0,415.0)
(395.0,415.0)
(405.0,415.0)
(455.0,415.0)
(413.0,415.0)
(413.0,415.0)
(404.0,415.0)
(405.0,415.0)
(455.0,415.0)
(405.0,415.0)
(447.0,415.0)
(405.0,415.0)
(447.0,415.0)
(412.0,415.0)
(405.0,415.0)
(405.0,415.0)
(371.0,415.0)
(405.0,415.0)
(405.0,415.0)
(404.0,415.0)
(405.0,415.0)
(417.0,415.0)
(405.0,415.0)
(405.0,415.0)
(412.0,415.0)
(405.0,415.0)
(412.0,415.0)
(455.0,415.0)
(405.0,415.0)
(412.0,415.0)
(405.0,415.0)
(405.0,415.0)
(417.0,415.0)
(405.0,415.0)
(412.0,415.0)
(405.0,415.0)
(421.0,415.0)
(405.0,415.0)
(405.0,415.0)
(405.0,415.0)
(405.0,415.0)
(405.0,415.0)
(412.0,415.0)
(405.0,415.0)
(387.0,415.0)
(405.0,415.0)
(405.0,415.0)
(404.0,415.0)
(433.0,415.0)
(417.0,415.0)
(401.0,415.0)
(404.0,415.0)
(417.0,415.0)
(405.0,415.0)
(417.0,415.0)
(417.0,415.0)
(401.0,415.0)
(413.0,415.0)
(405.0,415.0)
(413.0,415.0)
(462.0,415.0)
(784.0,415.0)
(405.0,415.0)
(405.0,415.0)
(405.0,415.0)
(405.0,415.0)
(405.0,415.0)
(401.0,415.0)
(412.0,415.0)
(413.0,415.0)
(405.0,415.0)
(417.0,415.0)
(405.0,415.0)
(412.0,415.0)
(405.0,415.0)
(417.0,415.0)
(413.0,415.0)
(405.0,415.0)
(405.0,415.0)
(413.0,415.0)
(405.0,415.0)
(417.0,415.0)
(412.0,415.0)
(434.0,415.0)
(405.0,415.0)
(417.0,415.0)
(413.0,415.0)
(417.0,415.0)
(413.0,415.0)
(405.0,415.0)
(417.0,415.0)
(417.0,415.0)
(413.0,415.0)
(417.0,415.0)
(412.0,415.0)
(405.0,415.0)
(405.0,415.0)
(447.0,415.0)
(405.0,415.0)
(405.0,415.0)
(455.0,415.0)
(405.0,415.0)
(405.0,415.0)
(455.0,415.0)
(412.0,415.0)
(405.0,415.0)
(405.0,415.0)
(455.0,415.0)
(405.0,415.0)
(405.0,415.0)
(447.0,415.0)
(401.0,415.0)
(404.0,415.0)
(413.0,415.0)
(405.0,415.0)
(405.0,415.0)
(405.0,415.0)
(401.0,415.0)
(417.0,415.0)
(412.0,415.0)
(405.0,415.0)
(412.0,415.0)
(405.0,415.0)
(405.0,415.0)
(417.0,415.0)
(421.0,415.0)
(413.0,415.0)
(404.0,415.0)
(412.0,415.0)
(417.0,415.0)
(405.0,415.0)
(401.0,415.0)
(417.0,415.0)
(405.0,415.0)
(405.0,415.0)
(447.0,415.0)
(386.0,415.0)
(412.0,415.0)
(405.0,415.0)
(417.0,415.0)
(405.0,415.0)
(377.0,415.0)
(405.0,415.0)
(405.0,415.0)
(405.0,415.0)
(401.0,415.0)
(447.0,415.0)
(447.0,415.0)
(405.0,415.0)
(417.0,415.0)
(405.0,415.0)
(413.0,415.0)
(401.0,415.0)
(405.0,415.0)
(412.0,415.0)
(413.0,415.0)
(434.0,415.0)
(405.0,415.0)
(401.0,415.0)
(401.0,415.0)
(401.0,415.0)
(447.0,415.0)
(405.0,415.0)
(415.0,415.0)
(455.0,415.0)
(405.0,415.0)
(405.0,415.0)
(417.0,415.0)
(401.0,415.0)
(405.0,415.0)
(404.0,415.0)
(421.0,415.0)
(405.0,415.0)
(401.0,415.0)
(405.0,415.0)
(417.0,415.0)
(455.0,415.0)
(405.0,415.0)
(412.0,415.0)
(404.0,415.0)
(417.0,415.0)
(405.0,415.0)
(412.0,415.0)
(405.0,415.0)
(417.0,415.0)
(417.0,415.0)
(417.0,415.0)
(405.0,415.0)
(401.0,415.0)
(412.0,415.0)
(405.0,415.0)
(405.0,415.0)
(417.0,415.0)
(412.0,415.0)
(405.0,415.0)
(447.0,415.0)
(415.0,415.0)
(413.0,415.0)
(405.0,415.0)
(412.0,415.0)
(417.0,415.0)
(391.0,415.0)
(447.0,415.0)
(447.0,415.0)
(399.0,415.0)
(400.0,415.0)
(412.0,415.0)
(455.0,415.0)
(405.0,415.0)
(417.0,415.0)
(405.0,415.0)
(412.0,415.0)
(447.0,415.0)
(417.0,415.0)
(401.0,415.0)
(405.0,415.0)
(417.0,415.0)
(771.0,415.0)
(405.0,415.0)
(405.0,415.0)
(405.0,415.0)
(455.0,415.0)
(405.0,415.0)
(405.0,415.0)
(447.0,415.0)
(404.0,415.0)
(447.0,415.0)
(405.0,415.0)
(412.0,415.0)
(441.0,415.0)
(412.0,415.0)
(412.0,415.0)
(417.0,415.0)
(405.0,415.0)
(417.0,415.0)
(417.0,415.0)
(405.0,415.0)
(455.0,415.0)
(802.0,415.0)
(405.0,415.0)
(405.0,415.0)
(405.0,415.0)
(519.0,415.0)
(421.0,415.0)
(405.0,415.0)
(405.0,415.0)
(412.0,415.0)
(405.0,415.0)
(413.0,415.0)
(405.0,415.0)
(412.0,415.0)
(771.0,415.0)
(412.0,415.0)
(405.0,415.0)
(405.0,415.0)
(405.0,415.0)
(412.0,415.0)
(405.0,415.0)
(412.0,415.0)
(405.0,415.0)
(405.0,415.0)
(405.0,415.0)
(447.0,415.0)
(405.0,415.0)
(405.0,415.0)
(412.0,415.0)
(405.0,415.0)
(412.0,415.0)
(455.0,415.0)
(412.0,415.0)
(417.0,415.0)
(405.0,415.0)
(412.0,415.0)
(447.0,415.0)
(412.0,415.0)
(417.0,415.0)
(401.0,415.0)
(412.0,415.0)
(405.0,415.0)
(412.0,415.0)
(447.0,415.0)
(412.0,415.0)
(405.0,415.0)
(412.0,415.0)
(405.0,415.0)
(405.0,415.0)
(405.0,415.0)
(417.0,415.0)
(405.0,415.0)
(405.0,415.0)
(405.0,415.0)
(372.0,415.0)
(405.0,415.0)
(417.0,415.0)
(405.0,415.0)
(417.0,415.0)
(405.0,415.0)
(447.0,415.0)
(417.0,415.0)
(405.0,415.0)
(412.0,415.0)
(405.0,415.0)
(447.0,415.0)
(417.0,415.0)
(405.0,415.0)
(455.0,415.0)
(405.0,415.0)
(405.0,415.0)
(455.0,415.0)
(412.0,415.0)
(447.0,415.0)
(412.0,415.0)
(405.0,415.0)
(455.0,415.0)
(412.0,415.0)
(447.0,415.0)
(771.0,415.0)
(405.0,415.0)
(412.0,415.0)
(372.0,415.0)
(412.0,415.0)
(405.0,415.0)
(447.0,415.0)
(522.0,415.0)
(405.0,415.0)
(412.0,415.0)
(412.0,415.0)
(447.0,415.0)
(413.0,415.0)
(417.0,415.0)
(412.0,415.0)
(412.0,415.0)
(405.0,415.0)
(417.0,415.0)
(412.0,415.0)
(417.0,415.0)
(417.0,415.0)
(447.0,415.0)
(405.0,415.0)
(405.0,415.0)
(412.0,415.0)
(405.0,415.0)
(413.0,415.0)
(405.0,415.0)
(802.0,415.0)
(447.0,415.0)
(405.0,415.0)
(405.0,415.0)
(405.0,415.0)
(405.0,415.0)
(405.0,415.0)
(417.0,415.0)
(405.0,415.0)
(412.0,415.0)
(421.0,415.0)
(405.0,415.0)
(447.0,415.0)
(400.0,415.0)
(447.0,415.0)
(404.0,415.0)
(405.0,415.0)
(405.0,415.0)
(405.0,415.0)
(412.0,415.0)
(435.0,415.0)
(412.0,415.0)
(412.0,415.0)
(405.0,415.0)
(417.0,415.0)
(405.0,415.0)
(405.0,415.0)
(405.0,415.0)
(412.0,415.0)
(405.0,415.0)
(463.0,415.0)
(447.0,415.0)
(405.0,415.0)
(417.0,415.0)
(412.0,415.0)
(412.0,415.0)
(405.0,415.0)
(405.0,415.0)
(413.0,415.0)
(405.0,415.0)
(401.0,415.0)
(405.0,415.0)
(412.0,415.0)
(401.0,415.0)
(412.0,415.0)
(405.0,415.0)
(413.0,415.0)
(413.0,415.0)
(401.0,415.0)
(401.0,415.0)
(415.0,415.0)
(413.0,415.0)
(413.0,415.0)
(413.0,415.0)
(415.0,415.0)
(413.0,415.0)
(415.0,415.0)
(412.0,415.0)
(401.0,415.0)
(405.0,415.0)
(412.0,415.0)
(793.0,415.0)
(405.0,415.0)
(401.0,415.0)
(415.0,415.0)
(413.0,415.0)
(401.0,415.0)
(455.0,415.0)
(417.0,415.0)
(525.0,415.0)
(401.0,415.0)
(413.0,415.0)
(405.0,415.0)
(417.0,415.0)
(447.0,415.0)
(413.0,415.0)
(405.0,415.0)
(413.0,415.0)
(405.0,415.0)
(401.0,415.0)
(401.0,415.0)
(401.0,415.0)
(405.0,415.0)
(401.0,415.0)
(413.0,415.0)
(401.0,415.0)
(405.0,415.0)
(405.0,415.0)
(401.0,415.0)
(401.0,415.0)
(405.0,415.0)
(405.0,415.0)
(412.0,415.0)
(421.0,415.0)
(413.0,415.0)
(401.0,415.0)
(412.0,415.0)
(401.0,415.0)
(405.0,415.0)
(413.0,415.0)
(405.0,415.0)
(401.0,415.0)
(401.0,415.0)
(401.0,415.0)
(401.0,415.0)
(415.0,415.0)
(401.0,415.0)
(413.0,415.0)
(405.0,415.0)
(405.0,415.0)
(405.0,415.0)
(786.0,415.0)
(413.0,415.0)
(401.0,415.0)
(405.0,415.0)
(417.0,415.0)
(413.0,415.0)
(415.0,415.0)
(401.0,415.0)
(413.0,415.0)
(401.0,415.0)
(413.0,415.0)
(413.0,415.0)
(412.0,415.0)
(405.0,415.0)
(415.0,415.0)
(415.0,415.0)
(401.0,415.0)
(401.0,415.0)
(401.0,415.0)
(447.0,415.0)
(413.0,415.0)
(413.0,415.0)
(405.0,415.0)
(415.0,415.0)
(401.0,415.0)
(401.0,415.0)
(405.0,415.0)
(417.0,415.0)
(412.0,415.0)
(415.0,415.0)
(405.0,415.0)
(413.0,415.0)
(769.0,415.0)
(405.0,415.0)
(417.0,415.0)
(409.0,415.0)
(413.0,415.0)
(415.0,415.0)
(413.0,415.0)
(405.0,415.0)
(401.0,415.0)
(405.0,415.0)
(401.0,415.0)
(447.0,415.0)
(405.0,415.0)
(405.0,415.0)
(405.0,415.0)
(413.0,415.0)
(435.0,415.0)
(401.0,415.0)
(401.0,415.0)
(412.0,415.0)
(415.0,415.0)
(417.0,415.0)
(412.0,415.0)
(401.0,415.0)
(413.0,415.0)
(405.0,415.0)
(413.0,415.0)
(412.0,415.0)
(412.0,415.0)
(405.0,415.0)
(405.0,415.0)
(415.0,415.0)
(401.0,415.0)
(405.0,415.0)
(401.0,415.0)
(412.0,415.0)
(405.0,415.0)
(417.0,415.0)
(413.0,415.0)
(413.0,415.0)
(405.0,415.0)
(415.0,415.0)
(405.0,415.0)
(409.0,415.0)
(405.0,415.0)
(415.0,415.0)
(405.0,415.0)
(401.0,415.0)
(405.0,415.0)
(401.0,415.0)
(413.0,415.0)
(405.0,415.0)
(417.0,415.0)
(415.0,415.0)
(413.0,415.0)
(412.0,415.0)
(401.0,415.0)
(415.0,415.0)
(412.0,415.0)
(401.0,415.0)
(417.0,415.0)
(415.0,415.0)
(415.0,415.0)
(413.0,415.0)
(401.0,415.0)
(405.0,415.0)
(413.0,415.0)
(405.0,415.0)
(447.0,415.0)
(413.0,415.0)
(415.0,415.0)
(405.0,415.0)
(417.0,415.0)
(401.0,415.0)
(417.0,415.0)
(401.0,415.0)
(401.0,415.0)
(405.0,415.0)
(405.0,415.0)
(401.0,415.0)
(413.0,415.0)
(413.0,415.0)
(401.0,415.0)
(405.0,415.0)
(412.0,415.0)
(401.0,415.0)
(408.0,415.0)
(405.0,415.0)
(401.0,415.0)
(405.0,415.0)
(417.0,415.0)
(413.0,415.0)
(405.0,415.0)
(417.0,415.0)
(413.0,415.0)
(413.0,415.0)
(405.0,415.0)
(412.0,415.0)
(401.0,415.0)
(405.0,415.0)
(413.0,415.0)
(405.0,415.0)
(401.0,415.0)
(401.0,415.0)
(413.0,415.0)
(413.0,415.0)
(401.0,415.0)
(401.0,415.0)
(415.0,415.0)
(405.0,415.0)
(401.0,415.0)
(401.0,415.0)
(413.0,415.0)
(413.0,415.0)
(405.0,415.0)
(417.0,415.0)
(413.0,415.0)
(415.0,415.0)
(405.0,415.0)
(401.0,415.0)
(405.0,415.0)
(417.0,415.0)
(401.0,415.0)
(401.0,415.0)
(413.0,415.0)
(405.0,415.0)
(405.0,415.0)
(405.0,415.0)
(405.0,415.0)
(405.0,415.0)
(413.0,415.0)
(401.0,415.0)
(405.0,415.0)
(401.0,415.0)
(405.0,415.0)
(401.0,415.0)
(413.0,415.0)
(405.0,415.0)
(455.0,415.0)
(415.0,415.0)
(447.0,415.0)
(401.0,415.0)
(421.0,415.0)
(405.0,415.0)
(413.0,415.0)
(405.0,415.0)
(413.0,415.0)
(401.0,415.0)
(401.0,415.0)
(401.0,415.0)
(401.0,415.0)
(417.0,415.0)
(447.0,415.0)
(401.0,415.0)
(413.0,415.0)
(405.0,415.0)
(405.0,415.0)
(413.0,415.0)
(401.0,415.0)
(401.0,415.0)
(405.0,415.0)
(413.0,415.0)
(401.0,415.0)
(401.0,415.0)
(405.0,415.0)
(413.0,415.0)
(413.0,415.0)
(413.0,415.0)
(413.0,415.0)
(413.0,415.0)
(417.0,415.0)
(417.0,415.0)
(413.0,415.0)
(401.0,415.0)
(417.0,415.0)
(401.0,415.0)
(454.0,415.0)
(401.0,415.0)
(417.0,415.0)
(401.0,415.0)
(401.0,415.0)
(405.0,415.0)
(405.0,415.0)
(405.0,415.0)
(455.0,415.0)
(401.0,415.0)
(417.0,415.0)
(417.0,415.0)
(401.0,415.0)
(38.0,415.0)
(401.0,415.0)
(416.0,415.0)
(413.0,415.0)
(401.0,415.0)
(417.0,415.0)
(401.0,415.0)
(417.0,415.0)
(405.0,415.0)
(413.0,415.0)
(413.0,415.0)
(405.0,415.0)
(413.0,415.0)
(405.0,415.0)
(413.0,415.0)
(377.0,415.0)
(404.0,415.0)
(405.0,415.0)
(790.0,415.0)
(416.0,415.0)
(405.0,415.0)
(405.0,415.0)
(401.0,415.0)
(417.0,415.0)
(401.0,415.0)
(405.0,415.0)
(413.0,415.0)
(413.0,415.0)
(447.0,415.0)
(447.0,415.0)
(417.0,415.0)
(412.0,415.0)
(415.0,415.0)
(401.0,415.0)
(405.0,415.0)
(455.0,415.0)
(447.0,415.0)
(417.0,415.0)
(409.0,415.0)
(415.0,415.0)
(413.0,415.0)
(405.0,415.0)
(413.0,415.0)
(412.0,415.0)
(406.0,415.0)
(404.0,415.0)
(401.0,415.0)
(405.0,415.0)
(412.0,415.0)
(401.0,415.0)
(401.0,415.0)
(405.0,415.0)
(413.0,415.0)
(405.0,415.0)
(401.0,415.0)
(413.0,415.0)
(413.0,415.0)
(413.0,415.0)
(413.0,415.0)
(405.0,415.0)
(413.0,415.0)
(405.0,415.0)
(413.0,415.0)
(401.0,415.0)
(401.0,415.0)
(401.0,415.0)
(415.0,415.0)
(447.0,415.0)
(434.0,415.0)
(416.0,415.0)
(401.0,415.0)
(412.0,415.0)
(406.0,415.0)
(421.0,415.0)
(413.0,415.0)
(447.0,415.0)
(413.0,415.0)
(401.0,415.0)
(413.0,415.0)
(401.0,415.0)
(412.0,415.0)
(415.0,415.0)
(413.0,415.0)
(405.0,415.0)
(401.0,415.0)
(417.0,415.0)
(413.0,415.0)
(401.0,415.0)
(417.0,415.0)
(401.0,415.0)
(413.0,415.0)
(406.0,415.0)
(401.0,415.0)
(417.0,415.0)
(405.0,415.0)
(413.0,415.0)
(786.0,415.0)
(405.0,415.0)
(413.0,415.0)
(415.0,415.0)
(415.0,415.0)
(401.0,415.0)
(405.0,415.0)
(413.0,415.0)
(401.0,415.0)
(405.0,415.0)
(413.0,415.0)
(757.0,415.0)
(405.0,415.0)
(413.0,415.0)
(405.0,415.0)
(405.0,415.0)
(405.0,415.0)
(405.0,415.0)
(405.0,415.0)
(417.0,415.0)
(413.0,415.0)
(417.0,415.0)
(405.0,415.0)
(405.0,415.0)
(405.0,415.0)
(405.0,415.0)
(417.0,415.0)
(405.0,415.0)
(401.0,415.0)
(405.0,415.0)
(413.0,415.0)
(412.0,415.0)
(413.0,415.0)
(405.0,415.0)
(401.0,415.0)
(405.0,415.0)
(405.0,415.0)
(401.0,415.0)
(412.0,415.0)
(463.0,415.0)
(405.0,415.0)
(417.0,415.0)
(405.0,415.0)
(405.0,415.0)
(405.0,415.0)
(405.0,415.0)
(407.0,415.0)
(405.0,415.0)
(405.0,415.0)
(463.0,415.0)
(412.0,415.0)
(412.0,415.0)
(405.0,415.0)
(401.0,415.0)
(413.0,415.0)
(417.0,415.0)
(412.0,415.0)
(405.0,415.0)
(405.0,415.0)
(405.0,415.0)
(405.0,415.0)
(405.0,415.0)
(405.0,415.0)
(417.0,415.0)
(405.0,415.0)
(405.0,415.0)
(415.0,415.0)
(405.0,415.0)
(404.0,415.0)
(405.0,415.0)
(421.0,415.0)
(404.0,415.0)
(405.0,415.0)
(405.0,415.0)
(405.0,415.0)
(401.0,415.0)
(405.0,415.0)
(405.0,415.0)
(412.0,415.0)
(417.0,415.0)
(455.0,415.0)
(413.0,415.0)
(405.0,415.0)
(403.0,415.0)
(413.0,415.0)
(413.0,415.0)
(405.0,415.0)
(412.0,415.0)
(405.0,415.0)
(401.0,415.0)
(417.0,415.0)
(413.0,415.0)
(405.0,415.0)
(463.0,415.0)
(405.0,415.0)
(455.0,415.0)
(405.0,415.0)
(413.0,415.0)
(405.0,415.0)
(415.0,415.0)
(405.0,415.0)
(417.0,415.0)
(412.0,415.0)
(405.0,415.0)
(405.0,415.0)
(403.0,415.0)
(405.0,415.0)
(405.0,415.0)
(405.0,415.0)
(412.0,415.0)
(427.0,415.0)
(405.0,415.0)
(413.0,415.0)
(405.0,415.0)
(405.0,415.0)
(767.0,415.0)
(417.0,415.0)
(405.0,415.0)
(417.0,415.0)
(405.0,415.0)
(417.0,415.0)
(413.0,415.0)
(405.0,415.0)
(405.0,415.0)
(417.0,415.0)
(401.0,415.0)
(401.0,415.0)
(405.0,415.0)
(405.0,415.0)
(405.0,415.0)
(447.0,415.0)
(402.0,415.0)
(785.0,415.0)
(413.0,415.0)
(412.0,415.0)
(417.0,415.0)
(405.0,415.0)
(405.0,415.0)
(405.0,415.0)
(412.0,415.0)
(405.0,415.0)
(413.0,415.0)
(412.0,415.0)
(405.0,415.0)
(412.0,415.0)
(412.0,415.0)
(413.0,415.0)
(405.0,415.0)
(405.0,415.0)
(405.0,415.0)
(447.0,415.0)
(405.0,415.0)
(417.0,415.0)
(404.0,415.0)
(405.0,415.0)
(413.0,415.0)
(447.0,415.0)
(405.0,415.0)
(413.0,415.0)
(424.0,415.0)
(405.0,415.0)
(401.0,415.0)
(405.0,415.0)
(405.0,415.0)
(405.0,415.0)
(405.0,415.0)
(401.0,415.0)
(427.0,415.0)
(412.0,415.0)
(405.0,415.0)
(405.0,415.0)
(405.0,415.0)
(417.0,415.0)
(413.0,415.0)
(405.0,415.0)
(404.0,415.0)
(405.0,415.0)
(412.0,415.0)
(405.0,415.0)
(412.0,415.0)
(417.0,415.0)
(405.0,415.0)
(463.0,415.0)
(405.0,415.0)
(412.0,415.0)
(413.0,415.0)
(405.0,415.0)
(405.0,415.0)
(405.0,415.0)
(447.0,415.0)
(417.0,415.0)
(405.0,415.0)
(405.0,415.0)
(427.0,415.0)
(405.0,415.0)
(405.0,415.0)
(405.0,415.0)
(401.0,415.0)
(401.0,415.0)
(417.0,415.0)
(405.0,415.0)
(415.0,415.0)
(405.0,415.0)
(404.0,415.0)
(405.0,415.0)
(417.0,415.0)
(405.0,415.0)
(455.0,415.0)
(417.0,416.0)
(416.0,416.0)
(416.0,416.0)
(417.0,416.0)
(416.0,416.0)
(416.0,416.0)
(416.0,416.0)
(416.0,416.0)
(416.0,416.0)
(416.0,416.0)
(416.0,416.0)
(416.0,416.0)
(416.0,416.0)
(417.0,416.0)
(416.0,416.0)
(416.0,416.0)
(416.0,416.0)
(416.0,416.0)
(416.0,416.0)
(417.0,416.0)
(416.0,416.0)
(417.0,416.0)
(417.0,416.0)
(417.0,416.0)
(416.0,416.0)
(417.0,416.0)
(416.0,416.0)
(416.0,416.0)
(416.0,416.0)
(416.0,416.0)
(416.0,416.0)
(416.0,416.0)
(416.0,416.0)
(416.0,416.0)
(417.0,416.0)
(416.0,416.0)
(416.0,416.0)
(416.0,416.0)
(417.0,416.0)
(416.0,416.0)
(417.0,416.0)
(416.0,416.0)
(417.0,416.0)
(416.0,416.0)
(416.0,416.0)
(416.0,416.0)
(416.0,416.0)
(416.0,416.0)
(416.0,416.0)
(416.0,416.0)
(789.0,416.0)
(416.0,416.0)
(416.0,416.0)
(416.0,416.0)
(447.0,416.0)
(416.0,416.0)
(416.0,416.0)
(416.0,416.0)
(416.0,416.0)
(417.0,416.0)
(416.0,416.0)
(387.0,416.0)
(416.0,416.0)
(416.0,416.0)
(416.0,416.0)
(416.0,416.0)
(416.0,416.0)
(416.0,416.0)
(416.0,416.0)
(416.0,416.0)
(416.0,416.0)
(417.0,416.0)
(416.0,416.0)
(416.0,416.0)
(417.0,416.0)
(416.0,416.0)
(416.0,416.0)
(416.0,416.0)
(416.0,416.0)
(416.0,416.0)
(416.0,416.0)
(416.0,416.0)
(784.0,416.0)
(416.0,416.0)
(417.0,416.0)
(416.0,416.0)
(416.0,416.0)
(416.0,416.0)
(416.0,416.0)
(416.0,416.0)
(416.0,416.0)
(416.0,416.0)
(387.0,416.0)
(452.0,416.0)
(416.0,416.0)
(416.0,416.0)
(417.0,416.0)
(416.0,416.0)
(416.0,416.0)
(416.0,416.0)
(416.0,416.0)
(416.0,416.0)
(416.0,416.0)
(416.0,416.0)
(416.0,416.0)
(416.0,416.0)
(417.0,416.0)
(416.0,416.0)
(416.0,416.0)
(416.0,416.0)
(417.0,416.0)
(416.0,416.0)
(417.0,416.0)
(417.0,416.0)
(416.0,416.0)
(789.0,416.0)
(416.0,416.0)
(416.0,416.0)
(416.0,416.0)
(416.0,416.0)
(416.0,416.0)
(416.0,416.0)
(416.0,416.0)
(416.0,416.0)
(417.0,416.0)
(417.0,416.0)
(417.0,416.0)
(416.0,416.0)
(416.0,416.0)
(416.0,416.0)
(417.0,416.0)
(416.0,416.0)
(417.0,416.0)
(416.0,416.0)
(417.0,416.0)
(416.0,416.0)
(416.0,416.0)
(416.0,416.0)
(416.0,416.0)
(416.0,416.0)
(416.0,416.0)
(416.0,416.0)
(416.0,416.0)
(417.0,416.0)
(416.0,416.0)
(417.0,416.0)
(416.0,416.0)
(416.0,416.0)
(416.0,416.0)
(416.0,416.0)
(416.0,416.0)
(416.0,416.0)
(416.0,416.0)
(416.0,416.0)
(416.0,416.0)
(416.0,416.0)
(416.0,416.0)
(416.0,416.0)
(416.0,416.0)
(416.0,416.0)
(416.0,416.0)
(417.0,416.0)
(417.0,416.0)
(417.0,416.0)
(416.0,416.0)
(416.0,416.0)
(416.0,416.0)
(416.0,416.0)
(416.0,416.0)
(417.0,416.0)
(417.0,416.0)
(416.0,416.0)
(416.0,416.0)
(417.0,416.0)
(416.0,416.0)
(416.0,416.0)
(416.0,416.0)
(417.0,416.0)
(417.0,416.0)
(416.0,416.0)
(416.0,416.0)
(416.0,416.0)
(416.0,416.0)
(416.0,416.0)
(416.0,416.0)
(416.0,416.0)
(417.0,416.0)
(416.0,416.0)
(416.0,416.0)
(416.0,416.0)
(416.0,416.0)
(416.0,416.0)
(416.0,416.0)
(417.0,416.0)
(417.0,416.0)
(416.0,416.0)
(416.0,416.0)
(416.0,416.0)
(416.0,416.0)
(416.0,416.0)
(455.0,416.0)
(417.0,416.0)
(365.0,416.0)
(483.0,416.0)
(417.0,416.0)
(417.0,416.0)
(455.0,416.0)
(365.0,416.0)
(58.0,416.0)
(53.0,416.0)
(417.0,416.0)
(455.0,416.0)
(417.0,416.0)
(417.0,416.0)
(417.0,416.0)
(417.0,416.0)
(417.0,416.0)
(447.0,416.0)
(455.0,416.0)
(455.0,416.0)
(365.0,416.0)
(365.0,416.0)
(455.0,416.0)
(417.0,416.0)
(455.0,416.0)
(417.0,416.0)
(786.0,416.0)
(417.0,416.0)
(455.0,416.0)
(455.0,416.0)
(455.0,416.0)
(417.0,416.0)
(417.0,416.0)
(417.0,416.0)
(417.0,416.0)
(417.0,416.0)
(455.0,416.0)
(455.0,416.0)
(455.0,416.0)
(417.0,416.0)
(417.0,416.0)
(417.0,416.0)
(1.0,416.0)
(417.0,416.0)
(455.0,416.0)
(417.0,416.0)
(365.0,416.0)
(417.0,416.0)
(417.0,416.0)
(455.0,416.0)
(417.0,416.0)
(417.0,416.0)
(417.0,416.0)
(455.0,416.0)
(455.0,416.0)
(417.0,416.0)
(53.0,416.0)
(417.0,416.0)
(417.0,416.0)
(53.0,416.0)
(53.0,416.0)
(47.0,416.0)
(435.0,416.0)
(417.0,416.0)
(455.0,416.0)
(786.0,416.0)
(417.0,416.0)
(417.0,416.0)
(53.0,416.0)
(417.0,416.0)
(417.0,416.0)
(417.0,416.0)
(455.0,416.0)
(417.0,416.0)
(417.0,416.0)
(417.0,416.0)
(53.0,416.0)
(417.0,416.0)
(786.0,416.0)
(417.0,416.0)
(455.0,416.0)
(417.0,416.0)
(417.0,416.0)
(455.0,416.0)
(455.0,416.0)
(417.0,416.0)
(417.0,416.0)
(435.0,416.0)
(417.0,416.0)
(417.0,416.0)
(417.0,416.0)
(455.0,416.0)
(417.0,416.0)
(447.0,416.0)
(483.0,416.0)
(455.0,416.0)
(753.0,416.0)
(417.0,416.0)
(447.0,416.0)
(417.0,416.0)
(455.0,416.0)
(455.0,416.0)
(417.0,416.0)
(435.0,416.0)
(417.0,416.0)
(455.0,416.0)
(365.0,416.0)
(417.0,416.0)
(417.0,416.0)
(1.0,416.0)
(365.0,416.0)
(365.0,416.0)
(417.0,416.0)
(483.0,416.0)
(417.0,416.0)
(455.0,416.0)
(417.0,416.0)
(417.0,416.0)
(447.0,416.0)
(417.0,416.0)
(447.0,416.0)
(417.0,416.0)
(447.0,416.0)
(455.0,416.0)
(417.0,416.0)
(417.0,416.0)
(786.0,416.0)
(417.0,416.0)
(417.0,416.0)
(447.0,416.0)
(395.0,416.0)
(417.0,416.0)
(455.0,416.0)
(417.0,416.0)
(417.0,416.0)
(417.0,416.0)
(417.0,416.0)
(455.0,416.0)
(455.0,416.0)
(455.0,416.0)
(417.0,416.0)
(455.0,416.0)
(417.0,416.0)
(417.0,416.0)
(417.0,416.0)
(447.0,416.0)
(435.0,416.0)
(455.0,416.0)
(417.0,416.0)
(417.0,416.0)
(455.0,416.0)
(455.0,416.0)
(455.0,416.0)
(435.0,416.0)
(435.0,416.0)
(486.0,416.0)
(417.0,416.0)
(417.0,416.0)
(417.0,416.0)
(435.0,416.0)
(417.0,416.0)
(447.0,416.0)
(417.0,416.0)
(455.0,416.0)
(363.0,416.0)
(417.0,416.0)
(417.0,416.0)
(417.0,416.0)
(417.0,416.0)
(417.0,416.0)
(417.0,416.0)
(1.0,416.0)
(417.0,416.0)
(435.0,416.0)
(53.0,416.0)
(417.0,416.0)
(417.0,416.0)
(58.0,416.0)
(417.0,416.0)
(417.0,416.0)
(417.0,416.0)
(417.0,416.0)
(365.0,416.0)
(417.0,416.0)
(435.0,416.0)
(447.0,416.0)
(417.0,416.0)
(417.0,416.0)
(417.0,416.0)
(416.0,416.0)
(416.0,416.0)
(416.0,416.0)
(416.0,416.0)
(416.0,416.0)
(416.0,416.0)
(416.0,416.0)
(416.0,416.0)
(416.0,416.0)
(416.0,416.0)
(416.0,416.0)
(416.0,416.0)
(416.0,416.0)
(416.0,416.0)
(416.0,416.0)
(416.0,416.0)
(416.0,416.0)
(416.0,416.0)
(416.0,416.0)
(416.0,416.0)
(416.0,416.0)
(416.0,416.0)
(416.0,416.0)
(416.0,416.0)
(416.0,416.0)
(416.0,416.0)
(416.0,416.0)
(416.0,416.0)
(416.0,416.0)
(416.0,416.0)
(416.0,416.0)
(416.0,416.0)
(416.0,416.0)
(416.0,416.0)
(416.0,416.0)
(416.0,416.0)
(416.0,416.0)
(416.0,416.0)
(416.0,416.0)
(416.0,416.0)
(416.0,416.0)
(416.0,416.0)
(416.0,416.0)
(416.0,416.0)
(416.0,416.0)
(416.0,416.0)
(416.0,416.0)
(416.0,416.0)
(416.0,416.0)
(416.0,416.0)
(416.0,416.0)
(416.0,416.0)
(416.0,416.0)
(416.0,416.0)
(416.0,416.0)
(416.0,416.0)
(416.0,416.0)
(416.0,416.0)
(416.0,416.0)
(416.0,416.0)
(416.0,416.0)
(416.0,416.0)
(416.0,416.0)
(416.0,416.0)
(416.0,416.0)
(416.0,416.0)
(417.0,416.0)
(416.0,416.0)
(416.0,416.0)
(416.0,416.0)
(416.0,416.0)
(416.0,416.0)
(416.0,416.0)
(408.0,416.0)
(423.0,416.0)
(416.0,416.0)
(408.0,416.0)
(416.0,416.0)
(416.0,416.0)
(416.0,416.0)
(413.0,416.0)
(416.0,416.0)
(416.0,416.0)
(416.0,416.0)
(416.0,416.0)
(416.0,416.0)
(408.0,416.0)
(416.0,416.0)
(416.0,416.0)
(416.0,416.0)
(416.0,416.0)
(416.0,416.0)
(416.0,416.0)
(416.0,416.0)
(416.0,416.0)
(416.0,416.0)
(416.0,416.0)
(416.0,416.0)
(416.0,416.0)
(416.0,416.0)
(416.0,416.0)
(416.0,416.0)
(416.0,416.0)
(416.0,416.0)
(416.0,416.0)
(416.0,416.0)
(416.0,416.0)
(416.0,416.0)
(416.0,416.0)
(416.0,416.0)
(416.0,416.0)
(416.0,416.0)
(416.0,416.0)
(416.0,416.0)
(416.0,416.0)
(416.0,416.0)
(416.0,416.0)
(416.0,416.0)
(416.0,416.0)
(416.0,416.0)
(416.0,416.0)
(416.0,416.0)
(409.0,416.0)
(416.0,416.0)
(416.0,416.0)
(416.0,416.0)
(416.0,416.0)
(416.0,416.0)
(416.0,416.0)
(416.0,416.0)
(416.0,416.0)
(416.0,416.0)
(416.0,416.0)
(416.0,416.0)
(416.0,416.0)
(416.0,416.0)
(416.0,416.0)
(416.0,416.0)
(416.0,416.0)
(416.0,416.0)
(416.0,416.0)
(416.0,416.0)
(416.0,416.0)
(416.0,416.0)
(416.0,416.0)
(416.0,416.0)
(416.0,416.0)
(416.0,416.0)
(416.0,416.0)
(416.0,416.0)
(416.0,416.0)
(416.0,416.0)
(416.0,416.0)
(416.0,416.0)
(416.0,416.0)
(416.0,416.0)
(416.0,416.0)
(408.0,416.0)
(387.0,416.0)
(416.0,416.0)
(416.0,416.0)
(416.0,416.0)
(416.0,416.0)
(416.0,416.0)
(416.0,416.0)
(408.0,416.0)
(416.0,416.0)
(416.0,416.0)
(416.0,416.0)
(416.0,416.0)
(416.0,416.0)
(416.0,416.0)
(416.0,416.0)
(416.0,416.0)
(416.0,416.0)
(416.0,416.0)
(416.0,416.0)
(416.0,416.0)
(416.0,416.0)
(416.0,416.0)
(416.0,416.0)
(416.0,416.0)
(416.0,416.0)
(416.0,416.0)
(416.0,416.0)
(416.0,416.0)
(416.0,416.0)
(416.0,416.0)
(416.0,416.0)
(416.0,416.0)
(416.0,416.0)
(416.0,416.0)
(416.0,416.0)
(416.0,416.0)
(416.0,416.0)
(416.0,416.0)
(416.0,416.0)
(416.0,416.0)
(416.0,416.0)
(424.0,416.0)
(416.0,416.0)
(416.0,416.0)
(416.0,416.0)
(771.0,416.0)
(416.0,416.0)
(416.0,416.0)
(416.0,416.0)
(434.0,416.0)
(416.0,416.0)
(416.0,416.0)
(769.0,416.0)
(416.0,416.0)
(416.0,416.0)
(416.0,416.0)
(771.0,416.0)
(416.0,416.0)
(416.0,416.0)
(416.0,416.0)
(416.0,416.0)
(416.0,416.0)
(416.0,416.0)
(402.0,416.0)
(416.0,416.0)
(416.0,416.0)
(416.0,416.0)
(785.0,416.0)
(416.0,416.0)
(416.0,416.0)
(416.0,416.0)
(416.0,416.0)
(416.0,416.0)
(416.0,416.0)
(416.0,416.0)
(416.0,416.0)
(416.0,416.0)
(416.0,416.0)
(416.0,416.0)
(416.0,416.0)
(416.0,416.0)
(417.0,416.0)
(424.0,416.0)
(416.0,416.0)
(416.0,416.0)
(413.0,416.0)
(416.0,416.0)
(416.0,416.0)
(416.0,416.0)
(416.0,416.0)
(416.0,416.0)
(416.0,416.0)
(416.0,416.0)
(416.0,416.0)
(417.0,416.0)
(416.0,416.0)
(416.0,416.0)
(416.0,416.0)
(416.0,416.0)
(416.0,416.0)
(416.0,416.0)
(416.0,416.0)
(416.0,416.0)
(416.0,416.0)
(416.0,416.0)
(416.0,416.0)
(422.0,416.0)
(416.0,416.0)
(416.0,416.0)
(417.0,416.0)
(416.0,416.0)
(402.0,416.0)
(416.0,416.0)
(416.0,416.0)
(416.0,416.0)
(416.0,416.0)
(416.0,416.0)
(416.0,416.0)
(416.0,416.0)
(416.0,416.0)
(416.0,416.0)
(416.0,416.0)
(416.0,416.0)
(416.0,416.0)
(416.0,416.0)
(416.0,416.0)
(416.0,416.0)
(416.0,416.0)
(416.0,416.0)
(416.0,416.0)
(412.0,416.0)
(416.0,416.0)
(416.0,416.0)
(416.0,416.0)
(416.0,416.0)
(416.0,416.0)
(416.0,416.0)
(416.0,416.0)
(416.0,416.0)
(416.0,416.0)
(417.0,416.0)
(416.0,416.0)
(416.0,416.0)
(416.0,416.0)
(416.0,416.0)
(416.0,416.0)
(408.0,416.0)
(416.0,416.0)
(416.0,416.0)
(416.0,416.0)
(416.0,416.0)
(416.0,416.0)
(416.0,416.0)
(416.0,416.0)
(416.0,416.0)
(416.0,416.0)
(416.0,416.0)
(416.0,416.0)
(416.0,416.0)
(416.0,416.0)
(416.0,416.0)
(416.0,416.0)
(416.0,416.0)
(416.0,416.0)
(416.0,416.0)
(416.0,416.0)
(416.0,416.0)
(416.0,416.0)
(416.0,416.0)
(416.0,416.0)
(416.0,416.0)
(416.0,416.0)
(416.0,416.0)
(461.0,416.0)
(397.0,416.0)
(416.0,416.0)
(416.0,416.0)
(416.0,416.0)
(416.0,416.0)
(416.0,416.0)
(416.0,416.0)
(416.0,416.0)
(402.0,416.0)
(416.0,416.0)
(416.0,416.0)
(416.0,416.0)
(416.0,416.0)
(416.0,416.0)
(416.0,416.0)
(416.0,416.0)
(416.0,416.0)
(416.0,416.0)
(416.0,416.0)
(424.0,416.0)
(416.0,416.0)
(416.0,416.0)
(416.0,416.0)
(416.0,416.0)
(416.0,416.0)
(416.0,416.0)
(416.0,416.0)
(416.0,416.0)
(416.0,416.0)
(416.0,416.0)
(416.0,416.0)
(416.0,416.0)
(416.0,416.0)
(416.0,416.0)
(416.0,416.0)
(416.0,416.0)
(416.0,416.0)
(416.0,416.0)
(416.0,416.0)
(416.0,416.0)
(408.0,416.0)
(416.0,416.0)
(416.0,416.0)
(416.0,416.0)
(416.0,416.0)
(416.0,416.0)
(416.0,416.0)
(416.0,416.0)
(416.0,416.0)
(416.0,416.0)
(417.0,416.0)
(416.0,416.0)
(416.0,416.0)
(416.0,416.0)
(416.0,416.0)
(416.0,416.0)
(416.0,416.0)
(455.0,416.0)
(417.0,416.0)
(365.0,416.0)
(365.0,416.0)
(435.0,416.0)
(417.0,416.0)
(130.0,416.0)
(455.0,416.0)
(417.0,416.0)
(58.0,416.0)
(53.0,416.0)
(417.0,416.0)
(455.0,416.0)
(417.0,416.0)
(455.0,416.0)
(417.0,416.0)
(417.0,416.0)
(417.0,416.0)
(447.0,416.0)
(455.0,416.0)
(417.0,416.0)
(365.0,416.0)
(417.0,416.0)
(455.0,416.0)
(417.0,416.0)
(417.0,416.0)
(455.0,416.0)
(786.0,416.0)
(417.0,416.0)
(455.0,416.0)
(417.0,416.0)
(417.0,416.0)
(417.0,416.0)
(417.0,416.0)
(417.0,416.0)
(417.0,416.0)
(455.0,416.0)
(455.0,416.0)
(417.0,416.0)
(417.0,416.0)
(417.0,416.0)
(417.0,416.0)
(536.0,416.0)
(455.0,416.0)
(455.0,416.0)
(417.0,416.0)
(365.0,416.0)
(417.0,416.0)
(417.0,416.0)
(455.0,416.0)
(417.0,416.0)
(417.0,416.0)
(417.0,416.0)
(455.0,416.0)
(417.0,416.0)
(417.0,416.0)
(417.0,416.0)
(53.0,416.0)
(417.0,416.0)
(1.0,416.0)
(417.0,416.0)
(455.0,416.0)
(1.0,416.0)
(417.0,416.0)
(435.0,416.0)
(417.0,416.0)
(417.0,416.0)
(417.0,416.0)
(455.0,416.0)
(417.0,416.0)
(417.0,416.0)
(435.0,416.0)
(417.0,416.0)
(455.0,416.0)
(417.0,416.0)
(417.0,416.0)
(455.0,416.0)
(417.0,416.0)
(417.0,416.0)
(455.0,416.0)
(455.0,416.0)
(417.0,416.0)
(435.0,416.0)
(455.0,416.0)
(417.0,416.0)
(417.0,416.0)
(455.0,416.0)
(435.0,416.0)
(447.0,416.0)
(417.0,416.0)
(455.0,416.0)
(753.0,416.0)
(417.0,416.0)
(447.0,416.0)
(417.0,416.0)
(455.0,416.0)
(455.0,416.0)
(417.0,416.0)
(1.0,416.0)
(417.0,416.0)
(455.0,416.0)
(435.0,416.0)
(417.0,416.0)
(417.0,416.0)
(363.0,416.0)
(365.0,416.0)
(435.0,416.0)
(417.0,416.0)
(483.0,416.0)
(786.0,416.0)
(455.0,416.0)
(417.0,416.0)
(417.0,416.0)
(447.0,416.0)
(417.0,416.0)
(447.0,416.0)
(417.0,416.0)
(447.0,416.0)
(417.0,416.0)
(455.0,416.0)
(417.0,416.0)
(53.0,416.0)
(417.0,416.0)
(417.0,416.0)
(417.0,416.0)
(417.0,416.0)
(447.0,416.0)
(435.0,416.0)
(417.0,416.0)
(455.0,416.0)
(417.0,416.0)
(417.0,416.0)
(417.0,416.0)
(417.0,416.0)
(455.0,416.0)
(455.0,416.0)
(455.0,416.0)
(417.0,416.0)
(455.0,416.0)
(417.0,416.0)
(417.0,416.0)
(417.0,416.0)
(447.0,416.0)
(435.0,416.0)
(786.0,416.0)
(417.0,416.0)
(417.0,416.0)
(1.0,416.0)
(455.0,416.0)
(455.0,416.0)
(435.0,416.0)
(435.0,416.0)
(486.0,416.0)
(417.0,416.0)
(417.0,416.0)
(417.0,416.0)
(435.0,416.0)
(435.0,416.0)
(447.0,416.0)
(417.0,416.0)
(455.0,416.0)
(386.0,416.0)
(417.0,416.0)
(365.0,416.0)
(417.0,416.0)
(417.0,416.0)
(417.0,416.0)
(417.0,416.0)
(1.0,416.0)
(417.0,416.0)
(435.0,416.0)
(53.0,416.0)
(417.0,416.0)
(417.0,416.0)
(417.0,416.0)
(417.0,416.0)
(417.0,416.0)
(417.0,416.0)
(53.0,416.0)
(417.0,416.0)
(435.0,416.0)
(447.0,416.0)
(417.0,416.0)
(417.0,416.0)
(417.0,416.0)
(455.0,416.0)
(455.0,416.0)
(455.0,416.0)
(416.0,416.0)
(455.0,416.0)
(455.0,416.0)
(455.0,416.0)
(447.0,416.0)
(417.0,416.0)
(396.0,416.0)
(455.0,416.0)
(455.0,416.0)
(455.0,416.0)
(416.0,416.0)
(455.0,416.0)
(455.0,416.0)
(447.0,416.0)
(455.0,416.0)
(455.0,416.0)
(455.0,416.0)
(455.0,416.0)
(455.0,416.0)
(455.0,416.0)
(455.0,416.0)
(447.0,416.0)
(417.0,416.0)
(455.0,416.0)
(447.0,416.0)
(416.0,416.0)
(417.0,416.0)
(455.0,416.0)
(417.0,416.0)
(455.0,416.0)
(455.0,416.0)
(416.0,416.0)
(455.0,416.0)
(455.0,416.0)
(455.0,416.0)
(417.0,416.0)
(396.0,416.0)
(455.0,416.0)
(809.0,416.0)
(417.0,416.0)
(417.0,416.0)
(417.0,416.0)
(417.0,416.0)
(417.0,416.0)
(417.0,416.0)
(430.0,416.0)
(447.0,416.0)
(417.0,416.0)
(455.0,416.0)
(416.0,416.0)
(417.0,416.0)
(416.0,416.0)
(527.0,416.0)
(455.0,416.0)
(455.0,416.0)
(455.0,416.0)
(455.0,416.0)
(455.0,416.0)
(455.0,416.0)
(417.0,416.0)
(455.0,416.0)
(455.0,416.0)
(455.0,416.0)
(416.0,416.0)
(417.0,416.0)
(417.0,416.0)
(455.0,416.0)
(416.0,416.0)
(416.0,416.0)
(417.0,416.0)
(417.0,416.0)
(455.0,416.0)
(417.0,416.0)
(417.0,416.0)
(417.0,416.0)
(417.0,416.0)
(417.0,416.0)
(809.0,416.0)
(455.0,416.0)
(455.0,416.0)
(417.0,416.0)
(455.0,416.0)
(455.0,416.0)
(455.0,416.0)
(455.0,416.0)
(447.0,416.0)
(417.0,416.0)
(455.0,416.0)
(474.0,416.0)
(455.0,416.0)
(455.0,416.0)
(417.0,416.0)
(455.0,416.0)
(417.0,416.0)
(455.0,416.0)
(417.0,416.0)
(447.0,416.0)
(417.0,416.0)
(416.0,416.0)
(416.0,416.0)
(455.0,416.0)
(455.0,416.0)
(455.0,416.0)
(455.0,416.0)
(417.0,416.0)
(455.0,416.0)
(416.0,416.0)
(455.0,416.0)
(416.0,416.0)
(455.0,416.0)
(416.0,416.0)
(455.0,416.0)
(474.0,416.0)
(417.0,416.0)
(527.0,416.0)
(43.0,416.0)
(455.0,416.0)
(455.0,416.0)
(455.0,416.0)
(455.0,416.0)
(417.0,416.0)
(455.0,416.0)
(455.0,416.0)
(455.0,416.0)
(447.0,416.0)
(417.0,416.0)
(455.0,416.0)
(417.0,416.0)
(455.0,416.0)
(743.0,416.0)
(417.0,416.0)
(47.0,416.0)
(447.0,416.0)
(455.0,416.0)
(417.0,416.0)
(396.0,416.0)
(455.0,416.0)
(417.0,416.0)
(455.0,416.0)
(471.0,416.0)
(417.0,416.0)
(417.0,416.0)
(417.0,416.0)
(455.0,416.0)
(455.0,416.0)
(416.0,416.0)
(417.0,416.0)
(455.0,416.0)
(417.0,416.0)
(447.0,416.0)
(447.0,416.0)
(417.0,416.0)
(455.0,416.0)
(417.0,416.0)
(416.0,416.0)
(435.0,416.0)
(455.0,416.0)
(396.0,416.0)
(417.0,416.0)
(417.0,416.0)
(455.0,416.0)
(455.0,416.0)
(417.0,416.0)
(455.0,416.0)
(455.0,416.0)
(417.0,416.0)
(455.0,416.0)
(455.0,416.0)
(455.0,416.0)
(455.0,416.0)
(455.0,416.0)
(447.0,416.0)
(417.0,416.0)
(455.0,416.0)
(396.0,416.0)
(455.0,416.0)
(416.0,416.0)
(417.0,416.0)
(417.0,416.0)
(455.0,416.0)
(455.0,416.0)
(416.0,416.0)
(417.0,416.0)
(455.0,416.0)
(417.0,416.0)
(455.0,416.0)
(47.0,416.0)
(455.0,416.0)
(417.0,416.0)
(417.0,416.0)
(483.0,416.0)
(417.0,416.0)
(417.0,416.0)
(455.0,416.0)
(417.0,416.0)
(1.0,416.0)
(447.0,416.0)
(417.0,416.0)
(417.0,416.0)
(786.0,416.0)
(455.0,416.0)
(417.0,416.0)
(417.0,416.0)
(417.0,416.0)
(53.0,416.0)
(455.0,416.0)
(455.0,416.0)
(365.0,416.0)
(417.0,416.0)
(455.0,416.0)
(455.0,416.0)
(447.0,416.0)
(417.0,416.0)
(786.0,416.0)
(417.0,416.0)
(447.0,416.0)
(455.0,416.0)
(455.0,416.0)
(417.0,416.0)
(455.0,416.0)
(764.0,416.0)
(417.0,416.0)
(417.0,416.0)
(417.0,416.0)
(455.0,416.0)
(455.0,416.0)
(455.0,416.0)
(417.0,416.0)
(417.0,416.0)
(483.0,416.0)
(455.0,416.0)
(417.0,416.0)
(455.0,416.0)
(417.0,416.0)
(365.0,416.0)
(417.0,416.0)
(417.0,416.0)
(417.0,416.0)
(417.0,416.0)
(417.0,416.0)
(417.0,416.0)
(417.0,416.0)
(417.0,416.0)
(455.0,416.0)
(417.0,416.0)
(417.0,416.0)
(447.0,416.0)
(417.0,416.0)
(53.0,416.0)
(47.0,416.0)
(455.0,416.0)
(417.0,416.0)
(455.0,416.0)
(455.0,416.0)
(417.0,416.0)
(417.0,416.0)
(53.0,416.0)
(417.0,416.0)
(417.0,416.0)
(455.0,416.0)
(417.0,416.0)
(455.0,416.0)
(417.0,416.0)
(417.0,416.0)
(53.0,416.0)
(417.0,416.0)
(786.0,416.0)
(435.0,416.0)
(365.0,416.0)
(417.0,416.0)
(455.0,416.0)
(455.0,416.0)
(455.0,416.0)
(435.0,416.0)
(435.0,416.0)
(455.0,416.0)
(417.0,416.0)
(417.0,416.0)
(455.0,416.0)
(365.0,416.0)
(447.0,416.0)
(483.0,416.0)
(455.0,416.0)
(753.0,416.0)
(417.0,416.0)
(447.0,416.0)
(417.0,416.0)
(455.0,416.0)
(455.0,416.0)
(417.0,416.0)
(435.0,416.0)
(365.0,416.0)
(455.0,416.0)
(365.0,416.0)
(417.0,416.0)
(417.0,416.0)
(435.0,416.0)
(417.0,416.0)
(365.0,416.0)
(417.0,416.0)
(447.0,416.0)
(786.0,416.0)
(365.0,416.0)
(417.0,416.0)
(417.0,416.0)
(447.0,416.0)
(417.0,416.0)
(53.0,416.0)
(455.0,416.0)
(447.0,416.0)
(435.0,416.0)
(417.0,416.0)
(455.0,416.0)
(417.0,416.0)
(417.0,416.0)
(483.0,416.0)
(417.0,416.0)
(365.0,416.0)
(417.0,416.0)
(417.0,416.0)
(455.0,416.0)
(417.0,416.0)
(365.0,416.0)
(417.0,416.0)
(417.0,416.0)
(455.0,416.0)
(455.0,416.0)
(417.0,416.0)
(417.0,416.0)
(455.0,416.0)
(417.0,416.0)
(417.0,416.0)
(417.0,416.0)
(417.0,416.0)
(435.0,416.0)
(417.0,416.0)
(417.0,416.0)
(417.0,416.0)
(455.0,416.0)
(455.0,416.0)
(417.0,416.0)
(435.0,416.0)
(417.0,416.0)
(455.0,416.0)
(417.0,416.0)
(417.0,416.0)
(435.0,416.0)
(417.0,416.0)
(447.0,416.0)
(1.0,416.0)
(455.0,416.0)
(435.0,416.0)
(417.0,416.0)
(417.0,416.0)
(365.0,416.0)
(417.0,416.0)
(455.0,416.0)
(417.0,416.0)
(417.0,416.0)
(435.0,416.0)
(417.0,416.0)
(753.0,416.0)
(417.0,416.0)
(417.0,416.0)
(417.0,416.0)
(1.0,416.0)
(447.0,416.0)
(417.0,416.0)
(417.0,416.0)
(53.0,416.0)
(417.0,416.0)
(365.0,416.0)
(455.0,416.0)
(417.0,416.0)
(417.0,416.0)
(53.0,416.0)
(417.0,417.0)
(417.0,417.0)
(417.0,417.0)
(417.0,417.0)
(417.0,417.0)
(417.0,417.0)
(417.0,417.0)
(417.0,417.0)
(417.0,417.0)
(417.0,417.0)
(417.0,417.0)
(417.0,417.0)
(417.0,417.0)
(417.0,417.0)
(417.0,417.0)
(417.0,417.0)
(417.0,417.0)
(417.0,417.0)
(417.0,417.0)
(417.0,417.0)
(417.0,417.0)
(417.0,417.0)
(417.0,417.0)
(417.0,417.0)
(417.0,417.0)
(417.0,417.0)
(417.0,417.0)
(417.0,417.0)
(417.0,417.0)
(417.0,417.0)
(417.0,417.0)
(417.0,417.0)
(412.0,417.0)
(417.0,417.0)
(417.0,417.0)
(417.0,417.0)
(417.0,417.0)
(417.0,417.0)
(417.0,417.0)
(417.0,417.0)
(417.0,417.0)
(417.0,417.0)
(417.0,417.0)
(417.0,417.0)
(417.0,417.0)
(417.0,417.0)
(417.0,417.0)
(417.0,417.0)
(421.0,417.0)
(417.0,417.0)
(417.0,417.0)
(417.0,417.0)
(417.0,417.0)
(417.0,417.0)
(417.0,417.0)
(417.0,417.0)
(417.0,417.0)
(417.0,417.0)
(417.0,417.0)
(417.0,417.0)
(417.0,417.0)
(417.0,417.0)
(417.0,417.0)
(417.0,417.0)
(417.0,417.0)
(417.0,417.0)
(417.0,417.0)
(417.0,417.0)
(417.0,417.0)
(417.0,417.0)
(417.0,417.0)
(417.0,417.0)
(417.0,417.0)
(417.0,417.0)
(417.0,417.0)
(412.0,417.0)
(417.0,417.0)
(417.0,417.0)
(417.0,417.0)
(417.0,417.0)
(417.0,417.0)
(417.0,417.0)
(417.0,417.0)
(417.0,417.0)
(417.0,417.0)
(417.0,417.0)
(417.0,417.0)
(417.0,417.0)
(417.0,417.0)
(417.0,417.0)
(417.0,417.0)
(417.0,417.0)
(417.0,417.0)
(417.0,417.0)
(423.0,417.0)
(417.0,417.0)
(417.0,417.0)
(417.0,417.0)
(417.0,417.0)
(483.0,417.0)
(417.0,417.0)
(417.0,417.0)
(417.0,417.0)
(417.0,417.0)
(417.0,417.0)
(417.0,417.0)
(417.0,417.0)
(417.0,417.0)
(417.0,417.0)
(417.0,417.0)
(417.0,417.0)
(417.0,417.0)
(417.0,417.0)
(417.0,417.0)
(417.0,417.0)
(417.0,417.0)
(417.0,417.0)
(417.0,417.0)
(417.0,417.0)
(417.0,417.0)
(417.0,417.0)
(412.0,417.0)
(417.0,417.0)
(417.0,417.0)
(417.0,417.0)
(417.0,417.0)
(417.0,417.0)
(417.0,417.0)
(417.0,417.0)
(417.0,417.0)
(417.0,417.0)
(417.0,417.0)
(417.0,417.0)
(417.0,417.0)
(417.0,417.0)
(417.0,417.0)
(417.0,417.0)
(417.0,417.0)
(417.0,417.0)
(417.0,417.0)
(461.0,417.0)
(417.0,417.0)
(417.0,417.0)
(417.0,417.0)
(417.0,417.0)
(417.0,417.0)
(417.0,417.0)
(417.0,417.0)
(417.0,417.0)
(422.0,417.0)
(417.0,417.0)
(417.0,417.0)
(452.0,417.0)
(446.0,417.0)
(417.0,417.0)
(387.0,417.0)
(417.0,417.0)
(417.0,417.0)
(417.0,417.0)
(417.0,417.0)
(417.0,417.0)
(417.0,417.0)
(417.0,417.0)
(417.0,417.0)
(417.0,417.0)
(417.0,417.0)
(417.0,417.0)
(417.0,417.0)
(417.0,417.0)
(417.0,417.0)
(417.0,417.0)
(417.0,417.0)
(417.0,417.0)
(417.0,417.0)
(417.0,417.0)
(404.0,417.0)
(417.0,417.0)
(417.0,417.0)
(417.0,417.0)
(417.0,417.0)
(417.0,417.0)
(417.0,417.0)
(417.0,417.0)
(417.0,417.0)
(417.0,417.0)
(417.0,417.0)
(417.0,417.0)
(417.0,417.0)
(417.0,417.0)
(417.0,417.0)
(417.0,417.0)
(417.0,417.0)
(417.0,417.0)
(417.0,417.0)
(417.0,417.0)
(417.0,417.0)
(417.0,417.0)
(417.0,417.0)
(417.0,417.0)
(417.0,417.0)
(417.0,417.0)
(417.0,417.0)
(417.0,417.0)
(417.0,417.0)
(417.0,417.0)
(417.0,417.0)
(417.0,417.0)
(417.0,417.0)
(417.0,417.0)
(417.0,417.0)
(417.0,417.0)
(471.0,417.0)
(447.0,417.0)
(417.0,417.0)
(417.0,417.0)
(417.0,417.0)
(417.0,417.0)
(417.0,417.0)
(417.0,417.0)
(417.0,417.0)
(417.0,417.0)
(417.0,417.0)
(417.0,417.0)
(417.0,417.0)
(417.0,417.0)
(459.0,417.0)
(417.0,417.0)
(417.0,417.0)
(417.0,417.0)
(417.0,417.0)
(417.0,417.0)
(417.0,417.0)
(417.0,417.0)
(417.0,417.0)
(417.0,417.0)
(417.0,417.0)
(417.0,417.0)
(417.0,417.0)
(417.0,417.0)
(417.0,417.0)
(417.0,417.0)
(417.0,417.0)
(417.0,417.0)
(417.0,417.0)
(417.0,417.0)
(461.0,417.0)
(417.0,417.0)
(417.0,417.0)
(417.0,417.0)
(417.0,417.0)
(417.0,417.0)
(417.0,417.0)
(417.0,417.0)
(417.0,417.0)
(417.0,417.0)
(417.0,417.0)
(417.0,417.0)
(417.0,417.0)
(417.0,417.0)
(417.0,417.0)
(417.0,417.0)
(421.0,417.0)
(417.0,417.0)
(417.0,417.0)
(417.0,417.0)
(417.0,417.0)
(417.0,417.0)
(402.0,417.0)
(417.0,417.0)
(417.0,417.0)
(417.0,417.0)
(417.0,417.0)
(417.0,417.0)
(417.0,417.0)
(417.0,417.0)
(417.0,417.0)
(417.0,417.0)
(417.0,417.0)
(417.0,417.0)
(417.0,417.0)
(417.0,417.0)
(417.0,417.0)
(417.0,417.0)
(417.0,417.0)
(417.0,417.0)
(417.0,417.0)
(417.0,417.0)
(417.0,417.0)
(785.0,417.0)
(417.0,417.0)
(417.0,417.0)
(417.0,417.0)
(417.0,417.0)
(417.0,417.0)
(417.0,417.0)
(417.0,417.0)
(417.0,417.0)
(417.0,417.0)
(417.0,417.0)
(417.0,417.0)
(417.0,417.0)
(417.0,417.0)
(417.0,417.0)
(417.0,417.0)
(417.0,417.0)
(417.0,417.0)
(417.0,417.0)
(417.0,417.0)
(417.0,417.0)
(417.0,417.0)
(421.0,417.0)
(417.0,417.0)
(417.0,417.0)
(417.0,417.0)
(417.0,417.0)
(417.0,417.0)
(417.0,417.0)
(417.0,417.0)
(417.0,417.0)
(417.0,417.0)
(386.0,417.0)
(417.0,417.0)
(417.0,417.0)
(417.0,417.0)
(417.0,417.0)
(417.0,417.0)
(417.0,417.0)
(417.0,417.0)
(417.0,417.0)
(417.0,417.0)
(417.0,417.0)
(417.0,417.0)
(417.0,417.0)
(417.0,417.0)
(417.0,417.0)
(417.0,417.0)
(417.0,417.0)
(417.0,417.0)
(417.0,417.0)
(417.0,417.0)
(417.0,417.0)
(417.0,417.0)
(417.0,417.0)
(417.0,417.0)
(417.0,417.0)
(417.0,417.0)
(417.0,417.0)
(417.0,417.0)
(417.0,417.0)
(417.0,417.0)
(417.0,417.0)
(417.0,417.0)
(417.0,417.0)
(430.0,417.0)
(417.0,417.0)
(417.0,417.0)
(404.0,417.0)
(417.0,417.0)
(417.0,417.0)
(417.0,417.0)
(417.0,417.0)
(417.0,417.0)
(417.0,417.0)
(417.0,417.0)
(417.0,417.0)
(417.0,417.0)
(417.0,417.0)
(417.0,417.0)
(417.0,417.0)
(417.0,417.0)
(417.0,417.0)
(417.0,417.0)
(417.0,417.0)
(417.0,417.0)
(417.0,417.0)
(417.0,417.0)
(417.0,417.0)
(417.0,417.0)
(417.0,417.0)
(417.0,417.0)
(417.0,417.0)
(417.0,417.0)
(417.0,417.0)
(417.0,417.0)
(417.0,417.0)
(417.0,417.0)
(417.0,417.0)
(417.0,417.0)
(417.0,417.0)
(417.0,417.0)
(417.0,417.0)
(417.0,417.0)
(417.0,417.0)
(417.0,417.0)
(417.0,417.0)
(417.0,417.0)
(417.0,417.0)
(417.0,417.0)
(417.0,417.0)
(417.0,417.0)
(417.0,417.0)
(417.0,417.0)
(417.0,417.0)
(417.0,417.0)
(417.0,417.0)
(417.0,417.0)
(417.0,417.0)
(417.0,417.0)
(417.0,417.0)
(417.0,417.0)
(417.0,417.0)
(417.0,417.0)
(417.0,417.0)
(417.0,417.0)
(417.0,417.0)
(417.0,417.0)
(417.0,417.0)
(417.0,417.0)
(417.0,417.0)
(417.0,417.0)
(447.0,417.0)
(417.0,417.0)
(417.0,417.0)
(417.0,417.0)
(417.0,417.0)
(417.0,417.0)
(417.0,417.0)
(417.0,417.0)
(417.0,417.0)
(417.0,417.0)
(417.0,417.0)
(417.0,417.0)
(417.0,417.0)
(417.0,417.0)
(417.0,417.0)
(417.0,417.0)
(417.0,417.0)
(417.0,417.0)
(417.0,417.0)
(417.0,417.0)
(417.0,417.0)
(417.0,417.0)
(417.0,417.0)
(417.0,417.0)
(417.0,417.0)
(417.0,417.0)
(417.0,417.0)
(417.0,417.0)
(417.0,417.0)
(417.0,417.0)
(417.0,417.0)
(417.0,417.0)
(417.0,417.0)
(417.0,417.0)
(417.0,417.0)
(417.0,417.0)
(417.0,417.0)
(417.0,417.0)
(409.0,417.0)
(417.0,417.0)
(417.0,417.0)
(417.0,417.0)
(417.0,417.0)
(417.0,417.0)
(417.0,417.0)
(417.0,417.0)
(417.0,417.0)
(417.0,417.0)
(417.0,417.0)
(417.0,417.0)
(417.0,417.0)
(417.0,417.0)
(417.0,417.0)
(417.0,417.0)
(417.0,417.0)
(417.0,417.0)
(417.0,417.0)
(417.0,417.0)
(417.0,417.0)
(417.0,417.0)
(412.0,417.0)
(417.0,417.0)
(417.0,417.0)
(386.0,417.0)
(417.0,417.0)
(417.0,417.0)
(417.0,417.0)
(417.0,417.0)
(417.0,417.0)
(417.0,417.0)
(417.0,417.0)
(417.0,417.0)
(417.0,417.0)
(417.0,417.0)
(417.0,417.0)
(417.0,417.0)
(421.0,417.0)
(417.0,417.0)
(417.0,417.0)
(417.0,417.0)
(417.0,417.0)
(417.0,417.0)
(417.0,417.0)
(417.0,417.0)
(412.0,417.0)
(417.0,417.0)
(417.0,417.0)
(417.0,417.0)
(417.0,417.0)
(417.0,417.0)
(417.0,417.0)
(417.0,417.0)
(417.0,417.0)
(417.0,417.0)
(417.0,417.0)
(417.0,417.0)
(417.0,417.0)
(417.0,417.0)
(417.0,417.0)
(417.0,417.0)
(417.0,417.0)
(417.0,417.0)
(417.0,417.0)
(417.0,417.0)
(417.0,417.0)
(417.0,417.0)
(417.0,417.0)
(417.0,417.0)
(417.0,417.0)
(417.0,417.0)
(417.0,417.0)
(417.0,417.0)
(417.0,417.0)
(417.0,417.0)
(417.0,417.0)
(417.0,417.0)
(417.0,417.0)
(417.0,417.0)
(417.0,417.0)
(417.0,417.0)
(417.0,417.0)
(417.0,417.0)
(417.0,417.0)
(417.0,417.0)
(417.0,417.0)
(417.0,417.0)
(417.0,417.0)
(417.0,417.0)
(417.0,417.0)
(417.0,417.0)
(417.0,417.0)
(417.0,417.0)
(417.0,417.0)
(417.0,417.0)
(417.0,417.0)
(417.0,417.0)
(417.0,417.0)
(417.0,417.0)
(417.0,417.0)
(417.0,417.0)
(417.0,417.0)
(417.0,417.0)
(417.0,417.0)
(417.0,417.0)
(417.0,417.0)
(417.0,417.0)
(417.0,417.0)
(417.0,417.0)
(417.0,417.0)
(417.0,417.0)
(417.0,417.0)
(417.0,417.0)
(417.0,417.0)
(417.0,417.0)
(417.0,417.0)
(417.0,417.0)
(417.0,417.0)
(417.0,417.0)
(417.0,417.0)
(417.0,417.0)
(417.0,417.0)
(417.0,417.0)
(417.0,417.0)
(417.0,417.0)
(417.0,417.0)
(417.0,417.0)
(417.0,417.0)
(417.0,417.0)
(417.0,417.0)
(417.0,417.0)
(417.0,417.0)
(417.0,417.0)
(417.0,417.0)
(417.0,417.0)
(417.0,417.0)
(417.0,417.0)
(417.0,417.0)
(417.0,417.0)
(417.0,417.0)
(417.0,417.0)
(417.0,417.0)
(417.0,417.0)
(417.0,417.0)
(417.0,417.0)
(417.0,417.0)
(417.0,417.0)
(417.0,417.0)
(417.0,417.0)
(417.0,417.0)
(417.0,417.0)
(417.0,417.0)
(417.0,417.0)
(417.0,417.0)
(417.0,417.0)
(417.0,417.0)
(417.0,417.0)
(417.0,417.0)
(417.0,417.0)
(417.0,417.0)
(417.0,417.0)
(417.0,417.0)
(483.0,417.0)
(417.0,417.0)
(417.0,417.0)
(417.0,417.0)
(417.0,417.0)
(417.0,417.0)
(417.0,417.0)
(417.0,417.0)
(417.0,417.0)
(417.0,417.0)
(417.0,417.0)
(417.0,417.0)
(417.0,417.0)
(417.0,417.0)
(417.0,417.0)
(417.0,417.0)
(417.0,417.0)
(417.0,417.0)
(417.0,417.0)
(417.0,417.0)
(417.0,417.0)
(417.0,417.0)
(417.0,417.0)
(423.0,417.0)
(417.0,417.0)
(417.0,417.0)
(417.0,417.0)
(417.0,417.0)
(417.0,417.0)
(417.0,417.0)
(417.0,417.0)
(417.0,417.0)
(417.0,417.0)
(430.0,417.0)
(417.0,417.0)
(417.0,417.0)
(417.0,417.0)
(417.0,417.0)
(417.0,417.0)
(417.0,417.0)
(417.0,417.0)
(417.0,417.0)
(417.0,417.0)
(417.0,417.0)
(417.0,417.0)
(417.0,417.0)
(417.0,417.0)
(417.0,417.0)
(417.0,417.0)
(417.0,417.0)
(417.0,417.0)
(417.0,417.0)
(417.0,417.0)
(417.0,417.0)
(417.0,417.0)
(417.0,417.0)
(417.0,417.0)
(417.0,417.0)
(417.0,417.0)
(417.0,417.0)
(417.0,417.0)
(417.0,417.0)
(417.0,417.0)
(417.0,417.0)
(417.0,417.0)
(417.0,417.0)
(417.0,417.0)
(417.0,417.0)
(417.0,417.0)
(417.0,417.0)
(417.0,417.0)
(417.0,417.0)
(417.0,417.0)
(786.0,417.0)
(417.0,417.0)
(417.0,417.0)
(417.0,417.0)
(417.0,417.0)
(417.0,417.0)
(417.0,417.0)
(417.0,417.0)
(417.0,417.0)
(417.0,417.0)
(417.0,417.0)
(417.0,417.0)
(417.0,417.0)
(417.0,417.0)
(417.0,417.0)
(417.0,417.0)
(417.0,417.0)
(417.0,417.0)
(417.0,417.0)
(417.0,417.0)
(417.0,417.0)
(417.0,417.0)
(417.0,417.0)
(417.0,417.0)
(417.0,417.0)
(417.0,417.0)
(417.0,417.0)
(417.0,417.0)
(417.0,417.0)
(417.0,417.0)
(417.0,417.0)
(417.0,417.0)
(417.0,417.0)
(417.0,417.0)
(417.0,417.0)
(417.0,417.0)
(417.0,417.0)
(417.0,417.0)
(417.0,417.0)
(417.0,417.0)
(417.0,417.0)
(417.0,417.0)
(417.0,417.0)
(417.0,417.0)
(417.0,417.0)
(417.0,417.0)
(417.0,417.0)
(417.0,417.0)
(417.0,417.0)
(417.0,417.0)
(417.0,417.0)
(417.0,417.0)
(417.0,417.0)
(417.0,417.0)
(417.0,417.0)
(417.0,417.0)
(417.0,417.0)
(417.0,417.0)
(417.0,417.0)
(417.0,417.0)
(417.0,417.0)
(417.0,417.0)
(417.0,417.0)
(417.0,417.0)
(417.0,417.0)
(417.0,417.0)
(417.0,417.0)
(417.0,417.0)
(417.0,417.0)
(417.0,417.0)
(417.0,417.0)
(417.0,417.0)
(417.0,417.0)
(417.0,417.0)
(417.0,417.0)
(417.0,417.0)
(417.0,417.0)
(417.0,417.0)
(417.0,417.0)
(417.0,417.0)
(417.0,417.0)
(417.0,417.0)
(417.0,417.0)
(417.0,417.0)
(417.0,417.0)
(417.0,417.0)
(417.0,417.0)
(417.0,417.0)
(417.0,417.0)
(417.0,417.0)
(417.0,417.0)
(417.0,417.0)
(417.0,417.0)
(417.0,417.0)
(417.0,417.0)
(417.0,417.0)
(417.0,417.0)
(417.0,417.0)
(417.0,417.0)
(417.0,417.0)
(417.0,417.0)
(417.0,417.0)
(417.0,417.0)
(417.0,417.0)
(417.0,417.0)
(417.0,417.0)
(417.0,417.0)
(417.0,417.0)
(417.0,417.0)
(417.0,417.0)
(417.0,417.0)
(417.0,417.0)
(417.0,417.0)
(417.0,417.0)
(417.0,417.0)
(417.0,417.0)
(417.0,417.0)
(417.0,417.0)
(417.0,417.0)
(417.0,417.0)
(417.0,417.0)
(417.0,417.0)
(417.0,417.0)
(417.0,417.0)
(417.0,417.0)
(417.0,417.0)
(417.0,417.0)
(417.0,417.0)
(417.0,417.0)
(417.0,417.0)
(417.0,417.0)
(417.0,417.0)
(417.0,417.0)
(417.0,417.0)
(417.0,417.0)
(417.0,417.0)
(417.0,417.0)
(417.0,417.0)
(417.0,417.0)
(417.0,417.0)
(417.0,417.0)
(417.0,417.0)
(417.0,417.0)
(417.0,417.0)
(417.0,417.0)
