(435.0,424.0)
(402.0,424.0)
(424.0,424.0)
(763.0,424.0)
(424.0,424.0)
(424.0,424.0)
(424.0,424.0)
(763.0,424.0)
(424.0,424.0)
(424.0,424.0)
(424.0,424.0)
(424.0,424.0)
(424.0,424.0)
(452.0,424.0)
(430.0,424.0)
(388.0,424.0)
(424.0,424.0)
(763.0,424.0)
(460.0,424.0)
(386.0,424.0)
(771.0,424.0)
(771.0,424.0)
(417.0,424.0)
(388.0,424.0)
(424.0,424.0)
(424.0,424.0)
(391.0,424.0)
(388.0,424.0)
(763.0,424.0)
(424.0,424.0)
(424.0,424.0)
(435.0,424.0)
(388.0,424.0)
(424.0,424.0)
(386.0,424.0)
(424.0,424.0)
(424.0,424.0)
(424.0,424.0)
(424.0,424.0)
(424.0,424.0)
(424.0,424.0)
(424.0,424.0)
(424.0,424.0)
(424.0,424.0)
(771.0,424.0)
(798.0,424.0)
(763.0,424.0)
(387.0,424.0)
(423.0,424.0)
(763.0,424.0)
(424.0,424.0)
(391.0,424.0)
(388.0,424.0)
(424.0,424.0)
(386.0,424.0)
(388.0,424.0)
(424.0,424.0)
(469.0,424.0)
(424.0,424.0)
(430.0,424.0)
(424.0,424.0)
(421.0,424.0)
(763.0,424.0)
(424.0,424.0)
(460.0,424.0)
(424.0,424.0)
(424.0,424.0)
(424.0,424.0)
(424.0,424.0)
(460.0,424.0)
(763.0,424.0)
(424.0,424.0)
(424.0,424.0)
(771.0,424.0)
(424.0,424.0)
(388.0,424.0)
(421.0,424.0)
(763.0,424.0)
(424.0,424.0)
(461.0,424.0)
(386.0,424.0)
(424.0,424.0)
(763.0,424.0)
(798.0,424.0)
(424.0,424.0)
(424.0,424.0)
(424.0,424.0)
(386.0,424.0)
(460.0,424.0)
(763.0,424.0)
(409.0,424.0)
(424.0,424.0)
(386.0,424.0)
(763.0,424.0)
(763.0,424.0)
(763.0,424.0)
(802.0,424.0)
(763.0,424.0)
(424.0,424.0)
(424.0,424.0)
(424.0,424.0)
(763.0,424.0)
(402.0,424.0)
(424.0,424.0)
(763.0,424.0)
(399.0,424.0)
(388.0,424.0)
(424.0,424.0)
(386.0,424.0)
(389.0,424.0)
(424.0,424.0)
(402.0,424.0)
(388.0,424.0)
(388.0,424.0)
(763.0,424.0)
(460.0,424.0)
(388.0,424.0)
(388.0,424.0)
(424.0,424.0)
(424.0,424.0)
(763.0,424.0)
(388.0,424.0)
(398.0,424.0)
(460.0,424.0)
(446.0,424.0)
(424.0,424.0)
(424.0,424.0)
(429.0,424.0)
(424.0,424.0)
(388.0,424.0)
(424.0,424.0)
(424.0,424.0)
(399.0,424.0)
(424.0,424.0)
(424.0,424.0)
(763.0,424.0)
(763.0,424.0)
(388.0,424.0)
(424.0,424.0)
(424.0,424.0)
(421.0,424.0)
(388.0,424.0)
(424.0,424.0)
(424.0,424.0)
(417.0,424.0)
(402.0,424.0)
(424.0,424.0)
(430.0,424.0)
(388.0,424.0)
(424.0,424.0)
(460.0,424.0)
(424.0,424.0)
(421.0,424.0)
(460.0,424.0)
(763.0,424.0)
(763.0,424.0)
(448.0,424.0)
(399.0,424.0)
(391.0,424.0)
(424.0,424.0)
(424.0,424.0)
(469.0,424.0)
(424.0,424.0)
(388.0,424.0)
(424.0,424.0)
(424.0,424.0)
(424.0,424.0)
(424.0,424.0)
(771.0,424.0)
(424.0,424.0)
(424.0,424.0)
(402.0,424.0)
(402.0,424.0)
(771.0,424.0)
(424.0,424.0)
(424.0,424.0)
(417.0,424.0)
(402.0,424.0)
(388.0,424.0)
(386.0,424.0)
(422.0,424.0)
(424.0,424.0)
(798.0,424.0)
(424.0,424.0)
(424.0,424.0)
(424.0,424.0)
(424.0,424.0)
(424.0,424.0)
(388.0,424.0)
(388.0,424.0)
(388.0,424.0)
(424.0,424.0)
(763.0,424.0)
(763.0,424.0)
(388.0,424.0)
(424.0,424.0)
(424.0,424.0)
(417.0,424.0)
(424.0,424.0)
(771.0,424.0)
(424.0,424.0)
(424.0,424.0)
(460.0,424.0)
(460.0,424.0)
(424.0,424.0)
(424.0,424.0)
(424.0,424.0)
(763.0,424.0)
(424.0,424.0)
(424.0,424.0)
(391.0,424.0)
(798.0,424.0)
(763.0,424.0)
(424.0,424.0)
(424.0,424.0)
(763.0,424.0)
(424.0,424.0)
(763.0,424.0)
(424.0,424.0)
(763.0,424.0)
(399.0,424.0)
(763.0,424.0)
(424.0,424.0)
(424.0,424.0)
(402.0,424.0)
(399.0,424.0)
(424.0,424.0)
(424.0,424.0)
(402.0,424.0)
(424.0,424.0)
(424.0,424.0)
(424.0,424.0)
(386.0,424.0)
(424.0,424.0)
(402.0,424.0)
(388.0,424.0)
(424.0,424.0)
(399.0,424.0)
(763.0,424.0)
(386.0,424.0)
(424.0,424.0)
(424.0,424.0)
(424.0,424.0)
(424.0,424.0)
(388.0,424.0)
(424.0,424.0)
(402.0,424.0)
(424.0,424.0)
(424.0,424.0)
(460.0,424.0)
(771.0,424.0)
(388.0,424.0)
(386.0,424.0)
(424.0,424.0)
(424.0,424.0)
(763.0,424.0)
(424.0,424.0)
(421.0,424.0)
(460.0,424.0)
(424.0,424.0)
(424.0,424.0)
(763.0,424.0)
(424.0,424.0)
(424.0,424.0)
(424.0,424.0)
(388.0,424.0)
(424.0,424.0)
(424.0,424.0)
(388.0,424.0)
(424.0,424.0)
(424.0,424.0)
(763.0,424.0)
(424.0,424.0)
(424.0,424.0)
(424.0,424.0)
(388.0,424.0)
(455.0,424.0)
(424.0,424.0)
(763.0,424.0)
(424.0,424.0)
(424.0,424.0)
(424.0,424.0)
(424.0,424.0)
(424.0,424.0)
(386.0,424.0)
(771.0,424.0)
(391.0,424.0)
(424.0,424.0)
(388.0,424.0)
(424.0,424.0)
(763.0,424.0)
(424.0,424.0)
(388.0,424.0)
(424.0,424.0)
(399.0,424.0)
(388.0,424.0)
(424.0,424.0)
(388.0,424.0)
(424.0,424.0)
(763.0,424.0)
(424.0,424.0)
(386.0,424.0)
(424.0,424.0)
(388.0,424.0)
(424.0,424.0)
(763.0,424.0)
(424.0,424.0)
(798.0,424.0)
(403.0,424.0)
(388.0,424.0)
(424.0,424.0)
(424.0,424.0)
(461.0,424.0)
(424.0,424.0)
(388.0,424.0)
(424.0,424.0)
(422.0,424.0)
(388.0,424.0)
(402.0,424.0)
(763.0,424.0)
(424.0,424.0)
(798.0,424.0)
(424.0,424.0)
(424.0,424.0)
(763.0,424.0)
(424.0,424.0)
(461.0,424.0)
(388.0,424.0)
(424.0,424.0)
(402.0,424.0)
(399.0,424.0)
(399.0,424.0)
(771.0,424.0)
(763.0,424.0)
(424.0,424.0)
(424.0,424.0)
(424.0,424.0)
(424.0,424.0)
(421.0,424.0)
(417.0,424.0)
(424.0,424.0)
(771.0,424.0)
(402.0,424.0)
(424.0,424.0)
(424.0,424.0)
(399.0,424.0)
(388.0,424.0)
(388.0,424.0)
(402.0,424.0)
(424.0,424.0)
(424.0,424.0)
(424.0,424.0)
(424.0,424.0)
(402.0,424.0)
(763.0,424.0)
(763.0,424.0)
(424.0,424.0)
(424.0,424.0)
(424.0,424.0)
(459.0,424.0)
(424.0,424.0)
(424.0,424.0)
(763.0,424.0)
(424.0,424.0)
(424.0,424.0)
(424.0,424.0)
(424.0,424.0)
(424.0,424.0)
(798.0,424.0)
(763.0,424.0)
(424.0,424.0)
(424.0,424.0)
(763.0,424.0)
(460.0,424.0)
(424.0,424.0)
(421.0,424.0)
(424.0,424.0)
(763.0,424.0)
(402.0,424.0)
(388.0,424.0)
(424.0,424.0)
(424.0,424.0)
(424.0,424.0)
(388.0,424.0)
(388.0,424.0)
(386.0,424.0)
(388.0,424.0)
(424.0,424.0)
(424.0,424.0)
(424.0,424.0)
(424.0,424.0)
(460.0,424.0)
(424.0,424.0)
(388.0,424.0)
(763.0,424.0)
(763.0,424.0)
(460.0,424.0)
(424.0,424.0)
(424.0,424.0)
(421.0,424.0)
(763.0,424.0)
(763.0,424.0)
(388.0,424.0)
(763.0,424.0)
(763.0,424.0)
(388.0,424.0)
(424.0,424.0)
(424.0,424.0)
(424.0,424.0)
(763.0,424.0)
(763.0,424.0)
(424.0,424.0)
(388.0,424.0)
(399.0,424.0)
(424.0,424.0)
(389.0,424.0)
(388.0,424.0)
(424.0,424.0)
(763.0,424.0)
(388.0,424.0)
(424.0,424.0)
(424.0,424.0)
(763.0,424.0)
(424.0,424.0)
(388.0,424.0)
(424.0,424.0)
(422.0,424.0)
(424.0,424.0)
(388.0,424.0)
(460.0,424.0)
(388.0,424.0)
(424.0,424.0)
(424.0,424.0)
(424.0,424.0)
(388.0,424.0)
(763.0,424.0)
(763.0,424.0)
(763.0,424.0)
(763.0,424.0)
(417.0,424.0)
(399.0,424.0)
(388.0,424.0)
(399.0,424.0)
(386.0,424.0)
(388.0,424.0)
(399.0,424.0)
(430.0,424.0)
(763.0,424.0)
(763.0,424.0)
(402.0,424.0)
(388.0,424.0)
(424.0,424.0)
(763.0,424.0)
(424.0,424.0)
(763.0,424.0)
(388.0,424.0)
(424.0,424.0)
(763.0,424.0)
(424.0,424.0)
(763.0,424.0)
(460.0,424.0)
(479.0,424.0)
(424.0,424.0)
(424.0,424.0)
(388.0,424.0)
(424.0,424.0)
(424.0,424.0)
(424.0,424.0)
(388.0,424.0)
(424.0,424.0)
(763.0,424.0)
(424.0,424.0)
(388.0,424.0)
(424.0,424.0)
(763.0,424.0)
(461.0,424.0)
(421.0,424.0)
(384.0,424.0)
(388.0,424.0)
(763.0,424.0)
(424.0,424.0)
(388.0,424.0)
(424.0,424.0)
(424.0,424.0)
(424.0,424.0)
(763.0,424.0)
(763.0,424.0)
(402.0,424.0)
(424.0,424.0)
(388.0,424.0)
(424.0,424.0)
(386.0,424.0)
(459.0,424.0)
(388.0,424.0)
(763.0,424.0)
(424.0,424.0)
(460.0,424.0)
(424.0,424.0)
(798.0,424.0)
(417.0,424.0)
(461.0,424.0)
(424.0,424.0)
(763.0,424.0)
(424.0,424.0)
(421.0,424.0)
(763.0,424.0)
(388.0,424.0)
(424.0,424.0)
(388.0,424.0)
(424.0,424.0)
(763.0,424.0)
(424.0,424.0)
(763.0,424.0)
(763.0,424.0)
(424.0,424.0)
(349.0,424.0)
(388.0,424.0)
(424.0,424.0)
(388.0,424.0)
(461.0,424.0)
(424.0,424.0)
(424.0,424.0)
(388.0,424.0)
(424.0,424.0)
(388.0,424.0)
(763.0,424.0)
(388.0,424.0)
(447.0,424.0)
(388.0,424.0)
(424.0,424.0)
(424.0,424.0)
(424.0,424.0)
(388.0,424.0)
(388.0,424.0)
(388.0,424.0)
(424.0,424.0)
(424.0,424.0)
(798.0,424.0)
(424.0,424.0)
(424.0,424.0)
(763.0,424.0)
(388.0,424.0)
(763.0,424.0)
(460.0,424.0)
(424.0,424.0)
(386.0,424.0)
(424.0,424.0)
(763.0,424.0)
(388.0,424.0)
(763.0,424.0)
(388.0,424.0)
(388.0,424.0)
(399.0,424.0)
(460.0,424.0)
(424.0,424.0)
(424.0,424.0)
(388.0,424.0)
(424.0,424.0)
(388.0,424.0)
(763.0,424.0)
(763.0,424.0)
(388.0,424.0)
(763.0,424.0)
(763.0,424.0)
(798.0,424.0)
(424.0,424.0)
(424.0,424.0)
(424.0,424.0)
(802.0,424.0)
(424.0,424.0)
(402.0,424.0)
(388.0,424.0)
(386.0,424.0)
(388.0,424.0)
(460.0,424.0)
(763.0,424.0)
(424.0,424.0)
(424.0,424.0)
(424.0,424.0)
(763.0,424.0)
(424.0,424.0)
(763.0,424.0)
(417.0,424.0)
(424.0,424.0)
(424.0,424.0)
(424.0,424.0)
(424.0,424.0)
(424.0,424.0)
(424.0,424.0)
(763.0,424.0)
(763.0,424.0)
(389.0,424.0)
(763.0,424.0)
(424.0,424.0)
(389.0,424.0)
(388.0,424.0)
(424.0,424.0)
(460.0,424.0)
(388.0,424.0)
(763.0,424.0)
(763.0,424.0)
(424.0,424.0)
(424.0,424.0)
(388.0,424.0)
(388.0,424.0)
(417.0,424.0)
(388.0,424.0)
(763.0,424.0)
(388.0,424.0)
(424.0,424.0)
(386.0,424.0)
(763.0,424.0)
(424.0,424.0)
(388.0,424.0)
(763.0,424.0)
(402.0,424.0)
(763.0,424.0)
(424.0,424.0)
(763.0,424.0)
(388.0,424.0)
(424.0,424.0)
(460.0,424.0)
(388.0,424.0)
(388.0,424.0)
(763.0,424.0)
(763.0,424.0)
(388.0,424.0)
(388.0,424.0)
(424.0,424.0)
(424.0,424.0)
(424.0,424.0)
(388.0,424.0)
(422.0,424.0)
(763.0,424.0)
(424.0,424.0)
(424.0,424.0)
(388.0,424.0)
(424.0,424.0)
(388.0,424.0)
(763.0,424.0)
(388.0,424.0)
(424.0,424.0)
(424.0,424.0)
(399.0,424.0)
(763.0,424.0)
(763.0,424.0)
(763.0,424.0)
(421.0,424.0)
(424.0,424.0)
(763.0,424.0)
(388.0,424.0)
(798.0,424.0)
(424.0,424.0)
(424.0,424.0)
(388.0,424.0)
(388.0,424.0)
(424.0,424.0)
(388.0,424.0)
(388.0,424.0)
(424.0,424.0)
(424.0,424.0)
(424.0,424.0)
(388.0,424.0)
(763.0,424.0)
(424.0,424.0)
(388.0,424.0)
(388.0,424.0)
(424.0,424.0)
(388.0,424.0)
(424.0,424.0)
(771.0,424.0)
(424.0,424.0)
(388.0,424.0)
(763.0,424.0)
(388.0,424.0)
(424.0,424.0)
(388.0,424.0)
(424.0,424.0)
(424.0,424.0)
(763.0,424.0)
(388.0,424.0)
(763.0,424.0)
(424.0,424.0)
(388.0,424.0)
(763.0,424.0)
(388.0,424.0)
(388.0,424.0)
(424.0,424.0)
(763.0,424.0)
(424.0,424.0)
(388.0,424.0)
(763.0,424.0)
(763.0,424.0)
(386.0,424.0)
(763.0,424.0)
(424.0,424.0)
(424.0,424.0)
(386.0,424.0)
(424.0,424.0)
(802.0,424.0)
(399.0,424.0)
(410.0,424.0)
(424.0,424.0)
(763.0,424.0)
(424.0,424.0)
(763.0,424.0)
(424.0,424.0)
(424.0,424.0)
(388.0,424.0)
(421.0,424.0)
(798.0,424.0)
(460.0,424.0)
(424.0,424.0)
(424.0,424.0)
(388.0,424.0)
(460.0,424.0)
(424.0,424.0)
(424.0,424.0)
(763.0,424.0)
(763.0,424.0)
(763.0,424.0)
(424.0,424.0)
(763.0,424.0)
(763.0,424.0)
(424.0,424.0)
(388.0,424.0)
(763.0,424.0)
(424.0,424.0)
(413.0,424.0)
(799.0,424.0)
(424.0,424.0)
(763.0,424.0)
(388.0,424.0)
(424.0,424.0)
(388.0,424.0)
(386.0,424.0)
(763.0,424.0)
(460.0,424.0)
(763.0,424.0)
(763.0,424.0)
(424.0,424.0)
(763.0,424.0)
(388.0,424.0)
(386.0,424.0)
(763.0,424.0)
(460.0,424.0)
(424.0,424.0)
(763.0,424.0)
(424.0,424.0)
(388.0,424.0)
(763.0,424.0)
(763.0,424.0)
(424.0,424.0)
(424.0,424.0)
(763.0,424.0)
(388.0,424.0)
(763.0,424.0)
(424.0,424.0)
(388.0,424.0)
(424.0,424.0)
(388.0,424.0)
(424.0,424.0)
(424.0,424.0)
(424.0,424.0)
(798.0,424.0)
(389.0,424.0)
(763.0,424.0)
(388.0,424.0)
(763.0,424.0)
(424.0,424.0)
(388.0,424.0)
(763.0,424.0)
(424.0,424.0)
(388.0,424.0)
(388.0,424.0)
(771.0,424.0)
(763.0,424.0)
(424.0,424.0)
(388.0,424.0)
(424.0,424.0)
(424.0,424.0)
(424.0,424.0)
(460.0,424.0)
(391.0,424.0)
(424.0,424.0)
(399.0,424.0)
(424.0,424.0)
(424.0,424.0)
(386.0,424.0)
(388.0,424.0)
(424.0,424.0)
(424.0,424.0)
(763.0,424.0)
(424.0,424.0)
(424.0,424.0)
(424.0,424.0)
(388.0,424.0)
(763.0,424.0)
(424.0,424.0)
(402.0,424.0)
(399.0,424.0)
(798.0,424.0)
(424.0,424.0)
(424.0,424.0)
(424.0,424.0)
(466.0,424.0)
(798.0,424.0)
(388.0,424.0)
(424.0,424.0)
(771.0,424.0)
(460.0,424.0)
(460.0,424.0)
(416.0,424.0)
(802.0,424.0)
(386.0,424.0)
(424.0,424.0)
(424.0,424.0)
(424.0,424.0)
(421.0,424.0)
(424.0,424.0)
(424.0,424.0)
(763.0,424.0)
(424.0,424.0)
(424.0,424.0)
(386.0,424.0)
(424.0,424.0)
(424.0,424.0)
(402.0,424.0)
(763.0,424.0)
(424.0,424.0)
(424.0,424.0)
(424.0,424.0)
(424.0,424.0)
(424.0,424.0)
(461.0,424.0)
(424.0,424.0)
(424.0,424.0)
(424.0,424.0)
(424.0,424.0)
(424.0,424.0)
(402.0,424.0)
(424.0,424.0)
(424.0,424.0)
(424.0,424.0)
(424.0,424.0)
(763.0,424.0)
(386.0,424.0)
(430.0,424.0)
(424.0,424.0)
(424.0,424.0)
(424.0,424.0)
(424.0,424.0)
(763.0,424.0)
(424.0,424.0)
(424.0,424.0)
(424.0,424.0)
(388.0,424.0)
(430.0,424.0)
(391.0,424.0)
(424.0,424.0)
(388.0,424.0)
(424.0,424.0)
(388.0,424.0)
(424.0,424.0)
(391.0,424.0)
(763.0,424.0)
(798.0,424.0)
(424.0,424.0)
(424.0,424.0)
(421.0,424.0)
(424.0,424.0)
(424.0,424.0)
(386.0,424.0)
(388.0,424.0)
(424.0,424.0)
(763.0,424.0)
(802.0,424.0)
(424.0,424.0)
(424.0,424.0)
(424.0,424.0)
(424.0,424.0)
(763.0,424.0)
(424.0,424.0)
(763.0,424.0)
(763.0,424.0)
(424.0,424.0)
(424.0,424.0)
(424.0,424.0)
(771.0,424.0)
(424.0,424.0)
(460.0,424.0)
(424.0,424.0)
(763.0,424.0)
(802.0,424.0)
(763.0,424.0)
(447.0,424.0)
(388.0,424.0)
(388.0,424.0)
(445.0,424.0)
(763.0,424.0)
(421.0,424.0)
(424.0,424.0)
(460.0,424.0)
(763.0,424.0)
(424.0,424.0)
(402.0,424.0)
(417.0,424.0)
(759.0,424.0)
(763.0,424.0)
(424.0,424.0)
(424.0,424.0)
(424.0,424.0)
(424.0,424.0)
(424.0,424.0)
(388.0,424.0)
(460.0,424.0)
(424.0,424.0)
(386.0,424.0)
(763.0,424.0)
(424.0,424.0)
(763.0,424.0)
(391.0,424.0)
(391.0,424.0)
(421.0,424.0)
(417.0,424.0)
(424.0,424.0)
(388.0,424.0)
(763.0,424.0)
(424.0,424.0)
(402.0,424.0)
(424.0,424.0)
(424.0,424.0)
(388.0,424.0)
(388.0,424.0)
(424.0,424.0)
(460.0,424.0)
(424.0,424.0)
(388.0,424.0)
(424.0,424.0)
(391.0,424.0)
(424.0,424.0)
(763.0,424.0)
(388.0,424.0)
(460.0,424.0)
(386.0,424.0)
(424.0,424.0)
(402.0,424.0)
(388.0,424.0)
(763.0,424.0)
(424.0,424.0)
(424.0,424.0)
(424.0,424.0)
(391.0,424.0)
(424.0,424.0)
(763.0,424.0)
(399.0,424.0)
(424.0,424.0)
(424.0,424.0)
(417.0,424.0)
(460.0,424.0)
(424.0,424.0)
(763.0,424.0)
(424.0,424.0)
(424.0,424.0)
(388.0,424.0)
(763.0,424.0)
(771.0,424.0)
(402.0,424.0)
(438.0,424.0)
(424.0,424.0)
(424.0,424.0)
(424.0,424.0)
(424.0,424.0)
(386.0,424.0)
(425.0,425.0)
(425.0,425.0)
(425.0,425.0)
(425.0,425.0)
(425.0,425.0)
(425.0,425.0)
(425.0,425.0)
(425.0,425.0)
(425.0,425.0)
(425.0,425.0)
(425.0,425.0)
(425.0,425.0)
(427.0,425.0)
(425.0,425.0)
(425.0,425.0)
(425.0,425.0)
(425.0,425.0)
(810.0,425.0)
(435.0,425.0)
(425.0,425.0)
(435.0,425.0)
(427.0,425.0)
(425.0,425.0)
(425.0,425.0)
(425.0,425.0)
(425.0,425.0)
(425.0,425.0)
(435.0,425.0)
(425.0,425.0)
(425.0,425.0)
(425.0,425.0)
(425.0,425.0)
(425.0,425.0)
(425.0,425.0)
(425.0,425.0)
(435.0,425.0)
(425.0,425.0)
(425.0,425.0)
(425.0,425.0)
(425.0,425.0)
(425.0,425.0)
(425.0,425.0)
(425.0,425.0)
(425.0,425.0)
(425.0,425.0)
(425.0,425.0)
(425.0,425.0)
(425.0,425.0)
(425.0,425.0)
(425.0,425.0)
(425.0,425.0)
(425.0,425.0)
(425.0,425.0)
(425.0,425.0)
(425.0,425.0)
(435.0,425.0)
(382.0,425.0)
(425.0,425.0)
(425.0,425.0)
(425.0,425.0)
(425.0,425.0)
(425.0,425.0)
(435.0,425.0)
(427.0,425.0)
(425.0,425.0)
(425.0,425.0)
(425.0,425.0)
(425.0,425.0)
(425.0,425.0)
(435.0,425.0)
(425.0,425.0)
(425.0,425.0)
(361.0,425.0)
(425.0,425.0)
(425.0,425.0)
(425.0,425.0)
(427.0,425.0)
(433.0,425.0)
(425.0,425.0)
(427.0,425.0)
(425.0,425.0)
(425.0,425.0)
(425.0,425.0)
(425.0,425.0)
(425.0,425.0)
(425.0,425.0)
(425.0,425.0)
(427.0,425.0)
(425.0,425.0)
(427.0,425.0)
(425.0,425.0)
(425.0,425.0)
(425.0,425.0)
(425.0,425.0)
(425.0,425.0)
(406.0,425.0)
(425.0,425.0)
(425.0,425.0)
(425.0,425.0)
(425.0,425.0)
(425.0,425.0)
(425.0,425.0)
(425.0,425.0)
(425.0,425.0)
(427.0,425.0)
(435.0,425.0)
(425.0,425.0)
(425.0,425.0)
(425.0,425.0)
(427.0,425.0)
(433.0,425.0)
(425.0,425.0)
(425.0,425.0)
(425.0,425.0)
(425.0,425.0)
(425.0,425.0)
(425.0,425.0)
(425.0,425.0)
(425.0,425.0)
(425.0,425.0)
(425.0,425.0)
(425.0,425.0)
(425.0,425.0)
(425.0,425.0)
(425.0,425.0)
(425.0,425.0)
(425.0,425.0)
(435.0,425.0)
(425.0,425.0)
(435.0,425.0)
(425.0,425.0)
(425.0,425.0)
(425.0,425.0)
(425.0,425.0)
(425.0,425.0)
(425.0,425.0)
(425.0,425.0)
(425.0,425.0)
(425.0,425.0)
(425.0,425.0)
(406.0,425.0)
(425.0,425.0)
(810.0,425.0)
(425.0,425.0)
(425.0,425.0)
(425.0,425.0)
(435.0,425.0)
(425.0,425.0)
(425.0,425.0)
(425.0,425.0)
(810.0,425.0)
(425.0,425.0)
(425.0,425.0)
(435.0,425.0)
(786.0,425.0)
(435.0,425.0)
(435.0,425.0)
(462.0,425.0)
(425.0,425.0)
(425.0,425.0)
(425.0,425.0)
(425.0,425.0)
(435.0,425.0)
(425.0,425.0)
(425.0,425.0)
(427.0,425.0)
(425.0,425.0)
(427.0,425.0)
(425.0,425.0)
(425.0,425.0)
(425.0,425.0)
(425.0,425.0)
(425.0,425.0)
(425.0,425.0)
(425.0,425.0)
(425.0,425.0)
(425.0,425.0)
(425.0,425.0)
(425.0,425.0)
(425.0,425.0)
(425.0,425.0)
(425.0,425.0)
(426.0,425.0)
(425.0,425.0)
(425.0,425.0)
(425.0,425.0)
(425.0,425.0)
(425.0,425.0)
(425.0,425.0)
(425.0,425.0)
(425.0,425.0)
(425.0,425.0)
(425.0,425.0)
(435.0,425.0)
(425.0,425.0)
(447.0,425.0)
(785.0,425.0)
(479.0,425.0)
(785.0,425.0)
(425.0,425.0)
(427.0,425.0)
(425.0,425.0)
(448.0,425.0)
(433.0,425.0)
(425.0,425.0)
(757.0,425.0)
(425.0,425.0)
(382.0,425.0)
(427.0,425.0)
(425.0,425.0)
(427.0,425.0)
(425.0,425.0)
(427.0,425.0)
(435.0,425.0)
(427.0,425.0)
(785.0,425.0)
(425.0,425.0)
(785.0,425.0)
(367.0,425.0)
(785.0,425.0)
(427.0,425.0)
(785.0,425.0)
(425.0,425.0)
(425.0,425.0)
(425.0,425.0)
(435.0,425.0)
(387.0,425.0)
(425.0,425.0)
(785.0,425.0)
(425.0,425.0)
(427.0,425.0)
(435.0,425.0)
(433.0,425.0)
(461.0,425.0)
(756.0,425.0)
(427.0,425.0)
(427.0,425.0)
(785.0,425.0)
(435.0,425.0)
(452.0,425.0)
(425.0,425.0)
(382.0,425.0)
(427.0,425.0)
(425.0,425.0)
(425.0,425.0)
(785.0,425.0)
(427.0,425.0)
(435.0,425.0)
(425.0,425.0)
(785.0,425.0)
(754.0,425.0)
(425.0,425.0)
(810.0,425.0)
(435.0,425.0)
(427.0,425.0)
(427.0,425.0)
(425.0,425.0)
(425.0,425.0)
(425.0,425.0)
(425.0,425.0)
(382.0,425.0)
(435.0,425.0)
(432.0,425.0)
(435.0,425.0)
(425.0,425.0)
(452.0,425.0)
(427.0,425.0)
(427.0,425.0)
(756.0,425.0)
(435.0,425.0)
(435.0,425.0)
(425.0,425.0)
(425.0,425.0)
(785.0,425.0)
(382.0,425.0)
(427.0,425.0)
(425.0,425.0)
(425.0,425.0)
(425.0,425.0)
(435.0,425.0)
(469.0,425.0)
(435.0,425.0)
(425.0,425.0)
(756.0,425.0)
(785.0,425.0)
(425.0,425.0)
(382.0,425.0)
(367.0,425.0)
(785.0,425.0)
(435.0,425.0)
(475.0,425.0)
(425.0,425.0)
(425.0,425.0)
(756.0,425.0)
(427.0,425.0)
(786.0,425.0)
(435.0,425.0)
(785.0,425.0)
(427.0,425.0)
(425.0,425.0)
(786.0,425.0)
(425.0,425.0)
(786.0,425.0)
(425.0,425.0)
(425.0,425.0)
(425.0,425.0)
(459.0,425.0)
(425.0,425.0)
(427.0,425.0)
(435.0,425.0)
(756.0,425.0)
(435.0,425.0)
(749.0,425.0)
(425.0,425.0)
(457.0,425.0)
(382.0,425.0)
(435.0,425.0)
(785.0,425.0)
(425.0,425.0)
(459.0,425.0)
(425.0,425.0)
(425.0,425.0)
(425.0,425.0)
(427.0,425.0)
(427.0,425.0)
(435.0,425.0)
(785.0,425.0)
(425.0,425.0)
(427.0,425.0)
(479.0,425.0)
(287.0,425.0)
(425.0,425.0)
(785.0,425.0)
(368.0,425.0)
(425.0,425.0)
(435.0,425.0)
(469.0,425.0)
(435.0,425.0)
(382.0,425.0)
(785.0,425.0)
(435.0,425.0)
(786.0,425.0)
(435.0,425.0)
(427.0,425.0)
(427.0,425.0)
(425.0,425.0)
(785.0,425.0)
(435.0,425.0)
(427.0,425.0)
(787.0,425.0)
(785.0,425.0)
(785.0,425.0)
(771.0,425.0)
(785.0,425.0)
(427.0,425.0)
(785.0,425.0)
(425.0,425.0)
(425.0,425.0)
(427.0,425.0)
(427.0,425.0)
(432.0,425.0)
(427.0,425.0)
(427.0,425.0)
(475.0,425.0)
(427.0,425.0)
(754.0,425.0)
(425.0,425.0)
(425.0,425.0)
(427.0,425.0)
(425.0,425.0)
(403.0,425.0)
(425.0,425.0)
(425.0,425.0)
(479.0,425.0)
(435.0,425.0)
(433.0,425.0)
(425.0,425.0)
(427.0,425.0)
(435.0,425.0)
(435.0,425.0)
(425.0,425.0)
(425.0,425.0)
(432.0,425.0)
(427.0,425.0)
(398.0,425.0)
(425.0,425.0)
(425.0,425.0)
(435.0,425.0)
(435.0,425.0)
(425.0,425.0)
(425.0,425.0)
(435.0,425.0)
(425.0,425.0)
(427.0,425.0)
(425.0,425.0)
(435.0,425.0)
(427.0,425.0)
(785.0,425.0)
(425.0,425.0)
(426.0,425.0)
(435.0,425.0)
(435.0,425.0)
(425.0,425.0)
(425.0,425.0)
(425.0,425.0)
(425.0,425.0)
(435.0,425.0)
(427.0,425.0)
(425.0,425.0)
(435.0,425.0)
(425.0,425.0)
(425.0,425.0)
(427.0,425.0)
(425.0,425.0)
(435.0,425.0)
(425.0,425.0)
(435.0,425.0)
(425.0,425.0)
(425.0,425.0)
(426.0,425.0)
(425.0,425.0)
(425.0,425.0)
(425.0,425.0)
(435.0,425.0)
(435.0,425.0)
(425.0,425.0)
(425.0,425.0)
(425.0,425.0)
(435.0,425.0)
(425.0,425.0)
(425.0,425.0)
(425.0,425.0)
(425.0,425.0)
(425.0,425.0)
(435.0,425.0)
(435.0,425.0)
(792.0,425.0)
(425.0,425.0)
(425.0,425.0)
(435.0,425.0)
(435.0,425.0)
(435.0,425.0)
(435.0,425.0)
(425.0,425.0)
(425.0,425.0)
(435.0,425.0)
(435.0,425.0)
(425.0,425.0)
(435.0,425.0)
(435.0,425.0)
(435.0,425.0)
(425.0,425.0)
(792.0,425.0)
(425.0,425.0)
(425.0,425.0)
(425.0,425.0)
(425.0,425.0)
(435.0,425.0)
(435.0,425.0)
(425.0,425.0)
(435.0,425.0)
(426.0,425.0)
(435.0,425.0)
(425.0,425.0)
(425.0,425.0)
(435.0,425.0)
(793.0,425.0)
(425.0,425.0)
(425.0,425.0)
(425.0,425.0)
(425.0,425.0)
(425.0,425.0)
(425.0,425.0)
(406.0,425.0)
(435.0,425.0)
(425.0,425.0)
(425.0,425.0)
(425.0,425.0)
(435.0,425.0)
(425.0,425.0)
(425.0,425.0)
(427.0,425.0)
(425.0,425.0)
(425.0,425.0)
(435.0,425.0)
(435.0,425.0)
(743.0,425.0)
(425.0,425.0)
(435.0,425.0)
(425.0,425.0)
(435.0,425.0)
(425.0,425.0)
(425.0,425.0)
(425.0,425.0)
(425.0,425.0)
(425.0,425.0)
(425.0,425.0)
(435.0,425.0)
(425.0,425.0)
(425.0,425.0)
(427.0,425.0)
(425.0,425.0)
(427.0,425.0)
(435.0,425.0)
(425.0,425.0)
(425.0,425.0)
(425.0,425.0)
(435.0,425.0)
(425.0,425.0)
(425.0,425.0)
(435.0,425.0)
(435.0,425.0)
(425.0,425.0)
(447.0,425.0)
(425.0,425.0)
(435.0,425.0)
(425.0,425.0)
(435.0,425.0)
(435.0,425.0)
(427.0,425.0)
(785.0,425.0)
(425.0,425.0)
(435.0,425.0)
(435.0,425.0)
(425.0,425.0)
(425.0,425.0)
(435.0,425.0)
(425.0,425.0)
(435.0,425.0)
(786.0,425.0)
(435.0,425.0)
(435.0,425.0)
(425.0,425.0)
(425.0,425.0)
(425.0,425.0)
(425.0,425.0)
(425.0,425.0)
(435.0,425.0)
(425.0,425.0)
(435.0,425.0)
(425.0,425.0)
(435.0,425.0)
(425.0,425.0)
(425.0,425.0)
(435.0,425.0)
(786.0,425.0)
(425.0,425.0)
(425.0,425.0)
(425.0,425.0)
(435.0,425.0)
(425.0,425.0)
(425.0,425.0)
(435.0,425.0)
(425.0,425.0)
(425.0,425.0)
(425.0,425.0)
(435.0,425.0)
(425.0,425.0)
(786.0,425.0)
(435.0,425.0)
(425.0,425.0)
(433.0,425.0)
(425.0,425.0)
(435.0,425.0)
(425.0,425.0)
(425.0,425.0)
(425.0,425.0)
(435.0,425.0)
(425.0,425.0)
(425.0,425.0)
(425.0,425.0)
(427.0,425.0)
(435.0,425.0)
(425.0,425.0)
(425.0,425.0)
(427.0,425.0)
(425.0,425.0)
(425.0,425.0)
(427.0,425.0)
(425.0,425.0)
(425.0,425.0)
(785.0,425.0)
(425.0,425.0)
(425.0,425.0)
(427.0,425.0)
(786.0,425.0)
(425.0,425.0)
(425.0,425.0)
(479.0,425.0)
(425.0,425.0)
(425.0,425.0)
(435.0,425.0)
(785.0,425.0)
(435.0,425.0)
(425.0,425.0)
(406.0,425.0)
(425.0,425.0)
(425.0,425.0)
(786.0,425.0)
(435.0,425.0)
(425.0,425.0)
(425.0,425.0)
(425.0,425.0)
(425.0,425.0)
(425.0,425.0)
(425.0,425.0)
(425.0,425.0)
(425.0,425.0)
(425.0,425.0)
(785.0,425.0)
(425.0,425.0)
(427.0,425.0)
(425.0,425.0)
(425.0,425.0)
(435.0,425.0)
(425.0,425.0)
(425.0,425.0)
(425.0,425.0)
(425.0,425.0)
(425.0,425.0)
(425.0,425.0)
(425.0,425.0)
(425.0,425.0)
(425.0,425.0)
(425.0,425.0)
(425.0,425.0)
(425.0,425.0)
(425.0,425.0)
(425.0,425.0)
(425.0,425.0)
(427.0,425.0)
(785.0,425.0)
(425.0,425.0)
(425.0,425.0)
(425.0,425.0)
(425.0,425.0)
(427.0,425.0)
(425.0,425.0)
(425.0,425.0)
(425.0,425.0)
(425.0,425.0)
(425.0,425.0)
(425.0,425.0)
(427.0,425.0)
(435.0,425.0)
(435.0,425.0)
(435.0,425.0)
(427.0,425.0)
(426.0,425.0)
(425.0,425.0)
(425.0,425.0)
(425.0,425.0)
(425.0,425.0)
(425.0,425.0)
(425.0,425.0)
(425.0,425.0)
(425.0,425.0)
(425.0,425.0)
(427.0,425.0)
(425.0,425.0)
(425.0,425.0)
(425.0,425.0)
(425.0,425.0)
(425.0,425.0)
(425.0,425.0)
(425.0,425.0)
(425.0,425.0)
(425.0,425.0)
(425.0,425.0)
(425.0,425.0)
(425.0,425.0)
(426.0,425.0)
(425.0,425.0)
(425.0,425.0)
(425.0,425.0)
(427.0,425.0)
(425.0,425.0)
(435.0,425.0)
(425.0,425.0)
(427.0,425.0)
(425.0,425.0)
(425.0,425.0)
(425.0,425.0)
(425.0,425.0)
(425.0,425.0)
(425.0,425.0)
(425.0,425.0)
(427.0,425.0)
(435.0,425.0)
(425.0,425.0)
(435.0,425.0)
(425.0,425.0)
(425.0,425.0)
(425.0,425.0)
(427.0,425.0)
(435.0,425.0)
(425.0,425.0)
(425.0,425.0)
(425.0,425.0)
(427.0,425.0)
(425.0,425.0)
(435.0,425.0)
(786.0,425.0)
(425.0,425.0)
(425.0,425.0)
(425.0,425.0)
(785.0,425.0)
(425.0,425.0)
(425.0,425.0)
(425.0,425.0)
(425.0,425.0)
(425.0,425.0)
(435.0,425.0)
(425.0,425.0)
(425.0,425.0)
(426.0,425.0)
(792.0,425.0)
(435.0,425.0)
(425.0,425.0)
(425.0,425.0)
(425.0,425.0)
(425.0,425.0)
(425.0,425.0)
(425.0,425.0)
(425.0,425.0)
(425.0,425.0)
(427.0,425.0)
(425.0,425.0)
(785.0,425.0)
(425.0,425.0)
(425.0,425.0)
(425.0,425.0)
(425.0,425.0)
(425.0,425.0)
(425.0,425.0)
(435.0,425.0)
(425.0,425.0)
(435.0,425.0)
(425.0,425.0)
(426.0,425.0)
(425.0,425.0)
(425.0,425.0)
(425.0,425.0)
(425.0,425.0)
(382.0,425.0)
(455.0,425.0)
(786.0,425.0)
(425.0,425.0)
(425.0,425.0)
(425.0,425.0)
(425.0,425.0)
(425.0,425.0)
(425.0,425.0)
(427.0,425.0)
(425.0,425.0)
(425.0,425.0)
(425.0,425.0)
(785.0,425.0)
(425.0,425.0)
(425.0,425.0)
(425.0,425.0)
(447.0,425.0)
(425.0,425.0)
(425.0,425.0)
(435.0,425.0)
(425.0,425.0)
(435.0,425.0)
(425.0,425.0)
(425.0,425.0)
(447.0,425.0)
(425.0,425.0)
(425.0,425.0)
(425.0,425.0)
(425.0,425.0)
(427.0,425.0)
(425.0,425.0)
(425.0,425.0)
(425.0,425.0)
(425.0,425.0)
(425.0,425.0)
(425.0,425.0)
(425.0,425.0)
(425.0,425.0)
(427.0,425.0)
(425.0,425.0)
(425.0,425.0)
(425.0,425.0)
(425.0,425.0)
(427.0,425.0)
(427.0,425.0)
(425.0,425.0)
(425.0,425.0)
(425.0,425.0)
(427.0,425.0)
(425.0,425.0)
(425.0,425.0)
(435.0,425.0)
(425.0,425.0)
(435.0,425.0)
(435.0,425.0)
(425.0,425.0)
(425.0,425.0)
(425.0,425.0)
(425.0,425.0)
(425.0,425.0)
(792.0,425.0)
(785.0,425.0)
(435.0,425.0)
(425.0,425.0)
(425.0,425.0)
(435.0,425.0)
(425.0,425.0)
(425.0,425.0)
(435.0,425.0)
(435.0,425.0)
(425.0,425.0)
(425.0,425.0)
(425.0,425.0)
(425.0,425.0)
(425.0,425.0)
(425.0,425.0)
(425.0,425.0)
(427.0,425.0)
(785.0,425.0)
(785.0,425.0)
(425.0,425.0)
(435.0,425.0)
(425.0,425.0)
(785.0,425.0)
(754.0,425.0)
(425.0,425.0)
(425.0,425.0)
(425.0,425.0)
(425.0,425.0)
(425.0,425.0)
(786.0,425.0)
(382.0,425.0)
(425.0,425.0)
(413.0,425.0)
(425.0,425.0)
(785.0,425.0)
(425.0,425.0)
(425.0,425.0)
(425.0,425.0)
(427.0,425.0)
(425.0,425.0)
(425.0,425.0)
(425.0,425.0)
(425.0,425.0)
(454.0,425.0)
(786.0,425.0)
(435.0,425.0)
(425.0,425.0)
(435.0,425.0)
(427.0,425.0)
(425.0,425.0)
(425.0,425.0)
(425.0,425.0)
(425.0,425.0)
(425.0,425.0)
(368.0,425.0)
(435.0,425.0)
(435.0,425.0)
(425.0,425.0)
(425.0,425.0)
(406.0,425.0)
(425.0,425.0)
(435.0,425.0)
(435.0,425.0)
(425.0,425.0)
(425.0,425.0)
(425.0,425.0)
(425.0,425.0)
(425.0,425.0)
(425.0,425.0)
(425.0,425.0)
(425.0,425.0)
(425.0,425.0)
(425.0,425.0)
(406.0,425.0)
(425.0,425.0)
(425.0,425.0)
(406.0,425.0)
(425.0,425.0)
(435.0,425.0)
(425.0,425.0)
(425.0,425.0)
(425.0,425.0)
(425.0,425.0)
(425.0,425.0)
(425.0,425.0)
(425.0,425.0)
(447.0,425.0)
(425.0,425.0)
(425.0,425.0)
(435.0,425.0)
(427.0,425.0)
(435.0,425.0)
(425.0,425.0)
(427.0,425.0)
(435.0,425.0)
(425.0,425.0)
(425.0,425.0)
(427.0,425.0)
(425.0,425.0)
(435.0,425.0)
(441.0,425.0)
(427.0,425.0)
(425.0,425.0)
(425.0,425.0)
(435.0,425.0)
(427.0,425.0)
(425.0,425.0)
(425.0,425.0)
(427.0,425.0)
(427.0,425.0)
(425.0,425.0)
(425.0,425.0)
(425.0,425.0)
(406.0,425.0)
(425.0,425.0)
(427.0,425.0)
(425.0,425.0)
(425.0,425.0)
(425.0,425.0)
(425.0,425.0)
(792.0,425.0)
(425.0,425.0)
(425.0,425.0)
(425.0,425.0)
(425.0,425.0)
(425.0,425.0)
(425.0,425.0)
(425.0,425.0)
(425.0,425.0)
(425.0,425.0)
(425.0,425.0)
(425.0,425.0)
(425.0,425.0)
(425.0,425.0)
(425.0,425.0)
(425.0,425.0)
(435.0,425.0)
(425.0,425.0)
(427.0,425.0)
(427.0,425.0)
(425.0,425.0)
(425.0,425.0)
(425.0,425.0)
(435.0,425.0)
(427.0,425.0)
(425.0,425.0)
(425.0,425.0)
(425.0,425.0)
(425.0,425.0)
(425.0,425.0)
(435.0,425.0)
(425.0,425.0)
(427.0,425.0)
(425.0,425.0)
(435.0,425.0)
(425.0,425.0)
(785.0,425.0)
(425.0,425.0)
(425.0,425.0)
(425.0,425.0)
(435.0,425.0)
(425.0,425.0)
(435.0,425.0)
(425.0,425.0)
(425.0,425.0)
(425.0,425.0)
(425.0,425.0)
(425.0,425.0)
(425.0,425.0)
(425.0,425.0)
(425.0,425.0)
(425.0,425.0)
(425.0,425.0)
(425.0,425.0)
(425.0,425.0)
(425.0,425.0)
(425.0,425.0)
(425.0,425.0)
(435.0,425.0)
(425.0,425.0)
(793.0,425.0)
(427.0,425.0)
(786.0,425.0)
(425.0,425.0)
(425.0,425.0)
(425.0,425.0)
(425.0,425.0)
(425.0,425.0)
(425.0,425.0)
(425.0,425.0)
(425.0,425.0)
(425.0,425.0)
(425.0,425.0)
(442.0,425.0)
(425.0,425.0)
(425.0,425.0)
(427.0,425.0)
(785.0,425.0)
(425.0,425.0)
(425.0,425.0)
(425.0,425.0)
(447.0,425.0)
(425.0,425.0)
(427.0,425.0)
(425.0,425.0)
(425.0,425.0)
(425.0,425.0)
(425.0,425.0)
(425.0,425.0)
(425.0,425.0)
(425.0,425.0)
(425.0,425.0)
(425.0,425.0)
(425.0,425.0)
(425.0,425.0)
(425.0,425.0)
(368.0,425.0)
(425.0,425.0)
(425.0,425.0)
(425.0,425.0)
(425.0,425.0)
(425.0,425.0)
(425.0,425.0)
(425.0,425.0)
(425.0,425.0)
(785.0,425.0)
(427.0,425.0)
(425.0,425.0)
(784.0,425.0)
(427.0,425.0)
(425.0,425.0)
(425.0,425.0)
(427.0,425.0)
(435.0,425.0)
(425.0,425.0)
(427.0,425.0)
(425.0,425.0)
(425.0,425.0)
(425.0,425.0)
(427.0,425.0)
(427.0,425.0)
(435.0,425.0)
(425.0,425.0)
(425.0,425.0)
(435.0,425.0)
(435.0,425.0)
(427.0,425.0)
(425.0,425.0)
(425.0,425.0)
(425.0,425.0)
(425.0,425.0)
(427.0,425.0)
(425.0,425.0)
(425.0,425.0)
(455.0,425.0)
(406.0,425.0)
(435.0,425.0)
(425.0,425.0)
(425.0,425.0)
(425.0,425.0)
(425.0,425.0)
(425.0,425.0)
(425.0,425.0)
(435.0,425.0)
(425.0,425.0)
(425.0,425.0)
(425.0,425.0)
(447.0,425.0)
(435.0,425.0)
(425.0,425.0)
(425.0,425.0)
(427.0,425.0)
(425.0,425.0)
(425.0,425.0)
(425.0,425.0)
(425.0,425.0)
(425.0,425.0)
(426.0,425.0)
(425.0,425.0)
(435.0,425.0)
(447.0,425.0)
(792.0,425.0)
(427.0,425.0)
(425.0,425.0)
(425.0,425.0)
(425.0,425.0)
(425.0,425.0)
(425.0,425.0)
(425.0,425.0)
(425.0,425.0)
(425.0,425.0)
(425.0,425.0)
(792.0,425.0)
(425.0,425.0)
(427.0,425.0)
(427.0,425.0)
(425.0,425.0)
(413.0,425.0)
(427.0,425.0)
(425.0,425.0)
(425.0,425.0)
(425.0,425.0)
(425.0,425.0)
(425.0,425.0)
(425.0,425.0)
(425.0,425.0)
(425.0,425.0)
(435.0,425.0)
(427.0,425.0)
(425.0,425.0)
(425.0,425.0)
(425.0,425.0)
(425.0,425.0)
(425.0,425.0)
(425.0,425.0)
(427.0,425.0)
(425.0,425.0)
(425.0,425.0)
(425.0,425.0)
(425.0,425.0)
(425.0,425.0)
(425.0,425.0)
(362.0,425.0)
(785.0,425.0)
(425.0,425.0)
(425.0,425.0)
(435.0,425.0)
(425.0,425.0)
(425.0,425.0)
(425.0,425.0)
(425.0,425.0)
(425.0,425.0)
(425.0,425.0)
(425.0,425.0)
(425.0,425.0)
(425.0,425.0)
(425.0,425.0)
(427.0,425.0)
(427.0,425.0)
(425.0,425.0)
(425.0,425.0)
(435.0,425.0)
(425.0,425.0)
(425.0,425.0)
(425.0,425.0)
(425.0,425.0)
(435.0,425.0)
(425.0,425.0)
(435.0,425.0)
(425.0,425.0)
(427.0,425.0)
(425.0,425.0)
(457.0,425.0)
(425.0,425.0)
(425.0,425.0)
(756.0,425.0)
(425.0,425.0)
(425.0,425.0)
(425.0,425.0)
(425.0,425.0)
(425.0,425.0)
(368.0,425.0)
(425.0,425.0)
(425.0,425.0)
(435.0,425.0)
(787.0,425.0)
(382.0,425.0)
(425.0,425.0)
(425.0,425.0)
(425.0,425.0)
(425.0,425.0)
(787.0,425.0)
(427.0,425.0)
(425.0,425.0)
(785.0,425.0)
(425.0,425.0)
(756.0,425.0)
(785.0,425.0)
(425.0,425.0)
(425.0,425.0)
(435.0,425.0)
(425.0,425.0)
(435.0,425.0)
(785.0,425.0)
(479.0,425.0)
(435.0,425.0)
(786.0,425.0)
(427.0,425.0)
(425.0,425.0)
(425.0,425.0)
(469.0,425.0)
(425.0,425.0)
(425.0,425.0)
(425.0,425.0)
(435.0,425.0)
(786.0,425.0)
(433.0,425.0)
(425.0,425.0)
(425.0,425.0)
(425.0,425.0)
(427.0,425.0)
(435.0,425.0)
(435.0,425.0)
(425.0,425.0)
(447.0,425.0)
(425.0,425.0)
(433.0,425.0)
(425.0,425.0)
(427.0,425.0)
(756.0,425.0)
(425.0,425.0)
(427.0,425.0)
(425.0,425.0)
(435.0,425.0)
(425.0,425.0)
(457.0,425.0)
(425.0,425.0)
(756.0,425.0)
(432.0,425.0)
(792.0,425.0)
(425.0,425.0)
(425.0,425.0)
(786.0,425.0)
(425.0,425.0)
(425.0,425.0)
(427.0,425.0)
(433.0,425.0)
(427.0,425.0)
(433.0,425.0)
(425.0,425.0)
(425.0,425.0)
(427.0,425.0)
(785.0,425.0)
(425.0,425.0)
(435.0,425.0)
(756.0,425.0)
(425.0,425.0)
(785.0,425.0)
(435.0,425.0)
(432.0,425.0)
(425.0,425.0)
(425.0,425.0)
(425.0,425.0)
(425.0,425.0)
(425.0,425.0)
(785.0,425.0)
(425.0,425.0)
(425.0,425.0)
(427.0,425.0)
(425.0,425.0)
(425.0,425.0)
(427.0,425.0)
(756.0,425.0)
(425.0,425.0)
(427.0,425.0)
(427.0,425.0)
(756.0,425.0)
(457.0,425.0)
(427.0,425.0)
(786.0,425.0)
(756.0,425.0)
(425.0,425.0)
(425.0,425.0)
(425.0,425.0)
(425.0,425.0)
(427.0,425.0)
(425.0,425.0)
(425.0,425.0)
(425.0,425.0)
(425.0,425.0)
(425.0,425.0)
(425.0,425.0)
(428.0,425.0)
(425.0,425.0)
(785.0,425.0)
(425.0,425.0)
(425.0,425.0)
(447.0,425.0)
(368.0,425.0)
(425.0,425.0)
(425.0,425.0)
(435.0,425.0)
(425.0,425.0)
(428.0,425.0)
(425.0,425.0)
(425.0,425.0)
(435.0,425.0)
(425.0,425.0)
(457.0,425.0)
(425.0,425.0)
(425.0,425.0)
(425.0,425.0)
(435.0,425.0)
(425.0,425.0)
(425.0,425.0)
(368.0,425.0)
(387.0,425.0)
(425.0,425.0)
(786.0,425.0)
(756.0,425.0)
(425.0,425.0)
(427.0,425.0)
(425.0,425.0)
(425.0,425.0)
(435.0,425.0)
(425.0,425.0)
(425.0,425.0)
(785.0,425.0)
(435.0,425.0)
(425.0,425.0)
(785.0,425.0)
(425.0,425.0)
(425.0,425.0)
(435.0,425.0)
(475.0,425.0)
(475.0,425.0)
(425.0,425.0)
(469.0,425.0)
(425.0,425.0)
(435.0,425.0)
(425.0,425.0)
(756.0,425.0)
(425.0,425.0)
(479.0,425.0)
(425.0,425.0)
(425.0,425.0)
(435.0,425.0)
(756.0,425.0)
(425.0,425.0)
(435.0,425.0)
(427.0,425.0)
(425.0,425.0)
(425.0,425.0)
(380.0,425.0)
(427.0,425.0)
(427.0,425.0)
(435.0,425.0)
(425.0,425.0)
(425.0,425.0)
(425.0,425.0)
(756.0,425.0)
(435.0,425.0)
(433.0,425.0)
(425.0,425.0)
(425.0,425.0)
(425.0,425.0)
(425.0,425.0)
(425.0,425.0)
(433.0,425.0)
(787.0,425.0)
(425.0,425.0)
(388.0,424.0)
(424.0,424.0)
(422.0,424.0)
(763.0,424.0)
(763.0,424.0)
(399.0,424.0)
(424.0,424.0)
(424.0,424.0)
(763.0,424.0)
(763.0,424.0)
(388.0,424.0)
(424.0,424.0)
(763.0,424.0)
(763.0,424.0)
(388.0,424.0)
(389.0,424.0)
(763.0,424.0)
(763.0,424.0)
(431.0,424.0)
(763.0,424.0)
(763.0,424.0)
(424.0,424.0)
(424.0,424.0)
(763.0,424.0)
(388.0,424.0)
(424.0,424.0)
(388.0,424.0)
(424.0,424.0)
(763.0,424.0)
(424.0,424.0)
(424.0,424.0)
(424.0,424.0)
(424.0,424.0)
(763.0,424.0)
(763.0,424.0)
(763.0,424.0)
(424.0,424.0)
(424.0,424.0)
(424.0,424.0)
(399.0,424.0)
(763.0,424.0)
(763.0,424.0)
(763.0,424.0)
(763.0,424.0)
(763.0,424.0)
(763.0,424.0)
(388.0,424.0)
(388.0,424.0)
(424.0,424.0)
(388.0,424.0)
(424.0,424.0)
(388.0,424.0)
(424.0,424.0)
(402.0,424.0)
(388.0,424.0)
(430.0,424.0)
(388.0,424.0)
(763.0,424.0)
(388.0,424.0)
(763.0,424.0)
(424.0,424.0)
(763.0,424.0)
(763.0,424.0)
(424.0,424.0)
(763.0,424.0)
(424.0,424.0)
(388.0,424.0)
(763.0,424.0)
(421.0,424.0)
(391.0,424.0)
(424.0,424.0)
(424.0,424.0)
(424.0,424.0)
(424.0,424.0)
(763.0,424.0)
(424.0,424.0)
(461.0,424.0)
(763.0,424.0)
(399.0,424.0)
(424.0,424.0)
(424.0,424.0)
(461.0,424.0)
(763.0,424.0)
(388.0,424.0)
(424.0,424.0)
(763.0,424.0)
(386.0,424.0)
(424.0,424.0)
(388.0,424.0)
(424.0,424.0)
(460.0,424.0)
(763.0,424.0)
(388.0,424.0)
(763.0,424.0)
(763.0,424.0)
(388.0,424.0)
(424.0,424.0)
(763.0,424.0)
(421.0,424.0)
(388.0,424.0)
(388.0,424.0)
(388.0,424.0)
(424.0,424.0)
(763.0,424.0)
(388.0,424.0)
(460.0,424.0)
(388.0,424.0)
(388.0,424.0)
(388.0,424.0)
(388.0,424.0)
(391.0,424.0)
(460.0,424.0)
(763.0,424.0)
(399.0,424.0)
(763.0,424.0)
(388.0,424.0)
(763.0,424.0)
(388.0,424.0)
(424.0,424.0)
(402.0,424.0)
(388.0,424.0)
(388.0,424.0)
(388.0,424.0)
(763.0,424.0)
(763.0,424.0)
(388.0,424.0)
(388.0,424.0)
(424.0,424.0)
(424.0,424.0)
(763.0,424.0)
(424.0,424.0)
(424.0,424.0)
(424.0,424.0)
(424.0,424.0)
(763.0,424.0)
(460.0,424.0)
(388.0,424.0)
(763.0,424.0)
(424.0,424.0)
(763.0,424.0)
(424.0,424.0)
(399.0,424.0)
(763.0,424.0)
(388.0,424.0)
(424.0,424.0)
(763.0,424.0)
(424.0,424.0)
(388.0,424.0)
(424.0,424.0)
(424.0,424.0)
(763.0,424.0)
(424.0,424.0)
(455.0,424.0)
(424.0,424.0)
(424.0,424.0)
(763.0,424.0)
(424.0,424.0)
(763.0,424.0)
(399.0,424.0)
(388.0,424.0)
(460.0,424.0)
(388.0,424.0)
(763.0,424.0)
(388.0,424.0)
(399.0,424.0)
(388.0,424.0)
(388.0,424.0)
(763.0,424.0)
(424.0,424.0)
(763.0,424.0)
(763.0,424.0)
(388.0,424.0)
(763.0,424.0)
(402.0,424.0)
(424.0,424.0)
(763.0,424.0)
(424.0,424.0)
(399.0,424.0)
(763.0,424.0)
(388.0,424.0)
(763.0,424.0)
(424.0,424.0)
(424.0,424.0)
(763.0,424.0)
(763.0,424.0)
(763.0,424.0)
(763.0,424.0)
(388.0,424.0)
(424.0,424.0)
(763.0,424.0)
(388.0,424.0)
(424.0,424.0)
(763.0,424.0)
(399.0,424.0)
(460.0,424.0)
(424.0,424.0)
(763.0,424.0)
(424.0,424.0)
(763.0,424.0)
(763.0,424.0)
(388.0,424.0)
(784.0,424.0)
(388.0,424.0)
(424.0,424.0)
(424.0,424.0)
(763.0,424.0)
(422.0,424.0)
(458.0,424.0)
(388.0,424.0)
(763.0,424.0)
(424.0,424.0)
(388.0,424.0)
(763.0,424.0)
(763.0,424.0)
(763.0,424.0)
(763.0,424.0)
(424.0,424.0)
(424.0,424.0)
(424.0,424.0)
(763.0,424.0)
(424.0,424.0)
(424.0,424.0)
(424.0,424.0)
(386.0,424.0)
(424.0,424.0)
(388.0,424.0)
(424.0,424.0)
(388.0,424.0)
(460.0,424.0)
(763.0,424.0)
(763.0,424.0)
(388.0,424.0)
(386.0,424.0)
(763.0,424.0)
(386.0,424.0)
(763.0,424.0)
(424.0,424.0)
(388.0,424.0)
(386.0,424.0)
(763.0,424.0)
(402.0,424.0)
(388.0,424.0)
(763.0,424.0)
(763.0,424.0)
(402.0,424.0)
(424.0,424.0)
(386.0,424.0)
(424.0,424.0)
(763.0,424.0)
(763.0,424.0)
(763.0,424.0)
(763.0,424.0)
(388.0,424.0)
(388.0,424.0)
(388.0,424.0)
(424.0,424.0)
(763.0,424.0)
(763.0,424.0)
(460.0,424.0)
(424.0,424.0)
(763.0,424.0)
(763.0,424.0)
(424.0,424.0)
(388.0,424.0)
(424.0,424.0)
(424.0,424.0)
(424.0,424.0)
(763.0,424.0)
(763.0,424.0)
(388.0,424.0)
(424.0,424.0)
(388.0,424.0)
(763.0,424.0)
(422.0,424.0)
(424.0,424.0)
(388.0,424.0)
(763.0,424.0)
(763.0,424.0)
(424.0,424.0)
(424.0,424.0)
(424.0,424.0)
(763.0,424.0)
(460.0,424.0)
(763.0,424.0)
(424.0,424.0)
(388.0,424.0)
(399.0,424.0)
(424.0,424.0)
(763.0,424.0)
(763.0,424.0)
(763.0,424.0)
(388.0,424.0)
(424.0,424.0)
(424.0,424.0)
(763.0,424.0)
(763.0,424.0)
(763.0,424.0)
(402.0,424.0)
(388.0,424.0)
(386.0,424.0)
(784.0,424.0)
(424.0,424.0)
(388.0,424.0)
(763.0,424.0)
(763.0,424.0)
(424.0,424.0)
(399.0,424.0)
(424.0,424.0)
(388.0,424.0)
(424.0,424.0)
(424.0,424.0)
(424.0,424.0)
(763.0,424.0)
(763.0,424.0)
(388.0,424.0)
(388.0,424.0)
(763.0,424.0)
(424.0,424.0)
(763.0,424.0)
(381.0,424.0)
(763.0,424.0)
(763.0,424.0)
(388.0,424.0)
(763.0,424.0)
(424.0,424.0)
(424.0,424.0)
(424.0,424.0)
(763.0,424.0)
(763.0,424.0)
(460.0,424.0)
(763.0,424.0)
(424.0,424.0)
(388.0,424.0)
(388.0,424.0)
(763.0,424.0)
(763.0,424.0)
(763.0,424.0)
(424.0,424.0)
(424.0,424.0)
(424.0,424.0)
(763.0,424.0)
(763.0,424.0)
(763.0,424.0)
(763.0,424.0)
(424.0,424.0)
(763.0,424.0)
(388.0,424.0)
(421.0,424.0)
(763.0,424.0)
(388.0,424.0)
(763.0,424.0)
(424.0,424.0)
(424.0,424.0)
(763.0,424.0)
(424.0,424.0)
(388.0,424.0)
(424.0,424.0)
(424.0,424.0)
(763.0,424.0)
(388.0,424.0)
(388.0,424.0)
(763.0,424.0)
(388.0,424.0)
(424.0,424.0)
(424.0,424.0)
(763.0,424.0)
(763.0,424.0)
(424.0,424.0)
(424.0,424.0)
(424.0,424.0)
(424.0,424.0)
(424.0,424.0)
(763.0,424.0)
(771.0,424.0)
(424.0,424.0)
(424.0,424.0)
(424.0,424.0)
(763.0,424.0)
(391.0,424.0)
(388.0,424.0)
(388.0,424.0)
(424.0,424.0)
(763.0,424.0)
(424.0,424.0)
(403.0,424.0)
(763.0,424.0)
(763.0,424.0)
(424.0,424.0)
(388.0,424.0)
(424.0,424.0)
(424.0,424.0)
(388.0,424.0)
(424.0,424.0)
(386.0,424.0)
(388.0,424.0)
(388.0,424.0)
(424.0,424.0)
(763.0,424.0)
(464.0,424.0)
(424.0,424.0)
(388.0,424.0)
(763.0,424.0)
(424.0,424.0)
(386.0,424.0)
(763.0,424.0)
(763.0,424.0)
(424.0,424.0)
(424.0,424.0)
(460.0,424.0)
(763.0,424.0)
(388.0,424.0)
(391.0,424.0)
(460.0,424.0)
(763.0,424.0)
(424.0,424.0)
(388.0,424.0)
(424.0,424.0)
(424.0,424.0)
(763.0,424.0)
(386.0,424.0)
(424.0,424.0)
(424.0,424.0)
(424.0,424.0)
(386.0,424.0)
(763.0,424.0)
(386.0,424.0)
(424.0,424.0)
(388.0,424.0)
(399.0,424.0)
(424.0,424.0)
(387.0,424.0)
(763.0,424.0)
(460.0,424.0)
(469.0,424.0)
(421.0,424.0)
(429.0,424.0)
(386.0,424.0)
(424.0,424.0)
(399.0,424.0)
(388.0,424.0)
(388.0,424.0)
(424.0,424.0)
(763.0,424.0)
(388.0,424.0)
(763.0,424.0)
(388.0,424.0)
(388.0,424.0)
(424.0,424.0)
(388.0,424.0)
(421.0,424.0)
(388.0,424.0)
(424.0,424.0)
(424.0,424.0)
(388.0,424.0)
(763.0,424.0)
(424.0,424.0)
(388.0,424.0)
(763.0,424.0)
(424.0,424.0)
(460.0,424.0)
(424.0,424.0)
(391.0,424.0)
(424.0,424.0)
(424.0,424.0)
(388.0,424.0)
(399.0,424.0)
(424.0,424.0)
(483.0,424.0)
(424.0,424.0)
(763.0,424.0)
(424.0,424.0)
(424.0,424.0)
(424.0,424.0)
(388.0,424.0)
(388.0,424.0)
(388.0,424.0)
(424.0,424.0)
(416.0,424.0)
(388.0,424.0)
(763.0,424.0)
(424.0,424.0)
(763.0,424.0)
(399.0,424.0)
(388.0,424.0)
(388.0,424.0)
(386.0,424.0)
(388.0,424.0)
(424.0,424.0)
(460.0,424.0)
(763.0,424.0)
(798.0,424.0)
(763.0,424.0)
(388.0,424.0)
(461.0,424.0)
(388.0,424.0)
(448.0,424.0)
(388.0,424.0)
(424.0,424.0)
(424.0,424.0)
(763.0,424.0)
(763.0,424.0)
(424.0,424.0)
(388.0,424.0)
(388.0,424.0)
(763.0,424.0)
(763.0,424.0)
(448.0,424.0)
(771.0,424.0)
(388.0,424.0)
(388.0,424.0)
(424.0,424.0)
(763.0,424.0)
(424.0,424.0)
(388.0,424.0)
(424.0,424.0)
(424.0,424.0)
(424.0,424.0)
(388.0,424.0)
(424.0,424.0)
(424.0,424.0)
(763.0,424.0)
(424.0,424.0)
(410.0,424.0)
(386.0,424.0)
(763.0,424.0)
(763.0,424.0)
(424.0,424.0)
(386.0,424.0)
(424.0,424.0)
(424.0,424.0)
(388.0,424.0)
(771.0,424.0)
(388.0,424.0)
(416.0,424.0)
(763.0,424.0)
(388.0,424.0)
(771.0,424.0)
(388.0,424.0)
(388.0,424.0)
(424.0,424.0)
(388.0,424.0)
(802.0,424.0)
(424.0,424.0)
(421.0,424.0)
(424.0,424.0)
(388.0,424.0)
(388.0,424.0)
(763.0,424.0)
(402.0,424.0)
(424.0,424.0)
(388.0,424.0)
(421.0,424.0)
(388.0,424.0)
(424.0,424.0)
(424.0,424.0)
(763.0,424.0)
(424.0,424.0)
(388.0,424.0)
(388.0,424.0)
(460.0,424.0)
(424.0,424.0)
(763.0,424.0)
(771.0,424.0)
(424.0,424.0)
(434.0,424.0)
(424.0,424.0)
(424.0,424.0)
(460.0,424.0)
(424.0,424.0)
(388.0,424.0)
(424.0,424.0)
(438.0,424.0)
(763.0,424.0)
(763.0,424.0)
(388.0,424.0)
(388.0,424.0)
(763.0,424.0)
(402.0,424.0)
(424.0,424.0)
(388.0,424.0)
(424.0,424.0)
(763.0,424.0)
(424.0,424.0)
(388.0,424.0)
(386.0,424.0)
(424.0,424.0)
(386.0,424.0)
(388.0,424.0)
(763.0,424.0)
(430.0,424.0)
(424.0,424.0)
(424.0,424.0)
(388.0,424.0)
(763.0,424.0)
(460.0,424.0)
(761.0,424.0)
(388.0,424.0)
(763.0,424.0)
(763.0,424.0)
(763.0,424.0)
(763.0,424.0)
(460.0,424.0)
(424.0,424.0)
(460.0,424.0)
(424.0,424.0)
(388.0,424.0)
(763.0,424.0)
(388.0,424.0)
(424.0,424.0)
(424.0,424.0)
(424.0,424.0)
(388.0,424.0)
(388.0,424.0)
(763.0,424.0)
(434.0,424.0)
(763.0,424.0)
(424.0,424.0)
(424.0,424.0)
(434.0,424.0)
(798.0,424.0)
(763.0,424.0)
(763.0,424.0)
(424.0,424.0)
(424.0,424.0)
(763.0,424.0)
(424.0,424.0)
(763.0,424.0)
(430.0,424.0)
(424.0,424.0)
(388.0,424.0)
(388.0,424.0)
(421.0,424.0)
(424.0,424.0)
(386.0,424.0)
(763.0,424.0)
(424.0,424.0)
(388.0,424.0)
(763.0,424.0)
(424.0,424.0)
(424.0,424.0)
(784.0,424.0)
(763.0,424.0)
(424.0,424.0)
(388.0,424.0)
(424.0,424.0)
(763.0,424.0)
(763.0,424.0)
(386.0,424.0)
(388.0,424.0)
(763.0,424.0)
(763.0,424.0)
(388.0,424.0)
(399.0,424.0)
(424.0,424.0)
(763.0,424.0)
(424.0,424.0)
(388.0,424.0)
(424.0,424.0)
(763.0,424.0)
(388.0,424.0)
(802.0,424.0)
(763.0,424.0)
(388.0,424.0)
(763.0,424.0)
(424.0,424.0)
(763.0,424.0)
(421.0,424.0)
(424.0,424.0)
(424.0,424.0)
(763.0,424.0)
(399.0,424.0)
(771.0,424.0)
(763.0,424.0)
(424.0,424.0)
(388.0,424.0)
(424.0,424.0)
(388.0,424.0)
(763.0,424.0)
(763.0,424.0)
(763.0,424.0)
(386.0,424.0)
(388.0,424.0)
(424.0,424.0)
(763.0,424.0)
(763.0,424.0)
(424.0,424.0)
(388.0,424.0)
(386.0,424.0)
(763.0,424.0)
(424.0,424.0)
(763.0,424.0)
(424.0,424.0)
(388.0,424.0)
(763.0,424.0)
(460.0,424.0)
(763.0,424.0)
(763.0,424.0)
(388.0,424.0)
(388.0,424.0)
(388.0,424.0)
(388.0,424.0)
(424.0,424.0)
(424.0,424.0)
(388.0,424.0)
(388.0,424.0)
(763.0,424.0)
(424.0,424.0)
(424.0,424.0)
(424.0,424.0)
(763.0,424.0)
(763.0,424.0)
(763.0,424.0)
(424.0,424.0)
(763.0,424.0)
(424.0,424.0)
(763.0,424.0)
(424.0,424.0)
(424.0,424.0)
(388.0,424.0)
(763.0,424.0)
(763.0,424.0)
(388.0,424.0)
(424.0,424.0)
(424.0,424.0)
(424.0,424.0)
(763.0,424.0)
(424.0,424.0)
(424.0,424.0)
(388.0,424.0)
(424.0,424.0)
(763.0,424.0)
(763.0,424.0)
(424.0,424.0)
(424.0,424.0)
(763.0,424.0)
(399.0,424.0)
(424.0,424.0)
(424.0,424.0)
(388.0,424.0)
(424.0,424.0)
(424.0,424.0)
(771.0,424.0)
(424.0,424.0)
(386.0,424.0)
(763.0,424.0)
(388.0,424.0)
(763.0,424.0)
(424.0,424.0)
(763.0,424.0)
(421.0,424.0)
(430.0,424.0)
(763.0,424.0)
(763.0,424.0)
(424.0,424.0)
(388.0,424.0)
(763.0,424.0)
(424.0,424.0)
(763.0,424.0)
(388.0,424.0)
(424.0,424.0)
(388.0,424.0)
(763.0,424.0)
(424.0,424.0)
(763.0,424.0)
(388.0,424.0)
(763.0,424.0)
(763.0,424.0)
(388.0,424.0)
(461.0,424.0)
(388.0,424.0)
(763.0,424.0)
(424.0,424.0)
(390.0,424.0)
(388.0,424.0)
(424.0,424.0)
(424.0,424.0)
(424.0,424.0)
(424.0,424.0)
(763.0,424.0)
(798.0,424.0)
(763.0,424.0)
(763.0,424.0)
(461.0,424.0)
(763.0,424.0)
(763.0,424.0)
(424.0,424.0)
(424.0,424.0)
(388.0,424.0)
(424.0,424.0)
(424.0,424.0)
(424.0,424.0)
(422.0,424.0)
(388.0,424.0)
(399.0,424.0)
(388.0,424.0)
(763.0,424.0)
(388.0,424.0)
(763.0,424.0)
(466.0,424.0)
(763.0,424.0)
(424.0,424.0)
(399.0,424.0)
(388.0,424.0)
(388.0,424.0)
(763.0,424.0)
(424.0,424.0)
(386.0,424.0)
(763.0,424.0)
(424.0,424.0)
(402.0,424.0)
(388.0,424.0)
(763.0,424.0)
(424.0,424.0)
(424.0,424.0)
(763.0,424.0)
(424.0,424.0)
(388.0,424.0)
(399.0,424.0)
(763.0,424.0)
(424.0,424.0)
(424.0,424.0)
(424.0,424.0)
(388.0,424.0)
(424.0,424.0)
(424.0,424.0)
(763.0,424.0)
(802.0,424.0)
(421.0,424.0)
(763.0,424.0)
(388.0,424.0)
(424.0,424.0)
(763.0,424.0)
(388.0,424.0)
(763.0,424.0)
(388.0,424.0)
(763.0,424.0)
(424.0,424.0)
(763.0,424.0)
(763.0,424.0)
(388.0,424.0)
(763.0,424.0)
(388.0,424.0)
(424.0,424.0)
(386.0,424.0)
(763.0,424.0)
(388.0,424.0)
(430.0,424.0)
(391.0,424.0)
(386.0,424.0)
(763.0,424.0)
(424.0,424.0)
(388.0,424.0)
(763.0,424.0)
(771.0,424.0)
(424.0,424.0)
(424.0,424.0)
(763.0,424.0)
(424.0,424.0)
(388.0,424.0)
(424.0,424.0)
(763.0,424.0)
(430.0,424.0)
(763.0,424.0)
(402.0,424.0)
(763.0,424.0)
(388.0,424.0)
(763.0,424.0)
(802.0,424.0)
(763.0,424.0)
(424.0,424.0)
(763.0,424.0)
(388.0,424.0)
(763.0,424.0)
(763.0,424.0)
(388.0,424.0)
(424.0,424.0)
(763.0,424.0)
(460.0,424.0)
(424.0,424.0)
(763.0,424.0)
(424.0,424.0)
(424.0,424.0)
(424.0,424.0)
(424.0,424.0)
(424.0,424.0)
(388.0,424.0)
(388.0,424.0)
(424.0,424.0)
(448.0,424.0)
(424.0,424.0)
(424.0,424.0)
(763.0,424.0)
(388.0,424.0)
(763.0,424.0)
(388.0,424.0)
(424.0,424.0)
(763.0,424.0)
(424.0,424.0)
(763.0,424.0)
(398.0,424.0)
(388.0,424.0)
(421.0,424.0)
(424.0,424.0)
(388.0,424.0)
(424.0,424.0)
(413.0,424.0)
(763.0,424.0)
(388.0,424.0)
(388.0,424.0)
(388.0,424.0)
(424.0,424.0)
(388.0,424.0)
(399.0,424.0)
(424.0,424.0)
(763.0,424.0)
(763.0,424.0)
(386.0,424.0)
(424.0,424.0)
(421.0,424.0)
(388.0,424.0)
(798.0,424.0)
(763.0,424.0)
(424.0,424.0)
(424.0,424.0)
(424.0,424.0)
(424.0,424.0)
(763.0,424.0)
(424.0,424.0)
(763.0,424.0)
(763.0,424.0)
(424.0,424.0)
(763.0,424.0)
(424.0,424.0)
(388.0,424.0)
(388.0,424.0)
(388.0,424.0)
(763.0,424.0)
(460.0,424.0)
(763.0,424.0)
(424.0,424.0)
(391.0,424.0)
(763.0,424.0)
(424.0,424.0)
(388.0,424.0)
(424.0,424.0)
(424.0,424.0)
(424.0,424.0)
(424.0,424.0)
(424.0,424.0)
(763.0,424.0)
(388.0,424.0)
(388.0,424.0)
(424.0,424.0)
(424.0,424.0)
(424.0,424.0)
(424.0,424.0)
(388.0,424.0)
(388.0,424.0)
(388.0,424.0)
(388.0,424.0)
(388.0,424.0)
(388.0,424.0)
(422.0,424.0)
(763.0,424.0)
(448.0,424.0)
(424.0,424.0)
(763.0,424.0)
(763.0,424.0)
(763.0,424.0)
(763.0,424.0)
(424.0,424.0)
(424.0,424.0)
(388.0,424.0)
(386.0,424.0)
(388.0,424.0)
(424.0,424.0)
(763.0,424.0)
(763.0,424.0)
(424.0,424.0)
(388.0,424.0)
(388.0,424.0)
(763.0,424.0)
(388.0,424.0)
(424.0,424.0)
(424.0,424.0)
(424.0,424.0)
(763.0,424.0)
(763.0,424.0)
(763.0,424.0)
(424.0,424.0)
(763.0,424.0)
(763.0,424.0)
(424.0,424.0)
(388.0,424.0)
(763.0,424.0)
(763.0,424.0)
(763.0,424.0)
(424.0,424.0)
(424.0,424.0)
(424.0,424.0)
(763.0,424.0)
(424.0,424.0)
(763.0,424.0)
(402.0,424.0)
(424.0,424.0)
(424.0,424.0)
(388.0,424.0)
(424.0,424.0)
(388.0,424.0)
(424.0,424.0)
(421.0,424.0)
(424.0,424.0)
(763.0,424.0)
(460.0,424.0)
(771.0,424.0)
(424.0,424.0)
(424.0,424.0)
(386.0,424.0)
(424.0,424.0)
(763.0,424.0)
(763.0,424.0)
(424.0,424.0)
(424.0,424.0)
(388.0,424.0)
(388.0,424.0)
(763.0,424.0)
(763.0,424.0)
(424.0,424.0)
(388.0,424.0)
(386.0,424.0)
(424.0,424.0)
(763.0,424.0)
(763.0,424.0)
(763.0,424.0)
(424.0,424.0)
(388.0,424.0)
(434.0,424.0)
(438.0,424.0)
(388.0,424.0)
(763.0,424.0)
(763.0,424.0)
(424.0,424.0)
(763.0,424.0)
(424.0,424.0)
(388.0,424.0)
(763.0,424.0)
(763.0,424.0)
(763.0,424.0)
(424.0,424.0)
(424.0,424.0)
(424.0,424.0)
(388.0,424.0)
(388.0,424.0)
(763.0,424.0)
(763.0,424.0)
(424.0,424.0)
(424.0,424.0)
(763.0,424.0)
(388.0,424.0)
(455.0,424.0)
(424.0,424.0)
(424.0,424.0)
(424.0,424.0)
(424.0,424.0)
(424.0,424.0)
(424.0,424.0)
(388.0,424.0)
(388.0,424.0)
(763.0,424.0)
(386.0,424.0)
(388.0,424.0)
(386.0,424.0)
(424.0,424.0)
(388.0,424.0)
(763.0,424.0)
(424.0,424.0)
(763.0,424.0)
(430.0,424.0)
(391.0,424.0)
(763.0,424.0)
(424.0,424.0)
(388.0,424.0)
(763.0,424.0)
(388.0,424.0)
(424.0,424.0)
(424.0,424.0)
(424.0,424.0)
(388.0,424.0)
(763.0,424.0)
(424.0,424.0)
(388.0,424.0)
(763.0,424.0)
(388.0,424.0)
(424.0,424.0)
(763.0,424.0)
(424.0,424.0)
(388.0,424.0)
(388.0,424.0)
(763.0,424.0)
(388.0,424.0)
(388.0,424.0)
(771.0,424.0)
(388.0,424.0)
(391.0,424.0)
(388.0,424.0)
(424.0,424.0)
(424.0,424.0)
(424.0,424.0)
(763.0,424.0)
(388.0,424.0)
(388.0,424.0)
(763.0,424.0)
(763.0,424.0)
(424.0,424.0)
(763.0,424.0)
(424.0,424.0)
(388.0,424.0)
(763.0,424.0)
(763.0,424.0)
(399.0,424.0)
(424.0,424.0)
(424.0,424.0)
(424.0,424.0)
(763.0,424.0)
(424.0,424.0)
(388.0,424.0)
(763.0,424.0)
(388.0,424.0)
(388.0,424.0)
(388.0,424.0)
(763.0,424.0)
(424.0,424.0)
(388.0,424.0)
(388.0,424.0)
(388.0,424.0)
(763.0,424.0)
(388.0,424.0)
(763.0,424.0)
(399.0,424.0)
(763.0,424.0)
(388.0,424.0)
(771.0,424.0)
(763.0,424.0)
(388.0,424.0)
(399.0,424.0)
(388.0,424.0)
(763.0,424.0)
(424.0,424.0)
(386.0,424.0)
(421.0,424.0)
(763.0,424.0)
(763.0,424.0)
(763.0,424.0)
(424.0,424.0)
(388.0,424.0)
(388.0,424.0)
(424.0,424.0)
(763.0,424.0)
(424.0,424.0)
(424.0,424.0)
(763.0,424.0)
(399.0,424.0)
(763.0,424.0)
(424.0,424.0)
(421.0,424.0)
(771.0,424.0)
(388.0,424.0)
(386.0,424.0)
(460.0,424.0)
(424.0,424.0)
(771.0,424.0)
(386.0,424.0)
(388.0,424.0)
(424.0,424.0)
(424.0,424.0)
(424.0,424.0)
(424.0,424.0)
(763.0,424.0)
(424.0,424.0)
(763.0,424.0)
(386.0,424.0)
(424.0,424.0)
(424.0,424.0)
(388.0,424.0)
(424.0,424.0)
(763.0,424.0)
(763.0,424.0)
(763.0,424.0)
(424.0,424.0)
(763.0,424.0)
(424.0,424.0)
(771.0,424.0)
(763.0,424.0)
(424.0,424.0)
(461.0,424.0)
(424.0,424.0)
(763.0,424.0)
(388.0,424.0)
(424.0,424.0)
(399.0,424.0)
(388.0,424.0)
(388.0,424.0)
(388.0,424.0)
(424.0,424.0)
(388.0,424.0)
(388.0,424.0)
(460.0,424.0)
(460.0,424.0)
(763.0,424.0)
(388.0,424.0)
(424.0,424.0)
(399.0,424.0)
(424.0,424.0)
(399.0,424.0)
(388.0,424.0)
(388.0,424.0)
(388.0,424.0)
(424.0,424.0)
(424.0,424.0)
(424.0,424.0)
(424.0,424.0)
(424.0,424.0)
(460.0,424.0)
(424.0,424.0)
(460.0,424.0)
(388.0,424.0)
(763.0,424.0)
(424.0,424.0)
(388.0,424.0)
(763.0,424.0)
(763.0,424.0)
(763.0,424.0)
(424.0,424.0)
(424.0,424.0)
(798.0,424.0)
(388.0,424.0)
(424.0,424.0)
(424.0,424.0)
(763.0,424.0)
(422.0,424.0)
(424.0,424.0)
(388.0,424.0)
(424.0,424.0)
(763.0,424.0)
(763.0,424.0)
(388.0,424.0)
(424.0,424.0)
(763.0,424.0)
(402.0,424.0)
(388.0,424.0)
(424.0,424.0)
(763.0,424.0)
(424.0,424.0)
(424.0,424.0)
(424.0,424.0)
(388.0,424.0)
(763.0,424.0)
(388.0,424.0)
(763.0,424.0)
(763.0,424.0)
(424.0,424.0)
(763.0,424.0)
(421.0,424.0)
(424.0,424.0)
(448.0,424.0)
(763.0,424.0)
(763.0,424.0)
(763.0,424.0)
(424.0,424.0)
(386.0,424.0)
(424.0,424.0)
(422.0,424.0)
(424.0,424.0)
(763.0,424.0)
(424.0,424.0)
(388.0,424.0)
(802.0,424.0)
(388.0,424.0)
(424.0,424.0)
(402.0,424.0)
(424.0,424.0)
(424.0,424.0)
(388.0,424.0)
(455.0,424.0)
(424.0,424.0)
(424.0,424.0)
(763.0,424.0)
(424.0,424.0)
(424.0,424.0)
(424.0,424.0)
(388.0,424.0)
(763.0,424.0)
(424.0,424.0)
(763.0,424.0)
(763.0,424.0)
(430.0,424.0)
(424.0,424.0)
(424.0,424.0)
(424.0,424.0)
(763.0,424.0)
(388.0,424.0)
(763.0,424.0)
(424.0,424.0)
(424.0,424.0)
(417.0,424.0)
(388.0,424.0)
(424.0,424.0)
(388.0,424.0)
(763.0,424.0)
(763.0,424.0)
(424.0,424.0)
(388.0,424.0)
(763.0,424.0)
(388.0,424.0)
(388.0,424.0)
(381.0,424.0)
(422.0,424.0)
(424.0,424.0)
(386.0,424.0)
(388.0,424.0)
(388.0,424.0)
(424.0,424.0)
(424.0,424.0)
(424.0,424.0)
(763.0,424.0)
(424.0,424.0)
(386.0,424.0)
(388.0,424.0)
(763.0,424.0)
(388.0,424.0)
(424.0,424.0)
(388.0,424.0)
(388.0,424.0)
(424.0,424.0)
(388.0,424.0)
(424.0,424.0)
(763.0,424.0)
(763.0,424.0)
(424.0,424.0)
(386.0,424.0)
(388.0,424.0)
(388.0,424.0)
(424.0,424.0)
(424.0,424.0)
(388.0,424.0)
(763.0,424.0)
(388.0,424.0)
(388.0,424.0)
(763.0,424.0)
(763.0,424.0)
(763.0,424.0)
(424.0,424.0)
(771.0,424.0)
(388.0,424.0)
(424.0,424.0)
(388.0,424.0)
(460.0,424.0)
(786.0,426.0)
(425.0,426.0)
(435.0,426.0)
(425.0,426.0)
(435.0,426.0)
(786.0,426.0)
(435.0,426.0)
(435.0,426.0)
(425.0,426.0)
(447.0,426.0)
(435.0,426.0)
(447.0,426.0)
(426.0,426.0)
(425.0,426.0)
(793.0,426.0)
(435.0,426.0)
(435.0,426.0)
(435.0,426.0)
(786.0,426.0)
(425.0,426.0)
(435.0,426.0)
(435.0,426.0)
(743.0,426.0)
(447.0,426.0)
(435.0,426.0)
(426.0,426.0)
(435.0,426.0)
(435.0,426.0)
(447.0,426.0)
(433.0,426.0)
(435.0,426.0)
(435.0,426.0)
(787.0,426.0)
(427.0,426.0)
(426.0,426.0)
(435.0,426.0)
(435.0,426.0)
(447.0,426.0)
(426.0,426.0)
(426.0,426.0)
(447.0,426.0)
(425.0,426.0)
(425.0,426.0)
(435.0,426.0)
(435.0,426.0)
(427.0,426.0)
(425.0,426.0)
(435.0,426.0)
(787.0,426.0)
(435.0,426.0)
(786.0,426.0)
(447.0,426.0)
(804.0,426.0)
(426.0,426.0)
(447.0,426.0)
(435.0,426.0)
(435.0,426.0)
(804.0,426.0)
(435.0,426.0)
(425.0,426.0)
(447.0,426.0)
(792.0,426.0)
(793.0,426.0)
(435.0,426.0)
(427.0,426.0)
(786.0,426.0)
(435.0,426.0)
(425.0,426.0)
(435.0,426.0)
(435.0,426.0)
(435.0,426.0)
(435.0,426.0)
(435.0,426.0)
(425.0,426.0)
(435.0,426.0)
(435.0,426.0)
(462.0,426.0)
(425.0,426.0)
(435.0,426.0)
(425.0,426.0)
(435.0,426.0)
(427.0,426.0)
(435.0,426.0)
(447.0,426.0)
(427.0,426.0)
(435.0,426.0)
(435.0,426.0)
(435.0,426.0)
(435.0,426.0)
(435.0,426.0)
(435.0,426.0)
(435.0,426.0)
(425.0,426.0)
(435.0,426.0)
(406.0,426.0)
(435.0,426.0)
(427.0,426.0)
(417.0,426.0)
(435.0,426.0)
(435.0,426.0)
(435.0,426.0)
(435.0,426.0)
(435.0,426.0)
(786.0,426.0)
(426.0,426.0)
(435.0,426.0)
(435.0,426.0)
(743.0,426.0)
(435.0,426.0)
(804.0,426.0)
(369.0,426.0)
(433.0,426.0)
(427.0,426.0)
(435.0,426.0)
(787.0,426.0)
(427.0,426.0)
(462.0,426.0)
(425.0,426.0)
(435.0,426.0)
(426.0,426.0)
(427.0,426.0)
(427.0,426.0)
(435.0,426.0)
(435.0,426.0)
(426.0,426.0)
(435.0,426.0)
(425.0,426.0)
(435.0,426.0)
(435.0,426.0)
(433.0,426.0)
(435.0,426.0)
(435.0,426.0)
(435.0,426.0)
(786.0,426.0)
(447.0,426.0)
(435.0,426.0)
(435.0,426.0)
(435.0,426.0)
(425.0,426.0)
(435.0,426.0)
(786.0,426.0)
(435.0,426.0)
(435.0,426.0)
(427.0,426.0)
(435.0,426.0)
(435.0,426.0)
(435.0,426.0)
(435.0,426.0)
(435.0,426.0)
(435.0,426.0)
(786.0,426.0)
(435.0,426.0)
(435.0,426.0)
(435.0,426.0)
(435.0,426.0)
(435.0,426.0)
(362.0,426.0)
(417.0,426.0)
(435.0,426.0)
(425.0,426.0)
(371.0,426.0)
(435.0,426.0)
(427.0,426.0)
(435.0,426.0)
(435.0,426.0)
(435.0,426.0)
(435.0,426.0)
(435.0,426.0)
(435.0,426.0)
(435.0,426.0)
(435.0,426.0)
(413.0,426.0)
(435.0,426.0)
(435.0,426.0)
(435.0,426.0)
(471.0,426.0)
(435.0,426.0)
(435.0,426.0)
(435.0,426.0)
(427.0,426.0)
(427.0,426.0)
(427.0,426.0)
(427.0,426.0)
(435.0,426.0)
(425.0,426.0)
(435.0,426.0)
(435.0,426.0)
(435.0,426.0)
(435.0,426.0)
(427.0,426.0)
(435.0,426.0)
(435.0,426.0)
(435.0,426.0)
(425.0,426.0)
(435.0,426.0)
(435.0,426.0)
(435.0,426.0)
(435.0,426.0)
(786.0,426.0)
(743.0,426.0)
(435.0,426.0)
(435.0,426.0)
(435.0,426.0)
(435.0,426.0)
(435.0,426.0)
(435.0,426.0)
(435.0,426.0)
(435.0,426.0)
(425.0,426.0)
(435.0,426.0)
(425.0,426.0)
(425.0,426.0)
(435.0,426.0)
(435.0,426.0)
(435.0,426.0)
(435.0,426.0)
(426.0,426.0)
(425.0,426.0)
(433.0,426.0)
(425.0,426.0)
(435.0,426.0)
(743.0,426.0)
(743.0,426.0)
(435.0,426.0)
(483.0,426.0)
(435.0,426.0)
(435.0,426.0)
(435.0,426.0)
(417.0,426.0)
(435.0,426.0)
(435.0,426.0)
(435.0,426.0)
(371.0,426.0)
(435.0,426.0)
(435.0,426.0)
(368.0,426.0)
(435.0,426.0)
(425.0,426.0)
(425.0,426.0)
(435.0,426.0)
(435.0,426.0)
(427.0,426.0)
(435.0,426.0)
(447.0,426.0)
(786.0,426.0)
(435.0,426.0)
(435.0,426.0)
(425.0,426.0)
(743.0,426.0)
(435.0,426.0)
(743.0,426.0)
(435.0,426.0)
(435.0,426.0)
(427.0,426.0)
(435.0,426.0)
(425.0,426.0)
(435.0,426.0)
(435.0,426.0)
(435.0,426.0)
(743.0,426.0)
(435.0,426.0)
(425.0,426.0)
(435.0,426.0)
(435.0,426.0)
(425.0,426.0)
(435.0,426.0)
(435.0,426.0)
(787.0,426.0)
(447.0,426.0)
(433.0,426.0)
(435.0,426.0)
(435.0,426.0)
(435.0,426.0)
(435.0,426.0)
(435.0,426.0)
(435.0,426.0)
(435.0,426.0)
(435.0,426.0)
(435.0,426.0)
(787.0,426.0)
(435.0,426.0)
(425.0,426.0)
(427.0,426.0)
(435.0,426.0)
(743.0,426.0)
(425.0,426.0)
(427.0,426.0)
(743.0,426.0)
(425.0,426.0)
(435.0,426.0)
(425.0,426.0)
(425.0,426.0)
(426.0,426.0)
(435.0,426.0)
(435.0,426.0)
(786.0,426.0)
(425.0,426.0)
(435.0,426.0)
(435.0,426.0)
(425.0,426.0)
(435.0,426.0)
(786.0,426.0)
(786.0,426.0)
(433.0,426.0)
(435.0,426.0)
(435.0,426.0)
(447.0,426.0)
(427.0,426.0)
(447.0,426.0)
(435.0,426.0)
(425.0,426.0)
(435.0,426.0)
(786.0,426.0)
(435.0,426.0)
(417.0,426.0)
(426.0,426.0)
(435.0,426.0)
(425.0,426.0)
(435.0,426.0)
(435.0,426.0)
(425.0,426.0)
(425.0,426.0)
(435.0,426.0)
(425.0,426.0)
(425.0,426.0)
(435.0,426.0)
(435.0,426.0)
(435.0,426.0)
(435.0,426.0)
(435.0,426.0)
(787.0,426.0)
(435.0,426.0)
(447.0,426.0)
(435.0,426.0)
(435.0,426.0)
(427.0,426.0)
(435.0,426.0)
(435.0,426.0)
(425.0,426.0)
(435.0,426.0)
(435.0,426.0)
(435.0,426.0)
(435.0,426.0)
(435.0,426.0)
(433.0,426.0)
(435.0,426.0)
(786.0,426.0)
(435.0,426.0)
(435.0,426.0)
(435.0,426.0)
(435.0,426.0)
(435.0,426.0)
(435.0,426.0)
(435.0,426.0)
(435.0,426.0)
(406.0,426.0)
(435.0,426.0)
(425.0,426.0)
(435.0,426.0)
(425.0,426.0)
(435.0,426.0)
(435.0,426.0)
(435.0,426.0)
(427.0,426.0)
(427.0,426.0)
(435.0,426.0)
(435.0,426.0)
(435.0,426.0)
(435.0,426.0)
(435.0,426.0)
(427.0,426.0)
(435.0,426.0)
(425.0,426.0)
(426.0,426.0)
(435.0,426.0)
(435.0,426.0)
(435.0,426.0)
(435.0,426.0)
(435.0,426.0)
(435.0,426.0)
(402.0,424.0)
(388.0,424.0)
(424.0,424.0)
(386.0,424.0)
(763.0,424.0)
(763.0,424.0)
(402.0,424.0)
(399.0,424.0)
(424.0,424.0)
(424.0,424.0)
(424.0,424.0)
(424.0,424.0)
(424.0,424.0)
(424.0,424.0)
(424.0,424.0)
(388.0,424.0)
(388.0,424.0)
(421.0,424.0)
(391.0,424.0)
(460.0,424.0)
(386.0,424.0)
(424.0,424.0)
(424.0,424.0)
(388.0,424.0)
(402.0,424.0)
(386.0,424.0)
(763.0,424.0)
(402.0,424.0)
(424.0,424.0)
(461.0,424.0)
(424.0,424.0)
(424.0,424.0)
(424.0,424.0)
(424.0,424.0)
(424.0,424.0)
(424.0,424.0)
(421.0,424.0)
(424.0,424.0)
(763.0,424.0)
(417.0,424.0)
(424.0,424.0)
(424.0,424.0)
(763.0,424.0)
(424.0,424.0)
(461.0,424.0)
(424.0,424.0)
(388.0,424.0)
(424.0,424.0)
(460.0,424.0)
(763.0,424.0)
(763.0,424.0)
(447.0,424.0)
(386.0,424.0)
(417.0,424.0)
(424.0,424.0)
(421.0,424.0)
(402.0,424.0)
(421.0,424.0)
(424.0,424.0)
(402.0,424.0)
(424.0,424.0)
(798.0,424.0)
(424.0,424.0)
(798.0,424.0)
(802.0,424.0)
(388.0,424.0)
(424.0,424.0)
(424.0,424.0)
(424.0,424.0)
(424.0,424.0)
(399.0,424.0)
(424.0,424.0)
(763.0,424.0)
(424.0,424.0)
(424.0,424.0)
(424.0,424.0)
(388.0,424.0)
(424.0,424.0)
(388.0,424.0)
(424.0,424.0)
(424.0,424.0)
(430.0,424.0)
(424.0,424.0)
(424.0,424.0)
(399.0,424.0)
(763.0,424.0)
(424.0,424.0)
(388.0,424.0)
(424.0,424.0)
(402.0,424.0)
(763.0,424.0)
(424.0,424.0)
(466.0,424.0)
(424.0,424.0)
(388.0,424.0)
(424.0,424.0)
(460.0,424.0)
(448.0,424.0)
(424.0,424.0)
(461.0,424.0)
(424.0,424.0)
(388.0,424.0)
(424.0,424.0)
(763.0,424.0)
(763.0,424.0)
(391.0,424.0)
(388.0,424.0)
(391.0,424.0)
(424.0,424.0)
(388.0,424.0)
(424.0,424.0)
(388.0,424.0)
(464.0,424.0)
(424.0,424.0)
(421.0,424.0)
(424.0,424.0)
(460.0,424.0)
(763.0,424.0)
(438.0,424.0)
(424.0,424.0)
(424.0,424.0)
(424.0,424.0)
(763.0,424.0)
(424.0,424.0)
(450.0,424.0)
(388.0,424.0)
(424.0,424.0)
(424.0,424.0)
(424.0,424.0)
(424.0,424.0)
(388.0,424.0)
(424.0,424.0)
(461.0,424.0)
(763.0,424.0)
(424.0,424.0)
(424.0,424.0)
(460.0,424.0)
(388.0,424.0)
(388.0,424.0)
(421.0,424.0)
(424.0,424.0)
(424.0,424.0)
(421.0,424.0)
(424.0,424.0)
(424.0,424.0)
(763.0,424.0)
(763.0,424.0)
(388.0,424.0)
(386.0,424.0)
(424.0,424.0)
(402.0,424.0)
(388.0,424.0)
(402.0,424.0)
(763.0,424.0)
(461.0,424.0)
(386.0,424.0)
(424.0,424.0)
(388.0,424.0)
(798.0,424.0)
(386.0,424.0)
(763.0,424.0)
(763.0,424.0)
(763.0,424.0)
(424.0,424.0)
(388.0,424.0)
(424.0,424.0)
(424.0,424.0)
(798.0,424.0)
(424.0,424.0)
(424.0,424.0)
(763.0,424.0)
(424.0,424.0)
(388.0,424.0)
(388.0,424.0)
(424.0,424.0)
(424.0,424.0)
(763.0,424.0)
(424.0,424.0)
(424.0,424.0)
(424.0,424.0)
(424.0,424.0)
(424.0,424.0)
(763.0,424.0)
(424.0,424.0)
(388.0,424.0)
(424.0,424.0)
(763.0,424.0)
(460.0,424.0)
(763.0,424.0)
(763.0,424.0)
(763.0,424.0)
(424.0,424.0)
(798.0,424.0)
(421.0,424.0)
(424.0,424.0)
(388.0,424.0)
(424.0,424.0)
(416.0,424.0)
(424.0,424.0)
(424.0,424.0)
(763.0,424.0)
(424.0,424.0)
(763.0,424.0)
(763.0,424.0)
(798.0,424.0)
(763.0,424.0)
(424.0,424.0)
(424.0,424.0)
(388.0,424.0)
(424.0,424.0)
(424.0,424.0)
(424.0,424.0)
(424.0,424.0)
(424.0,424.0)
(763.0,424.0)
(798.0,424.0)
(460.0,424.0)
(802.0,424.0)
(424.0,424.0)
(421.0,424.0)
(388.0,424.0)
(424.0,424.0)
(460.0,424.0)
(388.0,424.0)
(763.0,424.0)
(424.0,424.0)
(388.0,424.0)
(417.0,424.0)
(763.0,424.0)
(424.0,424.0)
(424.0,424.0)
(424.0,424.0)
(388.0,424.0)
(388.0,424.0)
(763.0,424.0)
(763.0,424.0)
(424.0,424.0)
(798.0,424.0)
(424.0,424.0)
(386.0,424.0)
(763.0,424.0)
(771.0,424.0)
(763.0,424.0)
(386.0,424.0)
(421.0,424.0)
(424.0,424.0)
(424.0,424.0)
(386.0,424.0)
(763.0,424.0)
(399.0,424.0)
(386.0,424.0)
(460.0,424.0)
(446.0,424.0)
(388.0,424.0)
(771.0,424.0)
(424.0,424.0)
(763.0,424.0)
(424.0,424.0)
(388.0,424.0)
(763.0,424.0)
(389.0,424.0)
(763.0,424.0)
(421.0,424.0)
(388.0,424.0)
(424.0,424.0)
(388.0,424.0)
(388.0,424.0)
(388.0,424.0)
(424.0,424.0)
(421.0,424.0)
(422.0,424.0)
(424.0,424.0)
(424.0,424.0)
(763.0,424.0)
(460.0,424.0)
(424.0,424.0)
(424.0,424.0)
(386.0,424.0)
(424.0,424.0)
(421.0,424.0)
(763.0,424.0)
(381.0,424.0)
(424.0,424.0)
(388.0,424.0)
(388.0,424.0)
(402.0,424.0)
(421.0,424.0)
(424.0,424.0)
(424.0,424.0)
(424.0,424.0)
(386.0,424.0)
(399.0,424.0)
(450.0,424.0)
(424.0,424.0)
(424.0,424.0)
(424.0,424.0)
(424.0,424.0)
(763.0,424.0)
(763.0,424.0)
(388.0,424.0)
(424.0,424.0)
(763.0,424.0)
(424.0,424.0)
(424.0,424.0)
(421.0,424.0)
(763.0,424.0)
(763.0,424.0)
(424.0,424.0)
(388.0,424.0)
(424.0,424.0)
(424.0,424.0)
(424.0,424.0)
(771.0,424.0)
(771.0,424.0)
(388.0,424.0)
(424.0,424.0)
(424.0,424.0)
(424.0,424.0)
(424.0,424.0)
(763.0,424.0)
(763.0,424.0)
(424.0,424.0)
(388.0,424.0)
(424.0,424.0)
(424.0,424.0)
(424.0,424.0)
(417.0,424.0)
(386.0,424.0)
(424.0,424.0)
(388.0,424.0)
(386.0,424.0)
(424.0,424.0)
(388.0,424.0)
(424.0,424.0)
(402.0,424.0)
(424.0,424.0)
(402.0,424.0)
(771.0,424.0)
(388.0,424.0)
(424.0,424.0)
(424.0,424.0)
(424.0,424.0)
(424.0,424.0)
(763.0,424.0)
(763.0,424.0)
(424.0,424.0)
(763.0,424.0)
(388.0,424.0)
(386.0,424.0)
(424.0,424.0)
(424.0,424.0)
(386.0,424.0)
(424.0,424.0)
(424.0,424.0)
(424.0,424.0)
(399.0,424.0)
(461.0,424.0)
(763.0,424.0)
(424.0,424.0)
(424.0,424.0)
(424.0,424.0)
(424.0,424.0)
(424.0,424.0)
(460.0,424.0)
(388.0,424.0)
(424.0,424.0)
(424.0,424.0)
(388.0,424.0)
(388.0,424.0)
(388.0,424.0)
(798.0,424.0)
(388.0,424.0)
(424.0,424.0)
(424.0,424.0)
(763.0,424.0)
(388.0,424.0)
(460.0,424.0)
(402.0,424.0)
(424.0,424.0)
(763.0,424.0)
(763.0,424.0)
(460.0,424.0)
(424.0,424.0)
(424.0,424.0)
(424.0,424.0)
(424.0,424.0)
(388.0,424.0)
(763.0,424.0)
(424.0,424.0)
(763.0,424.0)
(424.0,424.0)
(388.0,424.0)
(424.0,424.0)
(798.0,424.0)
(388.0,424.0)
(402.0,424.0)
(424.0,424.0)
(424.0,424.0)
(424.0,424.0)
(424.0,424.0)
(424.0,424.0)
(763.0,424.0)
(424.0,424.0)
(421.0,424.0)
(802.0,424.0)
(424.0,424.0)
(424.0,424.0)
(424.0,424.0)
(424.0,424.0)
(424.0,424.0)
(424.0,424.0)
(388.0,424.0)
(424.0,424.0)
(424.0,424.0)
(424.0,424.0)
(424.0,424.0)
(424.0,424.0)
(763.0,424.0)
(424.0,424.0)
(763.0,424.0)
(424.0,424.0)
(771.0,424.0)
(424.0,424.0)
(763.0,424.0)
(460.0,424.0)
(424.0,424.0)
(763.0,424.0)
(424.0,424.0)
(424.0,424.0)
(388.0,424.0)
(763.0,424.0)
(402.0,424.0)
(421.0,424.0)
(424.0,424.0)
(763.0,424.0)
(771.0,424.0)
(386.0,424.0)
(402.0,424.0)
(386.0,424.0)
(424.0,424.0)
(388.0,424.0)
(386.0,424.0)
(424.0,424.0)
(424.0,424.0)
(424.0,424.0)
(763.0,424.0)
(388.0,424.0)
(424.0,424.0)
(763.0,424.0)
(430.0,424.0)
(424.0,424.0)
(424.0,424.0)
(763.0,424.0)
(424.0,424.0)
(388.0,424.0)
(389.0,424.0)
(424.0,424.0)
(421.0,424.0)
(424.0,424.0)
(460.0,424.0)
(763.0,424.0)
(388.0,424.0)
(424.0,424.0)
(424.0,424.0)
(424.0,424.0)
(424.0,424.0)
(763.0,424.0)
(388.0,424.0)
(388.0,424.0)
(763.0,424.0)
(424.0,424.0)
(430.0,424.0)
(424.0,424.0)
(386.0,424.0)
(388.0,424.0)
(424.0,424.0)
(424.0,424.0)
(386.0,424.0)
(424.0,424.0)
(771.0,424.0)
(424.0,424.0)
(424.0,424.0)
(424.0,424.0)
(386.0,424.0)
(763.0,424.0)
(424.0,424.0)
(424.0,424.0)
(424.0,424.0)
(435.0,424.0)
(424.0,424.0)
(388.0,424.0)
(386.0,424.0)
(399.0,424.0)
(424.0,424.0)
(763.0,424.0)
(402.0,424.0)
(421.0,424.0)
(424.0,424.0)
(424.0,424.0)
(763.0,424.0)
(763.0,424.0)
(424.0,424.0)
(763.0,424.0)
(424.0,424.0)
(388.0,424.0)
(424.0,424.0)
(386.0,424.0)
(799.0,424.0)
(388.0,424.0)
(424.0,424.0)
(388.0,424.0)
(424.0,424.0)
(763.0,424.0)
(388.0,424.0)
(424.0,424.0)
(402.0,424.0)
(424.0,424.0)
(424.0,424.0)
(389.0,424.0)
(424.0,424.0)
(424.0,424.0)
(424.0,424.0)
(388.0,424.0)
(424.0,424.0)
(763.0,424.0)
(763.0,424.0)
(763.0,424.0)
(424.0,424.0)
(763.0,424.0)
(763.0,424.0)
(424.0,424.0)
(424.0,424.0)
(424.0,424.0)
(386.0,424.0)
(447.0,424.0)
(424.0,424.0)
(424.0,424.0)
(424.0,424.0)
(388.0,424.0)
(461.0,424.0)
(763.0,424.0)
(430.0,424.0)
(424.0,424.0)
(402.0,424.0)
(417.0,424.0)
(388.0,424.0)
(424.0,424.0)
(388.0,424.0)
(763.0,424.0)
(424.0,424.0)
(424.0,424.0)
(763.0,424.0)
(424.0,424.0)
(763.0,424.0)
(388.0,424.0)
(421.0,424.0)
(424.0,424.0)
(771.0,424.0)
(424.0,424.0)
(763.0,424.0)
(424.0,424.0)
(388.0,424.0)
(460.0,424.0)
(424.0,424.0)
(460.0,424.0)
(388.0,424.0)
(763.0,424.0)
(763.0,424.0)
(388.0,424.0)
(424.0,424.0)
(388.0,424.0)
(460.0,424.0)
(424.0,424.0)
(424.0,424.0)
(460.0,424.0)
(763.0,424.0)
(771.0,424.0)
(771.0,424.0)
(388.0,424.0)
(424.0,424.0)
(798.0,424.0)
(424.0,424.0)
(424.0,424.0)
(424.0,424.0)
(424.0,424.0)
(763.0,424.0)
(424.0,424.0)
(399.0,424.0)
(386.0,424.0)
(424.0,424.0)
(424.0,424.0)
(388.0,424.0)
(424.0,424.0)
(763.0,424.0)
(424.0,424.0)
(763.0,424.0)
(424.0,424.0)
(388.0,424.0)
(424.0,424.0)
(424.0,424.0)
(424.0,424.0)
(402.0,424.0)
(386.0,424.0)
(424.0,424.0)
(424.0,424.0)
(402.0,424.0)
(763.0,424.0)
(763.0,424.0)
(424.0,424.0)
(424.0,424.0)
(386.0,424.0)
(424.0,424.0)
(424.0,424.0)
(424.0,424.0)
(424.0,424.0)
(763.0,424.0)
(421.0,424.0)
(388.0,424.0)
(424.0,424.0)
(424.0,424.0)
(386.0,424.0)
(763.0,424.0)
(424.0,424.0)
(763.0,424.0)
(460.0,424.0)
(424.0,424.0)
(424.0,424.0)
(446.0,424.0)
(424.0,424.0)
(763.0,424.0)
(424.0,424.0)
(763.0,424.0)
(388.0,424.0)
(763.0,424.0)
(422.0,424.0)
(763.0,424.0)
(424.0,424.0)
(424.0,424.0)
(424.0,424.0)
(424.0,424.0)
(388.0,424.0)
(403.0,424.0)
(763.0,424.0)
(388.0,424.0)
(388.0,424.0)
(460.0,424.0)
(424.0,424.0)
(388.0,424.0)
(424.0,424.0)
(424.0,424.0)
(466.0,424.0)
(798.0,424.0)
(424.0,424.0)
(391.0,424.0)
(455.0,424.0)
(424.0,424.0)
(424.0,424.0)
(424.0,424.0)
(424.0,424.0)
(434.0,424.0)
(763.0,424.0)
(388.0,424.0)
(424.0,424.0)
