(569.0,565.0)
(91.0,565.0)
(108.0,565.0)
(565.0,565.0)
(565.0,565.0)
(565.0,565.0)
(565.0,565.0)
(565.0,565.0)
(565.0,565.0)
(569.0,565.0)
(569.0,565.0)
(565.0,565.0)
(129.0,565.0)
(569.0,565.0)
(565.0,565.0)
(91.0,565.0)
(569.0,565.0)
(565.0,565.0)
(565.0,565.0)
(565.0,565.0)
(91.0,565.0)
(565.0,565.0)
(91.0,565.0)
(91.0,565.0)
(565.0,565.0)
(565.0,565.0)
(565.0,565.0)
(565.0,565.0)
(569.0,565.0)
(108.0,565.0)
(565.0,565.0)
(569.0,565.0)
(565.0,565.0)
(565.0,565.0)
(569.0,565.0)
(565.0,565.0)
(569.0,565.0)
(565.0,565.0)
(569.0,565.0)
(108.0,565.0)
(565.0,565.0)
(569.0,565.0)
(565.0,565.0)
(108.0,565.0)
(108.0,565.0)
(91.0,565.0)
(91.0,565.0)
(108.0,565.0)
(565.0,565.0)
(569.0,565.0)
(569.0,565.0)
(565.0,565.0)
(565.0,565.0)
(565.0,565.0)
(565.0,565.0)
(102.0,565.0)
(565.0,565.0)
(565.0,565.0)
(565.0,565.0)
(565.0,565.0)
(565.0,565.0)
(569.0,565.0)
(565.0,565.0)
(108.0,565.0)
(129.0,565.0)
(565.0,565.0)
(565.0,565.0)
(565.0,565.0)
(102.0,565.0)
(569.0,565.0)
(569.0,565.0)
(565.0,565.0)
(565.0,565.0)
(569.0,565.0)
(108.0,565.0)
(565.0,565.0)
(565.0,565.0)
(108.0,565.0)
(565.0,565.0)
(565.0,565.0)
(102.0,565.0)
(108.0,565.0)
(129.0,565.0)
(91.0,565.0)
(91.0,565.0)
(569.0,565.0)
(102.0,565.0)
(565.0,565.0)
(91.0,565.0)
(565.0,565.0)
(565.0,565.0)
(569.0,565.0)
(565.0,565.0)
(565.0,565.0)
(108.0,565.0)
(565.0,565.0)
(569.0,565.0)
(102.0,565.0)
(108.0,565.0)
(91.0,565.0)
(102.0,565.0)
(569.0,565.0)
(565.0,565.0)
(565.0,565.0)
(565.0,565.0)
(569.0,565.0)
(565.0,565.0)
(569.0,565.0)
(102.0,565.0)
(565.0,565.0)
(129.0,565.0)
(565.0,565.0)
(565.0,565.0)
(565.0,565.0)
(565.0,565.0)
(565.0,565.0)
(569.0,565.0)
(91.0,565.0)
(569.0,565.0)
(129.0,565.0)
(565.0,565.0)
(91.0,565.0)
(565.0,565.0)
(565.0,565.0)
(565.0,565.0)
(108.0,565.0)
(565.0,565.0)
(565.0,565.0)
(569.0,565.0)
(569.0,565.0)
(569.0,565.0)
(108.0,565.0)
(565.0,565.0)
(108.0,565.0)
(565.0,565.0)
(565.0,565.0)
(565.0,565.0)
(565.0,565.0)
(565.0,565.0)
(565.0,565.0)
(569.0,565.0)
(108.0,565.0)
(108.0,565.0)
(565.0,565.0)
(569.0,565.0)
(108.0,565.0)
(108.0,565.0)
(565.0,565.0)
(91.0,565.0)
(565.0,565.0)
(129.0,565.0)
(565.0,565.0)
(565.0,565.0)
(565.0,565.0)
(565.0,565.0)
(565.0,565.0)
(565.0,565.0)
(569.0,565.0)
(565.0,565.0)
(569.0,565.0)
(565.0,565.0)
(569.0,565.0)
(102.0,565.0)
(129.0,565.0)
(565.0,565.0)
(569.0,565.0)
(565.0,565.0)
(565.0,565.0)
(569.0,565.0)
(565.0,565.0)
(129.0,565.0)
(129.0,565.0)
(569.0,565.0)
(565.0,565.0)
(569.0,565.0)
(565.0,565.0)
(108.0,565.0)
(565.0,565.0)
(565.0,565.0)
(129.0,565.0)
(565.0,566.0)
(565.0,566.0)
(565.0,566.0)
(565.0,566.0)
(565.0,566.0)
(565.0,566.0)
(565.0,566.0)
(565.0,566.0)
(565.0,566.0)
(565.0,566.0)
(565.0,566.0)
(565.0,566.0)
(565.0,566.0)
(565.0,566.0)
(565.0,566.0)
(565.0,566.0)
(565.0,566.0)
(565.0,566.0)
(565.0,566.0)
(565.0,566.0)
(565.0,566.0)
(565.0,566.0)
(565.0,566.0)
(565.0,566.0)
(565.0,566.0)
(565.0,566.0)
(565.0,566.0)
(565.0,566.0)
(565.0,566.0)
(565.0,566.0)
(565.0,566.0)
(565.0,566.0)
(565.0,566.0)
(565.0,566.0)
(565.0,566.0)
(565.0,566.0)
(565.0,566.0)
(565.0,566.0)
(565.0,566.0)
(565.0,566.0)
(565.0,566.0)
(565.0,566.0)
(565.0,566.0)
(565.0,566.0)
(565.0,566.0)
(565.0,566.0)
(565.0,566.0)
(565.0,566.0)
(565.0,566.0)
(565.0,566.0)
(565.0,566.0)
(565.0,566.0)
(565.0,566.0)
(565.0,566.0)
(565.0,566.0)
(565.0,566.0)
(565.0,566.0)
(565.0,566.0)
(565.0,566.0)
(565.0,566.0)
(565.0,566.0)
(565.0,566.0)
(565.0,566.0)
(565.0,566.0)
(565.0,566.0)
(565.0,566.0)
(565.0,566.0)
(565.0,566.0)
(565.0,566.0)
(565.0,566.0)
(565.0,566.0)
(565.0,566.0)
(565.0,566.0)
(565.0,566.0)
(565.0,566.0)
(565.0,566.0)
(565.0,566.0)
(565.0,566.0)
(565.0,566.0)
(565.0,566.0)
(565.0,566.0)
(565.0,566.0)
(565.0,566.0)
(565.0,566.0)
(565.0,566.0)
(565.0,566.0)
(565.0,566.0)
(565.0,566.0)
(565.0,566.0)
(565.0,566.0)
(565.0,566.0)
(565.0,566.0)
(565.0,566.0)
(565.0,566.0)
(565.0,566.0)
(565.0,566.0)
(565.0,566.0)
(565.0,566.0)
(565.0,566.0)
(565.0,566.0)
(565.0,566.0)
(565.0,566.0)
(565.0,566.0)
(565.0,566.0)
(565.0,566.0)
(565.0,566.0)
(565.0,566.0)
(565.0,566.0)
(351.0,102.0)
(351.0,102.0)
(528.0,102.0)
(599.0,102.0)
(102.0,102.0)
(447.0,102.0)
(102.0,102.0)
(417.0,102.0)
(102.0,102.0)
(102.0,102.0)
(455.0,102.0)
(417.0,102.0)
(102.0,102.0)
(102.0,102.0)
(323.0,102.0)
(102.0,102.0)
(102.0,102.0)
(102.0,102.0)
(771.0,102.0)
(102.0,102.0)
(102.0,102.0)
(102.0,102.0)
(455.0,102.0)
(469.0,102.0)
(102.0,102.0)
(102.0,102.0)
(102.0,102.0)
(469.0,102.0)
(102.0,102.0)
(419.0,102.0)
(102.0,102.0)
(102.0,102.0)
(102.0,102.0)
(102.0,102.0)
(102.0,102.0)
(102.0,102.0)
(102.0,102.0)
(102.0,102.0)
(351.0,102.0)
(784.0,102.0)
(102.0,102.0)
(351.0,102.0)
(102.0,102.0)
(455.0,102.0)
(419.0,102.0)
(471.0,102.0)
(102.0,102.0)
(785.0,102.0)
(102.0,102.0)
(390.0,102.0)
(102.0,102.0)
(482.0,102.0)
(386.0,102.0)
(102.0,102.0)
(455.0,102.0)
(102.0,102.0)
(102.0,102.0)
(102.0,102.0)
(455.0,102.0)
(528.0,102.0)
(785.0,102.0)
(599.0,102.0)
(102.0,102.0)
(102.0,102.0)
(102.0,102.0)
(31.0,102.0)
(455.0,102.0)
(455.0,102.0)
(809.0,102.0)
(102.0,102.0)
(102.0,102.0)
(102.0,102.0)
(461.0,102.0)
(737.0,102.0)
(102.0,102.0)
(447.0,102.0)
(219.0,102.0)
(737.0,102.0)
(102.0,102.0)
(771.0,102.0)
(102.0,102.0)
(455.0,102.0)
(447.0,102.0)
(386.0,102.0)
(102.0,102.0)
(102.0,102.0)
(351.0,102.0)
(102.0,102.0)
(102.0,102.0)
(102.0,102.0)
(38.0,102.0)
(102.0,102.0)
(102.0,102.0)
(447.0,102.0)
(102.0,102.0)
(483.0,102.0)
(417.0,102.0)
(102.0,102.0)
(387.0,102.0)
(20.0,102.0)
(102.0,102.0)
(102.0,102.0)
(455.0,102.0)
(102.0,102.0)
(455.0,102.0)
(368.0,102.0)
(386.0,102.0)
(102.0,102.0)
(102.0,102.0)
(102.0,102.0)
(102.0,102.0)
(102.0,102.0)
(102.0,102.0)
(483.0,102.0)
(763.0,102.0)
(455.0,102.0)
(483.0,102.0)
(386.0,102.0)
(102.0,102.0)
(785.0,102.0)
(102.0,102.0)
(102.0,102.0)
(455.0,102.0)
(102.0,102.0)
(455.0,102.0)
(102.0,102.0)
(455.0,102.0)
(102.0,102.0)
(102.0,102.0)
(391.0,102.0)
(455.0,102.0)
(102.0,102.0)
(785.0,102.0)
(455.0,102.0)
(37.0,102.0)
(102.0,102.0)
(447.0,102.0)
(102.0,102.0)
(102.0,102.0)
(102.0,102.0)
(102.0,102.0)
(459.0,102.0)
(742.0,102.0)
(352.0,102.0)
(455.0,102.0)
(102.0,102.0)
(447.0,102.0)
(102.0,102.0)
(421.0,102.0)
(417.0,102.0)
(455.0,102.0)
(479.0,102.0)
(102.0,102.0)
(102.0,102.0)
(102.0,102.0)
(102.0,102.0)
(102.0,102.0)
(567.0,567.0)
(567.0,567.0)
(567.0,567.0)
(567.0,567.0)
(567.0,567.0)
(567.0,567.0)
(567.0,567.0)
(567.0,567.0)
(567.0,567.0)
(567.0,567.0)
(567.0,567.0)
(567.0,567.0)
(567.0,567.0)
(567.0,567.0)
(567.0,567.0)
(567.0,567.0)
(567.0,567.0)
(567.0,567.0)
(567.0,567.0)
(567.0,567.0)
(567.0,567.0)
(567.0,567.0)
(567.0,567.0)
(567.0,567.0)
(567.0,567.0)
(567.0,567.0)
(567.0,567.0)
(567.0,567.0)
(567.0,567.0)
(567.0,567.0)
(567.0,567.0)
(567.0,567.0)
(567.0,567.0)
(567.0,567.0)
(567.0,567.0)
(567.0,567.0)
(567.0,567.0)
(567.0,567.0)
(567.0,567.0)
(567.0,567.0)
(567.0,567.0)
(567.0,567.0)
(567.0,567.0)
(567.0,567.0)
(567.0,567.0)
(567.0,567.0)
(567.0,567.0)
(567.0,567.0)
(567.0,567.0)
(567.0,567.0)
(567.0,567.0)
(567.0,567.0)
(567.0,567.0)
(567.0,567.0)
(567.0,567.0)
(567.0,567.0)
(567.0,567.0)
(567.0,567.0)
(567.0,567.0)
(567.0,567.0)
(567.0,567.0)
(567.0,567.0)
(567.0,567.0)
(567.0,567.0)
(567.0,567.0)
(567.0,567.0)
(567.0,567.0)
(567.0,567.0)
(567.0,567.0)
(567.0,567.0)
(567.0,567.0)
(567.0,567.0)
(567.0,567.0)
(567.0,567.0)
(567.0,567.0)
(567.0,567.0)
(567.0,567.0)
(567.0,567.0)
(567.0,567.0)
(567.0,567.0)
(567.0,567.0)
(567.0,567.0)
(567.0,567.0)
(567.0,567.0)
(567.0,567.0)
(567.0,567.0)
(567.0,567.0)
(567.0,567.0)
(567.0,567.0)
(567.0,567.0)
(567.0,567.0)
(567.0,567.0)
(567.0,567.0)
(567.0,567.0)
(567.0,567.0)
(567.0,567.0)
(567.0,567.0)
(567.0,567.0)
(567.0,567.0)
(567.0,567.0)
(567.0,567.0)
(567.0,567.0)
(567.0,567.0)
(567.0,567.0)
(567.0,567.0)
(567.0,567.0)
(567.0,567.0)
(567.0,567.0)
(567.0,567.0)
(567.0,567.0)
(567.0,567.0)
(567.0,567.0)
(567.0,567.0)
(567.0,567.0)
(567.0,567.0)
(567.0,567.0)
(567.0,567.0)
(567.0,567.0)
(567.0,567.0)
(567.0,567.0)
(567.0,567.0)
(567.0,567.0)
(567.0,567.0)
(567.0,567.0)
(567.0,567.0)
(567.0,567.0)
(567.0,567.0)
(567.0,567.0)
(567.0,567.0)
(567.0,567.0)
(567.0,567.0)
(567.0,567.0)
(567.0,567.0)
(567.0,567.0)
(567.0,567.0)
(567.0,567.0)
(567.0,567.0)
(567.0,567.0)
(567.0,567.0)
(567.0,567.0)
(567.0,567.0)
(567.0,567.0)
(567.0,567.0)
(567.0,567.0)
(567.0,567.0)
(567.0,567.0)
(567.0,567.0)
(455.0,567.0)
(484.0,567.0)
(121.0,567.0)
(102.0,567.0)
(102.0,567.0)
(38.0,567.0)
(455.0,567.0)
(352.0,567.0)
(447.0,567.0)
(404.0,567.0)
(455.0,567.0)
(102.0,567.0)
(455.0,567.0)
(102.0,567.0)
(431.0,567.0)
(771.0,567.0)
(102.0,567.0)
(455.0,567.0)
(102.0,567.0)
(102.0,567.0)
(102.0,567.0)
(38.0,567.0)
(447.0,567.0)
(102.0,567.0)
(447.0,567.0)
(37.0,567.0)
(455.0,567.0)
(455.0,567.0)
(447.0,567.0)
(38.0,567.0)
(352.0,567.0)
(102.0,567.0)
(447.0,567.0)
(102.0,567.0)
(37.0,567.0)
(447.0,567.0)
(102.0,567.0)
(447.0,567.0)
(102.0,567.0)
(349.0,567.0)
(455.0,567.0)
(447.0,567.0)
(352.0,567.0)
(102.0,567.0)
(102.0,567.0)
(352.0,567.0)
(455.0,567.0)
(525.0,567.0)
(102.0,567.0)
(102.0,567.0)
(404.0,567.0)
(447.0,567.0)
(102.0,567.0)
(102.0,567.0)
(455.0,567.0)
(459.0,567.0)
(417.0,567.0)
(102.0,567.0)
(455.0,567.0)
(412.0,567.0)
(102.0,567.0)
(519.0,567.0)
(455.0,567.0)
(447.0,567.0)
(737.0,567.0)
(431.0,567.0)
(352.0,567.0)
(447.0,567.0)
(352.0,567.0)
(447.0,567.0)
(102.0,567.0)
(455.0,567.0)
(404.0,567.0)
(102.0,567.0)
(352.0,567.0)
(417.0,567.0)
(102.0,567.0)
(447.0,567.0)
(37.0,567.0)
(785.0,567.0)
(455.0,567.0)
(102.0,567.0)
(737.0,567.0)
(37.0,567.0)
(455.0,567.0)
(352.0,567.0)
(428.0,567.0)
(38.0,567.0)
(37.0,567.0)
(386.0,567.0)
(455.0,567.0)
(528.0,567.0)
(431.0,567.0)
(386.0,567.0)
(737.0,567.0)
(352.0,567.0)
(404.0,567.0)
(102.0,567.0)
(482.0,567.0)
(102.0,567.0)
(471.0,567.0)
(569.0,568.0)
(105.0,568.0)
(105.0,568.0)
(569.0,568.0)
(105.0,568.0)
(105.0,568.0)
(105.0,568.0)
(105.0,568.0)
(105.0,568.0)
(105.0,568.0)
(105.0,568.0)
(569.0,568.0)
(569.0,568.0)
(105.0,568.0)
(569.0,568.0)
(569.0,568.0)
(569.0,568.0)
(105.0,568.0)
(105.0,568.0)
(105.0,568.0)
(105.0,568.0)
(105.0,568.0)
(105.0,568.0)
(105.0,568.0)
(569.0,568.0)
(105.0,568.0)
(569.0,568.0)
(105.0,568.0)
(569.0,568.0)
(569.0,568.0)
(105.0,568.0)
(569.0,568.0)
(105.0,568.0)
(105.0,568.0)
(105.0,568.0)
(105.0,568.0)
(569.0,568.0)
(569.0,568.0)
(105.0,568.0)
(569.0,568.0)
(569.0,568.0)
(105.0,568.0)
(105.0,568.0)
(105.0,568.0)
(105.0,568.0)
(105.0,568.0)
(569.0,568.0)
(105.0,568.0)
(105.0,568.0)
(105.0,568.0)
(105.0,568.0)
(569.0,568.0)
(569.0,568.0)
(105.0,568.0)
(569.0,568.0)
(105.0,568.0)
(105.0,568.0)
(105.0,568.0)
(105.0,568.0)
(105.0,568.0)
(569.0,568.0)
(569.0,568.0)
(105.0,568.0)
(569.0,568.0)
(105.0,568.0)
(105.0,568.0)
(105.0,568.0)
(569.0,568.0)
(105.0,568.0)
(569.0,568.0)
(105.0,568.0)
(569.0,568.0)
(105.0,568.0)
(105.0,568.0)
(105.0,568.0)
(105.0,568.0)
(569.0,568.0)
(569.0,568.0)
(569.0,568.0)
(105.0,568.0)
(105.0,568.0)
(105.0,568.0)
(105.0,568.0)
(569.0,568.0)
(105.0,568.0)
(569.0,568.0)
(569.0,568.0)
(105.0,568.0)
(105.0,568.0)
(105.0,568.0)
(105.0,568.0)
(105.0,568.0)
(105.0,568.0)
(105.0,568.0)
(105.0,568.0)
(569.0,568.0)
(105.0,568.0)
(105.0,568.0)
(569.0,568.0)
(105.0,568.0)
(105.0,568.0)
(569.0,568.0)
(569.0,568.0)
(569.0,568.0)
(105.0,568.0)
(105.0,568.0)
(569.0,568.0)
(105.0,568.0)
(569.0,568.0)
(105.0,568.0)
(569.0,568.0)
(105.0,568.0)
(105.0,568.0)
(569.0,568.0)
(105.0,568.0)
(569.0,568.0)
(105.0,568.0)
(105.0,568.0)
(569.0,568.0)
(569.0,568.0)
(569.0,568.0)
(569.0,568.0)
(569.0,568.0)
(569.0,568.0)
(569.0,568.0)
(569.0,568.0)
(569.0,568.0)
(569.0,568.0)
(569.0,568.0)
(569.0,568.0)
(569.0,568.0)
(569.0,568.0)
(569.0,568.0)
(569.0,568.0)
(569.0,568.0)
(569.0,568.0)
(569.0,568.0)
(569.0,568.0)
(569.0,568.0)
(569.0,568.0)
(569.0,568.0)
(569.0,568.0)
(569.0,568.0)
(569.0,568.0)
(569.0,568.0)
(569.0,568.0)
(569.0,568.0)
(569.0,568.0)
(569.0,568.0)
(569.0,568.0)
(569.0,568.0)
(569.0,568.0)
(569.0,568.0)
(569.0,568.0)
(569.0,568.0)
(569.0,568.0)
(569.0,568.0)
(569.0,568.0)
(569.0,568.0)
(569.0,568.0)
(569.0,568.0)
(569.0,568.0)
(569.0,568.0)
(569.0,568.0)
(569.0,568.0)
(569.0,568.0)
(569.0,568.0)
(569.0,568.0)
(569.0,568.0)
(569.0,568.0)
(569.0,568.0)
(569.0,568.0)
(569.0,568.0)
(569.0,568.0)
(569.0,568.0)
(569.0,568.0)
(569.0,568.0)
(569.0,568.0)
(569.0,568.0)
(569.0,568.0)
(569.0,568.0)
(569.0,568.0)
(569.0,568.0)
(569.0,568.0)
(569.0,568.0)
(569.0,568.0)
(569.0,568.0)
(569.0,568.0)
(569.0,568.0)
(569.0,568.0)
(569.0,568.0)
(569.0,568.0)
(569.0,568.0)
(569.0,568.0)
(569.0,568.0)
(568.0,568.0)
(568.0,568.0)
(568.0,568.0)
(568.0,568.0)
(568.0,568.0)
(568.0,568.0)
(568.0,568.0)
(568.0,568.0)
(568.0,568.0)
(568.0,568.0)
(568.0,568.0)
(568.0,568.0)
(568.0,568.0)
(568.0,568.0)
(568.0,568.0)
(568.0,568.0)
(568.0,568.0)
(568.0,568.0)
(568.0,568.0)
(568.0,568.0)
(568.0,568.0)
(568.0,568.0)
(568.0,568.0)
(568.0,568.0)
(568.0,568.0)
(568.0,568.0)
(568.0,568.0)
(568.0,568.0)
(568.0,568.0)
(568.0,568.0)
(568.0,568.0)
(568.0,568.0)
(568.0,568.0)
(568.0,568.0)
(568.0,568.0)
(568.0,568.0)
(568.0,568.0)
(568.0,568.0)
(568.0,568.0)
(568.0,568.0)
(568.0,568.0)
(568.0,568.0)
(568.0,568.0)
(568.0,568.0)
(568.0,568.0)
(568.0,568.0)
(568.0,568.0)
(568.0,568.0)
(568.0,568.0)
(568.0,568.0)
(568.0,568.0)
(568.0,568.0)
(568.0,568.0)
(568.0,568.0)
(568.0,568.0)
(568.0,568.0)
(568.0,568.0)
(568.0,568.0)
(568.0,568.0)
(568.0,568.0)
(568.0,568.0)
(568.0,568.0)
(568.0,568.0)
(568.0,568.0)
(568.0,568.0)
(568.0,568.0)
(568.0,568.0)
(568.0,568.0)
(568.0,568.0)
(568.0,568.0)
(568.0,568.0)
(568.0,568.0)
(568.0,568.0)
(568.0,568.0)
(568.0,568.0)
(568.0,568.0)
(568.0,568.0)
(568.0,568.0)
(568.0,568.0)
(569.0,569.0)
(569.0,569.0)
(569.0,569.0)
(569.0,569.0)
(569.0,569.0)
(569.0,569.0)
(569.0,569.0)
(569.0,569.0)
(569.0,569.0)
(569.0,569.0)
(569.0,569.0)
(569.0,569.0)
(569.0,569.0)
(569.0,569.0)
(569.0,569.0)
(569.0,569.0)
(569.0,569.0)
(569.0,569.0)
(569.0,569.0)
(569.0,569.0)
(569.0,569.0)
(569.0,569.0)
(569.0,569.0)
(569.0,569.0)
(569.0,569.0)
(569.0,569.0)
(569.0,569.0)
(569.0,569.0)
(569.0,569.0)
(569.0,569.0)
(569.0,569.0)
(569.0,569.0)
(569.0,569.0)
(569.0,569.0)
(569.0,569.0)
(569.0,569.0)
(569.0,569.0)
(569.0,569.0)
(569.0,569.0)
(569.0,569.0)
(569.0,569.0)
(569.0,569.0)
(569.0,569.0)
(569.0,569.0)
(569.0,569.0)
(569.0,569.0)
(569.0,569.0)
(569.0,569.0)
(569.0,569.0)
(569.0,569.0)
(569.0,569.0)
(569.0,569.0)
(569.0,569.0)
(569.0,569.0)
(569.0,569.0)
(569.0,569.0)
(569.0,569.0)
(569.0,569.0)
(569.0,569.0)
(569.0,569.0)
(569.0,569.0)
(569.0,569.0)
(569.0,569.0)
(569.0,569.0)
(569.0,569.0)
(569.0,569.0)
(569.0,569.0)
(569.0,569.0)
(569.0,569.0)
(569.0,569.0)
(569.0,569.0)
(569.0,569.0)
(569.0,569.0)
(569.0,569.0)
(569.0,569.0)
(569.0,569.0)
(569.0,569.0)
(569.0,569.0)
(569.0,569.0)
(569.0,569.0)
(569.0,569.0)
(569.0,569.0)
(569.0,569.0)
(569.0,569.0)
(569.0,569.0)
(569.0,569.0)
(569.0,569.0)
(569.0,569.0)
(569.0,569.0)
(569.0,569.0)
(569.0,569.0)
(569.0,569.0)
(569.0,569.0)
(569.0,569.0)
(569.0,569.0)
(569.0,569.0)
(569.0,569.0)
(569.0,569.0)
(569.0,569.0)
(569.0,569.0)
(569.0,569.0)
(569.0,569.0)
(569.0,569.0)
(569.0,569.0)
(569.0,569.0)
(569.0,569.0)
(569.0,569.0)
(569.0,569.0)
(569.0,569.0)
(569.0,569.0)
(569.0,569.0)
(569.0,569.0)
(569.0,569.0)
(569.0,569.0)
(569.0,569.0)
(569.0,569.0)
(569.0,569.0)
(569.0,569.0)
(569.0,569.0)
(569.0,569.0)
(569.0,569.0)
(569.0,569.0)
(569.0,569.0)
(569.0,569.0)
(569.0,569.0)
(569.0,569.0)
(569.0,569.0)
(569.0,569.0)
(569.0,569.0)
(569.0,569.0)
(569.0,569.0)
(569.0,569.0)
(569.0,569.0)
(569.0,569.0)
(569.0,569.0)
(569.0,569.0)
(569.0,569.0)
(569.0,569.0)
(569.0,569.0)
(569.0,569.0)
(569.0,569.0)
(569.0,569.0)
(569.0,569.0)
(569.0,569.0)
(569.0,569.0)
(569.0,569.0)
(569.0,569.0)
(569.0,569.0)
(569.0,569.0)
(569.0,569.0)
(569.0,569.0)
(569.0,569.0)
(569.0,569.0)
(569.0,569.0)
(103.0,569.0)
(569.0,569.0)
(569.0,569.0)
(569.0,569.0)
(569.0,569.0)
(569.0,569.0)
(569.0,569.0)
(103.0,569.0)
(569.0,569.0)
(103.0,569.0)
(569.0,569.0)
(569.0,569.0)
(569.0,569.0)
(569.0,569.0)
(569.0,569.0)
(569.0,569.0)
(569.0,569.0)
(569.0,569.0)
(569.0,569.0)
(569.0,569.0)
(103.0,569.0)
(569.0,569.0)
(569.0,569.0)
(569.0,569.0)
(569.0,569.0)
(103.0,569.0)
(103.0,569.0)
(569.0,569.0)
(103.0,569.0)
(569.0,569.0)
(569.0,569.0)
(569.0,569.0)
(569.0,569.0)
(569.0,569.0)
(569.0,569.0)
(569.0,569.0)
(569.0,569.0)
(569.0,569.0)
(103.0,569.0)
(103.0,569.0)
(569.0,569.0)
(569.0,569.0)
(569.0,569.0)
(569.0,569.0)
(569.0,569.0)
(103.0,569.0)
(103.0,569.0)
(103.0,569.0)
(569.0,569.0)
(569.0,569.0)
(569.0,569.0)
(569.0,569.0)
(103.0,569.0)
(569.0,569.0)
(569.0,569.0)
(103.0,569.0)
(569.0,569.0)
(569.0,569.0)
(569.0,569.0)
(569.0,569.0)
(103.0,569.0)
(103.0,569.0)
(103.0,569.0)
(569.0,569.0)
(569.0,569.0)
(569.0,569.0)
(569.0,569.0)
(569.0,569.0)
(569.0,569.0)
(569.0,569.0)
(569.0,569.0)
(569.0,569.0)
(569.0,569.0)
(569.0,569.0)
(569.0,569.0)
(569.0,569.0)
(569.0,569.0)
(569.0,569.0)
(103.0,569.0)
(569.0,569.0)
(569.0,569.0)
(569.0,569.0)
(569.0,569.0)
(569.0,569.0)
(569.0,569.0)
(569.0,569.0)
(569.0,569.0)
(103.0,569.0)
(103.0,569.0)
(569.0,569.0)
(103.0,569.0)
(569.0,569.0)
(569.0,569.0)
(569.0,569.0)
(569.0,569.0)
(104.0,569.0)
(104.0,569.0)
(104.0,569.0)
(104.0,569.0)
(104.0,569.0)
(104.0,569.0)
(104.0,569.0)
(104.0,569.0)
(104.0,569.0)
(104.0,569.0)
(104.0,569.0)
(104.0,569.0)
(104.0,569.0)
(104.0,569.0)
(104.0,569.0)
(104.0,569.0)
(104.0,569.0)
(104.0,569.0)
(104.0,569.0)
(104.0,569.0)
(104.0,569.0)
(104.0,569.0)
(104.0,569.0)
(104.0,569.0)
(104.0,569.0)
(104.0,569.0)
(104.0,569.0)
(104.0,569.0)
(569.0,569.0)
(104.0,569.0)
(104.0,569.0)
(104.0,569.0)
(104.0,569.0)
(104.0,569.0)
(104.0,569.0)
(104.0,569.0)
(104.0,569.0)
(569.0,569.0)
(104.0,569.0)
(104.0,569.0)
(104.0,569.0)
(104.0,569.0)
(104.0,569.0)
(104.0,569.0)
(104.0,569.0)
(104.0,569.0)
(104.0,569.0)
(104.0,569.0)
(104.0,569.0)
(104.0,569.0)
(104.0,569.0)
(104.0,569.0)
(104.0,569.0)
(104.0,569.0)
(104.0,569.0)
(104.0,569.0)
(569.0,569.0)
(104.0,569.0)
(104.0,569.0)
(104.0,569.0)
(104.0,569.0)
(104.0,569.0)
(104.0,569.0)
(104.0,569.0)
(104.0,569.0)
(104.0,569.0)
(104.0,569.0)
(104.0,569.0)
(104.0,569.0)
(104.0,569.0)
(104.0,569.0)
(104.0,569.0)
(104.0,569.0)
(104.0,569.0)
(104.0,569.0)
(569.0,569.0)
(569.0,569.0)
(104.0,569.0)
(104.0,569.0)
(569.0,569.0)
(104.0,569.0)
(104.0,569.0)
(104.0,569.0)
(104.0,569.0)
(104.0,569.0)
(104.0,569.0)
(104.0,569.0)
(104.0,569.0)
(104.0,569.0)
(569.0,569.0)
(104.0,569.0)
(569.0,569.0)
(569.0,569.0)
(104.0,569.0)
(104.0,569.0)
(104.0,569.0)
(104.0,569.0)
(104.0,569.0)
(104.0,569.0)
(104.0,569.0)
(104.0,569.0)
(569.0,569.0)
(104.0,569.0)
(569.0,569.0)
(569.0,569.0)
(569.0,569.0)
(569.0,569.0)
(104.0,569.0)
(104.0,569.0)
(569.0,569.0)
(104.0,569.0)
(104.0,569.0)
(104.0,569.0)
(569.0,569.0)
(104.0,569.0)
(104.0,569.0)
(104.0,569.0)
(104.0,569.0)
(569.0,569.0)
(104.0,569.0)
(569.0,569.0)
(104.0,569.0)
(104.0,569.0)
(104.0,569.0)
(104.0,569.0)
(104.0,569.0)
(569.0,569.0)
(104.0,569.0)
(104.0,569.0)
(104.0,569.0)
(569.0,569.0)
(104.0,569.0)
(104.0,569.0)
(569.0,569.0)
(569.0,569.0)
(104.0,569.0)
(104.0,569.0)
(104.0,569.0)
(104.0,569.0)
(104.0,569.0)
(569.0,569.0)
(104.0,569.0)
(104.0,569.0)
(104.0,569.0)
(104.0,569.0)
(569.0,569.0)
(104.0,569.0)
(104.0,569.0)
(104.0,569.0)
(569.0,569.0)
(104.0,569.0)
(104.0,569.0)
(569.0,569.0)
(569.0,569.0)
(104.0,569.0)
(104.0,569.0)
(118.0,569.0)
(104.0,569.0)
(569.0,569.0)
(118.0,569.0)
(569.0,569.0)
(104.0,569.0)
(569.0,569.0)
(104.0,569.0)
(104.0,569.0)
(104.0,569.0)
(569.0,569.0)
(118.0,569.0)
(118.0,569.0)
(104.0,569.0)
(118.0,569.0)
(118.0,569.0)
(118.0,569.0)
(104.0,569.0)
(104.0,569.0)
(569.0,569.0)
(569.0,569.0)
(569.0,569.0)
(104.0,569.0)
(569.0,569.0)
(118.0,569.0)
(569.0,569.0)
(118.0,569.0)
(569.0,569.0)
(118.0,569.0)
(569.0,569.0)
(118.0,569.0)
(104.0,569.0)
(569.0,569.0)
(104.0,569.0)
(104.0,569.0)
(118.0,569.0)
(118.0,569.0)
(104.0,569.0)
(118.0,569.0)
(118.0,569.0)
(569.0,569.0)
(569.0,569.0)
(569.0,569.0)
(569.0,569.0)
(569.0,569.0)
(118.0,569.0)
(569.0,569.0)
(104.0,569.0)
(569.0,569.0)
(569.0,569.0)
(118.0,569.0)
(118.0,569.0)
(569.0,569.0)
(118.0,569.0)
(104.0,569.0)
(104.0,569.0)
(569.0,569.0)
(104.0,569.0)
(569.0,569.0)
(118.0,569.0)
(118.0,569.0)
(104.0,569.0)
(118.0,569.0)
(104.0,569.0)
(569.0,569.0)
(104.0,569.0)
(118.0,569.0)
(569.0,569.0)
(118.0,569.0)
(569.0,569.0)
(118.0,569.0)
(104.0,569.0)
(104.0,569.0)
(569.0,569.0)
(569.0,569.0)
(118.0,569.0)
(118.0,569.0)
(118.0,569.0)
(569.0,569.0)
(569.0,569.0)
(569.0,569.0)
(569.0,569.0)
(118.0,569.0)
(104.0,569.0)
(118.0,569.0)
(118.0,569.0)
(569.0,569.0)
(569.0,569.0)
(569.0,569.0)
(104.0,569.0)
(569.0,569.0)
(104.0,569.0)
(104.0,569.0)
(569.0,569.0)
(118.0,569.0)
(104.0,569.0)
(104.0,569.0)
(118.0,569.0)
(104.0,569.0)
(104.0,569.0)
(118.0,569.0)
(118.0,569.0)
(118.0,569.0)
(104.0,569.0)
(104.0,569.0)
(118.0,569.0)
(569.0,569.0)
(118.0,569.0)
(569.0,569.0)
(118.0,569.0)
(569.0,569.0)
(569.0,569.0)
(118.0,569.0)
(569.0,569.0)
(118.0,569.0)
(104.0,569.0)
(104.0,569.0)
(118.0,569.0)
(108.0,569.0)
(103.0,569.0)
(103.0,569.0)
(108.0,569.0)
(103.0,569.0)
(108.0,569.0)
(108.0,569.0)
(103.0,569.0)
(103.0,569.0)
(108.0,569.0)
(569.0,569.0)
(103.0,569.0)
(103.0,569.0)
(103.0,569.0)
(108.0,569.0)
(569.0,569.0)
(103.0,569.0)
(103.0,569.0)
(108.0,569.0)
(103.0,569.0)
(103.0,569.0)
(108.0,569.0)
(103.0,569.0)
(108.0,569.0)
(108.0,569.0)
(569.0,569.0)
(103.0,569.0)
(569.0,569.0)
(103.0,569.0)
(103.0,569.0)
(569.0,569.0)
(108.0,569.0)
(108.0,569.0)
(108.0,569.0)
(103.0,569.0)
(108.0,569.0)
(108.0,569.0)
(103.0,569.0)
(108.0,569.0)
(569.0,569.0)
(103.0,569.0)
(108.0,569.0)
(103.0,569.0)
(569.0,569.0)
(103.0,569.0)
(103.0,569.0)
(103.0,569.0)
(569.0,569.0)
(103.0,569.0)
(103.0,569.0)
(103.0,569.0)
(103.0,569.0)
(103.0,569.0)
(108.0,569.0)
(103.0,569.0)
(108.0,569.0)
(108.0,569.0)
(569.0,569.0)
(103.0,569.0)
(569.0,569.0)
(569.0,569.0)
(569.0,569.0)
(569.0,569.0)
(103.0,569.0)
(569.0,569.0)
(108.0,569.0)
(103.0,569.0)
(108.0,569.0)
(569.0,569.0)
(103.0,569.0)
(103.0,569.0)
(103.0,569.0)
(108.0,569.0)
(569.0,569.0)
(103.0,569.0)
(103.0,569.0)
(108.0,569.0)
(108.0,569.0)
(108.0,569.0)
(103.0,569.0)
(569.0,569.0)
(103.0,569.0)
(103.0,569.0)
(103.0,569.0)
(108.0,569.0)
(108.0,569.0)
(103.0,569.0)
(103.0,569.0)
(569.0,569.0)
(103.0,569.0)
(103.0,569.0)
(103.0,569.0)
(103.0,569.0)
(103.0,569.0)
(103.0,569.0)
(569.0,569.0)
(108.0,569.0)
(103.0,569.0)
(569.0,569.0)
(103.0,569.0)
(108.0,569.0)
(103.0,569.0)
(108.0,569.0)
(108.0,569.0)
(569.0,569.0)
(569.0,569.0)
(103.0,569.0)
(103.0,569.0)
(569.0,569.0)
(103.0,569.0)
(108.0,569.0)
(103.0,569.0)
(569.0,569.0)
(103.0,569.0)
(108.0,569.0)
(108.0,569.0)
(103.0,569.0)
(103.0,569.0)
(103.0,569.0)
(569.0,569.0)
(569.0,569.0)
(103.0,569.0)
(103.0,569.0)
(569.0,569.0)
(108.0,569.0)
(108.0,569.0)
(569.0,569.0)
(103.0,569.0)
(108.0,569.0)
(103.0,569.0)
(569.0,569.0)
(103.0,569.0)
(103.0,569.0)
(103.0,569.0)
(108.0,569.0)
(103.0,569.0)
(567.0,569.0)
(103.0,569.0)
(103.0,569.0)
(103.0,569.0)
(108.0,569.0)
(108.0,569.0)
(108.0,569.0)
(103.0,569.0)
(569.0,569.0)
(103.0,569.0)
(569.0,569.0)
(103.0,569.0)
(103.0,569.0)
(569.0,569.0)
(108.0,569.0)
(569.0,569.0)
(103.0,569.0)
(108.0,569.0)
(103.0,569.0)
(103.0,569.0)
(103.0,569.0)
(103.0,569.0)
(104.0,569.0)
(569.0,569.0)
(104.0,569.0)
(569.0,569.0)
(104.0,569.0)
(104.0,569.0)
(104.0,569.0)
(569.0,569.0)
(104.0,569.0)
(104.0,569.0)
(104.0,569.0)
(569.0,569.0)
(104.0,569.0)
(569.0,569.0)
(104.0,569.0)
(569.0,569.0)
(104.0,569.0)
(104.0,569.0)
(104.0,569.0)
(103.0,569.0)
(569.0,569.0)
(104.0,569.0)
(104.0,569.0)
(104.0,569.0)
(569.0,569.0)
(104.0,569.0)
(569.0,569.0)
(569.0,569.0)
(569.0,569.0)
(569.0,569.0)
(104.0,569.0)
(104.0,569.0)
(569.0,569.0)
(569.0,569.0)
(104.0,569.0)
(104.0,569.0)
(569.0,569.0)
(104.0,569.0)
(104.0,569.0)
(103.0,569.0)
(569.0,569.0)
(104.0,569.0)
(569.0,569.0)
(104.0,569.0)
(104.0,569.0)
(104.0,569.0)
(569.0,569.0)
(569.0,569.0)
(104.0,569.0)
(104.0,569.0)
(104.0,569.0)
(104.0,569.0)
(104.0,569.0)
(569.0,569.0)
(569.0,569.0)
(569.0,569.0)
(104.0,569.0)
(569.0,569.0)
(104.0,569.0)
(104.0,569.0)
(569.0,569.0)
(104.0,569.0)
(104.0,569.0)
(104.0,569.0)
(104.0,569.0)
(104.0,569.0)
(104.0,569.0)
(569.0,569.0)
(104.0,569.0)
(104.0,569.0)
(569.0,569.0)
(104.0,569.0)
(104.0,569.0)
(108.0,569.0)
(103.0,569.0)
(103.0,569.0)
(569.0,569.0)
(103.0,569.0)
(108.0,569.0)
(569.0,569.0)
(103.0,569.0)
(569.0,569.0)
(108.0,569.0)
(569.0,569.0)
(103.0,569.0)
(569.0,569.0)
(569.0,569.0)
(569.0,569.0)
(569.0,569.0)
(103.0,569.0)
(103.0,569.0)
(108.0,569.0)
(569.0,569.0)
(569.0,569.0)
(103.0,569.0)
(108.0,569.0)
(103.0,569.0)
(569.0,569.0)
(103.0,569.0)
(569.0,569.0)
(569.0,569.0)
(569.0,569.0)
(569.0,569.0)
(569.0,569.0)
(103.0,569.0)
(569.0,569.0)
(569.0,569.0)
(569.0,569.0)
(108.0,569.0)
(569.0,569.0)
(108.0,569.0)
(103.0,569.0)
(569.0,569.0)
(108.0,569.0)
(103.0,569.0)
(108.0,569.0)
(569.0,569.0)
(103.0,569.0)
(108.0,569.0)
(103.0,569.0)
(569.0,569.0)
(103.0,569.0)
(569.0,569.0)
(569.0,569.0)
(103.0,569.0)
(569.0,569.0)
(569.0,569.0)
(569.0,569.0)
(103.0,569.0)
(103.0,569.0)
(569.0,569.0)
(108.0,569.0)
(103.0,569.0)
(108.0,569.0)
(108.0,569.0)
(569.0,569.0)
(569.0,569.0)
(569.0,569.0)
(103.0,569.0)
(569.0,569.0)
(569.0,569.0)
(569.0,569.0)
(569.0,569.0)
(569.0,569.0)
(103.0,569.0)
(569.0,569.0)
(569.0,569.0)
(569.0,569.0)
(569.0,569.0)
(108.0,569.0)
(569.0,569.0)
(103.0,569.0)
(103.0,569.0)
(569.0,569.0)
(103.0,569.0)
(108.0,569.0)
(569.0,569.0)
(103.0,569.0)
(569.0,569.0)
(569.0,569.0)
(569.0,569.0)
(108.0,569.0)
(569.0,569.0)
(108.0,569.0)
(569.0,569.0)
(103.0,569.0)
(569.0,569.0)
(569.0,569.0)
(103.0,569.0)
(103.0,569.0)
(103.0,569.0)
(108.0,569.0)
(103.0,569.0)
(569.0,569.0)
(569.0,569.0)
(103.0,569.0)
(569.0,569.0)
(569.0,569.0)
(569.0,569.0)
(569.0,569.0)
(103.0,569.0)
(103.0,569.0)
(569.0,569.0)
(103.0,569.0)
(103.0,569.0)
(103.0,569.0)
(569.0,569.0)
(103.0,569.0)
(569.0,569.0)
(108.0,569.0)
(569.0,569.0)
(103.0,569.0)
(569.0,569.0)
(569.0,569.0)
(103.0,569.0)
(569.0,569.0)
(569.0,569.0)
(108.0,569.0)
(108.0,569.0)
(569.0,569.0)
(569.0,569.0)
(569.0,569.0)
(103.0,569.0)
(103.0,569.0)
(103.0,569.0)
(103.0,569.0)
(569.0,569.0)
(569.0,569.0)
(569.0,569.0)
(103.0,569.0)
(569.0,569.0)
(103.0,569.0)
(569.0,569.0)
(108.0,569.0)
(103.0,569.0)
(103.0,569.0)
(103.0,569.0)
(569.0,569.0)
(569.0,569.0)
(103.0,569.0)
(569.0,569.0)
(103.0,569.0)
(569.0,569.0)
(569.0,569.0)
(569.0,569.0)
(108.0,569.0)
(569.0,569.0)
(103.0,569.0)
(569.0,569.0)
(569.0,569.0)
(569.0,569.0)
(103.0,569.0)
(569.0,569.0)
(569.0,569.0)
(569.0,569.0)
(103.0,569.0)
(569.0,569.0)
(569.0,569.0)
(569.0,569.0)
(569.0,569.0)
(569.0,569.0)
(569.0,569.0)
(569.0,569.0)
(569.0,569.0)
(569.0,569.0)
(569.0,569.0)
(108.0,569.0)
(103.0,569.0)
(569.0,569.0)
(103.0,569.0)
(569.0,569.0)
(103.0,569.0)
(569.0,569.0)
(103.0,569.0)
(569.0,569.0)
(108.0,569.0)
(569.0,569.0)
(103.0,569.0)
(108.0,569.0)
(569.0,569.0)
(569.0,569.0)
(103.0,569.0)
(103.0,569.0)
(569.0,569.0)
(569.0,569.0)
(103.0,569.0)
(569.0,569.0)
(569.0,569.0)
(569.0,569.0)
(569.0,569.0)
(569.0,569.0)
(569.0,569.0)
(569.0,569.0)
(569.0,569.0)
(569.0,569.0)
(569.0,569.0)
(569.0,569.0)
(569.0,569.0)
(569.0,569.0)
(569.0,569.0)
(569.0,569.0)
(569.0,569.0)
(569.0,569.0)
(569.0,569.0)
(569.0,569.0)
(569.0,569.0)
(103.0,569.0)
(569.0,569.0)
(569.0,569.0)
(569.0,569.0)
(569.0,569.0)
(569.0,569.0)
(569.0,569.0)
(569.0,569.0)
(569.0,569.0)
(569.0,569.0)
(569.0,569.0)
(569.0,569.0)
(569.0,569.0)
(569.0,569.0)
(569.0,569.0)
(569.0,569.0)
(569.0,569.0)
(569.0,569.0)
(569.0,569.0)
(569.0,569.0)
(103.0,569.0)
(569.0,569.0)
(569.0,569.0)
(569.0,569.0)
(569.0,569.0)
(569.0,569.0)
(569.0,569.0)
(569.0,569.0)
(569.0,569.0)
(569.0,569.0)
(569.0,569.0)
(569.0,569.0)
(569.0,569.0)
(569.0,569.0)
(569.0,569.0)
(569.0,569.0)
(569.0,569.0)
(569.0,569.0)
(569.0,569.0)
(569.0,569.0)
(569.0,569.0)
(569.0,569.0)
(569.0,569.0)
(569.0,569.0)
(569.0,569.0)
(569.0,569.0)
(569.0,569.0)
(569.0,569.0)
(569.0,569.0)
(569.0,569.0)
(569.0,569.0)
(569.0,569.0)
(569.0,569.0)
(569.0,569.0)
(569.0,569.0)
(108.0,569.0)
(569.0,569.0)
(108.0,569.0)
(569.0,569.0)
(569.0,569.0)
(108.0,569.0)
(569.0,569.0)
(569.0,569.0)
(569.0,569.0)
(569.0,569.0)
(569.0,569.0)
(108.0,569.0)
(108.0,569.0)
(569.0,569.0)
(108.0,569.0)
(108.0,569.0)
(569.0,569.0)
(569.0,569.0)
(569.0,569.0)
(569.0,569.0)
(569.0,569.0)
(108.0,569.0)
(569.0,569.0)
(569.0,569.0)
(108.0,569.0)
(108.0,569.0)
(108.0,569.0)
(569.0,569.0)
(108.0,569.0)
(569.0,569.0)
(569.0,569.0)
(108.0,569.0)
(569.0,569.0)
(569.0,569.0)
(108.0,569.0)
(569.0,569.0)
(569.0,569.0)
(569.0,569.0)
(569.0,569.0)
(569.0,569.0)
(108.0,569.0)
(108.0,569.0)
(108.0,569.0)
(108.0,569.0)
(569.0,569.0)
(569.0,569.0)
(569.0,569.0)
(108.0,569.0)
(569.0,569.0)
(569.0,569.0)
(569.0,569.0)
(569.0,569.0)
(569.0,569.0)
(108.0,569.0)
(108.0,569.0)
(569.0,569.0)
(108.0,569.0)
(108.0,569.0)
(569.0,569.0)
(569.0,569.0)
(108.0,569.0)
(108.0,569.0)
(108.0,569.0)
(569.0,569.0)
(108.0,569.0)
(108.0,569.0)
(569.0,569.0)
(569.0,569.0)
(569.0,569.0)
(569.0,569.0)
(108.0,569.0)
(108.0,569.0)
(108.0,569.0)
(569.0,569.0)
(569.0,569.0)
(569.0,569.0)
(108.0,569.0)
(569.0,569.0)
(108.0,569.0)
(108.0,569.0)
(569.0,569.0)
(108.0,569.0)
(569.0,569.0)
(569.0,569.0)
(108.0,569.0)
(108.0,569.0)
(569.0,569.0)
(569.0,569.0)
(108.0,569.0)
(569.0,569.0)
(569.0,569.0)
(569.0,569.0)
(569.0,569.0)
(569.0,569.0)
(108.0,569.0)
(569.0,569.0)
(569.0,569.0)
(108.0,569.0)
(108.0,569.0)
(569.0,569.0)
(569.0,569.0)
(108.0,569.0)
(569.0,569.0)
(569.0,569.0)
(569.0,569.0)
(569.0,569.0)
(569.0,569.0)
(569.0,569.0)
(108.0,569.0)
(569.0,569.0)
(569.0,569.0)
(108.0,569.0)
(108.0,569.0)
(569.0,569.0)
(569.0,569.0)
(108.0,569.0)
(108.0,569.0)
(569.0,569.0)
(569.0,569.0)
(108.0,569.0)
(569.0,569.0)
(569.0,569.0)
(108.0,569.0)
(569.0,569.0)
(108.0,569.0)
(569.0,569.0)
(108.0,569.0)
(569.0,569.0)
(569.0,569.0)
(108.0,569.0)
(108.0,569.0)
(108.0,569.0)
(569.0,569.0)
(569.0,569.0)
(569.0,569.0)
(118.0,569.0)
(569.0,569.0)
(118.0,569.0)
(118.0,569.0)
(569.0,569.0)
(569.0,569.0)
(569.0,569.0)
(569.0,569.0)
(569.0,569.0)
(569.0,569.0)
(118.0,569.0)
(569.0,569.0)
(118.0,569.0)
(569.0,569.0)
(569.0,569.0)
(569.0,569.0)
(569.0,569.0)
(569.0,569.0)
(118.0,569.0)
(569.0,569.0)
(118.0,569.0)
(118.0,569.0)
(118.0,569.0)
(569.0,569.0)
(569.0,569.0)
(569.0,569.0)
(569.0,569.0)
(569.0,569.0)
(569.0,569.0)
(569.0,569.0)
(569.0,569.0)
(118.0,569.0)
(569.0,569.0)
(569.0,569.0)
(118.0,569.0)
(569.0,569.0)
(569.0,569.0)
(569.0,569.0)
(569.0,569.0)
(118.0,569.0)
(569.0,569.0)
(118.0,569.0)
(569.0,569.0)
(569.0,569.0)
(569.0,569.0)
(569.0,569.0)
(569.0,569.0)
(569.0,569.0)
(569.0,569.0)
(118.0,569.0)
(569.0,569.0)
(569.0,569.0)
(569.0,569.0)
(569.0,569.0)
(569.0,569.0)
(569.0,569.0)
(569.0,569.0)
(569.0,569.0)
(569.0,569.0)
(118.0,569.0)
(569.0,569.0)
(118.0,569.0)
(118.0,569.0)
(569.0,569.0)
(118.0,569.0)
(569.0,569.0)
(569.0,569.0)
(104.0,569.0)
(569.0,569.0)
(569.0,569.0)
(569.0,569.0)
(569.0,569.0)
(569.0,569.0)
(569.0,569.0)
(569.0,569.0)
(569.0,569.0)
(569.0,569.0)
(569.0,569.0)
(569.0,569.0)
(569.0,569.0)
(569.0,569.0)
(569.0,569.0)
(569.0,569.0)
(569.0,569.0)
(569.0,569.0)
(569.0,569.0)
(569.0,569.0)
(569.0,569.0)
(569.0,569.0)
(569.0,569.0)
(569.0,569.0)
(569.0,569.0)
(569.0,569.0)
(569.0,569.0)
(104.0,569.0)
(569.0,569.0)
(569.0,569.0)
(569.0,569.0)
(569.0,569.0)
(569.0,569.0)
(569.0,569.0)
(569.0,569.0)
(569.0,569.0)
(569.0,569.0)
(569.0,569.0)
(569.0,569.0)
(569.0,569.0)
(569.0,569.0)
(569.0,569.0)
(569.0,569.0)
(569.0,569.0)
(569.0,569.0)
(569.0,569.0)
(569.0,569.0)
(104.0,569.0)
(569.0,569.0)
(569.0,569.0)
(569.0,569.0)
(569.0,569.0)
(569.0,569.0)
(569.0,569.0)
(569.0,569.0)
(569.0,569.0)
(569.0,569.0)
(569.0,569.0)
(569.0,569.0)
(569.0,569.0)
(569.0,569.0)
(569.0,569.0)
(569.0,569.0)
(569.0,569.0)
(569.0,569.0)
(569.0,569.0)
(569.0,569.0)
(569.0,569.0)
(569.0,569.0)
(569.0,569.0)
(569.0,569.0)
(569.0,569.0)
(569.0,569.0)
(569.0,569.0)
(569.0,569.0)
(569.0,569.0)
(569.0,569.0)
(569.0,569.0)
(569.0,569.0)
(569.0,569.0)
(569.0,569.0)
(569.0,569.0)
(569.0,569.0)
(569.0,569.0)
(569.0,569.0)
(569.0,569.0)
(569.0,569.0)
(569.0,569.0)
(569.0,569.0)
(569.0,569.0)
(569.0,569.0)
(569.0,569.0)
(569.0,569.0)
(569.0,569.0)
(569.0,569.0)
(569.0,569.0)
(569.0,569.0)
(569.0,569.0)
(569.0,569.0)
(569.0,569.0)
(569.0,569.0)
(569.0,569.0)
(103.0,569.0)
(569.0,569.0)
(569.0,569.0)
(569.0,569.0)
(569.0,569.0)
(569.0,569.0)
(569.0,569.0)
(569.0,569.0)
(569.0,569.0)
(569.0,569.0)
(569.0,569.0)
(569.0,569.0)
(569.0,569.0)
(569.0,569.0)
(569.0,569.0)
(569.0,569.0)
(569.0,569.0)
(569.0,569.0)
(569.0,569.0)
(569.0,569.0)
(569.0,569.0)
(569.0,569.0)
(569.0,569.0)
(569.0,569.0)
(569.0,569.0)
(569.0,569.0)
(569.0,569.0)
(569.0,569.0)
(569.0,569.0)
(569.0,569.0)
(569.0,569.0)
(569.0,569.0)
(569.0,569.0)
(569.0,569.0)
(569.0,569.0)
(569.0,569.0)
(569.0,569.0)
(569.0,569.0)
(569.0,569.0)
(569.0,569.0)
(569.0,569.0)
(569.0,569.0)
(569.0,569.0)
(569.0,569.0)
(569.0,569.0)
(569.0,569.0)
(569.0,569.0)
(569.0,569.0)
(569.0,569.0)
(569.0,569.0)
(569.0,569.0)
(569.0,569.0)
(569.0,569.0)
(569.0,569.0)
(569.0,569.0)
(569.0,569.0)
(105.0,569.0)
(105.0,569.0)
(105.0,569.0)
(105.0,569.0)
(105.0,569.0)
(105.0,569.0)
(105.0,569.0)
(105.0,569.0)
(105.0,569.0)
(105.0,569.0)
(105.0,569.0)
(105.0,569.0)
(105.0,569.0)
(105.0,569.0)
(105.0,569.0)
(105.0,569.0)
(105.0,569.0)
(105.0,569.0)
(105.0,569.0)
(105.0,569.0)
(105.0,569.0)
(105.0,569.0)
(105.0,569.0)
(105.0,569.0)
(105.0,569.0)
(105.0,569.0)
(105.0,569.0)
(105.0,569.0)
(105.0,569.0)
(105.0,569.0)
(105.0,569.0)
(105.0,569.0)
(105.0,569.0)
(105.0,569.0)
(105.0,569.0)
(105.0,569.0)
(105.0,569.0)
(105.0,569.0)
(105.0,569.0)
(105.0,569.0)
(105.0,569.0)
(105.0,569.0)
(105.0,569.0)
(105.0,569.0)
(105.0,569.0)
(105.0,569.0)
(105.0,569.0)
(105.0,569.0)
(105.0,569.0)
(105.0,569.0)
(105.0,569.0)
(105.0,569.0)
(105.0,569.0)
(105.0,569.0)
(105.0,569.0)
(105.0,569.0)
(105.0,569.0)
(105.0,569.0)
(105.0,569.0)
(105.0,569.0)
(105.0,569.0)
(105.0,569.0)
(105.0,569.0)
(105.0,569.0)
(105.0,569.0)
(105.0,569.0)
(105.0,569.0)
(105.0,569.0)
(105.0,569.0)
(105.0,569.0)
(105.0,569.0)
(105.0,569.0)
(105.0,569.0)
(105.0,569.0)
(105.0,569.0)
(105.0,569.0)
(569.0,569.0)
(569.0,569.0)
(569.0,569.0)
(569.0,569.0)
(569.0,569.0)
(569.0,569.0)
(569.0,569.0)
(569.0,569.0)
(569.0,569.0)
(569.0,569.0)
(569.0,569.0)
(569.0,569.0)
(569.0,569.0)
(569.0,569.0)
(569.0,569.0)
(569.0,569.0)
(569.0,569.0)
(569.0,569.0)
(569.0,569.0)
(569.0,569.0)
(569.0,569.0)
(569.0,569.0)
(569.0,569.0)
(569.0,569.0)
(569.0,569.0)
(569.0,569.0)
(569.0,569.0)
(569.0,569.0)
(569.0,569.0)
(569.0,569.0)
(569.0,569.0)
(569.0,569.0)
(569.0,569.0)
(569.0,569.0)
(569.0,569.0)
(569.0,569.0)
(569.0,569.0)
(569.0,569.0)
(569.0,569.0)
(569.0,569.0)
(569.0,569.0)
(569.0,569.0)
(569.0,569.0)
(569.0,569.0)
(569.0,569.0)
(569.0,569.0)
(569.0,569.0)
(569.0,569.0)
(569.0,569.0)
(569.0,569.0)
(569.0,569.0)
(569.0,569.0)
(569.0,569.0)
(569.0,569.0)
(569.0,569.0)
(569.0,569.0)
(569.0,569.0)
(569.0,569.0)
(569.0,569.0)
(569.0,569.0)
(569.0,569.0)
(569.0,569.0)
(569.0,569.0)
(569.0,569.0)
(569.0,569.0)
(569.0,569.0)
(569.0,569.0)
(569.0,569.0)
(569.0,569.0)
(569.0,569.0)
(569.0,569.0)
(569.0,569.0)
(569.0,569.0)
(569.0,569.0)
(569.0,569.0)
(105.0,569.0)
(569.0,569.0)
(105.0,569.0)
(105.0,569.0)
(569.0,569.0)
(569.0,569.0)
(105.0,569.0)
(569.0,569.0)
(569.0,569.0)
(569.0,569.0)
(105.0,569.0)
(569.0,569.0)
(105.0,569.0)
(569.0,569.0)
(105.0,569.0)
(569.0,569.0)
(569.0,569.0)
(569.0,569.0)
(105.0,569.0)
(569.0,569.0)
(105.0,569.0)
(105.0,569.0)
(105.0,569.0)
(569.0,569.0)
(569.0,569.0)
(569.0,569.0)
(569.0,569.0)
(569.0,569.0)
(569.0,569.0)
(569.0,569.0)
(105.0,569.0)
(105.0,569.0)
(569.0,569.0)
(569.0,569.0)
(105.0,569.0)
(105.0,569.0)
(569.0,569.0)
(105.0,569.0)
(569.0,569.0)
(105.0,569.0)
(569.0,569.0)
(105.0,569.0)
(569.0,569.0)
(569.0,569.0)
(569.0,569.0)
(105.0,569.0)
(569.0,569.0)
(569.0,569.0)
(569.0,569.0)
(105.0,569.0)
(569.0,569.0)
(569.0,569.0)
(569.0,569.0)
(569.0,569.0)
(569.0,569.0)
(569.0,569.0)
(569.0,569.0)
(569.0,569.0)
(569.0,569.0)
(105.0,569.0)
(569.0,569.0)
(105.0,569.0)
(105.0,569.0)
(569.0,569.0)
(105.0,569.0)
(569.0,569.0)
(569.0,569.0)
(569.0,569.0)
(569.0,569.0)
(569.0,569.0)
(569.0,569.0)
(569.0,569.0)
(569.0,569.0)
(105.0,569.0)
(105.0,569.0)
(570.0,570.0)
(94.0,572.0)
(569.0,572.0)
(123.0,572.0)
(94.0,572.0)
(94.0,572.0)
(94.0,572.0)
(123.0,572.0)
(94.0,572.0)
(94.0,572.0)
(94.0,572.0)
(94.0,572.0)
(94.0,572.0)
(94.0,572.0)
(123.0,572.0)
(94.0,572.0)
(94.0,572.0)
(94.0,572.0)
(94.0,572.0)
(123.0,572.0)
(94.0,572.0)
(123.0,572.0)
(94.0,572.0)
(123.0,572.0)
(94.0,572.0)
(94.0,572.0)
(94.0,572.0)
(123.0,572.0)
(94.0,572.0)
(94.0,572.0)
(123.0,572.0)
(94.0,572.0)
(94.0,572.0)
(94.0,572.0)
(123.0,572.0)
(94.0,572.0)
(94.0,572.0)
(94.0,572.0)
(94.0,572.0)
(94.0,572.0)
(94.0,572.0)
(94.0,572.0)
(569.0,572.0)
(123.0,572.0)
(569.0,572.0)
(123.0,572.0)
(94.0,572.0)
(123.0,572.0)
(94.0,572.0)
(94.0,572.0)
(123.0,572.0)
(94.0,572.0)
(94.0,572.0)
(123.0,572.0)
(94.0,572.0)
(94.0,572.0)
(94.0,572.0)
(94.0,572.0)
(94.0,572.0)
(94.0,572.0)
(94.0,572.0)
(94.0,572.0)
(94.0,572.0)
(94.0,572.0)
(94.0,572.0)
(123.0,572.0)
(94.0,572.0)
(94.0,572.0)
(94.0,572.0)
(123.0,572.0)
(94.0,572.0)
(123.0,572.0)
(94.0,572.0)
(94.0,572.0)
(94.0,572.0)
(94.0,572.0)
(123.0,572.0)
(94.0,572.0)
(123.0,572.0)
(123.0,572.0)
(123.0,572.0)
(94.0,572.0)
(123.0,572.0)
(94.0,572.0)
(123.0,572.0)
(123.0,572.0)
(94.0,572.0)
(94.0,572.0)
(94.0,572.0)
(94.0,572.0)
(94.0,572.0)
(123.0,572.0)
(569.0,572.0)
(94.0,572.0)
(123.0,572.0)
(94.0,572.0)
(94.0,572.0)
(123.0,572.0)
(94.0,572.0)
(94.0,572.0)
(94.0,572.0)
(94.0,572.0)
(94.0,572.0)
(94.0,572.0)
(94.0,572.0)
(94.0,572.0)
(94.0,572.0)
(94.0,572.0)
(94.0,572.0)
(94.0,572.0)
(123.0,572.0)
(94.0,572.0)
(123.0,572.0)
(94.0,572.0)
(94.0,572.0)
(123.0,572.0)
(94.0,572.0)
(123.0,572.0)
(94.0,572.0)
(94.0,572.0)
(94.0,572.0)
(570.0,573.0)
(570.0,573.0)
(570.0,573.0)
(571.0,573.0)
(570.0,573.0)
(570.0,573.0)
(571.0,573.0)
(570.0,573.0)
(570.0,573.0)
(570.0,573.0)
(570.0,573.0)
(570.0,573.0)
(570.0,573.0)
(570.0,573.0)
(570.0,573.0)
(570.0,573.0)
(570.0,573.0)
(570.0,573.0)
(571.0,573.0)
(570.0,573.0)
(570.0,573.0)
(571.0,573.0)
(570.0,573.0)
(570.0,573.0)
(570.0,573.0)
(570.0,573.0)
(570.0,573.0)
(570.0,573.0)
(570.0,573.0)
(570.0,573.0)
(570.0,573.0)
(570.0,573.0)
(570.0,573.0)
(571.0,573.0)
(570.0,573.0)
(570.0,573.0)
(570.0,573.0)
(571.0,573.0)
(571.0,573.0)
(570.0,573.0)
(570.0,573.0)
(570.0,573.0)
(570.0,573.0)
(571.0,573.0)
(570.0,573.0)
(571.0,573.0)
(570.0,573.0)
(570.0,573.0)
(570.0,573.0)
(570.0,573.0)
(570.0,573.0)
(570.0,573.0)
(570.0,573.0)
(570.0,573.0)
(570.0,573.0)
(570.0,573.0)
(570.0,573.0)
(570.0,573.0)
(570.0,573.0)
(570.0,573.0)
(570.0,573.0)
(570.0,573.0)
(570.0,573.0)
(571.0,573.0)
(570.0,573.0)
(571.0,573.0)
(570.0,573.0)
(570.0,573.0)
(571.0,573.0)
(571.0,573.0)
(571.0,573.0)
(570.0,573.0)
(570.0,573.0)
(571.0,573.0)
(570.0,573.0)
(570.0,573.0)
(570.0,573.0)
(570.0,573.0)
(570.0,573.0)
(570.0,573.0)
(570.0,573.0)
(570.0,573.0)
(570.0,574.0)
(570.0,574.0)
(570.0,574.0)
(570.0,574.0)
(570.0,574.0)
(570.0,574.0)
(570.0,574.0)
(570.0,574.0)
(570.0,574.0)
(570.0,574.0)
(570.0,574.0)
(570.0,574.0)
(570.0,574.0)
(570.0,574.0)
(570.0,574.0)
(570.0,574.0)
(570.0,574.0)
(570.0,574.0)
(570.0,574.0)
(570.0,574.0)
(570.0,574.0)
(570.0,574.0)
(570.0,574.0)
(570.0,574.0)
(570.0,574.0)
(570.0,574.0)
(570.0,574.0)
(570.0,574.0)
(570.0,574.0)
(570.0,574.0)
(570.0,574.0)
(570.0,574.0)
(570.0,574.0)
(570.0,574.0)
(570.0,574.0)
(570.0,574.0)
(570.0,574.0)
(570.0,574.0)
(570.0,574.0)
(570.0,574.0)
(570.0,574.0)
(570.0,574.0)
(570.0,574.0)
(570.0,574.0)
(570.0,574.0)
(570.0,574.0)
(570.0,574.0)
(570.0,574.0)
(570.0,574.0)
(570.0,574.0)
(570.0,574.0)
(570.0,574.0)
(570.0,574.0)
(570.0,574.0)
(570.0,574.0)
(570.0,574.0)
(570.0,574.0)
(570.0,574.0)
(570.0,574.0)
(570.0,574.0)
(570.0,574.0)
(570.0,574.0)
(570.0,574.0)
(570.0,574.0)
(570.0,574.0)
(570.0,574.0)
(570.0,574.0)
(570.0,574.0)
(570.0,574.0)
(570.0,574.0)
(570.0,574.0)
(570.0,574.0)
(570.0,574.0)
(570.0,574.0)
(570.0,574.0)
(570.0,574.0)
(570.0,574.0)
(570.0,574.0)
(570.0,574.0)
(570.0,574.0)
(570.0,574.0)
(570.0,574.0)
(570.0,574.0)
(570.0,574.0)
(570.0,574.0)
(570.0,574.0)
(570.0,574.0)
(570.0,574.0)
(570.0,574.0)
(570.0,574.0)
(570.0,574.0)
(570.0,574.0)
(570.0,574.0)
(570.0,574.0)
(570.0,574.0)
(570.0,574.0)
(570.0,574.0)
(570.0,574.0)
(570.0,574.0)
(570.0,574.0)
(570.0,574.0)
(570.0,574.0)
(570.0,574.0)
(570.0,574.0)
(570.0,574.0)
(570.0,574.0)
(570.0,574.0)
(570.0,574.0)
(570.0,574.0)
(570.0,574.0)
(570.0,574.0)
(570.0,574.0)
(570.0,574.0)
(570.0,574.0)
(570.0,574.0)
(570.0,574.0)
(570.0,574.0)
(570.0,574.0)
(570.0,574.0)
(570.0,574.0)
(570.0,574.0)
(570.0,574.0)
(570.0,574.0)
(570.0,574.0)
(570.0,574.0)
(570.0,574.0)
(570.0,574.0)
(570.0,574.0)
(570.0,574.0)
(570.0,574.0)
(570.0,574.0)
(570.0,574.0)
(570.0,574.0)
(570.0,574.0)
(570.0,574.0)
(570.0,574.0)
(570.0,574.0)
(570.0,574.0)
(570.0,574.0)
(570.0,574.0)
(570.0,574.0)
(570.0,574.0)
(570.0,574.0)
(570.0,574.0)
(569.0,574.0)
(570.0,574.0)
(570.0,574.0)
(570.0,574.0)
(570.0,574.0)
(569.0,574.0)
(570.0,574.0)
(569.0,574.0)
(569.0,574.0)
(569.0,574.0)
(569.0,574.0)
(569.0,574.0)
(570.0,574.0)
(570.0,574.0)
(570.0,574.0)
(119.0,574.0)
(569.0,574.0)
(570.0,574.0)
(570.0,574.0)
(570.0,574.0)
(570.0,574.0)
(569.0,574.0)
(569.0,574.0)
(569.0,574.0)
(570.0,574.0)
(569.0,574.0)
(570.0,574.0)
(570.0,574.0)
(569.0,574.0)
(570.0,574.0)
(570.0,574.0)
(570.0,574.0)
(570.0,574.0)
(569.0,574.0)
(570.0,574.0)
(570.0,574.0)
(570.0,574.0)
(569.0,574.0)
(455.0,574.0)
(570.0,574.0)
(569.0,574.0)
(570.0,574.0)
(569.0,574.0)
(569.0,574.0)
(569.0,574.0)
(569.0,574.0)
(570.0,574.0)
(570.0,574.0)
(569.0,574.0)
(570.0,574.0)
(570.0,574.0)
(570.0,574.0)
(570.0,574.0)
(570.0,574.0)
(569.0,574.0)
(570.0,574.0)
(569.0,574.0)
(569.0,574.0)
(569.0,574.0)
(570.0,574.0)
(570.0,574.0)
(569.0,574.0)
(570.0,574.0)
(570.0,574.0)
(569.0,574.0)
(570.0,574.0)
(108.0,574.0)
(570.0,574.0)
(570.0,574.0)
(569.0,574.0)
(570.0,574.0)
(569.0,574.0)
(570.0,574.0)
(455.0,574.0)
(569.0,574.0)
(570.0,574.0)
(569.0,574.0)
(569.0,574.0)
(570.0,574.0)
(570.0,574.0)
(570.0,574.0)
(570.0,574.0)
(569.0,574.0)
(570.0,574.0)
(570.0,574.0)
(569.0,574.0)
(569.0,574.0)
(569.0,574.0)
(570.0,574.0)
(569.0,574.0)
(570.0,574.0)
(570.0,574.0)
(570.0,574.0)
(569.0,574.0)
(570.0,574.0)
(569.0,574.0)
(569.0,574.0)
(570.0,574.0)
(455.0,574.0)
(569.0,574.0)
(569.0,574.0)
(570.0,574.0)
(570.0,574.0)
(569.0,574.0)
(570.0,574.0)
(570.0,574.0)
(569.0,574.0)
(570.0,574.0)
(569.0,574.0)
(569.0,574.0)
(569.0,574.0)
(569.0,574.0)
(570.0,574.0)
(570.0,574.0)
(569.0,574.0)
(569.0,574.0)
(569.0,574.0)
(570.0,574.0)
(119.0,574.0)
(569.0,574.0)
(569.0,574.0)
(570.0,574.0)
(569.0,574.0)
(569.0,574.0)
(569.0,574.0)
(569.0,574.0)
(570.0,574.0)
(569.0,574.0)
(569.0,574.0)
(570.0,574.0)
(569.0,574.0)
(570.0,574.0)
(108.0,574.0)
(569.0,574.0)
(569.0,574.0)
(570.0,574.0)
(569.0,574.0)
(569.0,574.0)
(570.0,574.0)
(570.0,574.0)
(569.0,574.0)
(570.0,574.0)
(570.0,574.0)
(570.0,574.0)
(570.0,574.0)
(569.0,574.0)
(570.0,574.0)
(570.0,574.0)
(569.0,574.0)
(102.0,574.0)
(570.0,574.0)
(569.0,574.0)
(569.0,574.0)
(570.0,574.0)
(570.0,574.0)
(570.0,574.0)
(569.0,574.0)
(569.0,574.0)
(569.0,574.0)
(569.0,574.0)
(570.0,574.0)
(569.0,574.0)
(569.0,574.0)
(570.0,574.0)
(570.0,574.0)
(569.0,574.0)
(569.0,574.0)
(569.0,574.0)
(570.0,574.0)
(570.0,574.0)
(569.0,574.0)
(570.0,574.0)
(569.0,574.0)
(570.0,574.0)
(569.0,574.0)
(569.0,574.0)
(570.0,574.0)
(569.0,574.0)
(569.0,574.0)
(570.0,574.0)
(569.0,574.0)
(569.0,574.0)
(569.0,574.0)
(569.0,574.0)
(570.0,574.0)
(569.0,574.0)
(570.0,574.0)
(569.0,574.0)
(569.0,574.0)
(569.0,574.0)
(570.0,574.0)
(570.0,574.0)
(569.0,574.0)
(569.0,574.0)
(570.0,574.0)
(569.0,574.0)
(570.0,574.0)
(570.0,574.0)
(569.0,574.0)
(570.0,574.0)
(569.0,574.0)
(570.0,574.0)
(569.0,574.0)
(569.0,574.0)
(569.0,574.0)
(570.0,574.0)
(569.0,574.0)
(569.0,574.0)
(569.0,574.0)
(569.0,574.0)
(569.0,574.0)
(570.0,574.0)
(569.0,574.0)
(569.0,574.0)
(570.0,574.0)
(570.0,574.0)
(569.0,574.0)
(569.0,574.0)
(570.0,574.0)
(569.0,574.0)
(570.0,574.0)
(569.0,574.0)
(570.0,574.0)
(569.0,574.0)
(569.0,574.0)
(570.0,574.0)
(570.0,574.0)
(569.0,574.0)
(569.0,574.0)
(570.0,574.0)
(570.0,574.0)
(569.0,574.0)
(569.0,574.0)
(570.0,574.0)
(569.0,574.0)
(570.0,574.0)
(569.0,574.0)
(569.0,574.0)
(569.0,574.0)
(569.0,574.0)
(570.0,574.0)
(569.0,574.0)
(569.0,574.0)
(569.0,574.0)
(569.0,574.0)
(570.0,574.0)
(569.0,574.0)
(569.0,574.0)
(569.0,574.0)
(570.0,574.0)
(570.0,574.0)
(570.0,574.0)
(569.0,574.0)
(570.0,574.0)
(569.0,574.0)
(569.0,574.0)
(569.0,574.0)
(570.0,574.0)
(570.0,574.0)
(570.0,574.0)
(570.0,574.0)
(569.0,574.0)
(569.0,574.0)
(569.0,574.0)
(570.0,574.0)
(569.0,574.0)
(570.0,574.0)
(570.0,574.0)
(570.0,574.0)
(569.0,574.0)
(569.0,574.0)
(570.0,574.0)
(569.0,574.0)
(569.0,574.0)
(569.0,574.0)
(570.0,574.0)
(569.0,574.0)
(570.0,574.0)
(569.0,574.0)
(569.0,574.0)
(570.0,574.0)
(570.0,574.0)
(569.0,574.0)
(569.0,574.0)
(570.0,574.0)
(569.0,574.0)
(569.0,574.0)
(569.0,574.0)
(569.0,574.0)
(569.0,574.0)
(569.0,574.0)
(570.0,574.0)
(570.0,574.0)
(569.0,574.0)
(569.0,574.0)
(570.0,574.0)
(569.0,574.0)
(570.0,574.0)
(569.0,574.0)
(569.0,574.0)
(569.0,574.0)
(569.0,574.0)
(570.0,574.0)
(569.0,574.0)
(570.0,574.0)
(570.0,574.0)
(569.0,574.0)
(570.0,574.0)
(569.0,574.0)
(569.0,574.0)
(569.0,574.0)
(569.0,574.0)
(570.0,574.0)
(569.0,574.0)
(570.0,574.0)
(569.0,574.0)
(569.0,574.0)
(570.0,574.0)
(676.0,574.0)
(570.0,574.0)
(676.0,574.0)
(570.0,574.0)
(570.0,574.0)
(570.0,574.0)
(570.0,574.0)
(570.0,574.0)
(570.0,574.0)
(570.0,574.0)
(570.0,574.0)
(570.0,574.0)
(570.0,574.0)
(570.0,574.0)
(569.0,574.0)
(570.0,574.0)
(570.0,574.0)
(570.0,574.0)
(570.0,574.0)
(570.0,574.0)
(570.0,574.0)
(570.0,574.0)
(570.0,574.0)
(676.0,574.0)
(570.0,574.0)
(570.0,574.0)
(570.0,574.0)
(569.0,574.0)
(570.0,574.0)
(570.0,574.0)
(564.0,574.0)
(570.0,574.0)
(570.0,574.0)
(570.0,574.0)
(571.0,574.0)
(676.0,574.0)
(570.0,574.0)
(570.0,574.0)
(570.0,574.0)
(570.0,574.0)
(570.0,574.0)
(570.0,574.0)
(570.0,574.0)
(570.0,574.0)
(570.0,574.0)
(676.0,574.0)
(570.0,574.0)
(570.0,574.0)
(570.0,574.0)
(570.0,574.0)
(570.0,574.0)
(570.0,574.0)
(569.0,574.0)
(570.0,574.0)
(570.0,574.0)
(676.0,574.0)
(570.0,574.0)
(570.0,574.0)
(570.0,574.0)
(570.0,574.0)
(570.0,574.0)
(569.0,574.0)
(676.0,574.0)
(570.0,574.0)
(569.0,574.0)
(570.0,574.0)
(570.0,574.0)
(676.0,574.0)
(676.0,574.0)
(570.0,574.0)
(570.0,574.0)
(570.0,574.0)
(571.0,574.0)
(570.0,574.0)
(676.0,574.0)
(676.0,574.0)
(570.0,574.0)
(570.0,574.0)
(676.0,574.0)
(676.0,574.0)
(676.0,574.0)
(570.0,574.0)
(564.0,574.0)
(570.0,574.0)
(570.0,574.0)
(676.0,574.0)
(570.0,574.0)
(569.0,574.0)
(570.0,574.0)
(570.0,574.0)
(676.0,574.0)
(570.0,574.0)
(570.0,574.0)
(676.0,574.0)
(570.0,574.0)
(570.0,574.0)
(570.0,574.0)
(570.0,574.0)
(676.0,574.0)
(570.0,574.0)
(570.0,574.0)
(570.0,574.0)
(676.0,574.0)
(570.0,574.0)
(570.0,574.0)
(570.0,574.0)
(570.0,574.0)
(676.0,574.0)
(676.0,574.0)
(570.0,574.0)
(570.0,574.0)
(570.0,574.0)
(676.0,574.0)
(570.0,574.0)
(570.0,574.0)
(570.0,574.0)
(570.0,574.0)
(570.0,574.0)
(570.0,574.0)
(570.0,574.0)
(570.0,574.0)
(570.0,574.0)
(570.0,574.0)
(570.0,574.0)
(570.0,574.0)
(570.0,574.0)
(570.0,574.0)
(570.0,574.0)
(570.0,574.0)
(570.0,574.0)
(570.0,574.0)
(676.0,574.0)
(570.0,574.0)
(570.0,574.0)
(570.0,574.0)
(570.0,574.0)
(564.0,574.0)
(569.0,574.0)
(569.0,574.0)
(570.0,574.0)
(570.0,574.0)
(570.0,574.0)
(570.0,574.0)
(94.0,574.0)
(570.0,574.0)
(119.0,574.0)
(570.0,574.0)
(570.0,574.0)
(570.0,574.0)
(94.0,574.0)
(94.0,574.0)
(94.0,574.0)
(570.0,574.0)
(570.0,574.0)
(102.0,574.0)
(94.0,574.0)
(94.0,574.0)
(119.0,574.0)
(570.0,574.0)
(94.0,574.0)
(94.0,574.0)
(570.0,574.0)
(94.0,574.0)
(94.0,574.0)
(570.0,574.0)
(94.0,574.0)
(94.0,574.0)
(119.0,574.0)
(119.0,574.0)
(570.0,574.0)
(94.0,574.0)
(570.0,574.0)
(570.0,574.0)
(94.0,574.0)
(570.0,574.0)
(570.0,574.0)
(570.0,574.0)
(570.0,574.0)
(94.0,574.0)
(119.0,574.0)
(570.0,574.0)
(94.0,574.0)
(570.0,574.0)
(570.0,574.0)
(119.0,574.0)
(570.0,574.0)
(94.0,574.0)
(570.0,574.0)
(94.0,574.0)
(94.0,574.0)
(119.0,574.0)
(570.0,574.0)
(94.0,574.0)
(94.0,574.0)
(94.0,574.0)
(94.0,574.0)
(94.0,574.0)
(570.0,574.0)
(119.0,574.0)
(94.0,574.0)
(570.0,574.0)
(570.0,574.0)
(119.0,574.0)
(570.0,574.0)
(570.0,574.0)
(570.0,574.0)
(119.0,574.0)
(570.0,574.0)
(94.0,574.0)
(570.0,574.0)
(119.0,574.0)
(94.0,574.0)
(570.0,574.0)
(570.0,574.0)
(570.0,574.0)
(94.0,574.0)
(94.0,574.0)
(570.0,574.0)
(570.0,574.0)
(94.0,574.0)
(94.0,574.0)
(570.0,574.0)
(570.0,574.0)
(119.0,574.0)
(570.0,574.0)
(102.0,574.0)
(119.0,574.0)
(94.0,574.0)
(94.0,574.0)
(94.0,574.0)
(570.0,574.0)
(570.0,574.0)
(570.0,574.0)
(94.0,574.0)
(119.0,574.0)
(94.0,574.0)
(570.0,574.0)
(94.0,574.0)
(570.0,574.0)
(570.0,574.0)
(570.0,574.0)
(94.0,574.0)
(94.0,574.0)
(570.0,574.0)
(570.0,574.0)
(119.0,574.0)
(570.0,574.0)
(570.0,574.0)
(570.0,574.0)
(94.0,574.0)
(570.0,574.0)
(94.0,574.0)
(570.0,574.0)
(119.0,574.0)
(94.0,574.0)
(570.0,574.0)
(570.0,574.0)
(570.0,574.0)
(570.0,574.0)
(570.0,574.0)
(94.0,574.0)
(94.0,574.0)
(102.0,574.0)
(94.0,574.0)
(570.0,574.0)
(94.0,574.0)
(570.0,574.0)
(570.0,574.0)
(570.0,574.0)
(94.0,574.0)
(119.0,574.0)
(570.0,574.0)
(570.0,574.0)
(94.0,574.0)
(94.0,574.0)
(119.0,574.0)
(570.0,574.0)
(102.0,574.0)
(570.0,574.0)
(119.0,574.0)
(119.0,574.0)
(570.0,574.0)
(570.0,574.0)
(570.0,574.0)
(119.0,574.0)
(94.0,574.0)
(570.0,574.0)
(94.0,574.0)
(94.0,574.0)
(94.0,574.0)
(94.0,574.0)
(119.0,574.0)
(94.0,574.0)
(570.0,574.0)
(570.0,574.0)
(570.0,574.0)
(119.0,574.0)
(119.0,574.0)
(570.0,574.0)
(94.0,574.0)
(570.0,574.0)
(94.0,574.0)
(570.0,574.0)
(94.0,574.0)
(570.0,574.0)
(94.0,574.0)
(570.0,574.0)
(94.0,574.0)
(570.0,574.0)
(570.0,574.0)
(94.0,574.0)
(570.0,574.0)
(94.0,574.0)
(94.0,574.0)
(94.0,574.0)
(94.0,574.0)
(570.0,574.0)
(455.0,571.0)
(387.0,571.0)
(455.0,571.0)
(455.0,571.0)
(455.0,571.0)
(676.0,571.0)
(108.0,571.0)
(387.0,571.0)
(387.0,571.0)
(387.0,571.0)
(455.0,571.0)
(455.0,571.0)
(387.0,571.0)
(387.0,571.0)
(387.0,571.0)
(387.0,571.0)
(387.0,571.0)
(455.0,571.0)
(570.0,571.0)
(455.0,571.0)
(387.0,571.0)
(455.0,571.0)
(455.0,571.0)
(387.0,571.0)
(455.0,571.0)
(387.0,571.0)
(387.0,571.0)
(455.0,571.0)
(455.0,571.0)
(455.0,571.0)
(387.0,571.0)
(387.0,571.0)
(387.0,571.0)
(387.0,571.0)
(387.0,571.0)
(455.0,571.0)
(387.0,571.0)
(455.0,571.0)
(387.0,571.0)
(455.0,571.0)
(387.0,571.0)
(570.0,571.0)
(455.0,571.0)
(387.0,571.0)
(455.0,571.0)
(676.0,571.0)
(455.0,571.0)
(108.0,571.0)
(570.0,571.0)
(387.0,571.0)
(455.0,571.0)
(455.0,571.0)
(387.0,571.0)
(387.0,571.0)
(455.0,571.0)
(455.0,571.0)
(387.0,571.0)
(387.0,571.0)
(387.0,571.0)
(387.0,571.0)
(387.0,571.0)
(108.0,571.0)
(455.0,571.0)
(676.0,571.0)
(387.0,571.0)
(455.0,571.0)
(387.0,571.0)
(108.0,571.0)
(455.0,571.0)
(387.0,571.0)
(108.0,571.0)
(387.0,571.0)
(108.0,571.0)
(387.0,571.0)
(387.0,571.0)
(108.0,571.0)
(108.0,571.0)
(455.0,571.0)
(676.0,571.0)
(387.0,571.0)
(387.0,571.0)
(455.0,571.0)
(387.0,571.0)
(455.0,571.0)
(455.0,571.0)
(387.0,571.0)
(387.0,571.0)
(570.0,574.0)
(570.0,574.0)
(570.0,574.0)
(570.0,574.0)
(570.0,574.0)
(570.0,574.0)
(570.0,574.0)
(570.0,574.0)
(570.0,574.0)
(570.0,574.0)
(570.0,574.0)
(570.0,574.0)
(570.0,574.0)
(570.0,574.0)
(455.0,574.0)
(570.0,574.0)
(570.0,574.0)
(570.0,574.0)
(570.0,574.0)
(570.0,574.0)
(570.0,574.0)
(570.0,574.0)
(570.0,574.0)
(570.0,574.0)
(570.0,574.0)
(570.0,574.0)
(570.0,574.0)
(570.0,574.0)
(570.0,574.0)
(570.0,574.0)
(570.0,574.0)
(570.0,574.0)
(570.0,574.0)
(570.0,574.0)
(570.0,574.0)
(570.0,574.0)
(570.0,574.0)
(570.0,574.0)
(570.0,574.0)
(570.0,574.0)
(570.0,574.0)
(570.0,574.0)
(570.0,574.0)
(570.0,574.0)
(570.0,574.0)
(570.0,574.0)
(570.0,574.0)
(570.0,574.0)
(570.0,574.0)
(570.0,574.0)
(570.0,574.0)
(570.0,574.0)
(570.0,574.0)
(570.0,574.0)
(570.0,574.0)
(570.0,574.0)
(455.0,574.0)
(570.0,574.0)
(570.0,574.0)
(570.0,574.0)
(570.0,574.0)
(570.0,574.0)
(570.0,574.0)
(570.0,574.0)
(570.0,574.0)
(570.0,574.0)
(570.0,574.0)
(570.0,574.0)
(570.0,574.0)
(570.0,574.0)
(570.0,574.0)
(570.0,574.0)
(570.0,574.0)
(570.0,574.0)
(570.0,574.0)
(570.0,574.0)
(570.0,574.0)
(570.0,574.0)
(570.0,574.0)
(570.0,574.0)
(570.0,574.0)
(570.0,574.0)
(570.0,574.0)
(570.0,574.0)
(570.0,574.0)
(570.0,574.0)
(570.0,574.0)
(570.0,574.0)
(570.0,574.0)
(570.0,574.0)
(570.0,574.0)
(570.0,574.0)
(570.0,574.0)
(570.0,574.0)
(570.0,574.0)
(570.0,574.0)
(570.0,574.0)
(570.0,574.0)
(570.0,574.0)
(455.0,574.0)
(570.0,574.0)
(570.0,574.0)
(570.0,574.0)
(570.0,574.0)
(570.0,574.0)
(570.0,574.0)
(570.0,574.0)
(570.0,574.0)
(570.0,574.0)
(570.0,574.0)
(570.0,574.0)
(570.0,574.0)
(455.0,574.0)
(570.0,574.0)
(570.0,574.0)
(570.0,574.0)
(570.0,574.0)
(570.0,574.0)
(570.0,574.0)
(570.0,574.0)
(570.0,574.0)
(570.0,574.0)
(570.0,574.0)
(570.0,574.0)
(570.0,574.0)
(570.0,574.0)
(570.0,574.0)
(570.0,574.0)
(570.0,574.0)
(570.0,574.0)
(570.0,574.0)
(570.0,574.0)
(570.0,574.0)
(570.0,574.0)
(570.0,574.0)
(570.0,574.0)
(570.0,574.0)
(570.0,574.0)
(570.0,574.0)
(570.0,574.0)
(570.0,574.0)
(570.0,574.0)
(570.0,574.0)
(570.0,574.0)
(570.0,574.0)
(570.0,574.0)
(570.0,574.0)
(570.0,574.0)
(570.0,574.0)
(570.0,574.0)
(570.0,574.0)
(570.0,574.0)
(570.0,574.0)
(570.0,574.0)
(570.0,574.0)
(570.0,574.0)
(570.0,574.0)
(570.0,574.0)
(570.0,574.0)
(570.0,574.0)
(570.0,574.0)
(570.0,574.0)
(570.0,574.0)
(570.0,574.0)
(570.0,574.0)
(570.0,574.0)
(570.0,574.0)
(570.0,574.0)
(570.0,574.0)
(570.0,574.0)
(570.0,574.0)
(570.0,574.0)
(570.0,574.0)
(570.0,574.0)
(570.0,574.0)
(570.0,574.0)
(570.0,574.0)
(570.0,574.0)
(570.0,574.0)
(570.0,574.0)
(570.0,574.0)
(570.0,574.0)
(570.0,574.0)
(570.0,574.0)
(570.0,574.0)
(570.0,574.0)
(570.0,574.0)
(570.0,574.0)
(570.0,574.0)
(570.0,574.0)
(570.0,574.0)
(570.0,574.0)
(570.0,574.0)
(570.0,574.0)
(570.0,574.0)
(570.0,574.0)
(570.0,574.0)
(570.0,574.0)
(570.0,574.0)
(570.0,574.0)
(570.0,574.0)
(570.0,574.0)
(570.0,574.0)
(570.0,574.0)
(570.0,574.0)
(570.0,574.0)
(570.0,574.0)
(570.0,574.0)
(570.0,574.0)
(570.0,574.0)
(570.0,574.0)
(570.0,574.0)
(570.0,574.0)
(570.0,574.0)
(570.0,574.0)
(570.0,574.0)
(570.0,574.0)
(570.0,574.0)
(570.0,574.0)
(570.0,574.0)
(570.0,574.0)
(570.0,574.0)
(570.0,574.0)
(570.0,574.0)
(570.0,574.0)
(570.0,574.0)
(570.0,574.0)
(570.0,574.0)
(570.0,574.0)
(570.0,574.0)
(570.0,574.0)
(570.0,574.0)
(570.0,574.0)
(570.0,574.0)
(570.0,574.0)
(570.0,574.0)
(570.0,574.0)
(570.0,574.0)
(570.0,574.0)
(570.0,574.0)
(570.0,574.0)
(570.0,574.0)
(570.0,574.0)
(570.0,574.0)
(570.0,574.0)
(570.0,574.0)
(570.0,574.0)
(570.0,574.0)
(570.0,574.0)
(570.0,574.0)
(570.0,574.0)
(570.0,570.0)
(570.0,570.0)
(570.0,570.0)
(570.0,570.0)
(570.0,570.0)
(569.0,570.0)
(570.0,570.0)
(570.0,570.0)
(570.0,570.0)
(570.0,570.0)
(570.0,570.0)
(570.0,570.0)
(570.0,570.0)
(570.0,570.0)
(570.0,570.0)
(570.0,570.0)
(570.0,570.0)
(570.0,570.0)
(570.0,570.0)
(570.0,570.0)
(570.0,570.0)
(570.0,570.0)
(570.0,570.0)
(570.0,570.0)
(570.0,570.0)
(569.0,570.0)
(570.0,570.0)
(570.0,570.0)
(570.0,570.0)
(570.0,570.0)
(570.0,570.0)
(570.0,570.0)
(570.0,570.0)
(570.0,570.0)
(570.0,570.0)
(570.0,570.0)
(570.0,570.0)
(570.0,570.0)
(570.0,570.0)
(569.0,570.0)
(570.0,570.0)
(570.0,570.0)
(570.0,570.0)
(570.0,570.0)
(570.0,570.0)
(570.0,570.0)
(570.0,570.0)
(570.0,570.0)
(569.0,570.0)
(570.0,570.0)
(570.0,570.0)
(570.0,570.0)
(570.0,570.0)
(570.0,570.0)
(570.0,570.0)
(570.0,570.0)
(570.0,570.0)
(570.0,570.0)
(570.0,570.0)
(570.0,570.0)
(570.0,570.0)
(570.0,570.0)
(570.0,570.0)
(570.0,570.0)
(570.0,570.0)
(570.0,570.0)
(570.0,570.0)
(570.0,570.0)
(570.0,570.0)
(570.0,570.0)
(570.0,570.0)
(570.0,570.0)
(570.0,570.0)
(570.0,570.0)
(570.0,570.0)
(570.0,570.0)
(570.0,570.0)
(569.0,570.0)
(569.0,570.0)
(571.0,121.0)
(123.0,121.0)
(571.0,121.0)
(123.0,121.0)
(571.0,121.0)
(571.0,121.0)
(571.0,121.0)
(123.0,121.0)
(571.0,121.0)
(571.0,121.0)
(571.0,121.0)
(123.0,121.0)
(123.0,121.0)
(571.0,121.0)
(123.0,121.0)
(569.0,121.0)
(123.0,121.0)
(123.0,121.0)
(571.0,121.0)
(123.0,121.0)
(571.0,121.0)
(571.0,121.0)
(571.0,121.0)
(571.0,121.0)
(571.0,121.0)
(123.0,121.0)
(571.0,121.0)
(123.0,121.0)
(123.0,121.0)
(571.0,121.0)
(123.0,121.0)
(123.0,121.0)
(571.0,121.0)
(571.0,121.0)
(569.0,121.0)
(571.0,121.0)
(571.0,121.0)
(571.0,121.0)
(123.0,121.0)
(571.0,121.0)
(123.0,121.0)
(123.0,121.0)
(571.0,121.0)
(571.0,121.0)
(123.0,121.0)
(571.0,121.0)
(123.0,121.0)
(123.0,121.0)
(571.0,121.0)
(123.0,121.0)
(123.0,121.0)
(571.0,121.0)
(569.0,121.0)
(123.0,121.0)
(571.0,121.0)
(571.0,121.0)
(123.0,121.0)
(571.0,121.0)
(571.0,121.0)
(123.0,121.0)
(571.0,121.0)
(571.0,121.0)
(571.0,121.0)
(571.0,121.0)
(571.0,121.0)
(571.0,121.0)
(123.0,121.0)
(571.0,121.0)
(123.0,121.0)
(123.0,121.0)
(571.0,121.0)
(571.0,121.0)
(570.0,121.0)
(571.0,121.0)
(570.0,121.0)
(570.0,121.0)
(571.0,121.0)
(118.0,121.0)
(571.0,121.0)
(571.0,121.0)
(571.0,121.0)
(571.0,121.0)
(571.0,121.0)
(570.0,121.0)
(570.0,121.0)
(571.0,121.0)
(570.0,121.0)
(570.0,121.0)
(570.0,121.0)
(571.0,121.0)
(571.0,121.0)
(571.0,121.0)
(571.0,121.0)
(571.0,121.0)
(571.0,121.0)
(571.0,121.0)
(570.0,121.0)
(118.0,121.0)
(570.0,121.0)
(571.0,121.0)
(570.0,121.0)
(571.0,121.0)
(570.0,121.0)
(571.0,121.0)
(571.0,121.0)
(118.0,121.0)
(118.0,121.0)
(570.0,121.0)
(570.0,121.0)
(571.0,121.0)
(570.0,121.0)
(118.0,121.0)
(571.0,121.0)
(571.0,121.0)
(571.0,121.0)
(571.0,121.0)
(571.0,121.0)
(570.0,121.0)
(571.0,121.0)
(118.0,121.0)
(571.0,121.0)
(571.0,121.0)
(570.0,121.0)
(570.0,121.0)
(571.0,121.0)
(570.0,121.0)
(118.0,121.0)
(118.0,121.0)
(571.0,121.0)
(571.0,121.0)
(571.0,121.0)
(570.0,121.0)
(570.0,121.0)
(571.0,121.0)
(570.0,121.0)
(571.0,121.0)
(571.0,121.0)
(118.0,121.0)
(570.0,121.0)
(571.0,121.0)
(570.0,121.0)
(571.0,121.0)
(118.0,121.0)
(571.0,121.0)
(571.0,121.0)
(570.0,121.0)
(571.0,121.0)
(570.0,121.0)
(571.0,121.0)
(570.0,121.0)
(571.0,121.0)
(570.0,121.0)
(571.0,121.0)
(571.0,121.0)
(571.0,121.0)
(571.0,121.0)
(570.0,121.0)
(571.0,121.0)
(570.0,121.0)
(570.0,121.0)
(571.0,121.0)
(571.0,121.0)
(571.0,121.0)
(571.0,121.0)
(571.0,121.0)
(571.0,121.0)
(118.0,121.0)
(571.0,121.0)
(570.0,121.0)
(118.0,121.0)
(118.0,121.0)
(570.0,121.0)
(571.0,121.0)
(571.0,121.0)
(570.0,121.0)
(570.0,121.0)
(570.0,121.0)
(571.0,121.0)
(571.0,121.0)
(570.0,121.0)
(571.0,121.0)
(570.0,121.0)
(571.0,121.0)
(570.0,121.0)
(571.0,121.0)
(571.0,121.0)
(118.0,121.0)
(571.0,121.0)
(570.0,121.0)
(571.0,121.0)
(571.0,121.0)
(570.0,121.0)
(570.0,121.0)
(570.0,121.0)
(570.0,121.0)
(570.0,121.0)
(104.0,121.0)
(104.0,121.0)
(104.0,121.0)
(570.0,121.0)
(570.0,121.0)
(570.0,121.0)
(104.0,121.0)
(570.0,121.0)
(570.0,121.0)
(570.0,121.0)
(570.0,121.0)
(570.0,121.0)
(570.0,121.0)
(570.0,121.0)
(570.0,121.0)
(104.0,121.0)
(570.0,121.0)
(570.0,121.0)
(570.0,121.0)
(121.0,121.0)
(104.0,121.0)
(104.0,121.0)
(570.0,121.0)
(570.0,121.0)
(104.0,121.0)
(570.0,121.0)
(570.0,121.0)
(570.0,121.0)
(570.0,121.0)
(570.0,121.0)
(570.0,121.0)
(104.0,121.0)
(570.0,121.0)
(570.0,121.0)
(570.0,121.0)
(570.0,121.0)
(104.0,121.0)
(104.0,121.0)
(570.0,121.0)
(104.0,121.0)
(570.0,121.0)
(570.0,121.0)
(104.0,121.0)
(570.0,121.0)
(570.0,121.0)
(121.0,121.0)
(104.0,121.0)
(104.0,121.0)
(104.0,121.0)
(104.0,121.0)
(570.0,121.0)
(104.0,121.0)
(570.0,121.0)
(570.0,121.0)
(570.0,121.0)
(570.0,121.0)
(570.0,121.0)
(570.0,121.0)
(570.0,121.0)
(570.0,121.0)
(570.0,121.0)
(570.0,121.0)
(570.0,121.0)
(570.0,121.0)
(570.0,121.0)
(570.0,121.0)
(104.0,121.0)
(570.0,121.0)
(104.0,121.0)
(104.0,121.0)
(104.0,121.0)
(570.0,121.0)
(570.0,121.0)
(570.0,121.0)
(570.0,121.0)
(570.0,121.0)
(570.0,121.0)
(570.0,121.0)
(570.0,121.0)
(570.0,121.0)
(570.0,121.0)
(570.0,121.0)
(570.0,121.0)
(104.0,121.0)
(104.0,121.0)
(104.0,121.0)
(104.0,121.0)
(570.0,121.0)
(570.0,121.0)
(570.0,121.0)
(569.0,121.0)
(570.0,121.0)
(569.0,121.0)
(569.0,121.0)
(570.0,121.0)
(570.0,121.0)
(569.0,121.0)
(570.0,121.0)
(569.0,121.0)
(570.0,121.0)
(569.0,121.0)
(570.0,121.0)
(569.0,121.0)
(570.0,121.0)
(569.0,121.0)
(570.0,121.0)
(570.0,121.0)
(571.0,121.0)
(570.0,121.0)
(569.0,121.0)
(569.0,121.0)
(569.0,121.0)
(570.0,121.0)
(570.0,121.0)
(570.0,121.0)
(570.0,121.0)
(570.0,121.0)
(570.0,121.0)
(569.0,121.0)
(569.0,121.0)
(570.0,121.0)
(570.0,121.0)
(569.0,121.0)
(569.0,121.0)
(569.0,121.0)
(569.0,121.0)
(570.0,121.0)
(571.0,121.0)
(570.0,121.0)
(569.0,121.0)
(570.0,121.0)
(570.0,121.0)
(570.0,121.0)
(569.0,121.0)
(570.0,121.0)
(570.0,121.0)
(570.0,121.0)
(570.0,121.0)
(570.0,121.0)
(569.0,121.0)
(570.0,121.0)
(570.0,121.0)
(569.0,121.0)
(569.0,121.0)
(570.0,121.0)
(570.0,121.0)
(569.0,121.0)
(570.0,121.0)
(569.0,121.0)
(569.0,121.0)
(570.0,121.0)
(569.0,121.0)
(569.0,121.0)
(569.0,121.0)
(569.0,121.0)
(570.0,121.0)
(569.0,121.0)
(570.0,121.0)
(570.0,121.0)
(570.0,121.0)
(570.0,121.0)
(569.0,121.0)
(569.0,121.0)
(119.0,121.0)
(110.0,121.0)
(119.0,121.0)
(570.0,121.0)
(570.0,121.0)
(103.0,121.0)
(119.0,121.0)
(570.0,121.0)
(103.0,121.0)
(103.0,121.0)
(110.0,121.0)
(570.0,121.0)
(119.0,121.0)
(103.0,121.0)
(119.0,121.0)
(110.0,121.0)
(110.0,121.0)
(570.0,121.0)
(570.0,121.0)
(570.0,121.0)
(103.0,121.0)
(570.0,121.0)
(119.0,121.0)
(119.0,121.0)
(110.0,121.0)
(119.0,121.0)
(119.0,121.0)
(570.0,121.0)
(119.0,121.0)
(570.0,121.0)
(103.0,121.0)
(570.0,121.0)
(103.0,121.0)
(103.0,121.0)
(103.0,121.0)
(119.0,121.0)
(119.0,121.0)
(119.0,121.0)
(570.0,121.0)
(570.0,121.0)
(570.0,121.0)
(570.0,121.0)
(570.0,121.0)
(570.0,121.0)
(110.0,121.0)
(570.0,121.0)
(119.0,121.0)
(570.0,121.0)
(119.0,121.0)
(570.0,121.0)
(103.0,121.0)
(119.0,121.0)
(110.0,121.0)
(119.0,121.0)
(110.0,121.0)
(103.0,121.0)
(570.0,121.0)
(119.0,121.0)
(110.0,121.0)
(103.0,121.0)
(570.0,121.0)
(103.0,121.0)
(570.0,121.0)
(119.0,121.0)
(570.0,121.0)
(110.0,121.0)
(103.0,121.0)
(119.0,121.0)
(570.0,121.0)
(119.0,121.0)
(570.0,121.0)
(570.0,121.0)
(570.0,121.0)
(570.0,121.0)
(570.0,121.0)
(570.0,121.0)
(570.0,121.0)
(110.0,121.0)
(119.0,121.0)
(110.0,121.0)
(570.0,121.0)
(570.0,121.0)
(110.0,121.0)
(119.0,121.0)
(570.0,121.0)
(110.0,121.0)
(103.0,121.0)
(570.0,121.0)
(103.0,121.0)
(103.0,121.0)
(110.0,121.0)
(103.0,121.0)
(110.0,121.0)
(110.0,121.0)
(119.0,121.0)
(570.0,121.0)
(570.0,121.0)
(570.0,121.0)
(570.0,121.0)
(119.0,121.0)
(570.0,121.0)
(119.0,121.0)
(103.0,121.0)
(103.0,121.0)
(121.0,121.0)
(121.0,121.0)
(571.0,121.0)
(571.0,121.0)
(121.0,121.0)
(571.0,121.0)
(571.0,121.0)
(121.0,121.0)
(121.0,121.0)
(571.0,121.0)
(121.0,121.0)
(121.0,121.0)
(121.0,121.0)
(571.0,121.0)
(121.0,121.0)
(571.0,121.0)
(121.0,121.0)
(571.0,121.0)
(121.0,121.0)
(121.0,121.0)
(571.0,121.0)
(121.0,121.0)
(571.0,121.0)
(571.0,121.0)
(571.0,121.0)
(571.0,121.0)
(121.0,121.0)
(121.0,121.0)
(571.0,121.0)
(121.0,121.0)
(121.0,121.0)
(571.0,121.0)
(571.0,121.0)
(121.0,121.0)
(121.0,121.0)
(571.0,121.0)
(571.0,121.0)
(571.0,121.0)
(571.0,121.0)
(571.0,121.0)
(121.0,121.0)
(571.0,121.0)
(121.0,121.0)
(571.0,121.0)
(121.0,121.0)
(121.0,121.0)
(121.0,121.0)
(571.0,121.0)
(121.0,121.0)
(121.0,121.0)
(121.0,121.0)
(121.0,121.0)
(121.0,121.0)
(571.0,121.0)
(121.0,121.0)
(121.0,121.0)
(571.0,121.0)
(571.0,121.0)
(121.0,121.0)
(571.0,121.0)
(571.0,121.0)
(121.0,121.0)
(571.0,121.0)
(571.0,121.0)
(121.0,121.0)
(571.0,121.0)
(571.0,121.0)
(571.0,121.0)
(571.0,121.0)
(121.0,121.0)
(571.0,121.0)
(121.0,121.0)
(121.0,121.0)
(571.0,121.0)
(121.0,121.0)
(121.0,121.0)
(571.0,121.0)
(571.0,121.0)
(119.0,121.0)
(570.0,121.0)
(119.0,121.0)
(570.0,121.0)
(571.0,121.0)
(571.0,121.0)
(119.0,121.0)
(570.0,121.0)
(571.0,121.0)
(571.0,121.0)
(570.0,121.0)
(570.0,121.0)
(119.0,121.0)
(571.0,121.0)
(119.0,121.0)
(570.0,121.0)
(570.0,121.0)
(570.0,121.0)
(571.0,121.0)
(570.0,121.0)
(571.0,121.0)
(570.0,121.0)
(119.0,121.0)
(119.0,121.0)
(110.0,121.0)
(119.0,121.0)
(119.0,121.0)
(570.0,121.0)
(119.0,121.0)
(570.0,121.0)
(571.0,121.0)
(570.0,121.0)
(571.0,121.0)
(571.0,121.0)
(571.0,121.0)
(119.0,121.0)
(119.0,121.0)
(119.0,121.0)
(570.0,121.0)
(570.0,121.0)
(570.0,121.0)
(570.0,121.0)
(570.0,121.0)
(570.0,121.0)
(110.0,121.0)
(571.0,121.0)
(119.0,121.0)
(570.0,121.0)
(119.0,121.0)
(570.0,121.0)
(571.0,121.0)
(119.0,121.0)
(110.0,121.0)
(119.0,121.0)
(570.0,121.0)
(571.0,121.0)
(571.0,121.0)
(119.0,121.0)
(570.0,121.0)
(571.0,121.0)
(570.0,121.0)
(571.0,121.0)
(570.0,121.0)
(119.0,121.0)
(570.0,121.0)
(570.0,121.0)
(571.0,121.0)
(119.0,121.0)
(119.0,121.0)
(570.0,121.0)
(570.0,121.0)
(570.0,121.0)
(571.0,121.0)
(101.0,121.0)
(570.0,121.0)
(570.0,121.0)
(119.0,121.0)
(110.0,121.0)
(570.0,121.0)
(570.0,121.0)
(570.0,121.0)
(119.0,121.0)
(570.0,121.0)
(110.0,121.0)
(571.0,121.0)
(570.0,121.0)
(571.0,121.0)
(571.0,121.0)
(570.0,121.0)
(571.0,121.0)
(570.0,121.0)
(570.0,121.0)
(119.0,121.0)
(570.0,121.0)
(570.0,121.0)
(571.0,121.0)
(570.0,121.0)
(119.0,121.0)
(570.0,121.0)
(119.0,121.0)
(571.0,121.0)
(571.0,121.0)
(405.0,121.0)
(771.0,121.0)
(286.0,121.0)
(102.0,121.0)
(119.0,121.0)
(428.0,121.0)
(413.0,121.0)
(2.0,121.0)
(45.0,121.0)
(45.0,121.0)
(435.0,121.0)
(404.0,121.0)
(459.0,121.0)
(417.0,121.0)
(447.0,121.0)
(405.0,121.0)
(483.0,121.0)
(349.0,121.0)
(447.0,121.0)
(483.0,121.0)
(459.0,121.0)
(519.0,121.0)
(427.0,121.0)
(427.0,121.0)
(340.0,121.0)
(519.0,121.0)
(2.0,121.0)
(404.0,121.0)
(17.0,121.0)
(521.0,121.0)
(2.0,121.0)
(2.0,121.0)
(18.0,121.0)
(2.0,121.0)
(412.0,121.0)
(402.0,121.0)
(483.0,121.0)
(2.0,121.0)
(417.0,121.0)
(532.0,121.0)
(2.0,121.0)
(305.0,121.0)
(102.0,121.0)
(455.0,121.0)
(2.0,121.0)
(519.0,121.0)
(459.0,121.0)
(417.0,121.0)
(419.0,121.0)
(340.0,121.0)
(447.0,121.0)
(784.0,121.0)
(427.0,121.0)
(121.0,121.0)
(428.0,121.0)
(455.0,121.0)
(447.0,121.0)
(386.0,121.0)
(424.0,121.0)
(419.0,121.0)
(447.0,121.0)
(412.0,121.0)
(455.0,121.0)
(372.0,121.0)
(447.0,121.0)
(121.0,121.0)
(404.0,121.0)
(102.0,121.0)
(2.0,121.0)
(2.0,121.0)
(340.0,121.0)
(437.0,121.0)
(121.0,121.0)
(19.0,121.0)
(405.0,121.0)
(419.0,121.0)
(2.0,121.0)
(121.0,121.0)
(121.0,121.0)
(435.0,121.0)
(417.0,121.0)
(404.0,121.0)
(402.0,121.0)
(404.0,121.0)
(45.0,121.0)
(417.0,121.0)
(417.0,121.0)
(39.0,121.0)
(417.0,121.0)
(483.0,121.0)
(45.0,121.0)
(2.0,121.0)
(417.0,121.0)
(519.0,121.0)
(455.0,121.0)
(435.0,121.0)
(121.0,121.0)
(412.0,121.0)
(121.0,121.0)
(38.0,121.0)
(262.0,121.0)
(121.0,121.0)
(102.0,121.0)
(446.0,121.0)
(102.0,121.0)
(417.0,121.0)
(483.0,121.0)
(455.0,121.0)
(340.0,121.0)
(386.0,121.0)
(2.0,121.0)
(119.0,121.0)
(676.0,121.0)
(119.0,121.0)
(119.0,121.0)
(119.0,121.0)
(676.0,121.0)
(676.0,121.0)
(119.0,121.0)
(119.0,121.0)
(119.0,121.0)
(676.0,121.0)
(676.0,121.0)
(119.0,121.0)
(676.0,121.0)
(119.0,121.0)
(119.0,121.0)
(119.0,121.0)
(676.0,121.0)
(119.0,121.0)
(119.0,121.0)
(119.0,121.0)
(119.0,121.0)
(119.0,121.0)
(119.0,121.0)
(119.0,121.0)
(119.0,121.0)
(119.0,121.0)
(676.0,121.0)
(119.0,121.0)
(119.0,121.0)
(119.0,121.0)
(119.0,121.0)
(119.0,121.0)
(676.0,121.0)
(119.0,121.0)
(119.0,121.0)
(119.0,121.0)
(119.0,121.0)
(119.0,121.0)
(676.0,121.0)
(119.0,121.0)
(676.0,121.0)
(119.0,121.0)
(676.0,121.0)
(119.0,121.0)
(119.0,121.0)
(119.0,121.0)
(119.0,121.0)
(676.0,121.0)
(119.0,121.0)
(119.0,121.0)
(119.0,121.0)
(119.0,121.0)
(119.0,121.0)
(119.0,121.0)
(119.0,121.0)
(676.0,121.0)
(119.0,121.0)
(676.0,121.0)
(119.0,121.0)
(119.0,121.0)
(676.0,121.0)
(119.0,121.0)
(119.0,121.0)
(676.0,121.0)
(119.0,121.0)
(676.0,121.0)
(676.0,121.0)
(676.0,121.0)
(119.0,121.0)
(119.0,121.0)
(119.0,121.0)
(119.0,121.0)
(119.0,121.0)
(119.0,121.0)
(119.0,121.0)
(104.0,575.0)
(569.0,575.0)
(104.0,575.0)
(569.0,575.0)
