(398.0,398.0)
(398.0,398.0)
(393.0,398.0)
(398.0,398.0)
(398.0,398.0)
(398.0,398.0)
(398.0,398.0)
(398.0,398.0)
(393.0,398.0)
(398.0,398.0)
(398.0,398.0)
(393.0,398.0)
(398.0,398.0)
(398.0,398.0)
(398.0,398.0)
(398.0,398.0)
(398.0,398.0)
(398.0,398.0)
(393.0,398.0)
(398.0,398.0)
(398.0,398.0)
(391.0,398.0)
(398.0,398.0)
(387.0,398.0)
(398.0,398.0)
(398.0,398.0)
(393.0,398.0)
(398.0,398.0)
(398.0,398.0)
(398.0,398.0)
(398.0,398.0)
(398.0,398.0)
(398.0,398.0)
(398.0,398.0)
(393.0,398.0)
(398.0,398.0)
(398.0,398.0)
(398.0,398.0)
(398.0,398.0)
(398.0,398.0)
(398.0,398.0)
(398.0,398.0)
(398.0,398.0)
(387.0,398.0)
(398.0,398.0)
(393.0,398.0)
(464.0,398.0)
(398.0,398.0)
(398.0,398.0)
(398.0,398.0)
(398.0,398.0)
(398.0,398.0)
(393.0,398.0)
(398.0,398.0)
(398.0,398.0)
(393.0,398.0)
(393.0,398.0)
(386.0,398.0)
(398.0,398.0)
(398.0,398.0)
(398.0,398.0)
(398.0,398.0)
(391.0,398.0)
(393.0,398.0)
(398.0,398.0)
(393.0,398.0)
(448.0,398.0)
(398.0,398.0)
(393.0,398.0)
(393.0,398.0)
(464.0,398.0)
(393.0,398.0)
(398.0,398.0)
(398.0,398.0)
(393.0,398.0)
(398.0,398.0)
(398.0,398.0)
(771.0,398.0)
(398.0,398.0)
(398.0,398.0)
(398.0,398.0)
(398.0,398.0)
(398.0,398.0)
(398.0,398.0)
(398.0,398.0)
(398.0,398.0)
(398.0,398.0)
(398.0,398.0)
(398.0,398.0)
(398.0,398.0)
(393.0,398.0)
(398.0,398.0)
(398.0,398.0)
(393.0,398.0)
(393.0,398.0)
(398.0,398.0)
(393.0,398.0)
(398.0,398.0)
(393.0,398.0)
(398.0,398.0)
(398.0,398.0)
(393.0,398.0)
(762.0,398.0)
(393.0,398.0)
(398.0,398.0)
(393.0,398.0)
(461.0,398.0)
(398.0,398.0)
(398.0,398.0)
(398.0,398.0)
(398.0,398.0)
(398.0,398.0)
(398.0,398.0)
(398.0,398.0)
(398.0,398.0)
(398.0,398.0)
(393.0,398.0)
(393.0,398.0)
(398.0,398.0)
(398.0,398.0)
(398.0,398.0)
(393.0,398.0)
(398.0,398.0)
(436.0,398.0)
(398.0,398.0)
(398.0,398.0)
(398.0,398.0)
(398.0,398.0)
(398.0,398.0)
(398.0,398.0)
(393.0,398.0)
(398.0,398.0)
(398.0,398.0)
(393.0,398.0)
(398.0,398.0)
(759.0,398.0)
(398.0,398.0)
(393.0,398.0)
(393.0,398.0)
(398.0,398.0)
(398.0,398.0)
(398.0,398.0)
(398.0,398.0)
(398.0,398.0)
(398.0,398.0)
(398.0,398.0)
(398.0,398.0)
(398.0,398.0)
(398.0,398.0)
(398.0,398.0)
(398.0,398.0)
(398.0,398.0)
(398.0,398.0)
(398.0,398.0)
(398.0,398.0)
(398.0,398.0)
(393.0,398.0)
(398.0,398.0)
(393.0,398.0)
(398.0,398.0)
(398.0,398.0)
(398.0,398.0)
(398.0,398.0)
(398.0,398.0)
(393.0,398.0)
(398.0,398.0)
(393.0,398.0)
(398.0,398.0)
(398.0,398.0)
(398.0,398.0)
(398.0,398.0)
(398.0,398.0)
(398.0,398.0)
(398.0,398.0)
(393.0,398.0)
(398.0,398.0)
(398.0,398.0)
(393.0,398.0)
(398.0,398.0)
(393.0,398.0)
(393.0,398.0)
(393.0,398.0)
(398.0,398.0)
(393.0,398.0)
(398.0,398.0)
(398.0,398.0)
(398.0,398.0)
(398.0,398.0)
(398.0,398.0)
(398.0,398.0)
(398.0,398.0)
(398.0,398.0)
(398.0,398.0)
(398.0,398.0)
(398.0,398.0)
(393.0,398.0)
(398.0,398.0)
(398.0,398.0)
(398.0,398.0)
(398.0,398.0)
(386.0,398.0)
(398.0,398.0)
(393.0,398.0)
(398.0,398.0)
(398.0,398.0)
(400.0,399.0)
(387.0,399.0)
(399.0,399.0)
(423.0,399.0)
(387.0,399.0)
(399.0,399.0)
(386.0,399.0)
(423.0,399.0)
(387.0,399.0)
(392.0,399.0)
(448.0,399.0)
(387.0,399.0)
(423.0,399.0)
(387.0,399.0)
(398.0,399.0)
(386.0,399.0)
(400.0,399.0)
(400.0,399.0)
(400.0,399.0)
(400.0,399.0)
(423.0,399.0)
(387.0,399.0)
(400.0,399.0)
(400.0,399.0)
(387.0,399.0)
(392.0,399.0)
(399.0,399.0)
(387.0,399.0)
(387.0,399.0)
(399.0,399.0)
(387.0,399.0)
(387.0,399.0)
(387.0,399.0)
(399.0,399.0)
(387.0,399.0)
(399.0,399.0)
(387.0,399.0)
(399.0,399.0)
(387.0,399.0)
(400.0,399.0)
(387.0,399.0)
(399.0,399.0)
(387.0,399.0)
(387.0,399.0)
(387.0,399.0)
(392.0,399.0)
(387.0,399.0)
(423.0,399.0)
(387.0,399.0)
(387.0,399.0)
(400.0,399.0)
(386.0,399.0)
(402.0,399.0)
(423.0,399.0)
(387.0,399.0)
(461.0,399.0)
(387.0,399.0)
(387.0,399.0)
(389.0,399.0)
(399.0,399.0)
(387.0,399.0)
(387.0,399.0)
(387.0,399.0)
(387.0,399.0)
(423.0,399.0)
(399.0,399.0)
(399.0,399.0)
(387.0,399.0)
(400.0,399.0)
(399.0,399.0)
(387.0,399.0)
(389.0,399.0)
(387.0,399.0)
(387.0,399.0)
(423.0,399.0)
(399.0,399.0)
(399.0,399.0)
(387.0,399.0)
(387.0,399.0)
(399.0,399.0)
(387.0,399.0)
(400.0,399.0)
(387.0,399.0)
(387.0,399.0)
(400.0,399.0)
(387.0,399.0)
(387.0,399.0)
(400.0,399.0)
(387.0,399.0)
(399.0,399.0)
(387.0,399.0)
(387.0,399.0)
(387.0,399.0)
(400.0,399.0)
(387.0,399.0)
(387.0,399.0)
(399.0,399.0)
(423.0,399.0)
(758.0,399.0)
(387.0,399.0)
(387.0,399.0)
(387.0,399.0)
(399.0,399.0)
(387.0,399.0)
(402.0,399.0)
(400.0,399.0)
(400.0,399.0)
(400.0,399.0)
(423.0,399.0)
(387.0,399.0)
(387.0,399.0)
(387.0,399.0)
(399.0,399.0)
(399.0,399.0)
(387.0,399.0)
(387.0,399.0)
(387.0,399.0)
(387.0,399.0)
(423.0,399.0)
(399.0,399.0)
(400.0,399.0)
(387.0,399.0)
(399.0,399.0)
(400.0,399.0)
(387.0,399.0)
(389.0,399.0)
(392.0,399.0)
(392.0,399.0)
(399.0,399.0)
(387.0,399.0)
(392.0,399.0)
(389.0,399.0)
(423.0,399.0)
(387.0,399.0)
(389.0,399.0)
(387.0,399.0)
(399.0,399.0)
(389.0,399.0)
(387.0,399.0)
(423.0,399.0)
(387.0,399.0)
(387.0,399.0)
(399.0,399.0)
(389.0,399.0)
(387.0,399.0)
(399.0,399.0)
(400.0,399.0)
(423.0,399.0)
(387.0,399.0)
(423.0,399.0)
(399.0,399.0)
(389.0,399.0)
(399.0,399.0)
(399.0,399.0)
(392.0,399.0)
(758.0,399.0)
(423.0,399.0)
(400.0,399.0)
(399.0,399.0)
(387.0,399.0)
(387.0,399.0)
(399.0,399.0)
(387.0,399.0)
(387.0,399.0)
(387.0,399.0)
(423.0,399.0)
(387.0,399.0)
(386.0,399.0)
(387.0,399.0)
(438.0,399.0)
(389.0,399.0)
(387.0,399.0)
(387.0,399.0)
(423.0,399.0)
(399.0,399.0)
(400.0,399.0)
(400.0,399.0)
(770.0,399.0)
(392.0,399.0)
(762.0,399.0)
(400.0,399.0)
(387.0,399.0)
(400.0,399.0)
(398.0,399.0)
(389.0,399.0)
(399.0,399.0)
(400.0,399.0)
(400.0,399.0)
(387.0,399.0)
(387.0,399.0)
(402.0,399.0)
(387.0,399.0)
(399.0,399.0)
(399.0,399.0)
(387.0,399.0)
(387.0,399.0)
(387.0,399.0)
(387.0,399.0)
(387.0,399.0)
(387.0,399.0)
(389.0,399.0)
(461.0,399.0)
(400.0,399.0)
(399.0,399.0)
(387.0,399.0)
(386.0,399.0)
(399.0,399.0)
(399.0,399.0)
(392.0,399.0)
(387.0,399.0)
(400.0,399.0)
(400.0,399.0)
(423.0,399.0)
(386.0,399.0)
(402.0,399.0)
(388.0,399.0)
(386.0,399.0)
(387.0,399.0)
(387.0,399.0)
(387.0,399.0)
(392.0,399.0)
(387.0,399.0)
(389.0,399.0)
(400.0,399.0)
(387.0,399.0)
(387.0,399.0)
(387.0,399.0)
(387.0,399.0)
(386.0,399.0)
(423.0,399.0)
(423.0,399.0)
(398.0,399.0)
(387.0,399.0)
(387.0,399.0)
(387.0,399.0)
(387.0,399.0)
(423.0,399.0)
(400.0,399.0)
(387.0,399.0)
(387.0,399.0)
(387.0,399.0)
(387.0,399.0)
(387.0,399.0)
(387.0,399.0)
(424.0,399.0)
(387.0,399.0)
(387.0,399.0)
(386.0,399.0)
(387.0,399.0)
(438.0,399.0)
(423.0,399.0)
(387.0,399.0)
(400.0,399.0)
(399.0,399.0)
(399.0,399.0)
(400.0,399.0)
(400.0,399.0)
(399.0,399.0)
(387.0,399.0)
(400.0,399.0)
(387.0,399.0)
(387.0,399.0)
(387.0,399.0)
(387.0,399.0)
(387.0,399.0)
(400.0,399.0)
(387.0,399.0)
(387.0,399.0)
(387.0,399.0)
(423.0,399.0)
(399.0,399.0)
(400.0,399.0)
(387.0,399.0)
(387.0,399.0)
(387.0,399.0)
(386.0,399.0)
(387.0,399.0)
(398.0,399.0)
(386.0,399.0)
(387.0,399.0)
(387.0,399.0)
(400.0,399.0)
(387.0,399.0)
(387.0,399.0)
(400.0,399.0)
(399.0,399.0)
(770.0,399.0)
(387.0,399.0)
(389.0,399.0)
(400.0,399.0)
(387.0,399.0)
(387.0,399.0)
(399.0,399.0)
(387.0,399.0)
(386.0,399.0)
(387.0,399.0)
(387.0,399.0)
(459.0,399.0)
(387.0,399.0)
(387.0,399.0)
(387.0,399.0)
(386.0,399.0)
(387.0,399.0)
(461.0,399.0)
(399.0,399.0)
(387.0,399.0)
(402.0,399.0)
(387.0,399.0)
(399.0,399.0)
(386.0,399.0)
(389.0,399.0)
(430.0,399.0)
(387.0,399.0)
(387.0,399.0)
(400.0,399.0)
(402.0,399.0)
(398.0,399.0)
(387.0,399.0)
(423.0,399.0)
(387.0,399.0)
(387.0,399.0)
(387.0,399.0)
(400.0,399.0)
(387.0,399.0)
(387.0,399.0)
(387.0,399.0)
(387.0,399.0)
(387.0,399.0)
(400.0,399.0)
(399.0,399.0)
(423.0,399.0)
(387.0,399.0)
(402.0,399.0)
(400.0,399.0)
(389.0,399.0)
(387.0,399.0)
(387.0,399.0)
(400.0,399.0)
(387.0,399.0)
(402.0,399.0)
(387.0,399.0)
(400.0,399.0)
(389.0,399.0)
(387.0,399.0)
(386.0,399.0)
(386.0,399.0)
(387.0,399.0)
(387.0,399.0)
(387.0,399.0)
(399.0,399.0)
(400.0,399.0)
(386.0,399.0)
(402.0,399.0)
(387.0,399.0)
(387.0,399.0)
(392.0,399.0)
(400.0,399.0)
(770.0,399.0)
(399.0,399.0)
(400.0,399.0)
(392.0,399.0)
(387.0,399.0)
(423.0,399.0)
(423.0,399.0)
(399.0,399.0)
(402.0,399.0)
(399.0,399.0)
(399.0,399.0)
(387.0,399.0)
(399.0,399.0)
(387.0,399.0)
(387.0,399.0)
(387.0,399.0)
(423.0,399.0)
(402.0,399.0)
(387.0,399.0)
(400.0,399.0)
(387.0,399.0)
(399.0,399.0)
(387.0,399.0)
(387.0,399.0)
(387.0,399.0)
(387.0,399.0)
(392.0,399.0)
(400.0,399.0)
(423.0,399.0)
(399.0,399.0)
(399.0,399.0)
(399.0,399.0)
(398.0,399.0)
(461.0,399.0)
(400.0,399.0)
(399.0,399.0)
(399.0,399.0)
(399.0,399.0)
(399.0,399.0)
(399.0,399.0)
(399.0,399.0)
(399.0,399.0)
(399.0,399.0)
(399.0,399.0)
(399.0,399.0)
(399.0,399.0)
(399.0,399.0)
(399.0,399.0)
(399.0,399.0)
(399.0,399.0)
(399.0,399.0)
(399.0,399.0)
(399.0,399.0)
(399.0,399.0)
(399.0,399.0)
(399.0,399.0)
(399.0,399.0)
(399.0,399.0)
(399.0,399.0)
(399.0,399.0)
(399.0,399.0)
(400.0,399.0)
(399.0,399.0)
(399.0,399.0)
(399.0,399.0)
(399.0,399.0)
(398.0,399.0)
(399.0,399.0)
(399.0,399.0)
(399.0,399.0)
(400.0,399.0)
(387.0,399.0)
(399.0,399.0)
(399.0,399.0)
(399.0,399.0)
(399.0,399.0)
(399.0,399.0)
(399.0,399.0)
(399.0,399.0)
(389.0,399.0)
(399.0,399.0)
(399.0,399.0)
(399.0,399.0)
(399.0,399.0)
(400.0,399.0)
(399.0,399.0)
(389.0,399.0)
(400.0,399.0)
(399.0,399.0)
(399.0,399.0)
(400.0,399.0)
(399.0,399.0)
(399.0,399.0)
(399.0,399.0)
(399.0,399.0)
(399.0,399.0)
(399.0,399.0)
(399.0,399.0)
(399.0,399.0)
(400.0,399.0)
(399.0,399.0)
(398.0,399.0)
(399.0,399.0)
(461.0,399.0)
(399.0,399.0)
(400.0,399.0)
(399.0,399.0)
(399.0,399.0)
(399.0,399.0)
(400.0,399.0)
(399.0,399.0)
(399.0,399.0)
(399.0,399.0)
(398.0,399.0)
(399.0,399.0)
(399.0,399.0)
(399.0,399.0)
(398.0,399.0)
(399.0,399.0)
(400.0,399.0)
(399.0,399.0)
(398.0,399.0)
(399.0,399.0)
(399.0,399.0)
(400.0,399.0)
(399.0,399.0)
(399.0,399.0)
(399.0,399.0)
(399.0,399.0)
(399.0,399.0)
(398.0,399.0)
(399.0,399.0)
(399.0,399.0)
(399.0,399.0)
(389.0,399.0)
(399.0,399.0)
(400.0,399.0)
(758.0,399.0)
(399.0,399.0)
(399.0,399.0)
(399.0,399.0)
(389.0,399.0)
(399.0,399.0)
(399.0,399.0)
(399.0,399.0)
(399.0,399.0)
(399.0,399.0)
(399.0,399.0)
(388.0,399.0)
(399.0,399.0)
(399.0,399.0)
(399.0,399.0)
(399.0,399.0)
(399.0,399.0)
(399.0,399.0)
(399.0,399.0)
(399.0,399.0)
(460.0,399.0)
(399.0,399.0)
(399.0,399.0)
(387.0,399.0)
(399.0,399.0)
(399.0,399.0)
(399.0,399.0)
(429.0,399.0)
(399.0,399.0)
(399.0,399.0)
(399.0,399.0)
(399.0,399.0)
(399.0,399.0)
(399.0,399.0)
(399.0,399.0)
(399.0,399.0)
(399.0,399.0)
(399.0,399.0)
(400.0,399.0)
(399.0,399.0)
(399.0,399.0)
(399.0,399.0)
(399.0,399.0)
(400.0,399.0)
(400.0,399.0)
(399.0,399.0)
(399.0,399.0)
(399.0,399.0)
(399.0,399.0)
(399.0,399.0)
(399.0,399.0)
(399.0,399.0)
(399.0,399.0)
(399.0,399.0)
(409.0,399.0)
(447.0,399.0)
(461.0,399.0)
(399.0,399.0)
(389.0,399.0)
(387.0,399.0)
(399.0,399.0)
(399.0,399.0)
(399.0,399.0)
(399.0,399.0)
(399.0,399.0)
(399.0,399.0)
(400.0,399.0)
(399.0,399.0)
(399.0,399.0)
(399.0,399.0)
(399.0,399.0)
(399.0,399.0)
(399.0,399.0)
(416.0,399.0)
(399.0,399.0)
(400.0,399.0)
(399.0,399.0)
(399.0,399.0)
(399.0,399.0)
(461.0,399.0)
(399.0,399.0)
(399.0,399.0)
(399.0,399.0)
(399.0,399.0)
(399.0,399.0)
(399.0,399.0)
(399.0,399.0)
(399.0,399.0)
(399.0,399.0)
(399.0,399.0)
(398.0,399.0)
(399.0,399.0)
(399.0,399.0)
(399.0,399.0)
(399.0,399.0)
(399.0,399.0)
(399.0,399.0)
(399.0,399.0)
(399.0,399.0)
(399.0,399.0)
(399.0,399.0)
(399.0,399.0)
(399.0,399.0)
(399.0,399.0)
(399.0,399.0)
(399.0,399.0)
(399.0,399.0)
(399.0,399.0)
(399.0,399.0)
(399.0,399.0)
(399.0,399.0)
(399.0,399.0)
(389.0,399.0)
(400.0,399.0)
(399.0,399.0)
(399.0,399.0)
(399.0,399.0)
(399.0,399.0)
(399.0,399.0)
(399.0,399.0)
(399.0,399.0)
(399.0,399.0)
(399.0,399.0)
(399.0,399.0)
(399.0,399.0)
(399.0,399.0)
(399.0,399.0)
(399.0,399.0)
(399.0,399.0)
(399.0,399.0)
(388.0,399.0)
(399.0,399.0)
(399.0,399.0)
(399.0,399.0)
(399.0,399.0)
(399.0,399.0)
(399.0,399.0)
(399.0,399.0)
(399.0,399.0)
(399.0,399.0)
(399.0,399.0)
(399.0,399.0)
(399.0,399.0)
(399.0,399.0)
(399.0,399.0)
(399.0,399.0)
(399.0,399.0)
(399.0,399.0)
(399.0,399.0)
(399.0,399.0)
(399.0,399.0)
(399.0,399.0)
(399.0,399.0)
(399.0,399.0)
(399.0,399.0)
(399.0,399.0)
(399.0,399.0)
(388.0,399.0)
(399.0,399.0)
(399.0,399.0)
(399.0,399.0)
(399.0,399.0)
(399.0,399.0)
(399.0,399.0)
(400.0,399.0)
(399.0,399.0)
(399.0,399.0)
(389.0,399.0)
(399.0,399.0)
(398.0,399.0)
(399.0,399.0)
(399.0,399.0)
(399.0,399.0)
(399.0,399.0)
(399.0,399.0)
(399.0,399.0)
(399.0,399.0)
(387.0,399.0)
(399.0,399.0)
(399.0,399.0)
(398.0,399.0)
(399.0,399.0)
(399.0,399.0)
(399.0,399.0)
(399.0,399.0)
(398.0,399.0)
(399.0,399.0)
(399.0,399.0)
(399.0,399.0)
(399.0,399.0)
(399.0,399.0)
(399.0,399.0)
(399.0,399.0)
(399.0,399.0)
(399.0,399.0)
(399.0,399.0)
(399.0,399.0)
(399.0,399.0)
(400.0,399.0)
(399.0,399.0)
(399.0,399.0)
(399.0,399.0)
(399.0,399.0)
(399.0,399.0)
(389.0,399.0)
(399.0,399.0)
(399.0,399.0)
(399.0,399.0)
(399.0,399.0)
(399.0,399.0)
(399.0,399.0)
(399.0,399.0)
(399.0,399.0)
(399.0,399.0)
(399.0,399.0)
(399.0,399.0)
(399.0,399.0)
(399.0,399.0)
(399.0,399.0)
(399.0,399.0)
(400.0,399.0)
(399.0,399.0)
(399.0,399.0)
(399.0,399.0)
(399.0,399.0)
(399.0,399.0)
(399.0,399.0)
(391.0,399.0)
(399.0,399.0)
(399.0,399.0)
(399.0,399.0)
(399.0,399.0)
(399.0,399.0)
(399.0,399.0)
(399.0,399.0)
(399.0,399.0)
(399.0,399.0)
(399.0,399.0)
(399.0,399.0)
(399.0,399.0)
(399.0,399.0)
(399.0,399.0)
(399.0,399.0)
(399.0,399.0)
(399.0,399.0)
(400.0,399.0)
(399.0,399.0)
(399.0,399.0)
(399.0,399.0)
(399.0,399.0)
(399.0,399.0)
(399.0,399.0)
(399.0,399.0)
(399.0,399.0)
(399.0,399.0)
(399.0,399.0)
(400.0,399.0)
(399.0,399.0)
(399.0,399.0)
(386.0,399.0)
(399.0,399.0)
(399.0,399.0)
(399.0,399.0)
(399.0,399.0)
(399.0,399.0)
(391.0,399.0)
(399.0,399.0)
(387.0,399.0)
(399.0,399.0)
(399.0,399.0)
(399.0,399.0)
(399.0,399.0)
(399.0,399.0)
(399.0,399.0)
(399.0,399.0)
(399.0,399.0)
(399.0,399.0)
(399.0,399.0)
(399.0,399.0)
(399.0,399.0)
(399.0,399.0)
(399.0,399.0)
(806.0,401.0)
(401.0,401.0)
(417.0,401.0)
(417.0,401.0)
(401.0,401.0)
(412.0,401.0)
(412.0,401.0)
(413.0,401.0)
(417.0,401.0)
(401.0,401.0)
(421.0,401.0)
(401.0,401.0)
(401.0,401.0)
(404.0,401.0)
(413.0,401.0)
(401.0,401.0)
(417.0,401.0)
(767.0,401.0)
(403.0,401.0)
(427.0,401.0)
(405.0,401.0)
(423.0,401.0)
(413.0,401.0)
(455.0,401.0)
(771.0,401.0)
(401.0,401.0)
(413.0,401.0)
(405.0,401.0)
(413.0,401.0)
(404.0,401.0)
(404.0,401.0)
(769.0,401.0)
(463.0,401.0)
(413.0,401.0)
(462.0,401.0)
(413.0,401.0)
(398.0,401.0)
(413.0,401.0)
(430.0,401.0)
(405.0,401.0)
(412.0,401.0)
(789.0,401.0)
(404.0,401.0)
(413.0,401.0)
(408.0,401.0)
(417.0,401.0)
(405.0,401.0)
(401.0,401.0)
(432.0,401.0)
(432.0,401.0)
(401.0,401.0)
(417.0,401.0)
(463.0,401.0)
(413.0,401.0)
(406.0,401.0)
(417.0,401.0)
(413.0,401.0)
(401.0,401.0)
(413.0,401.0)
(405.0,401.0)
(417.0,401.0)
(413.0,401.0)
(401.0,401.0)
(413.0,401.0)
(423.0,401.0)
(413.0,401.0)
(435.0,401.0)
(405.0,401.0)
(413.0,401.0)
(789.0,401.0)
(401.0,401.0)
(417.0,401.0)
(401.0,401.0)
(784.0,401.0)
(475.0,401.0)
(413.0,401.0)
(417.0,401.0)
(447.0,401.0)
(413.0,401.0)
(405.0,401.0)
(441.0,401.0)
(417.0,401.0)
(413.0,401.0)
(417.0,401.0)
(413.0,401.0)
(401.0,401.0)
(405.0,401.0)
(401.0,401.0)
(377.0,401.0)
(401.0,401.0)
(401.0,401.0)
(413.0,401.0)
(469.0,401.0)
(413.0,401.0)
(401.0,401.0)
(405.0,401.0)
(387.0,401.0)
(405.0,401.0)
(405.0,401.0)
(423.0,401.0)
(447.0,401.0)
(784.0,401.0)
(417.0,401.0)
(401.0,401.0)
(413.0,401.0)
(455.0,401.0)
(413.0,401.0)
(447.0,401.0)
(417.0,401.0)
(413.0,401.0)
(413.0,401.0)
(403.0,401.0)
(417.0,401.0)
(784.0,401.0)
(784.0,401.0)
(413.0,401.0)
(423.0,401.0)
(417.0,401.0)
(784.0,401.0)
(403.0,401.0)
(412.0,401.0)
(447.0,401.0)
(413.0,401.0)
(401.0,401.0)
(404.0,401.0)
(417.0,401.0)
(404.0,401.0)
(405.0,401.0)
(784.0,401.0)
(413.0,401.0)
(413.0,401.0)
(417.0,401.0)
(417.0,401.0)
(413.0,401.0)
(771.0,401.0)
(405.0,401.0)
(403.0,401.0)
(417.0,401.0)
(405.0,401.0)
(413.0,401.0)
(413.0,401.0)
(447.0,401.0)
(784.0,401.0)
(423.0,401.0)
(413.0,401.0)
(405.0,401.0)
(401.0,401.0)
(401.0,401.0)
(413.0,401.0)
(413.0,401.0)
(404.0,401.0)
(413.0,401.0)
(401.0,401.0)
(463.0,401.0)
(405.0,401.0)
(413.0,401.0)
(435.0,401.0)
(401.0,401.0)
(405.0,401.0)
(784.0,401.0)
(413.0,401.0)
(401.0,401.0)
(417.0,401.0)
(417.0,401.0)
(805.0,401.0)
(413.0,401.0)
(412.0,401.0)
(403.0,401.0)
(462.0,401.0)
(387.0,401.0)
(417.0,401.0)
(417.0,401.0)
(413.0,401.0)
(413.0,401.0)
(417.0,401.0)
(447.0,401.0)
(403.0,401.0)
(366.0,401.0)
(423.0,401.0)
(413.0,401.0)
(401.0,401.0)
(421.0,401.0)
(417.0,401.0)
(417.0,401.0)
(413.0,401.0)
(401.0,401.0)
(413.0,401.0)
(784.0,401.0)
(423.0,401.0)
(413.0,401.0)
(432.0,401.0)
(401.0,401.0)
(412.0,401.0)
(412.0,401.0)
(417.0,401.0)
(417.0,401.0)
(463.0,401.0)
(401.0,401.0)
(405.0,401.0)
(417.0,401.0)
(413.0,401.0)
(480.0,401.0)
(401.0,401.0)
(417.0,401.0)
(417.0,401.0)
(417.0,401.0)
(405.0,401.0)
(417.0,401.0)
(405.0,401.0)
(435.0,401.0)
(423.0,401.0)
(413.0,401.0)
(447.0,401.0)
(417.0,401.0)
(417.0,401.0)
(401.0,401.0)
(413.0,401.0)
(401.0,401.0)
(405.0,401.0)
(417.0,401.0)
(405.0,401.0)
(417.0,401.0)
(405.0,401.0)
(405.0,401.0)
(401.0,401.0)
(413.0,401.0)
(435.0,401.0)
(406.0,401.0)
(397.0,401.0)
(413.0,401.0)
(417.0,401.0)
(413.0,401.0)
(417.0,401.0)
(412.0,401.0)
(413.0,401.0)
(447.0,401.0)
(417.0,401.0)
(413.0,401.0)
(403.0,401.0)
(417.0,401.0)
(413.0,401.0)
(417.0,401.0)
(413.0,401.0)
(423.0,401.0)
(413.0,401.0)
(403.0,401.0)
(463.0,401.0)
(413.0,401.0)
(413.0,401.0)
(455.0,401.0)
(413.0,401.0)
(405.0,401.0)
(405.0,401.0)
(413.0,401.0)
(401.0,401.0)
(413.0,401.0)
(469.0,401.0)
(413.0,401.0)
(413.0,401.0)
(784.0,401.0)
(401.0,401.0)
(417.0,401.0)
(401.0,401.0)
(413.0,401.0)
(413.0,401.0)
(403.0,401.0)
(413.0,401.0)
(447.0,401.0)
(417.0,401.0)
(398.0,401.0)
(401.0,401.0)
(403.0,401.0)
(404.0,401.0)
(413.0,401.0)
(412.0,401.0)
(455.0,401.0)
(413.0,401.0)
(417.0,401.0)
(417.0,401.0)
(421.0,401.0)
(427.0,401.0)
(417.0,401.0)
(413.0,401.0)
(401.0,401.0)
(404.0,401.0)
(447.0,401.0)
(412.0,401.0)
(406.0,401.0)
(401.0,401.0)
(413.0,401.0)
(417.0,401.0)
(771.0,401.0)
(463.0,401.0)
(417.0,401.0)
(413.0,401.0)
(447.0,401.0)
(413.0,401.0)
(412.0,401.0)
(407.0,401.0)
(413.0,401.0)
(784.0,401.0)
(403.0,401.0)
(412.0,401.0)
(404.0,401.0)
(417.0,401.0)
(412.0,401.0)
(407.0,401.0)
(417.0,401.0)
(404.0,401.0)
(401.0,401.0)
(412.0,401.0)
(789.0,401.0)
(784.0,401.0)
(401.0,401.0)
(423.0,401.0)
(413.0,401.0)
(462.0,401.0)
(413.0,401.0)
(417.0,401.0)
(413.0,401.0)
(413.0,401.0)
(417.0,401.0)
(413.0,401.0)
(398.0,401.0)
(413.0,401.0)
(423.0,401.0)
(401.0,401.0)
(401.0,401.0)
(413.0,401.0)
(417.0,401.0)
(401.0,401.0)
(447.0,401.0)
(455.0,401.0)
(413.0,401.0)
(417.0,401.0)
(417.0,401.0)
(784.0,401.0)
(413.0,401.0)
(401.0,401.0)
(417.0,401.0)
(455.0,401.0)
(404.0,401.0)
(401.0,401.0)
(401.0,401.0)
(401.0,401.0)
(417.0,401.0)
(405.0,401.0)
(413.0,401.0)
(463.0,401.0)
(401.0,401.0)
(413.0,401.0)
(401.0,401.0)
(417.0,401.0)
(412.0,401.0)
(401.0,401.0)
(401.0,401.0)
(412.0,401.0)
(417.0,401.0)
(423.0,401.0)
(417.0,401.0)
(405.0,401.0)
(413.0,401.0)
(401.0,401.0)
(421.0,401.0)
(401.0,401.0)
(387.0,401.0)
(413.0,401.0)
(377.0,401.0)
(387.0,401.0)
(413.0,401.0)
(401.0,401.0)
(417.0,401.0)
(401.0,401.0)
(405.0,401.0)
(413.0,401.0)
(784.0,401.0)
(405.0,401.0)
(405.0,401.0)
(417.0,401.0)
(405.0,401.0)
(421.0,401.0)
(455.0,401.0)
(769.0,401.0)
(401.0,401.0)
(405.0,401.0)
(417.0,401.0)
(455.0,401.0)
(405.0,401.0)
(412.0,401.0)
(784.0,401.0)
(401.0,401.0)
(405.0,401.0)
(405.0,401.0)
(401.0,401.0)
(417.0,401.0)
(417.0,401.0)
(417.0,401.0)
(413.0,401.0)
(413.0,401.0)
(401.0,401.0)
(417.0,401.0)
(417.0,401.0)
(417.0,401.0)
(417.0,401.0)
(417.0,401.0)
(413.0,401.0)
(417.0,401.0)
(413.0,401.0)
(413.0,401.0)
(413.0,401.0)
(401.0,401.0)
(401.0,401.0)
(404.0,401.0)
(401.0,401.0)
(455.0,401.0)
(415.0,401.0)
(404.0,401.0)
(401.0,401.0)
(413.0,401.0)
(406.0,401.0)
(413.0,401.0)
(404.0,401.0)
(417.0,401.0)
(417.0,401.0)
(417.0,401.0)
(417.0,401.0)
(412.0,401.0)
(413.0,401.0)
(413.0,401.0)
(413.0,401.0)
(417.0,401.0)
(413.0,401.0)
(413.0,401.0)
(412.0,401.0)
(412.0,401.0)
(413.0,401.0)
(413.0,401.0)
(412.0,401.0)
(413.0,401.0)
(784.0,401.0)
(407.0,401.0)
(407.0,401.0)
(417.0,401.0)
(401.0,401.0)
(401.0,401.0)
(404.0,401.0)
(413.0,401.0)
(413.0,401.0)
(447.0,401.0)
(387.0,401.0)
(413.0,401.0)
(413.0,401.0)
(406.0,401.0)
(413.0,401.0)
(401.0,401.0)
(413.0,401.0)
(784.0,401.0)
(413.0,401.0)
(412.0,401.0)
(402.0,401.0)
(412.0,401.0)
(401.0,401.0)
(417.0,401.0)
(413.0,401.0)
(412.0,401.0)
(401.0,401.0)
(417.0,401.0)
(412.0,401.0)
(417.0,401.0)
(413.0,401.0)
(412.0,401.0)
(417.0,401.0)
(406.0,401.0)
(417.0,401.0)
(413.0,401.0)
(417.0,401.0)
(415.0,401.0)
(401.0,401.0)
(417.0,401.0)
(417.0,401.0)
(413.0,401.0)
(413.0,401.0)
(417.0,401.0)
(413.0,401.0)
(413.0,401.0)
(404.0,401.0)
(401.0,401.0)
(404.0,401.0)
(405.0,401.0)
(401.0,401.0)
(415.0,401.0)
(413.0,401.0)
(401.0,401.0)
(405.0,401.0)
(415.0,401.0)
(401.0,401.0)
(405.0,401.0)
(413.0,401.0)
(435.0,401.0)
(413.0,401.0)
(409.0,401.0)
(417.0,401.0)
(401.0,401.0)
(405.0,401.0)
(401.0,401.0)
(417.0,401.0)
(417.0,401.0)
(417.0,401.0)
(413.0,401.0)
(417.0,401.0)
(413.0,401.0)
(413.0,401.0)
(404.0,401.0)
(413.0,401.0)
(417.0,401.0)
(413.0,401.0)
(413.0,401.0)
(413.0,401.0)
(417.0,401.0)
(412.0,401.0)
(405.0,401.0)
(401.0,401.0)
(454.0,401.0)
(421.0,401.0)
(417.0,401.0)
(413.0,401.0)
(401.0,401.0)
(417.0,401.0)
(417.0,401.0)
(409.0,401.0)
(401.0,401.0)
(413.0,401.0)
(417.0,401.0)
(417.0,401.0)
(417.0,401.0)
(401.0,401.0)
(404.0,401.0)
(401.0,401.0)
(413.0,401.0)
(377.0,401.0)
(404.0,401.0)
(413.0,401.0)
(417.0,401.0)
(412.0,401.0)
(417.0,401.0)
(413.0,401.0)
(404.0,401.0)
(404.0,401.0)
(421.0,401.0)
(413.0,401.0)
(413.0,401.0)
(413.0,401.0)
(401.0,401.0)
(413.0,401.0)
(417.0,401.0)
(405.0,401.0)
(447.0,401.0)
(417.0,401.0)
(475.0,401.0)
(401.0,401.0)
(401.0,401.0)
(413.0,401.0)
(417.0,401.0)
(405.0,401.0)
(412.0,401.0)
(417.0,401.0)
(413.0,401.0)
(435.0,401.0)
(447.0,401.0)
(412.0,401.0)
(401.0,401.0)
(406.0,401.0)
(417.0,401.0)
(413.0,401.0)
(404.0,401.0)
(401.0,401.0)
(413.0,401.0)
(417.0,401.0)
(401.0,401.0)
(413.0,401.0)
(376.0,401.0)
(413.0,401.0)
(401.0,401.0)
(413.0,401.0)
(417.0,401.0)
(489.0,401.0)
(417.0,401.0)
(417.0,401.0)
(413.0,401.0)
(465.0,401.0)
(455.0,401.0)
(401.0,401.0)
(406.0,401.0)
(401.0,401.0)
(405.0,401.0)
(405.0,401.0)
(413.0,401.0)
(413.0,401.0)
(417.0,401.0)
(805.0,401.0)
(784.0,401.0)
(417.0,401.0)
(415.0,401.0)
(401.0,401.0)
(413.0,401.0)
(401.0,401.0)
(405.0,401.0)
(417.0,401.0)
(417.0,401.0)
(447.0,401.0)
(417.0,401.0)
(401.0,401.0)
(401.0,401.0)
(401.0,401.0)
(455.0,401.0)
(404.0,401.0)
(413.0,401.0)
(401.0,401.0)
(401.0,401.0)
(417.0,401.0)
(413.0,401.0)
(786.0,401.0)
(413.0,401.0)
(401.0,401.0)
(413.0,401.0)
(412.0,401.0)
(417.0,401.0)
(413.0,401.0)
(427.0,401.0)
(786.0,401.0)
(401.0,401.0)
(405.0,401.0)
(413.0,401.0)
(455.0,401.0)
(413.0,401.0)
(417.0,401.0)
(413.0,401.0)
(413.0,401.0)
(413.0,401.0)
(413.0,401.0)
(401.0,401.0)
(413.0,401.0)
(401.0,401.0)
(447.0,401.0)
(413.0,401.0)
(790.0,401.0)
(401.0,401.0)
(802.0,401.0)
(413.0,401.0)
(413.0,401.0)
(417.0,401.0)
(412.0,401.0)
(413.0,401.0)
(401.0,401.0)
(401.0,401.0)
(417.0,401.0)
(413.0,401.0)
(401.0,401.0)
(417.0,401.0)
(413.0,401.0)
(413.0,401.0)
(417.0,401.0)
(413.0,401.0)
(413.0,401.0)
(413.0,401.0)
(413.0,401.0)
(455.0,401.0)
(413.0,401.0)
(401.0,401.0)
(401.0,401.0)
(401.0,401.0)
(401.0,401.0)
(413.0,401.0)
(413.0,401.0)
(413.0,401.0)
(401.0,401.0)
(413.0,401.0)
(404.0,401.0)
(735.0,401.0)
(405.0,401.0)
(784.0,401.0)
(401.0,401.0)
(401.0,401.0)
(767.0,401.0)
(417.0,401.0)
(413.0,401.0)
(417.0,401.0)
(784.0,401.0)
(405.0,401.0)
(404.0,401.0)
(401.0,401.0)
(417.0,401.0)
(417.0,401.0)
(413.0,401.0)
(401.0,401.0)
(413.0,401.0)
(417.0,401.0)
(417.0,401.0)
(406.0,401.0)
(413.0,401.0)
(377.0,401.0)
(413.0,401.0)
(455.0,401.0)
(417.0,401.0)
(401.0,401.0)
(404.0,401.0)
(401.0,401.0)
(401.0,401.0)
(401.0,401.0)
(417.0,401.0)
(413.0,401.0)
(413.0,401.0)
(413.0,401.0)
(413.0,401.0)
(417.0,401.0)
(405.0,401.0)
(401.0,401.0)
(413.0,401.0)
(403.0,401.0)
(413.0,401.0)
(401.0,401.0)
(417.0,401.0)
(413.0,401.0)
(413.0,401.0)
(401.0,401.0)
(462.0,401.0)
(405.0,401.0)
(475.0,401.0)
(413.0,401.0)
(401.0,401.0)
(417.0,401.0)
(413.0,401.0)
(413.0,401.0)
(413.0,401.0)
(413.0,401.0)
(405.0,401.0)
(417.0,401.0)
(405.0,401.0)
(415.0,401.0)
(413.0,401.0)
(401.0,401.0)
(413.0,401.0)
(413.0,401.0)
(417.0,401.0)
(462.0,401.0)
(413.0,401.0)
(387.0,401.0)
(413.0,401.0)
(484.0,401.0)
(412.0,401.0)
(401.0,401.0)
(413.0,401.0)
(413.0,401.0)
(417.0,401.0)
(406.0,401.0)
(413.0,401.0)
(401.0,401.0)
(401.0,401.0)
(417.0,401.0)
(405.0,401.0)
(413.0,401.0)
(413.0,401.0)
(455.0,401.0)
(401.0,401.0)
(413.0,401.0)
(413.0,401.0)
(415.0,401.0)
(413.0,401.0)
(417.0,401.0)
(413.0,401.0)
(417.0,401.0)
(417.0,401.0)
(417.0,401.0)
(413.0,401.0)
(401.0,401.0)
(403.0,401.0)
(404.0,401.0)
(401.0,401.0)
(462.0,401.0)
(401.0,401.0)
(462.0,401.0)
(413.0,401.0)
(401.0,401.0)
(405.0,401.0)
(413.0,401.0)
(417.0,401.0)
(404.0,401.0)
(413.0,401.0)
(447.0,401.0)
(413.0,401.0)
(406.0,401.0)
(412.0,401.0)
(387.0,401.0)
(401.0,401.0)
(413.0,401.0)
(413.0,401.0)
(406.0,401.0)
(403.0,401.0)
(413.0,401.0)
(401.0,401.0)
(423.0,401.0)
(413.0,401.0)
(413.0,401.0)
(417.0,401.0)
(413.0,401.0)
(387.0,401.0)
(412.0,401.0)
(413.0,401.0)
(401.0,401.0)
(403.0,401.0)
(401.0,401.0)
(417.0,401.0)
(406.0,401.0)
(403.0,401.0)
(413.0,401.0)
(412.0,401.0)
(413.0,401.0)
(413.0,401.0)
(403.0,401.0)
(403.0,401.0)
(403.0,401.0)
(401.0,401.0)
(412.0,401.0)
(403.0,401.0)
(412.0,401.0)
(401.0,401.0)
(405.0,401.0)
(421.0,401.0)
(412.0,401.0)
(412.0,401.0)
(413.0,401.0)
(401.0,401.0)
(387.0,401.0)
(413.0,401.0)
(401.0,401.0)
(412.0,401.0)
(770.0,401.0)
(404.0,401.0)
(403.0,401.0)
(413.0,401.0)
(413.0,401.0)
(756.0,401.0)
(403.0,401.0)
(413.0,401.0)
(406.0,401.0)
(403.0,401.0)
(423.0,401.0)
(421.0,401.0)
(403.0,401.0)
(403.0,401.0)
(412.0,401.0)
(413.0,401.0)
(403.0,401.0)
(413.0,401.0)
(768.0,401.0)
(412.0,401.0)
(413.0,401.0)
(387.0,401.0)
(401.0,401.0)
(403.0,401.0)
(412.0,401.0)
(401.0,401.0)
(413.0,401.0)
(401.0,401.0)
(412.0,401.0)
(770.0,401.0)
(463.0,401.0)
(413.0,401.0)
(382.0,401.0)
(412.0,401.0)
(403.0,401.0)
(387.0,401.0)
(403.0,401.0)
(413.0,401.0)
(401.0,401.0)
(445.0,401.0)
(387.0,401.0)
(413.0,401.0)
(401.0,401.0)
(412.0,401.0)
(403.0,401.0)
(413.0,401.0)
(417.0,401.0)
(413.0,401.0)
(401.0,401.0)
(401.0,401.0)
(412.0,401.0)
(401.0,401.0)
(433.0,401.0)
(369.0,401.0)
(403.0,401.0)
(403.0,401.0)
(423.0,401.0)
(757.0,401.0)
(403.0,401.0)
(403.0,401.0)
(735.0,401.0)
(413.0,401.0)
(423.0,401.0)
(403.0,401.0)
(413.0,401.0)
(405.0,401.0)
(756.0,401.0)
(412.0,401.0)
(417.0,401.0)
(413.0,401.0)
(409.0,401.0)
(412.0,401.0)
(768.0,401.0)
(403.0,401.0)
(405.0,401.0)
(406.0,401.0)
(412.0,401.0)
(403.0,401.0)
(433.0,401.0)
(403.0,401.0)
(405.0,401.0)
(387.0,401.0)
(412.0,401.0)
(770.0,401.0)
(409.0,401.0)
(403.0,401.0)
(771.0,401.0)
(387.0,401.0)
(401.0,401.0)
(413.0,401.0)
(401.0,401.0)
(489.0,401.0)
(413.0,401.0)
(409.0,401.0)
(433.0,401.0)
(412.0,401.0)
(455.0,401.0)
(423.0,401.0)
(417.0,401.0)
(412.0,401.0)
(403.0,401.0)
(406.0,401.0)
(403.0,401.0)
(403.0,401.0)
(403.0,401.0)
(403.0,401.0)
(403.0,401.0)
(413.0,401.0)
(412.0,401.0)
(403.0,401.0)
(403.0,401.0)
(404.0,401.0)
(757.0,401.0)
(387.0,401.0)
(403.0,401.0)
(387.0,401.0)
(403.0,401.0)
(413.0,401.0)
(387.0,401.0)
(413.0,401.0)
(413.0,401.0)
(25.0,401.0)
(369.0,401.0)
(405.0,401.0)
(770.0,401.0)
(403.0,401.0)
(413.0,401.0)
(433.0,401.0)
(413.0,401.0)
(412.0,401.0)
(413.0,401.0)
(434.0,401.0)
(435.0,401.0)
(403.0,401.0)
(406.0,401.0)
(413.0,401.0)
(457.0,401.0)
(423.0,401.0)
(412.0,401.0)
(401.0,401.0)
(417.0,401.0)
(489.0,401.0)
(433.0,401.0)
(469.0,401.0)
(413.0,401.0)
(403.0,401.0)
(406.0,401.0)
(403.0,401.0)
(784.0,401.0)
(401.0,401.0)
(456.0,401.0)
(413.0,401.0)
(463.0,401.0)
(463.0,401.0)
(465.0,401.0)
(806.0,401.0)
(413.0,401.0)
(403.0,401.0)
(454.0,401.0)
(401.0,401.0)
(401.0,401.0)
(401.0,401.0)
(405.0,401.0)
(373.0,401.0)
(463.0,401.0)
(403.0,401.0)
(403.0,401.0)
(386.0,401.0)
(413.0,401.0)
(403.0,401.0)
(403.0,401.0)
(403.0,401.0)
(421.0,401.0)
(417.0,401.0)
(789.0,401.0)
(404.0,401.0)
(417.0,401.0)
(417.0,401.0)
(401.0,401.0)
(407.0,401.0)
(413.0,401.0)
(404.0,401.0)
(417.0,401.0)
(405.0,401.0)
(789.0,401.0)
(417.0,401.0)
(413.0,401.0)
(373.0,401.0)
(421.0,401.0)
(412.0,401.0)
(455.0,401.0)
(412.0,401.0)
(405.0,401.0)
(412.0,401.0)
(401.0,401.0)
(404.0,401.0)
(806.0,401.0)
(409.0,401.0)
(784.0,401.0)
(403.0,401.0)
(403.0,401.0)
(413.0,401.0)
(401.0,401.0)
(417.0,401.0)
(403.0,401.0)
(401.0,401.0)
(789.0,401.0)
(403.0,401.0)
(413.0,401.0)
(406.0,401.0)
(413.0,401.0)
(413.0,401.0)
(413.0,401.0)
(413.0,401.0)
(413.0,401.0)
(403.0,401.0)
(405.0,401.0)
(413.0,401.0)
(404.0,401.0)
(413.0,401.0)
(403.0,401.0)
(387.0,401.0)
(417.0,401.0)
(784.0,401.0)
(413.0,401.0)
(406.0,401.0)
(784.0,401.0)
(463.0,401.0)
(401.0,401.0)
(413.0,401.0)
(412.0,401.0)
(417.0,401.0)
(401.0,401.0)
(469.0,401.0)
(454.0,401.0)
(767.0,401.0)
(401.0,401.0)
(403.0,401.0)
(417.0,401.0)
(423.0,401.0)
(401.0,401.0)
(401.0,401.0)
(786.0,401.0)
(407.0,401.0)
(463.0,401.0)
(413.0,401.0)
(413.0,401.0)
(377.0,401.0)
(463.0,401.0)
(387.0,401.0)
(784.0,401.0)
(417.0,401.0)
(401.0,401.0)
(417.0,401.0)
(413.0,401.0)
(413.0,401.0)
(403.0,401.0)
(417.0,401.0)
(417.0,401.0)
(413.0,401.0)
(413.0,401.0)
(405.0,401.0)
(413.0,401.0)
(377.0,401.0)
(413.0,401.0)
(401.0,401.0)
(417.0,401.0)
(412.0,401.0)
(463.0,401.0)
(413.0,401.0)
(417.0,401.0)
(447.0,401.0)
(789.0,401.0)
(413.0,401.0)
(806.0,401.0)
(435.0,401.0)
(413.0,401.0)
(404.0,401.0)
(413.0,401.0)
(412.0,401.0)
(403.0,401.0)
(401.0,401.0)
(401.0,401.0)
(417.0,401.0)
(413.0,401.0)
(401.0,401.0)
(412.0,401.0)
(401.0,401.0)
(434.0,401.0)
(404.0,401.0)
(405.0,401.0)
(417.0,401.0)
(435.0,401.0)
(403.0,401.0)
(427.0,401.0)
(413.0,401.0)
(404.0,401.0)
(413.0,401.0)
(789.0,401.0)
(413.0,401.0)
(404.0,401.0)
(412.0,401.0)
(417.0,401.0)
(405.0,401.0)
(405.0,401.0)
(401.0,401.0)
(413.0,401.0)
(784.0,401.0)
(789.0,401.0)
(784.0,401.0)
(463.0,401.0)
(401.0,401.0)
(404.0,401.0)
(406.0,401.0)
(406.0,401.0)
(413.0,401.0)
(413.0,401.0)
(417.0,401.0)
(403.0,401.0)
(413.0,401.0)
(463.0,401.0)
(417.0,401.0)
(412.0,401.0)
(463.0,401.0)
(401.0,401.0)
(423.0,401.0)
(413.0,401.0)
(784.0,401.0)
(405.0,401.0)
(401.0,401.0)
(401.0,401.0)
(406.0,401.0)
(413.0,401.0)
(413.0,401.0)
(489.0,401.0)
(413.0,401.0)
(403.0,401.0)
(412.0,401.0)
(463.0,401.0)
(463.0,401.0)
(417.0,401.0)
(455.0,401.0)
(417.0,401.0)
(455.0,401.0)
(401.0,401.0)
(413.0,401.0)
(417.0,401.0)
(412.0,401.0)
(413.0,401.0)
(413.0,401.0)
(401.0,401.0)
(412.0,401.0)
(412.0,401.0)
(405.0,401.0)
(404.0,401.0)
(413.0,401.0)
(417.0,401.0)
(401.0,401.0)
(401.0,401.0)
(405.0,401.0)
(417.0,401.0)
(405.0,401.0)
(417.0,401.0)
(417.0,401.0)
(417.0,401.0)
(401.0,401.0)
(413.0,401.0)
(413.0,401.0)
(417.0,401.0)
(401.0,401.0)
(417.0,401.0)
(413.0,401.0)
(413.0,401.0)
(405.0,401.0)
(421.0,401.0)
(413.0,401.0)
(401.0,401.0)
(413.0,401.0)
(413.0,401.0)
(401.0,401.0)
(417.0,401.0)
(412.0,401.0)
(412.0,401.0)
(412.0,401.0)
(412.0,401.0)
(417.0,401.0)
(404.0,401.0)
(401.0,401.0)
(413.0,401.0)
(405.0,401.0)
(405.0,401.0)
(413.0,401.0)
(413.0,401.0)
(413.0,401.0)
(401.0,401.0)
(413.0,401.0)
(413.0,401.0)
(401.0,401.0)
(401.0,401.0)
(413.0,401.0)
(412.0,401.0)
(401.0,401.0)
(401.0,401.0)
(413.0,401.0)
(401.0,401.0)
(405.0,401.0)
(412.0,401.0)
(413.0,401.0)
(417.0,401.0)
(412.0,401.0)
(401.0,401.0)
(417.0,401.0)
(401.0,401.0)
(412.0,401.0)
(417.0,401.0)
(412.0,401.0)
(413.0,401.0)
(417.0,401.0)
(413.0,401.0)
(413.0,401.0)
(413.0,401.0)
(405.0,401.0)
(401.0,401.0)
(401.0,401.0)
(417.0,401.0)
(413.0,401.0)
(413.0,401.0)
(401.0,401.0)
(412.0,401.0)
(401.0,401.0)
(401.0,401.0)
(401.0,401.0)
(413.0,401.0)
(415.0,401.0)
(412.0,401.0)
(401.0,401.0)
(401.0,401.0)
(413.0,401.0)
(412.0,401.0)
(412.0,401.0)
(401.0,401.0)
(413.0,401.0)
(401.0,401.0)
(412.0,401.0)
(401.0,401.0)
(417.0,401.0)
(417.0,401.0)
(417.0,401.0)
(417.0,401.0)
(417.0,401.0)
(417.0,401.0)
(435.0,401.0)
(413.0,401.0)
(405.0,401.0)
(489.0,401.0)
(413.0,401.0)
(417.0,401.0)
(401.0,401.0)
(417.0,401.0)
(413.0,401.0)
(417.0,401.0)
(413.0,401.0)
(412.0,401.0)
(412.0,401.0)
(413.0,401.0)
(412.0,401.0)
(413.0,401.0)
(475.0,401.0)
(401.0,401.0)
(417.0,401.0)
(413.0,401.0)
(401.0,401.0)
(417.0,401.0)
(412.0,401.0)
(413.0,401.0)
(417.0,401.0)
(412.0,401.0)
(413.0,401.0)
(413.0,401.0)
(413.0,401.0)
(401.0,401.0)
(412.0,401.0)
(413.0,401.0)
(417.0,401.0)
(417.0,401.0)
(413.0,401.0)
(417.0,401.0)
(401.0,401.0)
(412.0,401.0)
(421.0,401.0)
(412.0,401.0)
(401.0,401.0)
(401.0,401.0)
(413.0,401.0)
(401.0,401.0)
(417.0,401.0)
(417.0,401.0)
(417.0,401.0)
(405.0,401.0)
(412.0,401.0)
(405.0,401.0)
(417.0,401.0)
(412.0,401.0)
(421.0,401.0)
(406.0,401.0)
(43.0,401.0)
(413.0,401.0)
(412.0,401.0)
(413.0,401.0)
(412.0,401.0)
(417.0,401.0)
(413.0,401.0)
(413.0,401.0)
(413.0,401.0)
(412.0,401.0)
(417.0,401.0)
(401.0,401.0)
(413.0,401.0)
(421.0,401.0)
(417.0,401.0)
(401.0,401.0)
(412.0,401.0)
(417.0,401.0)
(401.0,401.0)
(413.0,401.0)
(413.0,401.0)
(401.0,401.0)
(413.0,401.0)
(401.0,401.0)
(412.0,401.0)
(417.0,401.0)
(413.0,401.0)
(401.0,401.0)
(405.0,401.0)
(413.0,401.0)
(417.0,401.0)
(413.0,401.0)
(413.0,401.0)
(413.0,401.0)
(413.0,401.0)
(413.0,401.0)
(401.0,401.0)
(767.0,401.0)
(401.0,401.0)
(412.0,401.0)
(401.0,401.0)
(412.0,401.0)
(401.0,401.0)
(404.0,401.0)
(413.0,401.0)
(403.0,401.0)
(405.0,401.0)
(413.0,401.0)
(413.0,401.0)
(413.0,401.0)
(412.0,401.0)
(413.0,401.0)
(430.0,401.0)
(401.0,401.0)
(413.0,401.0)
(401.0,401.0)
(413.0,401.0)
(413.0,401.0)
(405.0,401.0)
(401.0,401.0)
(412.0,401.0)
(401.0,401.0)
(412.0,401.0)
(401.0,401.0)
(413.0,401.0)
(412.0,401.0)
(401.0,401.0)
(401.0,401.0)
(417.0,401.0)
(413.0,401.0)
(413.0,401.0)
(401.0,401.0)
(401.0,401.0)
(407.0,401.0)
(430.0,401.0)
(404.0,401.0)
(413.0,401.0)
(401.0,401.0)
(401.0,401.0)
(413.0,401.0)
(413.0,401.0)
(412.0,401.0)
(401.0,401.0)
(412.0,401.0)
(412.0,401.0)
(412.0,401.0)
(412.0,401.0)
(767.0,401.0)
(412.0,401.0)
(412.0,401.0)
(412.0,401.0)
(412.0,401.0)
(401.0,401.0)
(417.0,401.0)
(401.0,401.0)
(417.0,401.0)
(404.0,401.0)
(412.0,401.0)
(407.0,401.0)
(404.0,401.0)
(413.0,401.0)
(412.0,401.0)
(412.0,401.0)
(417.0,401.0)
(401.0,401.0)
(412.0,401.0)
(413.0,401.0)
(405.0,401.0)
(401.0,401.0)
(413.0,401.0)
(413.0,401.0)
(403.0,401.0)
(413.0,401.0)
(413.0,401.0)
(401.0,401.0)
(417.0,401.0)
(403.0,401.0)
(413.0,401.0)
(404.0,401.0)
(413.0,401.0)
(405.0,401.0)
(412.0,401.0)
(401.0,401.0)
(412.0,401.0)
(377.0,401.0)
(401.0,401.0)
(413.0,401.0)
(403.0,401.0)
(401.0,401.0)
(401.0,401.0)
(767.0,401.0)
(413.0,401.0)
(376.0,401.0)
(403.0,401.0)
(413.0,401.0)
(404.0,401.0)
(405.0,401.0)
(413.0,401.0)
(413.0,401.0)
(412.0,401.0)
(417.0,401.0)
(404.0,401.0)
(412.0,401.0)
(413.0,401.0)
(404.0,401.0)
(403.0,401.0)
(401.0,401.0)
(413.0,401.0)
(413.0,401.0)
(403.0,401.0)
(413.0,401.0)
(412.0,401.0)
(401.0,401.0)
(404.0,401.0)
(401.0,401.0)
(401.0,401.0)
(412.0,401.0)
(413.0,401.0)
(413.0,401.0)
(401.0,401.0)
(413.0,401.0)
(413.0,401.0)
(413.0,401.0)
(401.0,401.0)
(412.0,401.0)
(434.0,401.0)
(413.0,401.0)
(401.0,401.0)
(404.0,401.0)
(401.0,401.0)
(413.0,401.0)
(412.0,401.0)
(401.0,401.0)
(412.0,401.0)
(412.0,401.0)
(413.0,401.0)
(401.0,401.0)
(403.0,401.0)
(412.0,401.0)
(413.0,401.0)
(401.0,401.0)
(413.0,401.0)
(401.0,401.0)
(413.0,401.0)
(412.0,401.0)
(413.0,401.0)
(401.0,401.0)
(417.0,401.0)
(412.0,401.0)
(767.0,401.0)
(413.0,401.0)
(401.0,401.0)
(413.0,401.0)
(412.0,401.0)
(412.0,401.0)
(417.0,401.0)
(413.0,401.0)
(412.0,401.0)
(413.0,401.0)
(412.0,401.0)
(401.0,401.0)
(401.0,401.0)
(412.0,401.0)
(412.0,401.0)
(413.0,401.0)
(401.0,401.0)
(413.0,401.0)
(412.0,401.0)
(413.0,401.0)
(412.0,401.0)
(412.0,401.0)
(403.0,401.0)
(413.0,401.0)
(417.0,401.0)
(413.0,401.0)
(401.0,401.0)
(404.0,401.0)
(413.0,401.0)
(412.0,401.0)
(401.0,401.0)
(401.0,401.0)
(401.0,401.0)
(413.0,401.0)
(401.0,401.0)
(401.0,401.0)
(402.0,401.0)
(412.0,401.0)
(404.0,401.0)
(413.0,401.0)
(417.0,401.0)
(401.0,401.0)
(413.0,401.0)
(413.0,401.0)
(413.0,401.0)
(413.0,401.0)
(403.0,401.0)
(403.0,401.0)
(435.0,401.0)
(403.0,401.0)
(387.0,401.0)
(403.0,401.0)
(387.0,401.0)
(463.0,401.0)
(403.0,401.0)
(403.0,401.0)
(403.0,401.0)
(430.0,401.0)
(403.0,401.0)
(403.0,401.0)
(413.0,401.0)
(403.0,401.0)
(403.0,401.0)
(403.0,401.0)
(463.0,401.0)
(403.0,401.0)
(403.0,401.0)
(387.0,401.0)
(401.0,401.0)
(403.0,401.0)
(789.0,401.0)
(403.0,401.0)
(403.0,401.0)
(403.0,401.0)
(403.0,401.0)
(403.0,401.0)
(403.0,401.0)
(403.0,401.0)
(403.0,401.0)
(403.0,401.0)
(403.0,401.0)
(404.0,401.0)
(403.0,401.0)
(413.0,401.0)
(404.0,401.0)
(459.0,401.0)
(403.0,401.0)
(387.0,401.0)
(463.0,401.0)
(403.0,401.0)
(770.0,401.0)
(463.0,401.0)
(387.0,401.0)
(435.0,401.0)
(403.0,401.0)
(417.0,401.0)
(403.0,401.0)
(403.0,401.0)
(403.0,401.0)
(435.0,401.0)
(412.0,401.0)
(403.0,401.0)
(403.0,401.0)
(403.0,401.0)
(417.0,401.0)
(403.0,401.0)
(403.0,401.0)
(403.0,401.0)
(403.0,401.0)
(413.0,401.0)
(403.0,401.0)
(457.0,401.0)
(403.0,401.0)
(403.0,401.0)
(403.0,401.0)
(387.0,401.0)
(413.0,401.0)
(403.0,401.0)
(403.0,401.0)
(403.0,401.0)
(403.0,401.0)
(403.0,401.0)
(403.0,401.0)
(387.0,401.0)
(403.0,401.0)
(403.0,401.0)
(403.0,401.0)
(771.0,401.0)
(403.0,401.0)
(403.0,401.0)
(403.0,401.0)
(403.0,401.0)
(401.0,401.0)
(403.0,401.0)
(403.0,401.0)
(387.0,401.0)
(403.0,401.0)
(403.0,401.0)
(403.0,401.0)
(403.0,401.0)
(403.0,401.0)
(403.0,401.0)
(771.0,401.0)
(403.0,401.0)
(475.0,401.0)
(404.0,401.0)
(432.0,401.0)
(784.0,401.0)
(403.0,401.0)
(403.0,401.0)
(403.0,401.0)
(403.0,401.0)
(403.0,401.0)
(403.0,401.0)
(387.0,401.0)
(403.0,401.0)
(403.0,401.0)
(403.0,401.0)
(403.0,401.0)
(404.0,401.0)
(403.0,401.0)
(404.0,401.0)
(403.0,401.0)
(403.0,401.0)
(403.0,401.0)
(403.0,401.0)
(403.0,401.0)
(403.0,401.0)
(413.0,401.0)
(404.0,401.0)
(404.0,401.0)
(403.0,401.0)
(404.0,401.0)
(403.0,401.0)
(463.0,401.0)
(784.0,401.0)
(417.0,401.0)
(403.0,401.0)
(403.0,401.0)
(403.0,401.0)
(403.0,401.0)
(403.0,401.0)
(403.0,401.0)
(403.0,401.0)
(403.0,401.0)
(403.0,401.0)
(417.0,401.0)
(403.0,401.0)
(387.0,401.0)
(403.0,401.0)
(40.0,401.0)
(403.0,401.0)
(403.0,401.0)
(404.0,401.0)
(423.0,401.0)
(401.0,401.0)
(403.0,401.0)
(403.0,401.0)
(412.0,401.0)
(404.0,401.0)
(413.0,401.0)
(404.0,401.0)
(412.0,401.0)
(403.0,401.0)
(403.0,401.0)
(403.0,401.0)
(403.0,401.0)
(403.0,401.0)
(403.0,401.0)
(403.0,401.0)
(457.0,401.0)
(387.0,401.0)
(403.0,401.0)
(455.0,401.0)
(403.0,401.0)
(403.0,401.0)
(403.0,401.0)
(403.0,401.0)
(403.0,401.0)
(423.0,401.0)
(403.0,401.0)
(404.0,401.0)
(403.0,401.0)
(403.0,401.0)
(404.0,401.0)
(403.0,401.0)
(463.0,401.0)
(403.0,401.0)
(403.0,401.0)
(403.0,401.0)
(403.0,401.0)
(403.0,401.0)
(403.0,401.0)
(403.0,401.0)
(403.0,401.0)
(403.0,401.0)
(403.0,401.0)
(427.0,401.0)
(413.0,401.0)
(403.0,401.0)
(404.0,401.0)
(412.0,401.0)
(413.0,401.0)
(401.0,401.0)
(405.0,401.0)
(401.0,401.0)
(412.0,401.0)
(417.0,401.0)
(401.0,401.0)
(401.0,401.0)
(790.0,401.0)
(417.0,401.0)
(401.0,401.0)
(417.0,401.0)
(401.0,401.0)
(401.0,401.0)
(401.0,401.0)
(413.0,401.0)
(413.0,401.0)
(455.0,401.0)
(401.0,401.0)
(401.0,401.0)
(413.0,401.0)
(415.0,401.0)
(401.0,401.0)
(401.0,401.0)
(401.0,401.0)
(401.0,401.0)
(377.0,401.0)
(417.0,401.0)
(447.0,401.0)
(401.0,401.0)
(401.0,401.0)
(413.0,401.0)
(404.0,401.0)
(415.0,401.0)
(401.0,401.0)
(417.0,401.0)
(413.0,401.0)
(401.0,401.0)
(401.0,401.0)
(405.0,401.0)
(413.0,401.0)
(417.0,401.0)
(405.0,401.0)
(413.0,401.0)
(412.0,401.0)
(413.0,401.0)
(406.0,401.0)
(455.0,401.0)
(401.0,401.0)
(768.0,401.0)
(413.0,401.0)
(417.0,401.0)
(417.0,401.0)
(401.0,401.0)
(401.0,401.0)
(409.0,401.0)
(413.0,401.0)
(405.0,401.0)
(417.0,401.0)
(413.0,401.0)
(406.0,401.0)
(401.0,401.0)
(405.0,401.0)
(401.0,401.0)
(401.0,401.0)
(413.0,401.0)
(417.0,401.0)
(401.0,401.0)
(417.0,401.0)
(401.0,401.0)
(413.0,401.0)
(401.0,401.0)
(401.0,401.0)
(401.0,401.0)
(401.0,401.0)
(401.0,401.0)
(417.0,401.0)
(413.0,401.0)
(401.0,401.0)
(401.0,401.0)
(401.0,401.0)
(401.0,401.0)
(401.0,401.0)
(447.0,401.0)
(413.0,401.0)
(401.0,401.0)
(413.0,401.0)
(412.0,401.0)
(412.0,401.0)
(401.0,401.0)
(421.0,401.0)
(417.0,401.0)
(413.0,401.0)
(413.0,401.0)
(401.0,401.0)
(413.0,401.0)
(401.0,401.0)
(805.0,401.0)
(455.0,401.0)
(413.0,401.0)
(455.0,401.0)
(412.0,401.0)
(412.0,401.0)
(447.0,401.0)
(401.0,401.0)
(401.0,401.0)
(413.0,401.0)
(406.0,401.0)
(401.0,401.0)
(412.0,401.0)
(401.0,401.0)
(401.0,401.0)
(401.0,401.0)
(417.0,401.0)
(404.0,401.0)
(401.0,401.0)
(417.0,401.0)
(417.0,401.0)
(405.0,401.0)
(406.0,401.0)
(417.0,401.0)
(417.0,401.0)
(417.0,401.0)
(415.0,401.0)
(413.0,401.0)
(401.0,401.0)
(401.0,401.0)
(401.0,401.0)
(401.0,401.0)
(413.0,401.0)
(413.0,401.0)
(447.0,401.0)
(413.0,401.0)
(413.0,401.0)
(401.0,401.0)
(401.0,401.0)
(412.0,401.0)
(401.0,401.0)
(421.0,401.0)
(413.0,401.0)
(404.0,401.0)
(413.0,401.0)
(401.0,401.0)
(413.0,401.0)
(789.0,401.0)
(412.0,401.0)
(406.0,401.0)
(405.0,401.0)
(413.0,401.0)
(413.0,401.0)
(401.0,401.0)
(401.0,401.0)
(401.0,401.0)
(401.0,401.0)
(412.0,401.0)
(417.0,401.0)
(401.0,401.0)
(401.0,401.0)
(401.0,401.0)
(417.0,401.0)
(413.0,401.0)
(417.0,401.0)
(417.0,401.0)
(417.0,401.0)
(401.0,401.0)
(405.0,401.0)
(401.0,401.0)
(405.0,401.0)
(417.0,401.0)
(401.0,401.0)
(405.0,401.0)
(413.0,401.0)
(413.0,401.0)
(401.0,401.0)
(403.0,401.0)
(447.0,401.0)
(417.0,401.0)
(412.0,401.0)
(455.0,401.0)
(413.0,401.0)
(405.0,401.0)
(455.0,401.0)
(401.0,401.0)
(404.0,401.0)
(406.0,401.0)
(417.0,401.0)
(413.0,401.0)
(407.0,401.0)
(413.0,401.0)
(412.0,401.0)
(417.0,401.0)
(413.0,401.0)
(413.0,401.0)
(413.0,401.0)
(401.0,401.0)
(387.0,401.0)
(401.0,401.0)
(401.0,401.0)
(401.0,401.0)
(770.0,401.0)
(770.0,401.0)
(387.0,401.0)
(756.0,401.0)
(387.0,401.0)
(434.0,401.0)
(770.0,401.0)
(417.0,401.0)
(412.0,401.0)
(412.0,401.0)
(423.0,401.0)
(770.0,401.0)
(403.0,401.0)
(412.0,401.0)
(412.0,401.0)
(387.0,401.0)
(770.0,401.0)
(387.0,401.0)
(412.0,401.0)
(413.0,401.0)
(412.0,401.0)
(387.0,401.0)
(770.0,401.0)
(412.0,401.0)
(770.0,401.0)
(403.0,401.0)
(435.0,401.0)
(417.0,401.0)
(413.0,401.0)
(412.0,401.0)
(413.0,401.0)
(387.0,401.0)
(413.0,401.0)
(412.0,401.0)
(756.0,401.0)
(770.0,401.0)
(412.0,401.0)
(403.0,401.0)
(408.0,401.0)
(758.0,401.0)
(758.0,401.0)
(387.0,401.0)
(412.0,401.0)
(403.0,401.0)
(770.0,401.0)
(412.0,401.0)
(423.0,401.0)
(423.0,401.0)
(413.0,401.0)
(413.0,401.0)
(770.0,401.0)
(756.0,401.0)
(423.0,401.0)
(770.0,401.0)
(770.0,401.0)
(387.0,401.0)
(401.0,401.0)
(412.0,401.0)
(387.0,401.0)
(404.0,401.0)
(387.0,401.0)
(423.0,401.0)
(770.0,401.0)
(770.0,401.0)
(770.0,401.0)
(784.0,401.0)
(758.0,401.0)
(401.0,401.0)
(398.0,401.0)
(770.0,401.0)
(412.0,401.0)
(770.0,401.0)
(758.0,401.0)
(423.0,401.0)
(412.0,401.0)
(387.0,401.0)
(387.0,401.0)
(756.0,401.0)
(401.0,401.0)
(413.0,401.0)
(770.0,401.0)
(789.0,401.0)
(413.0,401.0)
(387.0,401.0)
(401.0,401.0)
(412.0,401.0)
(413.0,401.0)
(413.0,401.0)
(412.0,401.0)
(770.0,401.0)
(403.0,401.0)
(770.0,401.0)
(403.0,401.0)
(387.0,401.0)
(412.0,401.0)
(758.0,401.0)
(770.0,401.0)
(770.0,401.0)
(770.0,401.0)
(398.0,401.0)
(387.0,401.0)
(413.0,401.0)
(758.0,401.0)
(413.0,401.0)
(403.0,401.0)
(401.0,401.0)
(412.0,401.0)
(770.0,401.0)
(412.0,401.0)
(770.0,401.0)
(758.0,401.0)
(401.0,401.0)
(423.0,401.0)
(412.0,401.0)
(784.0,401.0)
(413.0,401.0)
(758.0,401.0)
(423.0,401.0)
(770.0,401.0)
(387.0,401.0)
(758.0,401.0)
(401.0,401.0)
(412.0,401.0)
(784.0,401.0)
(770.0,401.0)
(770.0,401.0)
(756.0,401.0)
(412.0,401.0)
(758.0,401.0)
(770.0,401.0)
(413.0,401.0)
(758.0,401.0)
(403.0,401.0)
(403.0,401.0)
(398.0,401.0)
(412.0,401.0)
(758.0,401.0)
(770.0,401.0)
(770.0,401.0)
(403.0,401.0)
(410.0,401.0)
(413.0,401.0)
(387.0,401.0)
(387.0,401.0)
(770.0,401.0)
(412.0,401.0)
(387.0,401.0)
(403.0,401.0)
(756.0,401.0)
(770.0,401.0)
(401.0,401.0)
(412.0,401.0)
(770.0,401.0)
(784.0,401.0)
(416.0,401.0)
(758.0,401.0)
(412.0,401.0)
(412.0,401.0)
(412.0,401.0)
(433.0,401.0)
(413.0,401.0)
(409.0,401.0)
(403.0,401.0)
(417.0,401.0)
(423.0,401.0)
(412.0,401.0)
(423.0,401.0)
(423.0,401.0)
(387.0,401.0)
(412.0,401.0)
(412.0,401.0)
(770.0,401.0)
(770.0,401.0)
(770.0,401.0)
(412.0,401.0)
(423.0,401.0)
(387.0,401.0)
(769.0,401.0)
(412.0,401.0)
(412.0,401.0)
(770.0,401.0)
(770.0,401.0)
(413.0,401.0)
(770.0,401.0)
(427.0,401.0)
(770.0,401.0)
(770.0,401.0)
(403.0,401.0)
(770.0,401.0)
(412.0,401.0)
(387.0,401.0)
(417.0,401.0)
(770.0,401.0)
(770.0,401.0)
(756.0,401.0)
(424.0,402.0)
(402.0,402.0)
(782.0,402.0)
(402.0,402.0)
(402.0,402.0)
(416.0,402.0)
(402.0,402.0)
(402.0,402.0)
(402.0,402.0)
(402.0,402.0)
(402.0,402.0)
(424.0,402.0)
(402.0,402.0)
(402.0,402.0)
(402.0,402.0)
(402.0,402.0)
(402.0,402.0)
(402.0,402.0)
(402.0,402.0)
(461.0,402.0)
(416.0,402.0)
(402.0,402.0)
(402.0,402.0)
(424.0,402.0)
(430.0,402.0)
(402.0,402.0)
(402.0,402.0)
(448.0,402.0)
(388.0,402.0)
(438.0,402.0)
(416.0,402.0)
(424.0,402.0)
(402.0,402.0)
(402.0,402.0)
(402.0,402.0)
(402.0,402.0)
(402.0,402.0)
(402.0,402.0)
(424.0,402.0)
(386.0,402.0)
(402.0,402.0)
(387.0,402.0)
(424.0,402.0)
(429.0,402.0)
(402.0,402.0)
(402.0,402.0)
(429.0,402.0)
(429.0,402.0)
(402.0,402.0)
(402.0,402.0)
(399.0,402.0)
(402.0,402.0)
(402.0,402.0)
(402.0,402.0)
(430.0,402.0)
(448.0,402.0)
(402.0,402.0)
(402.0,402.0)
(424.0,402.0)
(402.0,402.0)
(438.0,402.0)
(402.0,402.0)
(461.0,402.0)
(402.0,402.0)
(771.0,402.0)
(402.0,402.0)
(424.0,402.0)
(402.0,402.0)
(402.0,402.0)
(402.0,402.0)
(402.0,402.0)
(402.0,402.0)
(424.0,402.0)
(424.0,402.0)
(402.0,402.0)
(402.0,402.0)
(402.0,402.0)
(402.0,402.0)
(402.0,402.0)
(402.0,402.0)
(402.0,402.0)
(402.0,402.0)
(402.0,402.0)
(402.0,402.0)
(416.0,402.0)
(402.0,402.0)
(402.0,402.0)
(402.0,402.0)
(402.0,402.0)
(402.0,402.0)
(388.0,402.0)
(448.0,402.0)
(402.0,402.0)
(434.0,402.0)
(402.0,402.0)
(402.0,402.0)
(424.0,402.0)
(402.0,402.0)
(402.0,402.0)
(424.0,402.0)
(402.0,402.0)
(402.0,402.0)
(424.0,402.0)
(402.0,402.0)
(402.0,402.0)
(402.0,402.0)
(402.0,402.0)
(424.0,402.0)
(416.0,402.0)
(424.0,402.0)
(402.0,402.0)
(402.0,402.0)
(402.0,402.0)
(417.0,402.0)
(402.0,402.0)
(402.0,402.0)
(402.0,402.0)
(402.0,402.0)
(749.0,402.0)
(402.0,402.0)
(402.0,402.0)
(402.0,402.0)
(416.0,402.0)
(402.0,402.0)
(402.0,402.0)
(402.0,402.0)
(402.0,402.0)
(387.0,402.0)
(402.0,402.0)
(402.0,402.0)
(402.0,402.0)
(402.0,402.0)
(402.0,402.0)
(402.0,402.0)
(402.0,402.0)
(402.0,402.0)
(402.0,402.0)
(402.0,402.0)
(402.0,402.0)
(402.0,402.0)
(402.0,402.0)
(402.0,402.0)
(402.0,402.0)
(402.0,402.0)
(402.0,402.0)
(402.0,402.0)
(402.0,402.0)
(402.0,402.0)
(402.0,402.0)
(402.0,402.0)
(402.0,402.0)
(402.0,402.0)
(402.0,402.0)
(409.0,402.0)
(402.0,402.0)
(448.0,402.0)
(402.0,402.0)
(422.0,402.0)
(424.0,402.0)
(402.0,402.0)
(409.0,402.0)
(448.0,402.0)
(388.0,402.0)
(402.0,402.0)
(402.0,402.0)
(402.0,402.0)
(402.0,402.0)
(402.0,402.0)
(402.0,402.0)
(402.0,402.0)
(424.0,402.0)
(402.0,402.0)
(771.0,402.0)
(402.0,402.0)
(402.0,402.0)
(448.0,402.0)
(402.0,402.0)
(424.0,402.0)
(402.0,402.0)
(402.0,402.0)
(402.0,402.0)
(402.0,402.0)
(402.0,402.0)
(402.0,402.0)
(402.0,402.0)
(402.0,402.0)
(424.0,402.0)
(402.0,402.0)
(402.0,402.0)
(402.0,402.0)
(402.0,402.0)
(402.0,402.0)
(402.0,402.0)
(402.0,402.0)
(387.0,402.0)
(402.0,402.0)
(402.0,402.0)
(434.0,402.0)
(429.0,402.0)
(402.0,402.0)
(402.0,402.0)
(402.0,402.0)
(402.0,402.0)
(416.0,402.0)
(402.0,402.0)
(402.0,402.0)
(461.0,402.0)
(424.0,402.0)
(438.0,402.0)
(402.0,402.0)
(402.0,402.0)
(402.0,402.0)
(402.0,402.0)
(434.0,402.0)
(402.0,402.0)
(402.0,402.0)
(402.0,402.0)
(402.0,402.0)
(402.0,402.0)
(423.0,402.0)
(402.0,402.0)
(424.0,402.0)
(771.0,402.0)
(402.0,402.0)
(402.0,402.0)
(402.0,402.0)
(402.0,402.0)
(402.0,402.0)
(402.0,402.0)
(402.0,402.0)
(422.0,402.0)
(402.0,402.0)
(402.0,402.0)
(402.0,402.0)
(402.0,402.0)
(402.0,402.0)
(402.0,402.0)
(424.0,402.0)
(389.0,402.0)
(402.0,402.0)
(402.0,402.0)
(438.0,402.0)
(402.0,402.0)
(402.0,402.0)
(424.0,402.0)
(402.0,402.0)
(402.0,402.0)
(402.0,402.0)
(402.0,402.0)
(424.0,402.0)
(402.0,402.0)
(402.0,402.0)
(402.0,402.0)
(402.0,402.0)
(402.0,402.0)
(402.0,402.0)
(402.0,402.0)
(402.0,402.0)
(402.0,402.0)
(424.0,402.0)
(402.0,402.0)
(402.0,402.0)
(448.0,402.0)
(402.0,402.0)
(402.0,402.0)
(402.0,402.0)
(402.0,402.0)
(408.0,402.0)
(402.0,402.0)
(402.0,402.0)
(402.0,402.0)
(402.0,402.0)
(417.0,402.0)
(402.0,402.0)
(402.0,402.0)
(402.0,402.0)
(402.0,402.0)
(402.0,402.0)
(429.0,402.0)
(402.0,402.0)
(402.0,402.0)
(402.0,402.0)
(402.0,402.0)
(389.0,402.0)
(402.0,402.0)
(402.0,402.0)
(416.0,402.0)
(402.0,402.0)
(402.0,402.0)
(402.0,402.0)
(402.0,402.0)
(402.0,402.0)
(402.0,402.0)
(402.0,402.0)
(402.0,402.0)
(771.0,402.0)
(402.0,402.0)
(402.0,402.0)
(402.0,402.0)
(402.0,402.0)
(402.0,402.0)
(402.0,402.0)
(424.0,402.0)
(771.0,402.0)
(416.0,402.0)
(402.0,402.0)
(402.0,402.0)
(461.0,402.0)
(402.0,402.0)
(402.0,402.0)
(402.0,402.0)
(402.0,402.0)
(402.0,402.0)
(402.0,402.0)
(402.0,402.0)
(417.0,402.0)
(402.0,402.0)
(402.0,402.0)
(402.0,402.0)
(423.0,402.0)
(402.0,402.0)
(422.0,402.0)
(402.0,402.0)
(424.0,402.0)
(402.0,402.0)
(402.0,402.0)
(402.0,402.0)
(402.0,402.0)
(402.0,402.0)
(402.0,402.0)
(402.0,402.0)
(402.0,402.0)
(402.0,402.0)
(402.0,402.0)
(422.0,402.0)
(402.0,402.0)
(402.0,402.0)
(402.0,402.0)
(402.0,402.0)
(416.0,402.0)
(402.0,402.0)
(402.0,402.0)
(402.0,402.0)
(402.0,402.0)
(402.0,402.0)
(402.0,402.0)
(402.0,402.0)
(402.0,402.0)
(392.0,402.0)
(424.0,402.0)
(402.0,402.0)
(402.0,402.0)
(402.0,402.0)
(402.0,402.0)
(402.0,402.0)
(402.0,402.0)
(402.0,402.0)
(402.0,402.0)
(402.0,402.0)
(402.0,402.0)
(424.0,402.0)
(402.0,402.0)
(402.0,402.0)
(434.0,402.0)
(402.0,402.0)
(402.0,402.0)
(402.0,402.0)
(402.0,402.0)
(402.0,402.0)
(402.0,402.0)
(448.0,402.0)
(757.0,402.0)
(402.0,402.0)
(402.0,402.0)
(402.0,402.0)
(423.0,402.0)
(434.0,402.0)
(402.0,402.0)
(416.0,402.0)
(402.0,402.0)
(402.0,402.0)
(402.0,402.0)
(402.0,402.0)
(387.0,402.0)
(402.0,402.0)
(402.0,402.0)
(461.0,402.0)
(402.0,402.0)
(402.0,402.0)
(409.0,402.0)
(448.0,402.0)
(402.0,402.0)
(402.0,402.0)
(412.0,402.0)
(771.0,402.0)
(461.0,402.0)
(402.0,402.0)
(402.0,402.0)
(402.0,402.0)
(417.0,402.0)
(402.0,402.0)
(451.0,402.0)
(416.0,402.0)
(402.0,402.0)
(446.0,402.0)
(402.0,402.0)
(402.0,402.0)
(402.0,402.0)
(402.0,402.0)
(402.0,402.0)
(402.0,402.0)
(402.0,402.0)
(466.0,402.0)
(460.0,402.0)
(402.0,402.0)
(402.0,402.0)
(446.0,402.0)
(461.0,402.0)
(417.0,402.0)
(409.0,402.0)
(402.0,402.0)
(402.0,402.0)
(402.0,402.0)
(402.0,402.0)
(448.0,402.0)
(402.0,402.0)
(402.0,402.0)
(402.0,402.0)
(424.0,402.0)
(402.0,402.0)
(402.0,402.0)
(416.0,402.0)
(402.0,402.0)
(402.0,402.0)
(402.0,402.0)
(402.0,402.0)
(417.0,402.0)
(416.0,402.0)
(402.0,402.0)
(402.0,402.0)
(446.0,402.0)
(402.0,402.0)
(460.0,402.0)
(402.0,402.0)
(448.0,402.0)
(402.0,402.0)
(402.0,402.0)
(386.0,402.0)
(402.0,402.0)
(402.0,402.0)
(464.0,402.0)
(771.0,402.0)
(399.0,402.0)
(402.0,402.0)
(402.0,402.0)
(402.0,402.0)
(402.0,402.0)
(402.0,402.0)
(402.0,402.0)
(402.0,402.0)
(445.0,402.0)
(765.0,402.0)
(402.0,402.0)
(402.0,402.0)
(402.0,402.0)
(402.0,402.0)
(451.0,402.0)
(412.0,402.0)
(402.0,402.0)
(438.0,402.0)
(409.0,402.0)
(387.0,402.0)
(424.0,402.0)
(402.0,402.0)
(399.0,402.0)
(402.0,402.0)
(402.0,402.0)
(402.0,402.0)
(409.0,402.0)
(402.0,402.0)
(402.0,402.0)
(402.0,402.0)
(423.0,402.0)
(402.0,402.0)
(387.0,402.0)
(416.0,402.0)
(417.0,402.0)
(402.0,402.0)
(771.0,402.0)
(464.0,402.0)
(451.0,402.0)
(402.0,402.0)
(429.0,402.0)
(402.0,402.0)
(402.0,402.0)
(402.0,402.0)
(402.0,402.0)
(402.0,402.0)
(402.0,402.0)
(402.0,402.0)
(402.0,402.0)
(402.0,402.0)
(402.0,402.0)
(402.0,402.0)
(402.0,402.0)
(434.0,402.0)
(409.0,402.0)
(398.0,402.0)
(461.0,402.0)
(389.0,402.0)
(464.0,402.0)
(402.0,402.0)
(402.0,402.0)
(402.0,402.0)
(402.0,402.0)
(409.0,402.0)
(402.0,402.0)
(402.0,402.0)
(402.0,402.0)
(402.0,402.0)
(402.0,402.0)
(402.0,402.0)
(412.0,402.0)
(402.0,402.0)
(402.0,402.0)
(402.0,402.0)
(387.0,402.0)
(438.0,402.0)
(402.0,402.0)
(461.0,402.0)
(466.0,402.0)
(402.0,402.0)
(402.0,402.0)
(402.0,402.0)
(402.0,402.0)
(410.0,402.0)
(388.0,402.0)
(409.0,402.0)
(402.0,402.0)
(402.0,402.0)
(460.0,402.0)
(402.0,402.0)
(771.0,402.0)
(387.0,402.0)
(402.0,402.0)
(402.0,402.0)
(771.0,402.0)
(402.0,402.0)
(430.0,402.0)
(409.0,402.0)
(402.0,402.0)
(402.0,402.0)
(402.0,402.0)
(445.0,402.0)
(464.0,402.0)
(446.0,402.0)
(402.0,402.0)
(410.0,402.0)
(461.0,402.0)
(402.0,402.0)
(461.0,402.0)
(464.0,402.0)
(416.0,402.0)
(429.0,402.0)
(446.0,402.0)
(461.0,402.0)
(402.0,402.0)
(409.0,402.0)
(402.0,402.0)
(464.0,402.0)
(446.0,402.0)
(464.0,402.0)
(402.0,402.0)
(402.0,402.0)
(464.0,402.0)
(402.0,402.0)
(402.0,402.0)
(402.0,402.0)
(430.0,402.0)
(402.0,402.0)
(402.0,402.0)
(402.0,402.0)
(402.0,402.0)
(402.0,402.0)
(402.0,402.0)
(771.0,402.0)
(438.0,402.0)
(402.0,402.0)
(438.0,402.0)
(402.0,402.0)
(402.0,402.0)
(402.0,402.0)
(399.0,402.0)
(402.0,402.0)
(402.0,402.0)
(402.0,402.0)
(464.0,402.0)
(461.0,402.0)
(402.0,402.0)
(402.0,402.0)
(402.0,402.0)
(402.0,402.0)
(402.0,402.0)
(402.0,402.0)
(402.0,402.0)
(391.0,402.0)
(402.0,402.0)
(414.0,402.0)
(423.0,402.0)
(402.0,402.0)
(402.0,402.0)
(461.0,402.0)
(402.0,402.0)
(417.0,402.0)
(402.0,402.0)
(402.0,402.0)
(402.0,402.0)
(402.0,402.0)
(438.0,402.0)
(438.0,402.0)
(402.0,402.0)
(402.0,402.0)
(402.0,402.0)
(402.0,402.0)
(402.0,402.0)
(402.0,402.0)
(391.0,402.0)
(402.0,402.0)
(402.0,402.0)
(402.0,402.0)
(417.0,402.0)
(402.0,402.0)
(402.0,402.0)
(402.0,402.0)
(402.0,402.0)
(402.0,402.0)
(417.0,402.0)
(402.0,402.0)
(438.0,402.0)
(402.0,402.0)
(402.0,402.0)
(402.0,402.0)
(402.0,402.0)
(402.0,402.0)
(402.0,402.0)
(402.0,402.0)
(402.0,402.0)
(402.0,402.0)
(402.0,402.0)
(402.0,402.0)
(402.0,402.0)
(402.0,402.0)
(402.0,402.0)
(402.0,402.0)
(402.0,402.0)
(402.0,402.0)
(402.0,402.0)
(402.0,402.0)
(402.0,402.0)
(402.0,402.0)
(402.0,402.0)
(400.0,402.0)
(402.0,402.0)
(402.0,402.0)
(402.0,402.0)
(438.0,402.0)
(479.0,402.0)
(402.0,402.0)
(402.0,402.0)
(402.0,402.0)
(402.0,402.0)
(402.0,402.0)
(402.0,402.0)
(402.0,402.0)
(387.0,402.0)
(402.0,402.0)
(402.0,402.0)
(402.0,402.0)
(391.0,402.0)
(391.0,402.0)
(402.0,402.0)
(782.0,402.0)
(402.0,402.0)
(402.0,402.0)
(763.0,402.0)
(402.0,402.0)
(402.0,402.0)
(402.0,402.0)
(402.0,402.0)
(389.0,402.0)
(402.0,402.0)
(402.0,402.0)
(416.0,402.0)
(402.0,402.0)
(402.0,402.0)
(402.0,402.0)
(402.0,402.0)
(402.0,402.0)
(402.0,402.0)
(402.0,402.0)
(763.0,402.0)
(402.0,402.0)
(402.0,402.0)
(402.0,402.0)
(402.0,402.0)
(402.0,402.0)
(402.0,402.0)
(424.0,402.0)
(771.0,402.0)
(402.0,402.0)
(402.0,402.0)
(438.0,402.0)
(402.0,402.0)
(402.0,402.0)
(402.0,402.0)
(402.0,402.0)
(402.0,402.0)
(402.0,402.0)
(402.0,402.0)
(402.0,402.0)
(402.0,402.0)
(402.0,402.0)
(402.0,402.0)
(402.0,402.0)
(423.0,402.0)
(402.0,402.0)
(430.0,402.0)
(763.0,402.0)
(402.0,402.0)
(389.0,402.0)
(402.0,402.0)
(402.0,402.0)
(387.0,402.0)
(402.0,402.0)
(402.0,402.0)
(402.0,402.0)
(461.0,402.0)
(402.0,402.0)
(417.0,402.0)
(402.0,402.0)
(389.0,402.0)
(424.0,402.0)
(402.0,402.0)
(402.0,402.0)
(423.0,402.0)
(402.0,402.0)
(424.0,402.0)
(402.0,402.0)
(402.0,402.0)
(402.0,402.0)
(461.0,402.0)
(402.0,402.0)
(402.0,402.0)
(448.0,402.0)
(402.0,402.0)
(402.0,402.0)
(402.0,402.0)
(402.0,402.0)
(402.0,402.0)
(402.0,402.0)
(399.0,402.0)
(402.0,402.0)
(402.0,402.0)
(423.0,402.0)
(387.0,402.0)
(402.0,402.0)
(422.0,402.0)
(389.0,402.0)
(402.0,402.0)
(402.0,402.0)
(402.0,402.0)
(402.0,402.0)
(402.0,402.0)
(402.0,402.0)
(402.0,402.0)
(416.0,402.0)
(402.0,402.0)
(402.0,402.0)
(402.0,402.0)
(402.0,402.0)
(402.0,402.0)
(402.0,402.0)
(402.0,402.0)
(402.0,402.0)
(402.0,402.0)
(402.0,402.0)
(402.0,402.0)
(402.0,402.0)
(771.0,402.0)
(402.0,402.0)
(402.0,402.0)
(402.0,402.0)
(402.0,402.0)
(429.0,402.0)
(402.0,402.0)
(402.0,402.0)
(402.0,402.0)
(402.0,402.0)
(402.0,402.0)
(402.0,402.0)
(424.0,402.0)
(402.0,402.0)
(402.0,402.0)
(402.0,402.0)
(402.0,402.0)
(424.0,402.0)
(402.0,402.0)
(402.0,402.0)
(402.0,402.0)
(402.0,402.0)
(402.0,402.0)
(402.0,402.0)
(402.0,402.0)
(771.0,402.0)
(402.0,402.0)
(402.0,402.0)
(424.0,402.0)
(402.0,402.0)
(424.0,402.0)
(416.0,402.0)
(402.0,402.0)
(402.0,402.0)
(402.0,402.0)
(388.0,402.0)
(402.0,402.0)
(402.0,402.0)
(402.0,402.0)
(402.0,402.0)
(402.0,402.0)
(402.0,402.0)
(386.0,402.0)
(402.0,402.0)
(423.0,402.0)
(402.0,402.0)
(424.0,402.0)
(402.0,402.0)
(402.0,402.0)
(402.0,402.0)
(434.0,402.0)
(424.0,402.0)
(430.0,402.0)
(461.0,402.0)
(402.0,402.0)
(402.0,402.0)
(402.0,402.0)
(402.0,402.0)
(402.0,402.0)
(429.0,402.0)
(388.0,402.0)
(402.0,402.0)
(402.0,402.0)
(402.0,402.0)
(402.0,402.0)
(402.0,402.0)
(402.0,402.0)
(424.0,402.0)
(416.0,402.0)
(402.0,402.0)
(429.0,402.0)
(402.0,402.0)
(402.0,402.0)
(402.0,402.0)
(399.0,402.0)
(402.0,402.0)
(402.0,402.0)
(424.0,402.0)
(429.0,402.0)
(388.0,402.0)
(416.0,402.0)
(402.0,402.0)
(402.0,402.0)
(402.0,402.0)
(402.0,402.0)
(402.0,402.0)
(402.0,402.0)
(402.0,402.0)
(438.0,402.0)
(402.0,402.0)
(402.0,402.0)
(429.0,402.0)
(402.0,402.0)
(402.0,402.0)
(402.0,402.0)
(423.0,402.0)
(402.0,402.0)
(402.0,402.0)
(424.0,402.0)
(402.0,402.0)
(387.0,402.0)
(402.0,402.0)
(402.0,402.0)
(448.0,402.0)
(402.0,402.0)
(402.0,402.0)
(402.0,402.0)
(429.0,402.0)
(402.0,402.0)
(402.0,402.0)
(402.0,402.0)
(402.0,402.0)
(402.0,402.0)
(416.0,402.0)
(423.0,402.0)
(402.0,402.0)
(402.0,402.0)
(402.0,402.0)
(402.0,402.0)
(423.0,402.0)
(402.0,402.0)
(402.0,402.0)
(438.0,402.0)
(402.0,402.0)
(416.0,402.0)
(402.0,402.0)
(424.0,402.0)
(402.0,402.0)
(402.0,402.0)
(402.0,402.0)
(402.0,402.0)
(402.0,402.0)
(399.0,402.0)
(402.0,402.0)
(402.0,402.0)
(402.0,402.0)
(402.0,402.0)
(434.0,402.0)
(402.0,402.0)
(402.0,402.0)
(402.0,402.0)
(402.0,402.0)
(417.0,402.0)
(416.0,402.0)
(402.0,402.0)
(424.0,402.0)
(424.0,402.0)
(416.0,402.0)
(402.0,402.0)
(402.0,402.0)
(402.0,402.0)
(402.0,402.0)
(424.0,402.0)
(402.0,402.0)
(402.0,402.0)
(402.0,402.0)
(402.0,402.0)
(402.0,402.0)
(402.0,402.0)
(402.0,402.0)
(402.0,402.0)
(402.0,402.0)
(402.0,402.0)
(400.0,402.0)
(402.0,402.0)
(402.0,402.0)
(402.0,402.0)
(423.0,402.0)
(402.0,402.0)
(438.0,402.0)
(796.0,402.0)
(762.0,402.0)
(410.0,402.0)
(438.0,402.0)
(762.0,402.0)
(438.0,402.0)
(438.0,402.0)
(245.0,402.0)
(438.0,402.0)
(402.0,402.0)
(762.0,402.0)
(438.0,402.0)
(409.0,402.0)
(762.0,402.0)
(402.0,402.0)
(762.0,402.0)
(410.0,402.0)
(762.0,402.0)
(762.0,402.0)
(393.0,402.0)
(438.0,402.0)
(438.0,402.0)
(402.0,402.0)
(464.0,402.0)
(762.0,402.0)
(402.0,402.0)
(476.0,402.0)
(386.0,402.0)
(402.0,402.0)
(464.0,402.0)
(402.0,402.0)
(438.0,402.0)
(402.0,402.0)
(782.0,402.0)
(464.0,402.0)
(402.0,402.0)
(409.0,402.0)
(438.0,402.0)
(438.0,402.0)
(402.0,402.0)
(402.0,402.0)
(476.0,402.0)
(438.0,402.0)
(448.0,402.0)
(402.0,402.0)
(762.0,402.0)
(402.0,402.0)
(438.0,402.0)
(479.0,402.0)
(402.0,402.0)
(438.0,402.0)
(410.0,402.0)
(402.0,402.0)
(464.0,402.0)
(393.0,402.0)
(402.0,402.0)
(446.0,402.0)
(402.0,402.0)
(438.0,402.0)
(438.0,402.0)
(402.0,402.0)
(402.0,402.0)
(402.0,402.0)
(402.0,402.0)
(464.0,402.0)
(387.0,402.0)
(762.0,402.0)
(383.0,402.0)
(438.0,402.0)
(409.0,402.0)
(402.0,402.0)
(409.0,402.0)
(439.0,402.0)
(464.0,402.0)
(464.0,402.0)
(402.0,402.0)
(402.0,402.0)
(476.0,402.0)
(438.0,402.0)
(438.0,402.0)
(771.0,402.0)
(438.0,402.0)
(409.0,402.0)
(762.0,402.0)
(402.0,402.0)
(464.0,402.0)
(409.0,402.0)
(438.0,402.0)
(438.0,402.0)
(438.0,402.0)
(402.0,402.0)
(762.0,402.0)
(402.0,402.0)
(438.0,402.0)
(479.0,402.0)
(800.0,402.0)
(381.0,402.0)
(387.0,402.0)
(409.0,402.0)
(438.0,402.0)
(476.0,402.0)
(476.0,402.0)
(438.0,402.0)
(438.0,402.0)
(438.0,402.0)
(402.0,402.0)
(438.0,402.0)
(438.0,402.0)
(402.0,402.0)
(402.0,402.0)
(402.0,402.0)
(438.0,402.0)
(476.0,402.0)
(402.0,402.0)
(438.0,402.0)
(434.0,402.0)
(438.0,402.0)
(762.0,402.0)
(438.0,402.0)
(762.0,402.0)
(429.0,402.0)
(416.0,402.0)
(402.0,402.0)
(402.0,402.0)
(402.0,402.0)
(393.0,402.0)
(414.0,402.0)
(438.0,402.0)
(464.0,402.0)
(409.0,402.0)
(438.0,402.0)
(402.0,402.0)
(402.0,402.0)
(438.0,402.0)
(402.0,402.0)
(464.0,402.0)
(438.0,402.0)
(762.0,402.0)
(402.0,402.0)
(402.0,402.0)
(409.0,402.0)
(402.0,402.0)
(762.0,402.0)
(402.0,402.0)
(402.0,402.0)
(402.0,402.0)
(476.0,402.0)
(762.0,402.0)
(439.0,402.0)
(386.0,402.0)
(438.0,402.0)
(438.0,402.0)
(387.0,402.0)
(402.0,402.0)
(762.0,402.0)
(387.0,402.0)
(402.0,402.0)
(438.0,402.0)
(402.0,402.0)
(402.0,402.0)
(438.0,402.0)
(402.0,402.0)
(438.0,402.0)
(416.0,402.0)
(410.0,402.0)
(402.0,402.0)
(402.0,402.0)
(429.0,402.0)
(381.0,402.0)
(402.0,402.0)
(387.0,402.0)
(416.0,402.0)
(402.0,402.0)
(402.0,402.0)
(762.0,402.0)
(438.0,402.0)
(402.0,402.0)
(393.0,402.0)
(438.0,402.0)
(438.0,402.0)
(438.0,402.0)
(745.0,402.0)
(464.0,402.0)
(438.0,402.0)
(402.0,402.0)
(762.0,402.0)
(402.0,402.0)
(438.0,402.0)
(782.0,402.0)
(402.0,402.0)
(388.0,402.0)
(410.0,402.0)
(402.0,402.0)
(402.0,402.0)
(402.0,402.0)
(402.0,402.0)
(402.0,402.0)
(402.0,402.0)
(402.0,402.0)
(402.0,402.0)
(402.0,402.0)
(402.0,402.0)
(402.0,402.0)
(402.0,402.0)
(402.0,402.0)
(461.0,402.0)
(402.0,402.0)
(402.0,402.0)
(402.0,402.0)
(461.0,402.0)
(402.0,402.0)
(402.0,402.0)
(402.0,402.0)
(424.0,402.0)
(402.0,402.0)
(402.0,402.0)
(402.0,402.0)
(402.0,402.0)
(402.0,402.0)
(402.0,402.0)
(402.0,402.0)
(402.0,402.0)
(402.0,402.0)
(402.0,402.0)
(402.0,402.0)
(402.0,402.0)
(402.0,402.0)
(402.0,402.0)
(402.0,402.0)
(402.0,402.0)
(402.0,402.0)
(402.0,402.0)
(402.0,402.0)
(429.0,402.0)
(461.0,402.0)
(402.0,402.0)
(402.0,402.0)
(402.0,402.0)
(388.0,402.0)
(402.0,402.0)
(402.0,402.0)
(402.0,402.0)
(402.0,402.0)
(402.0,402.0)
(402.0,402.0)
(424.0,402.0)
(423.0,402.0)
(402.0,402.0)
(402.0,402.0)
(423.0,402.0)
(402.0,402.0)
(402.0,402.0)
(402.0,402.0)
(424.0,402.0)
(402.0,402.0)
(402.0,402.0)
(402.0,402.0)
(402.0,402.0)
(402.0,402.0)
(402.0,402.0)
(402.0,402.0)
(402.0,402.0)
(402.0,402.0)
(402.0,402.0)
(402.0,402.0)
(402.0,402.0)
(402.0,402.0)
(438.0,402.0)
(402.0,402.0)
(402.0,402.0)
(402.0,402.0)
(402.0,402.0)
(771.0,402.0)
(402.0,402.0)
(402.0,402.0)
(402.0,402.0)
(402.0,402.0)
(438.0,402.0)
(402.0,402.0)
(402.0,402.0)
(417.0,402.0)
(402.0,402.0)
(402.0,402.0)
(423.0,402.0)
(402.0,402.0)
(402.0,402.0)
(402.0,402.0)
(402.0,402.0)
(402.0,402.0)
(402.0,402.0)
(402.0,402.0)
(438.0,402.0)
(402.0,402.0)
(402.0,402.0)
(410.0,402.0)
(461.0,402.0)
(402.0,402.0)
(402.0,402.0)
(388.0,402.0)
(438.0,402.0)
(461.0,402.0)
(402.0,402.0)
(402.0,402.0)
(464.0,402.0)
(423.0,402.0)
(771.0,402.0)
(402.0,402.0)
(402.0,402.0)
(402.0,402.0)
(402.0,402.0)
(402.0,402.0)
(402.0,402.0)
(402.0,402.0)
(402.0,402.0)
(402.0,402.0)
(402.0,402.0)
(402.0,402.0)
(464.0,402.0)
(402.0,402.0)
(381.0,402.0)
(402.0,402.0)
(438.0,402.0)
(402.0,402.0)
(402.0,402.0)
(402.0,402.0)
(402.0,402.0)
(402.0,402.0)
(402.0,402.0)
(402.0,402.0)
(402.0,402.0)
(402.0,402.0)
(402.0,402.0)
(402.0,402.0)
(402.0,402.0)
(402.0,402.0)
(402.0,402.0)
(461.0,402.0)
(402.0,402.0)
(402.0,402.0)
(402.0,402.0)
(402.0,402.0)
(461.0,402.0)
(402.0,402.0)
(402.0,402.0)
(402.0,402.0)
(402.0,402.0)
(402.0,402.0)
(402.0,402.0)
(402.0,402.0)
(402.0,402.0)
(402.0,402.0)
(402.0,402.0)
(402.0,402.0)
(402.0,402.0)
(402.0,402.0)
(402.0,402.0)
(402.0,402.0)
(402.0,402.0)
(402.0,402.0)
(402.0,402.0)
(402.0,402.0)
(423.0,402.0)
(402.0,402.0)
(389.0,402.0)
(402.0,402.0)
(402.0,402.0)
(402.0,402.0)
(402.0,402.0)
(445.0,402.0)
(402.0,402.0)
(402.0,402.0)
(402.0,402.0)
(430.0,402.0)
(402.0,402.0)
(460.0,402.0)
(402.0,402.0)
(402.0,402.0)
(412.0,402.0)
(402.0,402.0)
(402.0,402.0)
(461.0,402.0)
(402.0,402.0)
(402.0,402.0)
(402.0,402.0)
(402.0,402.0)
(436.0,402.0)
(402.0,402.0)
(402.0,402.0)
(402.0,402.0)
(402.0,402.0)
(402.0,402.0)
(402.0,402.0)
(424.0,402.0)
(763.0,402.0)
(402.0,402.0)
(402.0,402.0)
(461.0,402.0)
(402.0,402.0)
(461.0,402.0)
(402.0,402.0)
(402.0,402.0)
(402.0,402.0)
(402.0,402.0)
(402.0,402.0)
(402.0,402.0)
(402.0,402.0)
(402.0,402.0)
(402.0,402.0)
(438.0,402.0)
(423.0,402.0)
(402.0,402.0)
(402.0,402.0)
(402.0,402.0)
(423.0,402.0)
(402.0,402.0)
(416.0,402.0)
(402.0,402.0)
(402.0,402.0)
(402.0,402.0)
(402.0,402.0)
(402.0,402.0)
(402.0,402.0)
(402.0,402.0)
(402.0,402.0)
(402.0,402.0)
(402.0,402.0)
(771.0,402.0)
(402.0,402.0)
(402.0,402.0)
(402.0,402.0)
(402.0,402.0)
(402.0,402.0)
(402.0,402.0)
(402.0,402.0)
(424.0,402.0)
(402.0,402.0)
(402.0,402.0)
(402.0,402.0)
(402.0,402.0)
(402.0,402.0)
(402.0,402.0)
(402.0,402.0)
(402.0,402.0)
(402.0,402.0)
(771.0,402.0)
(402.0,402.0)
(423.0,402.0)
(402.0,402.0)
(416.0,402.0)
(405.0,402.0)
(423.0,402.0)
(417.0,402.0)
(402.0,402.0)
(771.0,402.0)
(402.0,402.0)
(402.0,402.0)
(402.0,402.0)
(402.0,402.0)
(402.0,402.0)
(402.0,402.0)
(402.0,402.0)
(402.0,402.0)
(402.0,402.0)
(387.0,402.0)
(424.0,402.0)
(402.0,402.0)
(402.0,402.0)
(402.0,402.0)
(402.0,402.0)
(402.0,402.0)
(386.0,402.0)
(424.0,402.0)
(402.0,402.0)
(402.0,402.0)
(402.0,402.0)
(402.0,402.0)
(423.0,402.0)
(424.0,402.0)
(402.0,402.0)
(402.0,402.0)
(402.0,402.0)
(402.0,402.0)
(424.0,402.0)
(424.0,402.0)
(402.0,402.0)
(402.0,402.0)
(402.0,402.0)
(402.0,402.0)
(402.0,402.0)
(402.0,402.0)
(424.0,402.0)
(402.0,402.0)
(402.0,402.0)
(402.0,402.0)
(402.0,402.0)
(402.0,402.0)
(402.0,402.0)
(402.0,402.0)
(402.0,402.0)
(402.0,402.0)
(402.0,402.0)
(402.0,402.0)
(402.0,402.0)
(402.0,402.0)
(402.0,402.0)
(402.0,402.0)
(402.0,402.0)
(402.0,402.0)
(402.0,402.0)
(402.0,402.0)
(446.0,402.0)
(461.0,402.0)
(402.0,402.0)
(438.0,402.0)
(438.0,402.0)
(423.0,402.0)
(402.0,402.0)
(402.0,402.0)
(402.0,402.0)
(402.0,402.0)
(423.0,402.0)
(402.0,402.0)
(402.0,402.0)
(461.0,402.0)
(402.0,402.0)
(403.0,402.0)
(402.0,402.0)
(417.0,402.0)
(402.0,402.0)
(402.0,402.0)
(386.0,402.0)
(402.0,402.0)
(402.0,402.0)
(402.0,402.0)
(402.0,402.0)
(402.0,402.0)
(402.0,402.0)
(402.0,402.0)
(423.0,402.0)
(402.0,402.0)
(412.0,402.0)
(461.0,402.0)
(402.0,402.0)
(402.0,402.0)
(771.0,402.0)
(402.0,402.0)
(417.0,402.0)
(402.0,402.0)
(448.0,402.0)
(402.0,402.0)
(416.0,402.0)
(399.0,402.0)
(423.0,402.0)
(771.0,402.0)
(402.0,402.0)
(402.0,402.0)
(402.0,402.0)
(402.0,402.0)
(402.0,402.0)
(402.0,402.0)
(389.0,402.0)
(402.0,402.0)
(402.0,402.0)
(402.0,402.0)
(402.0,402.0)
(402.0,402.0)
(402.0,402.0)
(424.0,402.0)
(402.0,402.0)
(402.0,402.0)
(409.0,402.0)
(402.0,402.0)
(402.0,402.0)
(424.0,402.0)
(402.0,402.0)
(402.0,402.0)
(402.0,402.0)
(402.0,402.0)
(402.0,402.0)
(771.0,402.0)
(402.0,402.0)
(461.0,402.0)
(402.0,402.0)
(424.0,402.0)
(402.0,402.0)
(402.0,402.0)
(402.0,402.0)
(424.0,402.0)
(384.0,402.0)
(402.0,402.0)
(402.0,402.0)
(402.0,402.0)
(402.0,402.0)
(402.0,402.0)
(402.0,402.0)
(402.0,402.0)
(402.0,402.0)
(402.0,402.0)
(402.0,402.0)
(424.0,402.0)
(427.0,402.0)
(402.0,402.0)
(402.0,402.0)
(402.0,402.0)
(402.0,402.0)
(402.0,402.0)
(403.0,402.0)
(402.0,402.0)
(399.0,402.0)
(424.0,402.0)
(400.0,402.0)
(424.0,402.0)
(402.0,402.0)
(402.0,402.0)
(402.0,402.0)
(402.0,402.0)
(424.0,402.0)
(461.0,402.0)
(402.0,402.0)
(402.0,402.0)
