(262.0,679.0)
(676.0,679.0)
(725.0,679.0)
(725.0,679.0)
(262.0,679.0)
(725.0,679.0)
(262.0,679.0)
(725.0,679.0)
(674.0,679.0)
(262.0,679.0)
(674.0,679.0)
(617.0,679.0)
(617.0,679.0)
(676.0,679.0)
(262.0,679.0)
(674.0,679.0)
(725.0,679.0)
(674.0,679.0)
(617.0,679.0)
(262.0,679.0)
(262.0,679.0)
(617.0,679.0)
(262.0,679.0)
(262.0,679.0)
(668.0,679.0)
(725.0,679.0)
(262.0,679.0)
(676.0,679.0)
(262.0,679.0)
(676.0,679.0)
(676.0,679.0)
(674.0,679.0)
(617.0,679.0)
(676.0,679.0)
(262.0,679.0)
(674.0,679.0)
(617.0,679.0)
(123.0,679.0)
(123.0,679.0)
(617.0,679.0)
(617.0,679.0)
(617.0,679.0)
(617.0,679.0)
(617.0,679.0)
(172.0,679.0)
(123.0,679.0)
(617.0,679.0)
(123.0,679.0)
(123.0,679.0)
(617.0,679.0)
(617.0,679.0)
(617.0,679.0)
(123.0,679.0)
(123.0,679.0)
(617.0,679.0)
(617.0,679.0)
(617.0,679.0)
(123.0,679.0)
(617.0,679.0)
(617.0,679.0)
(617.0,679.0)
(617.0,679.0)
(617.0,679.0)
(617.0,679.0)
(123.0,679.0)
(123.0,679.0)
(617.0,679.0)
(123.0,679.0)
(617.0,679.0)
(617.0,679.0)
(123.0,679.0)
(617.0,679.0)
(617.0,679.0)
(617.0,679.0)
(617.0,679.0)
(123.0,679.0)
(617.0,679.0)
(617.0,679.0)
(617.0,679.0)
(123.0,679.0)
(123.0,679.0)
(617.0,679.0)
(123.0,679.0)
(172.0,679.0)
(617.0,679.0)
(123.0,679.0)
(617.0,679.0)
(617.0,679.0)
(123.0,679.0)
(617.0,679.0)
(617.0,679.0)
(617.0,679.0)
(123.0,679.0)
(617.0,679.0)
(617.0,679.0)
(617.0,679.0)
(617.0,679.0)
(123.0,679.0)
(617.0,679.0)
(617.0,679.0)
(617.0,679.0)
(617.0,679.0)
(617.0,679.0)
(617.0,679.0)
(123.0,679.0)
(617.0,679.0)
(123.0,679.0)
(617.0,679.0)
(617.0,679.0)
(617.0,679.0)
(123.0,679.0)
(617.0,679.0)
(617.0,679.0)
(617.0,679.0)
(617.0,679.0)
(617.0,679.0)
(617.0,679.0)
(123.0,679.0)
(123.0,679.0)
(617.0,679.0)
(617.0,679.0)
(617.0,679.0)
(617.0,679.0)
(123.0,679.0)
(123.0,679.0)
(123.0,679.0)
(617.0,679.0)
(617.0,679.0)
(123.0,679.0)
(123.0,679.0)
(617.0,679.0)
(617.0,679.0)
(617.0,679.0)
(123.0,679.0)
(617.0,679.0)
(172.0,679.0)
(123.0,679.0)
(617.0,679.0)
(617.0,679.0)
(617.0,679.0)
(617.0,679.0)
(617.0,679.0)
(617.0,679.0)
(617.0,679.0)
(617.0,679.0)
(123.0,679.0)
(617.0,679.0)
(617.0,679.0)
(123.0,679.0)
(617.0,679.0)
(617.0,679.0)
(617.0,679.0)
(617.0,679.0)
(123.0,679.0)
(172.0,679.0)
(617.0,679.0)
(212.0,679.0)
(395.0,679.0)
(784.0,679.0)
(121.0,679.0)
(287.0,679.0)
(528.0,679.0)
(519.0,679.0)
(613.0,679.0)
(121.0,679.0)
(479.0,679.0)
(287.0,679.0)
(309.0,679.0)
(479.0,679.0)
(287.0,679.0)
(287.0,679.0)
(417.0,679.0)
(267.0,679.0)
(309.0,679.0)
(305.0,679.0)
(479.0,679.0)
(305.0,679.0)
(676.0,679.0)
(85.0,679.0)
(305.0,679.0)
(286.0,679.0)
(305.0,679.0)
(333.0,679.0)
(417.0,679.0)
(340.0,679.0)
(784.0,679.0)
(660.0,679.0)
(682.0,679.0)
(447.0,679.0)
(309.0,679.0)
(417.0,679.0)
(479.0,679.0)
(417.0,679.0)
(302.0,679.0)
(305.0,679.0)
(102.0,679.0)
(479.0,679.0)
(309.0,679.0)
(479.0,679.0)
(413.0,679.0)
(479.0,679.0)
(784.0,679.0)
(530.0,679.0)
(20.0,679.0)
(287.0,679.0)
(85.0,679.0)
(287.0,679.0)
(287.0,679.0)
(475.0,679.0)
(305.0,679.0)
(660.0,679.0)
(305.0,679.0)
(613.0,679.0)
(726.0,679.0)
(417.0,679.0)
(305.0,679.0)
(713.0,679.0)
(395.0,679.0)
(226.0,679.0)
(687.0,679.0)
(354.0,679.0)
(417.0,679.0)
(287.0,679.0)
(399.0,679.0)
(287.0,679.0)
(387.0,679.0)
(447.0,679.0)
(686.0,679.0)
(305.0,679.0)
(305.0,679.0)
(43.0,679.0)
(305.0,679.0)
(212.0,679.0)
(305.0,679.0)
(395.0,679.0)
(406.0,679.0)
(713.0,276.0)
(519.0,276.0)
(723.0,276.0)
(519.0,276.0)
(212.0,276.0)
(417.0,276.0)
(219.0,276.0)
(305.0,276.0)
(287.0,276.0)
(309.0,276.0)
(219.0,276.0)
(305.0,276.0)
(309.0,276.0)
(309.0,276.0)
(287.0,276.0)
(212.0,276.0)
(417.0,276.0)
(305.0,276.0)
(305.0,276.0)
(645.0,276.0)
(305.0,276.0)
(219.0,276.0)
(300.0,276.0)
(212.0,276.0)
(309.0,276.0)
(305.0,276.0)
(31.0,276.0)
(417.0,276.0)
(309.0,276.0)
(613.0,276.0)
(287.0,276.0)
(723.0,276.0)
(267.0,276.0)
(323.0,276.0)
(280.0,276.0)
(85.0,276.0)
(305.0,276.0)
(417.0,276.0)
(689.0,276.0)
(417.0,276.0)
(417.0,276.0)
(305.0,276.0)
(212.0,276.0)
(305.0,276.0)
(713.0,276.0)
(380.0,276.0)
(305.0,276.0)
(417.0,276.0)
(264.0,276.0)
(287.0,276.0)
(309.0,276.0)
(219.0,276.0)
(638.0,276.0)
(417.0,276.0)
(305.0,276.0)
(212.0,276.0)
(305.0,276.0)
(305.0,276.0)
(328.0,276.0)
(305.0,276.0)
(302.0,276.0)
(287.0,276.0)
(280.0,276.0)
(301.0,276.0)
(286.0,276.0)
(447.0,276.0)
(305.0,276.0)
(287.0,276.0)
(287.0,276.0)
(417.0,276.0)
(287.0,276.0)
(417.0,276.0)
(530.0,276.0)
(212.0,276.0)
(417.0,276.0)
(328.0,276.0)
(85.0,276.0)
(481.0,276.0)
(305.0,276.0)
(417.0,276.0)
(212.0,276.0)
(660.0,276.0)
(287.0,276.0)
(305.0,276.0)
(305.0,276.0)
(594.0,276.0)
(305.0,276.0)
(519.0,276.0)
(287.0,276.0)
(689.0,276.0)
(481.0,276.0)
(417.0,276.0)
(39.0,276.0)
(417.0,276.0)
(417.0,276.0)
(323.0,276.0)
(287.0,276.0)
(417.0,276.0)
(286.0,276.0)
(323.0,276.0)
(287.0,276.0)
(417.0,276.0)
(309.0,276.0)
(417.0,276.0)
(305.0,276.0)
(417.0,276.0)
(212.0,276.0)
(417.0,276.0)
(212.0,276.0)
(239.0,276.0)
(305.0,276.0)
(519.0,276.0)
(271.0,280.0)
(278.0,280.0)
(301.0,280.0)
(280.0,280.0)
(301.0,280.0)
(280.0,280.0)
(280.0,280.0)
(278.0,280.0)
(278.0,280.0)
(280.0,280.0)
(280.0,280.0)
(723.0,280.0)
(278.0,280.0)
(278.0,280.0)
(280.0,280.0)
(301.0,280.0)
(278.0,280.0)
(278.0,280.0)
(723.0,280.0)
(271.0,280.0)
(278.0,280.0)
(301.0,280.0)
(280.0,280.0)
(271.0,280.0)
(278.0,280.0)
(278.0,280.0)
(723.0,280.0)
(280.0,280.0)
(278.0,280.0)
(280.0,280.0)
(278.0,280.0)
(280.0,280.0)
(723.0,280.0)
(278.0,280.0)
(278.0,280.0)
(280.0,280.0)
(280.0,280.0)
(271.0,280.0)
(271.0,280.0)
(278.0,280.0)
(278.0,280.0)
(280.0,280.0)
(278.0,280.0)
(280.0,280.0)
(280.0,280.0)
(723.0,280.0)
(271.0,280.0)
(278.0,280.0)
(280.0,280.0)
(278.0,280.0)
(278.0,280.0)
(278.0,280.0)
(301.0,280.0)
(280.0,280.0)
(278.0,280.0)
(278.0,280.0)
(278.0,280.0)
(278.0,280.0)
(278.0,280.0)
(280.0,280.0)
(723.0,280.0)
(278.0,280.0)
(271.0,280.0)
(271.0,280.0)
(278.0,280.0)
(278.0,280.0)
(280.0,280.0)
(301.0,280.0)
(280.0,280.0)
(280.0,280.0)
(278.0,280.0)
(280.0,280.0)
(280.0,280.0)
(723.0,280.0)
(280.0,280.0)
(280.0,280.0)
(278.0,280.0)
(278.0,280.0)
(280.0,280.0)
(280.0,280.0)
(301.0,280.0)
(278.0,280.0)
(278.0,280.0)
(278.0,280.0)
(271.0,280.0)
(280.0,280.0)
(723.0,280.0)
(278.0,280.0)
(271.0,280.0)
(278.0,280.0)
(271.0,280.0)
(280.0,280.0)
(280.0,280.0)
(278.0,280.0)
(723.0,280.0)
(280.0,280.0)
(278.0,280.0)
(278.0,280.0)
(278.0,280.0)
(301.0,280.0)
(301.0,280.0)
(280.0,280.0)
(278.0,280.0)
(280.0,280.0)
(278.0,280.0)
(723.0,280.0)
(271.0,280.0)
(278.0,280.0)
(278.0,280.0)
(280.0,280.0)
(301.0,280.0)
(301.0,280.0)
(278.0,280.0)
(278.0,280.0)
(301.0,280.0)
(723.0,280.0)
(278.0,280.0)
(301.0,280.0)
(280.0,280.0)
(280.0,280.0)
(278.0,280.0)
(723.0,280.0)
(280.0,280.0)
(278.0,280.0)
(278.0,280.0)
(301.0,280.0)
(280.0,280.0)
(278.0,280.0)
(280.0,280.0)
(723.0,280.0)
(723.0,280.0)
(280.0,280.0)
(723.0,280.0)
(280.0,280.0)
(280.0,280.0)
(280.0,280.0)
(280.0,280.0)
(723.0,280.0)
(278.0,280.0)
(280.0,280.0)
(278.0,280.0)
(278.0,280.0)
(301.0,280.0)
(280.0,280.0)
(723.0,280.0)
(280.0,280.0)
(271.0,280.0)
(301.0,280.0)
(723.0,280.0)
(723.0,280.0)
(278.0,280.0)
(280.0,280.0)
(301.0,280.0)
(278.0,280.0)
(723.0,280.0)
(278.0,280.0)
(280.0,280.0)
(280.0,280.0)
(271.0,280.0)
(280.0,280.0)
(301.0,280.0)
(280.0,280.0)
(278.0,280.0)
(280.0,280.0)
(278.0,280.0)
(278.0,280.0)
(301.0,280.0)
(278.0,280.0)
(278.0,280.0)
(280.0,280.0)
(278.0,280.0)
(278.0,280.0)
(723.0,280.0)
(278.0,280.0)
(723.0,280.0)
(278.0,280.0)
(278.0,280.0)
(278.0,280.0)
(280.0,280.0)
(280.0,280.0)
(271.0,280.0)
(723.0,280.0)
(280.0,280.0)
(723.0,280.0)
(280.0,280.0)
(278.0,280.0)
(301.0,280.0)
(301.0,280.0)
(278.0,280.0)
(278.0,280.0)
(278.0,280.0)
(280.0,280.0)
(280.0,280.0)
(723.0,280.0)
(271.0,280.0)
(278.0,280.0)
(278.0,280.0)
(278.0,280.0)
(280.0,280.0)
(278.0,280.0)
(301.0,280.0)
(280.0,280.0)
(278.0,280.0)
(280.0,280.0)
(280.0,280.0)
(278.0,280.0)
(278.0,280.0)
(280.0,280.0)
(280.0,280.0)
(301.0,280.0)
(278.0,280.0)
(278.0,280.0)
(280.0,280.0)
(301.0,280.0)
(278.0,280.0)
(278.0,280.0)
(301.0,280.0)
(280.0,280.0)
(278.0,280.0)
(301.0,280.0)
(280.0,280.0)
(280.0,280.0)
(278.0,280.0)
(278.0,280.0)
(301.0,280.0)
(280.0,280.0)
(280.0,280.0)
(280.0,280.0)
(278.0,280.0)
(280.0,280.0)
(301.0,280.0)
(278.0,280.0)
(278.0,280.0)
(280.0,280.0)
(280.0,280.0)
(280.0,280.0)
(280.0,280.0)
(278.0,280.0)
(280.0,280.0)
(280.0,280.0)
(278.0,280.0)
(280.0,280.0)
(280.0,280.0)
(301.0,280.0)
(280.0,280.0)
(278.0,280.0)
(280.0,280.0)
(278.0,280.0)
(278.0,280.0)
(278.0,280.0)
(301.0,280.0)
(280.0,280.0)
(278.0,280.0)
(278.0,280.0)
(278.0,280.0)
(278.0,280.0)
(278.0,280.0)
(280.0,280.0)
(301.0,280.0)
(278.0,280.0)
(280.0,280.0)
(280.0,280.0)
(278.0,280.0)
(278.0,280.0)
(280.0,280.0)
(278.0,280.0)
(280.0,280.0)
(280.0,280.0)
(278.0,280.0)
(280.0,280.0)
(280.0,280.0)
(301.0,280.0)
(280.0,280.0)
(280.0,280.0)
(278.0,280.0)
(278.0,280.0)
(280.0,280.0)
(280.0,280.0)
(301.0,280.0)
(278.0,280.0)
(278.0,280.0)
(278.0,280.0)
(280.0,280.0)
(280.0,280.0)
(301.0,280.0)
(278.0,280.0)
(280.0,280.0)
(278.0,280.0)
(280.0,280.0)
(280.0,280.0)
(280.0,280.0)
(278.0,280.0)
(301.0,280.0)
(280.0,280.0)
(278.0,280.0)
(278.0,280.0)
(278.0,280.0)
(301.0,280.0)
(301.0,280.0)
(280.0,280.0)
(278.0,280.0)
(280.0,280.0)
(278.0,280.0)
(301.0,280.0)
(280.0,280.0)
(278.0,280.0)
(278.0,280.0)
(280.0,280.0)
(301.0,280.0)
(301.0,280.0)
(278.0,280.0)
(278.0,280.0)
(278.0,280.0)
(301.0,280.0)
(278.0,280.0)
(301.0,280.0)
(280.0,280.0)
(280.0,280.0)
(278.0,280.0)
(301.0,280.0)
(280.0,280.0)
(278.0,280.0)
(278.0,280.0)
(301.0,280.0)
(280.0,280.0)
(278.0,280.0)
(280.0,280.0)
(301.0,280.0)
(301.0,280.0)
(280.0,280.0)
(301.0,280.0)
(280.0,280.0)
(280.0,280.0)
(280.0,280.0)
(280.0,280.0)
(301.0,280.0)
(278.0,280.0)
(280.0,280.0)
(278.0,280.0)
(280.0,280.0)
(301.0,280.0)
(280.0,280.0)
(301.0,280.0)
(280.0,280.0)
(280.0,280.0)
(301.0,280.0)
(301.0,280.0)
(301.0,280.0)
(280.0,280.0)
(280.0,280.0)
(301.0,280.0)
(278.0,280.0)
(301.0,280.0)
(278.0,280.0)
(280.0,280.0)
(280.0,280.0)
(280.0,280.0)
(280.0,280.0)
(278.0,280.0)
(280.0,280.0)
(278.0,280.0)
(280.0,280.0)
(278.0,280.0)
(278.0,280.0)
(301.0,280.0)
(278.0,280.0)
(278.0,280.0)
(280.0,280.0)
(278.0,280.0)
(278.0,280.0)
(301.0,280.0)
(278.0,280.0)
(301.0,280.0)
(278.0,280.0)
(278.0,280.0)
(278.0,280.0)
(280.0,280.0)
(280.0,280.0)
(280.0,280.0)
(301.0,280.0)
(280.0,280.0)
(301.0,280.0)
(280.0,280.0)
(278.0,280.0)
(301.0,280.0)
(301.0,280.0)
(278.0,280.0)
(280.0,280.0)
(278.0,280.0)
(280.0,280.0)
(280.0,280.0)
(280.0,280.0)
(280.0,280.0)
(278.0,280.0)
(278.0,280.0)
(278.0,280.0)
(335.0,280.0)
(335.0,280.0)
(335.0,280.0)
(335.0,280.0)
(690.0,280.0)
(335.0,280.0)
(727.0,280.0)
(335.0,280.0)
(335.0,280.0)
(335.0,280.0)
(727.0,280.0)
(335.0,280.0)
(727.0,280.0)
(335.0,280.0)
(727.0,280.0)
(335.0,280.0)
(335.0,280.0)
(335.0,280.0)
(727.0,280.0)
(335.0,280.0)
(335.0,280.0)
(335.0,280.0)
(335.0,280.0)
(335.0,280.0)
(335.0,280.0)
(335.0,280.0)
(335.0,280.0)
(727.0,280.0)
(727.0,280.0)
(335.0,280.0)
(335.0,280.0)
(727.0,280.0)
(335.0,280.0)
(727.0,280.0)
(727.0,280.0)
(335.0,280.0)
(335.0,280.0)
(335.0,280.0)
(335.0,280.0)
(335.0,280.0)
(727.0,280.0)
(690.0,280.0)
(727.0,280.0)
(335.0,280.0)
(335.0,280.0)
(335.0,280.0)
(280.0,280.0)
(280.0,280.0)
(280.0,280.0)
(280.0,280.0)
(280.0,280.0)
(280.0,280.0)
(280.0,280.0)
(280.0,280.0)
(278.0,280.0)
(280.0,280.0)
(280.0,280.0)
(280.0,280.0)
(280.0,280.0)
(278.0,280.0)
(280.0,280.0)
(280.0,280.0)
(280.0,280.0)
(280.0,280.0)
(278.0,280.0)
(280.0,280.0)
(720.0,280.0)
(278.0,280.0)
(280.0,280.0)
(280.0,280.0)
(280.0,280.0)
(278.0,280.0)
(278.0,280.0)
(280.0,280.0)
(280.0,280.0)
(280.0,280.0)
(280.0,280.0)
(278.0,280.0)
(280.0,280.0)
(280.0,280.0)
(278.0,280.0)
(278.0,280.0)
(280.0,280.0)
(280.0,280.0)
(280.0,280.0)
(280.0,280.0)
(280.0,280.0)
(280.0,280.0)
(280.0,280.0)
(278.0,280.0)
(280.0,280.0)
(280.0,280.0)
(316.0,280.0)
(280.0,280.0)
(280.0,280.0)
(280.0,280.0)
(278.0,280.0)
(280.0,280.0)
(278.0,280.0)
(280.0,280.0)
(280.0,280.0)
(280.0,280.0)
(278.0,280.0)
(278.0,280.0)
(278.0,280.0)
(278.0,280.0)
(280.0,280.0)
(280.0,280.0)
(278.0,280.0)
(280.0,280.0)
(280.0,280.0)
(278.0,280.0)
(278.0,280.0)
(280.0,280.0)
(280.0,280.0)
(280.0,280.0)
(280.0,280.0)
(278.0,280.0)
(280.0,280.0)
(280.0,280.0)
(280.0,280.0)
(280.0,280.0)
(280.0,280.0)
(278.0,280.0)
(278.0,280.0)
(280.0,280.0)
(280.0,280.0)
(280.0,280.0)
(278.0,280.0)
(278.0,280.0)
(278.0,280.0)
(280.0,280.0)
(280.0,280.0)
(280.0,280.0)
(280.0,280.0)
(280.0,280.0)
(278.0,280.0)
(280.0,280.0)
(280.0,280.0)
(280.0,280.0)
(278.0,280.0)
(280.0,280.0)
(280.0,280.0)
(278.0,280.0)
(278.0,280.0)
(278.0,280.0)
(280.0,280.0)
(280.0,280.0)
(280.0,280.0)
(278.0,280.0)
(280.0,280.0)
(278.0,280.0)
(280.0,280.0)
(280.0,280.0)
(278.0,280.0)
(280.0,280.0)
(280.0,280.0)
(280.0,280.0)
(280.0,280.0)
(280.0,280.0)
(278.0,280.0)
(280.0,280.0)
(280.0,280.0)
(278.0,280.0)
(280.0,280.0)
(280.0,280.0)
(280.0,280.0)
(278.0,280.0)
(280.0,280.0)
(280.0,280.0)
(278.0,280.0)
(278.0,280.0)
(280.0,280.0)
(182.0,280.0)
(278.0,280.0)
(280.0,280.0)
(280.0,280.0)
(280.0,280.0)
(280.0,280.0)
(280.0,280.0)
(280.0,280.0)
(280.0,280.0)
(280.0,280.0)
(280.0,280.0)
(280.0,280.0)
(280.0,280.0)
(280.0,280.0)
(278.0,280.0)
(280.0,280.0)
(280.0,280.0)
(280.0,280.0)
(280.0,280.0)
(280.0,280.0)
(280.0,280.0)
(280.0,280.0)
(280.0,280.0)
(280.0,280.0)
(280.0,280.0)
(280.0,280.0)
(280.0,280.0)
(278.0,280.0)
(280.0,280.0)
(278.0,280.0)
(280.0,280.0)
(280.0,280.0)
(280.0,280.0)
(280.0,280.0)
(280.0,280.0)
(280.0,280.0)
(280.0,280.0)
(280.0,280.0)
(280.0,280.0)
(280.0,280.0)
(280.0,280.0)
(280.0,280.0)
(278.0,280.0)
(278.0,280.0)
(280.0,280.0)
(278.0,280.0)
(278.0,280.0)
(280.0,280.0)
(280.0,280.0)
(280.0,280.0)
(280.0,280.0)
(278.0,280.0)
(278.0,280.0)
(280.0,280.0)
(280.0,280.0)
(280.0,280.0)
(280.0,280.0)
(280.0,280.0)
(280.0,280.0)
(280.0,280.0)
(278.0,280.0)
(280.0,280.0)
(280.0,280.0)
(278.0,280.0)
(280.0,280.0)
(278.0,280.0)
(280.0,280.0)
(280.0,280.0)
(280.0,280.0)
(280.0,280.0)
(278.0,280.0)
(278.0,280.0)
(280.0,280.0)
(323.0,280.0)
(784.0,280.0)
(280.0,280.0)
(212.0,280.0)
(45.0,280.0)
(328.0,280.0)
(684.0,280.0)
(645.0,280.0)
(723.0,280.0)
(280.0,280.0)
(305.0,280.0)
(287.0,280.0)
(280.0,280.0)
(328.0,280.0)
(31.0,280.0)
(280.0,280.0)
(645.0,280.0)
(287.0,280.0)
(280.0,280.0)
(287.0,280.0)
(645.0,280.0)
(417.0,280.0)
(613.0,280.0)
(280.0,280.0)
(323.0,280.0)
(280.0,280.0)
(519.0,280.0)
(280.0,280.0)
(305.0,280.0)
(219.0,280.0)
(287.0,280.0)
(354.0,280.0)
(286.0,280.0)
(417.0,280.0)
(305.0,280.0)
(219.0,280.0)
(645.0,280.0)
(641.0,280.0)
(660.0,280.0)
(417.0,280.0)
(212.0,280.0)
(280.0,280.0)
(645.0,280.0)
(713.0,280.0)
(219.0,280.0)
(305.0,280.0)
(102.0,280.0)
(280.0,280.0)
(287.0,280.0)
(613.0,280.0)
(226.0,280.0)
(280.0,280.0)
(278.0,280.0)
(278.0,280.0)
(280.0,280.0)
(280.0,280.0)
(280.0,280.0)
(278.0,280.0)
(301.0,280.0)
(275.0,280.0)
(279.0,280.0)
(279.0,280.0)
(301.0,280.0)
(279.0,280.0)
(279.0,280.0)
(275.0,280.0)
(278.0,280.0)
(279.0,280.0)
(280.0,280.0)
(279.0,280.0)
(279.0,280.0)
(280.0,280.0)
(278.0,280.0)
(275.0,280.0)
(280.0,280.0)
(279.0,280.0)
(301.0,280.0)
(280.0,280.0)
(280.0,280.0)
(279.0,280.0)
(279.0,280.0)
(279.0,280.0)
(279.0,280.0)
(278.0,280.0)
(279.0,280.0)
(275.0,280.0)
(280.0,280.0)
(279.0,280.0)
(280.0,280.0)
(278.0,280.0)
(279.0,280.0)
(279.0,280.0)
(275.0,280.0)
(279.0,280.0)
(279.0,280.0)
(280.0,280.0)
(280.0,280.0)
(279.0,280.0)
(278.0,280.0)
(278.0,280.0)
(278.0,280.0)
(280.0,280.0)
(279.0,280.0)
(275.0,280.0)
(279.0,280.0)
(279.0,280.0)
(278.0,280.0)
(278.0,280.0)
(278.0,280.0)
(278.0,280.0)
(279.0,280.0)
(301.0,280.0)
(279.0,280.0)
(279.0,280.0)
(275.0,280.0)
(279.0,280.0)
(278.0,280.0)
(280.0,280.0)
(301.0,280.0)
(275.0,280.0)
(280.0,280.0)
(280.0,280.0)
(280.0,280.0)
(280.0,280.0)
(278.0,280.0)
(278.0,280.0)
(278.0,280.0)
(279.0,280.0)
(301.0,280.0)
(275.0,280.0)
(278.0,280.0)
(301.0,280.0)
(279.0,280.0)
(278.0,280.0)
(279.0,280.0)
(279.0,280.0)
(278.0,280.0)
(301.0,280.0)
(279.0,280.0)
(279.0,280.0)
(278.0,280.0)
(275.0,280.0)
(279.0,280.0)
(279.0,280.0)
(279.0,280.0)
(275.0,280.0)
(275.0,280.0)
(301.0,280.0)
(278.0,280.0)
(280.0,280.0)
(275.0,280.0)
(279.0,280.0)
(667.0,680.0)
(685.0,680.0)
(299.0,680.0)
(667.0,680.0)
(299.0,680.0)
(667.0,680.0)
(277.0,680.0)
(684.0,680.0)
(301.0,680.0)
(301.0,680.0)
(667.0,680.0)
(667.0,680.0)
(299.0,680.0)
(301.0,680.0)
(301.0,680.0)
(667.0,680.0)
(299.0,680.0)
(685.0,680.0)
(301.0,680.0)
(299.0,680.0)
(667.0,680.0)
(299.0,680.0)
(299.0,680.0)
(667.0,680.0)
(667.0,680.0)
(301.0,680.0)
(299.0,680.0)
(299.0,680.0)
(667.0,680.0)
(667.0,680.0)
(285.0,680.0)
(301.0,680.0)
(667.0,680.0)
(299.0,680.0)
(299.0,680.0)
(301.0,680.0)
(667.0,680.0)
(667.0,680.0)
(299.0,680.0)
(667.0,680.0)
(685.0,680.0)
(305.0,680.0)
(299.0,680.0)
(685.0,680.0)
(667.0,680.0)
(285.0,680.0)
(123.0,680.0)
(667.0,680.0)
(685.0,680.0)
(667.0,680.0)
(301.0,680.0)
(301.0,680.0)
(299.0,680.0)
(123.0,680.0)
(667.0,680.0)
(301.0,680.0)
(301.0,680.0)
(301.0,680.0)
(301.0,680.0)
(301.0,680.0)
(667.0,680.0)
(299.0,680.0)
(301.0,680.0)
(667.0,680.0)
(667.0,680.0)
(299.0,680.0)
(299.0,680.0)
(667.0,680.0)
(299.0,680.0)
(299.0,680.0)
(305.0,680.0)
(279.0,680.0)
(299.0,680.0)
(667.0,680.0)
(667.0,680.0)
(299.0,680.0)
(667.0,680.0)
(667.0,680.0)
(301.0,680.0)
(299.0,680.0)
(667.0,680.0)
(279.0,680.0)
(299.0,680.0)
(301.0,680.0)
(299.0,680.0)
(301.0,680.0)
(667.0,680.0)
(285.0,680.0)
(299.0,680.0)
(301.0,680.0)
(299.0,680.0)
(299.0,680.0)
(667.0,680.0)
(667.0,680.0)
(667.0,680.0)
(299.0,680.0)
(299.0,680.0)
(305.0,680.0)
(299.0,680.0)
(301.0,680.0)
(301.0,680.0)
(667.0,680.0)
(299.0,680.0)
(299.0,680.0)
(667.0,680.0)
(301.0,680.0)
(667.0,680.0)
(299.0,680.0)
(299.0,680.0)
(299.0,680.0)
(299.0,680.0)
(301.0,680.0)
(667.0,680.0)
(299.0,680.0)
(299.0,680.0)
(301.0,680.0)
(301.0,680.0)
(299.0,680.0)
(299.0,680.0)
(299.0,680.0)
(299.0,680.0)
(667.0,680.0)
(667.0,680.0)
(299.0,680.0)
(123.0,680.0)
(667.0,680.0)
(299.0,680.0)
(667.0,680.0)
(301.0,680.0)
(299.0,680.0)
(667.0,680.0)
(301.0,680.0)
(667.0,680.0)
(299.0,680.0)
(299.0,680.0)
(667.0,680.0)
(299.0,680.0)
(667.0,680.0)
(667.0,680.0)
(667.0,680.0)
(279.0,680.0)
(305.0,680.0)
(301.0,680.0)
(667.0,680.0)
(301.0,680.0)
(285.0,680.0)
(299.0,680.0)
(285.0,680.0)
(299.0,680.0)
(667.0,680.0)
(667.0,680.0)
(617.0,680.0)
(123.0,680.0)
(299.0,680.0)
(667.0,680.0)
(667.0,680.0)
(299.0,680.0)
(305.0,680.0)
(299.0,680.0)
(299.0,680.0)
(299.0,680.0)
(667.0,680.0)
(667.0,680.0)
(667.0,680.0)
(667.0,680.0)
(299.0,680.0)
(667.0,680.0)
(301.0,680.0)
(279.0,680.0)
(299.0,680.0)
(301.0,680.0)
(301.0,680.0)
(299.0,680.0)
(299.0,680.0)
(301.0,680.0)
(667.0,680.0)
(301.0,680.0)
(299.0,680.0)
(299.0,680.0)
(685.0,680.0)
(299.0,680.0)
(685.0,680.0)
(299.0,680.0)
(299.0,680.0)
(667.0,680.0)
(667.0,680.0)
(667.0,680.0)
(299.0,680.0)
(667.0,680.0)
(299.0,680.0)
(667.0,680.0)
(301.0,680.0)
(299.0,680.0)
(299.0,680.0)
(301.0,680.0)
(285.0,680.0)
(305.0,680.0)
(667.0,680.0)
(667.0,680.0)
(123.0,680.0)
(190.0,681.0)
(301.0,681.0)
(190.0,681.0)
(301.0,681.0)
(190.0,681.0)
(271.0,681.0)
(271.0,681.0)
(190.0,681.0)
(287.0,681.0)
(190.0,681.0)
(287.0,681.0)
(190.0,681.0)
(347.0,681.0)
(287.0,681.0)
(190.0,681.0)
(190.0,681.0)
(347.0,681.0)
(302.0,681.0)
(190.0,681.0)
(190.0,681.0)
(190.0,681.0)
(190.0,681.0)
(287.0,681.0)
(347.0,681.0)
(190.0,681.0)
(190.0,681.0)
(299.0,681.0)
(347.0,681.0)
(190.0,681.0)
(190.0,681.0)
(271.0,681.0)
(190.0,681.0)
(302.0,681.0)
(190.0,681.0)
(190.0,681.0)
(299.0,681.0)
(302.0,681.0)
(190.0,681.0)
(271.0,681.0)
(190.0,681.0)
(281.0,681.0)
(347.0,681.0)
(347.0,681.0)
(190.0,681.0)
(301.0,681.0)
(287.0,681.0)
(190.0,681.0)
(347.0,681.0)
(190.0,681.0)
(190.0,681.0)
(190.0,681.0)
(190.0,681.0)
(347.0,681.0)
(190.0,681.0)
(190.0,681.0)
(287.0,681.0)
(347.0,681.0)
(190.0,681.0)
(190.0,681.0)
(347.0,681.0)
(347.0,681.0)
(190.0,681.0)
(190.0,681.0)
(271.0,681.0)
(347.0,681.0)
(287.0,681.0)
(190.0,681.0)
(287.0,681.0)
(301.0,681.0)
(271.0,681.0)
(190.0,681.0)
(347.0,681.0)
(299.0,681.0)
(347.0,681.0)
(190.0,681.0)
(301.0,681.0)
(301.0,681.0)
(301.0,681.0)
(287.0,681.0)
(347.0,681.0)
(302.0,681.0)
(190.0,681.0)
(190.0,681.0)
(347.0,681.0)
(302.0,681.0)
(190.0,681.0)
(287.0,681.0)
(271.0,681.0)
(287.0,681.0)
(190.0,681.0)
(271.0,681.0)
(287.0,681.0)
(190.0,681.0)
(271.0,681.0)
(190.0,681.0)
(271.0,681.0)
(190.0,681.0)
(287.0,681.0)
(190.0,681.0)
(190.0,681.0)
(287.0,681.0)
(190.0,681.0)
(190.0,681.0)
(190.0,681.0)
(302.0,681.0)
(302.0,681.0)
(190.0,681.0)
(190.0,681.0)
(287.0,681.0)
(287.0,681.0)
(347.0,681.0)
(287.0,681.0)
(347.0,681.0)
(190.0,681.0)
(190.0,681.0)
(190.0,681.0)
(190.0,681.0)
(301.0,681.0)
(190.0,681.0)
(190.0,681.0)
(287.0,681.0)
(347.0,681.0)
(190.0,681.0)
(347.0,681.0)
(287.0,681.0)
(299.0,681.0)
(347.0,681.0)
(190.0,681.0)
(190.0,681.0)
(190.0,681.0)
(190.0,681.0)
(190.0,681.0)
(287.0,681.0)
(301.0,681.0)
(190.0,681.0)
(287.0,681.0)
(271.0,681.0)
(190.0,681.0)
(302.0,681.0)
(190.0,681.0)
(287.0,682.0)
(305.0,682.0)
(482.0,682.0)
(31.0,682.0)
(119.0,682.0)
(300.0,682.0)
(287.0,682.0)
(305.0,682.0)
(280.0,682.0)
(287.0,682.0)
(519.0,682.0)
(645.0,682.0)
(40.0,682.0)
(305.0,682.0)
(519.0,682.0)
(354.0,682.0)
(287.0,682.0)
(613.0,682.0)
(433.0,682.0)
(417.0,682.0)
(479.0,682.0)
(380.0,682.0)
(455.0,682.0)
(300.0,682.0)
(417.0,682.0)
(417.0,682.0)
(280.0,682.0)
(300.0,682.0)
(519.0,682.0)
(305.0,682.0)
(645.0,682.0)
(354.0,682.0)
(287.0,682.0)
(417.0,682.0)
(309.0,682.0)
(287.0,682.0)
(309.0,682.0)
(417.0,682.0)
(417.0,682.0)
(212.0,682.0)
(287.0,682.0)
(327.0,682.0)
(645.0,682.0)
(239.0,682.0)
(305.0,682.0)
(479.0,682.0)
(280.0,682.0)
(684.0,682.0)
(417.0,682.0)
(38.0,682.0)
(305.0,682.0)
(280.0,682.0)
(305.0,682.0)
(300.0,682.0)
(328.0,682.0)
(684.0,682.0)
(280.0,682.0)
(287.0,682.0)
(305.0,682.0)
(417.0,682.0)
(280.0,682.0)
(280.0,682.0)
(280.0,682.0)
(219.0,682.0)
(417.0,682.0)
(300.0,682.0)
(417.0,682.0)
(300.0,682.0)
(706.0,682.0)
(212.0,682.0)
(212.0,682.0)
(328.0,682.0)
(613.0,682.0)
(417.0,682.0)
(708.0,682.0)
(328.0,682.0)
(684.0,686.0)
(684.0,686.0)
(287.0,686.0)
(287.0,686.0)
(287.0,686.0)
(287.0,686.0)
(684.0,686.0)
(287.0,686.0)
(287.0,686.0)
(684.0,686.0)
(287.0,686.0)
(287.0,686.0)
(287.0,686.0)
(684.0,686.0)
(684.0,686.0)
(684.0,686.0)
(287.0,686.0)
(684.0,686.0)
(287.0,686.0)
(287.0,686.0)
(684.0,686.0)
(287.0,686.0)
(287.0,686.0)
(287.0,686.0)
(684.0,686.0)
(684.0,686.0)
(684.0,686.0)
(287.0,686.0)
(287.0,686.0)
(287.0,686.0)
(287.0,686.0)
(684.0,686.0)
(684.0,686.0)
(684.0,686.0)
(684.0,686.0)
(287.0,686.0)
(684.0,686.0)
(287.0,686.0)
(686.0,686.0)
(305.0,686.0)
(684.0,686.0)
(536.0,686.0)
(684.0,686.0)
(299.0,686.0)
(299.0,686.0)
(536.0,686.0)
(305.0,686.0)
(536.0,686.0)
(299.0,686.0)
(299.0,686.0)
(684.0,686.0)
(305.0,686.0)
(536.0,686.0)
(287.0,686.0)
(684.0,686.0)
(536.0,686.0)
(305.0,686.0)
(536.0,686.0)
(686.0,686.0)
(299.0,686.0)
(684.0,686.0)
(287.0,686.0)
(299.0,686.0)
(305.0,686.0)
(299.0,686.0)
(684.0,686.0)
(287.0,686.0)
(536.0,686.0)
(305.0,686.0)
(299.0,686.0)
(684.0,686.0)
(299.0,686.0)
(536.0,686.0)
(299.0,686.0)
(299.0,686.0)
(299.0,686.0)
(686.0,686.0)
(305.0,686.0)
(536.0,686.0)
(299.0,686.0)
(305.0,686.0)
(299.0,686.0)
(287.0,686.0)
(684.0,686.0)
(299.0,686.0)
(305.0,686.0)
(287.0,686.0)
(305.0,686.0)
(536.0,686.0)
(686.0,686.0)
(278.0,686.0)
(287.0,686.0)
(305.0,686.0)
(536.0,686.0)
(305.0,686.0)
(305.0,686.0)
(305.0,686.0)
(299.0,686.0)
(305.0,686.0)
(305.0,686.0)
(299.0,686.0)
(299.0,686.0)
(686.0,686.0)
(299.0,686.0)
(536.0,686.0)
(684.0,686.0)
(684.0,686.0)
(299.0,686.0)
(287.0,686.0)
(299.0,686.0)
(684.0,686.0)
(299.0,686.0)
(536.0,686.0)
(536.0,686.0)
(299.0,686.0)
(299.0,686.0)
(684.0,686.0)
(305.0,686.0)
(299.0,686.0)
(305.0,686.0)
(686.0,686.0)
(287.0,686.0)
(536.0,686.0)
(536.0,686.0)
(299.0,686.0)
(299.0,686.0)
(299.0,686.0)
(536.0,686.0)
(299.0,686.0)
(299.0,686.0)
(684.0,686.0)
(684.0,686.0)
(684.0,686.0)
(305.0,686.0)
(305.0,686.0)
(686.0,686.0)
(684.0,686.0)
(684.0,686.0)
(299.0,686.0)
(305.0,686.0)
(536.0,686.0)
(299.0,686.0)
(536.0,686.0)
(299.0,686.0)
(299.0,686.0)
(536.0,686.0)
(299.0,686.0)
(684.0,686.0)
(684.0,686.0)
(305.0,686.0)
(305.0,686.0)
(684.0,686.0)
(684.0,686.0)
(299.0,686.0)
(281.0,686.0)
(299.0,686.0)
(686.0,686.0)
(299.0,686.0)
(684.0,686.0)
(287.0,686.0)
(685.0,686.0)
(299.0,686.0)
(305.0,686.0)
(684.0,686.0)
(287.0,686.0)
(536.0,686.0)
(299.0,686.0)
(684.0,686.0)
(536.0,686.0)
(299.0,686.0)
(305.0,686.0)
(299.0,686.0)
(536.0,686.0)
(299.0,686.0)
(685.0,686.0)
(536.0,686.0)
(287.0,686.0)
(305.0,686.0)
(684.0,686.0)
(287.0,686.0)
(536.0,686.0)
(536.0,686.0)
(299.0,686.0)
(684.0,686.0)
(684.0,686.0)
(536.0,686.0)
(536.0,686.0)
(299.0,686.0)
(684.0,686.0)
(685.0,686.0)
(299.0,686.0)
(684.0,686.0)
(299.0,686.0)
(287.0,686.0)
(536.0,686.0)
(299.0,686.0)
(287.0,686.0)
(684.0,686.0)
(536.0,686.0)
(305.0,686.0)
(536.0,686.0)
(536.0,686.0)
(536.0,686.0)
(684.0,686.0)
(299.0,686.0)
(305.0,686.0)
(536.0,686.0)
(536.0,686.0)
(299.0,686.0)
(684.0,686.0)
(305.0,686.0)
(536.0,686.0)
(536.0,686.0)
(299.0,686.0)
(299.0,686.0)
(536.0,686.0)
(536.0,686.0)
(299.0,686.0)
(536.0,686.0)
(299.0,686.0)
(536.0,686.0)
(287.0,686.0)
(305.0,686.0)
(684.0,686.0)
(684.0,686.0)
(305.0,686.0)
(685.0,686.0)
(299.0,686.0)
(459.0,686.0)
(278.0,686.0)
(299.0,686.0)
(305.0,685.0)
(287.0,685.0)
(305.0,685.0)
(305.0,685.0)
(305.0,685.0)
(305.0,685.0)
(305.0,685.0)
(287.0,685.0)
(287.0,685.0)
(305.0,685.0)
(305.0,685.0)
(287.0,685.0)
(305.0,685.0)
(305.0,685.0)
(305.0,685.0)
(287.0,685.0)
(305.0,685.0)
(305.0,685.0)
(305.0,685.0)
(305.0,685.0)
(305.0,685.0)
(305.0,685.0)
(305.0,685.0)
(305.0,685.0)
(305.0,685.0)
(305.0,685.0)
(305.0,685.0)
(305.0,685.0)
(305.0,685.0)
(305.0,685.0)
(287.0,685.0)
(287.0,685.0)
(305.0,685.0)
(305.0,685.0)
(305.0,685.0)
(305.0,685.0)
(305.0,685.0)
(287.0,685.0)
(305.0,685.0)
(305.0,685.0)
(305.0,685.0)
(305.0,685.0)
(305.0,685.0)
(305.0,685.0)
(305.0,685.0)
(287.0,685.0)
(287.0,685.0)
(287.0,685.0)
(305.0,685.0)
(305.0,685.0)
(305.0,685.0)
(305.0,685.0)
(305.0,685.0)
(299.0,685.0)
(287.0,685.0)
(305.0,685.0)
(287.0,685.0)
(305.0,685.0)
(305.0,685.0)
(305.0,685.0)
(305.0,685.0)
(287.0,685.0)
(305.0,685.0)
(287.0,685.0)
(305.0,685.0)
(287.0,685.0)
(305.0,685.0)
(305.0,685.0)
(305.0,685.0)
(287.0,685.0)
(287.0,685.0)
(305.0,685.0)
(299.0,685.0)
(305.0,685.0)
(287.0,685.0)
(287.0,685.0)
(305.0,685.0)
(287.0,685.0)
(305.0,685.0)
(305.0,685.0)
(299.0,685.0)
(287.0,685.0)
(305.0,685.0)
(305.0,685.0)
(287.0,685.0)
(305.0,685.0)
(305.0,685.0)
(305.0,685.0)
(305.0,685.0)
(287.0,685.0)
(287.0,685.0)
(287.0,685.0)
(305.0,685.0)
(305.0,685.0)
(305.0,684.0)
(287.0,684.0)
(305.0,684.0)
(287.0,684.0)
(305.0,684.0)
(305.0,684.0)
(305.0,684.0)
(305.0,684.0)
(287.0,684.0)
(305.0,684.0)
(287.0,684.0)
(305.0,684.0)
(287.0,684.0)
(305.0,684.0)
(305.0,684.0)
(305.0,684.0)
(305.0,684.0)
(305.0,684.0)
(305.0,684.0)
(287.0,684.0)
(305.0,684.0)
(305.0,684.0)
(305.0,684.0)
(305.0,684.0)
(287.0,684.0)
(302.0,684.0)
(305.0,684.0)
(305.0,684.0)
(305.0,684.0)
(305.0,684.0)
(305.0,684.0)
(302.0,684.0)
(305.0,684.0)
(305.0,684.0)
(305.0,684.0)
(287.0,684.0)
(287.0,684.0)
(287.0,684.0)
(305.0,684.0)
(305.0,684.0)
(305.0,684.0)
(305.0,684.0)
(305.0,684.0)
(305.0,684.0)
(287.0,684.0)
(305.0,684.0)
(305.0,684.0)
(305.0,684.0)
(305.0,684.0)
(302.0,684.0)
(287.0,684.0)
(287.0,684.0)
(287.0,684.0)
(305.0,684.0)
(287.0,684.0)
(287.0,684.0)
(302.0,684.0)
(305.0,684.0)
(305.0,684.0)
(305.0,684.0)
(287.0,684.0)
(287.0,684.0)
(287.0,684.0)
(287.0,684.0)
(305.0,684.0)
(305.0,684.0)
(305.0,684.0)
(305.0,684.0)
(287.0,684.0)
(305.0,684.0)
(287.0,684.0)
(305.0,684.0)
(305.0,684.0)
(287.0,684.0)
(305.0,684.0)
(302.0,684.0)
(305.0,684.0)
(305.0,684.0)
(305.0,684.0)
(287.0,684.0)
(305.0,684.0)
(305.0,684.0)
(287.0,684.0)
(305.0,684.0)
(305.0,684.0)
(305.0,684.0)
(305.0,684.0)
(287.0,684.0)
(287.0,684.0)
(305.0,684.0)
(287.0,684.0)
(305.0,684.0)
(305.0,684.0)
(305.0,684.0)
(305.0,684.0)
(287.0,684.0)
(305.0,684.0)
(305.0,684.0)
(287.0,684.0)
(305.0,684.0)
(305.0,684.0)
(287.0,684.0)
(305.0,684.0)
(305.0,684.0)
(305.0,684.0)
(305.0,684.0)
(305.0,684.0)
(305.0,684.0)
(287.0,684.0)
(287.0,684.0)
(305.0,684.0)
(287.0,684.0)
(305.0,684.0)
(305.0,684.0)
(287.0,684.0)
(684.0,684.0)
(726.0,684.0)
(684.0,684.0)
(726.0,684.0)
(301.0,684.0)
(301.0,684.0)
(684.0,684.0)
(301.0,684.0)
(301.0,684.0)
(301.0,684.0)
(684.0,684.0)
(334.0,684.0)
(684.0,684.0)
(684.0,684.0)
(287.0,684.0)
(287.0,684.0)
(301.0,684.0)
(684.0,684.0)
(287.0,684.0)
(287.0,684.0)
(684.0,684.0)
(684.0,684.0)
(684.0,684.0)
(301.0,684.0)
(301.0,684.0)
(301.0,684.0)
(287.0,684.0)
(301.0,684.0)
(301.0,684.0)
(287.0,684.0)
(287.0,684.0)
(332.0,684.0)
(301.0,684.0)
(301.0,684.0)
(301.0,684.0)
(301.0,684.0)
(684.0,684.0)
(347.0,684.0)
(332.0,684.0)
(684.0,684.0)
(287.0,684.0)
(684.0,684.0)
(684.0,684.0)
(301.0,684.0)
(726.0,684.0)
(287.0,684.0)
(287.0,684.0)
(287.0,684.0)
(287.0,684.0)
(684.0,684.0)
(726.0,684.0)
(334.0,684.0)
(301.0,684.0)
(287.0,684.0)
(684.0,684.0)
(301.0,684.0)
(726.0,684.0)
(301.0,684.0)
(301.0,684.0)
(287.0,684.0)
(301.0,684.0)
(301.0,684.0)
(726.0,684.0)
(287.0,684.0)
(287.0,684.0)
(301.0,684.0)
(684.0,684.0)
(287.0,684.0)
(287.0,684.0)
(347.0,684.0)
(301.0,684.0)
(301.0,684.0)
(287.0,684.0)
(301.0,684.0)
(301.0,684.0)
(726.0,684.0)
(726.0,684.0)
(301.0,684.0)
(684.0,684.0)
(287.0,684.0)
(684.0,684.0)
(287.0,684.0)
(287.0,684.0)
(301.0,684.0)
(726.0,684.0)
(726.0,684.0)
(726.0,684.0)
(301.0,684.0)
(287.0,684.0)
(684.0,684.0)
(301.0,684.0)
(287.0,684.0)
(287.0,684.0)
(684.0,684.0)
(684.0,684.0)
(334.0,684.0)
(301.0,684.0)
(726.0,684.0)
(684.0,684.0)
(301.0,684.0)
(301.0,684.0)
(684.0,684.0)
(301.0,684.0)
(684.0,684.0)
(301.0,684.0)
(684.0,684.0)
(301.0,684.0)
(301.0,684.0)
(334.0,684.0)
(684.0,684.0)
(301.0,684.0)
(301.0,684.0)
(301.0,684.0)
(684.0,684.0)
(301.0,684.0)
(287.0,684.0)
(684.0,684.0)
(684.0,684.0)
(684.0,684.0)
(301.0,684.0)
(301.0,684.0)
(334.0,684.0)
(334.0,684.0)
(287.0,684.0)
(301.0,684.0)
(287.0,684.0)
(684.0,684.0)
(301.0,684.0)
(287.0,684.0)
(684.0,684.0)
(726.0,684.0)
(301.0,684.0)
(301.0,684.0)
(684.0,684.0)
(301.0,684.0)
(287.0,684.0)
(301.0,684.0)
(287.0,684.0)
(301.0,684.0)
(684.0,684.0)
(684.0,684.0)
(287.0,684.0)
(287.0,684.0)
(684.0,684.0)
(301.0,684.0)
(287.0,684.0)
(684.0,684.0)
(301.0,684.0)
(684.0,684.0)
(684.0,684.0)
(301.0,684.0)
(726.0,684.0)
(301.0,684.0)
(334.0,684.0)
(301.0,684.0)
(301.0,684.0)
(684.0,684.0)
(287.0,684.0)
(287.0,287.0)
(287.0,287.0)
(287.0,287.0)
(287.0,287.0)
(287.0,287.0)
(287.0,287.0)
(345.0,287.0)
(287.0,287.0)
(345.0,287.0)
(345.0,287.0)
(287.0,287.0)
(287.0,287.0)
(287.0,287.0)
(287.0,287.0)
(287.0,287.0)
(287.0,287.0)
(287.0,287.0)
(287.0,287.0)
(287.0,287.0)
(287.0,287.0)
(287.0,287.0)
(287.0,287.0)
(287.0,287.0)
(287.0,287.0)
(345.0,287.0)
(287.0,287.0)
(287.0,287.0)
(287.0,287.0)
(287.0,287.0)
(287.0,287.0)
(287.0,287.0)
(287.0,287.0)
(287.0,287.0)
(345.0,287.0)
(287.0,287.0)
(287.0,287.0)
(345.0,287.0)
(287.0,287.0)
(287.0,287.0)
(287.0,287.0)
(345.0,287.0)
(287.0,287.0)
(287.0,287.0)
(287.0,287.0)
(287.0,287.0)
(287.0,287.0)
(287.0,287.0)
(287.0,287.0)
(287.0,287.0)
(287.0,287.0)
(287.0,287.0)
(287.0,287.0)
(287.0,287.0)
(287.0,287.0)
(287.0,287.0)
(345.0,287.0)
(345.0,287.0)
(287.0,287.0)
(287.0,287.0)
(287.0,287.0)
(287.0,287.0)
(287.0,287.0)
(287.0,287.0)
(287.0,287.0)
(287.0,287.0)
(287.0,287.0)
(287.0,287.0)
(345.0,287.0)
(287.0,287.0)
(287.0,287.0)
(345.0,287.0)
(287.0,287.0)
(287.0,287.0)
(287.0,287.0)
(287.0,287.0)
(287.0,287.0)
(287.0,287.0)
(716.0,287.0)
(287.0,287.0)
(287.0,287.0)
(287.0,287.0)
(287.0,287.0)
(287.0,287.0)
(287.0,287.0)
(287.0,287.0)
(287.0,287.0)
(716.0,287.0)
(287.0,287.0)
(287.0,287.0)
(287.0,287.0)
(287.0,287.0)
(287.0,287.0)
(287.0,287.0)
(287.0,287.0)
(287.0,287.0)
(287.0,287.0)
(287.0,287.0)
(287.0,287.0)
(287.0,287.0)
(287.0,287.0)
(287.0,287.0)
(287.0,287.0)
(287.0,287.0)
(287.0,287.0)
(287.0,287.0)
(287.0,287.0)
(287.0,287.0)
(287.0,287.0)
(345.0,287.0)
(345.0,287.0)
(287.0,287.0)
(287.0,287.0)
(287.0,287.0)
(287.0,287.0)
(287.0,287.0)
(287.0,287.0)
(287.0,287.0)
(287.0,287.0)
(287.0,287.0)
(287.0,287.0)
(287.0,287.0)
(287.0,287.0)
(287.0,287.0)
(287.0,287.0)
(287.0,287.0)
(287.0,287.0)
(287.0,287.0)
(287.0,287.0)
(287.0,287.0)
(287.0,287.0)
(287.0,287.0)
(287.0,287.0)
(287.0,287.0)
(287.0,287.0)
(287.0,287.0)
(287.0,287.0)
(287.0,287.0)
(287.0,287.0)
(287.0,287.0)
(287.0,287.0)
(287.0,287.0)
(287.0,287.0)
(287.0,287.0)
(287.0,287.0)
(287.0,287.0)
(287.0,287.0)
(287.0,287.0)
(287.0,287.0)
(287.0,287.0)
(287.0,287.0)
(287.0,287.0)
(287.0,287.0)
(287.0,287.0)
(287.0,287.0)
(287.0,287.0)
(287.0,287.0)
(287.0,287.0)
(287.0,287.0)
(287.0,287.0)
(287.0,287.0)
(287.0,287.0)
(287.0,287.0)
(287.0,287.0)
(287.0,287.0)
(287.0,287.0)
(287.0,287.0)
(287.0,287.0)
(287.0,287.0)
(287.0,287.0)
(287.0,287.0)
(287.0,287.0)
(287.0,287.0)
(287.0,287.0)
(287.0,287.0)
(287.0,287.0)
(287.0,287.0)
(287.0,287.0)
(287.0,287.0)
(287.0,287.0)
(287.0,287.0)
(287.0,287.0)
(287.0,287.0)
(287.0,287.0)
(287.0,287.0)
(287.0,287.0)
(287.0,287.0)
(287.0,287.0)
(287.0,287.0)
(287.0,287.0)
(302.0,287.0)
(287.0,287.0)
(287.0,287.0)
(287.0,287.0)
(287.0,287.0)
(287.0,287.0)
(287.0,287.0)
(287.0,287.0)
(287.0,287.0)
(287.0,287.0)
(287.0,287.0)
(287.0,287.0)
(287.0,287.0)
(287.0,287.0)
(287.0,287.0)
(287.0,287.0)
(287.0,287.0)
(287.0,287.0)
(287.0,287.0)
(287.0,287.0)
(287.0,287.0)
(287.0,287.0)
(287.0,287.0)
(287.0,287.0)
(287.0,287.0)
(287.0,287.0)
(287.0,287.0)
(287.0,287.0)
(287.0,287.0)
(287.0,287.0)
(287.0,287.0)
(287.0,287.0)
(287.0,287.0)
(287.0,287.0)
(287.0,287.0)
(287.0,287.0)
(287.0,287.0)
(287.0,287.0)
(287.0,287.0)
(287.0,287.0)
(287.0,287.0)
(287.0,287.0)
(287.0,287.0)
(287.0,287.0)
(287.0,287.0)
(287.0,287.0)
(287.0,287.0)
(287.0,287.0)
(287.0,287.0)
(287.0,287.0)
(287.0,287.0)
(287.0,287.0)
(302.0,287.0)
(287.0,287.0)
(287.0,287.0)
(287.0,287.0)
(287.0,287.0)
(287.0,287.0)
(287.0,287.0)
(287.0,287.0)
(287.0,287.0)
(287.0,287.0)
(287.0,287.0)
(287.0,287.0)
(287.0,287.0)
(287.0,287.0)
(287.0,287.0)
(287.0,287.0)
(287.0,287.0)
(287.0,287.0)
(287.0,287.0)
(287.0,287.0)
(287.0,287.0)
(287.0,287.0)
(287.0,287.0)
(287.0,287.0)
(287.0,287.0)
(287.0,287.0)
(287.0,287.0)
(287.0,287.0)
(287.0,287.0)
(287.0,287.0)
(287.0,287.0)
(287.0,287.0)
(287.0,287.0)
(287.0,287.0)
(287.0,287.0)
(287.0,287.0)
(287.0,287.0)
(287.0,287.0)
(287.0,287.0)
(287.0,287.0)
(287.0,287.0)
(287.0,287.0)
(287.0,287.0)
(287.0,287.0)
(287.0,287.0)
(287.0,287.0)
(287.0,287.0)
(287.0,287.0)
(287.0,287.0)
(287.0,287.0)
(287.0,287.0)
(287.0,287.0)
(287.0,287.0)
(287.0,287.0)
(287.0,287.0)
(287.0,287.0)
(287.0,287.0)
(287.0,287.0)
(287.0,287.0)
(287.0,287.0)
(287.0,287.0)
(287.0,287.0)
(287.0,287.0)
(287.0,287.0)
(287.0,287.0)
(287.0,287.0)
(287.0,287.0)
(287.0,287.0)
(287.0,287.0)
(287.0,287.0)
(287.0,287.0)
(302.0,287.0)
(287.0,287.0)
(287.0,287.0)
(287.0,287.0)
(287.0,287.0)
(287.0,287.0)
(287.0,287.0)
(302.0,287.0)
(287.0,287.0)
(287.0,287.0)
(287.0,287.0)
(287.0,287.0)
(287.0,287.0)
(302.0,287.0)
(287.0,287.0)
(287.0,287.0)
(287.0,287.0)
(302.0,287.0)
(302.0,287.0)
(287.0,287.0)
(287.0,287.0)
(287.0,287.0)
(287.0,287.0)
(287.0,287.0)
(287.0,287.0)
(287.0,287.0)
(287.0,287.0)
(302.0,287.0)
(287.0,287.0)
(287.0,287.0)
(287.0,287.0)
(287.0,287.0)
(287.0,287.0)
(302.0,287.0)
(287.0,287.0)
(287.0,287.0)
(302.0,287.0)
(287.0,287.0)
(287.0,287.0)
(287.0,287.0)
(287.0,287.0)
(287.0,287.0)
(287.0,287.0)
(302.0,287.0)
(287.0,287.0)
(287.0,287.0)
(287.0,287.0)
(287.0,287.0)
(302.0,287.0)
(287.0,287.0)
(287.0,287.0)
(287.0,287.0)
(302.0,287.0)
(287.0,287.0)
(287.0,287.0)
(287.0,287.0)
(287.0,287.0)
(287.0,287.0)
(287.0,287.0)
(287.0,287.0)
(287.0,287.0)
(287.0,287.0)
(287.0,287.0)
(302.0,287.0)
(287.0,287.0)
(287.0,287.0)
(287.0,287.0)
(302.0,287.0)
(287.0,287.0)
(287.0,287.0)
(287.0,287.0)
(302.0,287.0)
(287.0,287.0)
(287.0,287.0)
(287.0,287.0)
(287.0,287.0)
(287.0,287.0)
(287.0,287.0)
(287.0,287.0)
(287.0,287.0)
(287.0,287.0)
(287.0,287.0)
(287.0,287.0)
(287.0,287.0)
(287.0,287.0)
(287.0,287.0)
(287.0,287.0)
(302.0,287.0)
(287.0,287.0)
(287.0,287.0)
(287.0,287.0)
(302.0,287.0)
(287.0,287.0)
(287.0,287.0)
(287.0,287.0)
(287.0,287.0)
(287.0,287.0)
(287.0,287.0)
(302.0,287.0)
(287.0,287.0)
(287.0,287.0)
(287.0,287.0)
(302.0,287.0)
(287.0,287.0)
(287.0,287.0)
(287.0,287.0)
(302.0,287.0)
(287.0,287.0)
(287.0,287.0)
(287.0,287.0)
(287.0,287.0)
(302.0,287.0)
(287.0,287.0)
(287.0,287.0)
(287.0,287.0)
(287.0,287.0)
(287.0,287.0)
(302.0,287.0)
(302.0,287.0)
(287.0,287.0)
(302.0,287.0)
(287.0,287.0)
(302.0,287.0)
(287.0,287.0)
(287.0,287.0)
(287.0,287.0)
(302.0,287.0)
(287.0,287.0)
(287.0,287.0)
(287.0,287.0)
(287.0,287.0)
(287.0,287.0)
(302.0,287.0)
(302.0,287.0)
(287.0,287.0)
(287.0,287.0)
(287.0,287.0)
(287.0,287.0)
(302.0,287.0)
(287.0,287.0)
(287.0,287.0)
(287.0,287.0)
(287.0,287.0)
(287.0,287.0)
(287.0,287.0)
(287.0,287.0)
(287.0,287.0)
(287.0,287.0)
(287.0,287.0)
(287.0,287.0)
(287.0,287.0)
(287.0,287.0)
(287.0,287.0)
(287.0,287.0)
(287.0,287.0)
(287.0,287.0)
(287.0,287.0)
(287.0,287.0)
(287.0,287.0)
(287.0,287.0)
(287.0,287.0)
(287.0,287.0)
(287.0,287.0)
(287.0,287.0)
(287.0,287.0)
(287.0,287.0)
(287.0,287.0)
(287.0,287.0)
(287.0,287.0)
(287.0,287.0)
(287.0,287.0)
(287.0,287.0)
(287.0,287.0)
(287.0,287.0)
(287.0,287.0)
(287.0,287.0)
(287.0,287.0)
(287.0,287.0)
(287.0,287.0)
(287.0,287.0)
(287.0,287.0)
(287.0,287.0)
(287.0,287.0)
(287.0,287.0)
(287.0,287.0)
(287.0,287.0)
(287.0,287.0)
(287.0,287.0)
(287.0,287.0)
(287.0,287.0)
(287.0,287.0)
(287.0,287.0)
(287.0,287.0)
(287.0,287.0)
(287.0,287.0)
(287.0,287.0)
(287.0,287.0)
(287.0,287.0)
(287.0,287.0)
(287.0,287.0)
(287.0,287.0)
(287.0,287.0)
(287.0,287.0)
(287.0,287.0)
(287.0,287.0)
(287.0,287.0)
(287.0,287.0)
(287.0,287.0)
(287.0,287.0)
(287.0,287.0)
(287.0,287.0)
(287.0,287.0)
(287.0,287.0)
(287.0,287.0)
(287.0,287.0)
(287.0,287.0)
(287.0,287.0)
(287.0,287.0)
(287.0,287.0)
(287.0,287.0)
(287.0,287.0)
(287.0,287.0)
(287.0,287.0)
(287.0,287.0)
(287.0,287.0)
(287.0,287.0)
(287.0,287.0)
(287.0,287.0)
(287.0,287.0)
(287.0,287.0)
(287.0,287.0)
(287.0,287.0)
(287.0,287.0)
(287.0,287.0)
(287.0,287.0)
(287.0,287.0)
(287.0,287.0)
(287.0,287.0)
(287.0,287.0)
(287.0,287.0)
(287.0,287.0)
(287.0,287.0)
(287.0,287.0)
(287.0,287.0)
(287.0,287.0)
(287.0,287.0)
(287.0,287.0)
(287.0,287.0)
(287.0,287.0)
(287.0,287.0)
(287.0,287.0)
(287.0,287.0)
(287.0,287.0)
(287.0,287.0)
(287.0,287.0)
(287.0,287.0)
(287.0,287.0)
(287.0,287.0)
(287.0,287.0)
(287.0,287.0)
(287.0,287.0)
(287.0,287.0)
(287.0,287.0)
(287.0,287.0)
(287.0,287.0)
(287.0,287.0)
(287.0,287.0)
(287.0,287.0)
(287.0,287.0)
(287.0,287.0)
(287.0,287.0)
(287.0,287.0)
(287.0,287.0)
(287.0,287.0)
(287.0,287.0)
(287.0,287.0)
(287.0,287.0)
(287.0,287.0)
(287.0,287.0)
(287.0,287.0)
(287.0,287.0)
(287.0,287.0)
(287.0,287.0)
(287.0,287.0)
(287.0,287.0)
(287.0,287.0)
(287.0,287.0)
(287.0,287.0)
(287.0,287.0)
(287.0,287.0)
(287.0,287.0)
(287.0,287.0)
(287.0,287.0)
(287.0,287.0)
(287.0,287.0)
(287.0,287.0)
(287.0,287.0)
(287.0,287.0)
(287.0,287.0)
(287.0,287.0)
(287.0,287.0)
(287.0,287.0)
(287.0,287.0)
(287.0,287.0)
(287.0,287.0)
(287.0,287.0)
(287.0,287.0)
(287.0,287.0)
(287.0,287.0)
(335.0,287.0)
(287.0,287.0)
(692.0,287.0)
(287.0,287.0)
(287.0,287.0)
(280.0,287.0)
(335.0,287.0)
(287.0,287.0)
(280.0,287.0)
(287.0,287.0)
(692.0,287.0)
(287.0,287.0)
(335.0,287.0)
(287.0,287.0)
(287.0,287.0)
(287.0,287.0)
(684.0,287.0)
(287.0,287.0)
(287.0,287.0)
(254.0,287.0)
(692.0,287.0)
(684.0,287.0)
(280.0,287.0)
(288.0,287.0)
(280.0,287.0)
(287.0,287.0)
(287.0,287.0)
(287.0,287.0)
(335.0,287.0)
(692.0,287.0)
(287.0,287.0)
(335.0,287.0)
(280.0,287.0)
(287.0,287.0)
(287.0,287.0)
(287.0,287.0)
(335.0,287.0)
(684.0,287.0)
(287.0,287.0)
(684.0,287.0)
(280.0,287.0)
(287.0,287.0)
(287.0,287.0)
(287.0,287.0)
(692.0,287.0)
(287.0,287.0)
(287.0,287.0)
(280.0,287.0)
(692.0,287.0)
(280.0,287.0)
(287.0,287.0)
(280.0,287.0)
(692.0,287.0)
(287.0,287.0)
(280.0,287.0)
(287.0,287.0)
(287.0,287.0)
(287.0,287.0)
(278.0,287.0)
(287.0,287.0)
(692.0,287.0)
(280.0,287.0)
(287.0,287.0)
(303.0,287.0)
(287.0,287.0)
(287.0,287.0)
(280.0,287.0)
(692.0,287.0)
(287.0,287.0)
(287.0,287.0)
(280.0,287.0)
(287.0,287.0)
(287.0,287.0)
(287.0,287.0)
(288.0,287.0)
(287.0,287.0)
(280.0,287.0)
(287.0,287.0)
(287.0,287.0)
(684.0,287.0)
(287.0,287.0)
(280.0,287.0)
(287.0,287.0)
(692.0,287.0)
(287.0,287.0)
(287.0,287.0)
(287.0,287.0)
(280.0,287.0)
(287.0,287.0)
(280.0,287.0)
(684.0,287.0)
(280.0,287.0)
(280.0,287.0)
(287.0,287.0)
(684.0,287.0)
(287.0,287.0)
(288.0,287.0)
(287.0,287.0)
(278.0,287.0)
(692.0,287.0)
(287.0,287.0)
(287.0,287.0)
(287.0,287.0)
(335.0,287.0)
(692.0,287.0)
(280.0,287.0)
(287.0,287.0)
(287.0,287.0)
(287.0,287.0)
(692.0,287.0)
(692.0,287.0)
(287.0,287.0)
(684.0,287.0)
(287.0,287.0)
(692.0,287.0)
(280.0,287.0)
(335.0,287.0)
(287.0,287.0)
(692.0,287.0)
(287.0,287.0)
(335.0,287.0)
(287.0,287.0)
(335.0,287.0)
(692.0,287.0)
(692.0,287.0)
(287.0,287.0)
(287.0,287.0)
(280.0,287.0)
(287.0,287.0)
(684.0,287.0)
(335.0,287.0)
(287.0,287.0)
(287.0,287.0)
(684.0,287.0)
(287.0,287.0)
(287.0,287.0)
(684.0,287.0)
(287.0,287.0)
(287.0,287.0)
(684.0,287.0)
(301.0,287.0)
(287.0,287.0)
(301.0,287.0)
(287.0,287.0)
(684.0,287.0)
(684.0,287.0)
(287.0,287.0)
(301.0,287.0)
(301.0,287.0)
(684.0,287.0)
(684.0,287.0)
(287.0,287.0)
(301.0,287.0)
(301.0,287.0)
(301.0,287.0)
(287.0,287.0)
(301.0,287.0)
(301.0,287.0)
(287.0,287.0)
(684.0,287.0)
(287.0,287.0)
(301.0,287.0)
(684.0,287.0)
(301.0,287.0)
(287.0,287.0)
(301.0,287.0)
(301.0,287.0)
(301.0,287.0)
(301.0,287.0)
(684.0,287.0)
(287.0,287.0)
(301.0,287.0)
(684.0,287.0)
(684.0,287.0)
(684.0,287.0)
(301.0,287.0)
(301.0,287.0)
(684.0,287.0)
(287.0,287.0)
(684.0,287.0)
(692.0,287.0)
(287.0,287.0)
(684.0,287.0)
(301.0,287.0)
(301.0,287.0)
(301.0,287.0)
(301.0,287.0)
(287.0,287.0)
(303.0,287.0)
(301.0,287.0)
(301.0,287.0)
(301.0,287.0)
(301.0,287.0)
(301.0,287.0)
(684.0,287.0)
(287.0,287.0)
(301.0,287.0)
(684.0,287.0)
(287.0,287.0)
(301.0,287.0)
(287.0,287.0)
(287.0,287.0)
(684.0,287.0)
(301.0,287.0)
(684.0,287.0)
(287.0,287.0)
(684.0,287.0)
(301.0,287.0)
(301.0,287.0)
(684.0,287.0)
(684.0,287.0)
(287.0,287.0)
(301.0,287.0)
(301.0,287.0)
(684.0,287.0)
(692.0,287.0)
(301.0,287.0)
(301.0,287.0)
(684.0,287.0)
(301.0,287.0)
(684.0,287.0)
(287.0,287.0)
(301.0,287.0)
(301.0,287.0)
(301.0,287.0)
(301.0,287.0)
(287.0,287.0)
(287.0,287.0)
(684.0,287.0)
(301.0,287.0)
(301.0,287.0)
(287.0,287.0)
(301.0,287.0)
(684.0,287.0)
(287.0,287.0)
(287.0,287.0)
(301.0,287.0)
(301.0,287.0)
(287.0,287.0)
(287.0,287.0)
(287.0,287.0)
(684.0,287.0)
(684.0,287.0)
(287.0,287.0)
(303.0,287.0)
(287.0,287.0)
(684.0,287.0)
(301.0,287.0)
(287.0,287.0)
(301.0,287.0)
(301.0,287.0)
(684.0,287.0)
(287.0,287.0)
(287.0,287.0)
(684.0,287.0)
(287.0,287.0)
(684.0,287.0)
(301.0,287.0)
(684.0,287.0)
(684.0,287.0)
(287.0,287.0)
(301.0,287.0)
(301.0,287.0)
(301.0,287.0)
(692.0,287.0)
(287.0,287.0)
(303.0,287.0)
(301.0,287.0)
(301.0,287.0)
(684.0,287.0)
(287.0,287.0)
(287.0,287.0)
(287.0,287.0)
(301.0,287.0)
(684.0,287.0)
(287.0,287.0)
(287.0,287.0)
(287.0,287.0)
(301.0,287.0)
(301.0,287.0)
(287.0,287.0)
(303.0,287.0)
(287.0,287.0)
(301.0,287.0)
(301.0,287.0)
(684.0,287.0)
(287.0,287.0)
(301.0,287.0)
(301.0,287.0)
(287.0,287.0)
(301.0,287.0)
(301.0,287.0)
(301.0,287.0)
(287.0,287.0)
(287.0,287.0)
(287.0,287.0)
(301.0,287.0)
(301.0,287.0)
(301.0,287.0)
(287.0,287.0)
(287.0,287.0)
(684.0,287.0)
(287.0,287.0)
(301.0,287.0)
(287.0,287.0)
(287.0,287.0)
(287.0,287.0)
(301.0,287.0)
(684.0,287.0)
(287.0,287.0)
(684.0,287.0)
(301.0,287.0)
(287.0,287.0)
(287.0,287.0)
(301.0,287.0)
(287.0,287.0)
(287.0,287.0)
(287.0,287.0)
(287.0,287.0)
(287.0,287.0)
(347.0,287.0)
(303.0,287.0)
(287.0,287.0)
(347.0,287.0)
(287.0,287.0)
(287.0,287.0)
(287.0,287.0)
(287.0,287.0)
(287.0,287.0)
(287.0,287.0)
(287.0,287.0)
(287.0,287.0)
(287.0,287.0)
(287.0,287.0)
(287.0,287.0)
(287.0,287.0)
(287.0,287.0)
(287.0,287.0)
(287.0,287.0)
(287.0,287.0)
(287.0,287.0)
(287.0,287.0)
(287.0,287.0)
(287.0,287.0)
(287.0,287.0)
(287.0,287.0)
(287.0,287.0)
(287.0,287.0)
(347.0,287.0)
(287.0,287.0)
(287.0,287.0)
(287.0,287.0)
(287.0,287.0)
(287.0,287.0)
(287.0,287.0)
(287.0,287.0)
(287.0,287.0)
(287.0,287.0)
(287.0,287.0)
(287.0,287.0)
(287.0,287.0)
(287.0,287.0)
(287.0,287.0)
(287.0,287.0)
(287.0,287.0)
(287.0,287.0)
(287.0,287.0)
(287.0,287.0)
(347.0,287.0)
(347.0,287.0)
(287.0,287.0)
(287.0,287.0)
(287.0,287.0)
(287.0,287.0)
(287.0,287.0)
(287.0,287.0)
(287.0,287.0)
(287.0,287.0)
(287.0,287.0)
(287.0,287.0)
(287.0,287.0)
(287.0,287.0)
(287.0,287.0)
(287.0,287.0)
(287.0,287.0)
(287.0,287.0)
(287.0,287.0)
(287.0,287.0)
(287.0,287.0)
(287.0,287.0)
(287.0,287.0)
(287.0,287.0)
(287.0,287.0)
(287.0,287.0)
(287.0,287.0)
(347.0,287.0)
(287.0,287.0)
(287.0,287.0)
(287.0,287.0)
(287.0,287.0)
(287.0,287.0)
(287.0,287.0)
(287.0,287.0)
(347.0,287.0)
(287.0,287.0)
(287.0,287.0)
(287.0,287.0)
(287.0,287.0)
(287.0,287.0)
(287.0,287.0)
(287.0,287.0)
(287.0,287.0)
(287.0,287.0)
(287.0,287.0)
(347.0,287.0)
(287.0,287.0)
(287.0,287.0)
(347.0,287.0)
(287.0,287.0)
(287.0,287.0)
(287.0,287.0)
(347.0,287.0)
(287.0,287.0)
(347.0,287.0)
(287.0,287.0)
(287.0,287.0)
(287.0,287.0)
(287.0,287.0)
(287.0,287.0)
(287.0,287.0)
(287.0,287.0)
(287.0,287.0)
(287.0,287.0)
(287.0,287.0)
(287.0,287.0)
(287.0,287.0)
(287.0,287.0)
(287.0,287.0)
(287.0,287.0)
(287.0,287.0)
(287.0,287.0)
(287.0,287.0)
(287.0,287.0)
(287.0,287.0)
(287.0,287.0)
(287.0,287.0)
(287.0,287.0)
(287.0,287.0)
(287.0,287.0)
(287.0,287.0)
(287.0,287.0)
(287.0,287.0)
(287.0,287.0)
(287.0,287.0)
(347.0,287.0)
(287.0,287.0)
(287.0,287.0)
(287.0,287.0)
(287.0,287.0)
(287.0,287.0)
(287.0,287.0)
(287.0,287.0)
(287.0,287.0)
(287.0,287.0)
(287.0,287.0)
(287.0,287.0)
(684.0,287.0)
(287.0,287.0)
(287.0,287.0)
(684.0,287.0)
(692.0,287.0)
(287.0,287.0)
(684.0,287.0)
(287.0,287.0)
(692.0,287.0)
(684.0,287.0)
(287.0,287.0)
(287.0,287.0)
(684.0,287.0)
(278.0,287.0)
(684.0,287.0)
(684.0,287.0)
(684.0,287.0)
(684.0,287.0)
(287.0,287.0)
(684.0,287.0)
(287.0,287.0)
(684.0,287.0)
(287.0,287.0)
(287.0,287.0)
(684.0,287.0)
(278.0,287.0)
(287.0,287.0)
(684.0,287.0)
(684.0,287.0)
(278.0,287.0)
(684.0,287.0)
(684.0,287.0)
(287.0,287.0)
(684.0,287.0)
(278.0,287.0)
(287.0,287.0)
(684.0,287.0)
(684.0,287.0)
(684.0,287.0)
(684.0,287.0)
(684.0,287.0)
(287.0,287.0)
(684.0,287.0)
(287.0,287.0)
(684.0,287.0)
(684.0,287.0)
(287.0,287.0)
(684.0,287.0)
(287.0,287.0)
(287.0,287.0)
(684.0,287.0)
(287.0,287.0)
(287.0,287.0)
(287.0,287.0)
(684.0,287.0)
(692.0,287.0)
(684.0,287.0)
(278.0,287.0)
(278.0,287.0)
(692.0,287.0)
(287.0,287.0)
(287.0,287.0)
(278.0,287.0)
(684.0,287.0)
(278.0,287.0)
(684.0,287.0)
(287.0,287.0)
(287.0,287.0)
(287.0,287.0)
(684.0,287.0)
(287.0,287.0)
(287.0,287.0)
(684.0,287.0)
(287.0,287.0)
(684.0,287.0)
(684.0,287.0)
(684.0,287.0)
(287.0,287.0)
(684.0,287.0)
(684.0,287.0)
(287.0,287.0)
(684.0,287.0)
(684.0,287.0)
(278.0,287.0)
(278.0,287.0)
(684.0,287.0)
(684.0,287.0)
(287.0,287.0)
(287.0,287.0)
(287.0,287.0)
(684.0,287.0)
(684.0,287.0)
(684.0,287.0)
(278.0,287.0)
(684.0,287.0)
(684.0,287.0)
(684.0,287.0)
(684.0,287.0)
(287.0,287.0)
(684.0,287.0)
(287.0,287.0)
(684.0,287.0)
(684.0,287.0)
(684.0,287.0)
(684.0,287.0)
(287.0,287.0)
(287.0,287.0)
(684.0,287.0)
(287.0,287.0)
(287.0,287.0)
(684.0,287.0)
(278.0,287.0)
(287.0,287.0)
(287.0,287.0)
(303.0,287.0)
(287.0,287.0)
(284.0,287.0)
(301.0,287.0)
(284.0,287.0)
(303.0,287.0)
(287.0,287.0)
(692.0,287.0)
(287.0,287.0)
(287.0,287.0)
(287.0,287.0)
(287.0,287.0)
(303.0,287.0)
(287.0,287.0)
(287.0,287.0)
(303.0,287.0)
(692.0,287.0)
(303.0,287.0)
(303.0,287.0)
(288.0,287.0)
(303.0,287.0)
(284.0,287.0)
(287.0,287.0)
(287.0,287.0)
(301.0,287.0)
(284.0,287.0)
(284.0,287.0)
(303.0,287.0)
(287.0,287.0)
(287.0,287.0)
(303.0,287.0)
(287.0,287.0)
(303.0,287.0)
(284.0,287.0)
(287.0,287.0)
(287.0,287.0)
(287.0,287.0)
(284.0,287.0)
(287.0,287.0)
(287.0,287.0)
(303.0,287.0)
(284.0,287.0)
(303.0,287.0)
(287.0,287.0)
(301.0,287.0)
(301.0,287.0)
(284.0,287.0)
(303.0,287.0)
(287.0,287.0)
(287.0,287.0)
(303.0,287.0)
(287.0,287.0)
(301.0,287.0)
(284.0,287.0)
(287.0,287.0)
(303.0,287.0)
(287.0,287.0)
(287.0,287.0)
(284.0,287.0)
(692.0,287.0)
(287.0,287.0)
(301.0,287.0)
(287.0,287.0)
(287.0,287.0)
(287.0,287.0)
(288.0,287.0)
(287.0,287.0)
(301.0,287.0)
(287.0,287.0)
(287.0,287.0)
(303.0,287.0)
(287.0,287.0)
(301.0,287.0)
(287.0,287.0)
(303.0,287.0)
(284.0,287.0)
(287.0,287.0)
(287.0,287.0)
(301.0,287.0)
(287.0,287.0)
(284.0,287.0)
(284.0,287.0)
(301.0,287.0)
(303.0,287.0)
(287.0,287.0)
(303.0,287.0)
(303.0,287.0)
(288.0,287.0)
(303.0,287.0)
(692.0,287.0)
(287.0,287.0)
(287.0,287.0)
(287.0,287.0)
(692.0,287.0)
(303.0,287.0)
(287.0,287.0)
(287.0,287.0)
(287.0,287.0)
(284.0,287.0)
(692.0,287.0)
(287.0,287.0)
(303.0,287.0)
(287.0,287.0)
(692.0,287.0)
(303.0,287.0)
(287.0,287.0)
(692.0,287.0)
(287.0,287.0)
(287.0,287.0)
(692.0,287.0)
(692.0,287.0)
(287.0,287.0)
(287.0,287.0)
(301.0,287.0)
(287.0,287.0)
(303.0,287.0)
(287.0,287.0)
(287.0,287.0)
(303.0,287.0)
(287.0,287.0)
(284.0,287.0)
(303.0,287.0)
(287.0,287.0)
(287.0,287.0)
(287.0,287.0)
(287.0,287.0)
(287.0,287.0)
(287.0,287.0)
(287.0,287.0)
(287.0,287.0)
(287.0,287.0)
(287.0,287.0)
(287.0,287.0)
(287.0,287.0)
(287.0,287.0)
(287.0,287.0)
(287.0,287.0)
(287.0,287.0)
(287.0,287.0)
(287.0,287.0)
(287.0,287.0)
(288.0,287.0)
(287.0,287.0)
(287.0,287.0)
(287.0,287.0)
(287.0,287.0)
(287.0,287.0)
(287.0,287.0)
(287.0,287.0)
(287.0,287.0)
(287.0,287.0)
(287.0,287.0)
(287.0,287.0)
(287.0,287.0)
(287.0,287.0)
(287.0,287.0)
(287.0,287.0)
(287.0,287.0)
(287.0,287.0)
(287.0,287.0)
(287.0,287.0)
(287.0,287.0)
(287.0,287.0)
(287.0,287.0)
(287.0,287.0)
(287.0,287.0)
(287.0,287.0)
(287.0,287.0)
(287.0,287.0)
(287.0,287.0)
(287.0,287.0)
(287.0,287.0)
(287.0,287.0)
(287.0,287.0)
(287.0,287.0)
(287.0,287.0)
(287.0,287.0)
(287.0,287.0)
(287.0,287.0)
(287.0,287.0)
(287.0,287.0)
(287.0,287.0)
(287.0,287.0)
(287.0,287.0)
(287.0,287.0)
(287.0,287.0)
(287.0,287.0)
(287.0,287.0)
(287.0,287.0)
(287.0,287.0)
(287.0,287.0)
(287.0,287.0)
(287.0,287.0)
(287.0,287.0)
(287.0,287.0)
(287.0,287.0)
(287.0,287.0)
(287.0,287.0)
(287.0,287.0)
(287.0,287.0)
(287.0,287.0)
(287.0,287.0)
(287.0,287.0)
(287.0,287.0)
(287.0,287.0)
(287.0,287.0)
(287.0,287.0)
(288.0,287.0)
(287.0,287.0)
(287.0,287.0)
(287.0,287.0)
(287.0,287.0)
(287.0,287.0)
(287.0,287.0)
(287.0,287.0)
(287.0,287.0)
(287.0,287.0)
(287.0,287.0)
(287.0,287.0)
(287.0,287.0)
(287.0,287.0)
(287.0,287.0)
(287.0,287.0)
(287.0,287.0)
(287.0,287.0)
(287.0,287.0)
(287.0,287.0)
(287.0,287.0)
(287.0,287.0)
(287.0,287.0)
(287.0,287.0)
(287.0,287.0)
(287.0,287.0)
(287.0,287.0)
(287.0,287.0)
(287.0,287.0)
(287.0,287.0)
(287.0,287.0)
(287.0,287.0)
(684.0,287.0)
(287.0,287.0)
(284.0,287.0)
(684.0,287.0)
(287.0,287.0)
(684.0,287.0)
(287.0,287.0)
(684.0,287.0)
(684.0,287.0)
(287.0,287.0)
(287.0,287.0)
(684.0,287.0)
(278.0,287.0)
(684.0,287.0)
(684.0,287.0)
(684.0,287.0)
(684.0,287.0)
(287.0,287.0)
(684.0,287.0)
(287.0,287.0)
(684.0,287.0)
(287.0,287.0)
(287.0,287.0)
(684.0,287.0)
(287.0,287.0)
(684.0,287.0)
(684.0,287.0)
(684.0,287.0)
(684.0,287.0)
(287.0,287.0)
(684.0,287.0)
(287.0,287.0)
(684.0,287.0)
(684.0,287.0)
(684.0,287.0)
(684.0,287.0)
(684.0,287.0)
(287.0,287.0)
(684.0,287.0)
(684.0,287.0)
(684.0,287.0)
(287.0,287.0)
(684.0,287.0)
(287.0,287.0)
(287.0,287.0)
(684.0,287.0)
(287.0,287.0)
(287.0,287.0)
(684.0,287.0)
(684.0,287.0)
(280.0,287.0)
(684.0,287.0)
(287.0,287.0)
(280.0,287.0)
(684.0,287.0)
(287.0,287.0)
(684.0,287.0)
(684.0,287.0)
(287.0,287.0)
(287.0,287.0)
(280.0,287.0)
(287.0,287.0)
(684.0,287.0)
(684.0,287.0)
(684.0,287.0)
(287.0,287.0)
(684.0,287.0)
(684.0,287.0)
(287.0,287.0)
(684.0,287.0)
(684.0,287.0)
(684.0,287.0)
(684.0,287.0)
(287.0,287.0)
(287.0,287.0)
(287.0,287.0)
(684.0,287.0)
(684.0,287.0)
(684.0,287.0)
(684.0,287.0)
(684.0,287.0)
(684.0,287.0)
(684.0,287.0)
(287.0,287.0)
(684.0,287.0)
(287.0,287.0)
(684.0,287.0)
(684.0,287.0)
(684.0,287.0)
(684.0,287.0)
(287.0,287.0)
(684.0,287.0)
(287.0,287.0)
(287.0,287.0)
(684.0,287.0)
(288.0,287.0)
(288.0,287.0)
(332.0,287.0)
(288.0,287.0)
(288.0,287.0)
(288.0,287.0)
(288.0,287.0)
(287.0,287.0)
(288.0,287.0)
(288.0,287.0)
(332.0,287.0)
(287.0,287.0)
(288.0,287.0)
(288.0,287.0)
(287.0,287.0)
(332.0,287.0)
(288.0,287.0)
(288.0,287.0)
(332.0,287.0)
(332.0,287.0)
(285.0,287.0)
(288.0,287.0)
(288.0,287.0)
(288.0,287.0)
(288.0,287.0)
(288.0,287.0)
(288.0,287.0)
(285.0,287.0)
(288.0,287.0)
(288.0,287.0)
(332.0,287.0)
(288.0,287.0)
(288.0,287.0)
(288.0,287.0)
(332.0,287.0)
(288.0,287.0)
(288.0,287.0)
(288.0,287.0)
(288.0,287.0)
(288.0,287.0)
(288.0,287.0)
(332.0,287.0)
(288.0,287.0)
(287.0,287.0)
(332.0,287.0)
(288.0,287.0)
(288.0,287.0)
(288.0,287.0)
(288.0,287.0)
(288.0,287.0)
(332.0,287.0)
(288.0,287.0)
(288.0,287.0)
(287.0,287.0)
(288.0,287.0)
(288.0,287.0)
(288.0,287.0)
(288.0,287.0)
(288.0,287.0)
(288.0,287.0)
(288.0,287.0)
(332.0,287.0)
(288.0,287.0)
(288.0,287.0)
(288.0,287.0)
(288.0,287.0)
(288.0,287.0)
(288.0,287.0)
(288.0,287.0)
(303.0,287.0)
(288.0,287.0)
(332.0,287.0)
(287.0,287.0)
(288.0,287.0)
(288.0,287.0)
(332.0,287.0)
(288.0,287.0)
(287.0,287.0)
(332.0,287.0)
(287.0,287.0)
(288.0,287.0)
(332.0,287.0)
(288.0,287.0)
(285.0,287.0)
(287.0,287.0)
(285.0,287.0)
(332.0,287.0)
(288.0,287.0)
(288.0,287.0)
(288.0,287.0)
(287.0,287.0)
(287.0,287.0)
(287.0,287.0)
(332.0,287.0)
(332.0,287.0)
(332.0,287.0)
(288.0,287.0)
(332.0,287.0)
(288.0,287.0)
(288.0,287.0)
(288.0,287.0)
(288.0,287.0)
(287.0,287.0)
(288.0,287.0)
(332.0,287.0)
(288.0,287.0)
(287.0,287.0)
(288.0,287.0)
(288.0,287.0)
(332.0,287.0)
(332.0,287.0)
(332.0,287.0)
(288.0,287.0)
(287.0,287.0)
(288.0,287.0)
(288.0,287.0)
(285.0,287.0)
(287.0,287.0)
(332.0,287.0)
(288.0,287.0)
(288.0,287.0)
(287.0,287.0)
(288.0,287.0)
(684.0,287.0)
(288.0,287.0)
(287.0,287.0)
(684.0,287.0)
(288.0,287.0)
(287.0,287.0)
(684.0,287.0)
(278.0,287.0)
(692.0,287.0)
(278.0,287.0)
(288.0,287.0)
(287.0,287.0)
(278.0,287.0)
(684.0,287.0)
(287.0,287.0)
(288.0,287.0)
(692.0,287.0)
(692.0,287.0)
(287.0,287.0)
(684.0,287.0)
(288.0,287.0)
(684.0,287.0)
(287.0,287.0)
(287.0,287.0)
(287.0,287.0)
(303.0,287.0)
(287.0,287.0)
(287.0,287.0)
(287.0,287.0)
(288.0,287.0)
(287.0,287.0)
(684.0,287.0)
(288.0,287.0)
(684.0,287.0)
(287.0,287.0)
(288.0,287.0)
(287.0,287.0)
(684.0,287.0)
(288.0,287.0)
(713.0,287.0)
(287.0,287.0)
(692.0,287.0)
(684.0,287.0)
(288.0,287.0)
(684.0,287.0)
(303.0,287.0)
(287.0,287.0)
(287.0,287.0)
(288.0,287.0)
(287.0,287.0)
(287.0,287.0)
(288.0,287.0)
(287.0,287.0)
(303.0,287.0)
(287.0,287.0)
(278.0,287.0)
(303.0,287.0)
(288.0,287.0)
(288.0,287.0)
(287.0,287.0)
(692.0,287.0)
(288.0,287.0)
(287.0,287.0)
(684.0,287.0)
(288.0,287.0)
(288.0,287.0)
(288.0,287.0)
(287.0,287.0)
(288.0,287.0)
(684.0,287.0)
(287.0,287.0)
(288.0,287.0)
(335.0,287.0)
(713.0,287.0)
(287.0,287.0)
(288.0,287.0)
(692.0,287.0)
(287.0,287.0)
(278.0,287.0)
(288.0,287.0)
(684.0,287.0)
(288.0,287.0)
(287.0,287.0)
(335.0,287.0)
(684.0,287.0)
(287.0,287.0)
(713.0,287.0)
(335.0,287.0)
(287.0,287.0)
(288.0,287.0)
(287.0,287.0)
(288.0,287.0)
(692.0,287.0)
(287.0,287.0)
(288.0,287.0)
(288.0,287.0)
(288.0,287.0)
(303.0,287.0)
(684.0,287.0)
(278.0,287.0)
(713.0,287.0)
(278.0,287.0)
(684.0,287.0)
(692.0,287.0)
(287.0,287.0)
(335.0,287.0)
(288.0,287.0)
(692.0,287.0)
(287.0,287.0)
(288.0,287.0)
(713.0,287.0)
(692.0,287.0)
(713.0,287.0)
(288.0,287.0)
(692.0,287.0)
(692.0,287.0)
(287.0,287.0)
(288.0,287.0)
(684.0,287.0)
(288.0,287.0)
(335.0,287.0)
(713.0,287.0)
(288.0,287.0)
(287.0,287.0)
(713.0,287.0)
(287.0,287.0)
(335.0,287.0)
(288.0,287.0)
(287.0,287.0)
(288.0,287.0)
(288.0,287.0)
(287.0,287.0)
(288.0,287.0)
(288.0,287.0)
(288.0,287.0)
(288.0,287.0)
(288.0,287.0)
(288.0,287.0)
(287.0,287.0)
(288.0,287.0)
(288.0,287.0)
(288.0,287.0)
(288.0,287.0)
(288.0,287.0)
(288.0,287.0)
(288.0,287.0)
(288.0,287.0)
(288.0,287.0)
(288.0,287.0)
(288.0,287.0)
(301.0,287.0)
(288.0,287.0)
(287.0,287.0)
(288.0,287.0)
(301.0,287.0)
(288.0,287.0)
(288.0,287.0)
(288.0,287.0)
(288.0,287.0)
(723.0,287.0)
(770.0,287.0)
(481.0,287.0)
(25.0,287.0)
(287.0,287.0)
(287.0,287.0)
(613.0,287.0)
(219.0,287.0)
(417.0,287.0)
(305.0,287.0)
(287.0,287.0)
(305.0,287.0)
(287.0,287.0)
(309.0,287.0)
(804.0,287.0)
(287.0,287.0)
(305.0,287.0)
(301.0,287.0)
(713.0,287.0)
(726.0,287.0)
(354.0,287.0)
(287.0,287.0)
(455.0,287.0)
(354.0,287.0)
(280.0,287.0)
(219.0,287.0)
(305.0,287.0)
(264.0,287.0)
(309.0,287.0)
(417.0,287.0)
(305.0,287.0)
(287.0,287.0)
(287.0,287.0)
(287.0,287.0)
(38.0,287.0)
(219.0,287.0)
(42.0,287.0)
(219.0,287.0)
(280.0,287.0)
(769.0,287.0)
(323.0,287.0)
(519.0,287.0)
(219.0,287.0)
(298.0,287.0)
(305.0,287.0)
(286.0,287.0)
(300.0,287.0)
(287.0,287.0)
(309.0,287.0)
(286.0,287.0)
(417.0,287.0)
(682.0,287.0)
(287.0,287.0)
(323.0,287.0)
(287.0,287.0)
(723.0,287.0)
(645.0,287.0)
(287.0,287.0)
(287.0,287.0)
(287.0,287.0)
(45.0,287.0)
(723.0,287.0)
(305.0,287.0)
(519.0,287.0)
(305.0,287.0)
(305.0,287.0)
(305.0,287.0)
(417.0,287.0)
(305.0,287.0)
(645.0,287.0)
(300.0,287.0)
(481.0,287.0)
(472.0,287.0)
(219.0,287.0)
(287.0,287.0)
(287.0,287.0)
(287.0,287.0)
(287.0,287.0)
(287.0,287.0)
(287.0,287.0)
(287.0,287.0)
(287.0,287.0)
(287.0,287.0)
(287.0,287.0)
(287.0,287.0)
(287.0,287.0)
(287.0,287.0)
(287.0,287.0)
(287.0,287.0)
(287.0,287.0)
(287.0,287.0)
(287.0,287.0)
(287.0,287.0)
(287.0,287.0)
(287.0,287.0)
(287.0,287.0)
(287.0,287.0)
(287.0,287.0)
(287.0,287.0)
(287.0,287.0)
(287.0,287.0)
(287.0,287.0)
(287.0,287.0)
(287.0,287.0)
(287.0,287.0)
(287.0,287.0)
(287.0,287.0)
(287.0,287.0)
(287.0,287.0)
(287.0,287.0)
(287.0,287.0)
(287.0,287.0)
(287.0,287.0)
(287.0,287.0)
(287.0,287.0)
(287.0,287.0)
(287.0,287.0)
(287.0,287.0)
(287.0,287.0)
(287.0,287.0)
(287.0,287.0)
(287.0,287.0)
(287.0,287.0)
(287.0,287.0)
(287.0,287.0)
(287.0,287.0)
(287.0,287.0)
(287.0,287.0)
(287.0,287.0)
(287.0,287.0)
(287.0,287.0)
(287.0,287.0)
(287.0,287.0)
(287.0,287.0)
(287.0,287.0)
(287.0,287.0)
(287.0,287.0)
(287.0,287.0)
(287.0,287.0)
(287.0,287.0)
(287.0,287.0)
(287.0,287.0)
(287.0,287.0)
(287.0,287.0)
(287.0,287.0)
(287.0,287.0)
(287.0,287.0)
(287.0,287.0)
(287.0,287.0)
(287.0,287.0)
(287.0,287.0)
(287.0,287.0)
(287.0,287.0)
(287.0,287.0)
(287.0,287.0)
(287.0,287.0)
(287.0,287.0)
(287.0,287.0)
(287.0,287.0)
(287.0,287.0)
(287.0,287.0)
(287.0,287.0)
(287.0,287.0)
(287.0,287.0)
(287.0,287.0)
(287.0,287.0)
(287.0,287.0)
(287.0,287.0)
(287.0,287.0)
(287.0,287.0)
(287.0,287.0)
(287.0,287.0)
(287.0,287.0)
(287.0,287.0)
(287.0,287.0)
(287.0,287.0)
(287.0,287.0)
(287.0,287.0)
(287.0,287.0)
(287.0,287.0)
(287.0,287.0)
(287.0,287.0)
(287.0,287.0)
(287.0,287.0)
(287.0,287.0)
(287.0,287.0)
(287.0,287.0)
(287.0,287.0)
(287.0,287.0)
(287.0,287.0)
(287.0,287.0)
(287.0,287.0)
(287.0,287.0)
(287.0,287.0)
(287.0,287.0)
(287.0,287.0)
(287.0,287.0)
(287.0,287.0)
(287.0,287.0)
(287.0,287.0)
(287.0,287.0)
(287.0,287.0)
(287.0,287.0)
(287.0,287.0)
(287.0,287.0)
(287.0,287.0)
(287.0,287.0)
(287.0,287.0)
(287.0,287.0)
(287.0,287.0)
(287.0,287.0)
(287.0,287.0)
(287.0,287.0)
(287.0,287.0)
(287.0,287.0)
(287.0,287.0)
(287.0,287.0)
(287.0,287.0)
(287.0,287.0)
(287.0,287.0)
(287.0,287.0)
(287.0,287.0)
(287.0,287.0)
(287.0,287.0)
(287.0,287.0)
(287.0,286.0)
(287.0,286.0)
(723.0,286.0)
(287.0,286.0)
(347.0,286.0)
(287.0,286.0)
(347.0,286.0)
(288.0,286.0)
(288.0,286.0)
(287.0,286.0)
(287.0,286.0)
(288.0,286.0)
(287.0,286.0)
(287.0,286.0)
(723.0,286.0)
(347.0,286.0)
(347.0,286.0)
(288.0,286.0)
(287.0,286.0)
(280.0,286.0)
(347.0,286.0)
(287.0,286.0)
(287.0,286.0)
(287.0,286.0)
(287.0,286.0)
(287.0,286.0)
(347.0,286.0)
(723.0,286.0)
(287.0,286.0)
(287.0,286.0)
(723.0,286.0)
(287.0,286.0)
(723.0,286.0)
(287.0,286.0)
(287.0,286.0)
(287.0,286.0)
(287.0,286.0)
(723.0,286.0)
(288.0,286.0)
(347.0,286.0)
(287.0,286.0)
(347.0,286.0)
(723.0,286.0)
(347.0,286.0)
(287.0,286.0)
(287.0,286.0)
(347.0,286.0)
(701.0,286.0)
(287.0,286.0)
(287.0,286.0)
(287.0,286.0)
(287.0,286.0)
(287.0,286.0)
(287.0,286.0)
(287.0,286.0)
(288.0,286.0)
(280.0,286.0)
(701.0,286.0)
(287.0,286.0)
(287.0,286.0)
(287.0,286.0)
(287.0,286.0)
(287.0,286.0)
(347.0,286.0)
(723.0,286.0)
(723.0,286.0)
(723.0,286.0)
(288.0,286.0)
(287.0,286.0)
(723.0,286.0)
(347.0,286.0)
(287.0,286.0)
(287.0,286.0)
(723.0,286.0)
(288.0,286.0)
(287.0,286.0)
(701.0,286.0)
(280.0,286.0)
(287.0,286.0)
(288.0,286.0)
(347.0,286.0)
(723.0,286.0)
(287.0,286.0)
(347.0,286.0)
(347.0,286.0)
(288.0,286.0)
(280.0,286.0)
(347.0,286.0)
(288.0,286.0)
(347.0,286.0)
(287.0,286.0)
(723.0,286.0)
(723.0,286.0)
(347.0,286.0)
(288.0,286.0)
(288.0,286.0)
(287.0,286.0)
(288.0,286.0)
(287.0,286.0)
(287.0,286.0)
(723.0,286.0)
(347.0,286.0)
(288.0,286.0)
(287.0,286.0)
(280.0,286.0)
(287.0,286.0)
(288.0,286.0)
(287.0,286.0)
(287.0,286.0)
(287.0,286.0)
(347.0,286.0)
(288.0,286.0)
(723.0,286.0)
(347.0,286.0)
(288.0,286.0)
(287.0,286.0)
(723.0,286.0)
(287.0,286.0)
(280.0,286.0)
(287.0,286.0)
(723.0,286.0)
(287.0,286.0)
(309.0,286.0)
(723.0,286.0)
(287.0,286.0)
(723.0,286.0)
(287.0,286.0)
(723.0,286.0)
(723.0,286.0)
(723.0,286.0)
(723.0,286.0)
(309.0,286.0)
(723.0,286.0)
(287.0,286.0)
(287.0,286.0)
(648.0,286.0)
(723.0,286.0)
(723.0,286.0)
(723.0,286.0)
(723.0,286.0)
(287.0,286.0)
(723.0,286.0)
(723.0,286.0)
(309.0,286.0)
(287.0,286.0)
(287.0,286.0)
(723.0,286.0)
(309.0,286.0)
(287.0,286.0)
(723.0,286.0)
(723.0,286.0)
(309.0,286.0)
(309.0,286.0)
(287.0,286.0)
(723.0,286.0)
(309.0,286.0)
(287.0,286.0)
(309.0,286.0)
(723.0,286.0)
(309.0,286.0)
(723.0,286.0)
(299.0,301.0)
(301.0,301.0)
(301.0,301.0)
(301.0,301.0)
(687.0,301.0)
(301.0,301.0)
(692.0,301.0)
(301.0,301.0)
(301.0,301.0)
(301.0,301.0)
(299.0,301.0)
(335.0,301.0)
(301.0,301.0)
(299.0,301.0)
(299.0,301.0)
(301.0,301.0)
(692.0,301.0)
(303.0,301.0)
(299.0,301.0)
(692.0,301.0)
(301.0,301.0)
(299.0,301.0)
(299.0,301.0)
(299.0,301.0)
(687.0,301.0)
(302.0,301.0)
(299.0,301.0)
(299.0,301.0)
(301.0,301.0)
(687.0,301.0)
(301.0,301.0)
(299.0,301.0)
(299.0,301.0)
(299.0,301.0)
(299.0,301.0)
(301.0,301.0)
(301.0,301.0)
(299.0,301.0)
(692.0,301.0)
(301.0,301.0)
(687.0,301.0)
(299.0,301.0)
(299.0,301.0)
(301.0,301.0)
(335.0,301.0)
(299.0,301.0)
(299.0,301.0)
(299.0,301.0)
(299.0,301.0)
(687.0,301.0)
(299.0,301.0)
(301.0,301.0)
(301.0,301.0)
(301.0,301.0)
(687.0,301.0)
(299.0,301.0)
(301.0,301.0)
(299.0,301.0)
(299.0,301.0)
(692.0,301.0)
(301.0,301.0)
(301.0,301.0)
(301.0,301.0)
(301.0,301.0)
(299.0,301.0)
(301.0,301.0)
(692.0,301.0)
(299.0,301.0)
(299.0,301.0)
(301.0,301.0)
(301.0,301.0)
(687.0,301.0)
(301.0,301.0)
(301.0,301.0)
(301.0,301.0)
(301.0,301.0)
(692.0,301.0)
(301.0,301.0)
(687.0,301.0)
(687.0,301.0)
(301.0,301.0)
(303.0,301.0)
(299.0,301.0)
(301.0,301.0)
(301.0,301.0)
(301.0,301.0)
(692.0,301.0)
(301.0,301.0)
(301.0,301.0)
(299.0,301.0)
(301.0,301.0)
(335.0,301.0)
(299.0,301.0)
(301.0,301.0)
(301.0,301.0)
(299.0,301.0)
(335.0,301.0)
(301.0,301.0)
(301.0,301.0)
(299.0,301.0)
(299.0,301.0)
(299.0,301.0)
(301.0,301.0)
(692.0,301.0)
(301.0,301.0)
(301.0,301.0)
(301.0,301.0)
(301.0,301.0)
(301.0,301.0)
(301.0,301.0)
(299.0,301.0)
(301.0,301.0)
(301.0,301.0)
(301.0,301.0)
(301.0,301.0)
(301.0,301.0)
(301.0,301.0)
(301.0,301.0)
(301.0,301.0)
(301.0,301.0)
(301.0,301.0)
(301.0,301.0)
(301.0,301.0)
(301.0,301.0)
(301.0,301.0)
(301.0,301.0)
(301.0,301.0)
(301.0,301.0)
(301.0,301.0)
(301.0,301.0)
(301.0,301.0)
(301.0,301.0)
(301.0,301.0)
(301.0,301.0)
(301.0,301.0)
(301.0,301.0)
(301.0,301.0)
(301.0,301.0)
(301.0,301.0)
(301.0,301.0)
(301.0,301.0)
(301.0,301.0)
(301.0,301.0)
(301.0,301.0)
(301.0,301.0)
(301.0,301.0)
(301.0,301.0)
(301.0,301.0)
(301.0,301.0)
(301.0,301.0)
(301.0,301.0)
(301.0,301.0)
(301.0,301.0)
(301.0,301.0)
(301.0,301.0)
(301.0,301.0)
(301.0,301.0)
(301.0,301.0)
(301.0,301.0)
(301.0,301.0)
(301.0,301.0)
(301.0,301.0)
(301.0,301.0)
(301.0,301.0)
(301.0,301.0)
(301.0,301.0)
(301.0,301.0)
(301.0,301.0)
(301.0,301.0)
(301.0,301.0)
(301.0,301.0)
(301.0,301.0)
(301.0,301.0)
(301.0,301.0)
(301.0,301.0)
(301.0,301.0)
(301.0,301.0)
(301.0,301.0)
(301.0,301.0)
(301.0,301.0)
(301.0,301.0)
(301.0,301.0)
(301.0,301.0)
(301.0,301.0)
(301.0,301.0)
(301.0,301.0)
(301.0,301.0)
(301.0,301.0)
(301.0,301.0)
(301.0,301.0)
(301.0,301.0)
(301.0,301.0)
(301.0,301.0)
(301.0,301.0)
(301.0,301.0)
(301.0,301.0)
(301.0,301.0)
(301.0,301.0)
(301.0,301.0)
(301.0,301.0)
(301.0,301.0)
(301.0,301.0)
(301.0,301.0)
(301.0,301.0)
(301.0,301.0)
(301.0,301.0)
(301.0,301.0)
(301.0,301.0)
(301.0,301.0)
(301.0,301.0)
(301.0,301.0)
(301.0,301.0)
(301.0,301.0)
(301.0,301.0)
(301.0,301.0)
(301.0,301.0)
(301.0,301.0)
(301.0,301.0)
(301.0,301.0)
(301.0,301.0)
(301.0,301.0)
(301.0,301.0)
(301.0,301.0)
(301.0,301.0)
(301.0,301.0)
(301.0,301.0)
(301.0,301.0)
(301.0,301.0)
(301.0,301.0)
(301.0,301.0)
(301.0,301.0)
(301.0,301.0)
(301.0,301.0)
(301.0,301.0)
(301.0,301.0)
(301.0,301.0)
(301.0,301.0)
(301.0,301.0)
(301.0,301.0)
(301.0,301.0)
(301.0,301.0)
(301.0,301.0)
(301.0,301.0)
(301.0,301.0)
(301.0,301.0)
(301.0,301.0)
(301.0,301.0)
(301.0,301.0)
(301.0,301.0)
(301.0,301.0)
(301.0,301.0)
(301.0,301.0)
(301.0,301.0)
(301.0,301.0)
(301.0,301.0)
(301.0,301.0)
(301.0,301.0)
(301.0,301.0)
(301.0,301.0)
(301.0,301.0)
(301.0,301.0)
(301.0,301.0)
(301.0,301.0)
(301.0,301.0)
(301.0,301.0)
(301.0,301.0)
(301.0,301.0)
(301.0,301.0)
(301.0,301.0)
(301.0,301.0)
(301.0,301.0)
(301.0,301.0)
(301.0,301.0)
(301.0,301.0)
(301.0,301.0)
(301.0,301.0)
(301.0,301.0)
(301.0,301.0)
(301.0,301.0)
(301.0,301.0)
(301.0,301.0)
(301.0,301.0)
(301.0,301.0)
(301.0,301.0)
(301.0,301.0)
(301.0,301.0)
(301.0,301.0)
(301.0,301.0)
(301.0,301.0)
(301.0,301.0)
(301.0,301.0)
(301.0,301.0)
(301.0,301.0)
(301.0,301.0)
(301.0,301.0)
(301.0,301.0)
(301.0,301.0)
(301.0,301.0)
(302.0,301.0)
(301.0,301.0)
(301.0,301.0)
(301.0,301.0)
(301.0,301.0)
(302.0,301.0)
(301.0,301.0)
(301.0,301.0)
(301.0,301.0)
(301.0,301.0)
(301.0,301.0)
(301.0,301.0)
(301.0,301.0)
(301.0,301.0)
(301.0,301.0)
(301.0,301.0)
(301.0,301.0)
(301.0,301.0)
(302.0,301.0)
(301.0,301.0)
(301.0,301.0)
(302.0,301.0)
(301.0,301.0)
(301.0,301.0)
(302.0,301.0)
(301.0,301.0)
(301.0,301.0)
(301.0,301.0)
(301.0,301.0)
(301.0,301.0)
(301.0,301.0)
(301.0,301.0)
(301.0,301.0)
(302.0,301.0)
(301.0,301.0)
(301.0,301.0)
(301.0,301.0)
(301.0,301.0)
(301.0,301.0)
(301.0,301.0)
(301.0,301.0)
(301.0,301.0)
(301.0,301.0)
(301.0,301.0)
(301.0,301.0)
(301.0,301.0)
(301.0,301.0)
(301.0,301.0)
(301.0,301.0)
(301.0,301.0)
(302.0,301.0)
(301.0,301.0)
(301.0,301.0)
(301.0,301.0)
(301.0,301.0)
(301.0,301.0)
(302.0,301.0)
(301.0,301.0)
(301.0,301.0)
(302.0,301.0)
(301.0,301.0)
(301.0,301.0)
(301.0,301.0)
(301.0,301.0)
(301.0,301.0)
(302.0,301.0)
(301.0,301.0)
(302.0,301.0)
(301.0,301.0)
(301.0,301.0)
(301.0,301.0)
(301.0,301.0)
(301.0,301.0)
(301.0,301.0)
(301.0,301.0)
(301.0,301.0)
(301.0,301.0)
(301.0,301.0)
(301.0,301.0)
(302.0,301.0)
(302.0,301.0)
(302.0,301.0)
(301.0,301.0)
(301.0,301.0)
(301.0,301.0)
(301.0,301.0)
(301.0,301.0)
(301.0,301.0)
(301.0,301.0)
(301.0,301.0)
(301.0,301.0)
(301.0,301.0)
(301.0,301.0)
(301.0,301.0)
(301.0,301.0)
(301.0,301.0)
(302.0,301.0)
(301.0,301.0)
(301.0,301.0)
(301.0,301.0)
(302.0,301.0)
(301.0,301.0)
(302.0,301.0)
(301.0,301.0)
(301.0,301.0)
(301.0,301.0)
(301.0,301.0)
(301.0,301.0)
(301.0,301.0)
(302.0,301.0)
(301.0,301.0)
(301.0,301.0)
(301.0,301.0)
(301.0,301.0)
(301.0,301.0)
(301.0,301.0)
(301.0,301.0)
(301.0,301.0)
(301.0,301.0)
(301.0,301.0)
(301.0,301.0)
(301.0,301.0)
(288.0,301.0)
(301.0,301.0)
(692.0,301.0)
(301.0,301.0)
(301.0,301.0)
(301.0,301.0)
(692.0,301.0)
(288.0,301.0)
(301.0,301.0)
(301.0,301.0)
(301.0,301.0)
(301.0,301.0)
(301.0,301.0)
(301.0,301.0)
(301.0,301.0)
(301.0,301.0)
(301.0,301.0)
(301.0,301.0)
(301.0,301.0)
(301.0,301.0)
(301.0,301.0)
(301.0,301.0)
(288.0,301.0)
(301.0,301.0)
(301.0,301.0)
(301.0,301.0)
(288.0,301.0)
(301.0,301.0)
(301.0,301.0)
(288.0,301.0)
(301.0,301.0)
(301.0,301.0)
(692.0,301.0)
(301.0,301.0)
(301.0,301.0)
(301.0,301.0)
(301.0,301.0)
(301.0,301.0)
(301.0,301.0)
(301.0,301.0)
(301.0,301.0)
(288.0,301.0)
(301.0,301.0)
(301.0,301.0)
(301.0,301.0)
(301.0,301.0)
(301.0,301.0)
(301.0,301.0)
(692.0,301.0)
(301.0,301.0)
(301.0,301.0)
(301.0,301.0)
(301.0,301.0)
(301.0,301.0)
