(482.0,482.0)
(482.0,482.0)
(482.0,482.0)
(483.0,482.0)
(482.0,482.0)
(482.0,482.0)
(482.0,482.0)
(482.0,482.0)
(482.0,482.0)
(482.0,482.0)
(459.0,482.0)
(482.0,482.0)
(482.0,482.0)
(482.0,482.0)
(482.0,482.0)
(379.0,482.0)
(482.0,482.0)
(482.0,482.0)
(482.0,482.0)
(482.0,482.0)
(757.0,482.0)
(482.0,482.0)
(482.0,482.0)
(483.0,482.0)
(482.0,482.0)
(482.0,482.0)
(482.0,482.0)
(482.0,482.0)
(482.0,482.0)
(479.0,482.0)
(455.0,482.0)
(482.0,482.0)
(482.0,482.0)
(482.0,482.0)
(482.0,482.0)
(440.0,482.0)
(482.0,482.0)
(482.0,482.0)
(482.0,482.0)
(482.0,482.0)
(482.0,482.0)
(483.0,482.0)
(482.0,482.0)
(482.0,482.0)
(482.0,482.0)
(481.0,482.0)
(482.0,482.0)
(482.0,482.0)
(482.0,482.0)
(482.0,482.0)
(757.0,482.0)
(479.0,482.0)
(482.0,482.0)
(482.0,482.0)
(482.0,482.0)
(482.0,482.0)
(482.0,482.0)
(482.0,482.0)
(482.0,482.0)
(482.0,482.0)
(742.0,482.0)
(757.0,482.0)
(482.0,482.0)
(482.0,482.0)
(482.0,482.0)
(397.0,482.0)
(482.0,482.0)
(379.0,482.0)
(482.0,482.0)
(474.0,482.0)
(483.0,482.0)
(482.0,482.0)
(474.0,482.0)
(804.0,482.0)
(482.0,482.0)
(757.0,482.0)
(482.0,482.0)
(482.0,482.0)
(482.0,482.0)
(482.0,482.0)
(382.0,482.0)
(482.0,482.0)
(474.0,482.0)
(482.0,482.0)
(483.0,482.0)
(482.0,482.0)
(482.0,482.0)
(483.0,482.0)
(483.0,482.0)
(474.0,482.0)
(482.0,482.0)
(785.0,482.0)
(482.0,482.0)
(482.0,482.0)
(482.0,482.0)
(482.0,482.0)
(482.0,482.0)
(482.0,482.0)
(483.0,482.0)
(482.0,482.0)
(482.0,482.0)
(440.0,482.0)
(483.0,482.0)
(482.0,482.0)
(482.0,482.0)
(482.0,482.0)
(483.0,482.0)
(482.0,482.0)
(482.0,482.0)
(785.0,482.0)
(482.0,482.0)
(482.0,482.0)
(482.0,482.0)
(482.0,482.0)
(479.0,482.0)
(482.0,482.0)
(482.0,482.0)
(482.0,482.0)
(482.0,482.0)
(482.0,482.0)
(738.0,482.0)
(479.0,482.0)
(482.0,482.0)
(482.0,482.0)
(482.0,482.0)
(483.0,482.0)
(482.0,482.0)
(482.0,482.0)
(479.0,482.0)
(742.0,482.0)
(482.0,482.0)
(474.0,482.0)
(482.0,482.0)
(757.0,482.0)
(482.0,482.0)
(482.0,482.0)
(482.0,482.0)
(382.0,482.0)
(482.0,482.0)
(474.0,482.0)
(482.0,482.0)
(482.0,482.0)
(482.0,482.0)
(479.0,482.0)
(482.0,482.0)
(482.0,482.0)
(482.0,482.0)
(482.0,482.0)
(482.0,482.0)
(482.0,482.0)
(482.0,482.0)
(483.0,482.0)
(482.0,482.0)
(482.0,482.0)
(482.0,482.0)
(482.0,482.0)
(482.0,482.0)
(479.0,482.0)
(459.0,482.0)
(780.0,482.0)
(482.0,482.0)
(481.0,482.0)
(482.0,482.0)
(479.0,482.0)
(742.0,482.0)
(479.0,482.0)
(482.0,482.0)
(482.0,482.0)
(482.0,482.0)
(482.0,482.0)
(482.0,482.0)
(482.0,482.0)
(482.0,482.0)
(482.0,482.0)
(482.0,482.0)
(482.0,482.0)
(479.0,482.0)
(482.0,482.0)
(482.0,482.0)
(482.0,482.0)
(442.0,482.0)
(482.0,482.0)
(482.0,482.0)
(482.0,482.0)
(479.0,482.0)
(482.0,482.0)
(474.0,482.0)
(482.0,482.0)
(482.0,482.0)
(482.0,482.0)
(482.0,482.0)
(482.0,482.0)
(482.0,482.0)
(482.0,482.0)
(382.0,482.0)
(482.0,482.0)
(483.0,482.0)
(482.0,482.0)
(479.0,482.0)
(379.0,482.0)
(482.0,482.0)
(474.0,482.0)
(482.0,482.0)
(455.0,482.0)
(482.0,482.0)
(482.0,482.0)
(482.0,482.0)
(482.0,482.0)
(482.0,482.0)
(482.0,482.0)
(482.0,482.0)
(482.0,482.0)
(482.0,482.0)
(482.0,482.0)
(482.0,482.0)
(482.0,482.0)
(479.0,482.0)
(482.0,482.0)
(482.0,482.0)
(482.0,482.0)
(483.0,482.0)
(483.0,482.0)
(483.0,482.0)
(483.0,482.0)
(482.0,482.0)
(482.0,482.0)
(479.0,482.0)
(459.0,482.0)
(483.0,482.0)
(483.0,482.0)
(483.0,482.0)
(483.0,482.0)
(479.0,482.0)
(482.0,482.0)
(479.0,482.0)
(483.0,482.0)
(483.0,482.0)
(479.0,482.0)
(483.0,482.0)
(482.0,482.0)
(471.0,482.0)
(479.0,482.0)
(483.0,482.0)
(479.0,482.0)
(483.0,482.0)
(368.0,482.0)
(482.0,482.0)
(483.0,482.0)
(483.0,482.0)
(368.0,482.0)
(483.0,482.0)
(479.0,482.0)
(483.0,482.0)
(483.0,482.0)
(482.0,482.0)
(479.0,482.0)
(482.0,482.0)
(479.0,482.0)
(479.0,482.0)
(479.0,482.0)
(482.0,482.0)
(483.0,482.0)
(482.0,482.0)
(447.0,482.0)
(483.0,482.0)
(482.0,482.0)
(479.0,482.0)
(479.0,482.0)
(483.0,482.0)
(483.0,482.0)
(482.0,482.0)
(482.0,482.0)
(483.0,482.0)
(368.0,482.0)
(368.0,482.0)
(483.0,482.0)
(483.0,482.0)
(483.0,482.0)
(483.0,482.0)
(482.0,482.0)
(483.0,482.0)
(483.0,482.0)
(483.0,482.0)
(483.0,482.0)
(482.0,482.0)
(482.0,482.0)
(479.0,482.0)
(479.0,482.0)
(483.0,482.0)
(483.0,482.0)
(479.0,482.0)
(479.0,482.0)
(479.0,482.0)
(479.0,482.0)
(483.0,482.0)
(483.0,482.0)
(483.0,482.0)
(479.0,482.0)
(483.0,482.0)
(483.0,482.0)
(479.0,482.0)
(483.0,482.0)
(479.0,482.0)
(483.0,482.0)
(482.0,482.0)
(479.0,482.0)
(483.0,482.0)
(483.0,482.0)
(483.0,482.0)
(483.0,482.0)
(471.0,482.0)
(483.0,482.0)
(471.0,482.0)
(479.0,482.0)
(483.0,482.0)
(483.0,482.0)
(479.0,482.0)
(479.0,482.0)
(479.0,482.0)
(471.0,482.0)
(483.0,482.0)
(483.0,482.0)
(483.0,482.0)
(479.0,482.0)
(483.0,482.0)
(482.0,482.0)
(483.0,482.0)
(479.0,482.0)
(479.0,482.0)
(479.0,482.0)
(479.0,482.0)
(483.0,482.0)
(483.0,482.0)
(368.0,482.0)
(483.0,482.0)
(483.0,482.0)
(482.0,482.0)
(479.0,482.0)
(479.0,482.0)
(483.0,482.0)
(483.0,482.0)
(483.0,482.0)
(483.0,482.0)
(483.0,482.0)
(483.0,482.0)
(483.0,482.0)
(368.0,482.0)
(483.0,482.0)
(798.0,482.0)
(483.0,482.0)
(479.0,482.0)
(483.0,482.0)
(483.0,482.0)
(483.0,482.0)
(483.0,482.0)
(483.0,482.0)
(780.0,482.0)
(479.0,482.0)
(483.0,482.0)
(483.0,482.0)
(483.0,482.0)
(479.0,482.0)
(479.0,482.0)
(479.0,482.0)
(367.0,482.0)
(483.0,482.0)
(483.0,482.0)
(483.0,482.0)
(483.0,482.0)
(483.0,482.0)
(479.0,482.0)
(471.0,482.0)
(483.0,482.0)
(483.0,482.0)
(483.0,482.0)
(483.0,482.0)
(483.0,482.0)
(479.0,482.0)
(483.0,482.0)
(785.0,482.0)
(479.0,482.0)
(483.0,482.0)
(483.0,482.0)
(471.0,482.0)
(785.0,482.0)
(483.0,482.0)
(479.0,482.0)
(479.0,482.0)
(483.0,482.0)
(479.0,482.0)
(483.0,482.0)
(482.0,482.0)
(482.0,482.0)
(780.0,482.0)
(471.0,482.0)
(471.0,482.0)
(483.0,482.0)
(483.0,482.0)
(479.0,482.0)
(483.0,482.0)
(368.0,482.0)
(483.0,482.0)
(483.0,482.0)
(483.0,482.0)
(483.0,482.0)
(479.0,482.0)
(483.0,482.0)
(483.0,482.0)
(479.0,482.0)
(482.0,482.0)
(479.0,482.0)
(479.0,482.0)
(479.0,482.0)
(479.0,482.0)
(482.0,482.0)
(483.0,482.0)
(479.0,482.0)
(398.0,482.0)
(483.0,482.0)
(482.0,482.0)
(483.0,482.0)
(479.0,482.0)
(482.0,482.0)
(475.0,482.0)
(482.0,482.0)
(483.0,482.0)
(483.0,482.0)
(479.0,482.0)
(482.0,482.0)
(482.0,482.0)
(483.0,482.0)
(483.0,482.0)
(479.0,482.0)
(482.0,482.0)
(483.0,482.0)
(482.0,482.0)
(482.0,482.0)
(483.0,482.0)
(482.0,482.0)
(482.0,482.0)
(483.0,482.0)
(482.0,482.0)
(479.0,482.0)
(479.0,482.0)
(482.0,482.0)
(482.0,482.0)
(459.0,482.0)
(482.0,482.0)
(482.0,482.0)
(482.0,482.0)
(482.0,482.0)
(482.0,482.0)
(483.0,482.0)
(479.0,482.0)
(479.0,482.0)
(482.0,482.0)
(483.0,482.0)
(482.0,482.0)
(483.0,482.0)
(479.0,482.0)
(483.0,482.0)
(483.0,482.0)
(483.0,482.0)
(804.0,482.0)
(479.0,482.0)
(483.0,482.0)
(482.0,482.0)
(479.0,482.0)
(483.0,482.0)
(482.0,482.0)
(482.0,482.0)
(483.0,482.0)
(479.0,482.0)
(483.0,482.0)
(482.0,482.0)
(804.0,482.0)
(482.0,482.0)
(483.0,482.0)
(482.0,482.0)
(482.0,482.0)
(483.0,482.0)
(483.0,482.0)
(455.0,482.0)
(482.0,482.0)
(482.0,482.0)
(482.0,482.0)
(482.0,482.0)
(482.0,482.0)
(482.0,482.0)
(482.0,482.0)
(483.0,482.0)
(482.0,482.0)
(482.0,482.0)
(482.0,482.0)
(482.0,482.0)
(482.0,482.0)
(482.0,482.0)
(482.0,482.0)
(482.0,482.0)
(482.0,482.0)
(479.0,482.0)
(482.0,482.0)
(482.0,482.0)
(479.0,482.0)
(482.0,482.0)
(482.0,482.0)
(482.0,482.0)
(482.0,482.0)
(479.0,482.0)
(482.0,482.0)
(483.0,482.0)
(483.0,482.0)
(483.0,482.0)
(479.0,482.0)
(482.0,482.0)
(483.0,482.0)
(483.0,482.0)
(482.0,482.0)
(482.0,482.0)
(483.0,482.0)
(482.0,482.0)
(483.0,482.0)
(482.0,482.0)
(482.0,482.0)
(479.0,482.0)
(482.0,482.0)
(483.0,482.0)
(482.0,482.0)
(479.0,482.0)
(482.0,482.0)
(482.0,482.0)
(482.0,482.0)
(482.0,482.0)
(482.0,482.0)
(482.0,482.0)
(482.0,482.0)
(482.0,482.0)
(482.0,482.0)
(482.0,482.0)
(483.0,482.0)
(479.0,482.0)
(482.0,482.0)
(804.0,482.0)
(482.0,482.0)
(483.0,482.0)
(482.0,482.0)
(482.0,482.0)
(482.0,482.0)
(482.0,482.0)
(482.0,482.0)
(483.0,482.0)
(482.0,482.0)
(483.0,482.0)
(482.0,482.0)
(482.0,482.0)
(482.0,482.0)
(483.0,482.0)
(482.0,482.0)
(482.0,482.0)
(483.0,482.0)
(482.0,482.0)
(483.0,482.0)
(482.0,482.0)
(482.0,482.0)
(482.0,482.0)
(482.0,482.0)
(482.0,482.0)
(482.0,482.0)
(479.0,482.0)
(483.0,482.0)
(483.0,482.0)
(482.0,482.0)
(483.0,482.0)
(479.0,482.0)
(482.0,482.0)
(482.0,482.0)
(482.0,482.0)
(479.0,482.0)
(482.0,482.0)
(483.0,482.0)
(483.0,482.0)
(482.0,482.0)
(482.0,482.0)
(482.0,482.0)
(482.0,482.0)
(482.0,482.0)
(482.0,482.0)
(483.0,482.0)
(482.0,482.0)
(482.0,482.0)
(483.0,482.0)
(482.0,482.0)
(479.0,482.0)
(482.0,482.0)
(482.0,482.0)
(482.0,482.0)
(482.0,482.0)
(483.0,482.0)
(483.0,482.0)
(482.0,482.0)
(482.0,482.0)
(479.0,482.0)
(483.0,482.0)
(482.0,482.0)
(482.0,482.0)
(482.0,482.0)
(482.0,482.0)
(804.0,482.0)
(482.0,482.0)
(483.0,482.0)
(482.0,482.0)
(482.0,482.0)
(482.0,482.0)
(479.0,482.0)
(482.0,482.0)
(482.0,482.0)
(483.0,482.0)
(482.0,482.0)
(482.0,482.0)
(482.0,482.0)
(483.0,482.0)
(479.0,482.0)
(482.0,482.0)
(482.0,482.0)
(479.0,482.0)
(482.0,482.0)
(479.0,482.0)
(482.0,482.0)
(482.0,482.0)
(483.0,482.0)
(482.0,482.0)
(483.0,482.0)
(479.0,482.0)
(482.0,482.0)
(479.0,482.0)
(482.0,482.0)
(482.0,482.0)
(479.0,482.0)
(479.0,482.0)
(479.0,482.0)
(483.0,482.0)
(483.0,482.0)
(482.0,482.0)
(482.0,482.0)
(482.0,482.0)
(483.0,482.0)
(482.0,482.0)
(482.0,482.0)
(455.0,482.0)
(479.0,482.0)
(483.0,482.0)
(482.0,482.0)
(479.0,482.0)
(479.0,482.0)
(482.0,482.0)
(483.0,482.0)
(483.0,482.0)
(479.0,482.0)
(482.0,482.0)
(479.0,482.0)
(482.0,482.0)
(483.0,482.0)
(482.0,482.0)
(482.0,482.0)
(482.0,482.0)
(482.0,482.0)
(482.0,482.0)
(482.0,482.0)
(483.0,482.0)
(482.0,482.0)
(482.0,482.0)
(482.0,482.0)
(483.0,482.0)
(482.0,482.0)
(482.0,482.0)
(479.0,482.0)
(482.0,482.0)
(482.0,482.0)
(482.0,482.0)
(471.0,482.0)
(482.0,482.0)
(479.0,482.0)
(482.0,482.0)
(479.0,482.0)
(482.0,482.0)
(482.0,482.0)
(482.0,482.0)
(482.0,482.0)
(482.0,482.0)
(482.0,482.0)
(482.0,482.0)
(483.0,482.0)
(479.0,482.0)
(483.0,482.0)
(482.0,482.0)
(483.0,482.0)
(483.0,482.0)
(482.0,482.0)
(482.0,482.0)
(482.0,482.0)
(483.0,482.0)
(417.0,482.0)
(482.0,482.0)
(482.0,482.0)
(386.0,482.0)
(479.0,482.0)
(483.0,482.0)
(482.0,482.0)
(482.0,482.0)
(482.0,482.0)
(482.0,482.0)
(482.0,482.0)
(482.0,482.0)
(483.0,482.0)
(482.0,482.0)
(482.0,482.0)
(479.0,482.0)
(482.0,482.0)
(479.0,482.0)
(482.0,482.0)
(482.0,482.0)
(482.0,482.0)
(482.0,482.0)
(482.0,482.0)
(482.0,482.0)
(482.0,482.0)
(483.0,482.0)
(482.0,482.0)
(483.0,482.0)
(483.0,482.0)
(479.0,482.0)
(483.0,482.0)
(804.0,482.0)
(479.0,482.0)
(482.0,482.0)
(479.0,482.0)
(479.0,482.0)
(482.0,482.0)
(482.0,482.0)
(483.0,482.0)
(479.0,482.0)
(483.0,482.0)
(482.0,482.0)
(483.0,482.0)
(479.0,482.0)
(483.0,482.0)
(479.0,482.0)
(482.0,482.0)
(482.0,482.0)
(479.0,482.0)
(479.0,482.0)
(479.0,482.0)
(482.0,482.0)
(479.0,482.0)
(479.0,482.0)
(483.0,482.0)
(482.0,482.0)
(479.0,482.0)
(482.0,482.0)
(483.0,482.0)
(482.0,482.0)
(483.0,482.0)
(479.0,482.0)
(479.0,482.0)
(479.0,482.0)
(482.0,482.0)
(483.0,482.0)
(482.0,482.0)
(483.0,482.0)
(482.0,482.0)
(483.0,482.0)
(482.0,482.0)
(482.0,482.0)
(483.0,482.0)
(482.0,482.0)
(482.0,482.0)
(479.0,482.0)
(482.0,482.0)
(483.0,482.0)
(482.0,482.0)
(483.0,482.0)
(483.0,482.0)
(482.0,482.0)
(482.0,482.0)
(483.0,482.0)
(483.0,482.0)
(482.0,482.0)
(482.0,482.0)
(482.0,482.0)
(482.0,482.0)
(483.0,482.0)
(479.0,482.0)
(482.0,482.0)
(479.0,482.0)
(482.0,482.0)
(479.0,482.0)
(479.0,482.0)
(483.0,482.0)
(479.0,482.0)
(482.0,482.0)
(482.0,482.0)
(479.0,482.0)
(482.0,482.0)
(482.0,482.0)
(479.0,482.0)
(479.0,482.0)
(447.0,482.0)
(483.0,482.0)
(482.0,482.0)
(482.0,482.0)
(482.0,482.0)
(482.0,482.0)
(483.0,482.0)
(483.0,482.0)
(474.0,482.0)
(482.0,482.0)
(483.0,482.0)
(482.0,482.0)
(482.0,482.0)
(483.0,482.0)
(482.0,482.0)
(482.0,482.0)
(482.0,482.0)
(482.0,482.0)
(482.0,482.0)
(479.0,482.0)
(479.0,482.0)
(482.0,482.0)
(483.0,482.0)
(483.0,482.0)
(483.0,482.0)
(482.0,482.0)
(483.0,482.0)
(479.0,482.0)
(483.0,482.0)
(483.0,482.0)
(482.0,482.0)
(482.0,482.0)
(483.0,482.0)
(482.0,482.0)
(482.0,482.0)
(482.0,482.0)
(482.0,482.0)
(482.0,482.0)
(482.0,482.0)
(483.0,482.0)
(483.0,482.0)
(483.0,482.0)
(483.0,482.0)
(479.0,482.0)
(479.0,482.0)
(482.0,482.0)
(482.0,482.0)
(482.0,482.0)
(482.0,482.0)
(482.0,482.0)
(483.0,482.0)
(483.0,482.0)
(479.0,482.0)
(479.0,482.0)
(483.0,482.0)
(483.0,482.0)
(482.0,482.0)
(479.0,482.0)
(483.0,482.0)
(482.0,482.0)
(483.0,482.0)
(483.0,482.0)
(479.0,482.0)
(482.0,482.0)
(482.0,482.0)
(483.0,482.0)
(482.0,482.0)
(483.0,482.0)
(479.0,482.0)
(483.0,482.0)
(479.0,482.0)
(483.0,482.0)
(483.0,482.0)
(479.0,482.0)
(482.0,482.0)
(455.0,482.0)
(479.0,482.0)
(483.0,482.0)
(804.0,482.0)
(482.0,482.0)
(482.0,482.0)
(482.0,482.0)
(482.0,482.0)
(483.0,482.0)
(479.0,482.0)
(804.0,482.0)
(479.0,482.0)
(482.0,482.0)
(482.0,482.0)
(479.0,482.0)
(482.0,482.0)
(482.0,482.0)
(483.0,482.0)
(479.0,482.0)
(479.0,482.0)
(479.0,482.0)
(482.0,482.0)
(482.0,482.0)
(447.0,482.0)
(479.0,482.0)
(447.0,482.0)
(482.0,482.0)
(479.0,482.0)
(482.0,482.0)
(483.0,482.0)
(482.0,482.0)
(479.0,482.0)
(479.0,482.0)
(479.0,482.0)
(482.0,482.0)
(483.0,482.0)
(483.0,482.0)
(482.0,482.0)
(482.0,482.0)
(482.0,482.0)
(804.0,482.0)
(483.0,482.0)
(479.0,482.0)
(483.0,482.0)
(482.0,482.0)
(479.0,482.0)
(479.0,482.0)
(482.0,482.0)
(804.0,482.0)
(482.0,482.0)
(447.0,482.0)
(482.0,482.0)
(482.0,482.0)
(483.0,482.0)
(447.0,482.0)
(483.0,482.0)
(479.0,482.0)
(482.0,482.0)
(482.0,482.0)
(482.0,482.0)
(483.0,482.0)
(479.0,482.0)
(483.0,482.0)
(482.0,482.0)
(482.0,482.0)
(482.0,482.0)
(482.0,482.0)
(482.0,482.0)
(455.0,482.0)
(482.0,482.0)
(482.0,482.0)
(483.0,482.0)
(482.0,482.0)
(482.0,482.0)
(482.0,482.0)
(483.0,482.0)
(482.0,482.0)
(483.0,482.0)
(483.0,482.0)
(482.0,482.0)
(482.0,482.0)
(482.0,482.0)
(482.0,482.0)
(479.0,482.0)
(482.0,482.0)
(479.0,482.0)
(354.0,482.0)
(482.0,482.0)
(479.0,482.0)
(483.0,482.0)
(479.0,482.0)
(483.0,482.0)
(482.0,482.0)
(479.0,482.0)
(482.0,482.0)
(482.0,482.0)
(483.0,482.0)
(483.0,482.0)
(483.0,482.0)
(482.0,482.0)
(482.0,482.0)
(804.0,482.0)
(483.0,482.0)
(479.0,482.0)
(482.0,482.0)
(483.0,482.0)
(482.0,482.0)
(483.0,482.0)
(482.0,482.0)
(479.0,482.0)
(482.0,482.0)
(483.0,482.0)
(483.0,482.0)
(483.0,482.0)
(483.0,482.0)
(482.0,482.0)
(483.0,482.0)
(483.0,482.0)
(447.0,482.0)
(483.0,482.0)
(483.0,482.0)
(482.0,482.0)
(482.0,482.0)
(483.0,482.0)
(482.0,482.0)
(483.0,482.0)
(483.0,482.0)
(483.0,482.0)
(483.0,482.0)
(483.0,482.0)
(483.0,482.0)
(483.0,482.0)
(483.0,482.0)
(483.0,482.0)
(483.0,482.0)
(483.0,482.0)
(482.0,482.0)
(483.0,482.0)
(482.0,482.0)
(483.0,482.0)
(483.0,482.0)
(482.0,482.0)
(483.0,482.0)
(483.0,482.0)
(483.0,482.0)
(483.0,482.0)
(483.0,482.0)
(482.0,482.0)
(482.0,482.0)
(483.0,482.0)
(483.0,482.0)
(483.0,482.0)
(483.0,482.0)
(483.0,482.0)
(483.0,482.0)
(483.0,482.0)
(462.0,482.0)
(483.0,482.0)
(483.0,482.0)
(482.0,482.0)
(483.0,482.0)
(483.0,482.0)
(483.0,482.0)
(483.0,482.0)
(482.0,482.0)
(483.0,482.0)
(804.0,482.0)
(483.0,482.0)
(483.0,482.0)
(483.0,482.0)
(482.0,482.0)
(483.0,482.0)
(482.0,482.0)
(483.0,482.0)
(482.0,482.0)
(483.0,482.0)
(482.0,482.0)
(482.0,482.0)
(483.0,482.0)
(482.0,482.0)
(482.0,482.0)
(482.0,482.0)
(482.0,482.0)
(482.0,482.0)
(482.0,482.0)
(482.0,482.0)
(482.0,482.0)
(482.0,482.0)
(482.0,482.0)
(483.0,482.0)
(483.0,482.0)
(482.0,482.0)
(482.0,482.0)
(771.0,482.0)
(482.0,482.0)
(483.0,482.0)
(474.0,482.0)
(482.0,482.0)
(483.0,482.0)
(483.0,482.0)
(483.0,482.0)
(482.0,482.0)
(775.0,482.0)
(482.0,482.0)
(483.0,482.0)
(483.0,482.0)
(482.0,482.0)
(483.0,482.0)
(483.0,482.0)
(482.0,482.0)
(471.0,482.0)
(482.0,482.0)
(455.0,482.0)
(482.0,482.0)
(482.0,482.0)
(482.0,482.0)
(482.0,482.0)
(482.0,482.0)
(483.0,482.0)
(483.0,482.0)
(482.0,482.0)
(483.0,482.0)
(483.0,482.0)
(482.0,482.0)
(771.0,482.0)
(483.0,482.0)
(483.0,482.0)
(482.0,482.0)
(483.0,482.0)
(483.0,482.0)
(455.0,482.0)
(483.0,482.0)
(483.0,482.0)
(483.0,482.0)
(483.0,482.0)
(482.0,482.0)
(482.0,482.0)
(482.0,482.0)
(483.0,482.0)
(483.0,482.0)
(483.0,482.0)
(483.0,482.0)
(483.0,482.0)
(483.0,482.0)
(483.0,482.0)
(483.0,482.0)
(483.0,482.0)
(483.0,482.0)
(482.0,482.0)
(447.0,482.0)
(482.0,482.0)
(483.0,482.0)
(483.0,482.0)
(482.0,482.0)
(482.0,482.0)
(483.0,482.0)
(483.0,482.0)
(482.0,482.0)
(482.0,482.0)
(483.0,482.0)
(482.0,482.0)
(483.0,482.0)
(482.0,482.0)
(483.0,482.0)
(483.0,482.0)
(483.0,482.0)
(482.0,482.0)
(483.0,482.0)
(483.0,482.0)
(483.0,482.0)
(482.0,482.0)
(483.0,482.0)
(483.0,482.0)
(483.0,482.0)
(482.0,482.0)
(482.0,482.0)
(483.0,482.0)
(483.0,482.0)
(482.0,482.0)
(482.0,482.0)
(482.0,482.0)
(483.0,482.0)
(771.0,482.0)
(482.0,482.0)
(483.0,482.0)
(455.0,482.0)
(482.0,482.0)
(511.0,482.0)
(482.0,482.0)
(482.0,482.0)
(482.0,482.0)
(482.0,482.0)
(482.0,482.0)
(482.0,482.0)
(482.0,482.0)
(483.0,482.0)
(483.0,482.0)
(482.0,482.0)
(483.0,482.0)
(482.0,482.0)
(482.0,482.0)
(483.0,482.0)
(483.0,482.0)
(483.0,482.0)
(483.0,482.0)
(483.0,482.0)
(482.0,482.0)
(483.0,482.0)
(482.0,482.0)
(482.0,482.0)
(482.0,482.0)
(483.0,482.0)
(483.0,482.0)
(482.0,482.0)
(483.0,482.0)
(483.0,482.0)
(482.0,482.0)
(483.0,482.0)
(483.0,482.0)
(483.0,482.0)
(482.0,482.0)
(483.0,482.0)
(483.0,482.0)
(482.0,482.0)
(483.0,482.0)
(483.0,482.0)
(482.0,482.0)
(483.0,482.0)
(482.0,482.0)
(482.0,482.0)
(483.0,482.0)
(483.0,482.0)
(483.0,482.0)
(483.0,482.0)
(482.0,482.0)
(482.0,482.0)
(483.0,482.0)
(482.0,482.0)
(482.0,482.0)
(482.0,482.0)
(482.0,482.0)
(483.0,482.0)
(483.0,482.0)
(483.0,482.0)
(482.0,482.0)
(483.0,482.0)
(483.0,482.0)
(482.0,482.0)
(482.0,482.0)
(482.0,482.0)
(482.0,482.0)
(482.0,482.0)
(455.0,482.0)
(482.0,482.0)
(482.0,482.0)
(483.0,482.0)
(483.0,482.0)
(482.0,482.0)
(483.0,482.0)
(483.0,482.0)
(482.0,482.0)
(483.0,482.0)
(482.0,482.0)
(483.0,482.0)
(482.0,482.0)
(482.0,482.0)
(483.0,482.0)
(483.0,482.0)
(483.0,482.0)
(482.0,482.0)
(482.0,482.0)
(483.0,482.0)
(483.0,482.0)
(482.0,482.0)
(482.0,482.0)
(482.0,482.0)
(482.0,482.0)
(482.0,482.0)
(482.0,482.0)
(482.0,482.0)
(483.0,482.0)
(482.0,482.0)
(483.0,482.0)
(482.0,482.0)
(482.0,482.0)
(482.0,482.0)
(483.0,482.0)
(482.0,482.0)
(482.0,482.0)
(481.0,482.0)
(482.0,482.0)
(482.0,482.0)
(483.0,482.0)
(435.0,482.0)
(483.0,482.0)
(483.0,482.0)
(483.0,482.0)
(483.0,482.0)
(483.0,482.0)
(482.0,482.0)
(482.0,482.0)
(483.0,482.0)
(482.0,482.0)
(483.0,482.0)
(482.0,482.0)
(482.0,482.0)
(483.0,482.0)
(483.0,482.0)
(483.0,482.0)
(483.0,482.0)
(483.0,482.0)
(482.0,482.0)
(483.0,482.0)
(482.0,482.0)
(482.0,482.0)
(483.0,482.0)
(482.0,482.0)
(483.0,482.0)
(483.0,482.0)
(482.0,482.0)
(482.0,482.0)
(483.0,482.0)
(483.0,482.0)
(483.0,482.0)
(483.0,482.0)
(482.0,482.0)
(483.0,482.0)
(483.0,482.0)
(482.0,482.0)
(483.0,482.0)
(482.0,482.0)
(483.0,482.0)
(482.0,482.0)
(483.0,482.0)
(483.0,482.0)
(482.0,482.0)
(804.0,482.0)
(482.0,482.0)
(482.0,482.0)
(483.0,482.0)
(483.0,482.0)
(482.0,482.0)
(483.0,482.0)
(483.0,482.0)
(483.0,482.0)
(482.0,482.0)
(482.0,482.0)
(482.0,482.0)
(482.0,482.0)
(482.0,482.0)
(483.0,482.0)
(483.0,482.0)
(483.0,482.0)
(483.0,482.0)
(483.0,482.0)
(482.0,482.0)
(482.0,482.0)
(482.0,482.0)
(482.0,482.0)
(482.0,482.0)
(482.0,482.0)
(482.0,482.0)
(482.0,482.0)
(482.0,482.0)
(482.0,482.0)
(483.0,482.0)
(482.0,482.0)
(482.0,482.0)
(482.0,482.0)
(482.0,482.0)
(482.0,482.0)
(483.0,482.0)
(483.0,482.0)
(482.0,482.0)
(483.0,482.0)
(482.0,482.0)
(482.0,482.0)
(482.0,482.0)
(482.0,482.0)
(482.0,482.0)
(482.0,482.0)
(483.0,482.0)
(483.0,482.0)
(483.0,482.0)
(482.0,482.0)
(482.0,482.0)
(482.0,482.0)
(483.0,482.0)
(483.0,482.0)
(482.0,482.0)
(482.0,482.0)
(482.0,482.0)
(482.0,482.0)
(483.0,482.0)
(483.0,482.0)
(482.0,482.0)
(482.0,482.0)
(482.0,482.0)
(483.0,482.0)
(482.0,482.0)
(483.0,482.0)
(483.0,482.0)
(482.0,482.0)
(482.0,482.0)
(479.0,482.0)
(482.0,482.0)
(482.0,482.0)
(482.0,482.0)
(483.0,482.0)
(482.0,482.0)
(482.0,482.0)
(751.0,482.0)
(482.0,482.0)
(483.0,482.0)
(482.0,482.0)
(483.0,482.0)
(483.0,482.0)
(483.0,482.0)
(442.0,482.0)
(483.0,482.0)
(483.0,482.0)
(786.0,482.0)
(483.0,482.0)
(483.0,482.0)
(482.0,482.0)
(483.0,482.0)
(482.0,482.0)
(483.0,482.0)
(483.0,482.0)
(482.0,482.0)
(482.0,482.0)
(483.0,482.0)
(482.0,482.0)
(482.0,482.0)
(482.0,482.0)
(483.0,482.0)
(483.0,482.0)
(483.0,482.0)
(483.0,482.0)
(482.0,482.0)
(483.0,482.0)
(483.0,482.0)
(482.0,482.0)
(483.0,482.0)
(483.0,482.0)
(483.0,482.0)
(482.0,482.0)
(479.0,482.0)
(483.0,482.0)
(483.0,482.0)
(483.0,482.0)
(482.0,482.0)
(482.0,482.0)
(483.0,482.0)
(482.0,482.0)
(482.0,482.0)
(482.0,482.0)
(483.0,482.0)
(483.0,482.0)
(483.0,482.0)
(483.0,482.0)
(483.0,482.0)
(482.0,482.0)
(482.0,482.0)
(483.0,482.0)
(483.0,482.0)
(483.0,482.0)
(482.0,482.0)
(483.0,482.0)
(482.0,482.0)
(483.0,482.0)
(459.0,482.0)
(483.0,482.0)
(483.0,482.0)
(482.0,482.0)
(482.0,482.0)
(483.0,482.0)
(472.0,482.0)
(483.0,482.0)
(483.0,482.0)
(483.0,482.0)
(483.0,482.0)
(482.0,482.0)
(482.0,482.0)
(483.0,482.0)
(482.0,482.0)
(482.0,482.0)
(482.0,482.0)
(483.0,482.0)
(483.0,482.0)
(483.0,482.0)
(483.0,482.0)
(483.0,482.0)
(483.0,482.0)
(483.0,482.0)
(483.0,482.0)
(483.0,482.0)
(483.0,482.0)
(483.0,482.0)
(482.0,482.0)
(483.0,482.0)
(482.0,482.0)
(483.0,482.0)
(804.0,482.0)
(483.0,482.0)
(483.0,482.0)
(483.0,482.0)
(483.0,482.0)
(482.0,482.0)
(483.0,482.0)
(482.0,482.0)
(483.0,482.0)
(483.0,482.0)
(482.0,482.0)
(447.0,482.0)
(483.0,482.0)
(483.0,482.0)
(474.0,482.0)
(435.0,482.0)
(483.0,482.0)
(483.0,482.0)
(483.0,482.0)
(483.0,482.0)
(483.0,482.0)
(483.0,482.0)
(482.0,482.0)
(482.0,482.0)
(471.0,482.0)
(482.0,482.0)
(483.0,482.0)
(482.0,482.0)
(483.0,482.0)
(472.0,482.0)
(483.0,482.0)
(482.0,482.0)
(483.0,482.0)
(482.0,482.0)
(483.0,482.0)
(483.0,482.0)
(483.0,482.0)
(483.0,482.0)
(483.0,482.0)
(483.0,482.0)
(483.0,482.0)
(482.0,482.0)
(483.0,482.0)
(479.0,482.0)
(483.0,482.0)
(483.0,482.0)
(482.0,482.0)
(483.0,482.0)
(483.0,482.0)
(482.0,482.0)
(482.0,482.0)
(483.0,482.0)
(483.0,482.0)
(483.0,482.0)
(482.0,482.0)
(483.0,482.0)
(482.0,482.0)
(483.0,482.0)
(483.0,482.0)
(483.0,482.0)
(483.0,482.0)
(482.0,482.0)
(482.0,482.0)
(482.0,482.0)
(483.0,482.0)
(483.0,482.0)
(482.0,482.0)
(483.0,482.0)
(483.0,482.0)
(482.0,482.0)
(483.0,482.0)
(482.0,482.0)
(483.0,482.0)
(482.0,482.0)
(483.0,482.0)
(483.0,482.0)
(483.0,482.0)
(482.0,482.0)
(483.0,482.0)
(483.0,482.0)
(483.0,482.0)
(482.0,482.0)
(483.0,482.0)
(482.0,482.0)
(483.0,482.0)
(483.0,482.0)
(483.0,482.0)
(483.0,482.0)
(481.0,482.0)
(482.0,482.0)
(483.0,482.0)
(482.0,482.0)
(483.0,482.0)
(482.0,482.0)
(482.0,482.0)
(483.0,482.0)
(483.0,482.0)
(483.0,482.0)
(483.0,482.0)
(483.0,482.0)
(483.0,482.0)
(483.0,482.0)
(482.0,482.0)
(482.0,482.0)
(435.0,482.0)
(483.0,482.0)
(482.0,482.0)
(483.0,482.0)
(482.0,482.0)
(483.0,482.0)
(482.0,482.0)
(483.0,482.0)
(482.0,482.0)
(483.0,482.0)
(482.0,482.0)
(482.0,482.0)
(482.0,482.0)
(483.0,482.0)
(482.0,482.0)
(482.0,482.0)
(482.0,482.0)
(483.0,482.0)
(483.0,482.0)
(482.0,482.0)
(482.0,482.0)
(479.0,482.0)
(483.0,482.0)
(482.0,482.0)
(482.0,482.0)
(482.0,482.0)
(483.0,482.0)
(483.0,482.0)
(771.0,482.0)
(482.0,482.0)
(483.0,482.0)
(447.0,482.0)
(482.0,482.0)
(482.0,482.0)
(482.0,482.0)
(482.0,482.0)
(483.0,482.0)
(483.0,482.0)
(482.0,482.0)
(483.0,482.0)
(482.0,482.0)
(483.0,482.0)
(483.0,482.0)
(482.0,482.0)
(482.0,482.0)
(483.0,482.0)
(483.0,482.0)
(482.0,482.0)
(483.0,482.0)
(482.0,482.0)
(482.0,482.0)
(482.0,482.0)
(482.0,482.0)
(483.0,482.0)
(482.0,482.0)
(483.0,482.0)
(482.0,482.0)
(483.0,482.0)
(482.0,482.0)
(483.0,482.0)
(482.0,482.0)
(482.0,482.0)
(482.0,482.0)
(455.0,482.0)
(482.0,482.0)
(483.0,482.0)
(381.0,482.0)
(483.0,482.0)
(482.0,482.0)
(483.0,482.0)
(482.0,482.0)
(482.0,482.0)
(483.0,482.0)
(482.0,482.0)
(483.0,482.0)
(482.0,482.0)
(483.0,482.0)
(482.0,482.0)
(479.0,482.0)
(483.0,482.0)
(482.0,482.0)
(482.0,482.0)
(482.0,482.0)
(482.0,482.0)
(483.0,482.0)
(482.0,482.0)
(482.0,482.0)
(483.0,482.0)
(482.0,482.0)
(482.0,482.0)
(483.0,482.0)
(483.0,482.0)
(482.0,482.0)
(483.0,482.0)
(483.0,482.0)
(482.0,482.0)
(483.0,482.0)
(483.0,482.0)
(482.0,482.0)
(482.0,482.0)
(483.0,482.0)
(482.0,482.0)
(483.0,482.0)
(483.0,482.0)
(483.0,482.0)
(483.0,482.0)
(472.0,482.0)
(482.0,482.0)
(482.0,482.0)
(482.0,482.0)
(482.0,482.0)
(482.0,482.0)
(483.0,482.0)
(482.0,482.0)
(483.0,482.0)
(483.0,482.0)
(483.0,482.0)
(483.0,482.0)
(482.0,482.0)
(483.0,482.0)
(483.0,482.0)
(483.0,482.0)
(482.0,482.0)
(483.0,482.0)
(483.0,482.0)
(483.0,482.0)
(483.0,482.0)
(482.0,482.0)
(483.0,482.0)
(483.0,482.0)
(482.0,482.0)
(482.0,482.0)
(483.0,482.0)
(482.0,482.0)
(483.0,482.0)
(483.0,482.0)
(483.0,482.0)
(483.0,482.0)
(483.0,482.0)
(482.0,482.0)
(482.0,482.0)
(482.0,482.0)
(483.0,482.0)
(482.0,482.0)
(483.0,482.0)
(482.0,482.0)
(483.0,482.0)
(482.0,482.0)
(482.0,482.0)
(483.0,482.0)
(483.0,482.0)
(483.0,482.0)
(483.0,482.0)
(482.0,482.0)
(483.0,482.0)
(483.0,482.0)
(483.0,482.0)
(482.0,482.0)
(483.0,482.0)
(482.0,482.0)
(483.0,482.0)
(483.0,482.0)
(482.0,482.0)
(483.0,482.0)
(482.0,482.0)
(483.0,482.0)
(482.0,482.0)
(482.0,482.0)
(483.0,482.0)
(483.0,482.0)
(406.0,482.0)
(483.0,482.0)
(483.0,482.0)
(482.0,482.0)
(482.0,482.0)
(482.0,482.0)
(483.0,482.0)
(483.0,482.0)
(483.0,482.0)
(482.0,482.0)
(483.0,482.0)
(483.0,482.0)
(482.0,482.0)
(482.0,482.0)
(482.0,482.0)
(482.0,482.0)
(483.0,482.0)
(483.0,482.0)
(482.0,482.0)
(482.0,482.0)
(483.0,482.0)
(483.0,482.0)
(483.0,482.0)
(482.0,482.0)
(483.0,482.0)
(406.0,482.0)
(482.0,482.0)
(483.0,482.0)
(483.0,482.0)
(482.0,482.0)
(483.0,482.0)
(482.0,482.0)
(483.0,482.0)
(483.0,482.0)
(482.0,482.0)
(482.0,482.0)
(483.0,482.0)
(482.0,482.0)
(483.0,482.0)
(483.0,482.0)
(483.0,482.0)
(483.0,482.0)
(483.0,482.0)
(483.0,482.0)
(482.0,482.0)
(482.0,482.0)
(483.0,482.0)
(482.0,482.0)
(483.0,482.0)
(483.0,482.0)
(482.0,482.0)
(482.0,482.0)
(483.0,482.0)
(483.0,482.0)
(482.0,482.0)
(483.0,482.0)
(482.0,482.0)
(483.0,482.0)
(482.0,482.0)
(482.0,482.0)
(483.0,482.0)
(483.0,482.0)
(483.0,482.0)
(483.0,482.0)
(483.0,482.0)
(483.0,482.0)
(482.0,482.0)
(482.0,482.0)
(482.0,482.0)
(479.0,482.0)
(447.0,482.0)
(483.0,482.0)
(483.0,482.0)
(483.0,482.0)
(483.0,482.0)
(483.0,482.0)
(483.0,482.0)
(483.0,482.0)
(482.0,482.0)
(483.0,482.0)
(479.0,482.0)
(482.0,482.0)
(482.0,482.0)
(483.0,482.0)
(483.0,482.0)
(482.0,482.0)
(483.0,482.0)
(483.0,482.0)
(483.0,482.0)
(483.0,482.0)
(483.0,482.0)
(483.0,482.0)
(483.0,482.0)
(482.0,482.0)
(483.0,482.0)
(483.0,482.0)
(479.0,482.0)
(482.0,482.0)
(483.0,482.0)
(483.0,482.0)
(482.0,482.0)
(483.0,482.0)
(482.0,482.0)
(482.0,482.0)
(482.0,482.0)
(483.0,482.0)
(482.0,482.0)
(483.0,482.0)
(483.0,482.0)
(483.0,482.0)
(447.0,482.0)
(483.0,482.0)
(483.0,482.0)
(482.0,482.0)
(483.0,482.0)
(482.0,482.0)
(482.0,482.0)
(483.0,482.0)
(482.0,482.0)
(483.0,482.0)
(481.0,482.0)
(804.0,482.0)
(483.0,482.0)
(447.0,482.0)
(482.0,482.0)
(483.0,482.0)
(483.0,482.0)
(482.0,482.0)
(483.0,482.0)
(483.0,482.0)
(482.0,482.0)
(447.0,482.0)
(482.0,482.0)
(482.0,482.0)
(483.0,482.0)
(482.0,482.0)
(482.0,482.0)
(482.0,482.0)
(482.0,482.0)
(483.0,482.0)
(483.0,482.0)
(482.0,482.0)
(483.0,482.0)
(483.0,482.0)
(482.0,482.0)
(482.0,482.0)
(472.0,482.0)
(482.0,482.0)
(483.0,482.0)
(483.0,482.0)
(482.0,482.0)
(483.0,482.0)
(483.0,482.0)
(771.0,482.0)
(483.0,482.0)
(483.0,482.0)
(482.0,482.0)
(483.0,482.0)
(483.0,482.0)
(482.0,482.0)
(483.0,482.0)
(483.0,482.0)
(482.0,482.0)
(483.0,482.0)
(483.0,482.0)
(483.0,482.0)
(483.0,482.0)
(483.0,482.0)
(482.0,482.0)
(482.0,482.0)
(483.0,482.0)
(483.0,482.0)
(482.0,482.0)
(483.0,482.0)
(483.0,482.0)
(483.0,482.0)
(483.0,482.0)
(482.0,482.0)
(483.0,482.0)
(482.0,482.0)
(483.0,482.0)
(483.0,482.0)
(482.0,482.0)
(482.0,482.0)
(482.0,482.0)
(455.0,482.0)
(482.0,482.0)
(483.0,482.0)
(482.0,482.0)
(483.0,482.0)
(482.0,482.0)
(482.0,482.0)
(482.0,482.0)
(483.0,482.0)
(482.0,482.0)
(483.0,482.0)
(483.0,482.0)
(483.0,482.0)
(482.0,482.0)
(483.0,482.0)
(482.0,482.0)
(483.0,482.0)
(482.0,482.0)
(483.0,482.0)
(483.0,482.0)
(482.0,482.0)
(483.0,482.0)
(483.0,482.0)
(482.0,482.0)
(482.0,482.0)
(482.0,482.0)
(447.0,482.0)
(483.0,482.0)
(483.0,482.0)
(483.0,482.0)
(483.0,482.0)
(483.0,482.0)
(482.0,482.0)
(483.0,482.0)
(482.0,482.0)
(483.0,482.0)
(482.0,482.0)
(483.0,482.0)
(479.0,482.0)
(482.0,482.0)
(471.0,482.0)
(483.0,482.0)
(482.0,482.0)
(787.0,482.0)
(482.0,482.0)
(482.0,482.0)
(483.0,482.0)
(479.0,482.0)
(482.0,482.0)
(482.0,482.0)
(479.0,482.0)
(482.0,482.0)
(482.0,482.0)
(417.0,482.0)
(482.0,482.0)
(482.0,482.0)
(482.0,482.0)
(482.0,482.0)
(455.0,482.0)
(482.0,482.0)
(479.0,482.0)
(482.0,482.0)
(482.0,482.0)
(482.0,482.0)
(483.0,482.0)
(479.0,482.0)
(479.0,482.0)
(479.0,482.0)
(479.0,482.0)
(483.0,482.0)
(479.0,482.0)
(482.0,482.0)
(471.0,482.0)
(483.0,482.0)
(368.0,482.0)
(479.0,482.0)
(483.0,482.0)
(482.0,482.0)
(447.0,482.0)
(482.0,482.0)
(482.0,482.0)
(482.0,482.0)
(483.0,482.0)
(479.0,482.0)
(482.0,482.0)
(482.0,482.0)
(482.0,482.0)
(471.0,482.0)
(479.0,482.0)
(479.0,482.0)
(482.0,482.0)
(482.0,482.0)
(479.0,482.0)
(479.0,482.0)
(482.0,482.0)
(479.0,482.0)
(471.0,482.0)
(482.0,482.0)
(482.0,482.0)
(479.0,482.0)
(368.0,482.0)
(483.0,482.0)
(479.0,482.0)
(482.0,482.0)
(483.0,482.0)
(482.0,482.0)
(482.0,482.0)
(482.0,482.0)
(482.0,482.0)
(479.0,482.0)
(474.0,482.0)
(483.0,482.0)
(479.0,482.0)
(482.0,482.0)
(479.0,482.0)
(447.0,482.0)
(479.0,482.0)
(471.0,482.0)
(479.0,482.0)
(482.0,482.0)
(474.0,482.0)
(482.0,482.0)
(483.0,482.0)
(483.0,482.0)
(483.0,482.0)
(482.0,482.0)
(482.0,482.0)
(482.0,482.0)
(483.0,482.0)
(483.0,482.0)
(482.0,482.0)
(482.0,482.0)
(482.0,482.0)
(482.0,482.0)
(482.0,482.0)
(482.0,482.0)
(482.0,482.0)
(482.0,482.0)
(482.0,482.0)
(482.0,482.0)
(483.0,482.0)
(479.0,482.0)
(483.0,482.0)
(471.0,482.0)
(482.0,482.0)
(483.0,482.0)
(482.0,482.0)
(479.0,482.0)
(482.0,482.0)
(483.0,482.0)
(483.0,482.0)
(479.0,482.0)
(483.0,482.0)
(482.0,482.0)
(482.0,482.0)
(482.0,482.0)
(482.0,482.0)
(482.0,482.0)
(483.0,482.0)
(479.0,482.0)
(471.0,482.0)
(479.0,482.0)
(479.0,482.0)
(479.0,482.0)
(479.0,482.0)
(479.0,482.0)
(483.0,482.0)
(482.0,482.0)
(483.0,482.0)
(482.0,482.0)
(482.0,482.0)
(479.0,482.0)
(482.0,482.0)
(482.0,482.0)
(482.0,482.0)
(483.0,482.0)
(479.0,482.0)
(479.0,482.0)
(482.0,482.0)
(472.0,482.0)
(479.0,482.0)
(482.0,482.0)
(479.0,482.0)
(479.0,482.0)
(482.0,482.0)
(482.0,482.0)
(483.0,482.0)
(482.0,482.0)
(482.0,482.0)
(482.0,482.0)
(479.0,482.0)
(482.0,482.0)
(483.0,482.0)
(482.0,482.0)
(479.0,482.0)
(479.0,482.0)
(482.0,482.0)
(482.0,482.0)
(483.0,482.0)
(482.0,482.0)
(482.0,482.0)
(479.0,482.0)
(479.0,482.0)
(479.0,482.0)
(482.0,482.0)
(479.0,482.0)
(482.0,482.0)
(482.0,482.0)
(483.0,482.0)
(482.0,482.0)
(479.0,482.0)
(482.0,482.0)
(482.0,482.0)
(482.0,482.0)
(482.0,482.0)
(479.0,482.0)
(482.0,482.0)
(479.0,482.0)
(482.0,482.0)
(447.0,482.0)
(479.0,482.0)
(483.0,482.0)
(481.0,482.0)
(482.0,482.0)
(482.0,482.0)
(483.0,482.0)
(482.0,482.0)
(483.0,482.0)
(479.0,482.0)
(479.0,482.0)
(482.0,482.0)
(482.0,482.0)
(482.0,482.0)
(474.0,482.0)
(787.0,482.0)
(479.0,482.0)
(482.0,482.0)
(459.0,482.0)
(479.0,482.0)
(482.0,482.0)
(482.0,482.0)
(483.0,482.0)
(479.0,482.0)
(482.0,482.0)
(482.0,482.0)
(479.0,482.0)
(482.0,482.0)
(483.0,482.0)
(479.0,482.0)
(482.0,482.0)
(479.0,482.0)
(482.0,482.0)
(482.0,482.0)
(482.0,482.0)
(479.0,482.0)
(482.0,482.0)
(482.0,482.0)
(483.0,482.0)
(482.0,482.0)
(483.0,482.0)
(482.0,482.0)
(482.0,482.0)
(483.0,482.0)
(482.0,482.0)
(483.0,482.0)
(479.0,482.0)
(482.0,482.0)
(482.0,482.0)
(482.0,482.0)
(479.0,482.0)
(479.0,482.0)
(482.0,482.0)
(483.0,482.0)
(482.0,482.0)
(482.0,482.0)
(479.0,482.0)
(479.0,482.0)
(483.0,482.0)
(483.0,482.0)
(482.0,482.0)
(417.0,482.0)
(479.0,482.0)
(483.0,482.0)
(417.0,482.0)
(483.0,482.0)
(482.0,482.0)
(483.0,482.0)
(479.0,482.0)
(482.0,482.0)
(482.0,482.0)
(482.0,482.0)
(482.0,482.0)
(482.0,482.0)
(483.0,482.0)
(368.0,482.0)
(483.0,482.0)
(479.0,482.0)
(482.0,482.0)
(482.0,482.0)
(482.0,482.0)
(482.0,482.0)
(479.0,482.0)
(479.0,482.0)
(483.0,482.0)
(482.0,482.0)
(482.0,482.0)
(479.0,482.0)
(482.0,482.0)
(483.0,482.0)
(479.0,482.0)
(482.0,482.0)
(482.0,482.0)
(483.0,482.0)
(483.0,482.0)
(479.0,482.0)
(479.0,482.0)
(483.0,482.0)
(483.0,482.0)
(483.0,482.0)
(482.0,482.0)
(483.0,482.0)
(479.0,482.0)
(483.0,482.0)
(804.0,482.0)
(482.0,482.0)
(482.0,482.0)
(482.0,482.0)
(482.0,482.0)
(482.0,482.0)
(479.0,482.0)
(483.0,482.0)
(482.0,482.0)
(482.0,482.0)
(483.0,482.0)
(479.0,482.0)
(482.0,482.0)
(482.0,482.0)
(483.0,482.0)
(483.0,482.0)
(483.0,482.0)
(483.0,482.0)
(483.0,482.0)
(482.0,482.0)
(482.0,482.0)
(479.0,482.0)
(483.0,482.0)
(804.0,482.0)
(471.0,482.0)
(482.0,482.0)
(482.0,482.0)
(483.0,482.0)
(482.0,482.0)
(482.0,482.0)
(483.0,482.0)
(482.0,482.0)
(483.0,482.0)
(483.0,482.0)
(482.0,482.0)
(482.0,482.0)
(479.0,482.0)
(482.0,482.0)
(482.0,482.0)
(479.0,482.0)
(482.0,482.0)
(482.0,482.0)
(483.0,482.0)
(483.0,482.0)
(482.0,482.0)
(482.0,482.0)
(479.0,482.0)
(483.0,482.0)
(479.0,482.0)
(482.0,482.0)
(482.0,482.0)
(482.0,482.0)
(482.0,482.0)
(482.0,482.0)
(483.0,482.0)
(479.0,482.0)
(804.0,482.0)
(482.0,482.0)
(483.0,482.0)
(482.0,482.0)
(482.0,482.0)
(482.0,482.0)
(483.0,482.0)
(482.0,482.0)
(482.0,482.0)
(804.0,482.0)
(482.0,482.0)
(483.0,482.0)
(482.0,482.0)
(471.0,482.0)
(479.0,482.0)
(354.0,482.0)
(482.0,482.0)
(482.0,482.0)
(483.0,482.0)
(483.0,482.0)
(482.0,482.0)
(482.0,482.0)
(479.0,482.0)
(482.0,482.0)
(479.0,482.0)
(479.0,482.0)
(474.0,482.0)
(479.0,482.0)
(479.0,482.0)
(482.0,482.0)
(482.0,482.0)
(471.0,482.0)
(482.0,482.0)
(482.0,482.0)
(482.0,482.0)
(479.0,482.0)
(368.0,482.0)
(482.0,482.0)
(479.0,482.0)
(482.0,482.0)
(479.0,482.0)
(482.0,482.0)
(482.0,482.0)
(482.0,482.0)
(482.0,482.0)
(479.0,482.0)
(479.0,482.0)
(479.0,482.0)
(479.0,482.0)
(483.0,482.0)
(479.0,482.0)
(483.0,482.0)
(482.0,482.0)
(482.0,482.0)
(483.0,482.0)
(479.0,482.0)
(482.0,482.0)
(482.0,482.0)
(482.0,482.0)
(482.0,482.0)
(482.0,482.0)
(483.0,482.0)
(482.0,482.0)
(756.0,482.0)
(483.0,482.0)
(482.0,482.0)
(482.0,482.0)
(482.0,482.0)
(483.0,482.0)
(474.0,482.0)
(482.0,482.0)
(482.0,482.0)
(479.0,482.0)
(483.0,482.0)
(482.0,482.0)
(482.0,482.0)
(482.0,482.0)
(482.0,482.0)
(483.0,482.0)
(482.0,482.0)
(776.0,482.0)
(482.0,482.0)
(471.0,482.0)
(482.0,482.0)
(479.0,482.0)
(804.0,482.0)
(483.0,482.0)
(479.0,482.0)
(483.0,482.0)
(417.0,482.0)
(479.0,482.0)
(479.0,482.0)
(482.0,482.0)
(482.0,482.0)
(482.0,482.0)
(479.0,482.0)
(482.0,482.0)
(786.0,482.0)
(482.0,482.0)
(483.0,482.0)
(482.0,482.0)
(482.0,482.0)
(482.0,482.0)
(471.0,482.0)
(482.0,482.0)
(482.0,482.0)
(483.0,482.0)
(482.0,482.0)
(804.0,482.0)
(482.0,482.0)
(482.0,482.0)
(482.0,482.0)
(482.0,482.0)
(483.0,482.0)
(479.0,482.0)
(482.0,482.0)
(482.0,482.0)
(482.0,482.0)
(482.0,482.0)
(482.0,482.0)
(482.0,482.0)
(482.0,482.0)
(483.0,482.0)
(482.0,482.0)
(482.0,482.0)
(483.0,482.0)
(482.0,482.0)
(804.0,482.0)
(483.0,482.0)
(479.0,482.0)
(483.0,482.0)
(479.0,482.0)
(483.0,482.0)
(483.0,482.0)
(483.0,482.0)
(482.0,482.0)
(482.0,482.0)
(482.0,482.0)
(482.0,482.0)
(471.0,482.0)
(482.0,482.0)
(482.0,482.0)
(482.0,482.0)
(482.0,482.0)
(482.0,482.0)
(482.0,482.0)
(483.0,482.0)
(479.0,482.0)
(479.0,482.0)
(479.0,482.0)
(482.0,482.0)
(479.0,482.0)
(482.0,482.0)
(482.0,482.0)
(482.0,482.0)
(479.0,482.0)
(479.0,482.0)
(483.0,482.0)
(447.0,482.0)
(482.0,482.0)
(459.0,482.0)
(479.0,482.0)
(482.0,482.0)
(482.0,482.0)
(482.0,482.0)
(482.0,482.0)
(482.0,482.0)
(482.0,482.0)
(482.0,482.0)
(479.0,482.0)
(368.0,482.0)
(482.0,482.0)
(483.0,482.0)
(482.0,482.0)
(482.0,482.0)
(417.0,482.0)
(483.0,482.0)
(482.0,482.0)
(459.0,482.0)
(482.0,482.0)
(483.0,482.0)
(483.0,482.0)
(368.0,482.0)
(482.0,482.0)
(482.0,482.0)
(482.0,482.0)
(482.0,482.0)
(479.0,482.0)
(482.0,482.0)
(482.0,482.0)
(482.0,482.0)
(482.0,482.0)
(482.0,482.0)
(482.0,482.0)
(482.0,482.0)
(479.0,482.0)
(479.0,482.0)
(479.0,482.0)
(479.0,482.0)
(479.0,482.0)
(482.0,482.0)
(483.0,482.0)
(479.0,482.0)
(482.0,482.0)
(482.0,482.0)
(482.0,482.0)
(479.0,482.0)
(483.0,482.0)
(483.0,482.0)
(482.0,482.0)
(471.0,482.0)
(482.0,482.0)
(479.0,482.0)
(484.0,485.0)
(734.0,485.0)
(485.0,485.0)
(485.0,485.0)
(1.0,485.0)
(485.0,485.0)
(485.0,485.0)
(1.0,485.0)
(485.0,485.0)
(486.0,485.0)
(485.0,485.0)
(406.0,485.0)
(1.0,485.0)
(485.0,485.0)
(1.0,485.0)
(485.0,485.0)
(734.0,485.0)
(396.0,485.0)
(1.0,485.0)
(1.0,485.0)
(371.0,485.0)
(485.0,485.0)
(484.0,485.0)
(519.0,485.0)
(485.0,485.0)
(484.0,485.0)
(485.0,485.0)
(1.0,485.0)
(734.0,485.0)
(485.0,485.0)
(485.0,485.0)
(734.0,485.0)
(486.0,485.0)
(485.0,485.0)
(485.0,485.0)
(732.0,485.0)
(1.0,485.0)
(1.0,485.0)
(485.0,485.0)
(1.0,485.0)
(734.0,485.0)
(484.0,485.0)
(371.0,485.0)
(484.0,485.0)
(1.0,485.0)
(485.0,485.0)
(1.0,485.0)
(1.0,485.0)
(1.0,485.0)
(734.0,485.0)
(1.0,485.0)
(485.0,485.0)
(484.0,485.0)
(519.0,485.0)
(1.0,485.0)
(1.0,485.0)
(503.0,485.0)
(485.0,485.0)
(485.0,485.0)
(485.0,485.0)
(484.0,485.0)
(485.0,485.0)
(487.0,485.0)
(475.0,485.0)
(417.0,485.0)
(413.0,485.0)
(487.0,485.0)
(484.0,485.0)
(485.0,485.0)
(475.0,485.0)
(485.0,485.0)
(485.0,485.0)
(485.0,485.0)
(485.0,485.0)
(417.0,485.0)
(485.0,485.0)
(485.0,485.0)
(481.0,485.0)
(406.0,485.0)
(485.0,485.0)
(455.0,485.0)
(485.0,485.0)
(732.0,485.0)
(1.0,485.0)
(485.0,485.0)
(485.0,485.0)
(1.0,485.0)
(485.0,485.0)
(735.0,485.0)
(487.0,485.0)
(484.0,485.0)
(1.0,485.0)
(485.0,485.0)
(1.0,485.0)
(435.0,485.0)
(13.0,485.0)
(1.0,485.0)
(1.0,485.0)
(734.0,485.0)
(484.0,485.0)
(485.0,485.0)
(734.0,485.0)
(485.0,485.0)
(371.0,485.0)
(1.0,485.0)
(485.0,485.0)
(732.0,485.0)
(733.0,485.0)
(485.0,485.0)
(485.0,485.0)
(1.0,485.0)
(484.0,485.0)
(435.0,485.0)
(734.0,485.0)
(485.0,485.0)
(481.0,485.0)
(481.0,485.0)
(487.0,485.0)
(486.0,485.0)
(1.0,485.0)
(485.0,485.0)
(484.0,485.0)
(485.0,485.0)
(487.0,485.0)
(421.0,485.0)
(485.0,485.0)
(485.0,485.0)
(485.0,485.0)
(485.0,485.0)
(485.0,485.0)
(371.0,485.0)
(1.0,485.0)
(485.0,485.0)
(485.0,485.0)
(417.0,485.0)
(455.0,485.0)
(1.0,485.0)
(734.0,485.0)
(734.0,485.0)
(485.0,485.0)
(1.0,485.0)
(485.0,485.0)
(485.0,485.0)
(732.0,485.0)
(417.0,485.0)
(455.0,485.0)
(485.0,485.0)
(734.0,485.0)
(734.0,485.0)
(485.0,485.0)
(732.0,485.0)
(485.0,485.0)
(396.0,485.0)
(734.0,485.0)
(371.0,485.0)
(1.0,485.0)
(484.0,485.0)
(1.0,485.0)
(1.0,485.0)
(485.0,485.0)
(485.0,485.0)
(734.0,485.0)
(485.0,485.0)
(485.0,485.0)
(485.0,485.0)
(484.0,485.0)
(421.0,485.0)
(1.0,485.0)
(485.0,485.0)
(484.0,485.0)
(734.0,485.0)
(485.0,485.0)
(485.0,485.0)
(484.0,485.0)
(481.0,485.0)
(734.0,485.0)
(1.0,485.0)
(1.0,485.0)
(734.0,485.0)
(1.0,485.0)
(485.0,485.0)
(1.0,485.0)
(417.0,485.0)
(485.0,485.0)
(1.0,485.0)
(455.0,485.0)
(485.0,485.0)
(13.0,485.0)
(447.0,485.0)
(371.0,485.0)
(485.0,485.0)
(485.0,485.0)
(1.0,485.0)
(485.0,485.0)
(734.0,485.0)
(485.0,485.0)
(485.0,485.0)
(484.0,485.0)
(734.0,485.0)
(1.0,485.0)
(455.0,485.0)
(484.0,485.0)
(485.0,485.0)
(1.0,485.0)
(1.0,485.0)
(485.0,485.0)
(1.0,485.0)
(485.0,485.0)
(406.0,485.0)
(485.0,485.0)
(485.0,485.0)
(484.0,485.0)
(485.0,485.0)
(734.0,485.0)
(1.0,485.0)
(484.0,485.0)
(371.0,485.0)
(485.0,485.0)
(1.0,485.0)
(13.0,485.0)
(455.0,485.0)
(485.0,485.0)
(485.0,485.0)
(485.0,485.0)
(485.0,485.0)
(1.0,485.0)
(485.0,485.0)
(485.0,485.0)
(485.0,485.0)
(734.0,485.0)
(486.0,485.0)
(1.0,485.0)
(1.0,485.0)
(732.0,485.0)
(485.0,485.0)
(484.0,485.0)
(485.0,485.0)
(485.0,485.0)
(1.0,485.0)
(455.0,485.0)
(484.0,485.0)
(1.0,485.0)
(485.0,485.0)
(1.0,485.0)
(1.0,485.0)
(484.0,485.0)
(455.0,485.0)
(1.0,485.0)
(734.0,485.0)
(1.0,485.0)
(485.0,485.0)
(1.0,485.0)
(734.0,485.0)
(485.0,485.0)
(1.0,485.0)
(455.0,485.0)
(485.0,485.0)
(1.0,485.0)
(455.0,485.0)
(484.0,485.0)
(1.0,485.0)
(733.0,485.0)
(484.0,485.0)
(371.0,485.0)
(1.0,485.0)
(485.0,485.0)
(13.0,485.0)
(484.0,485.0)
(447.0,485.0)
(487.0,485.0)
(734.0,485.0)
(1.0,485.0)
(485.0,485.0)
(485.0,485.0)
(487.0,485.0)
(485.0,485.0)
(484.0,485.0)
(743.0,485.0)
(1.0,485.0)
(485.0,485.0)
(485.0,485.0)
(485.0,485.0)
(485.0,485.0)
(1.0,485.0)
(1.0,485.0)
(485.0,485.0)
(485.0,485.0)
(1.0,485.0)
(735.0,485.0)
(417.0,485.0)
(484.0,485.0)
(1.0,485.0)
(485.0,485.0)
(1.0,485.0)
(435.0,485.0)
(1.0,485.0)
(1.0,485.0)
(1.0,485.0)
(734.0,485.0)
(1.0,485.0)
(485.0,485.0)
(734.0,485.0)
(485.0,485.0)
(484.0,485.0)
(1.0,485.0)
(1.0,485.0)
(485.0,485.0)
(485.0,485.0)
(1.0,485.0)
(485.0,485.0)
(1.0,485.0)
(485.0,485.0)
(435.0,485.0)
(13.0,485.0)
(485.0,485.0)
(1.0,485.0)
(455.0,485.0)
(1.0,485.0)
(371.0,485.0)
(1.0,485.0)
(475.0,485.0)
(1.0,485.0)
(1.0,485.0)
(13.0,485.0)
(485.0,485.0)
(484.0,485.0)
(1.0,485.0)
(485.0,485.0)
(485.0,485.0)
(485.0,485.0)
(485.0,485.0)
(1.0,485.0)
(371.0,485.0)
(455.0,485.0)
(1.0,485.0)
(485.0,485.0)
(417.0,485.0)
(1.0,485.0)
(417.0,485.0)
(734.0,485.0)
(734.0,485.0)
(455.0,485.0)
(485.0,485.0)
(485.0,485.0)
(485.0,485.0)
(732.0,485.0)
(417.0,485.0)
(485.0,485.0)
(484.0,485.0)
(734.0,485.0)
(485.0,485.0)
(732.0,485.0)
(1.0,485.0)
(1.0,485.0)
(734.0,485.0)
(484.0,485.0)
(1.0,485.0)
(484.0,485.0)
(1.0,485.0)
(487.0,485.0)
(485.0,485.0)
(485.0,485.0)
(485.0,485.0)
(484.0,485.0)
(485.0,485.0)
(485.0,485.0)
(484.0,485.0)
(421.0,485.0)
(1.0,485.0)
(485.0,485.0)
(1.0,485.0)
(1.0,485.0)
(485.0,485.0)
(485.0,485.0)
(484.0,485.0)
(455.0,485.0)
(1.0,485.0)
(435.0,485.0)
(485.0,485.0)
(455.0,485.0)
(455.0,485.0)
(417.0,485.0)
(417.0,485.0)
(485.0,485.0)
(487.0,485.0)
(1.0,485.0)
(1.0,485.0)
(485.0,485.0)
(487.0,485.0)
(732.0,485.0)
(485.0,485.0)
(485.0,485.0)
(485.0,485.0)
(485.0,485.0)
(485.0,485.0)
(413.0,485.0)
(485.0,485.0)
(485.0,485.0)
(485.0,485.0)
(485.0,485.0)
(485.0,485.0)
(1.0,485.0)
(485.0,485.0)
(485.0,485.0)
(485.0,485.0)
(485.0,485.0)
(485.0,485.0)
(455.0,485.0)
(785.0,485.0)
(485.0,485.0)
(413.0,485.0)
(1.0,485.0)
(42.0,485.0)
(485.0,485.0)
(485.0,485.0)
(1.0,485.0)
(485.0,485.0)
(485.0,485.0)
(485.0,485.0)
(47.0,485.0)
(485.0,485.0)
(1.0,485.0)
(413.0,485.0)
(785.0,485.0)
(435.0,485.0)
(485.0,485.0)
(417.0,485.0)
(42.0,485.0)
(485.0,485.0)
(435.0,485.0)
(1.0,485.0)
(485.0,485.0)
(145.0,485.0)
(1.0,485.0)
(485.0,485.0)
(435.0,485.0)
(485.0,485.0)
(455.0,485.0)
(485.0,485.0)
(485.0,485.0)
(1.0,485.0)
(485.0,485.0)
(485.0,485.0)
(435.0,485.0)
(485.0,485.0)
(485.0,485.0)
(485.0,485.0)
(485.0,485.0)
(1.0,485.0)
(485.0,485.0)
(1.0,485.0)
(1.0,485.0)
(485.0,485.0)
(485.0,485.0)
(145.0,485.0)
(435.0,485.0)
(485.0,485.0)
(42.0,485.0)
(485.0,485.0)
(485.0,485.0)
(1.0,485.0)
(485.0,485.0)
(485.0,485.0)
(42.0,485.0)
(485.0,485.0)
(42.0,485.0)
(485.0,485.0)
(42.0,485.0)
(485.0,485.0)
(42.0,485.0)
(485.0,485.0)
(485.0,485.0)
(485.0,485.0)
(485.0,485.0)
(485.0,485.0)
(485.0,485.0)
(435.0,485.0)
(485.0,485.0)
(42.0,485.0)
(413.0,485.0)
(485.0,485.0)
(1.0,485.0)
(485.0,485.0)
(435.0,485.0)
(485.0,485.0)
(485.0,485.0)
(485.0,485.0)
(785.0,485.0)
(485.0,485.0)
(485.0,485.0)
(1.0,485.0)
(485.0,485.0)
(485.0,485.0)
(42.0,485.0)
(485.0,485.0)
(485.0,485.0)
(145.0,485.0)
(485.0,485.0)
(485.0,485.0)
(417.0,485.0)
(485.0,485.0)
(485.0,485.0)
(485.0,485.0)
(485.0,485.0)
(485.0,485.0)
(435.0,485.0)
(42.0,485.0)
(485.0,485.0)
(485.0,485.0)
(485.0,485.0)
(1.0,485.0)
(485.0,485.0)
(485.0,485.0)
(485.0,485.0)
(485.0,485.0)
(455.0,485.0)
(42.0,485.0)
(485.0,485.0)
(485.0,485.0)
(485.0,485.0)
(485.0,485.0)
(785.0,485.0)
(485.0,485.0)
(1.0,485.0)
(485.0,485.0)
(485.0,485.0)
(1.0,485.0)
(785.0,485.0)
(485.0,485.0)
(485.0,485.0)
(485.0,485.0)
(485.0,485.0)
(485.0,485.0)
(485.0,485.0)
(455.0,485.0)
(1.0,485.0)
(485.0,485.0)
(417.0,485.0)
(145.0,485.0)
(42.0,485.0)
(485.0,485.0)
(145.0,485.0)
(485.0,485.0)
(485.0,485.0)
(42.0,485.0)
(1.0,485.0)
(1.0,485.0)
(485.0,485.0)
(435.0,485.0)
(485.0,485.0)
(485.0,485.0)
(1.0,485.0)
(485.0,485.0)
(485.0,485.0)
(485.0,485.0)
(47.0,485.0)
(485.0,485.0)
(157.0,485.0)
(485.0,485.0)
(417.0,485.0)
(485.0,485.0)
(1.0,485.0)
(485.0,485.0)
(47.0,485.0)
(485.0,485.0)
(1.0,485.0)
(485.0,485.0)
(485.0,485.0)
(455.0,485.0)
(485.0,485.0)
(485.0,485.0)
(435.0,485.0)
(42.0,485.0)
(485.0,485.0)
(485.0,485.0)
(485.0,485.0)
(485.0,485.0)
(485.0,485.0)
(485.0,485.0)
(42.0,485.0)
(485.0,485.0)
(1.0,485.0)
(785.0,485.0)
(485.0,485.0)
(485.0,485.0)
(485.0,485.0)
(485.0,485.0)
(485.0,485.0)
(485.0,485.0)
(485.0,485.0)
(485.0,485.0)
(485.0,485.0)
(1.0,485.0)
(485.0,485.0)
(485.0,485.0)
(413.0,485.0)
(485.0,485.0)
(485.0,485.0)
(485.0,485.0)
(1.0,485.0)
(485.0,485.0)
(485.0,485.0)
(485.0,485.0)
(485.0,485.0)
(485.0,485.0)
(413.0,485.0)
(413.0,485.0)
(485.0,485.0)
(485.0,485.0)
(485.0,485.0)
(485.0,485.0)
(485.0,485.0)
(485.0,485.0)
(485.0,485.0)
(413.0,485.0)
(485.0,485.0)
(485.0,485.0)
(1.0,485.0)
(485.0,485.0)
(413.0,485.0)
(485.0,485.0)
(485.0,485.0)
(413.0,485.0)
(485.0,485.0)
(1.0,485.0)
(485.0,485.0)
(413.0,485.0)
(413.0,485.0)
(485.0,485.0)
(413.0,485.0)
(455.0,485.0)
(485.0,485.0)
(485.0,485.0)
(485.0,485.0)
(485.0,485.0)
(413.0,485.0)
(485.0,485.0)
(485.0,485.0)
(485.0,485.0)
(485.0,485.0)
(485.0,485.0)
(485.0,485.0)
(485.0,485.0)
(485.0,485.0)
(485.0,485.0)
(413.0,485.0)
(1.0,485.0)
(413.0,485.0)
(455.0,485.0)
(485.0,485.0)
(485.0,485.0)
(485.0,485.0)
(485.0,485.0)
(413.0,485.0)
(485.0,485.0)
(485.0,485.0)
(485.0,485.0)
(485.0,485.0)
(485.0,485.0)
(485.0,485.0)
(455.0,485.0)
(455.0,485.0)
(485.0,485.0)
(485.0,485.0)
(455.0,485.0)
(485.0,485.0)
(413.0,485.0)
(455.0,485.0)
(485.0,485.0)
(485.0,485.0)
(485.0,485.0)
(485.0,485.0)
(485.0,485.0)
(413.0,485.0)
(485.0,485.0)
(485.0,485.0)
(485.0,485.0)
(485.0,485.0)
(485.0,485.0)
(485.0,485.0)
(485.0,485.0)
(485.0,485.0)
(485.0,485.0)
(1.0,485.0)
(485.0,485.0)
(485.0,485.0)
(1.0,485.0)
(485.0,485.0)
(455.0,485.0)
(485.0,485.0)
(485.0,485.0)
(413.0,485.0)
(485.0,485.0)
(485.0,485.0)
(485.0,485.0)
(485.0,485.0)
(485.0,485.0)
(485.0,485.0)
(485.0,485.0)
(413.0,485.0)
(1.0,485.0)
(485.0,485.0)
(485.0,485.0)
(455.0,485.0)
(485.0,485.0)
(1.0,485.0)
(485.0,485.0)
(485.0,485.0)
(1.0,485.0)
(485.0,485.0)
(455.0,485.0)
(413.0,485.0)
(485.0,485.0)
(455.0,485.0)
(413.0,485.0)
(485.0,485.0)
(455.0,485.0)
(485.0,485.0)
(485.0,485.0)
(485.0,485.0)
(485.0,485.0)
(455.0,485.0)
(485.0,485.0)
(485.0,485.0)
(485.0,485.0)
(485.0,485.0)
(413.0,485.0)
(485.0,485.0)
(485.0,485.0)
(485.0,485.0)
(1.0,485.0)
(455.0,485.0)
(485.0,485.0)
(485.0,485.0)
(1.0,485.0)
(485.0,485.0)
(485.0,485.0)
(1.0,485.0)
(485.0,485.0)
(485.0,485.0)
(485.0,485.0)
(485.0,485.0)
(485.0,485.0)
(485.0,485.0)
(413.0,485.0)
(485.0,485.0)
(413.0,485.0)
(485.0,485.0)
(485.0,485.0)
(455.0,485.0)
(1.0,485.0)
(485.0,485.0)
(1.0,485.0)
(485.0,485.0)
(485.0,485.0)
(485.0,485.0)
(485.0,485.0)
(485.0,485.0)
(485.0,485.0)
(485.0,485.0)
(485.0,485.0)
(1.0,485.0)
(485.0,485.0)
(485.0,485.0)
(485.0,485.0)
(485.0,485.0)
(485.0,485.0)
(485.0,485.0)
(485.0,485.0)
(1.0,485.0)
(455.0,485.0)
(484.0,485.0)
(734.0,485.0)
(485.0,485.0)
(485.0,485.0)
(1.0,485.0)
(485.0,485.0)
(485.0,485.0)
(485.0,485.0)
(485.0,485.0)
(1.0,485.0)
(485.0,485.0)
(13.0,485.0)
(485.0,485.0)
(1.0,485.0)
(484.0,485.0)
(485.0,485.0)
(734.0,485.0)
(485.0,485.0)
(484.0,485.0)
(413.0,485.0)
(13.0,485.0)
(435.0,485.0)
(1.0,485.0)
(485.0,485.0)
(484.0,485.0)
(485.0,485.0)
(1.0,485.0)
(485.0,485.0)
(485.0,485.0)
(485.0,485.0)
(1.0,485.0)
(734.0,485.0)
(486.0,485.0)
(1.0,485.0)
(485.0,485.0)
(13.0,485.0)
(485.0,485.0)
(484.0,485.0)
(485.0,485.0)
(733.0,485.0)
(435.0,485.0)
(484.0,485.0)
(371.0,485.0)
(484.0,485.0)
(395.0,485.0)
(485.0,485.0)
(484.0,485.0)
(435.0,485.0)
(1.0,485.0)
(734.0,485.0)
(1.0,485.0)
(733.0,485.0)
(484.0,485.0)
(525.0,485.0)
(1.0,485.0)
(485.0,485.0)
(485.0,485.0)
(485.0,485.0)
(485.0,485.0)
(485.0,485.0)
(484.0,485.0)
(485.0,485.0)
(455.0,485.0)
(1.0,485.0)
(485.0,485.0)
(417.0,485.0)
(488.0,485.0)
(484.0,485.0)
(484.0,485.0)
(734.0,485.0)
(485.0,485.0)
(485.0,485.0)
(485.0,485.0)
(487.0,485.0)
(487.0,485.0)
(743.0,485.0)
(427.0,485.0)
(1.0,485.0)
(485.0,485.0)
(427.0,485.0)
(1.0,485.0)
(1.0,485.0)
(485.0,485.0)
(485.0,485.0)
(485.0,485.0)
(485.0,485.0)
(735.0,485.0)
(487.0,485.0)
(1.0,485.0)
(1.0,485.0)
(485.0,485.0)
(1.0,485.0)
(13.0,485.0)
(487.0,485.0)
(1.0,485.0)
(1.0,485.0)
(734.0,485.0)
(484.0,485.0)
(485.0,485.0)
(734.0,485.0)
(485.0,485.0)
(487.0,485.0)
(1.0,485.0)
(1.0,485.0)
(485.0,485.0)
(485.0,485.0)
(485.0,485.0)
(733.0,485.0)
(1.0,485.0)
(371.0,485.0)
(13.0,485.0)
(1.0,485.0)
(485.0,485.0)
(1.0,485.0)
(413.0,485.0)
(1.0,485.0)
(1.0,485.0)
(485.0,485.0)
(485.0,485.0)
(485.0,485.0)
(1.0,485.0)
(1.0,485.0)
(485.0,485.0)
(485.0,485.0)
(485.0,485.0)
(1.0,485.0)
(487.0,485.0)
(485.0,485.0)
(485.0,485.0)
(1.0,485.0)
(1.0,485.0)
(435.0,485.0)
(485.0,485.0)
(485.0,485.0)
(485.0,485.0)
(1.0,485.0)
(485.0,485.0)
(474.0,485.0)
(1.0,485.0)
(485.0,485.0)
(485.0,485.0)
(734.0,485.0)
(485.0,485.0)
(13.0,485.0)
(485.0,485.0)
(485.0,485.0)
(734.0,485.0)
(487.0,485.0)
(485.0,485.0)
(484.0,485.0)
(1.0,485.0)
(487.0,485.0)
(485.0,485.0)
(485.0,485.0)
(1.0,485.0)
(1.0,485.0)
(485.0,485.0)
(484.0,485.0)
(1.0,485.0)
(1.0,485.0)
(485.0,485.0)
(484.0,485.0)
(1.0,485.0)
(485.0,485.0)
(485.0,485.0)
(1.0,485.0)
(485.0,485.0)
(485.0,485.0)
(1.0,485.0)
(1.0,485.0)
(525.0,485.0)
(1.0,485.0)
(474.0,485.0)
(485.0,485.0)
(487.0,485.0)
(1.0,485.0)
(485.0,485.0)
(485.0,485.0)
(372.0,485.0)
(1.0,485.0)
(1.0,485.0)
(1.0,485.0)
(486.0,485.0)
(484.0,485.0)
(734.0,485.0)
(734.0,485.0)
(1.0,485.0)
(485.0,485.0)
(485.0,485.0)
(485.0,485.0)
(485.0,485.0)
(1.0,485.0)
(484.0,485.0)
(485.0,485.0)
(38.0,484.0)
(38.0,484.0)
(38.0,484.0)
(372.0,484.0)
(354.0,484.0)
(38.0,484.0)
(157.0,484.0)
(33.0,484.0)
(447.0,484.0)
(527.0,484.0)
(527.0,484.0)
(503.0,484.0)
(36.0,484.0)
(25.0,484.0)
(527.0,484.0)
(447.0,484.0)
(454.0,484.0)
(38.0,484.0)
(447.0,484.0)
(455.0,484.0)
(39.0,484.0)
(431.0,484.0)
(15.0,484.0)
(15.0,484.0)
(354.0,484.0)
(40.0,484.0)
(479.0,484.0)
(37.0,484.0)
(18.0,484.0)
(792.0,484.0)
(33.0,484.0)
(37.0,484.0)
(25.0,484.0)
(15.0,484.0)
(433.0,484.0)
(37.0,484.0)
(455.0,484.0)
(373.0,484.0)
(421.0,484.0)
(473.0,484.0)
(37.0,484.0)
(15.0,484.0)
(381.0,484.0)
(1.0,484.0)
(371.0,484.0)
(431.0,484.0)
(37.0,484.0)
(38.0,484.0)
(33.0,484.0)
(792.0,484.0)
(15.0,484.0)
(484.0,484.0)
(1.0,484.0)
(37.0,484.0)
(41.0,484.0)
(37.0,484.0)
(1.0,484.0)
(22.0,484.0)
(792.0,484.0)
(38.0,484.0)
(37.0,484.0)
(42.0,484.0)
(44.0,484.0)
(447.0,484.0)
(15.0,484.0)
(37.0,484.0)
(46.0,484.0)
(25.0,484.0)
(25.0,484.0)
(15.0,484.0)
(39.0,484.0)
(25.0,484.0)
(42.0,484.0)
(1.0,484.0)
(15.0,484.0)
(39.0,484.0)
(40.0,484.0)
(38.0,484.0)
(15.0,484.0)
(15.0,484.0)
(25.0,484.0)
(350.0,484.0)
(15.0,484.0)
(454.0,484.0)
(431.0,484.0)
(37.0,484.0)
(479.0,484.0)
(18.0,484.0)
(38.0,484.0)
(38.0,484.0)
(431.0,484.0)
(33.0,484.0)
(431.0,484.0)
(471.0,484.0)
(372.0,484.0)
(15.0,484.0)
(1.0,484.0)
(362.0,484.0)
(427.0,484.0)
(463.0,484.0)
(25.0,484.0)
(15.0,484.0)
(43.0,484.0)
(431.0,484.0)
(447.0,484.0)
(421.0,484.0)
(25.0,484.0)
(454.0,484.0)
(20.0,484.0)
(431.0,484.0)
(447.0,484.0)
(792.0,484.0)
(479.0,484.0)
(431.0,484.0)
(528.0,484.0)
(15.0,484.0)
(802.0,484.0)
(37.0,484.0)
(522.0,484.0)
(18.0,484.0)
(802.0,484.0)
(24.0,484.0)
(31.0,484.0)
(431.0,484.0)
(391.0,484.0)
(43.0,484.0)
(484.0,484.0)
(421.0,484.0)
(18.0,484.0)
(484.0,484.0)
(37.0,484.0)
(37.0,484.0)
(431.0,484.0)
(15.0,484.0)
(431.0,484.0)
(15.0,484.0)
(340.0,484.0)
(802.0,484.0)
(431.0,484.0)
(25.0,484.0)
(2.0,484.0)
(802.0,484.0)
(484.0,484.0)
(25.0,484.0)
(525.0,484.0)
(484.0,484.0)
(25.0,484.0)
(454.0,484.0)
(421.0,484.0)
(792.0,484.0)
(33.0,484.0)
(431.0,484.0)
(37.0,484.0)
(351.0,484.0)
(781.0,484.0)
(33.0,484.0)
(447.0,484.0)
(15.0,484.0)
(433.0,484.0)
(638.0,484.0)
(522.0,484.0)
(15.0,484.0)
(38.0,484.0)
(15.0,484.0)
(43.0,484.0)
(15.0,484.0)
(485.0,485.0)
(485.0,485.0)
(485.0,485.0)
(485.0,485.0)
(485.0,485.0)
(485.0,485.0)
(485.0,485.0)
(485.0,485.0)
(1.0,485.0)
(42.0,485.0)
(1.0,485.0)
(485.0,485.0)
(42.0,485.0)
(37.0,485.0)
(485.0,485.0)
(485.0,485.0)
(485.0,485.0)
(485.0,485.0)
(1.0,485.0)
(1.0,485.0)
(485.0,485.0)
(485.0,485.0)
(485.0,485.0)
(485.0,485.0)
(485.0,485.0)
(1.0,485.0)
(485.0,485.0)
(1.0,485.0)
(37.0,485.0)
(485.0,485.0)
(1.0,485.0)
(485.0,485.0)
(485.0,485.0)
(485.0,485.0)
(455.0,485.0)
(1.0,485.0)
(485.0,485.0)
(42.0,485.0)
(485.0,485.0)
(485.0,485.0)
(485.0,485.0)
(37.0,485.0)
(485.0,485.0)
(485.0,485.0)
(413.0,485.0)
(485.0,485.0)
(485.0,485.0)
(485.0,485.0)
(1.0,485.0)
(42.0,485.0)
(485.0,485.0)
(1.0,485.0)
(485.0,485.0)
(1.0,485.0)
(1.0,485.0)
(485.0,485.0)
(485.0,485.0)
(1.0,485.0)
(1.0,485.0)
(485.0,485.0)
(485.0,485.0)
(1.0,485.0)
(1.0,485.0)
(485.0,485.0)
(1.0,485.0)
(485.0,485.0)
(485.0,485.0)
(42.0,485.0)
(485.0,485.0)
(485.0,485.0)
(485.0,485.0)
(485.0,485.0)
(485.0,485.0)
(485.0,485.0)
(485.0,485.0)
(485.0,485.0)
(485.0,485.0)
(485.0,485.0)
(1.0,485.0)
(413.0,485.0)
(485.0,485.0)
(485.0,485.0)
(455.0,485.0)
(42.0,485.0)
(485.0,485.0)
(42.0,485.0)
(485.0,485.0)
(485.0,485.0)
(485.0,485.0)
(485.0,485.0)
(42.0,485.0)
(485.0,485.0)
(485.0,485.0)
(485.0,485.0)
(485.0,485.0)
(455.0,485.0)
(1.0,485.0)
(1.0,485.0)
(37.0,485.0)
(485.0,485.0)
(485.0,485.0)
(485.0,485.0)
(485.0,485.0)
(42.0,485.0)
(1.0,485.0)
(485.0,485.0)
(485.0,485.0)
(485.0,485.0)
(485.0,485.0)
(485.0,485.0)
(485.0,485.0)
(485.0,485.0)
(485.0,485.0)
(485.0,485.0)
(1.0,485.0)
(42.0,485.0)
(485.0,485.0)
(485.0,485.0)
(413.0,485.0)
(485.0,485.0)
(485.0,485.0)
(1.0,485.0)
(485.0,485.0)
(1.0,485.0)
(485.0,485.0)
(485.0,485.0)
(1.0,485.0)
(1.0,485.0)
(42.0,485.0)
(485.0,485.0)
(1.0,485.0)
(1.0,485.0)
(1.0,485.0)
(485.0,485.0)
(485.0,485.0)
(485.0,485.0)
(485.0,485.0)
(485.0,485.0)
(1.0,485.0)
(485.0,485.0)
(485.0,485.0)
(485.0,485.0)
(485.0,485.0)
(485.0,485.0)
(485.0,485.0)
(485.0,485.0)
(485.0,485.0)
(485.0,485.0)
(485.0,485.0)
(1.0,485.0)
(485.0,485.0)
(1.0,485.0)
(485.0,485.0)
(485.0,485.0)
(485.0,485.0)
(485.0,485.0)
(1.0,485.0)
(1.0,485.0)
(485.0,485.0)
(485.0,485.0)
(485.0,485.0)
(455.0,485.0)
(485.0,485.0)
(485.0,485.0)
(455.0,485.0)
(1.0,485.0)
(1.0,485.0)
(485.0,485.0)
(485.0,485.0)
(42.0,485.0)
(485.0,485.0)
(1.0,485.0)
(413.0,485.0)
(485.0,485.0)
(413.0,485.0)
(42.0,485.0)
(485.0,485.0)
(1.0,485.0)
(485.0,485.0)
(485.0,485.0)
(485.0,485.0)
(485.0,485.0)
(1.0,485.0)
(485.0,485.0)
(485.0,485.0)
(455.0,485.0)
(485.0,485.0)
(485.0,485.0)
(485.0,485.0)
(1.0,485.0)
(1.0,485.0)
(37.0,485.0)
(485.0,485.0)
(485.0,485.0)
(485.0,485.0)
(485.0,485.0)
(1.0,485.0)
(455.0,486.0)
(1.0,486.0)
(413.0,486.0)
(387.0,486.0)
(413.0,486.0)
(486.0,486.0)
(387.0,486.0)
(519.0,486.0)
(519.0,486.0)
(435.0,486.0)
(387.0,486.0)
(435.0,486.0)
(387.0,486.0)
(519.0,486.0)
(1.0,486.0)
(74.0,486.0)
(519.0,486.0)
(740.0,486.0)
(435.0,486.0)
(387.0,486.0)
(447.0,486.0)
(413.0,486.0)
(486.0,486.0)
(387.0,486.0)
(435.0,486.0)
(413.0,486.0)
(519.0,486.0)
(519.0,486.0)
(413.0,486.0)
(493.0,486.0)
(435.0,486.0)
(417.0,486.0)
(386.0,486.0)
(387.0,486.0)
(519.0,486.0)
(387.0,486.0)
(413.0,486.0)
(435.0,486.0)
(486.0,486.0)
(435.0,486.0)
(519.0,486.0)
(435.0,486.0)
(740.0,486.0)
(387.0,486.0)
(493.0,486.0)
(387.0,486.0)
(493.0,486.0)
(387.0,486.0)
(413.0,486.0)
(387.0,486.0)
(413.0,486.0)
(503.0,486.0)
(435.0,486.0)
(413.0,486.0)
(435.0,486.0)
(413.0,486.0)
(435.0,486.0)
(387.0,486.0)
(387.0,486.0)
(1.0,486.0)
(417.0,486.0)
(387.0,486.0)
(493.0,486.0)
(1.0,486.0)
(413.0,486.0)
(493.0,486.0)
(387.0,486.0)
(455.0,486.0)
(1.0,486.0)
(740.0,486.0)
(74.0,486.0)
(413.0,486.0)
(1.0,486.0)
(413.0,486.0)
(435.0,486.0)
(455.0,486.0)
(503.0,486.0)
(1.0,486.0)
(740.0,486.0)
(486.0,486.0)
(413.0,486.0)
(387.0,486.0)
(1.0,486.0)
(740.0,486.0)
(413.0,486.0)
(740.0,486.0)
(1.0,486.0)
(387.0,486.0)
(407.0,486.0)
(486.0,486.0)
(413.0,486.0)
(740.0,486.0)
(486.0,486.0)
(1.0,486.0)
(519.0,486.0)
(1.0,486.0)
(387.0,486.0)
(435.0,486.0)
(387.0,486.0)
(1.0,486.0)
(455.0,486.0)
(493.0,486.0)
(435.0,486.0)
(455.0,486.0)
(387.0,486.0)
(413.0,486.0)
(455.0,486.0)
(519.0,486.0)
(435.0,486.0)
(387.0,486.0)
(386.0,486.0)
(387.0,486.0)
(519.0,486.0)
(407.0,486.0)
(503.0,486.0)
(503.0,486.0)
(503.0,486.0)
(417.0,486.0)
(503.0,486.0)
(387.0,486.0)
(486.0,486.0)
(1.0,486.0)
(435.0,486.0)
(435.0,486.0)
(455.0,486.0)
(1.0,486.0)
(519.0,486.0)
(435.0,486.0)
(413.0,486.0)
(413.0,486.0)
(519.0,486.0)
(387.0,486.0)
(435.0,486.0)
(503.0,486.0)
(413.0,486.0)
(1.0,486.0)
(486.0,486.0)
(387.0,486.0)
(486.0,486.0)
(413.0,486.0)
(386.0,486.0)
(387.0,486.0)
(493.0,486.0)
(503.0,486.0)
(435.0,486.0)
(387.0,486.0)
(519.0,486.0)
(1.0,486.0)
(417.0,486.0)
(519.0,486.0)
(417.0,486.0)
(519.0,486.0)
(740.0,486.0)
(455.0,486.0)
(486.0,486.0)
(519.0,486.0)
(455.0,486.0)
(1.0,486.0)
(455.0,486.0)
(1.0,486.0)
(413.0,486.0)
(740.0,486.0)
(519.0,486.0)
(740.0,486.0)
(740.0,486.0)
(486.0,486.0)
(486.0,486.0)
(519.0,486.0)
(413.0,486.0)
(519.0,486.0)
(519.0,486.0)
(519.0,486.0)
(519.0,486.0)
(519.0,486.0)
(519.0,486.0)
(1.0,486.0)
(455.0,486.0)
(740.0,486.0)
(486.0,486.0)
(740.0,486.0)
(417.0,486.0)
(486.0,486.0)
(486.0,486.0)
(1.0,486.0)
(413.0,486.0)
(519.0,486.0)
(740.0,486.0)
(1.0,486.0)
(519.0,486.0)
(417.0,486.0)
(519.0,486.0)
(407.0,486.0)
(519.0,486.0)
(417.0,486.0)
(519.0,486.0)
(417.0,486.0)
(519.0,486.0)
(413.0,486.0)
(487.0,486.0)
(519.0,486.0)
(455.0,486.0)
(435.0,486.0)
(486.0,486.0)
(486.0,486.0)
(519.0,486.0)
(455.0,486.0)
(740.0,486.0)
(435.0,486.0)
(740.0,486.0)
(413.0,486.0)
(733.0,486.0)
(435.0,486.0)
(413.0,486.0)
(417.0,486.0)
(435.0,486.0)
(519.0,486.0)
(455.0,486.0)
(413.0,486.0)
(417.0,486.0)
(733.0,486.0)
(413.0,486.0)
(413.0,486.0)
(519.0,486.0)
(101.0,486.0)
(486.0,486.0)
(101.0,486.0)
(413.0,486.0)
(519.0,486.0)
(740.0,486.0)
(413.0,486.0)
(519.0,486.0)
(740.0,486.0)
(486.0,486.0)
(519.0,486.0)
(417.0,486.0)
(519.0,486.0)
(486.0,486.0)
(1.0,486.0)
(519.0,486.0)
(417.0,486.0)
(519.0,486.0)
(740.0,486.0)
(413.0,486.0)
(486.0,486.0)
(417.0,486.0)
(519.0,486.0)
(740.0,486.0)
(486.0,486.0)
(435.0,486.0)
(455.0,486.0)
(734.0,486.0)
(486.0,486.0)
(101.0,486.0)
(417.0,486.0)
(486.0,486.0)
(1.0,486.0)
(413.0,486.0)
(519.0,486.0)
(413.0,486.0)
(404.0,486.0)
(740.0,486.0)
(486.0,486.0)
(101.0,486.0)
(435.0,486.0)
(486.0,486.0)
(417.0,486.0)
(740.0,486.0)
(1.0,486.0)
(486.0,486.0)
(740.0,486.0)
(519.0,486.0)
(740.0,486.0)
(733.0,486.0)
(455.0,486.0)
(455.0,486.0)
(519.0,486.0)
(743.0,486.0)
(519.0,486.0)
(486.0,486.0)
(417.0,486.0)
(413.0,486.0)
(435.0,486.0)
(413.0,486.0)
(519.0,486.0)
(740.0,486.0)
(417.0,486.0)
(413.0,486.0)
(486.0,486.0)
(740.0,486.0)
(519.0,486.0)
(417.0,486.0)
(519.0,486.0)
(413.0,486.0)
(740.0,486.0)
(417.0,486.0)
(417.0,486.0)
(455.0,486.0)
(519.0,486.0)
(486.0,486.0)
(417.0,486.0)
(387.0,486.0)
(519.0,486.0)
(417.0,486.0)
(740.0,486.0)
(519.0,486.0)
(387.0,486.0)
(740.0,486.0)
(417.0,486.0)
(486.0,486.0)
(740.0,486.0)
(435.0,486.0)
(417.0,486.0)
(740.0,486.0)
(740.0,486.0)
(413.0,486.0)
(417.0,486.0)
(101.0,486.0)
(413.0,486.0)
(1.0,486.0)
(519.0,486.0)
(519.0,486.0)
(417.0,486.0)
(486.0,486.0)
(413.0,486.0)
(486.0,486.0)
(435.0,486.0)
(455.0,486.0)
(519.0,486.0)
(486.0,486.0)
(417.0,486.0)
(740.0,486.0)
(435.0,486.0)
(519.0,486.0)
(486.0,486.0)
(740.0,486.0)
(740.0,486.0)
(740.0,486.0)
(733.0,486.0)
(486.0,486.0)
(404.0,486.0)
(417.0,486.0)
(417.0,486.0)
(404.0,486.0)
(740.0,486.0)
(519.0,486.0)
(740.0,486.0)
(417.0,486.0)
(103.0,486.0)
(417.0,486.0)
(740.0,486.0)
(103.0,486.0)
(110.0,486.0)
(110.0,486.0)
(486.0,486.0)
(349.0,486.0)
(503.0,486.0)
(455.0,486.0)
(740.0,486.0)
(538.0,486.0)
(740.0,486.0)
(740.0,486.0)
(740.0,486.0)
(740.0,486.0)
(435.0,486.0)
(103.0,486.0)
(416.0,486.0)
(417.0,486.0)
(486.0,486.0)
(430.0,486.0)
(740.0,486.0)
(740.0,486.0)
(740.0,486.0)
(103.0,486.0)
(740.0,486.0)
(740.0,486.0)
(416.0,486.0)
(740.0,486.0)
(503.0,486.0)
(103.0,486.0)
(417.0,486.0)
(416.0,486.0)
(110.0,486.0)
(103.0,486.0)
(416.0,486.0)
(519.0,486.0)
(474.0,486.0)
(417.0,486.0)
(417.0,486.0)
(486.0,486.0)
(417.0,486.0)
(110.0,486.0)
(740.0,486.0)
(486.0,486.0)
(740.0,486.0)
(486.0,486.0)
(349.0,486.0)
(740.0,486.0)
(417.0,486.0)
(103.0,486.0)
(110.0,486.0)
(740.0,486.0)
(416.0,486.0)
(110.0,486.0)
(740.0,486.0)
(455.0,486.0)
(455.0,486.0)
(740.0,486.0)
(417.0,486.0)
(91.0,486.0)
(740.0,486.0)
(417.0,486.0)
(103.0,486.0)
(455.0,486.0)
(567.0,486.0)
(110.0,486.0)
(503.0,486.0)
(417.0,486.0)
(416.0,486.0)
(416.0,486.0)
(503.0,486.0)
(417.0,486.0)
(486.0,486.0)
(349.0,486.0)
(740.0,486.0)
(503.0,486.0)
(110.0,486.0)
(740.0,486.0)
(740.0,486.0)
(349.0,486.0)
(740.0,486.0)
(103.0,486.0)
(740.0,486.0)
(486.0,486.0)
(538.0,486.0)
(416.0,486.0)
(503.0,486.0)
(417.0,486.0)
(416.0,486.0)
(103.0,486.0)
(527.0,486.0)
(538.0,486.0)
(103.0,486.0)
(567.0,486.0)
(740.0,486.0)
(740.0,486.0)
(740.0,486.0)
(416.0,486.0)
(740.0,486.0)
(740.0,486.0)
(740.0,486.0)
(455.0,486.0)
(503.0,486.0)
(416.0,486.0)
(110.0,486.0)
(503.0,486.0)
(349.0,486.0)
(486.0,486.0)
(455.0,486.0)
(103.0,486.0)
(503.0,486.0)
(110.0,486.0)
(455.0,486.0)
(416.0,486.0)
(416.0,486.0)
(455.0,486.0)
(740.0,486.0)
(740.0,486.0)
(416.0,486.0)
(474.0,486.0)
(103.0,486.0)
(417.0,486.0)
(416.0,486.0)
(416.0,486.0)
(503.0,486.0)
(503.0,486.0)
(417.0,486.0)
(486.0,486.0)
(486.0,486.0)
(417.0,486.0)
(519.0,487.0)
(376.0,487.0)
(396.0,487.0)
(519.0,487.0)
(519.0,487.0)
(519.0,487.0)
(413.0,487.0)
(33.0,487.0)
(487.0,487.0)
(519.0,487.0)
(519.0,487.0)
(519.0,487.0)
(734.0,487.0)
(33.0,487.0)
(33.0,487.0)
(33.0,487.0)
(33.0,487.0)
(33.0,487.0)
(33.0,487.0)
(519.0,487.0)
(33.0,487.0)
(519.0,487.0)
(33.0,487.0)
(519.0,487.0)
(376.0,487.0)
(519.0,487.0)
(33.0,487.0)
(487.0,487.0)
(519.0,487.0)
(519.0,487.0)
(519.0,487.0)
(33.0,487.0)
(752.0,487.0)
(519.0,487.0)
(519.0,487.0)
(519.0,487.0)
(376.0,487.0)
(519.0,487.0)
(519.0,487.0)
(752.0,487.0)
(33.0,487.0)
(376.0,487.0)
(376.0,487.0)
(752.0,487.0)
(519.0,487.0)
(387.0,487.0)
(487.0,487.0)
(387.0,487.0)
(519.0,487.0)
(519.0,487.0)
(752.0,487.0)
(519.0,487.0)
(519.0,487.0)
(399.0,487.0)
(33.0,487.0)
(487.0,487.0)
(33.0,487.0)
(519.0,487.0)
(387.0,487.0)
(734.0,487.0)
(33.0,487.0)
(376.0,487.0)
(376.0,487.0)
(33.0,487.0)
(487.0,487.0)
(519.0,487.0)
(519.0,487.0)
(519.0,487.0)
(487.0,487.0)
(33.0,487.0)
(33.0,487.0)
(376.0,487.0)
(519.0,487.0)
(519.0,487.0)
(519.0,487.0)
(487.0,487.0)
(33.0,487.0)
(519.0,487.0)
(33.0,487.0)
(519.0,487.0)
(376.0,487.0)
(33.0,487.0)
(33.0,487.0)
(519.0,487.0)
(519.0,487.0)
(376.0,487.0)
(519.0,487.0)
(33.0,487.0)
(519.0,487.0)
(519.0,487.0)
(519.0,487.0)
(487.0,487.0)
(752.0,487.0)
(487.0,487.0)
(376.0,487.0)
(33.0,487.0)
(519.0,487.0)
(519.0,487.0)
(487.0,487.0)
(519.0,487.0)
(519.0,487.0)
(519.0,487.0)
(752.0,487.0)
(33.0,487.0)
(33.0,487.0)
(376.0,487.0)
(33.0,487.0)
(376.0,487.0)
(519.0,487.0)
(519.0,487.0)
(519.0,487.0)
(519.0,487.0)
(387.0,487.0)
(487.0,487.0)
(487.0,487.0)
(519.0,487.0)
(376.0,487.0)
(33.0,487.0)
(519.0,487.0)
(519.0,487.0)
(519.0,487.0)
(519.0,487.0)
(399.0,487.0)
(519.0,487.0)
(734.0,487.0)
(376.0,487.0)
(519.0,487.0)
(519.0,487.0)
(734.0,487.0)
(487.0,487.0)
(413.0,487.0)
(519.0,487.0)
(519.0,487.0)
(376.0,487.0)
(487.0,487.0)
(519.0,487.0)
(519.0,487.0)
(487.0,487.0)
(519.0,487.0)
(519.0,487.0)
(519.0,487.0)
(33.0,487.0)
(519.0,487.0)
(519.0,487.0)
(487.0,487.0)
(752.0,487.0)
(33.0,487.0)
(519.0,487.0)
(519.0,487.0)
(33.0,487.0)
(519.0,487.0)
(519.0,487.0)
(519.0,487.0)
(519.0,487.0)
(493.0,487.0)
(376.0,487.0)
(519.0,487.0)
(396.0,487.0)
(519.0,487.0)
(752.0,487.0)
(33.0,487.0)
(33.0,487.0)
(487.0,487.0)
(519.0,487.0)
(33.0,487.0)
(519.0,487.0)
(519.0,487.0)
(376.0,487.0)
(376.0,487.0)
(33.0,487.0)
(487.0,487.0)
(752.0,487.0)
(519.0,487.0)
(376.0,488.0)
(519.0,488.0)
(435.0,488.0)
(493.0,488.0)
(519.0,488.0)
(565.0,488.0)
(519.0,488.0)
(519.0,488.0)
(73.0,488.0)
(519.0,488.0)
(1.0,488.0)
(519.0,488.0)
(493.0,488.0)
(519.0,488.0)
(519.0,488.0)
(519.0,488.0)
(519.0,488.0)
(565.0,488.0)
(519.0,488.0)
(519.0,488.0)
(519.0,488.0)
(493.0,488.0)
(518.0,488.0)
(376.0,488.0)
(386.0,488.0)
(519.0,488.0)
(60.0,488.0)
(489.0,488.0)
(376.0,488.0)
(435.0,488.0)
(519.0,488.0)
(519.0,488.0)
(519.0,488.0)
(519.0,488.0)
(519.0,488.0)
(519.0,488.0)
(519.0,488.0)
(519.0,488.0)
(435.0,488.0)
(386.0,488.0)
(493.0,488.0)
(519.0,488.0)
(519.0,488.0)
(519.0,488.0)
(519.0,488.0)
(519.0,488.0)
(519.0,488.0)
(519.0,488.0)
(493.0,488.0)
(519.0,488.0)
(519.0,488.0)
(376.0,488.0)
(565.0,488.0)
(519.0,488.0)
(430.0,488.0)
(518.0,488.0)
(519.0,488.0)
(519.0,488.0)
(571.0,488.0)
(519.0,488.0)
(519.0,488.0)
(519.0,488.0)
(493.0,488.0)
(519.0,488.0)
(519.0,488.0)
(519.0,488.0)
(519.0,488.0)
(493.0,488.0)
(519.0,488.0)
(63.0,488.0)
(582.0,488.0)
(519.0,488.0)
(376.0,488.0)
(519.0,488.0)
(413.0,488.0)
(519.0,488.0)
(519.0,488.0)
(435.0,488.0)
(435.0,488.0)
(519.0,488.0)
(519.0,488.0)
(519.0,488.0)
(519.0,488.0)
(519.0,488.0)
(571.0,488.0)
(417.0,488.0)
(519.0,488.0)
(519.0,488.0)
(435.0,488.0)
(519.0,488.0)
(519.0,488.0)
(519.0,488.0)
(417.0,488.0)
(63.0,488.0)
(519.0,488.0)
(484.0,488.0)
(519.0,488.0)
(519.0,488.0)
(519.0,488.0)
(519.0,488.0)
(376.0,488.0)
(435.0,488.0)
(519.0,488.0)
(376.0,488.0)
(519.0,488.0)
(519.0,488.0)
(435.0,488.0)
(60.0,488.0)
(430.0,488.0)
(565.0,488.0)
(493.0,488.0)
(435.0,488.0)
(519.0,488.0)
(519.0,488.0)
(518.0,488.0)
(519.0,488.0)
(73.0,488.0)
(493.0,488.0)
(519.0,488.0)
(519.0,488.0)
(435.0,488.0)
(435.0,488.0)
(73.0,488.0)
(417.0,488.0)
(493.0,488.0)
(519.0,488.0)
(386.0,488.0)
(63.0,488.0)
(565.0,488.0)
(571.0,488.0)
(519.0,488.0)
(519.0,488.0)
(435.0,488.0)
(519.0,488.0)
(519.0,488.0)
(493.0,488.0)
(519.0,488.0)
(435.0,488.0)
(73.0,488.0)
(519.0,488.0)
(519.0,488.0)
(493.0,488.0)
(519.0,488.0)
(417.0,488.0)
(519.0,488.0)
(386.0,488.0)
(519.0,488.0)
(519.0,488.0)
(435.0,488.0)
(519.0,488.0)
(417.0,488.0)
(518.0,488.0)
(73.0,488.0)
(519.0,488.0)
(376.0,488.0)
(519.0,488.0)
(376.0,488.0)
(519.0,488.0)
(518.0,488.0)
(519.0,488.0)
(519.0,488.0)
(404.0,488.0)
(519.0,488.0)
(519.0,488.0)
(73.0,488.0)
(519.0,488.0)
(519.0,488.0)
(519.0,488.0)
(519.0,488.0)
(519.0,488.0)
(519.0,488.0)
(519.0,488.0)
(519.0,488.0)
(376.0,488.0)
(519.0,488.0)
(493.0,488.0)
(386.0,488.0)
(386.0,488.0)
(519.0,488.0)
(519.0,488.0)
(519.0,488.0)
(413.0,488.0)
(519.0,488.0)
(413.0,488.0)
(417.0,488.0)
(413.0,488.0)
(565.0,488.0)
(413.0,488.0)
(493.0,488.0)
(72.0,488.0)
(519.0,488.0)
(73.0,488.0)
(519.0,488.0)
(519.0,488.0)
(519.0,488.0)
(435.0,488.0)
(376.0,488.0)
(493.0,488.0)
(13.0,488.0)
(13.0,488.0)
(417.0,488.0)
(503.0,488.0)
(417.0,488.0)
(733.0,488.0)
(13.0,488.0)
(519.0,488.0)
(506.0,488.0)
(417.0,488.0)
(487.0,488.0)
(27.0,488.0)
(734.0,488.0)
(13.0,488.0)
(13.0,488.0)
(771.0,488.0)
(31.0,488.0)
(13.0,488.0)
(13.0,488.0)
(13.0,488.0)
(493.0,488.0)
(496.0,488.0)
(43.0,488.0)
(13.0,488.0)
(13.0,488.0)
(515.0,488.0)
(503.0,488.0)
(13.0,488.0)
(13.0,488.0)
(487.0,488.0)
(13.0,488.0)
(455.0,488.0)
(447.0,488.0)
(488.0,488.0)
(13.0,488.0)
(40.0,488.0)
(13.0,488.0)
(13.0,488.0)
(511.0,488.0)
(31.0,488.0)
(488.0,488.0)
