(413.0,805.0)
(455.0,805.0)
(805.0,805.0)
(805.0,805.0)
(805.0,805.0)
(805.0,805.0)
(805.0,805.0)
(413.0,805.0)
(413.0,805.0)
(806.0,805.0)
(805.0,805.0)
(771.0,805.0)
(463.0,805.0)
(804.0,805.0)
(771.0,805.0)
(399.0,805.0)
(455.0,805.0)
(413.0,805.0)
(805.0,805.0)
(413.0,805.0)
(805.0,805.0)
(805.0,805.0)
(805.0,805.0)
(463.0,805.0)
(455.0,805.0)
(805.0,805.0)
(413.0,805.0)
(806.0,805.0)
(413.0,805.0)
(463.0,805.0)
(805.0,805.0)
(805.0,805.0)
(771.0,805.0)
(805.0,805.0)
(805.0,805.0)
(413.0,805.0)
(771.0,805.0)
(404.0,805.0)
(413.0,805.0)
(413.0,805.0)
(771.0,805.0)
(463.0,805.0)
(447.0,805.0)
(413.0,805.0)
(413.0,805.0)
(804.0,805.0)
(413.0,805.0)
(413.0,805.0)
(387.0,805.0)
(447.0,805.0)
(413.0,805.0)
(463.0,805.0)
(413.0,805.0)
(462.0,805.0)
(413.0,805.0)
(771.0,805.0)
(413.0,805.0)
(471.0,805.0)
(805.0,805.0)
(804.0,805.0)
(805.0,805.0)
(421.0,805.0)
(413.0,805.0)
(806.0,805.0)
(454.0,805.0)
(455.0,805.0)
(447.0,805.0)
(413.0,805.0)
(753.0,805.0)
(413.0,805.0)
(471.0,805.0)
(805.0,805.0)
(463.0,805.0)
(455.0,805.0)
(455.0,805.0)
(413.0,805.0)
(805.0,805.0)
(463.0,805.0)
(805.0,805.0)
(463.0,805.0)
(455.0,805.0)
(455.0,805.0)
(804.0,805.0)
(413.0,805.0)
(455.0,805.0)
(455.0,805.0)
(413.0,805.0)
(805.0,805.0)
(806.0,805.0)
(463.0,805.0)
(463.0,805.0)
(805.0,805.0)
(805.0,805.0)
(805.0,805.0)
(753.0,805.0)
(805.0,805.0)
(805.0,805.0)
(463.0,805.0)
(463.0,805.0)
(463.0,805.0)
(805.0,805.0)
(455.0,805.0)
(804.0,805.0)
(805.0,805.0)
(462.0,805.0)
(413.0,805.0)
(805.0,805.0)
(447.0,805.0)
(413.0,805.0)
(413.0,805.0)
(455.0,805.0)
(413.0,805.0)
(786.0,805.0)
(804.0,805.0)
(805.0,805.0)
(373.0,805.0)
(413.0,805.0)
(805.0,805.0)
(413.0,805.0)
(805.0,805.0)
(413.0,805.0)
(805.0,805.0)
(413.0,805.0)
(805.0,805.0)
(463.0,805.0)
(805.0,805.0)
(804.0,805.0)
(806.0,805.0)
(463.0,805.0)
(455.0,805.0)
(413.0,805.0)
(413.0,805.0)
(413.0,805.0)
(413.0,805.0)
(455.0,805.0)
(805.0,805.0)
(805.0,805.0)
(465.0,805.0)
(805.0,805.0)
(805.0,805.0)
(413.0,805.0)
(805.0,805.0)
(805.0,805.0)
(413.0,805.0)
(463.0,805.0)
(805.0,805.0)
(413.0,805.0)
(413.0,805.0)
(805.0,805.0)
(455.0,805.0)
(455.0,805.0)
(805.0,805.0)
(805.0,805.0)
(463.0,805.0)
(805.0,805.0)
(462.0,805.0)
(454.0,805.0)
(805.0,805.0)
(805.0,805.0)
(805.0,805.0)
(413.0,805.0)
(413.0,805.0)
(463.0,805.0)
(455.0,805.0)
(805.0,805.0)
(413.0,805.0)
(771.0,805.0)
(459.0,805.0)
(805.0,805.0)
(462.0,805.0)
(806.0,805.0)
(413.0,805.0)
(805.0,805.0)
(455.0,805.0)
(454.0,805.0)
(805.0,805.0)
(805.0,805.0)
(463.0,805.0)
(413.0,805.0)
(805.0,805.0)
(805.0,805.0)
(462.0,805.0)
(463.0,805.0)
(421.0,805.0)
(463.0,805.0)
(805.0,805.0)
(805.0,805.0)
(463.0,805.0)
(413.0,805.0)
(805.0,805.0)
(463.0,805.0)
(806.0,805.0)
(455.0,805.0)
(805.0,805.0)
(805.0,805.0)
(455.0,805.0)
(413.0,805.0)
(413.0,805.0)
(805.0,805.0)
(805.0,805.0)
(413.0,805.0)
(805.0,805.0)
(764.0,805.0)
(805.0,805.0)
(805.0,805.0)
(805.0,805.0)
(805.0,805.0)
(804.0,805.0)
(805.0,805.0)
(463.0,805.0)
(805.0,805.0)
(805.0,805.0)
(413.0,805.0)
(465.0,805.0)
(805.0,805.0)
(463.0,805.0)
(805.0,805.0)
(455.0,805.0)
(805.0,805.0)
(413.0,805.0)
(455.0,805.0)
(805.0,805.0)
(413.0,805.0)
(805.0,805.0)
(804.0,805.0)
(455.0,805.0)
(805.0,805.0)
(465.0,805.0)
(805.0,805.0)
(805.0,805.0)
(455.0,805.0)
(786.0,805.0)
(805.0,805.0)
(805.0,805.0)
(805.0,805.0)
(805.0,805.0)
(805.0,805.0)
(805.0,805.0)
(413.0,805.0)
(805.0,805.0)
(805.0,805.0)
(805.0,805.0)
(471.0,805.0)
(463.0,805.0)
(465.0,805.0)
(805.0,805.0)
(463.0,805.0)
(413.0,805.0)
(413.0,805.0)
(413.0,805.0)
(805.0,805.0)
(805.0,805.0)
(805.0,805.0)
(805.0,805.0)
(463.0,805.0)
(413.0,805.0)
(413.0,805.0)
(413.0,805.0)
(805.0,805.0)
(413.0,805.0)
(805.0,805.0)
(805.0,805.0)
(805.0,805.0)
(463.0,805.0)
(805.0,805.0)
(413.0,805.0)
(804.0,805.0)
(455.0,805.0)
(463.0,805.0)
(805.0,805.0)
(805.0,805.0)
(805.0,805.0)
(475.0,805.0)
(463.0,805.0)
(804.0,805.0)
(804.0,805.0)
(462.0,805.0)
(462.0,805.0)
(413.0,805.0)
(805.0,805.0)
(805.0,805.0)
(455.0,805.0)
(471.0,805.0)
(804.0,805.0)
(454.0,805.0)
(463.0,805.0)
(413.0,805.0)
(805.0,805.0)
(805.0,805.0)
(805.0,805.0)
(463.0,805.0)
(805.0,805.0)
(463.0,805.0)
(447.0,805.0)
(404.0,805.0)
(805.0,805.0)
(805.0,805.0)
(805.0,805.0)
(804.0,805.0)
(463.0,805.0)
(463.0,805.0)
(805.0,805.0)
(447.0,805.0)
(805.0,805.0)
(804.0,805.0)
(805.0,805.0)
(413.0,805.0)
(462.0,805.0)
(805.0,805.0)
(805.0,805.0)
(463.0,805.0)
(413.0,805.0)
(455.0,805.0)
(417.0,805.0)
(455.0,805.0)
(463.0,805.0)
(455.0,805.0)
(806.0,805.0)
(455.0,805.0)
(805.0,805.0)
(455.0,805.0)
(455.0,805.0)
(455.0,805.0)
(413.0,805.0)
(805.0,805.0)
(805.0,805.0)
(805.0,805.0)
(805.0,805.0)
(805.0,805.0)
(805.0,805.0)
(804.0,805.0)
(471.0,805.0)
(413.0,805.0)
(805.0,805.0)
(413.0,805.0)
(413.0,805.0)
(455.0,805.0)
(365.0,805.0)
(447.0,805.0)
(455.0,805.0)
(463.0,805.0)
(413.0,805.0)
(413.0,805.0)
(805.0,805.0)
(805.0,805.0)
(413.0,805.0)
(413.0,805.0)
(413.0,805.0)
(805.0,805.0)
(805.0,805.0)
(462.0,805.0)
(455.0,805.0)
(805.0,805.0)
(413.0,805.0)
(805.0,805.0)
(455.0,805.0)
(805.0,805.0)
(805.0,805.0)
(459.0,805.0)
(463.0,805.0)
(413.0,805.0)
(463.0,805.0)
(805.0,805.0)
(413.0,805.0)
(804.0,805.0)
(805.0,805.0)
(413.0,805.0)
(805.0,805.0)
(413.0,805.0)
(413.0,805.0)
(413.0,805.0)
(462.0,805.0)
(804.0,805.0)
(463.0,805.0)
(804.0,805.0)
(805.0,805.0)
(455.0,805.0)
(805.0,805.0)
(805.0,805.0)
(462.0,805.0)
(463.0,805.0)
(413.0,805.0)
(805.0,805.0)
(463.0,805.0)
(455.0,805.0)
(805.0,805.0)
(805.0,805.0)
(413.0,805.0)
(804.0,805.0)
(805.0,805.0)
(805.0,805.0)
(413.0,805.0)
(463.0,805.0)
(413.0,805.0)
(804.0,805.0)
(462.0,805.0)
(805.0,805.0)
(805.0,805.0)
(806.0,805.0)
(805.0,805.0)
(805.0,805.0)
(413.0,805.0)
(805.0,805.0)
(413.0,805.0)
(805.0,805.0)
(805.0,805.0)
(455.0,805.0)
(463.0,805.0)
(805.0,805.0)
(421.0,805.0)
(462.0,805.0)
(805.0,805.0)
(455.0,805.0)
(805.0,805.0)
(413.0,805.0)
(805.0,805.0)
(413.0,805.0)
(805.0,805.0)
(805.0,805.0)
(463.0,805.0)
(786.0,805.0)
(805.0,805.0)
(447.0,805.0)
(455.0,805.0)
(805.0,805.0)
(413.0,805.0)
(805.0,805.0)
(463.0,805.0)
(805.0,805.0)
(447.0,805.0)
(805.0,805.0)
(805.0,805.0)
(805.0,805.0)
(413.0,805.0)
(413.0,805.0)
(413.0,805.0)
(805.0,805.0)
(413.0,805.0)
(413.0,805.0)
(463.0,805.0)
(804.0,805.0)
(454.0,805.0)
(805.0,805.0)
(805.0,805.0)
(804.0,805.0)
(805.0,805.0)
(413.0,805.0)
(413.0,805.0)
(413.0,805.0)
(413.0,805.0)
(455.0,805.0)
(805.0,805.0)
(406.0,805.0)
(413.0,805.0)
(805.0,805.0)
(413.0,805.0)
(805.0,805.0)
(805.0,805.0)
(805.0,805.0)
(413.0,805.0)
(413.0,805.0)
(462.0,805.0)
(804.0,805.0)
(805.0,805.0)
(463.0,805.0)
(413.0,805.0)
(413.0,805.0)
(413.0,805.0)
(806.0,805.0)
(805.0,805.0)
(463.0,805.0)
(413.0,805.0)
(413.0,805.0)
(805.0,805.0)
(805.0,805.0)
(805.0,805.0)
(805.0,805.0)
(805.0,805.0)
(413.0,805.0)
(413.0,805.0)
(435.0,805.0)
(413.0,805.0)
(463.0,805.0)
(463.0,805.0)
(455.0,805.0)
(771.0,805.0)
(805.0,805.0)
(413.0,805.0)
(413.0,805.0)
(463.0,805.0)
(463.0,805.0)
(413.0,805.0)
(806.0,805.0)
(463.0,805.0)
(413.0,805.0)
(413.0,805.0)
(462.0,805.0)
(413.0,805.0)
(786.0,805.0)
(455.0,805.0)
(413.0,805.0)
(462.0,805.0)
(413.0,805.0)
(804.0,805.0)
(413.0,805.0)
(805.0,805.0)
(805.0,805.0)
(455.0,805.0)
(805.0,805.0)
(421.0,805.0)
(413.0,805.0)
(455.0,805.0)
(447.0,805.0)
(455.0,805.0)
(454.0,805.0)
(413.0,805.0)
(413.0,805.0)
(805.0,805.0)
(413.0,805.0)
(805.0,805.0)
(805.0,805.0)
(447.0,805.0)
(806.0,805.0)
(805.0,805.0)
(805.0,805.0)
(805.0,805.0)
(413.0,805.0)
(805.0,805.0)
(413.0,805.0)
(805.0,805.0)
(805.0,805.0)
(413.0,805.0)
(771.0,805.0)
(396.0,805.0)
(413.0,805.0)
(805.0,805.0)
(413.0,805.0)
(413.0,805.0)
(805.0,805.0)
(455.0,805.0)
(454.0,805.0)
(455.0,805.0)
(455.0,805.0)
(804.0,805.0)
(805.0,805.0)
(805.0,805.0)
(805.0,805.0)
(455.0,805.0)
(455.0,805.0)
(805.0,805.0)
(771.0,805.0)
(413.0,805.0)
(413.0,805.0)
(805.0,805.0)
(413.0,805.0)
(805.0,805.0)
(413.0,805.0)
(421.0,805.0)
(463.0,805.0)
(806.0,805.0)
(413.0,805.0)
(413.0,805.0)
(463.0,805.0)
(805.0,805.0)
(805.0,805.0)
(455.0,805.0)
(462.0,805.0)
(413.0,805.0)
(413.0,805.0)
(413.0,805.0)
(806.0,805.0)
(413.0,805.0)
(805.0,805.0)
(463.0,805.0)
(805.0,805.0)
(462.0,805.0)
(413.0,805.0)
(413.0,805.0)
(806.0,805.0)
(413.0,805.0)
(805.0,805.0)
(805.0,805.0)
(413.0,805.0)
(771.0,805.0)
(463.0,805.0)
(805.0,805.0)
(463.0,805.0)
(413.0,805.0)
(455.0,805.0)
(805.0,805.0)
(365.0,805.0)
(455.0,805.0)
(463.0,805.0)
(455.0,805.0)
(805.0,805.0)
(413.0,805.0)
(455.0,805.0)
(805.0,805.0)
(437.0,805.0)
(413.0,805.0)
(463.0,805.0)
(413.0,805.0)
(413.0,805.0)
(465.0,805.0)
(471.0,805.0)
(463.0,805.0)
(805.0,805.0)
(413.0,805.0)
(455.0,805.0)
(805.0,805.0)
(805.0,805.0)
(805.0,805.0)
(465.0,805.0)
(455.0,805.0)
(413.0,805.0)
(805.0,805.0)
(805.0,805.0)
(805.0,805.0)
(805.0,805.0)
(455.0,805.0)
(805.0,805.0)
(805.0,805.0)
(805.0,805.0)
(455.0,805.0)
(805.0,805.0)
(805.0,805.0)
(805.0,805.0)
(413.0,805.0)
(413.0,805.0)
(413.0,805.0)
(805.0,805.0)
(805.0,805.0)
(463.0,805.0)
(805.0,805.0)
(463.0,805.0)
(455.0,805.0)
(805.0,805.0)
(805.0,805.0)
(413.0,805.0)
(413.0,805.0)
(455.0,805.0)
(413.0,805.0)
(413.0,805.0)
(805.0,805.0)
(805.0,805.0)
(413.0,805.0)
(806.0,805.0)
(463.0,805.0)
(806.0,805.0)
(413.0,805.0)
(805.0,805.0)
(805.0,805.0)
(447.0,805.0)
(805.0,805.0)
(413.0,805.0)
(471.0,805.0)
(462.0,805.0)
(455.0,805.0)
(471.0,805.0)
(805.0,805.0)
(805.0,805.0)
(805.0,805.0)
(463.0,805.0)
(413.0,805.0)
(805.0,805.0)
(805.0,805.0)
(413.0,805.0)
(455.0,805.0)
(463.0,805.0)
(805.0,805.0)
(764.0,805.0)
(465.0,805.0)
(805.0,805.0)
(806.0,805.0)
(805.0,805.0)
(413.0,805.0)
(805.0,805.0)
(805.0,805.0)
(462.0,805.0)
(805.0,805.0)
(805.0,805.0)
(764.0,805.0)
(413.0,805.0)
(413.0,805.0)
(805.0,805.0)
(463.0,805.0)
(404.0,805.0)
(463.0,805.0)
(413.0,805.0)
(463.0,805.0)
(365.0,805.0)
(805.0,805.0)
(805.0,805.0)
(417.0,805.0)
(413.0,805.0)
(413.0,805.0)
(805.0,805.0)
(805.0,805.0)
(764.0,805.0)
(805.0,805.0)
(805.0,805.0)
(455.0,805.0)
(804.0,805.0)
(413.0,805.0)
(805.0,805.0)
(413.0,805.0)
(805.0,805.0)
(413.0,805.0)
(805.0,805.0)
(805.0,805.0)
(805.0,805.0)
(805.0,805.0)
(805.0,805.0)
(806.0,805.0)
(804.0,805.0)
(805.0,805.0)
(455.0,805.0)
(804.0,805.0)
(422.0,805.0)
(413.0,805.0)
(462.0,805.0)
(805.0,805.0)
(805.0,805.0)
(805.0,805.0)
(771.0,805.0)
(805.0,805.0)
(413.0,805.0)
(805.0,805.0)
(805.0,805.0)
(413.0,805.0)
(435.0,805.0)
(805.0,805.0)
(805.0,805.0)
(805.0,805.0)
(463.0,805.0)
(463.0,805.0)
(804.0,805.0)
(413.0,805.0)
(805.0,805.0)
(413.0,805.0)
(805.0,805.0)
(805.0,805.0)
(751.0,805.0)
(805.0,805.0)
(413.0,805.0)
(805.0,805.0)
(413.0,805.0)
(805.0,805.0)
(413.0,805.0)
(805.0,805.0)
(806.0,805.0)
(805.0,805.0)
(805.0,805.0)
(805.0,805.0)
(805.0,805.0)
(455.0,805.0)
(387.0,805.0)
(805.0,805.0)
(463.0,805.0)
(413.0,805.0)
(805.0,805.0)
(413.0,805.0)
(805.0,805.0)
(463.0,805.0)
(413.0,805.0)
(805.0,805.0)
(805.0,805.0)
(413.0,805.0)
(805.0,805.0)
(454.0,805.0)
(421.0,805.0)
(465.0,805.0)
(413.0,805.0)
(455.0,805.0)
(805.0,805.0)
(471.0,805.0)
(413.0,805.0)
(805.0,805.0)
(463.0,805.0)
(463.0,805.0)
(405.0,805.0)
(463.0,805.0)
(463.0,805.0)
(805.0,805.0)
(805.0,805.0)
(805.0,805.0)
(463.0,805.0)
(463.0,805.0)
(463.0,805.0)
(463.0,805.0)
(463.0,805.0)
(447.0,805.0)
(463.0,805.0)
(805.0,805.0)
(463.0,805.0)
(463.0,805.0)
(463.0,805.0)
(805.0,805.0)
(463.0,805.0)
(463.0,805.0)
(463.0,805.0)
(771.0,805.0)
(463.0,805.0)
(463.0,805.0)
(463.0,805.0)
(413.0,805.0)
(463.0,805.0)
(463.0,805.0)
(805.0,805.0)
(463.0,805.0)
(463.0,805.0)
(463.0,805.0)
(463.0,805.0)
(463.0,805.0)
(413.0,805.0)
(413.0,805.0)
(463.0,805.0)
(463.0,805.0)
(463.0,805.0)
(463.0,805.0)
(463.0,805.0)
(805.0,805.0)
(805.0,805.0)
(463.0,805.0)
(463.0,805.0)
(463.0,805.0)
(463.0,805.0)
(463.0,805.0)
(463.0,805.0)
(463.0,805.0)
(463.0,805.0)
(463.0,805.0)
(463.0,805.0)
(463.0,805.0)
(463.0,805.0)
(463.0,805.0)
(463.0,805.0)
(463.0,805.0)
(463.0,805.0)
(463.0,805.0)
(463.0,805.0)
(463.0,805.0)
(463.0,805.0)
(463.0,805.0)
(463.0,805.0)
(463.0,805.0)
(463.0,805.0)
(805.0,805.0)
(463.0,805.0)
(413.0,805.0)
(463.0,805.0)
(463.0,805.0)
(463.0,805.0)
(805.0,805.0)
(463.0,805.0)
(463.0,805.0)
(463.0,805.0)
(463.0,805.0)
(463.0,805.0)
(417.0,805.0)
(463.0,805.0)
(463.0,805.0)
(463.0,805.0)
(413.0,805.0)
(463.0,805.0)
(413.0,805.0)
(463.0,805.0)
(463.0,805.0)
(463.0,805.0)
(771.0,805.0)
(463.0,805.0)
(463.0,805.0)
(463.0,805.0)
(463.0,805.0)
(463.0,805.0)
(463.0,805.0)
(463.0,805.0)
(805.0,805.0)
(463.0,805.0)
(413.0,805.0)
(463.0,805.0)
(463.0,805.0)
(463.0,805.0)
(455.0,805.0)
(463.0,805.0)
(463.0,805.0)
(805.0,805.0)
(463.0,805.0)
(455.0,805.0)
(463.0,805.0)
(463.0,805.0)
(463.0,805.0)
(463.0,805.0)
(413.0,805.0)
(463.0,805.0)
(805.0,805.0)
(463.0,805.0)
(463.0,805.0)
(463.0,805.0)
(463.0,805.0)
(413.0,805.0)
(463.0,805.0)
(463.0,805.0)
(463.0,805.0)
(463.0,805.0)
(463.0,805.0)
(463.0,805.0)
(463.0,805.0)
(463.0,805.0)
(463.0,805.0)
(805.0,805.0)
(463.0,805.0)
(805.0,805.0)
(455.0,805.0)
(463.0,805.0)
(413.0,805.0)
(463.0,805.0)
(463.0,805.0)
(447.0,805.0)
(417.0,805.0)
(463.0,805.0)
(463.0,805.0)
(463.0,805.0)
(463.0,805.0)
(463.0,805.0)
(463.0,805.0)
(463.0,805.0)
(463.0,805.0)
(463.0,805.0)
(805.0,805.0)
(463.0,805.0)
(463.0,805.0)
(463.0,805.0)
(463.0,805.0)
(805.0,805.0)
(463.0,805.0)
(463.0,805.0)
(463.0,805.0)
(463.0,805.0)
(463.0,805.0)
(463.0,805.0)
(463.0,805.0)
(463.0,805.0)
(413.0,805.0)
(463.0,805.0)
(413.0,805.0)
(463.0,805.0)
(463.0,805.0)
(413.0,805.0)
(387.0,805.0)
(463.0,805.0)
(463.0,805.0)
(463.0,805.0)
(463.0,805.0)
(463.0,805.0)
(463.0,805.0)
(463.0,805.0)
(805.0,805.0)
(463.0,805.0)
(463.0,805.0)
(413.0,805.0)
(463.0,805.0)
(463.0,805.0)
(455.0,805.0)
(463.0,805.0)
(463.0,805.0)
(413.0,805.0)
(463.0,805.0)
(805.0,805.0)
(417.0,805.0)
(463.0,805.0)
(463.0,805.0)
(463.0,805.0)
(805.0,805.0)
(463.0,805.0)
(463.0,805.0)
(463.0,805.0)
(463.0,805.0)
(455.0,805.0)
(413.0,805.0)
(455.0,805.0)
(805.0,805.0)
(455.0,805.0)
(447.0,805.0)
(462.0,805.0)
(413.0,805.0)
(805.0,805.0)
(805.0,805.0)
(376.0,805.0)
(805.0,805.0)
(805.0,805.0)
(413.0,805.0)
(455.0,805.0)
(455.0,805.0)
(454.0,805.0)
(771.0,805.0)
(462.0,805.0)
(805.0,805.0)
(805.0,805.0)
(462.0,805.0)
(455.0,805.0)
(465.0,805.0)
(805.0,805.0)
(462.0,805.0)
(413.0,805.0)
(463.0,805.0)
(413.0,805.0)
(413.0,805.0)
(804.0,805.0)
(455.0,805.0)
(462.0,805.0)
(805.0,805.0)
(771.0,805.0)
(435.0,805.0)
(806.0,805.0)
(421.0,805.0)
(805.0,805.0)
(463.0,805.0)
(771.0,805.0)
(805.0,805.0)
(413.0,805.0)
(463.0,805.0)
(805.0,805.0)
(806.0,805.0)
(462.0,805.0)
(454.0,805.0)
(805.0,805.0)
(805.0,805.0)
(462.0,805.0)
(455.0,805.0)
(376.0,805.0)
(455.0,805.0)
(805.0,805.0)
(462.0,805.0)
(805.0,805.0)
(413.0,805.0)
(413.0,805.0)
(463.0,805.0)
(455.0,805.0)
(805.0,805.0)
(413.0,805.0)
(805.0,805.0)
(435.0,805.0)
(413.0,805.0)
(455.0,805.0)
(413.0,805.0)
(771.0,805.0)
(805.0,805.0)
(462.0,805.0)
(455.0,805.0)
(387.0,805.0)
(806.0,805.0)
(805.0,805.0)
(413.0,805.0)
(413.0,805.0)
(743.0,805.0)
(463.0,805.0)
(435.0,805.0)
(805.0,805.0)
(455.0,805.0)
(455.0,805.0)
(413.0,805.0)
(413.0,805.0)
(805.0,805.0)
(413.0,805.0)
(462.0,805.0)
(413.0,805.0)
(805.0,805.0)
(413.0,805.0)
(771.0,805.0)
(805.0,805.0)
(413.0,805.0)
(463.0,805.0)
(413.0,805.0)
(805.0,805.0)
(805.0,805.0)
(455.0,805.0)
(463.0,805.0)
(805.0,805.0)
(413.0,805.0)
(447.0,805.0)
(462.0,805.0)
(413.0,805.0)
(455.0,805.0)
(447.0,805.0)
(413.0,805.0)
(805.0,805.0)
(805.0,805.0)
(413.0,805.0)
(396.0,805.0)
(455.0,805.0)
(413.0,805.0)
(447.0,805.0)
(455.0,805.0)
(805.0,805.0)
(805.0,805.0)
(462.0,805.0)
(462.0,805.0)
(413.0,805.0)
(413.0,805.0)
(463.0,805.0)
(413.0,805.0)
(805.0,805.0)
(805.0,805.0)
(805.0,805.0)
(463.0,805.0)
(413.0,805.0)
(771.0,805.0)
(805.0,805.0)
(805.0,805.0)
(455.0,805.0)
(805.0,805.0)
(805.0,805.0)
(376.0,805.0)
(465.0,805.0)
(805.0,805.0)
(805.0,805.0)
(455.0,805.0)
(805.0,805.0)
(806.0,805.0)
(455.0,805.0)
(786.0,805.0)
(413.0,805.0)
(462.0,805.0)
(805.0,805.0)
(805.0,805.0)
(455.0,805.0)
(454.0,805.0)
(447.0,805.0)
(463.0,805.0)
(413.0,805.0)
(804.0,805.0)
(805.0,805.0)
(805.0,805.0)
(413.0,805.0)
(413.0,805.0)
(805.0,805.0)
(447.0,805.0)
(806.0,805.0)
(413.0,805.0)
(413.0,805.0)
(413.0,805.0)
(462.0,805.0)
(417.0,805.0)
(806.0,805.0)
(413.0,805.0)
(463.0,805.0)
(805.0,805.0)
(447.0,805.0)
(447.0,805.0)
(805.0,805.0)
(805.0,805.0)
(805.0,805.0)
(462.0,805.0)
(805.0,805.0)
(413.0,805.0)
(805.0,805.0)
(462.0,805.0)
(447.0,805.0)
(805.0,805.0)
(806.0,805.0)
(413.0,805.0)
(805.0,805.0)
(413.0,805.0)
(463.0,805.0)
(805.0,805.0)
(771.0,805.0)
(805.0,805.0)
(805.0,805.0)
(463.0,805.0)
(463.0,805.0)
(463.0,805.0)
(805.0,805.0)
(463.0,805.0)
(805.0,805.0)
(463.0,805.0)
(463.0,805.0)
(463.0,805.0)
(463.0,805.0)
(463.0,805.0)
(463.0,805.0)
(463.0,805.0)
(805.0,805.0)
(463.0,805.0)
(771.0,805.0)
(463.0,805.0)
(463.0,805.0)
(463.0,805.0)
(463.0,805.0)
(463.0,805.0)
(404.0,805.0)
(463.0,805.0)
(463.0,805.0)
(805.0,805.0)
(455.0,805.0)
(805.0,805.0)
(463.0,805.0)
(463.0,805.0)
(463.0,805.0)
(463.0,805.0)
(463.0,805.0)
(463.0,805.0)
(805.0,805.0)
(463.0,805.0)
(463.0,805.0)
(463.0,805.0)
(463.0,805.0)
(463.0,805.0)
(463.0,805.0)
(804.0,805.0)
(463.0,805.0)
(463.0,805.0)
(463.0,805.0)
(463.0,805.0)
(463.0,805.0)
(463.0,805.0)
(805.0,805.0)
(463.0,805.0)
(805.0,805.0)
(463.0,805.0)
(463.0,805.0)
(771.0,805.0)
(463.0,805.0)
(463.0,805.0)
(463.0,805.0)
(455.0,805.0)
(463.0,805.0)
(463.0,805.0)
(463.0,805.0)
(463.0,805.0)
(463.0,805.0)
(463.0,805.0)
(463.0,805.0)
(463.0,805.0)
(463.0,805.0)
(463.0,805.0)
(463.0,805.0)
(463.0,805.0)
(805.0,805.0)
(463.0,805.0)
(417.0,805.0)
(463.0,805.0)
(463.0,805.0)
(805.0,805.0)
(805.0,805.0)
(463.0,805.0)
(463.0,805.0)
(463.0,805.0)
(463.0,805.0)
(463.0,805.0)
(805.0,805.0)
(463.0,805.0)
(447.0,805.0)
(463.0,805.0)
(463.0,805.0)
(463.0,805.0)
(463.0,805.0)
(463.0,805.0)
(463.0,805.0)
(463.0,805.0)
(805.0,805.0)
(463.0,805.0)
(463.0,805.0)
(463.0,805.0)
(447.0,805.0)
(463.0,805.0)
(463.0,805.0)
(463.0,805.0)
(463.0,805.0)
(463.0,805.0)
(463.0,805.0)
(463.0,805.0)
(463.0,805.0)
(463.0,805.0)
(459.0,805.0)
(463.0,805.0)
(463.0,805.0)
(463.0,805.0)
(463.0,805.0)
(805.0,805.0)
(463.0,805.0)
(463.0,805.0)
(463.0,805.0)
(463.0,805.0)
(463.0,805.0)
(463.0,805.0)
(804.0,805.0)
(463.0,805.0)
(463.0,805.0)
(805.0,805.0)
(463.0,805.0)
(455.0,805.0)
(463.0,805.0)
(463.0,805.0)
(417.0,805.0)
(463.0,805.0)
(463.0,805.0)
(417.0,805.0)
(463.0,805.0)
(463.0,805.0)
(463.0,805.0)
(463.0,805.0)
(447.0,805.0)
(463.0,805.0)
(463.0,805.0)
(463.0,805.0)
(805.0,805.0)
(463.0,805.0)
(463.0,805.0)
(463.0,805.0)
(463.0,805.0)
(463.0,805.0)
(463.0,805.0)
(463.0,805.0)
(463.0,805.0)
(413.0,805.0)
(463.0,805.0)
(463.0,805.0)
(463.0,805.0)
(463.0,805.0)
(463.0,805.0)
(447.0,805.0)
(463.0,805.0)
(463.0,805.0)
(805.0,805.0)
(463.0,805.0)
(463.0,805.0)
(463.0,805.0)
(455.0,805.0)
(463.0,805.0)
(447.0,805.0)
(463.0,805.0)
(463.0,805.0)
(463.0,805.0)
(413.0,805.0)
(463.0,805.0)
(805.0,805.0)
(805.0,805.0)
(463.0,805.0)
(463.0,805.0)
(463.0,805.0)
(463.0,805.0)
(463.0,805.0)
(463.0,805.0)
(463.0,805.0)
(463.0,805.0)
(463.0,805.0)
(455.0,805.0)
(463.0,805.0)
(463.0,805.0)
(805.0,805.0)
(463.0,805.0)
(463.0,805.0)
(463.0,805.0)
(463.0,805.0)
(463.0,805.0)
(413.0,805.0)
(463.0,805.0)
(463.0,805.0)
(463.0,805.0)
(463.0,805.0)
(463.0,805.0)
(463.0,805.0)
(463.0,805.0)
(455.0,805.0)
(463.0,805.0)
(805.0,805.0)
(805.0,805.0)
(463.0,805.0)
(463.0,805.0)
(455.0,805.0)
(463.0,805.0)
(463.0,805.0)
(455.0,805.0)
(805.0,805.0)
(463.0,805.0)
(804.0,805.0)
(463.0,805.0)
(805.0,805.0)
(455.0,805.0)
(463.0,805.0)
(455.0,805.0)
(463.0,805.0)
(463.0,805.0)
(771.0,805.0)
(463.0,805.0)
(455.0,805.0)
(413.0,805.0)
(463.0,805.0)
(463.0,805.0)
(805.0,805.0)
(463.0,805.0)
(805.0,805.0)
(417.0,805.0)
(805.0,805.0)
(463.0,805.0)
(463.0,805.0)
(463.0,805.0)
(463.0,805.0)
(463.0,805.0)
(455.0,805.0)
(804.0,805.0)
(455.0,805.0)
(463.0,805.0)
(455.0,805.0)
(463.0,805.0)
(462.0,805.0)
(455.0,805.0)
(463.0,805.0)
(455.0,805.0)
(463.0,805.0)
(463.0,805.0)
(463.0,805.0)
(463.0,805.0)
(463.0,805.0)
(463.0,805.0)
(455.0,805.0)
(805.0,805.0)
(463.0,805.0)
(463.0,805.0)
(455.0,805.0)
(463.0,805.0)
(463.0,805.0)
(463.0,805.0)
(463.0,805.0)
(463.0,805.0)
(463.0,805.0)
(753.0,805.0)
(463.0,805.0)
(463.0,805.0)
(462.0,805.0)
(463.0,805.0)
(805.0,805.0)
(463.0,805.0)
(463.0,805.0)
(463.0,805.0)
(413.0,805.0)
(469.0,805.0)
(463.0,805.0)
(455.0,805.0)
(463.0,805.0)
(463.0,805.0)
(455.0,805.0)
(421.0,805.0)
(455.0,805.0)
(463.0,805.0)
(805.0,805.0)
(463.0,805.0)
(463.0,805.0)
(463.0,805.0)
(455.0,805.0)
(463.0,805.0)
(805.0,805.0)
(463.0,805.0)
(463.0,805.0)
(455.0,805.0)
(463.0,805.0)
(805.0,805.0)
(805.0,805.0)
(463.0,805.0)
(463.0,805.0)
(805.0,805.0)
(463.0,805.0)
(455.0,805.0)
(463.0,805.0)
(455.0,805.0)
(455.0,805.0)
(463.0,805.0)
(805.0,805.0)
(805.0,805.0)
(805.0,805.0)
(463.0,805.0)
(463.0,805.0)
(805.0,805.0)
(463.0,805.0)
(462.0,805.0)
(805.0,805.0)
(463.0,805.0)
(463.0,805.0)
(463.0,805.0)
(455.0,805.0)
(455.0,805.0)
(463.0,805.0)
(463.0,805.0)
(463.0,805.0)
(455.0,805.0)
(463.0,805.0)
(463.0,805.0)
(455.0,805.0)
(463.0,805.0)
(463.0,805.0)
(463.0,805.0)
(805.0,805.0)
(463.0,805.0)
(463.0,805.0)
(805.0,805.0)
(805.0,805.0)
(463.0,805.0)
(463.0,805.0)
(463.0,805.0)
(463.0,805.0)
(805.0,805.0)
(463.0,805.0)
(463.0,805.0)
(463.0,805.0)
(463.0,805.0)
(463.0,805.0)
(463.0,805.0)
(463.0,805.0)
(805.0,805.0)
(455.0,805.0)
(463.0,805.0)
(455.0,805.0)
(463.0,805.0)
(455.0,805.0)
(455.0,805.0)
(455.0,805.0)
(455.0,805.0)
(463.0,805.0)
(455.0,805.0)
(455.0,805.0)
(463.0,805.0)
(463.0,805.0)
(455.0,805.0)
(463.0,805.0)
(455.0,805.0)
(805.0,805.0)
(455.0,805.0)
(463.0,805.0)
(455.0,805.0)
(455.0,805.0)
(463.0,805.0)
(463.0,805.0)
(455.0,805.0)
(463.0,805.0)
(417.0,805.0)
(805.0,805.0)
(805.0,805.0)
(805.0,805.0)
(463.0,805.0)
(463.0,805.0)
(455.0,805.0)
(455.0,805.0)
(463.0,805.0)
(417.0,805.0)
(463.0,805.0)
(455.0,805.0)
(455.0,805.0)
(463.0,805.0)
(463.0,805.0)
(462.0,805.0)
(463.0,805.0)
(463.0,805.0)
(463.0,805.0)
(455.0,805.0)
(455.0,805.0)
(805.0,805.0)
(463.0,805.0)
(805.0,805.0)
(463.0,805.0)
(455.0,805.0)
(467.0,467.0)
(384.0,467.0)
(771.0,467.0)
(467.0,467.0)
(381.0,467.0)
(468.0,467.0)
(428.0,467.0)
(381.0,467.0)
(467.0,467.0)
(467.0,467.0)
(412.0,467.0)
(467.0,467.0)
(467.0,467.0)
(381.0,467.0)
(381.0,467.0)
(467.0,467.0)
(381.0,467.0)
(467.0,467.0)
(468.0,467.0)
(381.0,467.0)
(467.0,467.0)
(440.0,467.0)
(467.0,467.0)
(467.0,467.0)
(383.0,467.0)
(445.0,467.0)
(482.0,467.0)
(467.0,467.0)
(803.0,467.0)
(428.0,467.0)
(467.0,467.0)
(467.0,467.0)
(467.0,467.0)
(467.0,467.0)
(467.0,467.0)
(467.0,467.0)
(467.0,467.0)
(467.0,467.0)
(467.0,467.0)
(467.0,467.0)
(440.0,467.0)
(467.0,467.0)
(467.0,467.0)
(467.0,467.0)
(443.0,467.0)
(467.0,467.0)
(467.0,467.0)
(440.0,467.0)
(467.0,467.0)
(436.0,467.0)
(467.0,467.0)
(467.0,467.0)
(443.0,467.0)
(381.0,467.0)
(467.0,467.0)
(467.0,467.0)
(443.0,467.0)
(467.0,467.0)
(467.0,467.0)
(467.0,467.0)
(467.0,467.0)
(741.0,467.0)
(467.0,467.0)
(467.0,467.0)
(471.0,467.0)
(483.0,467.0)
(381.0,467.0)
(467.0,467.0)
(440.0,467.0)
(467.0,467.0)
(436.0,467.0)
(594.0,467.0)
(467.0,467.0)
(467.0,467.0)
(467.0,467.0)
(467.0,467.0)
(771.0,467.0)
(391.0,467.0)
(482.0,467.0)
(471.0,467.0)
(467.0,467.0)
(467.0,467.0)
(448.0,467.0)
(467.0,467.0)
(468.0,467.0)
(467.0,467.0)
(467.0,467.0)
(468.0,467.0)
(803.0,467.0)
(467.0,467.0)
(467.0,467.0)
(467.0,467.0)
(467.0,467.0)
(381.0,467.0)
(398.0,467.0)
(467.0,467.0)
(467.0,467.0)
(467.0,467.0)
(467.0,467.0)
(467.0,467.0)
(467.0,467.0)
(467.0,467.0)
(391.0,467.0)
(467.0,467.0)
(467.0,467.0)
(467.0,467.0)
(467.0,467.0)
(468.0,467.0)
(467.0,467.0)
(467.0,467.0)
(467.0,467.0)
(467.0,467.0)
(483.0,467.0)
(424.0,467.0)
(482.0,467.0)
(467.0,467.0)
(467.0,467.0)
(467.0,467.0)
(467.0,467.0)
(428.0,467.0)
(467.0,467.0)
(440.0,467.0)
(468.0,467.0)
(467.0,467.0)
(467.0,467.0)
(467.0,467.0)
(428.0,467.0)
(467.0,467.0)
(467.0,467.0)
(771.0,467.0)
(467.0,467.0)
(467.0,467.0)
(467.0,467.0)
(467.0,467.0)
(467.0,467.0)
(381.0,467.0)
(467.0,467.0)
(467.0,467.0)
(467.0,467.0)
(440.0,467.0)
(467.0,467.0)
(467.0,467.0)
(467.0,467.0)
(384.0,467.0)
(468.0,467.0)
(803.0,467.0)
(384.0,467.0)
(467.0,467.0)
(467.0,467.0)
(384.0,467.0)
(467.0,467.0)
(467.0,467.0)
(467.0,467.0)
(467.0,467.0)
(467.0,467.0)
(464.0,467.0)
(467.0,467.0)
(384.0,467.0)
(467.0,467.0)
(467.0,467.0)
(467.0,467.0)
(467.0,467.0)
(381.0,467.0)
(467.0,467.0)
(386.0,467.0)
(467.0,467.0)
(467.0,467.0)
(391.0,467.0)
(467.0,467.0)
(429.0,467.0)
(467.0,467.0)
(803.0,467.0)
(383.0,467.0)
(436.0,467.0)
(467.0,467.0)
(467.0,467.0)
(467.0,467.0)
(467.0,467.0)
(467.0,467.0)
(803.0,467.0)
(381.0,467.0)
(467.0,467.0)
(798.0,467.0)
(467.0,467.0)
(467.0,467.0)
(467.0,467.0)
(467.0,467.0)
(467.0,467.0)
(467.0,467.0)
(381.0,467.0)
(467.0,467.0)
(438.0,467.0)
(483.0,467.0)
(467.0,467.0)
(483.0,467.0)
(467.0,467.0)
(436.0,467.0)
(416.0,467.0)
(445.0,467.0)
(467.0,467.0)
(467.0,467.0)
(445.0,467.0)
(467.0,467.0)
(445.0,467.0)
(468.0,467.0)
(416.0,467.0)
(381.0,467.0)
(467.0,467.0)
(467.0,467.0)
(445.0,467.0)
(445.0,467.0)
(483.0,467.0)
(467.0,467.0)
(467.0,467.0)
(427.0,467.0)
(467.0,467.0)
(467.0,467.0)
(434.0,467.0)
(467.0,467.0)
(467.0,467.0)
(381.0,467.0)
(429.0,467.0)
(467.0,467.0)
(467.0,467.0)
(467.0,467.0)
(483.0,467.0)
(452.0,467.0)
(483.0,467.0)
(803.0,467.0)
(467.0,467.0)
(467.0,467.0)
(479.0,467.0)
(467.0,467.0)
(741.0,467.0)
(452.0,467.0)
(445.0,467.0)
(387.0,467.0)
(771.0,467.0)
(452.0,467.0)
(429.0,467.0)
(467.0,467.0)
(452.0,467.0)
(803.0,467.0)
(445.0,467.0)
(381.0,467.0)
(467.0,467.0)
(438.0,467.0)
(479.0,467.0)
(467.0,467.0)
(452.0,467.0)
(459.0,467.0)
(434.0,467.0)
(452.0,467.0)
(445.0,467.0)
(445.0,467.0)
(467.0,467.0)
(467.0,467.0)
(467.0,467.0)
(467.0,467.0)
(467.0,467.0)
(452.0,467.0)
(467.0,467.0)
(381.0,467.0)
(381.0,467.0)
(479.0,467.0)
(459.0,467.0)
(452.0,467.0)
(467.0,467.0)
(467.0,467.0)
(385.0,467.0)
(381.0,467.0)
(771.0,467.0)
(467.0,467.0)
(467.0,467.0)
(452.0,467.0)
(393.0,467.0)
(442.0,467.0)
(445.0,467.0)
(452.0,467.0)
(387.0,467.0)
(381.0,467.0)
(467.0,467.0)
(467.0,467.0)
(467.0,467.0)
(467.0,467.0)
(467.0,467.0)
(468.0,467.0)
(434.0,467.0)
(785.0,467.0)
(467.0,467.0)
(483.0,467.0)
(467.0,467.0)
(479.0,467.0)
(438.0,467.0)
(467.0,467.0)
(479.0,467.0)
(452.0,467.0)
(479.0,467.0)
(440.0,467.0)
(467.0,467.0)
(416.0,467.0)
(387.0,467.0)
(467.0,467.0)
(445.0,467.0)
(381.0,467.0)
(445.0,467.0)
(445.0,467.0)
(479.0,467.0)
(467.0,467.0)
(479.0,467.0)
(381.0,467.0)
(381.0,467.0)
(467.0,467.0)
(483.0,467.0)
(467.0,467.0)
(381.0,467.0)
(467.0,467.0)
(385.0,467.0)
(416.0,467.0)
(467.0,467.0)
(381.0,467.0)
(762.0,467.0)
(445.0,467.0)
(467.0,467.0)
(440.0,467.0)
(467.0,467.0)
(467.0,467.0)
(467.0,467.0)
(467.0,467.0)
(467.0,467.0)
(381.0,467.0)
(771.0,467.0)
(387.0,467.0)
(434.0,467.0)
(467.0,467.0)
(483.0,467.0)
(467.0,467.0)
(467.0,467.0)
(467.0,467.0)
(436.0,467.0)
(483.0,467.0)
(467.0,467.0)
(386.0,467.0)
(467.0,467.0)
(452.0,467.0)
(467.0,467.0)
(771.0,467.0)
(467.0,467.0)
(467.0,467.0)
(381.0,467.0)
(467.0,467.0)
(452.0,467.0)
(467.0,467.0)
(381.0,467.0)
(445.0,467.0)
(452.0,467.0)
(467.0,467.0)
(384.0,467.0)
(467.0,467.0)
(452.0,467.0)
(461.0,467.0)
(479.0,467.0)
(467.0,467.0)
(467.0,467.0)
(479.0,467.0)
(762.0,467.0)
(798.0,467.0)
(467.0,467.0)
(468.0,467.0)
(467.0,467.0)
(742.0,467.0)
(483.0,467.0)
(468.0,467.0)
(762.0,467.0)
(445.0,467.0)
(483.0,467.0)
(445.0,467.0)
(399.0,467.0)
(468.0,467.0)
(468.0,467.0)
(387.0,467.0)
(468.0,467.0)
(771.0,467.0)
(467.0,467.0)
(483.0,467.0)
(467.0,467.0)
(381.0,467.0)
(479.0,467.0)
(467.0,467.0)
(467.0,467.0)
(467.0,467.0)
(440.0,467.0)
(438.0,467.0)
(468.0,467.0)
(467.0,467.0)
(381.0,467.0)
(467.0,467.0)
(381.0,467.0)
(467.0,467.0)
(468.0,467.0)
(467.0,467.0)
(381.0,467.0)
(467.0,467.0)
(467.0,467.0)
(479.0,467.0)
(483.0,467.0)
(483.0,467.0)
(467.0,467.0)
(386.0,467.0)
(467.0,467.0)
(440.0,467.0)
(467.0,467.0)
(381.0,467.0)
(467.0,467.0)
(467.0,467.0)
(381.0,467.0)
(364.0,467.0)
(467.0,467.0)
(384.0,467.0)
(467.0,467.0)
(467.0,467.0)
(467.0,467.0)
(410.0,467.0)
(771.0,467.0)
(467.0,467.0)
(381.0,467.0)
(385.0,467.0)
(440.0,467.0)
(468.0,467.0)
(467.0,467.0)
(479.0,467.0)
(467.0,467.0)
(803.0,467.0)
(381.0,467.0)
(385.0,467.0)
(381.0,467.0)
(467.0,467.0)
(467.0,467.0)
(452.0,467.0)
(467.0,467.0)
(483.0,467.0)
(467.0,467.0)
(467.0,467.0)
(468.0,467.0)
(479.0,467.0)
(416.0,467.0)
(467.0,467.0)
(467.0,467.0)
(467.0,467.0)
(468.0,467.0)
(468.0,467.0)
(384.0,467.0)
(467.0,467.0)
(771.0,467.0)
(452.0,467.0)
(467.0,467.0)
(483.0,467.0)
(468.0,467.0)
(467.0,467.0)
(409.0,467.0)
(467.0,467.0)
(452.0,467.0)
(381.0,467.0)
(368.0,467.0)
(381.0,467.0)
(483.0,467.0)
(467.0,467.0)
(381.0,467.0)
(467.0,467.0)
(803.0,467.0)
(381.0,467.0)
(771.0,467.0)
(431.0,467.0)
(445.0,467.0)
(467.0,467.0)
(467.0,467.0)
(467.0,467.0)
(467.0,467.0)
(467.0,467.0)
(467.0,467.0)
(384.0,467.0)
(467.0,467.0)
(452.0,467.0)
(381.0,467.0)
(440.0,467.0)
(381.0,467.0)
(393.0,467.0)
(483.0,467.0)
(428.0,467.0)
(467.0,467.0)
(440.0,467.0)
(416.0,467.0)
(479.0,467.0)
(467.0,467.0)
(416.0,467.0)
(467.0,467.0)
(416.0,467.0)
(479.0,467.0)
(479.0,467.0)
(467.0,467.0)
(416.0,467.0)
(381.0,467.0)
(467.0,467.0)
(467.0,467.0)
(467.0,467.0)
(467.0,467.0)
(467.0,467.0)
(467.0,467.0)
(467.0,467.0)
(467.0,467.0)
(467.0,467.0)
(452.0,467.0)
(391.0,467.0)
(381.0,467.0)
(445.0,467.0)
(467.0,467.0)
(467.0,467.0)
(483.0,467.0)
(467.0,467.0)
(467.0,467.0)
(393.0,467.0)
(467.0,467.0)
(381.0,467.0)
(762.0,467.0)
(467.0,467.0)
(381.0,467.0)
(445.0,467.0)
(467.0,467.0)
(468.0,467.0)
(436.0,467.0)
(467.0,467.0)
(771.0,467.0)
(381.0,467.0)
(467.0,467.0)
(468.0,467.0)
(445.0,467.0)
(467.0,467.0)
(467.0,467.0)
(803.0,467.0)
(771.0,467.0)
(464.0,467.0)
(483.0,467.0)
(467.0,467.0)
(467.0,467.0)
(468.0,467.0)
(467.0,467.0)
(434.0,467.0)
(467.0,467.0)
(467.0,467.0)
(482.0,467.0)
(398.0,467.0)
(467.0,467.0)
(468.0,467.0)
(387.0,467.0)
(467.0,467.0)
(467.0,467.0)
(467.0,467.0)
(467.0,467.0)
(381.0,467.0)
(467.0,467.0)
(467.0,467.0)
(467.0,467.0)
(459.0,467.0)
(468.0,467.0)
(483.0,467.0)
(467.0,467.0)
(364.0,467.0)
(771.0,467.0)
(383.0,467.0)
(471.0,471.0)
(471.0,471.0)
(471.0,471.0)
(471.0,471.0)
(471.0,471.0)
(471.0,471.0)
(471.0,471.0)
(471.0,471.0)
(471.0,471.0)
(471.0,471.0)
(471.0,471.0)
(471.0,471.0)
(459.0,471.0)
(471.0,471.0)
(471.0,471.0)
(471.0,471.0)
(471.0,471.0)
(471.0,471.0)
(471.0,471.0)
(471.0,471.0)
(479.0,471.0)
(459.0,471.0)
(435.0,471.0)
(471.0,471.0)
(471.0,471.0)
(471.0,471.0)
(471.0,471.0)
(471.0,471.0)
(471.0,471.0)
(471.0,471.0)
(471.0,471.0)
(471.0,471.0)
(471.0,471.0)
(471.0,471.0)
(459.0,471.0)
(471.0,471.0)
(471.0,471.0)
(455.0,471.0)
(471.0,471.0)
(471.0,471.0)
(471.0,471.0)
(471.0,471.0)
(471.0,471.0)
(471.0,471.0)
(471.0,471.0)
(471.0,471.0)
(471.0,471.0)
(471.0,471.0)
(471.0,471.0)
(471.0,471.0)
(471.0,471.0)
(471.0,471.0)
(471.0,471.0)
(471.0,471.0)
(471.0,471.0)
(471.0,471.0)
(447.0,471.0)
(471.0,471.0)
(471.0,471.0)
(447.0,471.0)
(459.0,471.0)
(471.0,471.0)
(471.0,471.0)
(471.0,471.0)
(471.0,471.0)
(471.0,471.0)
(459.0,471.0)
(471.0,471.0)
(471.0,471.0)
(482.0,471.0)
(471.0,471.0)
(471.0,471.0)
(471.0,471.0)
(471.0,471.0)
(471.0,471.0)
(471.0,471.0)
(471.0,471.0)
(459.0,471.0)
(471.0,471.0)
(471.0,471.0)
(459.0,471.0)
(471.0,471.0)
(471.0,471.0)
(471.0,471.0)
(471.0,471.0)
(483.0,471.0)
(471.0,471.0)
(471.0,471.0)
(471.0,471.0)
(459.0,471.0)
(482.0,471.0)
(471.0,471.0)
(471.0,471.0)
(471.0,471.0)
(471.0,471.0)
(471.0,471.0)
(471.0,471.0)
(459.0,471.0)
(471.0,471.0)
(471.0,471.0)
(471.0,471.0)
(471.0,471.0)
(471.0,471.0)
(459.0,471.0)
(471.0,471.0)
(471.0,471.0)
(471.0,471.0)
(471.0,471.0)
(471.0,471.0)
(471.0,471.0)
(471.0,471.0)
(471.0,471.0)
(471.0,471.0)
(471.0,471.0)
(455.0,471.0)
(471.0,471.0)
(404.0,471.0)
(471.0,471.0)
(471.0,471.0)
(471.0,471.0)
(447.0,471.0)
(471.0,471.0)
(471.0,471.0)
(471.0,471.0)
(471.0,471.0)
(471.0,471.0)
(471.0,471.0)
(471.0,471.0)
(471.0,471.0)
(483.0,471.0)
(447.0,471.0)
(471.0,471.0)
(483.0,471.0)
(471.0,471.0)
(471.0,471.0)
(785.0,471.0)
(471.0,471.0)
(471.0,471.0)
(471.0,471.0)
(471.0,471.0)
(471.0,471.0)
(471.0,471.0)
(471.0,471.0)
(471.0,471.0)
(471.0,471.0)
(471.0,471.0)
(471.0,471.0)
(471.0,471.0)
(471.0,471.0)
(471.0,471.0)
(471.0,471.0)
(471.0,471.0)
(471.0,471.0)
(459.0,471.0)
(471.0,471.0)
(471.0,471.0)
(417.0,471.0)
(471.0,471.0)
(471.0,471.0)
(471.0,471.0)
(471.0,471.0)
(471.0,471.0)
(471.0,471.0)
(471.0,471.0)
(471.0,471.0)
(471.0,471.0)
(471.0,471.0)
(471.0,471.0)
(471.0,471.0)
(471.0,471.0)
(471.0,471.0)
(471.0,471.0)
(471.0,471.0)
(471.0,471.0)
(471.0,471.0)
(471.0,471.0)
(471.0,471.0)
(471.0,471.0)
(471.0,471.0)
(482.0,471.0)
(482.0,471.0)
(471.0,471.0)
(471.0,471.0)
(471.0,471.0)
(471.0,471.0)
(471.0,471.0)
(471.0,471.0)
(471.0,471.0)
(482.0,471.0)
(471.0,471.0)
(471.0,471.0)
(471.0,471.0)
(471.0,471.0)
(459.0,471.0)
(459.0,471.0)
(471.0,471.0)
(471.0,471.0)
(471.0,471.0)
(471.0,471.0)
(455.0,471.0)
(471.0,471.0)
(471.0,471.0)
(447.0,471.0)
(471.0,471.0)
(471.0,471.0)
(447.0,471.0)
(483.0,471.0)
(471.0,471.0)
(471.0,471.0)
(471.0,471.0)
(471.0,471.0)
(471.0,471.0)
(455.0,471.0)
(471.0,471.0)
(447.0,471.0)
(471.0,471.0)
(471.0,471.0)
(471.0,471.0)
(459.0,471.0)
(421.0,471.0)
(471.0,471.0)
(471.0,471.0)
(447.0,471.0)
(471.0,471.0)
(471.0,471.0)
(447.0,471.0)
(447.0,471.0)
(471.0,471.0)
(417.0,471.0)
(455.0,471.0)
(471.0,471.0)
(471.0,471.0)
(471.0,471.0)
(471.0,471.0)
(471.0,471.0)
(455.0,471.0)
(471.0,471.0)
(471.0,471.0)
(455.0,471.0)
(471.0,471.0)
(471.0,471.0)
(471.0,471.0)
(471.0,471.0)
(471.0,471.0)
(471.0,471.0)
(471.0,471.0)
(786.0,471.0)
(471.0,471.0)
(455.0,471.0)
(471.0,471.0)
(447.0,471.0)
(471.0,471.0)
(471.0,471.0)
(471.0,471.0)
(455.0,471.0)
(471.0,471.0)
(804.0,471.0)
(471.0,471.0)
(421.0,471.0)
(455.0,471.0)
(471.0,471.0)
(455.0,471.0)
(471.0,471.0)
(447.0,471.0)
(471.0,471.0)
(471.0,471.0)
(471.0,471.0)
(447.0,471.0)
(471.0,471.0)
(471.0,471.0)
(447.0,471.0)
(471.0,471.0)
(417.0,471.0)
(471.0,471.0)
(479.0,471.0)
(471.0,471.0)
(471.0,471.0)
(447.0,471.0)
(455.0,471.0)
(471.0,471.0)
(471.0,471.0)
(471.0,471.0)
(455.0,471.0)
(447.0,471.0)
(471.0,471.0)
(471.0,471.0)
(471.0,471.0)
(455.0,471.0)
(471.0,471.0)
(447.0,471.0)
(455.0,471.0)
(471.0,471.0)
(471.0,471.0)
(447.0,471.0)
(764.0,471.0)
(455.0,471.0)
(417.0,471.0)
(471.0,471.0)
(471.0,471.0)
(471.0,471.0)
(471.0,471.0)
(455.0,471.0)
(459.0,471.0)
(471.0,471.0)
(471.0,471.0)
(471.0,471.0)
(447.0,471.0)
(471.0,471.0)
(455.0,471.0)
(471.0,471.0)
(471.0,471.0)
(804.0,471.0)
(471.0,471.0)
(471.0,471.0)
(471.0,471.0)
(471.0,471.0)
(471.0,471.0)
(471.0,471.0)
(471.0,471.0)
(431.0,471.0)
(421.0,471.0)
(459.0,471.0)
(471.0,471.0)
(447.0,471.0)
(471.0,471.0)
(471.0,471.0)
(447.0,471.0)
(447.0,471.0)
(471.0,471.0)
(471.0,471.0)
(471.0,471.0)
(471.0,471.0)
(421.0,471.0)
(455.0,471.0)
(471.0,471.0)
(455.0,471.0)
(471.0,471.0)
(455.0,471.0)
(447.0,471.0)
(447.0,471.0)
(471.0,471.0)
(471.0,471.0)
(471.0,471.0)
(471.0,471.0)
(471.0,471.0)
(471.0,471.0)
(471.0,471.0)
(447.0,471.0)
(471.0,471.0)
(413.0,471.0)
(37.0,471.0)
(459.0,471.0)
(471.0,471.0)
(471.0,471.0)
(471.0,471.0)
(471.0,471.0)
(471.0,471.0)
(471.0,471.0)
(471.0,471.0)
(471.0,471.0)
(471.0,471.0)
(784.0,471.0)
(471.0,471.0)
(471.0,471.0)
(471.0,471.0)
(471.0,471.0)
(447.0,471.0)
(471.0,471.0)
(471.0,471.0)
(455.0,471.0)
(471.0,471.0)
(471.0,471.0)
(471.0,471.0)
(471.0,471.0)
(447.0,471.0)
(471.0,471.0)
(471.0,471.0)
(471.0,471.0)
(447.0,471.0)
(471.0,471.0)
(471.0,471.0)
(471.0,471.0)
(471.0,471.0)
(471.0,471.0)
(455.0,471.0)
(471.0,471.0)
(471.0,471.0)
(471.0,471.0)
(447.0,471.0)
(471.0,471.0)
(471.0,471.0)
(471.0,471.0)
(471.0,471.0)
(447.0,471.0)
(471.0,471.0)
(471.0,471.0)
(447.0,471.0)
(471.0,471.0)
(471.0,471.0)
(455.0,471.0)
(474.0,471.0)
(459.0,471.0)
(471.0,471.0)
(471.0,471.0)
(447.0,471.0)
(455.0,471.0)
(471.0,471.0)
(471.0,471.0)
(471.0,471.0)
(471.0,471.0)
(483.0,471.0)
(459.0,471.0)
(471.0,471.0)
(471.0,471.0)
(471.0,471.0)
(471.0,471.0)
(471.0,471.0)
(455.0,471.0)
(471.0,471.0)
(455.0,471.0)
(459.0,471.0)
(471.0,471.0)
(459.0,471.0)
(471.0,471.0)
(471.0,471.0)
(471.0,471.0)
(471.0,471.0)
(471.0,471.0)
(455.0,471.0)
(459.0,471.0)
(471.0,471.0)
(459.0,471.0)
(404.0,471.0)
(455.0,471.0)
(459.0,471.0)
(471.0,471.0)
(455.0,471.0)
(471.0,471.0)
(471.0,471.0)
(471.0,471.0)
(471.0,471.0)
(471.0,471.0)
(459.0,471.0)
(471.0,471.0)
(471.0,471.0)
(471.0,471.0)
(471.0,471.0)
(471.0,471.0)
(455.0,471.0)
(471.0,471.0)
(471.0,471.0)
(459.0,471.0)
(459.0,471.0)
(471.0,471.0)
(471.0,471.0)
(471.0,471.0)
(471.0,471.0)
(459.0,471.0)
(471.0,471.0)
(471.0,471.0)
(471.0,471.0)
(471.0,471.0)
(471.0,471.0)
(471.0,471.0)
(471.0,471.0)
(471.0,471.0)
(471.0,471.0)
(471.0,471.0)
(447.0,471.0)
(471.0,471.0)
(471.0,471.0)
(459.0,471.0)
(447.0,471.0)
(455.0,471.0)
(471.0,471.0)
(471.0,471.0)
(459.0,471.0)
(455.0,471.0)
(804.0,471.0)
(471.0,471.0)
(471.0,471.0)
(471.0,471.0)
(459.0,471.0)
(471.0,471.0)
(471.0,471.0)
(459.0,471.0)
(483.0,471.0)
(471.0,471.0)
(471.0,471.0)
(459.0,471.0)
(471.0,471.0)
(471.0,471.0)
(471.0,471.0)
(471.0,471.0)
(471.0,471.0)
(471.0,471.0)
(471.0,471.0)
(447.0,471.0)
(471.0,471.0)
(455.0,471.0)
(471.0,471.0)
(471.0,471.0)
(471.0,471.0)
(471.0,471.0)
(459.0,471.0)
(471.0,471.0)
(459.0,471.0)
(471.0,471.0)
(471.0,471.0)
(471.0,471.0)
(455.0,471.0)
(471.0,471.0)
(459.0,471.0)
(471.0,471.0)
(471.0,471.0)
(471.0,471.0)
(455.0,471.0)
(404.0,471.0)
(471.0,471.0)
(471.0,471.0)
(471.0,471.0)
(459.0,471.0)
(447.0,471.0)
(455.0,471.0)
(455.0,471.0)
(471.0,471.0)
(471.0,471.0)
(471.0,471.0)
(455.0,471.0)
(471.0,471.0)
(471.0,471.0)
(459.0,471.0)
(459.0,471.0)
(459.0,471.0)
(471.0,471.0)
(459.0,471.0)
(404.0,471.0)
(471.0,471.0)
(455.0,471.0)
(471.0,471.0)
(459.0,471.0)
(459.0,471.0)
(471.0,471.0)
(459.0,471.0)
(471.0,471.0)
(804.0,471.0)
(471.0,471.0)
(459.0,471.0)
(471.0,471.0)
(471.0,471.0)
(471.0,471.0)
(455.0,471.0)
(471.0,471.0)
(471.0,471.0)
(471.0,471.0)
(471.0,471.0)
(459.0,471.0)
(471.0,471.0)
(471.0,471.0)
(471.0,471.0)
(471.0,471.0)
(471.0,471.0)
(471.0,471.0)
(471.0,471.0)
(471.0,471.0)
(471.0,471.0)
(471.0,471.0)
(471.0,471.0)
(471.0,471.0)
(459.0,471.0)
(455.0,471.0)
(455.0,471.0)
(471.0,471.0)
(471.0,471.0)
(471.0,471.0)
(471.0,471.0)
(459.0,471.0)
(471.0,471.0)
(483.0,471.0)
(447.0,471.0)
(471.0,471.0)
(471.0,471.0)
(471.0,471.0)
(471.0,471.0)
(459.0,471.0)
(459.0,471.0)
(471.0,471.0)
(455.0,471.0)
(471.0,471.0)
(455.0,471.0)
(471.0,471.0)
(447.0,471.0)
(471.0,471.0)
(447.0,471.0)
(471.0,471.0)
(471.0,471.0)
(471.0,471.0)
(447.0,471.0)
(447.0,471.0)
(447.0,471.0)
(471.0,471.0)
(471.0,471.0)
(471.0,471.0)
(455.0,471.0)
(804.0,471.0)
(455.0,471.0)
(471.0,471.0)
(471.0,471.0)
(421.0,471.0)
(471.0,471.0)
(447.0,471.0)
(447.0,471.0)
(471.0,471.0)
(471.0,471.0)
(421.0,471.0)
(455.0,471.0)
(447.0,471.0)
(471.0,471.0)
(471.0,471.0)
(471.0,471.0)
(447.0,471.0)
(471.0,471.0)
(413.0,471.0)
(471.0,471.0)
(447.0,471.0)
(471.0,471.0)
(471.0,471.0)
(421.0,471.0)
(471.0,471.0)
(471.0,471.0)
(447.0,471.0)
(471.0,471.0)
(447.0,471.0)
(471.0,471.0)
(459.0,471.0)
(455.0,471.0)
(471.0,471.0)
(447.0,471.0)
(471.0,471.0)
(804.0,471.0)
(471.0,471.0)
(417.0,471.0)
(455.0,471.0)
(455.0,471.0)
(459.0,471.0)
(459.0,471.0)
(421.0,471.0)
(471.0,471.0)
(471.0,471.0)
(471.0,471.0)
(447.0,471.0)
(455.0,471.0)
(455.0,471.0)
(471.0,471.0)
(471.0,471.0)
(471.0,471.0)
(471.0,471.0)
(471.0,471.0)
(471.0,471.0)
(471.0,471.0)
(455.0,471.0)
(471.0,471.0)
(471.0,471.0)
(471.0,471.0)
(447.0,471.0)
(455.0,471.0)
(471.0,471.0)
(471.0,471.0)
(471.0,471.0)
(471.0,471.0)
(471.0,471.0)
(471.0,471.0)
(471.0,471.0)
(471.0,471.0)
(455.0,471.0)
(483.0,471.0)
(471.0,471.0)
(471.0,471.0)
(471.0,471.0)
(471.0,471.0)
(471.0,471.0)
(471.0,471.0)
(478.0,471.0)
(471.0,471.0)
(471.0,471.0)
(471.0,471.0)
(455.0,471.0)
(459.0,471.0)
(455.0,471.0)
(455.0,471.0)
(471.0,471.0)
(421.0,471.0)
(471.0,471.0)
(471.0,471.0)
(471.0,471.0)
(471.0,471.0)
(471.0,471.0)
(471.0,471.0)
(471.0,471.0)
(455.0,471.0)
(471.0,471.0)
(471.0,471.0)
(471.0,471.0)
(471.0,471.0)
(417.0,471.0)
(455.0,471.0)
(447.0,471.0)
(447.0,471.0)
(471.0,471.0)
(471.0,471.0)
(471.0,471.0)
(471.0,471.0)
(447.0,471.0)
(471.0,471.0)
(455.0,471.0)
(471.0,471.0)
(471.0,471.0)
(471.0,471.0)
(471.0,471.0)
(471.0,471.0)
(471.0,471.0)
(471.0,471.0)
(447.0,471.0)
(471.0,471.0)
(455.0,471.0)
(471.0,471.0)
(459.0,471.0)
(471.0,471.0)
(447.0,471.0)
(471.0,471.0)
(447.0,471.0)
(471.0,471.0)
(471.0,471.0)
(786.0,471.0)
(471.0,471.0)
(447.0,471.0)
(447.0,471.0)
(471.0,471.0)
(804.0,471.0)
(455.0,471.0)
(471.0,471.0)
(447.0,471.0)
(471.0,471.0)
(455.0,471.0)
(804.0,471.0)
(417.0,471.0)
(471.0,471.0)
(471.0,471.0)
(471.0,471.0)
(421.0,471.0)
(459.0,471.0)
(471.0,471.0)
(471.0,471.0)
(471.0,471.0)
(471.0,471.0)
(471.0,471.0)
(471.0,471.0)
(471.0,471.0)
(455.0,471.0)
(455.0,471.0)
(471.0,471.0)
(471.0,471.0)
(447.0,471.0)
(471.0,471.0)
(471.0,471.0)
(471.0,471.0)
(471.0,471.0)
(459.0,471.0)
(471.0,471.0)
(471.0,471.0)
(471.0,471.0)
(471.0,471.0)
(471.0,471.0)
(471.0,471.0)
(459.0,471.0)
(471.0,471.0)
(447.0,471.0)
(471.0,471.0)
(455.0,471.0)
(447.0,471.0)
(471.0,471.0)
(471.0,471.0)
(459.0,471.0)
(471.0,471.0)
(471.0,471.0)
(471.0,471.0)
(471.0,471.0)
(455.0,471.0)
(455.0,471.0)
(455.0,471.0)
(455.0,471.0)
(455.0,471.0)
(455.0,471.0)
(455.0,471.0)
(455.0,471.0)
(455.0,471.0)
(455.0,471.0)
(455.0,471.0)
(455.0,471.0)
(455.0,471.0)
(455.0,471.0)
(455.0,471.0)
(455.0,471.0)
(455.0,471.0)
(455.0,471.0)
(455.0,471.0)
(455.0,471.0)
(455.0,471.0)
(455.0,471.0)
(455.0,471.0)
(455.0,471.0)
(455.0,471.0)
(455.0,471.0)
(455.0,471.0)
(455.0,471.0)
(455.0,471.0)
(455.0,471.0)
(455.0,471.0)
(455.0,471.0)
(455.0,471.0)
(455.0,471.0)
(455.0,471.0)
(455.0,471.0)
(455.0,471.0)
(455.0,471.0)
(455.0,471.0)
(455.0,471.0)
(455.0,471.0)
(455.0,471.0)
(455.0,471.0)
(455.0,471.0)
(455.0,471.0)
(455.0,471.0)
(455.0,471.0)
(455.0,471.0)
(455.0,471.0)
(455.0,471.0)
(455.0,471.0)
(455.0,471.0)
(455.0,471.0)
(455.0,471.0)
(455.0,471.0)
(455.0,471.0)
(455.0,471.0)
(455.0,471.0)
(455.0,471.0)
(455.0,471.0)
(455.0,471.0)
(455.0,471.0)
(455.0,471.0)
(455.0,471.0)
(455.0,471.0)
(455.0,471.0)
(455.0,471.0)
(455.0,471.0)
(455.0,471.0)
(455.0,471.0)
(455.0,471.0)
(455.0,471.0)
(455.0,471.0)
(455.0,471.0)
(455.0,471.0)
(455.0,471.0)
(455.0,471.0)
(455.0,471.0)
(455.0,471.0)
(455.0,471.0)
(455.0,471.0)
(455.0,471.0)
(455.0,471.0)
(455.0,471.0)
(455.0,471.0)
(455.0,471.0)
(455.0,471.0)
(455.0,471.0)
(455.0,471.0)
(455.0,471.0)
(455.0,471.0)
(455.0,471.0)
(455.0,471.0)
(455.0,471.0)
(455.0,471.0)
(455.0,471.0)
(455.0,471.0)
(455.0,471.0)
(455.0,471.0)
(455.0,471.0)
(455.0,471.0)
(455.0,471.0)
(455.0,471.0)
(455.0,471.0)
(455.0,471.0)
(455.0,471.0)
(455.0,471.0)
(455.0,471.0)
(455.0,471.0)
(455.0,471.0)
(455.0,471.0)
(455.0,471.0)
(455.0,471.0)
(455.0,471.0)
(455.0,471.0)
(455.0,471.0)
(455.0,471.0)
(455.0,471.0)
(455.0,471.0)
(455.0,471.0)
(455.0,471.0)
(455.0,471.0)
(455.0,471.0)
(455.0,471.0)
(455.0,471.0)
(455.0,471.0)
(455.0,471.0)
(455.0,471.0)
(455.0,471.0)
(455.0,471.0)
(455.0,471.0)
(455.0,471.0)
(455.0,471.0)
(455.0,471.0)
(455.0,471.0)
(455.0,471.0)
(455.0,471.0)
(455.0,471.0)
(455.0,471.0)
(455.0,471.0)
(455.0,471.0)
(455.0,471.0)
(455.0,471.0)
(455.0,471.0)
(455.0,471.0)
(455.0,471.0)
(455.0,471.0)
(455.0,471.0)
(455.0,471.0)
(455.0,471.0)
(455.0,471.0)
(455.0,471.0)
(455.0,471.0)
(455.0,471.0)
(455.0,471.0)
(455.0,471.0)
(455.0,471.0)
(455.0,471.0)
(455.0,471.0)
(455.0,471.0)
(455.0,471.0)
(455.0,471.0)
(455.0,471.0)
(455.0,471.0)
(455.0,471.0)
(455.0,471.0)
(455.0,471.0)
(455.0,471.0)
(455.0,471.0)
(455.0,471.0)
(455.0,471.0)
(455.0,471.0)
(455.0,471.0)
(455.0,471.0)
(455.0,471.0)
(455.0,471.0)
(455.0,471.0)
(455.0,471.0)
(455.0,471.0)
(455.0,471.0)
(455.0,471.0)
(455.0,471.0)
(455.0,471.0)
(455.0,471.0)
(455.0,471.0)
(455.0,471.0)
(455.0,471.0)
(455.0,471.0)
(455.0,471.0)
(455.0,471.0)
(455.0,471.0)
(455.0,471.0)
(455.0,471.0)
(455.0,471.0)
(455.0,471.0)
(455.0,471.0)
(455.0,471.0)
(455.0,471.0)
(455.0,471.0)
(455.0,471.0)
(471.0,471.0)
(471.0,471.0)
(471.0,471.0)
(404.0,471.0)
(471.0,471.0)
(404.0,471.0)
(413.0,471.0)
(471.0,471.0)
(471.0,471.0)
(459.0,471.0)
(471.0,471.0)
(471.0,471.0)
(471.0,471.0)
(471.0,471.0)
(471.0,471.0)
(471.0,471.0)
(471.0,471.0)
(404.0,471.0)
(471.0,471.0)
(455.0,471.0)
(459.0,471.0)
(471.0,471.0)
(471.0,471.0)
(471.0,471.0)
(471.0,471.0)
(471.0,471.0)
(459.0,471.0)
(471.0,471.0)
(471.0,471.0)
(417.0,471.0)
(459.0,471.0)
(471.0,471.0)
(471.0,471.0)
(471.0,471.0)
(471.0,471.0)
(471.0,471.0)
(471.0,471.0)
(471.0,471.0)
(471.0,471.0)
(471.0,471.0)
(471.0,471.0)
(471.0,471.0)
(471.0,471.0)
(455.0,471.0)
(471.0,471.0)
(471.0,471.0)
(471.0,471.0)
(471.0,471.0)
(447.0,471.0)
(471.0,471.0)
(471.0,471.0)
(459.0,471.0)
(459.0,471.0)
(471.0,471.0)
(471.0,471.0)
(471.0,471.0)
(471.0,471.0)
(471.0,471.0)
(459.0,471.0)
(471.0,471.0)
(471.0,471.0)
(459.0,471.0)
(471.0,471.0)
(455.0,471.0)
(471.0,471.0)
(471.0,471.0)
(471.0,471.0)
(459.0,471.0)
(471.0,471.0)
(471.0,471.0)
(404.0,471.0)
(471.0,471.0)
(471.0,471.0)
(471.0,471.0)
(471.0,471.0)
(459.0,471.0)
(471.0,471.0)
(471.0,471.0)
(471.0,471.0)
(785.0,471.0)
(471.0,471.0)
(455.0,471.0)
(471.0,471.0)
(471.0,471.0)
(404.0,471.0)
(471.0,471.0)
(471.0,471.0)
(471.0,471.0)
(404.0,471.0)
(471.0,471.0)
(471.0,471.0)
(471.0,471.0)
(459.0,471.0)
(447.0,471.0)
(413.0,471.0)
(396.0,471.0)
(471.0,471.0)
(471.0,471.0)
(455.0,471.0)
(482.0,471.0)
(471.0,471.0)
(455.0,471.0)
(471.0,471.0)
(471.0,471.0)
(455.0,471.0)
(471.0,471.0)
(471.0,471.0)
(471.0,471.0)
(471.0,471.0)
(471.0,471.0)
(471.0,471.0)
(471.0,471.0)
(471.0,471.0)
(404.0,471.0)
(417.0,471.0)
(447.0,471.0)
(471.0,471.0)
(471.0,471.0)
(471.0,471.0)
(471.0,471.0)
(471.0,471.0)
(471.0,471.0)
(471.0,471.0)
(471.0,471.0)
(471.0,471.0)
(471.0,471.0)
(471.0,471.0)
(471.0,471.0)
(479.0,471.0)
(471.0,471.0)
(471.0,471.0)
(471.0,471.0)
(471.0,471.0)
(455.0,471.0)
(471.0,471.0)
(471.0,471.0)
(471.0,471.0)
(471.0,471.0)
(471.0,471.0)
(459.0,471.0)
(447.0,471.0)
(471.0,471.0)
(471.0,471.0)
(455.0,471.0)
(455.0,471.0)
(471.0,471.0)
(459.0,471.0)
(471.0,471.0)
(471.0,471.0)
(413.0,471.0)
(459.0,471.0)
(471.0,471.0)
(404.0,471.0)
(471.0,471.0)
(471.0,471.0)
(455.0,471.0)
(471.0,471.0)
(471.0,471.0)
(404.0,471.0)
(471.0,471.0)
(471.0,471.0)
(479.0,471.0)
(471.0,471.0)
(455.0,471.0)
(471.0,471.0)
(471.0,471.0)
(471.0,471.0)
(471.0,471.0)
(404.0,471.0)
(471.0,471.0)
(480.0,471.0)
(404.0,471.0)
(471.0,471.0)
(462.0,471.0)
(471.0,471.0)
(471.0,471.0)
(447.0,471.0)
(471.0,471.0)
(483.0,471.0)
(471.0,471.0)
(805.0,471.0)
(471.0,471.0)
(471.0,471.0)
(459.0,471.0)
(471.0,471.0)
(471.0,471.0)
(471.0,471.0)
(459.0,471.0)
(471.0,471.0)
(471.0,471.0)
(471.0,471.0)
(447.0,471.0)
(447.0,471.0)
(471.0,471.0)
(482.0,471.0)
(471.0,471.0)
(455.0,471.0)
(471.0,471.0)
(421.0,471.0)
(471.0,471.0)
(471.0,471.0)
(421.0,471.0)
(455.0,471.0)
(447.0,471.0)
(471.0,471.0)
(421.0,471.0)
(455.0,471.0)
(447.0,471.0)
(455.0,471.0)
(459.0,471.0)
(455.0,471.0)
(447.0,471.0)
(455.0,471.0)
(471.0,471.0)
(455.0,471.0)
(471.0,471.0)
(459.0,471.0)
(471.0,471.0)
(471.0,471.0)
(471.0,471.0)
(447.0,471.0)
(447.0,471.0)
(447.0,471.0)
(455.0,471.0)
(471.0,471.0)
(471.0,471.0)
(804.0,471.0)
(471.0,471.0)
(459.0,471.0)
(471.0,471.0)
(471.0,471.0)
(471.0,471.0)
(471.0,471.0)
(471.0,471.0)
(471.0,471.0)
(459.0,471.0)
(455.0,471.0)
(471.0,471.0)
(471.0,471.0)
(447.0,471.0)
(471.0,471.0)
(421.0,471.0)
(471.0,471.0)
(471.0,471.0)
(455.0,471.0)
(471.0,471.0)
(455.0,471.0)
(455.0,471.0)
(471.0,471.0)
(471.0,471.0)
(471.0,471.0)
(447.0,471.0)
(471.0,471.0)
(471.0,471.0)
(455.0,471.0)
(447.0,471.0)
(471.0,471.0)
(459.0,471.0)
(455.0,471.0)
(471.0,471.0)
(471.0,471.0)
(471.0,471.0)
(471.0,471.0)
(471.0,471.0)
(447.0,471.0)
(471.0,471.0)
(471.0,471.0)
(455.0,471.0)
(471.0,471.0)
(471.0,471.0)
(471.0,471.0)
(447.0,471.0)
(421.0,471.0)
(471.0,471.0)
(447.0,471.0)
(471.0,471.0)
(471.0,471.0)
(455.0,471.0)
(447.0,471.0)
(421.0,471.0)
(447.0,471.0)
(471.0,471.0)
(471.0,471.0)
(421.0,471.0)
(421.0,471.0)
(471.0,471.0)
(471.0,471.0)
(471.0,471.0)
(455.0,471.0)
(471.0,471.0)
(471.0,471.0)
(471.0,471.0)
(471.0,471.0)
(471.0,471.0)
(471.0,471.0)
(471.0,471.0)
(471.0,471.0)
(455.0,471.0)
(471.0,471.0)
(471.0,471.0)
(471.0,471.0)
(447.0,471.0)
(471.0,471.0)
(471.0,471.0)
(471.0,471.0)
(471.0,471.0)
(455.0,471.0)
(471.0,471.0)
(471.0,471.0)
(421.0,471.0)
(471.0,471.0)
(459.0,471.0)
(471.0,471.0)
(447.0,471.0)
(471.0,471.0)
(431.0,471.0)
(471.0,471.0)
(401.0,471.0)
(471.0,471.0)
(471.0,471.0)
(455.0,471.0)
(471.0,471.0)
(471.0,471.0)
(471.0,471.0)
(459.0,471.0)
(471.0,471.0)
(471.0,471.0)
(455.0,471.0)
(455.0,471.0)
(471.0,471.0)
(471.0,471.0)
(471.0,471.0)
(447.0,471.0)
(455.0,471.0)
(471.0,471.0)
(447.0,471.0)
(455.0,471.0)
(421.0,471.0)
(471.0,471.0)
(455.0,471.0)
(459.0,471.0)
(471.0,471.0)
(471.0,471.0)
(471.0,471.0)
(455.0,471.0)
(455.0,471.0)
(447.0,471.0)
(455.0,471.0)
(471.0,471.0)
(471.0,471.0)
(471.0,471.0)
(471.0,471.0)
(471.0,471.0)
(471.0,471.0)
(455.0,471.0)
(401.0,471.0)
(471.0,471.0)
(804.0,471.0)
(447.0,471.0)
(447.0,471.0)
(471.0,471.0)
(447.0,471.0)
(447.0,471.0)
(471.0,471.0)
(455.0,471.0)
(471.0,471.0)
(471.0,471.0)
(471.0,471.0)
(471.0,471.0)
(471.0,471.0)
(471.0,471.0)
(471.0,471.0)
(471.0,471.0)
(455.0,471.0)
(471.0,471.0)
(471.0,471.0)
(471.0,471.0)
(471.0,471.0)
(471.0,471.0)
(471.0,471.0)
(471.0,471.0)
(455.0,471.0)
(471.0,471.0)
(471.0,471.0)
(471.0,471.0)
(471.0,471.0)
(471.0,471.0)
(447.0,471.0)
(471.0,471.0)
(471.0,471.0)
(471.0,471.0)
(481.0,471.0)
(471.0,471.0)
(471.0,471.0)
(471.0,471.0)
(447.0,471.0)
(471.0,471.0)
(471.0,471.0)
(471.0,471.0)
(471.0,471.0)
(471.0,471.0)
(471.0,471.0)
(421.0,471.0)
(459.0,471.0)
(455.0,471.0)
(447.0,471.0)
(455.0,471.0)
(471.0,471.0)
(471.0,471.0)
(459.0,471.0)
(447.0,471.0)
(471.0,471.0)
(459.0,471.0)
(471.0,471.0)
(447.0,471.0)
(459.0,471.0)
(471.0,471.0)
(447.0,471.0)
(471.0,471.0)
(417.0,471.0)
(471.0,471.0)
(471.0,471.0)
(471.0,471.0)
(471.0,471.0)
(421.0,471.0)
(413.0,471.0)
(471.0,471.0)
(471.0,471.0)
(447.0,471.0)
(483.0,471.0)
(455.0,471.0)
(471.0,471.0)
(413.0,471.0)
(447.0,471.0)
(471.0,471.0)
(471.0,471.0)
(447.0,471.0)
(447.0,471.0)
(402.0,471.0)
(471.0,471.0)
(421.0,471.0)
(421.0,471.0)
(471.0,471.0)
(471.0,471.0)
(471.0,471.0)
(471.0,471.0)
(365.0,471.0)
(471.0,471.0)
(471.0,471.0)
(447.0,471.0)
(455.0,471.0)
(771.0,471.0)
(471.0,471.0)
(471.0,471.0)
(471.0,471.0)
(455.0,471.0)
(471.0,471.0)
(521.0,471.0)
(417.0,471.0)
(471.0,471.0)
(471.0,471.0)
(471.0,471.0)
(471.0,471.0)
(471.0,471.0)
(471.0,471.0)
(471.0,471.0)
(471.0,471.0)
(481.0,471.0)
(471.0,471.0)
(471.0,471.0)
(474.0,471.0)
(471.0,471.0)
(471.0,471.0)
(421.0,471.0)
(471.0,471.0)
(471.0,471.0)
(471.0,471.0)
(447.0,471.0)
(471.0,471.0)
(471.0,471.0)
(471.0,471.0)
(471.0,471.0)
(471.0,471.0)
(471.0,471.0)
(455.0,471.0)
(455.0,471.0)
(471.0,471.0)
(471.0,471.0)
(455.0,471.0)
(471.0,471.0)
(455.0,471.0)
(455.0,471.0)
(455.0,471.0)
(471.0,471.0)
(471.0,471.0)
(483.0,471.0)
(471.0,471.0)
(471.0,471.0)
(471.0,471.0)
(471.0,471.0)
(421.0,471.0)
(471.0,471.0)
(417.0,471.0)
(471.0,471.0)
(483.0,471.0)
(471.0,471.0)
(471.0,471.0)
(455.0,471.0)
(471.0,471.0)
(447.0,471.0)
(471.0,471.0)
(471.0,471.0)
(471.0,471.0)
(471.0,471.0)
(447.0,471.0)
(455.0,471.0)
(471.0,471.0)
(447.0,471.0)
(471.0,471.0)
(447.0,471.0)
(459.0,471.0)
(455.0,471.0)
(455.0,471.0)
(447.0,471.0)
(459.0,471.0)
(471.0,471.0)
(471.0,471.0)
(471.0,471.0)
(455.0,471.0)
(471.0,471.0)
(455.0,471.0)
(471.0,471.0)
(471.0,471.0)
(471.0,471.0)
(471.0,471.0)
(471.0,471.0)
(471.0,471.0)
(447.0,471.0)
(471.0,471.0)
(471.0,471.0)
(482.0,471.0)
(471.0,471.0)
(471.0,471.0)
(447.0,471.0)
(471.0,471.0)
(459.0,471.0)
(471.0,471.0)
(447.0,471.0)
(447.0,471.0)
(471.0,471.0)
(447.0,471.0)
(471.0,471.0)
(455.0,471.0)
(37.0,471.0)
(471.0,471.0)
(471.0,471.0)
(471.0,471.0)
(471.0,471.0)
(471.0,471.0)
(459.0,471.0)
(455.0,471.0)
(471.0,471.0)
(471.0,471.0)
(447.0,471.0)
(471.0,471.0)
(471.0,471.0)
(455.0,471.0)
(471.0,471.0)
(459.0,471.0)
(447.0,471.0)
(421.0,471.0)
(482.0,471.0)
(471.0,471.0)
(471.0,471.0)
(471.0,471.0)
(471.0,471.0)
(431.0,471.0)
(471.0,471.0)
(471.0,471.0)
(471.0,471.0)
(804.0,471.0)
(447.0,471.0)
(471.0,471.0)
(471.0,471.0)
(447.0,471.0)
(471.0,471.0)
(471.0,471.0)
(471.0,471.0)
(471.0,471.0)
(471.0,471.0)
(471.0,471.0)
(447.0,471.0)
(447.0,471.0)
(471.0,471.0)
(471.0,471.0)
(447.0,471.0)
(471.0,471.0)
(471.0,471.0)
(455.0,471.0)
(471.0,471.0)
(471.0,471.0)
(471.0,471.0)
(471.0,471.0)
(471.0,471.0)
(471.0,471.0)
(471.0,471.0)
(471.0,471.0)
(471.0,471.0)
(471.0,471.0)
(447.0,471.0)
(471.0,471.0)
(471.0,471.0)
(471.0,471.0)
(447.0,471.0)
(474.0,471.0)
(471.0,471.0)
(471.0,471.0)
(471.0,471.0)
(471.0,471.0)
(471.0,471.0)
(471.0,471.0)
(471.0,471.0)
(471.0,471.0)
(447.0,471.0)
(404.0,471.0)
(471.0,471.0)
(471.0,471.0)
(471.0,471.0)
(471.0,471.0)
(471.0,471.0)
(471.0,471.0)
(471.0,471.0)
(471.0,471.0)
(471.0,471.0)
(471.0,471.0)
(455.0,471.0)
(459.0,471.0)
(471.0,471.0)
(471.0,471.0)
(471.0,471.0)
(471.0,471.0)
(421.0,471.0)
(459.0,471.0)
(471.0,471.0)
(471.0,471.0)
(447.0,471.0)
(471.0,471.0)
(471.0,471.0)
(471.0,471.0)
(471.0,471.0)
(471.0,471.0)
(471.0,471.0)
(471.0,471.0)
(459.0,471.0)
(447.0,471.0)
(471.0,471.0)
(471.0,471.0)
(471.0,471.0)
(471.0,471.0)
(471.0,471.0)
(471.0,471.0)
(471.0,471.0)
(447.0,471.0)
(421.0,471.0)
(471.0,471.0)
(447.0,471.0)
(471.0,471.0)
(471.0,471.0)
(447.0,471.0)
(471.0,471.0)
(471.0,471.0)
(471.0,471.0)
(471.0,471.0)
(471.0,471.0)
(471.0,471.0)
(455.0,471.0)
(455.0,471.0)
(471.0,471.0)
(471.0,471.0)
(471.0,471.0)
(471.0,471.0)
(483.0,471.0)
(471.0,471.0)
(471.0,471.0)
(471.0,471.0)
(471.0,471.0)
(471.0,471.0)
(471.0,471.0)
(471.0,471.0)
(471.0,471.0)
(471.0,471.0)
(471.0,471.0)
(471.0,471.0)
(471.0,471.0)
(447.0,471.0)
(471.0,471.0)
(471.0,471.0)
(471.0,471.0)
(471.0,471.0)
(471.0,471.0)
(447.0,471.0)
(471.0,471.0)
(483.0,471.0)
(471.0,471.0)
(447.0,471.0)
(471.0,471.0)
(471.0,471.0)
(471.0,471.0)
(471.0,471.0)
(471.0,471.0)
(471.0,471.0)
(417.0,471.0)
(447.0,471.0)
(471.0,471.0)
(447.0,471.0)
(421.0,471.0)
(471.0,471.0)
(471.0,471.0)
(455.0,471.0)
(471.0,471.0)
(447.0,471.0)
(471.0,471.0)
(471.0,471.0)
(447.0,471.0)
(471.0,471.0)
(471.0,471.0)
(471.0,471.0)
(471.0,471.0)
(471.0,471.0)
(471.0,471.0)
(447.0,471.0)
(471.0,471.0)
(471.0,471.0)
(471.0,471.0)
(447.0,471.0)
(471.0,471.0)
(471.0,471.0)
(421.0,471.0)
(471.0,471.0)
(471.0,471.0)
(471.0,471.0)
(471.0,471.0)
(471.0,471.0)
(471.0,471.0)
(471.0,471.0)
(471.0,471.0)
(471.0,471.0)
(421.0,471.0)
(471.0,471.0)
(447.0,471.0)
(471.0,471.0)
(471.0,471.0)
(471.0,471.0)
(471.0,471.0)
(447.0,471.0)
(471.0,471.0)
(471.0,471.0)
(471.0,471.0)
(471.0,471.0)
(447.0,471.0)
(447.0,471.0)
(471.0,471.0)
(471.0,471.0)
(471.0,471.0)
(447.0,471.0)
(471.0,471.0)
(455.0,471.0)
(471.0,471.0)
(471.0,471.0)
(471.0,471.0)
(471.0,471.0)
(471.0,471.0)
(471.0,471.0)
(447.0,471.0)
(471.0,471.0)
(413.0,471.0)
(455.0,471.0)
(471.0,471.0)
(447.0,471.0)
(471.0,471.0)
(471.0,471.0)
(471.0,471.0)
(471.0,471.0)
(455.0,471.0)
(471.0,471.0)
(471.0,471.0)
(471.0,471.0)
(471.0,471.0)
(471.0,471.0)
(417.0,471.0)
(471.0,471.0)
(471.0,471.0)
(471.0,471.0)
(471.0,471.0)
(471.0,471.0)
(471.0,471.0)
(471.0,471.0)
(447.0,471.0)
(471.0,471.0)
(471.0,471.0)
(471.0,471.0)
(471.0,471.0)
(471.0,471.0)
(37.0,471.0)
(471.0,471.0)
(459.0,471.0)
(471.0,471.0)
(471.0,471.0)
(471.0,471.0)
(471.0,471.0)
(471.0,471.0)
(455.0,471.0)
(447.0,471.0)
(471.0,471.0)
(471.0,471.0)
(471.0,471.0)
(471.0,471.0)
(471.0,471.0)
(471.0,471.0)
(417.0,471.0)
(471.0,471.0)
(471.0,471.0)
(471.0,471.0)
(447.0,471.0)
(471.0,471.0)
(471.0,471.0)
(471.0,471.0)
(471.0,471.0)
(764.0,471.0)
(471.0,471.0)
(404.0,471.0)
(471.0,471.0)
(471.0,471.0)
(471.0,471.0)
(471.0,471.0)
(455.0,471.0)
(421.0,471.0)
(471.0,471.0)
(404.0,471.0)
(471.0,471.0)
(471.0,471.0)
(455.0,471.0)
(471.0,471.0)
(471.0,471.0)
(471.0,471.0)
(471.0,471.0)
(471.0,471.0)
(447.0,471.0)
(471.0,471.0)
(471.0,471.0)
(471.0,471.0)
(471.0,471.0)
(471.0,471.0)
(471.0,471.0)
(471.0,471.0)
(471.0,471.0)
(471.0,471.0)
(471.0,471.0)
(459.0,471.0)
(471.0,471.0)
(471.0,471.0)
(471.0,471.0)
(471.0,471.0)
(471.0,471.0)
(471.0,471.0)
(455.0,471.0)
(471.0,471.0)
(471.0,471.0)
(471.0,471.0)
(471.0,471.0)
(471.0,471.0)
(471.0,471.0)
(471.0,471.0)
(455.0,471.0)
(471.0,471.0)
(471.0,471.0)
(471.0,471.0)
(447.0,471.0)
(471.0,471.0)
(455.0,471.0)
(471.0,471.0)
(421.0,471.0)
(471.0,471.0)
(471.0,471.0)
(455.0,471.0)
(471.0,471.0)
(447.0,471.0)
(459.0,471.0)
(471.0,471.0)
(447.0,471.0)
(455.0,471.0)
(447.0,471.0)
(471.0,471.0)
(471.0,471.0)
(459.0,471.0)
(471.0,471.0)
(471.0,471.0)
(471.0,471.0)
(447.0,471.0)
(471.0,471.0)
(471.0,471.0)
(447.0,471.0)
(459.0,471.0)
(471.0,471.0)
(471.0,471.0)
(455.0,471.0)
(471.0,471.0)
(471.0,471.0)
(404.0,471.0)
(421.0,471.0)
(421.0,471.0)
(447.0,471.0)
(471.0,471.0)
(471.0,471.0)
(471.0,471.0)
(417.0,471.0)
(471.0,471.0)
(471.0,471.0)
(471.0,471.0)
(471.0,471.0)
(455.0,471.0)
(471.0,471.0)
(471.0,471.0)
(771.0,471.0)
(471.0,471.0)
(455.0,471.0)
(455.0,471.0)
(471.0,471.0)
(447.0,471.0)
(471.0,471.0)
(447.0,471.0)
(471.0,471.0)
(471.0,471.0)
(471.0,471.0)
(471.0,471.0)
(471.0,471.0)
(447.0,471.0)
(471.0,471.0)
(471.0,471.0)
(447.0,471.0)
(471.0,471.0)
(447.0,471.0)
(447.0,471.0)
(447.0,471.0)
(471.0,471.0)
(471.0,471.0)
(421.0,471.0)
(471.0,471.0)
(447.0,471.0)
(459.0,471.0)
(471.0,471.0)
(471.0,471.0)
(459.0,471.0)
(417.0,471.0)
(459.0,471.0)
(471.0,471.0)
(471.0,471.0)
(447.0,471.0)
(455.0,471.0)
(471.0,471.0)
(471.0,471.0)
(404.0,471.0)
(471.0,471.0)
(482.0,471.0)
(483.0,471.0)
(471.0,471.0)
(471.0,471.0)
(471.0,471.0)
(471.0,471.0)
(396.0,471.0)
(471.0,471.0)
(479.0,471.0)
(471.0,471.0)
(482.0,471.0)
(471.0,471.0)
(481.0,471.0)
(471.0,471.0)
(459.0,471.0)
(471.0,471.0)
(471.0,471.0)
(471.0,471.0)
(447.0,471.0)
(804.0,471.0)
(471.0,471.0)
(471.0,471.0)
(471.0,471.0)
(471.0,471.0)
(471.0,471.0)
(471.0,471.0)
(471.0,471.0)
(396.0,471.0)
(471.0,471.0)
(471.0,471.0)
(471.0,471.0)
(483.0,471.0)
(471.0,471.0)
(471.0,471.0)
(455.0,471.0)
(471.0,471.0)
(471.0,471.0)
(471.0,471.0)
(455.0,471.0)
(471.0,471.0)
(447.0,471.0)
(471.0,471.0)
(471.0,471.0)
(471.0,471.0)
(471.0,471.0)
(471.0,471.0)
(471.0,471.0)
(471.0,471.0)
(471.0,471.0)
(471.0,471.0)
(471.0,471.0)
(404.0,471.0)
(482.0,471.0)
(471.0,471.0)
(483.0,471.0)
(455.0,471.0)
(483.0,471.0)
(804.0,471.0)
(471.0,471.0)
(482.0,471.0)
(471.0,471.0)
(455.0,471.0)
(471.0,471.0)
(471.0,471.0)
(483.0,471.0)
(471.0,471.0)
(471.0,471.0)
(471.0,471.0)
(771.0,471.0)
(471.0,471.0)
(471.0,471.0)
(471.0,471.0)
(455.0,471.0)
(804.0,471.0)
(471.0,471.0)
(471.0,471.0)
(482.0,471.0)
(804.0,471.0)
(459.0,471.0)
(471.0,471.0)
(455.0,471.0)
(447.0,471.0)
(471.0,471.0)
(471.0,471.0)
(435.0,471.0)
(413.0,471.0)
(404.0,471.0)
(471.0,471.0)
(471.0,471.0)
(471.0,471.0)
(471.0,471.0)
(471.0,471.0)
(471.0,471.0)
(471.0,471.0)
(482.0,471.0)
(455.0,471.0)
(471.0,471.0)
(471.0,471.0)
(471.0,471.0)
(404.0,471.0)
(459.0,471.0)
(471.0,471.0)
(471.0,471.0)
(471.0,471.0)
(404.0,471.0)
(471.0,471.0)
(483.0,471.0)
(471.0,471.0)
(471.0,471.0)
(471.0,471.0)
(471.0,471.0)
(471.0,471.0)
(804.0,471.0)
(471.0,471.0)
(471.0,471.0)
(459.0,471.0)
(804.0,471.0)
(459.0,471.0)
(471.0,471.0)
(471.0,471.0)
(471.0,471.0)
(471.0,471.0)
(447.0,471.0)
(482.0,471.0)
(771.0,471.0)
(471.0,471.0)
(471.0,471.0)
(455.0,471.0)
(459.0,471.0)
(471.0,471.0)
(471.0,471.0)
(471.0,471.0)
(471.0,471.0)
(447.0,471.0)
(459.0,471.0)
(471.0,471.0)
(471.0,471.0)
(483.0,471.0)
(471.0,471.0)
(459.0,471.0)
(459.0,471.0)
(471.0,471.0)
(421.0,471.0)
(471.0,471.0)
(471.0,471.0)
(471.0,471.0)
(471.0,471.0)
(471.0,471.0)
(483.0,471.0)
(471.0,471.0)
(471.0,471.0)
(404.0,471.0)
(471.0,471.0)
(447.0,471.0)
(447.0,471.0)
(471.0,471.0)
(471.0,471.0)
(471.0,471.0)
(471.0,471.0)
(471.0,471.0)
(471.0,471.0)
(447.0,471.0)
(471.0,471.0)
(471.0,471.0)
(471.0,471.0)
(459.0,471.0)
(471.0,471.0)
(459.0,471.0)
(471.0,471.0)
(471.0,471.0)
(459.0,471.0)
(482.0,471.0)
(471.0,471.0)
(471.0,471.0)
(471.0,471.0)
(459.0,471.0)
(471.0,471.0)
(447.0,471.0)
(471.0,471.0)
(471.0,471.0)
(482.0,471.0)
(471.0,471.0)
(471.0,471.0)
(471.0,471.0)
(459.0,471.0)
(471.0,471.0)
(471.0,471.0)
(471.0,471.0)
(471.0,471.0)
(455.0,471.0)
(471.0,471.0)
(471.0,471.0)
(455.0,471.0)
(447.0,471.0)
(447.0,471.0)
(447.0,471.0)
(471.0,471.0)
(447.0,471.0)
(471.0,471.0)
(455.0,471.0)
(447.0,471.0)
(471.0,471.0)
(471.0,471.0)
(471.0,471.0)
(471.0,471.0)
(471.0,471.0)
(471.0,471.0)
(447.0,471.0)
(447.0,471.0)
(471.0,471.0)
(471.0,471.0)
(455.0,471.0)
(459.0,471.0)
(459.0,471.0)
(471.0,471.0)
(471.0,471.0)
(471.0,471.0)
(471.0,471.0)
(459.0,471.0)
(455.0,471.0)
(471.0,471.0)
(471.0,471.0)
(471.0,471.0)
(471.0,471.0)
(421.0,471.0)
(471.0,471.0)
(471.0,471.0)
(471.0,471.0)
(455.0,471.0)
(447.0,471.0)
(471.0,471.0)
(471.0,471.0)
(471.0,471.0)
(471.0,471.0)
(455.0,471.0)
(455.0,471.0)
(471.0,471.0)
(471.0,471.0)
(455.0,471.0)
(471.0,471.0)
(471.0,471.0)
(417.0,471.0)
(471.0,471.0)
(447.0,471.0)
(471.0,471.0)
(447.0,471.0)
(471.0,471.0)
(447.0,471.0)
(471.0,471.0)
(421.0,471.0)
(471.0,471.0)
(471.0,471.0)
(421.0,471.0)
(455.0,471.0)
(455.0,471.0)
(471.0,471.0)
(471.0,471.0)
(421.0,471.0)
(447.0,471.0)
(421.0,471.0)
(471.0,471.0)
(471.0,471.0)
(455.0,471.0)
(471.0,471.0)
(455.0,471.0)
(471.0,471.0)
(455.0,471.0)
(455.0,471.0)
(471.0,471.0)
(471.0,471.0)
(459.0,471.0)
(459.0,471.0)
(471.0,471.0)
(447.0,471.0)
(455.0,471.0)
(471.0,471.0)
(471.0,471.0)
(471.0,471.0)
(471.0,471.0)
(471.0,471.0)
(431.0,471.0)
(447.0,471.0)
(482.0,471.0)
(471.0,471.0)
(455.0,471.0)
(471.0,471.0)
(471.0,471.0)
(471.0,471.0)
(447.0,471.0)
(471.0,471.0)
(471.0,471.0)
(471.0,471.0)
(447.0,471.0)
(471.0,471.0)
(471.0,471.0)
(471.0,471.0)
(471.0,471.0)
(447.0,471.0)
(455.0,471.0)
(471.0,471.0)
(447.0,471.0)
(471.0,471.0)
(471.0,471.0)
(471.0,471.0)
(471.0,471.0)
(447.0,471.0)
(471.0,471.0)
(471.0,471.0)
(471.0,471.0)
(455.0,471.0)
(471.0,471.0)
(471.0,471.0)
(459.0,471.0)
(471.0,471.0)
(471.0,471.0)
(447.0,471.0)
(471.0,471.0)
(447.0,471.0)
(459.0,471.0)
(471.0,471.0)
(471.0,471.0)
(471.0,471.0)
(455.0,471.0)
(447.0,471.0)
(447.0,471.0)
(471.0,471.0)
(471.0,471.0)
(447.0,471.0)
(471.0,471.0)
(471.0,471.0)
(471.0,471.0)
(471.0,471.0)
(471.0,471.0)
(471.0,471.0)
(471.0,471.0)
(471.0,471.0)
(471.0,471.0)
(471.0,471.0)
(455.0,471.0)
(471.0,471.0)
(447.0,471.0)
(471.0,471.0)
(447.0,471.0)
(455.0,471.0)
(447.0,471.0)
(455.0,471.0)
(459.0,471.0)
(447.0,471.0)
(471.0,471.0)
(447.0,471.0)
(471.0,471.0)
(455.0,471.0)
(471.0,471.0)
(471.0,471.0)
(471.0,471.0)
(471.0,471.0)
(471.0,471.0)
(471.0,471.0)
(471.0,471.0)
(447.0,471.0)
(471.0,471.0)
(471.0,471.0)
(471.0,471.0)
(471.0,471.0)
(471.0,471.0)
(471.0,471.0)
(421.0,471.0)
(471.0,471.0)
(447.0,471.0)
(471.0,471.0)
(404.0,471.0)
(471.0,471.0)
(447.0,471.0)
(471.0,471.0)
(447.0,471.0)
(413.0,471.0)
(471.0,471.0)
(471.0,471.0)
(471.0,471.0)
(471.0,471.0)
(421.0,471.0)
(455.0,471.0)
(471.0,471.0)
(471.0,471.0)
(455.0,471.0)
(471.0,471.0)
(471.0,471.0)
(471.0,471.0)
(471.0,471.0)
(471.0,471.0)
(471.0,471.0)
(447.0,471.0)
(471.0,471.0)
(455.0,471.0)
(459.0,471.0)
(471.0,471.0)
(471.0,471.0)
(471.0,471.0)
(455.0,471.0)
(455.0,471.0)
(471.0,471.0)
(471.0,471.0)
(471.0,471.0)
(447.0,471.0)
(427.0,471.0)
(471.0,471.0)
(471.0,471.0)
(447.0,471.0)
(471.0,471.0)
(471.0,471.0)
(471.0,471.0)
(471.0,471.0)
(447.0,471.0)
(471.0,471.0)
(455.0,471.0)
(471.0,471.0)
(471.0,471.0)
(471.0,471.0)
(471.0,471.0)
(471.0,471.0)
(455.0,471.0)
(471.0,471.0)
(459.0,471.0)
(421.0,471.0)
(396.0,471.0)
(471.0,471.0)
(471.0,471.0)
(471.0,471.0)
(471.0,471.0)
(471.0,471.0)
(471.0,471.0)
(447.0,471.0)
(471.0,471.0)
(471.0,471.0)
(471.0,471.0)
(459.0,471.0)
(471.0,471.0)
(471.0,471.0)
(447.0,471.0)
(447.0,471.0)
(455.0,471.0)
(455.0,471.0)
(471.0,471.0)
(471.0,471.0)
(447.0,471.0)
(455.0,471.0)
(471.0,471.0)
(471.0,471.0)
(471.0,471.0)
(471.0,471.0)
(471.0,471.0)
(471.0,471.0)
(471.0,471.0)
(455.0,471.0)
(471.0,471.0)
(471.0,471.0)
(471.0,471.0)
(471.0,471.0)
(447.0,471.0)
(447.0,471.0)
(471.0,471.0)
(447.0,471.0)
(471.0,471.0)
(471.0,471.0)
(447.0,471.0)
(421.0,471.0)
(455.0,471.0)
(471.0,471.0)
(471.0,471.0)
(471.0,471.0)
(471.0,471.0)
(471.0,471.0)
(471.0,471.0)
(471.0,471.0)
(459.0,471.0)
(471.0,471.0)
(447.0,471.0)
(471.0,471.0)
(447.0,471.0)
(459.0,471.0)
(471.0,471.0)
(471.0,471.0)
(471.0,471.0)
(471.0,471.0)
(471.0,471.0)
(471.0,471.0)
(455.0,471.0)
(471.0,471.0)
(471.0,471.0)
(471.0,471.0)
(459.0,471.0)
(471.0,471.0)
(471.0,471.0)
(471.0,471.0)
(471.0,471.0)
(421.0,471.0)
(471.0,471.0)
(435.0,471.0)
(471.0,471.0)
(455.0,471.0)
(417.0,471.0)
(421.0,471.0)
(455.0,471.0)
(471.0,471.0)
(447.0,471.0)
(471.0,471.0)
(447.0,471.0)
(471.0,471.0)
(381.0,471.0)
(471.0,471.0)
(455.0,471.0)
(471.0,471.0)
(471.0,471.0)
(447.0,471.0)
(455.0,471.0)
(447.0,471.0)
(471.0,471.0)
(455.0,471.0)
(471.0,471.0)
(455.0,471.0)
(447.0,471.0)
(447.0,471.0)
(471.0,471.0)
(471.0,471.0)
(471.0,471.0)
(447.0,471.0)
(471.0,471.0)
(471.0,471.0)
(471.0,471.0)
(471.0,471.0)
(455.0,471.0)
(471.0,471.0)
(455.0,471.0)
(459.0,471.0)
(471.0,471.0)
(471.0,471.0)
(471.0,471.0)
(435.0,471.0)
(421.0,471.0)
(459.0,471.0)
(471.0,471.0)
(471.0,471.0)
(471.0,471.0)
(471.0,471.0)
(447.0,471.0)
(471.0,471.0)
(471.0,471.0)
(455.0,471.0)
(471.0,471.0)
(459.0,471.0)
(471.0,471.0)
(471.0,471.0)
(471.0,471.0)
(471.0,471.0)
(447.0,471.0)
(471.0,471.0)
(471.0,471.0)
(764.0,471.0)
(455.0,471.0)
(447.0,471.0)
(471.0,471.0)
(471.0,471.0)
(471.0,471.0)
(471.0,471.0)
(447.0,471.0)
(471.0,471.0)
(471.0,471.0)
(471.0,471.0)
(471.0,471.0)
(471.0,471.0)
(471.0,471.0)
(471.0,471.0)
(471.0,471.0)
(471.0,471.0)
(447.0,471.0)
(471.0,471.0)
(447.0,471.0)
(471.0,471.0)
(447.0,471.0)
(37.0,471.0)
(421.0,471.0)
(471.0,471.0)
(459.0,471.0)
(471.0,471.0)
(455.0,471.0)
(421.0,471.0)
(471.0,471.0)
(471.0,471.0)
(471.0,471.0)
(471.0,471.0)
(471.0,471.0)
(471.0,471.0)
(447.0,471.0)
(471.0,471.0)
(447.0,471.0)
(471.0,471.0)
(455.0,471.0)
(421.0,471.0)
(447.0,471.0)
(471.0,471.0)
(471.0,471.0)
(471.0,471.0)
(455.0,471.0)
(459.0,471.0)
(471.0,471.0)
(471.0,471.0)
(455.0,471.0)
(471.0,471.0)
(455.0,471.0)
(471.0,471.0)
(804.0,471.0)
(459.0,471.0)
(471.0,471.0)
(471.0,471.0)
(471.0,471.0)
(447.0,471.0)
(455.0,471.0)
(417.0,471.0)
(471.0,471.0)
(471.0,471.0)
(471.0,471.0)
(471.0,471.0)
(471.0,471.0)
(459.0,471.0)
(421.0,471.0)
(471.0,471.0)
(471.0,471.0)
(471.0,471.0)
(421.0,471.0)
(471.0,471.0)
(471.0,471.0)
(447.0,471.0)
(471.0,471.0)
(417.0,471.0)
(447.0,471.0)
(455.0,471.0)
(459.0,471.0)
(471.0,471.0)
(447.0,471.0)
(471.0,471.0)
(471.0,471.0)
(447.0,471.0)
(804.0,471.0)
(459.0,471.0)
(447.0,471.0)
(471.0,471.0)
(447.0,471.0)
(421.0,471.0)
(471.0,471.0)
(471.0,471.0)
(471.0,471.0)
(471.0,471.0)
(471.0,471.0)
(471.0,471.0)
