(435.0,435.0)
(785.0,435.0)
(435.0,435.0)
(435.0,435.0)
(785.0,435.0)
(368.0,435.0)
(785.0,435.0)
(435.0,435.0)
(431.0,435.0)
(435.0,435.0)
(785.0,435.0)
(785.0,435.0)
(435.0,435.0)
(785.0,435.0)
(435.0,435.0)
(435.0,435.0)
(427.0,435.0)
(435.0,435.0)
(785.0,435.0)
(785.0,435.0)
(785.0,435.0)
(785.0,435.0)
(785.0,435.0)
(435.0,435.0)
(435.0,435.0)
(426.0,435.0)
(435.0,435.0)
(435.0,435.0)
(435.0,435.0)
(435.0,435.0)
(435.0,435.0)
(435.0,435.0)
(785.0,435.0)
(785.0,435.0)
(785.0,435.0)
(809.0,435.0)
(785.0,435.0)
(435.0,435.0)
(427.0,435.0)
(785.0,435.0)
(435.0,435.0)
(435.0,435.0)
(431.0,435.0)
(785.0,435.0)
(435.0,435.0)
(435.0,435.0)
(435.0,435.0)
(809.0,435.0)
(435.0,435.0)
(435.0,435.0)
(785.0,435.0)
(435.0,435.0)
(785.0,435.0)
(785.0,435.0)
(435.0,435.0)
(785.0,435.0)
(435.0,435.0)
(785.0,435.0)
(435.0,435.0)
(785.0,435.0)
(435.0,435.0)
(785.0,435.0)
(435.0,435.0)
(435.0,435.0)
(435.0,435.0)
(435.0,435.0)
(435.0,435.0)
(785.0,435.0)
(427.0,435.0)
(785.0,435.0)
(435.0,435.0)
(785.0,435.0)
(785.0,435.0)
(785.0,435.0)
(435.0,435.0)
(435.0,435.0)
(785.0,435.0)
(435.0,435.0)
(435.0,435.0)
(435.0,435.0)
(427.0,435.0)
(435.0,435.0)
(785.0,435.0)
(785.0,435.0)
(435.0,435.0)
(435.0,435.0)
(435.0,435.0)
(417.0,435.0)
(435.0,435.0)
(435.0,435.0)
(435.0,435.0)
(785.0,435.0)
(785.0,435.0)
(785.0,435.0)
(785.0,435.0)
(785.0,435.0)
(435.0,435.0)
(785.0,435.0)
(785.0,435.0)
(435.0,435.0)
(435.0,435.0)
(435.0,435.0)
(785.0,435.0)
(785.0,435.0)
(435.0,435.0)
(435.0,435.0)
(435.0,435.0)
(427.0,435.0)
(435.0,435.0)
(435.0,435.0)
(785.0,435.0)
(435.0,435.0)
(785.0,435.0)
(435.0,435.0)
(785.0,435.0)
(431.0,435.0)
(435.0,435.0)
(435.0,435.0)
(435.0,435.0)
(785.0,435.0)
(785.0,435.0)
(785.0,435.0)
(435.0,435.0)
(435.0,435.0)
(785.0,435.0)
(435.0,435.0)
(785.0,435.0)
(785.0,435.0)
(427.0,435.0)
(435.0,435.0)
(435.0,435.0)
(427.0,435.0)
(435.0,435.0)
(435.0,435.0)
(435.0,435.0)
(435.0,435.0)
(435.0,435.0)
(435.0,435.0)
(435.0,435.0)
(435.0,435.0)
(417.0,435.0)
(435.0,435.0)
(435.0,435.0)
(785.0,435.0)
(435.0,435.0)
(431.0,435.0)
(435.0,435.0)
(785.0,435.0)
(435.0,435.0)
(435.0,435.0)
(435.0,435.0)
(785.0,435.0)
(435.0,435.0)
(785.0,435.0)
(785.0,435.0)
(785.0,435.0)
(431.0,435.0)
(435.0,435.0)
(785.0,435.0)
(785.0,435.0)
(435.0,435.0)
(435.0,435.0)
(785.0,435.0)
(427.0,435.0)
(435.0,435.0)
(785.0,435.0)
(785.0,435.0)
(785.0,435.0)
(435.0,435.0)
(435.0,435.0)
(785.0,435.0)
(362.0,435.0)
(431.0,435.0)
(785.0,435.0)
(362.0,435.0)
(435.0,435.0)
(435.0,435.0)
(435.0,435.0)
(435.0,435.0)
(785.0,435.0)
(785.0,435.0)
(785.0,435.0)
(785.0,435.0)
(785.0,435.0)
(785.0,435.0)
(435.0,435.0)
(785.0,435.0)
(435.0,435.0)
(435.0,435.0)
(785.0,435.0)
(785.0,435.0)
(435.0,435.0)
(435.0,435.0)
(427.0,435.0)
(785.0,435.0)
(435.0,435.0)
(435.0,435.0)
(435.0,435.0)
(785.0,435.0)
(431.0,435.0)
(785.0,435.0)
(785.0,435.0)
(785.0,435.0)
(435.0,435.0)
(785.0,435.0)
(435.0,435.0)
(435.0,435.0)
(785.0,435.0)
(427.0,435.0)
(785.0,435.0)
(785.0,435.0)
(435.0,435.0)
(785.0,435.0)
(431.0,435.0)
(785.0,435.0)
(427.0,435.0)
(435.0,435.0)
(435.0,435.0)
(435.0,435.0)
(427.0,435.0)
(435.0,435.0)
(785.0,435.0)
(435.0,435.0)
(427.0,435.0)
(785.0,435.0)
(435.0,435.0)
(785.0,435.0)
(435.0,435.0)
(785.0,435.0)
(785.0,435.0)
(435.0,435.0)
(431.0,435.0)
(785.0,435.0)
(435.0,435.0)
(785.0,435.0)
(785.0,435.0)
(435.0,435.0)
(785.0,435.0)
(435.0,435.0)
(431.0,435.0)
(435.0,435.0)
(785.0,435.0)
(435.0,435.0)
(435.0,435.0)
(435.0,435.0)
(785.0,435.0)
(404.0,435.0)
(435.0,435.0)
(435.0,435.0)
(435.0,435.0)
(435.0,435.0)
(785.0,435.0)
(386.0,435.0)
(435.0,435.0)
(785.0,435.0)
(435.0,435.0)
(435.0,435.0)
(435.0,435.0)
(435.0,435.0)
(785.0,435.0)
(785.0,435.0)
(785.0,435.0)
(455.0,435.0)
(435.0,435.0)
(785.0,435.0)
(435.0,435.0)
(435.0,435.0)
(435.0,435.0)
(435.0,435.0)
(785.0,435.0)
(785.0,435.0)
(435.0,435.0)
(435.0,435.0)
(435.0,435.0)
(435.0,435.0)
(785.0,435.0)
(404.0,435.0)
(435.0,435.0)
(435.0,435.0)
(809.0,435.0)
(435.0,435.0)
(435.0,435.0)
(785.0,435.0)
(435.0,435.0)
(435.0,435.0)
(435.0,435.0)
(785.0,435.0)
(435.0,435.0)
(435.0,435.0)
(435.0,435.0)
(785.0,435.0)
(435.0,435.0)
(785.0,435.0)
(785.0,435.0)
(785.0,435.0)
(785.0,435.0)
(785.0,435.0)
(435.0,435.0)
(785.0,435.0)
(435.0,435.0)
(785.0,435.0)
(435.0,435.0)
(785.0,435.0)
(435.0,435.0)
(785.0,435.0)
(435.0,435.0)
(785.0,435.0)
(785.0,435.0)
(785.0,435.0)
(785.0,435.0)
(435.0,435.0)
(431.0,435.0)
(435.0,435.0)
(785.0,435.0)
(435.0,435.0)
(435.0,435.0)
(785.0,435.0)
(435.0,435.0)
(785.0,435.0)
(435.0,435.0)
(785.0,435.0)
(435.0,435.0)
(431.0,435.0)
(435.0,435.0)
(435.0,435.0)
(427.0,435.0)
(785.0,435.0)
(785.0,435.0)
(785.0,435.0)
(435.0,435.0)
(435.0,435.0)
(785.0,435.0)
(435.0,435.0)
(435.0,435.0)
(785.0,435.0)
(785.0,435.0)
(435.0,435.0)
(785.0,435.0)
(427.0,435.0)
(435.0,435.0)
(427.0,435.0)
(785.0,435.0)
(435.0,435.0)
(435.0,435.0)
(785.0,435.0)
(785.0,435.0)
(785.0,435.0)
(435.0,435.0)
(435.0,435.0)
(435.0,435.0)
(435.0,435.0)
(435.0,435.0)
(785.0,435.0)
(431.0,435.0)
(435.0,435.0)
(785.0,435.0)
(38.0,435.0)
(427.0,435.0)
(435.0,435.0)
(435.0,435.0)
(785.0,435.0)
(427.0,435.0)
(435.0,435.0)
(435.0,435.0)
(435.0,435.0)
(435.0,435.0)
(785.0,435.0)
(785.0,435.0)
(785.0,435.0)
(435.0,435.0)
(431.0,435.0)
(435.0,435.0)
(785.0,435.0)
(435.0,435.0)
(785.0,435.0)
(785.0,435.0)
(785.0,435.0)
(785.0,435.0)
(417.0,435.0)
(785.0,435.0)
(785.0,435.0)
(785.0,435.0)
(785.0,435.0)
(785.0,435.0)
(785.0,435.0)
(785.0,435.0)
(785.0,435.0)
(785.0,435.0)
(785.0,435.0)
(435.0,435.0)
(785.0,435.0)
(785.0,435.0)
(785.0,435.0)
(786.0,435.0)
(785.0,435.0)
(419.0,435.0)
(785.0,435.0)
(785.0,435.0)
(427.0,435.0)
(435.0,435.0)
(785.0,435.0)
(435.0,435.0)
(785.0,435.0)
(785.0,435.0)
(785.0,435.0)
(435.0,435.0)
(785.0,435.0)
(427.0,435.0)
(785.0,435.0)
(785.0,435.0)
(785.0,435.0)
(785.0,435.0)
(785.0,435.0)
(785.0,435.0)
(785.0,435.0)
(785.0,435.0)
(431.0,435.0)
(435.0,435.0)
(785.0,435.0)
(785.0,435.0)
(435.0,435.0)
(785.0,435.0)
(435.0,435.0)
(785.0,435.0)
(785.0,435.0)
(368.0,435.0)
(435.0,435.0)
(786.0,435.0)
(785.0,435.0)
(785.0,435.0)
(785.0,435.0)
(785.0,435.0)
(785.0,435.0)
(435.0,435.0)
(785.0,435.0)
(428.0,435.0)
(785.0,435.0)
(785.0,435.0)
(785.0,435.0)
(785.0,435.0)
(354.0,435.0)
(785.0,435.0)
(785.0,435.0)
(459.0,435.0)
(785.0,435.0)
(785.0,435.0)
(785.0,435.0)
(785.0,435.0)
(785.0,435.0)
(785.0,435.0)
(785.0,435.0)
(785.0,435.0)
(785.0,435.0)
(785.0,435.0)
(785.0,435.0)
(785.0,435.0)
(785.0,435.0)
(785.0,435.0)
(785.0,435.0)
(785.0,435.0)
(785.0,435.0)
(785.0,435.0)
(785.0,435.0)
(481.0,435.0)
(785.0,435.0)
(785.0,435.0)
(417.0,435.0)
(427.0,435.0)
(785.0,435.0)
(435.0,435.0)
(362.0,435.0)
(785.0,435.0)
(785.0,435.0)
(785.0,435.0)
(785.0,435.0)
(419.0,435.0)
(785.0,435.0)
(362.0,435.0)
(785.0,435.0)
(435.0,435.0)
(785.0,435.0)
(435.0,435.0)
(785.0,435.0)
(785.0,435.0)
(785.0,435.0)
(785.0,435.0)
(785.0,435.0)
(785.0,435.0)
(786.0,435.0)
(785.0,435.0)
(427.0,435.0)
(785.0,435.0)
(785.0,435.0)
(785.0,435.0)
(785.0,435.0)
(785.0,435.0)
(785.0,435.0)
(785.0,435.0)
(785.0,435.0)
(417.0,435.0)
(785.0,435.0)
(785.0,435.0)
(785.0,435.0)
(435.0,435.0)
(435.0,435.0)
(785.0,435.0)
(417.0,435.0)
(785.0,435.0)
(785.0,435.0)
(785.0,435.0)
(428.0,435.0)
(785.0,435.0)
(785.0,435.0)
(785.0,435.0)
(785.0,435.0)
(785.0,435.0)
(785.0,435.0)
(785.0,435.0)
(427.0,435.0)
(785.0,435.0)
(785.0,435.0)
(435.0,435.0)
(435.0,435.0)
(785.0,435.0)
(785.0,435.0)
(785.0,435.0)
(785.0,435.0)
(435.0,435.0)
(435.0,435.0)
(785.0,435.0)
(785.0,435.0)
(785.0,435.0)
(785.0,435.0)
(785.0,435.0)
(785.0,435.0)
(785.0,435.0)
(785.0,435.0)
(785.0,435.0)
(785.0,435.0)
(435.0,435.0)
(785.0,435.0)
(362.0,435.0)
(785.0,435.0)
(785.0,435.0)
(786.0,435.0)
(785.0,435.0)
(785.0,435.0)
(785.0,435.0)
(785.0,435.0)
(435.0,435.0)
(435.0,435.0)
(785.0,435.0)
(785.0,435.0)
(785.0,435.0)
(785.0,435.0)
(785.0,435.0)
(427.0,435.0)
(435.0,435.0)
(785.0,435.0)
(435.0,435.0)
(785.0,435.0)
(785.0,435.0)
(785.0,435.0)
(435.0,435.0)
(786.0,435.0)
(785.0,435.0)
(785.0,435.0)
(435.0,435.0)
(785.0,435.0)
(435.0,435.0)
(785.0,435.0)
(427.0,435.0)
(785.0,435.0)
(435.0,435.0)
(435.0,435.0)
(785.0,435.0)
(435.0,435.0)
(435.0,435.0)
(435.0,435.0)
(435.0,435.0)
(435.0,435.0)
(435.0,435.0)
(785.0,435.0)
(435.0,435.0)
(785.0,435.0)
(435.0,435.0)
(431.0,435.0)
(785.0,435.0)
(785.0,435.0)
(785.0,435.0)
(435.0,435.0)
(435.0,435.0)
(435.0,435.0)
(785.0,435.0)
(435.0,435.0)
(435.0,435.0)
(435.0,435.0)
(435.0,435.0)
(785.0,435.0)
(435.0,435.0)
(435.0,435.0)
(435.0,435.0)
(376.0,435.0)
(37.0,435.0)
(427.0,435.0)
(435.0,435.0)
(435.0,435.0)
(785.0,435.0)
(435.0,435.0)
(785.0,435.0)
(785.0,435.0)
(435.0,435.0)
(435.0,435.0)
(785.0,435.0)
(427.0,435.0)
(785.0,435.0)
(431.0,435.0)
(785.0,435.0)
(785.0,435.0)
(435.0,435.0)
(435.0,435.0)
(785.0,435.0)
(435.0,435.0)
(785.0,435.0)
(435.0,435.0)
(785.0,435.0)
(435.0,435.0)
(785.0,435.0)
(417.0,435.0)
(785.0,435.0)
(435.0,435.0)
(435.0,435.0)
(785.0,435.0)
(435.0,435.0)
(376.0,435.0)
(435.0,435.0)
(785.0,435.0)
(785.0,435.0)
(785.0,435.0)
(785.0,435.0)
(785.0,435.0)
(435.0,435.0)
(785.0,435.0)
(435.0,435.0)
(785.0,435.0)
(435.0,435.0)
(785.0,435.0)
(435.0,435.0)
(435.0,435.0)
(435.0,435.0)
(435.0,435.0)
(435.0,435.0)
(435.0,435.0)
(785.0,435.0)
(362.0,435.0)
(435.0,435.0)
(435.0,435.0)
(435.0,435.0)
(427.0,435.0)
(785.0,435.0)
(785.0,435.0)
(785.0,435.0)
(785.0,435.0)
(785.0,435.0)
(785.0,435.0)
(435.0,435.0)
(435.0,435.0)
(435.0,435.0)
(435.0,435.0)
(435.0,435.0)
(785.0,435.0)
(427.0,435.0)
(435.0,435.0)
(785.0,435.0)
(435.0,435.0)
(785.0,435.0)
(785.0,435.0)
(435.0,435.0)
(785.0,435.0)
(785.0,435.0)
(435.0,435.0)
(785.0,435.0)
(435.0,435.0)
(435.0,435.0)
(431.0,435.0)
(435.0,435.0)
(435.0,435.0)
(435.0,435.0)
(785.0,435.0)
(435.0,435.0)
(431.0,435.0)
(435.0,435.0)
(435.0,435.0)
(785.0,435.0)
(809.0,435.0)
(435.0,435.0)
(435.0,435.0)
(376.0,435.0)
(435.0,435.0)
(435.0,435.0)
(785.0,435.0)
(435.0,435.0)
(785.0,435.0)
(785.0,435.0)
(431.0,435.0)
(435.0,435.0)
(785.0,435.0)
(427.0,435.0)
(435.0,435.0)
(435.0,435.0)
(435.0,435.0)
(785.0,435.0)
(435.0,435.0)
(785.0,435.0)
(435.0,435.0)
(435.0,435.0)
(785.0,435.0)
(785.0,435.0)
(785.0,435.0)
(427.0,435.0)
(785.0,435.0)
(785.0,435.0)
(435.0,435.0)
(785.0,435.0)
(785.0,435.0)
(435.0,435.0)
(785.0,435.0)
(435.0,435.0)
(435.0,435.0)
(435.0,435.0)
(435.0,435.0)
(785.0,435.0)
(785.0,435.0)
(435.0,435.0)
(427.0,435.0)
(435.0,435.0)
(435.0,435.0)
(435.0,435.0)
(785.0,435.0)
(785.0,435.0)
(435.0,435.0)
(435.0,435.0)
(435.0,435.0)
(785.0,435.0)
(435.0,435.0)
(435.0,435.0)
(435.0,435.0)
(435.0,435.0)
(785.0,435.0)
(435.0,435.0)
(793.0,435.0)
(427.0,435.0)
(427.0,435.0)
(435.0,435.0)
(785.0,435.0)
(785.0,435.0)
(435.0,435.0)
(435.0,435.0)
(785.0,435.0)
(785.0,435.0)
(435.0,435.0)
(785.0,435.0)
(785.0,435.0)
(435.0,435.0)
(435.0,435.0)
(786.0,435.0)
(435.0,435.0)
(435.0,435.0)
(435.0,435.0)
(435.0,435.0)
(435.0,435.0)
(435.0,435.0)
(785.0,435.0)
(785.0,435.0)
(785.0,435.0)
(427.0,435.0)
(785.0,435.0)
(431.0,435.0)
(435.0,435.0)
(435.0,435.0)
(785.0,435.0)
(435.0,435.0)
(435.0,435.0)
(785.0,435.0)
(427.0,435.0)
(435.0,435.0)
(785.0,435.0)
(435.0,435.0)
(435.0,435.0)
(435.0,435.0)
(785.0,435.0)
(435.0,435.0)
(435.0,435.0)
(435.0,435.0)
(785.0,435.0)
(435.0,435.0)
(435.0,435.0)
(368.0,435.0)
(785.0,435.0)
(435.0,435.0)
(785.0,435.0)
(785.0,435.0)
(785.0,435.0)
(435.0,435.0)
(785.0,435.0)
(435.0,435.0)
(404.0,435.0)
(431.0,435.0)
(431.0,435.0)
(785.0,435.0)
(435.0,435.0)
(431.0,435.0)
(785.0,435.0)
(785.0,435.0)
(435.0,435.0)
(435.0,435.0)
(785.0,435.0)
(435.0,435.0)
(435.0,435.0)
(785.0,435.0)
(785.0,435.0)
(427.0,435.0)
(785.0,435.0)
(435.0,435.0)
(435.0,435.0)
(785.0,435.0)
(435.0,435.0)
(435.0,435.0)
(435.0,435.0)
(435.0,435.0)
(435.0,435.0)
(435.0,435.0)
(435.0,435.0)
(435.0,435.0)
(785.0,435.0)
(785.0,435.0)
(435.0,435.0)
(785.0,435.0)
(785.0,435.0)
(435.0,435.0)
(785.0,435.0)
(785.0,435.0)
(427.0,435.0)
(427.0,435.0)
(435.0,435.0)
(785.0,435.0)
(435.0,435.0)
(785.0,435.0)
(435.0,435.0)
(435.0,435.0)
(785.0,435.0)
(435.0,435.0)
(435.0,435.0)
(785.0,435.0)
(435.0,435.0)
(785.0,435.0)
(785.0,435.0)
(785.0,435.0)
(435.0,435.0)
(435.0,435.0)
(785.0,435.0)
(435.0,435.0)
(435.0,435.0)
(435.0,435.0)
(435.0,435.0)
(785.0,435.0)
(785.0,435.0)
(435.0,435.0)
(785.0,435.0)
(785.0,435.0)
(435.0,435.0)
(435.0,435.0)
(785.0,435.0)
(785.0,435.0)
(785.0,435.0)
(435.0,435.0)
(785.0,435.0)
(785.0,435.0)
(435.0,435.0)
(435.0,435.0)
(427.0,435.0)
(785.0,435.0)
(435.0,435.0)
(785.0,435.0)
(785.0,435.0)
(785.0,435.0)
(785.0,435.0)
(435.0,435.0)
(435.0,435.0)
(435.0,435.0)
(435.0,435.0)
(785.0,435.0)
(435.0,435.0)
(435.0,435.0)
(785.0,435.0)
(785.0,435.0)
(785.0,435.0)
(435.0,435.0)
(368.0,435.0)
(435.0,435.0)
(435.0,435.0)
(435.0,435.0)
(785.0,435.0)
(785.0,435.0)
(435.0,435.0)
(785.0,435.0)
(435.0,435.0)
(435.0,435.0)
(435.0,435.0)
(435.0,435.0)
(435.0,435.0)
(785.0,435.0)
(785.0,435.0)
(785.0,435.0)
(785.0,435.0)
(785.0,435.0)
(435.0,435.0)
(435.0,435.0)
(785.0,435.0)
(435.0,435.0)
(362.0,435.0)
(785.0,435.0)
(435.0,435.0)
(435.0,435.0)
(435.0,435.0)
(435.0,435.0)
(785.0,435.0)
(435.0,435.0)
(785.0,435.0)
(435.0,435.0)
(435.0,435.0)
(435.0,435.0)
(435.0,435.0)
(786.0,435.0)
(785.0,435.0)
(785.0,435.0)
(376.0,435.0)
(435.0,435.0)
(435.0,435.0)
(435.0,435.0)
(785.0,435.0)
(427.0,435.0)
(785.0,435.0)
(435.0,435.0)
(435.0,435.0)
(435.0,435.0)
(435.0,435.0)
(785.0,435.0)
(435.0,435.0)
(435.0,435.0)
(435.0,435.0)
(435.0,435.0)
(785.0,435.0)
(482.0,435.0)
(435.0,435.0)
(435.0,435.0)
(435.0,435.0)
(435.0,435.0)
(785.0,435.0)
(435.0,435.0)
(435.0,435.0)
(785.0,435.0)
(785.0,435.0)
(435.0,435.0)
(396.0,435.0)
(435.0,435.0)
(396.0,435.0)
(435.0,435.0)
(435.0,435.0)
(435.0,435.0)
(427.0,435.0)
(435.0,435.0)
(785.0,435.0)
(435.0,435.0)
(435.0,435.0)
(435.0,435.0)
(435.0,435.0)
(427.0,435.0)
(435.0,435.0)
(785.0,435.0)
(809.0,435.0)
(435.0,435.0)
(396.0,435.0)
(435.0,435.0)
(435.0,435.0)
(447.0,435.0)
(435.0,435.0)
(785.0,435.0)
(785.0,435.0)
(435.0,435.0)
(435.0,435.0)
(435.0,435.0)
(435.0,435.0)
(435.0,435.0)
(435.0,435.0)
(785.0,435.0)
(435.0,435.0)
(435.0,435.0)
(785.0,435.0)
(396.0,435.0)
(362.0,435.0)
(427.0,435.0)
(785.0,435.0)
(427.0,435.0)
(427.0,435.0)
(435.0,435.0)
(785.0,435.0)
(785.0,435.0)
(435.0,435.0)
(785.0,435.0)
(793.0,435.0)
(786.0,435.0)
(435.0,435.0)
(435.0,435.0)
(435.0,435.0)
(435.0,435.0)
(785.0,435.0)
(404.0,435.0)
(427.0,435.0)
(435.0,435.0)
(435.0,435.0)
(435.0,435.0)
(427.0,435.0)
(427.0,435.0)
(435.0,435.0)
(435.0,435.0)
(435.0,435.0)
(435.0,435.0)
(427.0,435.0)
(435.0,435.0)
(435.0,435.0)
(435.0,435.0)
(435.0,435.0)
(435.0,435.0)
(435.0,435.0)
(435.0,435.0)
(435.0,435.0)
(435.0,435.0)
(785.0,435.0)
(435.0,435.0)
(435.0,435.0)
(427.0,435.0)
(435.0,435.0)
(417.0,435.0)
(435.0,435.0)
(785.0,435.0)
(427.0,435.0)
(785.0,435.0)
(427.0,435.0)
(435.0,435.0)
(435.0,435.0)
(435.0,435.0)
(435.0,435.0)
(431.0,435.0)
(785.0,435.0)
(435.0,435.0)
(793.0,435.0)
(785.0,435.0)
(785.0,435.0)
(427.0,435.0)
(435.0,435.0)
(435.0,435.0)
(427.0,435.0)
(435.0,435.0)
(785.0,435.0)
(785.0,435.0)
(435.0,435.0)
(435.0,435.0)
(435.0,435.0)
(435.0,435.0)
(785.0,435.0)
(435.0,435.0)
(435.0,435.0)
(427.0,435.0)
(785.0,435.0)
(785.0,435.0)
(785.0,435.0)
(785.0,435.0)
(435.0,435.0)
(785.0,435.0)
(785.0,435.0)
(426.0,435.0)
(427.0,435.0)
(785.0,435.0)
(427.0,435.0)
(435.0,435.0)
(447.0,435.0)
(435.0,435.0)
(435.0,435.0)
(427.0,435.0)
(435.0,435.0)
(482.0,435.0)
(785.0,435.0)
(435.0,435.0)
(785.0,435.0)
(435.0,435.0)
(435.0,435.0)
(785.0,435.0)
(427.0,435.0)
(435.0,435.0)
(362.0,435.0)
(785.0,435.0)
(435.0,435.0)
(435.0,435.0)
(435.0,435.0)
(785.0,435.0)
(785.0,435.0)
(435.0,435.0)
(435.0,435.0)
(435.0,435.0)
(396.0,435.0)
(809.0,435.0)
(435.0,435.0)
(435.0,435.0)
(435.0,435.0)
(786.0,435.0)
(435.0,435.0)
(435.0,435.0)
(435.0,435.0)
(479.0,435.0)
(435.0,435.0)
(396.0,435.0)
(435.0,435.0)
(785.0,435.0)
(435.0,435.0)
(435.0,435.0)
(435.0,435.0)
(435.0,435.0)
(435.0,435.0)
(435.0,435.0)
(435.0,435.0)
(435.0,435.0)
(427.0,435.0)
(427.0,435.0)
(427.0,435.0)
(435.0,435.0)
(455.0,435.0)
(435.0,435.0)
(785.0,435.0)
(785.0,435.0)
(435.0,435.0)
(435.0,435.0)
(435.0,435.0)
(785.0,435.0)
(435.0,435.0)
(785.0,435.0)
(431.0,435.0)
(435.0,435.0)
(435.0,435.0)
(435.0,435.0)
(431.0,435.0)
(431.0,435.0)
(427.0,435.0)
(785.0,435.0)
(785.0,435.0)
(785.0,435.0)
(427.0,435.0)
(785.0,435.0)
(435.0,435.0)
(435.0,435.0)
(435.0,435.0)
(435.0,435.0)
(435.0,435.0)
(785.0,435.0)
(785.0,435.0)
(785.0,435.0)
(363.0,435.0)
(435.0,435.0)
(809.0,435.0)
(435.0,435.0)
(427.0,435.0)
(435.0,435.0)
(786.0,435.0)
(785.0,435.0)
(435.0,435.0)
(435.0,435.0)
(362.0,435.0)
(785.0,435.0)
(435.0,435.0)
(427.0,435.0)
(435.0,435.0)
(785.0,435.0)
(785.0,435.0)
(785.0,435.0)
(785.0,435.0)
(785.0,435.0)
(435.0,435.0)
(435.0,435.0)
(435.0,435.0)
(785.0,435.0)
(435.0,435.0)
(785.0,435.0)
(785.0,435.0)
(435.0,435.0)
(435.0,435.0)
(785.0,435.0)
(785.0,435.0)
(435.0,435.0)
(435.0,435.0)
(435.0,435.0)
(435.0,435.0)
(435.0,435.0)
(435.0,435.0)
(785.0,435.0)
(435.0,435.0)
(435.0,435.0)
(435.0,435.0)
(785.0,435.0)
(785.0,435.0)
(404.0,435.0)
(435.0,435.0)
(785.0,435.0)
(435.0,435.0)
(435.0,435.0)
(785.0,435.0)
(431.0,435.0)
(435.0,435.0)
(431.0,435.0)
(785.0,435.0)
(435.0,435.0)
(435.0,435.0)
(435.0,435.0)
(785.0,435.0)
(785.0,435.0)
(435.0,435.0)
(785.0,435.0)
(435.0,435.0)
(435.0,435.0)
(785.0,435.0)
(435.0,435.0)
(785.0,435.0)
(427.0,435.0)
(785.0,435.0)
(435.0,435.0)
(785.0,435.0)
(435.0,435.0)
(431.0,435.0)
(785.0,435.0)
(785.0,435.0)
(785.0,435.0)
(435.0,435.0)
(435.0,435.0)
(785.0,435.0)
(785.0,435.0)
(785.0,435.0)
(435.0,435.0)
(435.0,435.0)
(435.0,435.0)
(435.0,435.0)
(435.0,435.0)
(435.0,435.0)
(785.0,435.0)
(435.0,435.0)
(435.0,435.0)
(435.0,435.0)
(427.0,435.0)
(435.0,435.0)
(417.0,435.0)
(435.0,435.0)
(431.0,435.0)
(785.0,435.0)
(785.0,435.0)
(785.0,435.0)
(435.0,435.0)
(785.0,435.0)
(396.0,435.0)
(435.0,435.0)
(435.0,435.0)
(435.0,435.0)
(435.0,435.0)
(785.0,435.0)
(785.0,435.0)
(785.0,435.0)
(435.0,435.0)
(435.0,435.0)
(435.0,435.0)
(435.0,435.0)
(785.0,435.0)
(785.0,435.0)
(435.0,435.0)
(785.0,435.0)
(785.0,435.0)
(435.0,435.0)
(785.0,435.0)
(435.0,435.0)
(435.0,435.0)
(435.0,435.0)
(404.0,435.0)
(435.0,435.0)
(435.0,435.0)
(435.0,435.0)
(785.0,435.0)
(785.0,435.0)
(785.0,435.0)
(427.0,435.0)
(785.0,435.0)
(785.0,435.0)
(785.0,435.0)
(785.0,435.0)
(435.0,435.0)
(396.0,435.0)
(785.0,435.0)
(785.0,435.0)
(417.0,435.0)
(785.0,435.0)
(435.0,435.0)
(435.0,435.0)
(785.0,435.0)
(435.0,435.0)
(435.0,435.0)
(785.0,435.0)
(435.0,435.0)
(435.0,435.0)
(785.0,435.0)
(435.0,435.0)
(785.0,435.0)
(435.0,435.0)
(435.0,435.0)
(785.0,435.0)
(785.0,435.0)
(435.0,435.0)
(435.0,435.0)
(785.0,435.0)
(785.0,435.0)
(785.0,435.0)
(435.0,435.0)
(785.0,435.0)
(785.0,435.0)
(431.0,435.0)
(435.0,435.0)
(435.0,435.0)
(435.0,435.0)
(435.0,435.0)
(435.0,435.0)
(435.0,435.0)
(431.0,435.0)
(435.0,435.0)
(435.0,435.0)
(417.0,435.0)
(435.0,435.0)
(427.0,435.0)
(417.0,435.0)
(435.0,435.0)
(435.0,435.0)
(435.0,435.0)
(435.0,435.0)
(435.0,435.0)
(435.0,435.0)
(435.0,435.0)
(435.0,435.0)
(435.0,435.0)
(435.0,435.0)
(435.0,435.0)
(435.0,435.0)
(435.0,435.0)
(435.0,435.0)
(435.0,435.0)
(435.0,435.0)
(435.0,435.0)
(435.0,435.0)
(435.0,435.0)
(435.0,435.0)
(404.0,435.0)
(435.0,435.0)
(435.0,435.0)
(435.0,435.0)
(435.0,435.0)
(435.0,435.0)
(404.0,435.0)
(435.0,435.0)
(435.0,435.0)
(427.0,435.0)
(435.0,435.0)
(435.0,435.0)
(435.0,435.0)
(431.0,435.0)
(435.0,435.0)
(435.0,435.0)
(435.0,435.0)
(435.0,435.0)
(435.0,435.0)
(435.0,435.0)
(435.0,435.0)
(435.0,435.0)
(435.0,435.0)
(435.0,435.0)
(435.0,435.0)
(435.0,435.0)
(435.0,435.0)
(435.0,435.0)
(435.0,435.0)
(435.0,435.0)
(435.0,435.0)
(435.0,435.0)
(435.0,435.0)
(435.0,435.0)
(435.0,435.0)
(435.0,435.0)
(435.0,435.0)
(435.0,435.0)
(447.0,435.0)
(435.0,435.0)
(435.0,435.0)
(435.0,435.0)
(435.0,435.0)
(435.0,435.0)
(447.0,435.0)
(435.0,435.0)
(435.0,435.0)
(447.0,435.0)
(435.0,435.0)
(435.0,435.0)
(435.0,435.0)
(435.0,435.0)
(435.0,435.0)
(435.0,435.0)
(435.0,435.0)
(435.0,435.0)
(435.0,435.0)
(435.0,435.0)
(435.0,435.0)
(435.0,435.0)
(435.0,435.0)
(435.0,435.0)
(435.0,435.0)
(435.0,435.0)
(435.0,435.0)
(435.0,435.0)
(435.0,435.0)
(435.0,435.0)
(435.0,435.0)
(435.0,435.0)
(435.0,435.0)
(435.0,435.0)
(435.0,435.0)
(435.0,435.0)
(454.0,435.0)
(435.0,435.0)
(435.0,435.0)
(435.0,435.0)
(435.0,435.0)
(435.0,435.0)
(435.0,435.0)
(435.0,435.0)
(435.0,435.0)
(435.0,435.0)
(435.0,435.0)
(427.0,435.0)
(435.0,435.0)
(435.0,435.0)
(435.0,435.0)
(435.0,435.0)
(435.0,435.0)
(435.0,435.0)
(785.0,435.0)
(792.0,435.0)
(435.0,435.0)
(435.0,435.0)
(435.0,435.0)
(435.0,435.0)
(435.0,435.0)
(435.0,435.0)
(435.0,435.0)
(435.0,435.0)
(435.0,435.0)
(435.0,435.0)
(435.0,435.0)
(435.0,435.0)
(435.0,435.0)
(435.0,435.0)
(435.0,435.0)
(435.0,435.0)
(435.0,435.0)
(785.0,435.0)
(435.0,435.0)
(435.0,435.0)
(435.0,435.0)
(435.0,435.0)
(435.0,435.0)
(435.0,435.0)
(435.0,435.0)
(435.0,435.0)
(435.0,435.0)
(435.0,435.0)
(435.0,435.0)
(435.0,435.0)
(435.0,435.0)
(435.0,435.0)
(435.0,435.0)
(435.0,435.0)
(435.0,435.0)
(435.0,435.0)
(435.0,435.0)
(435.0,435.0)
(435.0,435.0)
(435.0,435.0)
(435.0,435.0)
(435.0,435.0)
(435.0,435.0)
(435.0,435.0)
(435.0,435.0)
(368.0,435.0)
(435.0,435.0)
(435.0,435.0)
(435.0,435.0)
(435.0,435.0)
(435.0,435.0)
(435.0,435.0)
(435.0,435.0)
(435.0,435.0)
(435.0,435.0)
(413.0,435.0)
(435.0,435.0)
(435.0,435.0)
(435.0,435.0)
(435.0,435.0)
(435.0,435.0)
(792.0,435.0)
(435.0,435.0)
(435.0,435.0)
(435.0,435.0)
(435.0,435.0)
(447.0,435.0)
(435.0,435.0)
(435.0,435.0)
(404.0,435.0)
(435.0,435.0)
(368.0,435.0)
(435.0,435.0)
(785.0,435.0)
(785.0,435.0)
(785.0,435.0)
(785.0,435.0)
(785.0,435.0)
(785.0,435.0)
(785.0,435.0)
(459.0,435.0)
(785.0,435.0)
(785.0,435.0)
(427.0,435.0)
(426.0,435.0)
(793.0,435.0)
(785.0,435.0)
(785.0,435.0)
(785.0,435.0)
(435.0,435.0)
(785.0,435.0)
(431.0,435.0)
(785.0,435.0)
(435.0,435.0)
(785.0,435.0)
(785.0,435.0)
(785.0,435.0)
(435.0,435.0)
(785.0,435.0)
(785.0,435.0)
(785.0,435.0)
(219.0,435.0)
(785.0,435.0)
(785.0,435.0)
(785.0,435.0)
(785.0,435.0)
(435.0,435.0)
(785.0,435.0)
(785.0,435.0)
(435.0,435.0)
(785.0,435.0)
(785.0,435.0)
(785.0,435.0)
(785.0,435.0)
(785.0,435.0)
(435.0,435.0)
(785.0,435.0)
(785.0,435.0)
(435.0,435.0)
(785.0,435.0)
(785.0,435.0)
(785.0,435.0)
(785.0,435.0)
(785.0,435.0)
(785.0,435.0)
(785.0,435.0)
(785.0,435.0)
(435.0,435.0)
(435.0,435.0)
(785.0,435.0)
(785.0,435.0)
(785.0,435.0)
(785.0,435.0)
(785.0,435.0)
(785.0,435.0)
(435.0,435.0)
(785.0,435.0)
(785.0,435.0)
(785.0,435.0)
(785.0,435.0)
(785.0,435.0)
(785.0,435.0)
(785.0,435.0)
(785.0,435.0)
(785.0,435.0)
(785.0,435.0)
(785.0,435.0)
(785.0,435.0)
(435.0,435.0)
(785.0,435.0)
(785.0,435.0)
(785.0,435.0)
(785.0,435.0)
(785.0,435.0)
(785.0,435.0)
(785.0,435.0)
(785.0,435.0)
(804.0,435.0)
(435.0,435.0)
(785.0,435.0)
(785.0,435.0)
(421.0,435.0)
(435.0,435.0)
(785.0,435.0)
(785.0,435.0)
(785.0,435.0)
(435.0,435.0)
(785.0,435.0)
(785.0,435.0)
(785.0,435.0)
(785.0,435.0)
(785.0,435.0)
(785.0,435.0)
(785.0,435.0)
(425.0,435.0)
(785.0,435.0)
(785.0,435.0)
(785.0,435.0)
(785.0,435.0)
(785.0,435.0)
(785.0,435.0)
(785.0,435.0)
(785.0,435.0)
(785.0,435.0)
(785.0,435.0)
(785.0,435.0)
(785.0,435.0)
(785.0,435.0)
(785.0,435.0)
(785.0,435.0)
(785.0,435.0)
(435.0,435.0)
(785.0,435.0)
(785.0,435.0)
(785.0,435.0)
(427.0,435.0)
(785.0,435.0)
(785.0,435.0)
(785.0,435.0)
(785.0,435.0)
(785.0,435.0)
(785.0,435.0)
(785.0,435.0)
(785.0,435.0)
(425.0,435.0)
(785.0,435.0)
(785.0,435.0)
(431.0,435.0)
(785.0,435.0)
(785.0,435.0)
(427.0,435.0)
(771.0,435.0)
(426.0,435.0)
(785.0,435.0)
(483.0,435.0)
(785.0,435.0)
(793.0,435.0)
(459.0,435.0)
(785.0,435.0)
(785.0,435.0)
(785.0,435.0)
(431.0,435.0)
(785.0,435.0)
(426.0,435.0)
(785.0,435.0)
(435.0,435.0)
(785.0,435.0)
(785.0,435.0)
(785.0,435.0)
(785.0,435.0)
(785.0,435.0)
(785.0,435.0)
(785.0,435.0)
(785.0,435.0)
(785.0,435.0)
(785.0,435.0)
(785.0,435.0)
(785.0,435.0)
(785.0,435.0)
(426.0,435.0)
(435.0,435.0)
(785.0,435.0)
(785.0,435.0)
(785.0,435.0)
(785.0,435.0)
(785.0,435.0)
(785.0,435.0)
(785.0,435.0)
(785.0,435.0)
(785.0,435.0)
(785.0,435.0)
(785.0,435.0)
(785.0,435.0)
(785.0,435.0)
(785.0,435.0)
(785.0,435.0)
(785.0,435.0)
(785.0,435.0)
(785.0,435.0)
(459.0,435.0)
(785.0,435.0)
(785.0,435.0)
(785.0,435.0)
(785.0,435.0)
(435.0,435.0)
(785.0,435.0)
(435.0,435.0)
(435.0,435.0)
(435.0,435.0)
(785.0,435.0)
(785.0,435.0)
(435.0,435.0)
(435.0,435.0)
(435.0,435.0)
(785.0,435.0)
(435.0,435.0)
(785.0,435.0)
(435.0,435.0)
(785.0,435.0)
(435.0,435.0)
(785.0,435.0)
(785.0,435.0)
(435.0,435.0)
(785.0,435.0)
(785.0,435.0)
(435.0,435.0)
(435.0,435.0)
(435.0,435.0)
(435.0,435.0)
(785.0,435.0)
(435.0,435.0)
(435.0,435.0)
(431.0,435.0)
(785.0,435.0)
(785.0,435.0)
(435.0,435.0)
(785.0,435.0)
(435.0,435.0)
(785.0,435.0)
(785.0,435.0)
(396.0,435.0)
(785.0,435.0)
(435.0,435.0)
(435.0,435.0)
(785.0,435.0)
(435.0,435.0)
(435.0,435.0)
(435.0,435.0)
(435.0,435.0)
(785.0,435.0)
(785.0,435.0)
(785.0,435.0)
(435.0,435.0)
(435.0,435.0)
(785.0,435.0)
(435.0,435.0)
(435.0,435.0)
(435.0,435.0)
(431.0,435.0)
(785.0,435.0)
(417.0,435.0)
(404.0,435.0)
(785.0,435.0)
(785.0,435.0)
(785.0,435.0)
(435.0,435.0)
(435.0,435.0)
(435.0,435.0)
(785.0,435.0)
(785.0,435.0)
(785.0,435.0)
(785.0,435.0)
(435.0,435.0)
(785.0,435.0)
(435.0,435.0)
(368.0,435.0)
(435.0,435.0)
(785.0,435.0)
(435.0,435.0)
(404.0,435.0)
(785.0,435.0)
(435.0,435.0)
(435.0,435.0)
(427.0,435.0)
(435.0,435.0)
(435.0,435.0)
(435.0,435.0)
(435.0,435.0)
(435.0,435.0)
(785.0,435.0)
(435.0,435.0)
(435.0,435.0)
(785.0,435.0)
(785.0,435.0)
(435.0,435.0)
(785.0,435.0)
(435.0,435.0)
(435.0,435.0)
(435.0,435.0)
(435.0,435.0)
(368.0,435.0)
(435.0,435.0)
(435.0,435.0)
(435.0,435.0)
(785.0,435.0)
(435.0,435.0)
(435.0,435.0)
(809.0,435.0)
(435.0,435.0)
(435.0,435.0)
(427.0,435.0)
(785.0,435.0)
(431.0,435.0)
(435.0,435.0)
(785.0,435.0)
(785.0,435.0)
(785.0,435.0)
(435.0,435.0)
(785.0,435.0)
(785.0,435.0)
(785.0,435.0)
(785.0,435.0)
(785.0,435.0)
(435.0,435.0)
(376.0,435.0)
(785.0,435.0)
(435.0,435.0)
(435.0,435.0)
(435.0,435.0)
(435.0,435.0)
(435.0,435.0)
(435.0,435.0)
(435.0,435.0)
(785.0,435.0)
(431.0,435.0)
(435.0,435.0)
(785.0,435.0)
(417.0,435.0)
(435.0,435.0)
(435.0,435.0)
(435.0,435.0)
(785.0,435.0)
(435.0,435.0)
(785.0,435.0)
(785.0,435.0)
(785.0,435.0)
(435.0,435.0)
(785.0,435.0)
(435.0,435.0)
(435.0,435.0)
(785.0,435.0)
(435.0,435.0)
(435.0,435.0)
(435.0,435.0)
(785.0,435.0)
(785.0,435.0)
(785.0,435.0)
(435.0,435.0)
(435.0,435.0)
(435.0,435.0)
(427.0,435.0)
(435.0,435.0)
(435.0,435.0)
(435.0,435.0)
(435.0,435.0)
(431.0,435.0)
(435.0,435.0)
(785.0,435.0)
(435.0,435.0)
(435.0,435.0)
(435.0,435.0)
(785.0,435.0)
(435.0,435.0)
(785.0,435.0)
(435.0,435.0)
(435.0,435.0)
(435.0,435.0)
(435.0,435.0)
(435.0,435.0)
(435.0,435.0)
(435.0,435.0)
(785.0,435.0)
(435.0,435.0)
(435.0,435.0)
(785.0,435.0)
(427.0,435.0)
(427.0,435.0)
(785.0,435.0)
(785.0,435.0)
(435.0,435.0)
(427.0,435.0)
(435.0,435.0)
(435.0,435.0)
(431.0,435.0)
(482.0,435.0)
(447.0,435.0)
(482.0,435.0)
(447.0,435.0)
(447.0,435.0)
(447.0,435.0)
(447.0,435.0)
(447.0,435.0)
(482.0,435.0)
(447.0,435.0)
(447.0,435.0)
(447.0,435.0)
(447.0,435.0)
(447.0,435.0)
(431.0,435.0)
(431.0,435.0)
(482.0,435.0)
(447.0,435.0)
(447.0,435.0)
(482.0,435.0)
(447.0,435.0)
(431.0,435.0)
(482.0,435.0)
(431.0,435.0)
(482.0,435.0)
(431.0,435.0)
(447.0,435.0)
(447.0,435.0)
(482.0,435.0)
(431.0,435.0)
(431.0,435.0)
(447.0,435.0)
(447.0,435.0)
(447.0,435.0)
(482.0,435.0)
(431.0,435.0)
(447.0,435.0)
(447.0,435.0)
(447.0,435.0)
(447.0,435.0)
(482.0,435.0)
(447.0,435.0)
(482.0,435.0)
(482.0,435.0)
(447.0,435.0)
(447.0,435.0)
(447.0,435.0)
(447.0,435.0)
(447.0,435.0)
(447.0,435.0)
(417.0,435.0)
(447.0,435.0)
(431.0,435.0)
(417.0,435.0)
(482.0,435.0)
(447.0,435.0)
(482.0,435.0)
(447.0,435.0)
(447.0,435.0)
(447.0,435.0)
(431.0,435.0)
(482.0,435.0)
(447.0,435.0)
(447.0,435.0)
(447.0,435.0)
(482.0,435.0)
(447.0,435.0)
(447.0,435.0)
(447.0,435.0)
(447.0,435.0)
(447.0,435.0)
(482.0,435.0)
(447.0,435.0)
(482.0,435.0)
(447.0,435.0)
(447.0,435.0)
(482.0,435.0)
(482.0,435.0)
(431.0,435.0)
(482.0,435.0)
(447.0,435.0)
(447.0,435.0)
(431.0,435.0)
(447.0,435.0)
(431.0,435.0)
(482.0,435.0)
(482.0,435.0)
(482.0,435.0)
(447.0,435.0)
(482.0,435.0)
(447.0,435.0)
(482.0,435.0)
(447.0,435.0)
(431.0,435.0)
(447.0,435.0)
(447.0,435.0)
(447.0,435.0)
(447.0,435.0)
(447.0,435.0)
(482.0,435.0)
(482.0,435.0)
(447.0,435.0)
(447.0,435.0)
(447.0,435.0)
(447.0,435.0)
(482.0,435.0)
(482.0,435.0)
(447.0,435.0)
(447.0,435.0)
(482.0,435.0)
(447.0,435.0)
(482.0,435.0)
(447.0,435.0)
(447.0,435.0)
(447.0,435.0)
(447.0,435.0)
(447.0,435.0)
(447.0,435.0)
(447.0,435.0)
(431.0,435.0)
(447.0,435.0)
(447.0,435.0)
(431.0,435.0)
(447.0,435.0)
(482.0,435.0)
(482.0,435.0)
(482.0,435.0)
(447.0,435.0)
(482.0,435.0)
(482.0,435.0)
(431.0,435.0)
(482.0,435.0)
(482.0,435.0)
(431.0,435.0)
(447.0,435.0)
(417.0,435.0)
(447.0,435.0)
(447.0,435.0)
(431.0,435.0)
(447.0,435.0)
(447.0,435.0)
(482.0,435.0)
(482.0,435.0)
(447.0,435.0)
(447.0,435.0)
(447.0,435.0)
(447.0,435.0)
(482.0,435.0)
(482.0,435.0)
(431.0,435.0)
(447.0,435.0)
(431.0,435.0)
(482.0,435.0)
(447.0,435.0)
(447.0,435.0)
(482.0,435.0)
(431.0,435.0)
(482.0,435.0)
(447.0,435.0)
(482.0,435.0)
(447.0,435.0)
(431.0,435.0)
(447.0,435.0)
(447.0,435.0)
(417.0,435.0)
(431.0,435.0)
(447.0,435.0)
(447.0,435.0)
(482.0,435.0)
(447.0,435.0)
(447.0,435.0)
(447.0,435.0)
(447.0,435.0)
(482.0,435.0)
(431.0,435.0)
(431.0,435.0)
(447.0,435.0)
(447.0,435.0)
(447.0,435.0)
(482.0,435.0)
(447.0,435.0)
(447.0,435.0)
(447.0,435.0)
(447.0,435.0)
(482.0,435.0)
(447.0,435.0)
(447.0,435.0)
(447.0,435.0)
(447.0,435.0)
(482.0,435.0)
(447.0,435.0)
(447.0,435.0)
(447.0,435.0)
(431.0,435.0)
(447.0,435.0)
(447.0,435.0)
(417.0,435.0)
(431.0,435.0)
(447.0,435.0)
(447.0,435.0)
(435.0,435.0)
(435.0,435.0)
(404.0,435.0)
(427.0,435.0)
(435.0,435.0)
(435.0,435.0)
(785.0,435.0)
(435.0,435.0)
(785.0,435.0)
(435.0,435.0)
(785.0,435.0)
(435.0,435.0)
(435.0,435.0)
(435.0,435.0)
(435.0,435.0)
(431.0,435.0)
(435.0,435.0)
(427.0,435.0)
(427.0,435.0)
(785.0,435.0)
(785.0,435.0)
(404.0,435.0)
(435.0,435.0)
(435.0,435.0)
(435.0,435.0)
(785.0,435.0)
(435.0,435.0)
(785.0,435.0)
(435.0,435.0)
(785.0,435.0)
(785.0,435.0)
(435.0,435.0)
(435.0,435.0)
(435.0,435.0)
(427.0,435.0)
(785.0,435.0)
(785.0,435.0)
(435.0,435.0)
(435.0,435.0)
(435.0,435.0)
(435.0,435.0)
(427.0,435.0)
(435.0,435.0)
(435.0,435.0)
(435.0,435.0)
(435.0,435.0)
(785.0,435.0)
(785.0,435.0)
(785.0,435.0)
(785.0,435.0)
(435.0,435.0)
(427.0,435.0)
(435.0,435.0)
(435.0,435.0)
(435.0,435.0)
(435.0,435.0)
(435.0,435.0)
(435.0,435.0)
(785.0,435.0)
(435.0,435.0)
(785.0,435.0)
(435.0,435.0)
(785.0,435.0)
(435.0,435.0)
(435.0,435.0)
(785.0,435.0)
(435.0,435.0)
(435.0,435.0)
(435.0,435.0)
(785.0,435.0)
(785.0,435.0)
(435.0,435.0)
(435.0,435.0)
(435.0,435.0)
(435.0,435.0)
(396.0,435.0)
(435.0,435.0)
(785.0,435.0)
(435.0,435.0)
(785.0,435.0)
(435.0,435.0)
(435.0,435.0)
(785.0,435.0)
(435.0,435.0)
(435.0,435.0)
(435.0,435.0)
(785.0,435.0)
(785.0,435.0)
(785.0,435.0)
(435.0,435.0)
(785.0,435.0)
(431.0,435.0)
(435.0,435.0)
(785.0,435.0)
(785.0,435.0)
(435.0,435.0)
(435.0,435.0)
(435.0,435.0)
(785.0,435.0)
(785.0,435.0)
(785.0,435.0)
(793.0,435.0)
(435.0,435.0)
(785.0,435.0)
(785.0,435.0)
(435.0,435.0)
(435.0,435.0)
(785.0,435.0)
(435.0,435.0)
(435.0,435.0)
(435.0,435.0)
(435.0,435.0)
(435.0,435.0)
(404.0,435.0)
(435.0,435.0)
(435.0,435.0)
(435.0,435.0)
(435.0,435.0)
(427.0,435.0)
(785.0,435.0)
(435.0,435.0)
(435.0,435.0)
(785.0,435.0)
(417.0,435.0)
(785.0,435.0)
(435.0,435.0)
(435.0,435.0)
(785.0,435.0)
(785.0,435.0)
(431.0,435.0)
(785.0,435.0)
(785.0,435.0)
(435.0,435.0)
(785.0,435.0)
(785.0,435.0)
(435.0,435.0)
(435.0,435.0)
(427.0,435.0)
(435.0,435.0)
(427.0,435.0)
(435.0,435.0)
(435.0,435.0)
(785.0,435.0)
(427.0,435.0)
(435.0,435.0)
(785.0,435.0)
(435.0,435.0)
(785.0,435.0)
(427.0,435.0)
(435.0,435.0)
(435.0,435.0)
(785.0,435.0)
(435.0,435.0)
(435.0,435.0)
(785.0,435.0)
(435.0,435.0)
(435.0,435.0)
(785.0,435.0)
(427.0,435.0)
(435.0,435.0)
(785.0,435.0)
(785.0,435.0)
(785.0,435.0)
(427.0,435.0)
(435.0,435.0)
(404.0,435.0)
(435.0,435.0)
(435.0,435.0)
(435.0,435.0)
(435.0,435.0)
(435.0,435.0)
(435.0,435.0)
(431.0,435.0)
(435.0,435.0)
(435.0,435.0)
(435.0,435.0)
(431.0,435.0)
(431.0,435.0)
(435.0,435.0)
(785.0,435.0)
(435.0,435.0)
(431.0,435.0)
(785.0,435.0)
(435.0,435.0)
(435.0,435.0)
(435.0,435.0)
(785.0,435.0)
(435.0,435.0)
(435.0,435.0)
(435.0,435.0)
(435.0,435.0)
(785.0,435.0)
(431.0,435.0)
(435.0,435.0)
(785.0,435.0)
(435.0,435.0)
(785.0,435.0)
(435.0,435.0)
(785.0,435.0)
(785.0,435.0)
(435.0,435.0)
(435.0,435.0)
(435.0,435.0)
(435.0,435.0)
(435.0,435.0)
(786.0,435.0)
(426.0,435.0)
(785.0,435.0)
(435.0,435.0)
(785.0,435.0)
(435.0,435.0)
(435.0,435.0)
(435.0,435.0)
(435.0,435.0)
(435.0,435.0)
(427.0,435.0)
(435.0,435.0)
(435.0,435.0)
(435.0,435.0)
(785.0,435.0)
(435.0,435.0)
(435.0,435.0)
(435.0,435.0)
(435.0,435.0)
(426.0,435.0)
(435.0,435.0)
(435.0,435.0)
(435.0,435.0)
(435.0,435.0)
(435.0,435.0)
(785.0,435.0)
(435.0,435.0)
(785.0,435.0)
(435.0,435.0)
(785.0,435.0)
(435.0,435.0)
(785.0,435.0)
(435.0,435.0)
(435.0,435.0)
(435.0,435.0)
(435.0,435.0)
(785.0,435.0)
(431.0,435.0)
(435.0,435.0)
(427.0,435.0)
(785.0,435.0)
(435.0,435.0)
(785.0,435.0)
(785.0,435.0)
(404.0,435.0)
(435.0,435.0)
(481.0,435.0)
(785.0,435.0)
(435.0,435.0)
(785.0,435.0)
(435.0,435.0)
(435.0,435.0)
(435.0,435.0)
(435.0,435.0)
(435.0,435.0)
(435.0,435.0)
(435.0,435.0)
(435.0,435.0)
(435.0,435.0)
(435.0,435.0)
(435.0,435.0)
(435.0,435.0)
(785.0,435.0)
(435.0,435.0)
(435.0,435.0)
(785.0,435.0)
(785.0,435.0)
(435.0,435.0)
(427.0,435.0)
(435.0,435.0)
(785.0,435.0)
(435.0,435.0)
(435.0,435.0)
(435.0,435.0)
(435.0,435.0)
(435.0,435.0)
(435.0,435.0)
(785.0,435.0)
(785.0,435.0)
(435.0,435.0)
(785.0,435.0)
(435.0,435.0)
(435.0,435.0)
(435.0,435.0)
(785.0,435.0)
(435.0,435.0)
(435.0,435.0)
(435.0,435.0)
(435.0,435.0)
(435.0,435.0)
(435.0,435.0)
(435.0,435.0)
(435.0,435.0)
(785.0,435.0)
(435.0,435.0)
(785.0,435.0)
(435.0,435.0)
(785.0,435.0)
(435.0,435.0)
(785.0,435.0)
(435.0,435.0)
(435.0,435.0)
(435.0,435.0)
(435.0,435.0)
(435.0,435.0)
(785.0,435.0)
(785.0,435.0)
(435.0,435.0)
(785.0,435.0)
(417.0,435.0)
(785.0,435.0)
(427.0,435.0)
(435.0,435.0)
(427.0,435.0)
(785.0,435.0)
(404.0,435.0)
(793.0,435.0)
(785.0,435.0)
(793.0,435.0)
(785.0,435.0)
(785.0,435.0)
(435.0,435.0)
(435.0,435.0)
(435.0,435.0)
(785.0,435.0)
(435.0,435.0)
(785.0,435.0)
(435.0,435.0)
(785.0,435.0)
(785.0,435.0)
(435.0,435.0)
(435.0,435.0)
(427.0,435.0)
(785.0,435.0)
(785.0,435.0)
(435.0,435.0)
(785.0,435.0)
(435.0,435.0)
(435.0,435.0)
(435.0,435.0)
(435.0,435.0)
(435.0,435.0)
(785.0,435.0)
(435.0,435.0)
(435.0,435.0)
(435.0,435.0)
(785.0,435.0)
(435.0,435.0)
(785.0,435.0)
(427.0,435.0)
(435.0,435.0)
(435.0,435.0)
(435.0,435.0)
(435.0,435.0)
(435.0,435.0)
(435.0,435.0)
(435.0,435.0)
(362.0,435.0)
(435.0,435.0)
(435.0,435.0)
(435.0,435.0)
(435.0,435.0)
(786.0,435.0)
(785.0,435.0)
(785.0,435.0)
(435.0,435.0)
(435.0,435.0)
(785.0,435.0)
(785.0,435.0)
(785.0,435.0)
(435.0,435.0)
(435.0,435.0)
(435.0,435.0)
(435.0,435.0)
(435.0,435.0)
(785.0,435.0)
(785.0,435.0)
(785.0,435.0)
(435.0,435.0)
(435.0,435.0)
(435.0,435.0)
(447.0,435.0)
(427.0,435.0)
(435.0,435.0)
(435.0,435.0)
(435.0,435.0)
(435.0,435.0)
(435.0,435.0)
(435.0,435.0)
(435.0,435.0)
(435.0,435.0)
(427.0,435.0)
(435.0,435.0)
(435.0,435.0)
(435.0,435.0)
(435.0,435.0)
(435.0,435.0)
(479.0,435.0)
(435.0,435.0)
(435.0,435.0)
(435.0,435.0)
(435.0,435.0)
(435.0,435.0)
(785.0,435.0)
(427.0,435.0)
(435.0,435.0)
(785.0,435.0)
(435.0,435.0)
(435.0,435.0)
(435.0,435.0)
(435.0,435.0)
(435.0,435.0)
(435.0,435.0)
(435.0,435.0)
(435.0,435.0)
(435.0,435.0)
(455.0,435.0)
(435.0,435.0)
(435.0,435.0)
(785.0,435.0)
(435.0,435.0)
(435.0,435.0)
(435.0,435.0)
(435.0,435.0)
(435.0,435.0)
(435.0,435.0)
(435.0,435.0)
(435.0,435.0)
(427.0,435.0)
(435.0,435.0)
(435.0,435.0)
(427.0,435.0)
(435.0,435.0)
(435.0,435.0)
(435.0,435.0)
(435.0,435.0)
(435.0,435.0)
(435.0,435.0)
(435.0,435.0)
(435.0,435.0)
(404.0,435.0)
(435.0,435.0)
(447.0,435.0)
(435.0,435.0)
(435.0,435.0)
(427.0,435.0)
(404.0,435.0)
(435.0,435.0)
(435.0,435.0)
(435.0,435.0)
(435.0,435.0)
(435.0,435.0)
(404.0,435.0)
(435.0,435.0)
(793.0,435.0)
(435.0,435.0)
(404.0,435.0)
(435.0,435.0)
(435.0,435.0)
(435.0,435.0)
(785.0,435.0)
(435.0,435.0)
(427.0,435.0)
(435.0,435.0)
(435.0,435.0)
(417.0,435.0)
(417.0,435.0)
(785.0,435.0)
(435.0,435.0)
(435.0,435.0)
(435.0,435.0)
(435.0,435.0)
(435.0,435.0)
(404.0,435.0)
(435.0,435.0)
(435.0,435.0)
(785.0,435.0)
(435.0,435.0)
(435.0,435.0)
(435.0,435.0)
(435.0,435.0)
(435.0,435.0)
(447.0,435.0)
(435.0,435.0)
(435.0,435.0)
(435.0,435.0)
(435.0,435.0)
(435.0,435.0)
(435.0,435.0)
(435.0,435.0)
(435.0,435.0)
(435.0,435.0)
(447.0,435.0)
(435.0,435.0)
(435.0,435.0)
(435.0,435.0)
(435.0,435.0)
(435.0,435.0)
(435.0,435.0)
(404.0,435.0)
(435.0,435.0)
(435.0,435.0)
(435.0,435.0)
(435.0,435.0)
(435.0,435.0)
(435.0,435.0)
(435.0,435.0)
(435.0,435.0)
(435.0,435.0)
(435.0,435.0)
(435.0,435.0)
(435.0,435.0)
(435.0,435.0)
(435.0,435.0)
(455.0,435.0)
(435.0,435.0)
(435.0,435.0)
(435.0,435.0)
(435.0,435.0)
(435.0,435.0)
(435.0,435.0)
(435.0,435.0)
(435.0,435.0)
(435.0,435.0)
(435.0,435.0)
(435.0,435.0)
(435.0,435.0)
(417.0,435.0)
(435.0,435.0)
(435.0,435.0)
(435.0,435.0)
(435.0,435.0)
(435.0,435.0)
(435.0,435.0)
(435.0,435.0)
(435.0,435.0)
(435.0,435.0)
(435.0,435.0)
(435.0,435.0)
(435.0,435.0)
(435.0,435.0)
(435.0,435.0)
(435.0,435.0)
(435.0,435.0)
(435.0,435.0)
(435.0,435.0)
(435.0,435.0)
(435.0,435.0)
(435.0,435.0)
(435.0,435.0)
(435.0,435.0)
(435.0,435.0)
(435.0,435.0)
(785.0,435.0)
(435.0,435.0)
(785.0,435.0)
(435.0,435.0)
(435.0,435.0)
(435.0,435.0)
(435.0,435.0)
(435.0,435.0)
(435.0,435.0)
(435.0,435.0)
(435.0,435.0)
(435.0,435.0)
(435.0,435.0)
(435.0,435.0)
(435.0,435.0)
(435.0,435.0)
(435.0,435.0)
(435.0,435.0)
(435.0,435.0)
(435.0,435.0)
(435.0,435.0)
(435.0,435.0)
(435.0,435.0)
(435.0,435.0)
(435.0,435.0)
(435.0,435.0)
(435.0,435.0)
(435.0,435.0)
(404.0,435.0)
(435.0,435.0)
(435.0,435.0)
(435.0,435.0)
(435.0,435.0)
(435.0,435.0)
(435.0,435.0)
(417.0,435.0)
(435.0,435.0)
(435.0,435.0)
(435.0,435.0)
(435.0,435.0)
(435.0,435.0)
(435.0,435.0)
(435.0,435.0)
(435.0,435.0)
(435.0,435.0)
(435.0,435.0)
(435.0,435.0)
(435.0,435.0)
(785.0,435.0)
(435.0,435.0)
(435.0,435.0)
(435.0,435.0)
(435.0,435.0)
(435.0,435.0)
(435.0,435.0)
(435.0,435.0)
(435.0,435.0)
(435.0,435.0)
(435.0,435.0)
(435.0,435.0)
(435.0,435.0)
(435.0,435.0)
(435.0,435.0)
(435.0,435.0)
(404.0,435.0)
(435.0,435.0)
(435.0,435.0)
(435.0,435.0)
(435.0,435.0)
(435.0,435.0)
(435.0,435.0)
(435.0,435.0)
(404.0,435.0)
(435.0,435.0)
(435.0,435.0)
(435.0,435.0)
(435.0,435.0)
(435.0,435.0)
(435.0,435.0)
(435.0,435.0)
(435.0,435.0)
(435.0,435.0)
(435.0,435.0)
(417.0,435.0)
(435.0,435.0)
(435.0,435.0)
(435.0,435.0)
(435.0,435.0)
(435.0,435.0)
(435.0,435.0)
(435.0,435.0)
(435.0,435.0)
(435.0,435.0)
(435.0,435.0)
(435.0,435.0)
(435.0,435.0)
(435.0,435.0)
(435.0,435.0)
(435.0,435.0)
(435.0,435.0)
(435.0,435.0)
(435.0,435.0)
(435.0,435.0)
(435.0,435.0)
(435.0,435.0)
(435.0,435.0)
(435.0,435.0)
(435.0,435.0)
(435.0,435.0)
(435.0,435.0)
(435.0,435.0)
(435.0,435.0)
(435.0,435.0)
(435.0,435.0)
(435.0,435.0)
(435.0,435.0)
(435.0,435.0)
(435.0,435.0)
(435.0,435.0)
(435.0,435.0)
(435.0,435.0)
(435.0,435.0)
(404.0,435.0)
(435.0,435.0)
(435.0,435.0)
(786.0,435.0)
(435.0,435.0)
(435.0,435.0)
(427.0,435.0)
(435.0,435.0)
(435.0,435.0)
(431.0,435.0)
(427.0,435.0)
(435.0,435.0)
(456.0,435.0)
(435.0,435.0)
(435.0,435.0)
(435.0,435.0)
(435.0,435.0)
(417.0,435.0)
(435.0,435.0)
(435.0,435.0)
(435.0,435.0)
(435.0,435.0)
(435.0,435.0)
(435.0,435.0)
(435.0,435.0)
(435.0,435.0)
(435.0,435.0)
(435.0,435.0)
(435.0,435.0)
(435.0,435.0)
(435.0,435.0)
(435.0,435.0)
(427.0,435.0)
(435.0,435.0)
(435.0,435.0)
(435.0,435.0)
(435.0,435.0)
(435.0,435.0)
(435.0,435.0)
(435.0,435.0)
(435.0,435.0)
(435.0,435.0)
(435.0,435.0)
(435.0,435.0)
(404.0,435.0)
(435.0,435.0)
(435.0,435.0)
(435.0,435.0)
(435.0,435.0)
(785.0,435.0)
(435.0,435.0)
(435.0,435.0)
(435.0,435.0)
(427.0,435.0)
(435.0,435.0)
(435.0,435.0)
(435.0,435.0)
(435.0,435.0)
(435.0,435.0)
(435.0,435.0)
(435.0,435.0)
(435.0,435.0)
(435.0,435.0)
(435.0,435.0)
(471.0,435.0)
(435.0,435.0)
(435.0,435.0)
(435.0,435.0)
(435.0,435.0)
(435.0,435.0)
(435.0,435.0)
(435.0,435.0)
(435.0,435.0)
(435.0,435.0)
(435.0,435.0)
(435.0,435.0)
(456.0,435.0)
(435.0,435.0)
(785.0,435.0)
(435.0,435.0)
(435.0,435.0)
(435.0,435.0)
(435.0,435.0)
(435.0,435.0)
(435.0,435.0)
(435.0,435.0)
(435.0,435.0)
(435.0,435.0)
(435.0,435.0)
(435.0,435.0)
(404.0,435.0)
(435.0,435.0)
(404.0,435.0)
(435.0,435.0)
(435.0,435.0)
(435.0,435.0)
(435.0,435.0)
(435.0,435.0)
(435.0,435.0)
(421.0,435.0)
(435.0,435.0)
(435.0,435.0)
(447.0,435.0)
(435.0,435.0)
(435.0,435.0)
(447.0,435.0)
(404.0,435.0)
(435.0,435.0)
(435.0,435.0)
(435.0,435.0)
(435.0,435.0)
(435.0,435.0)
(435.0,435.0)
(435.0,435.0)
(435.0,435.0)
(435.0,435.0)
(435.0,435.0)
(435.0,435.0)
(404.0,435.0)
(431.0,435.0)
(435.0,435.0)
(435.0,435.0)
(435.0,435.0)
(435.0,435.0)
(785.0,435.0)
(435.0,435.0)
(435.0,435.0)
(435.0,435.0)
(435.0,435.0)
(435.0,435.0)
(435.0,435.0)
(435.0,435.0)
(435.0,435.0)
(435.0,435.0)
(435.0,435.0)
(435.0,435.0)
(435.0,435.0)
(435.0,435.0)
(435.0,435.0)
(435.0,435.0)
(417.0,435.0)
(435.0,435.0)
(435.0,435.0)
(435.0,435.0)
(435.0,435.0)
(435.0,435.0)
(435.0,435.0)
(427.0,435.0)
(435.0,435.0)
(785.0,435.0)
(435.0,435.0)
(435.0,435.0)
(435.0,435.0)
(435.0,435.0)
(435.0,435.0)
(435.0,435.0)
(435.0,435.0)
(435.0,435.0)
(435.0,435.0)
(435.0,435.0)
(785.0,435.0)
(435.0,435.0)
(785.0,435.0)
(435.0,435.0)
(435.0,435.0)
(435.0,435.0)
(435.0,435.0)
(427.0,435.0)
(435.0,435.0)
(435.0,435.0)
(435.0,435.0)
(435.0,435.0)
(435.0,435.0)
(435.0,435.0)
(435.0,435.0)
(785.0,435.0)
(785.0,435.0)
(435.0,435.0)
(435.0,435.0)
(427.0,435.0)
(435.0,435.0)
(435.0,435.0)
(435.0,435.0)
(435.0,435.0)
(785.0,435.0)
(435.0,435.0)
(435.0,435.0)
(435.0,435.0)
(435.0,435.0)
(435.0,435.0)
(435.0,435.0)
(435.0,435.0)
(435.0,435.0)
(435.0,435.0)
(435.0,435.0)
(435.0,435.0)
(435.0,435.0)
(435.0,435.0)
(435.0,435.0)
(435.0,435.0)
(435.0,435.0)
(435.0,435.0)
(435.0,435.0)
(435.0,435.0)
(435.0,435.0)
(435.0,435.0)
(435.0,435.0)
(431.0,435.0)
(435.0,435.0)
(435.0,435.0)
(435.0,435.0)
(427.0,435.0)
(435.0,435.0)
(435.0,435.0)
(435.0,435.0)
(435.0,435.0)
(435.0,435.0)
(435.0,435.0)
(435.0,435.0)
(427.0,435.0)
(435.0,435.0)
(435.0,435.0)
(435.0,435.0)
(404.0,435.0)
(427.0,435.0)
(435.0,435.0)
(435.0,435.0)
(435.0,435.0)
(435.0,435.0)
(435.0,435.0)
(435.0,435.0)
(427.0,435.0)
(435.0,435.0)
(435.0,435.0)
(435.0,435.0)
(435.0,435.0)
(435.0,435.0)
(435.0,435.0)
(435.0,435.0)
(435.0,435.0)
(435.0,435.0)
(435.0,435.0)
(435.0,435.0)
(435.0,435.0)
(435.0,435.0)
(435.0,435.0)
(435.0,435.0)
(435.0,435.0)
(435.0,435.0)
(785.0,435.0)
(435.0,435.0)
(368.0,435.0)
(435.0,435.0)
(435.0,435.0)
(435.0,435.0)
(435.0,435.0)
(435.0,435.0)
(435.0,435.0)
(435.0,435.0)
(435.0,435.0)
(435.0,435.0)
(435.0,435.0)
(435.0,435.0)
(435.0,435.0)
(417.0,435.0)
(435.0,435.0)
(435.0,435.0)
(435.0,435.0)
(435.0,435.0)
(435.0,435.0)
(435.0,435.0)
(435.0,435.0)
(435.0,435.0)
(435.0,435.0)
(435.0,435.0)
(435.0,435.0)
(427.0,435.0)
(435.0,435.0)
(435.0,435.0)
(435.0,435.0)
(427.0,793.0)
(435.0,793.0)
(435.0,793.0)
(427.0,793.0)
(435.0,793.0)
(433.0,793.0)
(427.0,793.0)
(475.0,793.0)
(435.0,793.0)
(434.0,793.0)
(427.0,793.0)
(427.0,793.0)
(793.0,793.0)
(427.0,793.0)
(787.0,793.0)
(435.0,793.0)
(435.0,793.0)
(427.0,793.0)
(427.0,793.0)
(435.0,793.0)
(793.0,793.0)
(767.0,793.0)
(433.0,793.0)
(427.0,793.0)
(433.0,793.0)
(427.0,793.0)
(432.0,793.0)
(435.0,793.0)
(427.0,793.0)
(787.0,793.0)
(427.0,793.0)
(767.0,793.0)
(435.0,793.0)
(427.0,793.0)
(427.0,793.0)
(475.0,793.0)
(427.0,793.0)
(427.0,793.0)
(427.0,793.0)
(398.0,793.0)
(435.0,793.0)
(784.0,793.0)
(427.0,793.0)
(427.0,793.0)
(427.0,793.0)
(433.0,793.0)
(793.0,793.0)
(427.0,793.0)
(427.0,793.0)
(427.0,793.0)
(425.0,793.0)
(403.0,793.0)
(427.0,793.0)
(406.0,793.0)
(433.0,793.0)
(403.0,793.0)
(427.0,793.0)
(787.0,793.0)
(785.0,793.0)
(435.0,793.0)
(427.0,793.0)
(435.0,793.0)
(435.0,793.0)
(767.0,793.0)
(427.0,793.0)
(427.0,793.0)
(435.0,793.0)
(435.0,793.0)
(427.0,793.0)
(435.0,793.0)
(435.0,793.0)
(432.0,793.0)
(427.0,793.0)
(427.0,793.0)
(793.0,793.0)
(427.0,793.0)
(787.0,793.0)
(427.0,793.0)
(427.0,793.0)
(427.0,793.0)
(435.0,793.0)
(413.0,793.0)
(427.0,793.0)
(427.0,793.0)
(427.0,793.0)
(787.0,793.0)
(427.0,793.0)
(427.0,793.0)
(427.0,793.0)
(435.0,793.0)
(435.0,793.0)
(435.0,793.0)
(469.0,793.0)
(787.0,793.0)
(786.0,793.0)
(413.0,793.0)
(447.0,793.0)
(427.0,793.0)
(406.0,793.0)
(793.0,793.0)
(787.0,793.0)
(787.0,793.0)
(785.0,793.0)
(435.0,793.0)
(435.0,793.0)
(793.0,793.0)
(767.0,793.0)
(447.0,793.0)
(787.0,793.0)
(427.0,793.0)
(427.0,793.0)
(427.0,793.0)
(414.0,793.0)
(435.0,793.0)
(787.0,793.0)
(767.0,793.0)
(435.0,793.0)
(372.0,793.0)
(427.0,793.0)
(787.0,793.0)
(787.0,793.0)
(435.0,793.0)
(413.0,793.0)
(787.0,793.0)
(787.0,793.0)
(787.0,793.0)
(787.0,793.0)
(805.0,793.0)
(427.0,793.0)
(787.0,793.0)
(427.0,793.0)
(435.0,793.0)
(403.0,793.0)
(435.0,793.0)
(427.0,793.0)
(793.0,793.0)
(427.0,793.0)
(435.0,793.0)
(427.0,793.0)
(435.0,793.0)
(413.0,793.0)
(435.0,793.0)
(413.0,793.0)
(425.0,793.0)
(427.0,793.0)
(435.0,793.0)
(435.0,793.0)
(787.0,793.0)
(435.0,793.0)
(435.0,793.0)
(427.0,793.0)
(427.0,793.0)
(406.0,793.0)
(425.0,793.0)
(421.0,793.0)
(787.0,793.0)
(427.0,793.0)
(427.0,793.0)
(435.0,793.0)
(427.0,793.0)
(787.0,793.0)
(427.0,793.0)
(787.0,793.0)
(414.0,793.0)
(427.0,793.0)
(435.0,793.0)
(435.0,793.0)
(787.0,793.0)
(427.0,793.0)
(435.0,793.0)
(403.0,793.0)
(793.0,793.0)
(435.0,793.0)
(793.0,793.0)
(427.0,793.0)
(785.0,793.0)
(787.0,793.0)
(417.0,793.0)
(427.0,793.0)
(435.0,793.0)
(435.0,793.0)
(427.0,793.0)
(427.0,793.0)
(413.0,793.0)
(427.0,793.0)
(787.0,793.0)
(403.0,793.0)
(435.0,793.0)
(427.0,793.0)
(447.0,447.0)
(447.0,447.0)
(455.0,447.0)
(447.0,447.0)
(447.0,447.0)
(455.0,447.0)
(447.0,447.0)
(455.0,447.0)
(455.0,447.0)
(447.0,447.0)
(447.0,447.0)
(455.0,447.0)
(447.0,447.0)
(447.0,447.0)
(447.0,447.0)
(417.0,447.0)
(483.0,447.0)
(455.0,447.0)
(455.0,447.0)
(447.0,447.0)
(447.0,447.0)
(802.0,447.0)
(455.0,447.0)
(417.0,447.0)
(447.0,447.0)
(447.0,447.0)
(447.0,447.0)
(447.0,447.0)
(447.0,447.0)
(447.0,447.0)
(447.0,447.0)
(447.0,447.0)
(447.0,447.0)
(447.0,447.0)
(447.0,447.0)
(447.0,447.0)
(447.0,447.0)
(447.0,447.0)
(447.0,447.0)
(447.0,447.0)
(455.0,447.0)
(447.0,447.0)
(447.0,447.0)
(455.0,447.0)
(447.0,447.0)
(447.0,447.0)
(447.0,447.0)
(447.0,447.0)
(455.0,447.0)
(447.0,447.0)
(447.0,447.0)
(447.0,447.0)
(455.0,447.0)
(447.0,447.0)
(447.0,447.0)
(447.0,447.0)
(455.0,447.0)
(455.0,447.0)
(447.0,447.0)
(447.0,447.0)
(459.0,447.0)
(447.0,447.0)
(447.0,447.0)
(447.0,447.0)
(447.0,447.0)
(455.0,447.0)
(447.0,447.0)
(802.0,447.0)
(447.0,447.0)
(413.0,447.0)
(455.0,447.0)
(455.0,447.0)
(455.0,447.0)
(404.0,447.0)
(447.0,447.0)
(447.0,447.0)
(447.0,447.0)
(455.0,447.0)
(447.0,447.0)
(447.0,447.0)
(447.0,447.0)
(447.0,447.0)
(441.0,447.0)
(447.0,447.0)
(447.0,447.0)
(455.0,447.0)
(447.0,447.0)
(455.0,447.0)
(447.0,447.0)
(447.0,447.0)
(447.0,447.0)
(447.0,447.0)
(447.0,447.0)
(447.0,447.0)
(447.0,447.0)
(447.0,447.0)
(455.0,447.0)
(447.0,447.0)
(447.0,447.0)
(447.0,447.0)
(447.0,447.0)
(447.0,447.0)
(447.0,447.0)
(447.0,447.0)
(447.0,447.0)
(447.0,447.0)
(447.0,447.0)
(435.0,447.0)
(455.0,447.0)
(455.0,447.0)
(447.0,447.0)
(447.0,447.0)
(447.0,447.0)
(447.0,447.0)
(447.0,447.0)
(447.0,447.0)
(447.0,447.0)
(447.0,447.0)
(447.0,447.0)
(447.0,447.0)
(447.0,447.0)
(455.0,447.0)
(447.0,447.0)
(455.0,447.0)
(447.0,447.0)
(447.0,447.0)
(447.0,447.0)
(455.0,447.0)
(447.0,447.0)
(447.0,447.0)
(447.0,447.0)
(447.0,447.0)
(455.0,447.0)
(447.0,447.0)
(447.0,447.0)
(455.0,447.0)
(447.0,447.0)
(455.0,447.0)
(447.0,447.0)
(802.0,447.0)
(447.0,447.0)
(447.0,447.0)
(447.0,447.0)
(447.0,447.0)
(447.0,447.0)
(447.0,447.0)
(435.0,447.0)
(447.0,447.0)
(447.0,447.0)
(434.0,447.0)
(455.0,447.0)
(447.0,447.0)
(447.0,447.0)
(447.0,447.0)
(447.0,447.0)
(447.0,447.0)
(447.0,447.0)
(455.0,447.0)
(447.0,447.0)
(447.0,447.0)
(455.0,447.0)
(447.0,447.0)
(447.0,447.0)
(447.0,447.0)
(455.0,447.0)
(455.0,447.0)
(447.0,447.0)
(447.0,447.0)
(447.0,447.0)
(447.0,447.0)
(447.0,447.0)
(447.0,447.0)
(447.0,447.0)
(447.0,447.0)
(447.0,447.0)
(455.0,447.0)
(455.0,447.0)
(447.0,447.0)
(455.0,447.0)
(447.0,447.0)
(447.0,447.0)
(447.0,447.0)
(447.0,447.0)
(455.0,447.0)
(455.0,447.0)
(447.0,447.0)
(447.0,447.0)
(447.0,447.0)
(447.0,447.0)
(447.0,447.0)
(447.0,447.0)
(455.0,447.0)
(447.0,447.0)
(455.0,447.0)
(455.0,447.0)
(447.0,447.0)
(447.0,447.0)
(447.0,447.0)
(447.0,447.0)
(447.0,447.0)
(447.0,447.0)
(447.0,447.0)
(447.0,447.0)
(447.0,447.0)
(447.0,447.0)
(447.0,447.0)
(447.0,447.0)
(447.0,447.0)
(447.0,447.0)
(447.0,447.0)
(455.0,447.0)
(447.0,447.0)
(447.0,447.0)
(447.0,447.0)
(447.0,447.0)
(447.0,447.0)
(447.0,447.0)
(447.0,447.0)
(447.0,447.0)
(447.0,447.0)
(447.0,447.0)
(447.0,447.0)
(447.0,447.0)
(447.0,447.0)
(447.0,447.0)
(447.0,447.0)
(447.0,447.0)
(447.0,447.0)
(447.0,447.0)
(447.0,447.0)
(447.0,447.0)
(447.0,447.0)
(447.0,447.0)
(447.0,447.0)
(459.0,447.0)
(447.0,447.0)
(455.0,447.0)
(447.0,447.0)
(447.0,447.0)
(447.0,447.0)
(447.0,447.0)
(447.0,447.0)
(447.0,447.0)
(447.0,447.0)
(447.0,447.0)
(447.0,447.0)
(447.0,447.0)
(447.0,447.0)
(447.0,447.0)
(447.0,447.0)
(447.0,447.0)
(447.0,447.0)
(447.0,447.0)
(447.0,447.0)
(447.0,447.0)
(447.0,447.0)
(455.0,447.0)
(459.0,447.0)
(447.0,447.0)
(447.0,447.0)
(447.0,447.0)
(447.0,447.0)
(447.0,447.0)
(455.0,447.0)
(447.0,447.0)
(447.0,447.0)
(447.0,447.0)
(447.0,447.0)
(447.0,447.0)
(447.0,447.0)
(447.0,447.0)
(455.0,447.0)
(447.0,447.0)
(447.0,447.0)
(447.0,447.0)
(447.0,447.0)
(447.0,447.0)
(455.0,447.0)
(447.0,447.0)
(447.0,447.0)
(447.0,447.0)
(447.0,447.0)
(447.0,447.0)
(447.0,447.0)
(447.0,447.0)
(447.0,447.0)
(447.0,447.0)
(447.0,447.0)
(447.0,447.0)
(459.0,447.0)
(447.0,447.0)
(447.0,447.0)
(447.0,447.0)
(447.0,447.0)
(421.0,447.0)
(447.0,447.0)
(447.0,447.0)
(447.0,447.0)
(455.0,447.0)
(447.0,447.0)
(447.0,447.0)
(447.0,447.0)
(447.0,447.0)
(447.0,447.0)
(447.0,447.0)
(447.0,447.0)
(447.0,447.0)
(447.0,447.0)
(447.0,447.0)
(447.0,447.0)
(447.0,447.0)
(455.0,447.0)
(447.0,447.0)
(447.0,447.0)
(447.0,447.0)
(447.0,447.0)
(447.0,447.0)
(455.0,447.0)
(447.0,447.0)
(447.0,447.0)
(459.0,447.0)
(447.0,447.0)
(447.0,447.0)
(447.0,447.0)
(447.0,447.0)
(447.0,447.0)
(447.0,447.0)
(447.0,447.0)
(447.0,447.0)
(417.0,447.0)
(447.0,447.0)
(447.0,447.0)
(447.0,447.0)
(455.0,447.0)
(447.0,447.0)
(447.0,447.0)
(447.0,447.0)
(447.0,447.0)
(447.0,447.0)
(447.0,447.0)
(475.0,447.0)
(447.0,447.0)
(447.0,447.0)
(455.0,447.0)
(447.0,447.0)
(455.0,447.0)
(447.0,447.0)
(447.0,447.0)
(447.0,447.0)
(447.0,447.0)
(802.0,447.0)
(447.0,447.0)
(447.0,447.0)
(447.0,447.0)
(447.0,447.0)
(447.0,447.0)
(447.0,447.0)
(447.0,447.0)
(447.0,447.0)
(455.0,447.0)
(447.0,447.0)
(421.0,447.0)
(447.0,447.0)
(447.0,447.0)
(447.0,447.0)
(447.0,447.0)
(447.0,447.0)
(455.0,447.0)
(455.0,447.0)
(447.0,447.0)
(417.0,447.0)
(447.0,447.0)
(447.0,447.0)
(447.0,447.0)
(447.0,447.0)
(447.0,447.0)
(447.0,447.0)
(447.0,447.0)
(447.0,447.0)
(447.0,447.0)
(447.0,447.0)
(447.0,447.0)
(447.0,447.0)
(447.0,447.0)
(447.0,447.0)
(447.0,447.0)
(447.0,447.0)
(447.0,447.0)
(802.0,447.0)
(447.0,447.0)
(455.0,447.0)
(447.0,447.0)
(447.0,447.0)
(447.0,447.0)
(447.0,447.0)
(447.0,447.0)
(447.0,447.0)
(455.0,447.0)
(802.0,447.0)
(471.0,447.0)
(447.0,447.0)
(447.0,447.0)
(447.0,447.0)
(455.0,447.0)
(455.0,447.0)
(802.0,447.0)
(447.0,447.0)
(447.0,447.0)
(447.0,447.0)
(447.0,447.0)
(447.0,447.0)
(447.0,447.0)
(447.0,447.0)
(447.0,447.0)
(771.0,447.0)
(447.0,447.0)
(447.0,447.0)
(447.0,447.0)
(447.0,447.0)
(447.0,447.0)
(455.0,447.0)
(447.0,447.0)
(455.0,447.0)
(447.0,447.0)
(447.0,447.0)
(455.0,447.0)
(447.0,447.0)
(447.0,447.0)
(447.0,447.0)
(447.0,447.0)
(447.0,447.0)
(447.0,447.0)
(447.0,447.0)
(421.0,447.0)
(447.0,447.0)
(459.0,447.0)
(455.0,447.0)
(459.0,447.0)
(447.0,447.0)
(447.0,447.0)
(447.0,447.0)
(447.0,447.0)
(447.0,447.0)
(447.0,447.0)
(447.0,447.0)
(447.0,447.0)
(455.0,447.0)
(447.0,447.0)
(447.0,447.0)
(447.0,447.0)
(447.0,447.0)
(447.0,447.0)
(447.0,447.0)
(447.0,447.0)
(413.0,447.0)
(447.0,447.0)
(447.0,447.0)
(447.0,447.0)
(447.0,447.0)
(447.0,447.0)
(447.0,447.0)
(447.0,447.0)
(447.0,447.0)
(447.0,447.0)
(447.0,447.0)
(447.0,447.0)
(455.0,447.0)
(447.0,447.0)
(447.0,447.0)
(447.0,447.0)
(447.0,447.0)
(447.0,447.0)
(447.0,447.0)
(447.0,447.0)
(447.0,447.0)
(447.0,447.0)
(455.0,447.0)
(447.0,447.0)
(447.0,447.0)
(447.0,447.0)
(447.0,447.0)
(805.0,447.0)
(447.0,447.0)
(447.0,447.0)
(447.0,447.0)
(447.0,447.0)
(447.0,447.0)
(447.0,447.0)
(447.0,447.0)
(447.0,447.0)
(447.0,447.0)
(447.0,447.0)
(447.0,447.0)
(447.0,447.0)
(447.0,447.0)
(447.0,447.0)
(447.0,447.0)
(459.0,447.0)
(447.0,447.0)
(447.0,447.0)
(447.0,447.0)
(455.0,447.0)
(447.0,447.0)
(447.0,447.0)
(447.0,447.0)
(447.0,447.0)
(447.0,447.0)
(447.0,447.0)
(447.0,447.0)
(447.0,447.0)
(447.0,447.0)
(447.0,447.0)
(447.0,447.0)
(447.0,447.0)
(447.0,447.0)
(447.0,447.0)
(447.0,447.0)
(447.0,447.0)
(447.0,447.0)
(447.0,447.0)
(447.0,447.0)
(447.0,447.0)
(447.0,447.0)
(447.0,447.0)
(447.0,447.0)
(447.0,447.0)
(447.0,447.0)
(447.0,447.0)
(447.0,447.0)
(447.0,447.0)
(447.0,447.0)
(447.0,447.0)
(447.0,447.0)
(447.0,447.0)
(447.0,447.0)
(447.0,447.0)
(447.0,447.0)
(447.0,447.0)
(447.0,447.0)
(447.0,447.0)
(447.0,447.0)
(447.0,447.0)
(447.0,447.0)
(447.0,447.0)
(447.0,447.0)
(447.0,447.0)
(447.0,447.0)
(459.0,447.0)
(447.0,447.0)
(447.0,447.0)
(447.0,447.0)
(447.0,447.0)
(447.0,447.0)
(447.0,447.0)
(447.0,447.0)
(447.0,447.0)
(447.0,447.0)
(447.0,447.0)
(447.0,447.0)
(447.0,447.0)
(447.0,447.0)
(447.0,447.0)
(447.0,447.0)
(447.0,447.0)
(447.0,447.0)
(455.0,447.0)
(455.0,447.0)
(447.0,447.0)
(447.0,447.0)
(447.0,447.0)
(447.0,447.0)
(455.0,447.0)
(447.0,447.0)
(447.0,447.0)
(447.0,447.0)
(447.0,447.0)
(447.0,447.0)
(447.0,447.0)
(447.0,447.0)
(447.0,447.0)
(455.0,447.0)
(447.0,447.0)
(447.0,447.0)
(447.0,447.0)
(455.0,447.0)
(447.0,447.0)
(447.0,447.0)
(447.0,447.0)
(447.0,447.0)
(447.0,447.0)
(447.0,447.0)
(447.0,447.0)
(447.0,447.0)
(447.0,447.0)
(455.0,447.0)
(447.0,447.0)
(447.0,447.0)
(435.0,447.0)
(447.0,447.0)
(447.0,447.0)
(447.0,447.0)
(455.0,447.0)
(447.0,447.0)
(455.0,447.0)
(447.0,447.0)
(447.0,447.0)
(447.0,447.0)
(459.0,447.0)
(447.0,447.0)
(447.0,447.0)
(447.0,447.0)
(455.0,447.0)
(447.0,447.0)
(447.0,447.0)
(447.0,447.0)
(459.0,447.0)
(447.0,447.0)
(455.0,447.0)
(447.0,447.0)
(447.0,447.0)
(447.0,447.0)
(455.0,447.0)
(447.0,447.0)
(455.0,447.0)
(447.0,447.0)
(447.0,447.0)
(447.0,447.0)
(447.0,447.0)
(447.0,447.0)
(447.0,447.0)
(447.0,447.0)
(447.0,447.0)
(447.0,447.0)
(447.0,447.0)
(447.0,447.0)
(435.0,447.0)
(455.0,447.0)
(455.0,447.0)
(447.0,447.0)
(455.0,447.0)
(447.0,447.0)
(447.0,447.0)
(447.0,447.0)
(447.0,447.0)
(447.0,447.0)
(447.0,447.0)
(455.0,447.0)
(447.0,447.0)
(447.0,447.0)
(447.0,447.0)
(455.0,447.0)
(447.0,447.0)
(447.0,447.0)
(447.0,447.0)
(455.0,447.0)
(447.0,447.0)
(455.0,447.0)
(447.0,447.0)
(447.0,447.0)
(447.0,447.0)
(447.0,447.0)
(447.0,447.0)
(447.0,447.0)
(455.0,447.0)
(447.0,447.0)
(455.0,447.0)
(447.0,447.0)
(447.0,447.0)
(447.0,447.0)
(447.0,447.0)
(447.0,447.0)
(447.0,447.0)
(447.0,447.0)
(447.0,447.0)
(455.0,447.0)
(447.0,447.0)
(455.0,447.0)
(447.0,447.0)
(447.0,447.0)
(447.0,447.0)
(447.0,447.0)
(447.0,447.0)
(447.0,447.0)
(447.0,447.0)
(447.0,447.0)
(447.0,447.0)
(447.0,447.0)
(447.0,447.0)
(455.0,447.0)
(447.0,447.0)
(447.0,447.0)
(455.0,447.0)
(447.0,447.0)
(447.0,447.0)
(447.0,447.0)
(447.0,447.0)
(455.0,447.0)
(447.0,447.0)
(447.0,447.0)
(447.0,447.0)
(447.0,447.0)
(447.0,447.0)
(447.0,447.0)
(447.0,447.0)
(455.0,447.0)
(455.0,447.0)
(447.0,447.0)
(447.0,447.0)
(447.0,447.0)
(447.0,447.0)
(447.0,447.0)
(447.0,447.0)
(447.0,447.0)
(447.0,447.0)
(447.0,447.0)
(447.0,447.0)
(447.0,447.0)
(447.0,447.0)
(447.0,447.0)
(447.0,447.0)
(404.0,447.0)
(447.0,447.0)
(447.0,447.0)
(447.0,447.0)
(455.0,447.0)
(447.0,447.0)
(447.0,447.0)
(447.0,447.0)
(447.0,447.0)
(447.0,447.0)
(447.0,447.0)
(447.0,447.0)
(447.0,447.0)
(447.0,447.0)
(447.0,447.0)
(455.0,447.0)
(447.0,447.0)
(447.0,447.0)
(447.0,447.0)
(447.0,447.0)
(455.0,447.0)
(447.0,447.0)
(447.0,447.0)
(447.0,447.0)
(447.0,447.0)
(455.0,447.0)
(455.0,447.0)
(447.0,447.0)
(447.0,447.0)
(447.0,447.0)
(447.0,447.0)
(447.0,447.0)
(447.0,447.0)
(447.0,447.0)
(421.0,447.0)
(447.0,447.0)
(455.0,447.0)
(447.0,447.0)
(447.0,447.0)
(447.0,447.0)
(447.0,447.0)
(447.0,447.0)
(447.0,447.0)
(455.0,447.0)
(447.0,447.0)
(455.0,447.0)
(447.0,447.0)
(447.0,447.0)
(447.0,447.0)
(447.0,447.0)
(455.0,447.0)
(447.0,447.0)
(447.0,447.0)
(447.0,447.0)
(447.0,447.0)
(447.0,447.0)
(447.0,447.0)
(447.0,447.0)
(455.0,447.0)
(447.0,447.0)
(455.0,447.0)
(447.0,447.0)
(447.0,447.0)
(447.0,447.0)
(771.0,447.0)
(447.0,447.0)
(447.0,447.0)
(447.0,447.0)
(447.0,447.0)
(447.0,447.0)
(447.0,447.0)
(447.0,447.0)
(447.0,447.0)
(447.0,447.0)
(447.0,447.0)
(447.0,447.0)
(455.0,447.0)
(447.0,447.0)
(447.0,447.0)
(447.0,447.0)
(447.0,447.0)
(447.0,447.0)
(447.0,447.0)
(447.0,447.0)
(455.0,447.0)
(478.0,447.0)
(447.0,447.0)
(447.0,447.0)
(447.0,447.0)
(455.0,447.0)
(447.0,447.0)
(447.0,447.0)
(447.0,447.0)
(447.0,447.0)
(447.0,447.0)
(455.0,447.0)
(455.0,447.0)
(447.0,447.0)
(447.0,447.0)
(447.0,447.0)
(447.0,447.0)
(447.0,447.0)
(447.0,447.0)
(447.0,447.0)
(447.0,447.0)
(455.0,447.0)
(455.0,447.0)
(447.0,447.0)
(447.0,447.0)
(447.0,447.0)
(447.0,447.0)
(447.0,447.0)
(459.0,447.0)
(447.0,447.0)
(455.0,447.0)
(455.0,447.0)
(447.0,447.0)
(447.0,447.0)
(447.0,447.0)
(447.0,447.0)
(447.0,447.0)
(447.0,447.0)
(447.0,447.0)
(447.0,447.0)
(447.0,447.0)
(447.0,447.0)
(447.0,447.0)
(447.0,447.0)
(447.0,447.0)
(447.0,447.0)
(447.0,447.0)
(455.0,447.0)
(447.0,447.0)
(447.0,447.0)
(447.0,447.0)
(447.0,447.0)
(447.0,447.0)
(455.0,447.0)
(447.0,447.0)
(447.0,447.0)
(802.0,447.0)
(447.0,447.0)
(447.0,447.0)
(447.0,447.0)
(455.0,447.0)
(447.0,447.0)
(447.0,447.0)
(455.0,447.0)
(447.0,447.0)
(447.0,447.0)
(447.0,447.0)
(447.0,447.0)
(447.0,447.0)
(447.0,447.0)
(447.0,447.0)
(447.0,447.0)
(455.0,447.0)
(455.0,447.0)
(447.0,447.0)
(447.0,447.0)
(447.0,447.0)
(447.0,447.0)
(455.0,447.0)
(447.0,447.0)
(447.0,447.0)
(447.0,447.0)
(447.0,447.0)
(447.0,447.0)
(447.0,447.0)
(447.0,447.0)
(447.0,447.0)
(447.0,447.0)
(447.0,447.0)
(447.0,447.0)
(455.0,447.0)
(447.0,447.0)
(447.0,447.0)
(447.0,447.0)
(447.0,447.0)
(447.0,447.0)
(447.0,447.0)
(455.0,447.0)
(447.0,447.0)
(455.0,447.0)
(447.0,447.0)
(447.0,447.0)
(447.0,447.0)
(417.0,447.0)
(447.0,447.0)
(447.0,447.0)
(455.0,447.0)
(447.0,447.0)
(447.0,447.0)
(455.0,447.0)
(447.0,447.0)
(447.0,447.0)
(447.0,447.0)
(447.0,447.0)
(447.0,447.0)
(447.0,447.0)
(447.0,447.0)
(447.0,447.0)
(447.0,447.0)
(447.0,447.0)
(354.0,447.0)
(447.0,447.0)
(447.0,447.0)
(447.0,447.0)
(447.0,447.0)
(447.0,447.0)
(447.0,447.0)
(121.0,447.0)
(447.0,447.0)
(447.0,447.0)
(447.0,447.0)
(447.0,447.0)
(459.0,447.0)
(447.0,447.0)
(447.0,447.0)
(447.0,447.0)
(447.0,447.0)
(447.0,447.0)
(447.0,447.0)
(447.0,447.0)
(447.0,447.0)
(447.0,447.0)
(447.0,447.0)
(447.0,447.0)
(447.0,447.0)
(455.0,447.0)
(447.0,447.0)
(447.0,447.0)
(447.0,447.0)
(447.0,447.0)
(447.0,447.0)
(447.0,447.0)
(447.0,447.0)
(447.0,447.0)
(447.0,447.0)
(447.0,447.0)
(447.0,447.0)
(447.0,447.0)
(447.0,447.0)
(455.0,447.0)
(447.0,447.0)
(455.0,447.0)
(447.0,447.0)
(447.0,447.0)
(447.0,447.0)
(455.0,447.0)
(447.0,447.0)
(447.0,447.0)
(455.0,447.0)
(447.0,447.0)
(447.0,447.0)
(447.0,447.0)
(447.0,447.0)
(455.0,447.0)
(445.0,794.0)
(445.0,794.0)
(446.0,794.0)
(464.0,794.0)
(448.0,794.0)
(464.0,794.0)
(460.0,794.0)
(464.0,794.0)
(445.0,794.0)
(464.0,794.0)
(444.0,794.0)
(445.0,794.0)
(444.0,794.0)
(445.0,794.0)
(451.0,794.0)
(460.0,794.0)
(445.0,794.0)
(464.0,794.0)
(445.0,794.0)
(464.0,794.0)
(452.0,794.0)
(448.0,794.0)
(464.0,794.0)
(460.0,794.0)
(460.0,794.0)
(444.0,794.0)
(464.0,794.0)
(460.0,794.0)
(464.0,794.0)
(464.0,794.0)
(460.0,794.0)
(444.0,794.0)
(594.0,794.0)
(460.0,794.0)
(445.0,794.0)
(445.0,794.0)
(444.0,794.0)
(445.0,794.0)
(445.0,794.0)
(445.0,794.0)
(445.0,794.0)
(444.0,794.0)
(444.0,794.0)
(464.0,794.0)
(444.0,794.0)
(464.0,794.0)
(460.0,794.0)
(460.0,794.0)
(461.0,794.0)
(464.0,794.0)
(444.0,794.0)
(446.0,794.0)
(444.0,794.0)
(464.0,794.0)
(464.0,794.0)
(799.0,794.0)
(460.0,794.0)
(461.0,794.0)
(444.0,794.0)
(444.0,794.0)
(445.0,794.0)
(445.0,794.0)
(445.0,794.0)
(464.0,794.0)
(460.0,794.0)
(445.0,794.0)
(460.0,794.0)
(446.0,794.0)
(460.0,794.0)
(445.0,794.0)
(771.0,794.0)
(445.0,794.0)
(464.0,794.0)
(446.0,794.0)
(464.0,794.0)
(448.0,794.0)
(445.0,794.0)
(445.0,794.0)
(464.0,794.0)
(445.0,794.0)
(460.0,794.0)
(446.0,794.0)
(448.0,794.0)
(451.0,794.0)
(464.0,794.0)
(464.0,794.0)
(464.0,794.0)
(448.0,794.0)
(464.0,794.0)
(464.0,794.0)
(445.0,794.0)
(757.0,794.0)
(460.0,794.0)
(446.0,794.0)
(445.0,794.0)
(445.0,794.0)
(444.0,794.0)
(464.0,794.0)
(460.0,794.0)
(464.0,794.0)
(460.0,794.0)
(445.0,794.0)
(464.0,794.0)
(461.0,794.0)
(464.0,794.0)
(445.0,794.0)
(461.0,794.0)
(445.0,794.0)
(446.0,794.0)
(445.0,794.0)
(460.0,794.0)
(460.0,794.0)
(444.0,794.0)
(444.0,794.0)
(460.0,794.0)
(451.0,794.0)
(446.0,794.0)
(460.0,794.0)
(460.0,794.0)
(460.0,794.0)
(444.0,794.0)
(446.0,794.0)
(460.0,794.0)
(445.0,794.0)
(464.0,794.0)
(464.0,794.0)
(446.0,794.0)
(444.0,794.0)
(464.0,794.0)
(460.0,794.0)
(464.0,794.0)
(445.0,794.0)
(444.0,794.0)
(464.0,794.0)
(446.0,794.0)
(460.0,794.0)
(464.0,794.0)
(445.0,794.0)
(445.0,794.0)
(444.0,794.0)
(445.0,794.0)
(444.0,794.0)
(448.0,794.0)
(464.0,794.0)
(448.0,794.0)
(448.0,794.0)
(445.0,794.0)
(444.0,794.0)
(460.0,794.0)
(460.0,794.0)
(446.0,794.0)
(445.0,794.0)
(448.0,794.0)
(446.0,794.0)
(446.0,794.0)
(464.0,794.0)
(464.0,794.0)
(445.0,794.0)
(460.0,794.0)
(444.0,794.0)
(464.0,794.0)
(466.0,794.0)
(464.0,794.0)
(445.0,794.0)
(464.0,794.0)
(444.0,794.0)
(460.0,794.0)
(464.0,794.0)
(461.0,794.0)
(464.0,794.0)
(451.0,794.0)
(445.0,794.0)
(444.0,794.0)
(460.0,794.0)
(464.0,794.0)
(464.0,794.0)
(460.0,794.0)
(445.0,794.0)
(464.0,794.0)
(464.0,794.0)
(460.0,794.0)
(464.0,794.0)
(444.0,794.0)
(464.0,794.0)
(446.0,794.0)
(460.0,794.0)
(446.0,794.0)
(464.0,794.0)
(445.0,794.0)
(445.0,794.0)
(445.0,794.0)
(460.0,794.0)
(464.0,794.0)
(444.0,794.0)
(794.0,795.0)
(449.0,795.0)
(464.0,795.0)
(798.0,795.0)
(449.0,795.0)
(449.0,795.0)
(449.0,795.0)
(798.0,795.0)
(449.0,795.0)
(461.0,795.0)
(450.0,795.0)
(798.0,795.0)
(794.0,795.0)
(794.0,795.0)
(794.0,795.0)
(794.0,795.0)
(798.0,795.0)
(466.0,795.0)
(386.0,795.0)
(794.0,795.0)
(798.0,795.0)
(794.0,795.0)
(522.0,795.0)
(794.0,795.0)
(794.0,795.0)
(798.0,795.0)
(794.0,795.0)
(794.0,795.0)
(449.0,795.0)
(794.0,795.0)
(461.0,795.0)
(450.0,795.0)
(450.0,795.0)
(794.0,795.0)
(798.0,795.0)
(460.0,795.0)
(446.0,795.0)
(798.0,795.0)
(771.0,795.0)
(798.0,795.0)
(449.0,795.0)
(794.0,795.0)
(794.0,795.0)
(794.0,795.0)
(794.0,795.0)
(794.0,795.0)
(450.0,795.0)
(799.0,795.0)
(794.0,795.0)
(794.0,795.0)
(794.0,795.0)
(386.0,795.0)
(794.0,795.0)
(794.0,795.0)
(794.0,795.0)
(794.0,795.0)
(449.0,795.0)
(449.0,795.0)
(450.0,795.0)
(794.0,795.0)
(798.0,795.0)
(794.0,795.0)
(794.0,795.0)
(798.0,795.0)
(450.0,795.0)
(798.0,795.0)
(794.0,795.0)
(798.0,795.0)
(794.0,795.0)
(798.0,795.0)
(798.0,795.0)
(794.0,795.0)
(798.0,795.0)
(794.0,795.0)
(466.0,795.0)
(794.0,795.0)
(460.0,795.0)
(450.0,795.0)
(794.0,795.0)
(460.0,795.0)
(794.0,795.0)
(450.0,795.0)
(798.0,795.0)
(794.0,795.0)
(798.0,795.0)
(794.0,795.0)
(798.0,795.0)
(794.0,795.0)
(449.0,795.0)
(452.0,795.0)
(794.0,795.0)
(798.0,795.0)
(798.0,795.0)
(794.0,795.0)
(450.0,795.0)
(455.0,795.0)
(794.0,795.0)
(794.0,795.0)
(464.0,795.0)
(798.0,795.0)
(449.0,795.0)
(794.0,795.0)
(445.0,795.0)
(798.0,795.0)
(794.0,795.0)
(466.0,795.0)
(449.0,795.0)
(452.0,795.0)
(450.0,795.0)
(449.0,795.0)
(449.0,795.0)
(798.0,795.0)
(794.0,795.0)
(794.0,795.0)
(794.0,795.0)
(450.0,795.0)
(794.0,795.0)
(798.0,795.0)
(449.0,795.0)
(450.0,795.0)
(449.0,795.0)
(794.0,795.0)
(794.0,795.0)
(794.0,795.0)
(450.0,795.0)
(466.0,795.0)
(450.0,795.0)
(450.0,795.0)
(798.0,795.0)
(794.0,795.0)
(445.0,795.0)
(798.0,795.0)
(798.0,795.0)
(798.0,795.0)
(794.0,795.0)
(794.0,795.0)
(794.0,795.0)
(798.0,795.0)
(798.0,795.0)
(798.0,795.0)
(449.0,795.0)
(794.0,795.0)
(794.0,795.0)
(449.0,795.0)
(794.0,795.0)
(794.0,795.0)
(450.0,795.0)
(794.0,795.0)
(798.0,795.0)
(445.0,795.0)
(461.0,795.0)
(798.0,795.0)
(445.0,795.0)
(445.0,795.0)
(794.0,795.0)
(794.0,795.0)
(460.0,795.0)
(798.0,795.0)
(450.0,795.0)
(794.0,795.0)
(794.0,795.0)
(450.0,795.0)
(794.0,795.0)
(450.0,795.0)
(450.0,795.0)
(798.0,795.0)
(450.0,795.0)
(794.0,795.0)
(448.0,795.0)
(798.0,795.0)
(794.0,795.0)
(798.0,795.0)
(794.0,795.0)
(798.0,795.0)
(794.0,795.0)
(798.0,795.0)
(794.0,795.0)
(450.0,795.0)
(798.0,795.0)
(798.0,795.0)
(446.0,795.0)
(450.0,795.0)
(449.0,795.0)
(449.0,795.0)
(794.0,795.0)
(461.0,795.0)
(460.0,795.0)
(794.0,795.0)
(449.0,795.0)
(794.0,795.0)
(466.0,795.0)
(451.0,795.0)
(798.0,795.0)
(798.0,796.0)
(798.0,796.0)
(798.0,796.0)
(452.0,796.0)
(798.0,796.0)
(798.0,796.0)
(798.0,796.0)
(798.0,796.0)
(798.0,796.0)
(798.0,796.0)
(798.0,796.0)
(798.0,796.0)
(798.0,796.0)
(798.0,796.0)
(402.0,796.0)
(452.0,796.0)
(798.0,796.0)
(448.0,796.0)
(798.0,796.0)
(798.0,796.0)
(798.0,796.0)
(798.0,796.0)
(798.0,796.0)
(452.0,796.0)
(798.0,796.0)
(798.0,796.0)
(798.0,796.0)
(798.0,796.0)
(798.0,796.0)
(798.0,796.0)
(445.0,796.0)
(798.0,796.0)
(798.0,796.0)
(798.0,796.0)
(798.0,796.0)
(798.0,796.0)
(798.0,796.0)
(798.0,796.0)
(455.0,796.0)
(798.0,796.0)
(798.0,796.0)
(798.0,796.0)
(798.0,796.0)
(798.0,796.0)
(798.0,796.0)
(447.0,796.0)
(393.0,796.0)
(393.0,796.0)
(771.0,796.0)
(798.0,796.0)
(445.0,796.0)
(798.0,796.0)
(798.0,796.0)
(798.0,796.0)
(798.0,796.0)
(798.0,796.0)
(448.0,796.0)
(798.0,796.0)
(798.0,796.0)
(798.0,796.0)
(771.0,796.0)
(798.0,796.0)
(452.0,796.0)
(452.0,796.0)
(452.0,796.0)
(798.0,796.0)
(798.0,796.0)
(798.0,796.0)
(798.0,796.0)
(798.0,796.0)
(798.0,796.0)
(798.0,796.0)
(771.0,796.0)
(798.0,796.0)
(798.0,796.0)
(798.0,796.0)
(794.0,796.0)
(798.0,796.0)
(798.0,796.0)
(798.0,796.0)
(798.0,796.0)
(798.0,796.0)
(452.0,796.0)
(452.0,796.0)
(798.0,796.0)
(798.0,796.0)
(798.0,796.0)
(798.0,796.0)
(798.0,796.0)
(798.0,796.0)
(798.0,796.0)
(798.0,796.0)
(798.0,796.0)
(798.0,796.0)
(798.0,796.0)
(798.0,796.0)
(798.0,796.0)
(448.0,796.0)
(798.0,796.0)
(798.0,796.0)
(771.0,796.0)
(798.0,796.0)
(798.0,796.0)
(798.0,796.0)
(798.0,796.0)
(798.0,796.0)
(798.0,796.0)
(798.0,796.0)
(798.0,796.0)
(798.0,796.0)
(464.0,796.0)
(798.0,796.0)
(452.0,796.0)
(798.0,796.0)
(798.0,796.0)
