(43.0,38.0)
(43.0,38.0)
(37.0,38.0)
(771.0,38.0)
(38.0,38.0)
(37.0,38.0)
(412.0,38.0)
(37.0,38.0)
(44.0,38.0)
(38.0,38.0)
(38.0,38.0)
(38.0,38.0)
(38.0,38.0)
(38.0,38.0)
(2.0,38.0)
(786.0,38.0)
(525.0,38.0)
(309.0,38.0)
(43.0,38.0)
(37.0,38.0)
(38.0,38.0)
(38.0,38.0)
(37.0,38.0)
(38.0,38.0)
(39.0,38.0)
(479.0,38.0)
(532.0,38.0)
(37.0,38.0)
(479.0,38.0)
(473.0,38.0)
(38.0,38.0)
(38.0,38.0)
(771.0,38.0)
(479.0,38.0)
(37.0,38.0)
(37.0,38.0)
(34.0,38.0)
(2.0,38.0)
(421.0,38.0)
(412.0,38.0)
(37.0,38.0)
(38.0,38.0)
(459.0,38.0)
(38.0,38.0)
(37.0,38.0)
(527.0,38.0)
(38.0,38.0)
(459.0,38.0)
(37.0,38.0)
(527.0,38.0)
(38.0,38.0)
(38.0,38.0)
(806.0,38.0)
(37.0,38.0)
(43.0,38.0)
(37.0,38.0)
(37.0,38.0)
(38.0,38.0)
(38.0,38.0)
(417.0,38.0)
(38.0,38.0)
(771.0,38.0)
(44.0,38.0)
(421.0,38.0)
(395.0,38.0)
(38.0,38.0)
(44.0,38.0)
(38.0,38.0)
(43.0,38.0)
(38.0,38.0)
(38.0,38.0)
(38.0,38.0)
(38.0,38.0)
(43.0,38.0)
(38.0,38.0)
(38.0,38.0)
(37.0,38.0)
(37.0,38.0)
(37.0,38.0)
(38.0,38.0)
(38.0,38.0)
(37.0,38.0)
(38.0,38.0)
(38.0,38.0)
(38.0,38.0)
(38.0,38.0)
(38.0,38.0)
(287.0,38.0)
(37.0,38.0)
(447.0,38.0)
(525.0,38.0)
(38.0,38.0)
(45.0,38.0)
(38.0,38.0)
(522.0,38.0)
(38.0,38.0)
(37.0,38.0)
(37.0,38.0)
(38.0,38.0)
(40.0,38.0)
(38.0,38.0)
(427.0,38.0)
(37.0,38.0)
(527.0,38.0)
(37.0,38.0)
(355.0,38.0)
(38.0,38.0)
(37.0,38.0)
(38.0,38.0)
(36.0,38.0)
(354.0,38.0)
(581.0,38.0)
(38.0,38.0)
(38.0,38.0)
(38.0,38.0)
(38.0,38.0)
(38.0,38.0)
(38.0,38.0)
(37.0,38.0)
(37.0,38.0)
(38.0,38.0)
(15.0,38.0)
(40.0,38.0)
(37.0,38.0)
(38.0,38.0)
(37.0,38.0)
(38.0,38.0)
(38.0,38.0)
(354.0,38.0)
(37.0,38.0)
(42.0,38.0)
(38.0,38.0)
(38.0,38.0)
(435.0,38.0)
(37.0,38.0)
(38.0,38.0)
(38.0,38.0)
(37.0,38.0)
(37.0,38.0)
(37.0,38.0)
(38.0,38.0)
(37.0,38.0)
(459.0,38.0)
(525.0,38.0)
(38.0,38.0)
(417.0,38.0)
(395.0,38.0)
(484.0,38.0)
(38.0,38.0)
(417.0,38.0)
(38.0,38.0)
(527.0,38.0)
(38.0,38.0)
(38.0,38.0)
(37.0,38.0)
(38.0,38.0)
(38.0,38.0)
(37.0,38.0)
(427.0,38.0)
(2.0,38.0)
(37.0,38.0)
(37.0,38.0)
(38.0,38.0)
(38.0,38.0)
(38.0,38.0)
(528.0,38.0)
(38.0,38.0)
(37.0,38.0)
(38.0,38.0)
(43.0,38.0)
(455.0,38.0)
(37.0,38.0)
(37.0,38.0)
(38.0,38.0)
(33.0,38.0)
(519.0,38.0)
(42.0,38.0)
(38.0,38.0)
(38.0,38.0)
(37.0,38.0)
(40.0,38.0)
(463.0,38.0)
(45.0,38.0)
(37.0,38.0)
(530.0,38.0)
(37.0,38.0)
(38.0,38.0)
(38.0,38.0)
(38.0,38.0)
(38.0,38.0)
(38.0,38.0)
(37.0,38.0)
(447.0,38.0)
(38.0,38.0)
(38.0,38.0)
(37.0,38.0)
(38.0,38.0)
(527.0,38.0)
(38.0,38.0)
(38.0,38.0)
(38.0,38.0)
(37.0,38.0)
(37.0,38.0)
(37.0,38.0)
(38.0,38.0)
(38.0,38.0)
(37.0,38.0)
(37.0,38.0)
(37.0,38.0)
(38.0,38.0)
(447.0,38.0)
(525.0,38.0)
(38.0,38.0)
(38.0,38.0)
(37.0,38.0)
(38.0,38.0)
(38.0,38.0)
(38.0,38.0)
(38.0,38.0)
(38.0,38.0)
(38.0,38.0)
(37.0,38.0)
(743.0,38.0)
(38.0,38.0)
(527.0,38.0)
(38.0,38.0)
(37.0,38.0)
(37.0,38.0)
(37.0,38.0)
(38.0,38.0)
(38.0,38.0)
(356.0,38.0)
(37.0,38.0)
(38.0,38.0)
(37.0,38.0)
(37.0,38.0)
(37.0,38.0)
(581.0,38.0)
(525.0,38.0)
(37.0,38.0)
(37.0,38.0)
(38.0,38.0)
(37.0,38.0)
(38.0,38.0)
(37.0,38.0)
(455.0,38.0)
(37.0,38.0)
(38.0,38.0)
(38.0,38.0)
(38.0,38.0)
(447.0,38.0)
(37.0,38.0)
(38.0,38.0)
(471.0,38.0)
(38.0,38.0)
(447.0,38.0)
(37.0,38.0)
(527.0,38.0)
(37.0,38.0)
(43.0,38.0)
(37.0,38.0)
(302.0,38.0)
(417.0,38.0)
(37.0,38.0)
(37.0,38.0)
(38.0,38.0)
(37.0,38.0)
(37.0,38.0)
(38.0,38.0)
(37.0,38.0)
(43.0,38.0)
(37.0,38.0)
(38.0,38.0)
(441.0,38.0)
(38.0,38.0)
(37.0,38.0)
(530.0,38.0)
(38.0,38.0)
(37.0,38.0)
(38.0,38.0)
(37.0,38.0)
(37.0,38.0)
(38.0,38.0)
(38.0,38.0)
(525.0,38.0)
(525.0,38.0)
(37.0,38.0)
(525.0,38.0)
(38.0,38.0)
(38.0,38.0)
(455.0,38.0)
(396.0,38.0)
(527.0,38.0)
(38.0,38.0)
(37.0,38.0)
(37.0,38.0)
(38.0,38.0)
(38.0,38.0)
(38.0,38.0)
(38.0,38.0)
(37.0,38.0)
(37.0,38.0)
(396.0,38.0)
(484.0,38.0)
(38.0,38.0)
(38.0,38.0)
(38.0,38.0)
(38.0,38.0)
(38.0,38.0)
(38.0,38.0)
(38.0,38.0)
(37.0,38.0)
(38.0,38.0)
(37.0,38.0)
(38.0,38.0)
(38.0,38.0)
(743.0,38.0)
(38.0,38.0)
(38.0,38.0)
(38.0,38.0)
(30.0,38.0)
(37.0,38.0)
(38.0,38.0)
(37.0,38.0)
(38.0,38.0)
(39.0,38.0)
(37.0,38.0)
(37.0,38.0)
(38.0,38.0)
(44.0,38.0)
(38.0,38.0)
(38.0,38.0)
(38.0,38.0)
(38.0,38.0)
(38.0,38.0)
(37.0,38.0)
(804.0,38.0)
(38.0,38.0)
(455.0,38.0)
(447.0,38.0)
(37.0,38.0)
(38.0,38.0)
(38.0,38.0)
(38.0,38.0)
(417.0,38.0)
(38.0,38.0)
(37.0,38.0)
(525.0,38.0)
(38.0,38.0)
(37.0,38.0)
(38.0,38.0)
(455.0,38.0)
(38.0,38.0)
(38.0,38.0)
(37.0,38.0)
(37.0,38.0)
(38.0,38.0)
(37.0,38.0)
(37.0,38.0)
(37.0,38.0)
(38.0,38.0)
(38.0,38.0)
(417.0,38.0)
(447.0,38.0)
(37.0,38.0)
(33.0,38.0)
(37.0,38.0)
(38.0,38.0)
(38.0,38.0)
(37.0,38.0)
(38.0,38.0)
(37.0,38.0)
(19.0,38.0)
(567.0,38.0)
(43.0,38.0)
(38.0,38.0)
(37.0,38.0)
(37.0,38.0)
(381.0,38.0)
(37.0,38.0)
(37.0,38.0)
(38.0,38.0)
(37.0,38.0)
(447.0,38.0)
(38.0,38.0)
(527.0,38.0)
(527.0,38.0)
(526.0,38.0)
(526.0,38.0)
(526.0,38.0)
(527.0,38.0)
(527.0,38.0)
(526.0,38.0)
(527.0,38.0)
(527.0,38.0)
(527.0,38.0)
(527.0,38.0)
(526.0,38.0)
(527.0,38.0)
(527.0,38.0)
(527.0,38.0)
(526.0,38.0)
(526.0,38.0)
(527.0,38.0)
(527.0,38.0)
(526.0,38.0)
(526.0,38.0)
(526.0,38.0)
(527.0,38.0)
(527.0,38.0)
(527.0,38.0)
(38.0,38.0)
(38.0,38.0)
(38.0,38.0)
(38.0,38.0)
(38.0,38.0)
(38.0,38.0)
(38.0,38.0)
(38.0,38.0)
(38.0,38.0)
(38.0,38.0)
(38.0,38.0)
(38.0,38.0)
(38.0,38.0)
(38.0,38.0)
(38.0,38.0)
(38.0,38.0)
(38.0,38.0)
(38.0,38.0)
(38.0,38.0)
(38.0,38.0)
(38.0,38.0)
(38.0,38.0)
(38.0,38.0)
(38.0,38.0)
(38.0,38.0)
(38.0,38.0)
(38.0,38.0)
(38.0,38.0)
(38.0,38.0)
(38.0,38.0)
(38.0,38.0)
(38.0,38.0)
(38.0,38.0)
(38.0,38.0)
(38.0,38.0)
(38.0,38.0)
(38.0,38.0)
(38.0,38.0)
(38.0,38.0)
(38.0,38.0)
(38.0,38.0)
(38.0,38.0)
(38.0,38.0)
(38.0,38.0)
(38.0,38.0)
(38.0,38.0)
(38.0,38.0)
(38.0,38.0)
(38.0,38.0)
(38.0,38.0)
(38.0,38.0)
(38.0,38.0)
(38.0,38.0)
(38.0,38.0)
(38.0,38.0)
(38.0,38.0)
(38.0,38.0)
(38.0,38.0)
(38.0,38.0)
(38.0,38.0)
(38.0,38.0)
(38.0,38.0)
(38.0,38.0)
(38.0,38.0)
(38.0,38.0)
(38.0,38.0)
(38.0,38.0)
(38.0,38.0)
(38.0,38.0)
(38.0,38.0)
(38.0,38.0)
(38.0,38.0)
(38.0,38.0)
(38.0,38.0)
(38.0,38.0)
(38.0,38.0)
(38.0,38.0)
(38.0,38.0)
(38.0,38.0)
(38.0,38.0)
(38.0,38.0)
(38.0,38.0)
(38.0,38.0)
(38.0,38.0)
(38.0,38.0)
(38.0,38.0)
(38.0,38.0)
(38.0,38.0)
(38.0,38.0)
(38.0,38.0)
(38.0,38.0)
(38.0,38.0)
(38.0,38.0)
(38.0,38.0)
(38.0,38.0)
(38.0,38.0)
(38.0,38.0)
(38.0,38.0)
(38.0,38.0)
(38.0,38.0)
(38.0,38.0)
(38.0,38.0)
(38.0,38.0)
(38.0,38.0)
(38.0,38.0)
(38.0,38.0)
(38.0,38.0)
(38.0,38.0)
(38.0,38.0)
(38.0,38.0)
(38.0,38.0)
(38.0,38.0)
(38.0,38.0)
(38.0,38.0)
(38.0,38.0)
(38.0,38.0)
(38.0,38.0)
(38.0,38.0)
(38.0,38.0)
(38.0,38.0)
(38.0,38.0)
(38.0,38.0)
(38.0,38.0)
(38.0,38.0)
(38.0,38.0)
(38.0,38.0)
(38.0,38.0)
(38.0,38.0)
(38.0,38.0)
(38.0,38.0)
(38.0,38.0)
(38.0,38.0)
(38.0,38.0)
(38.0,38.0)
(38.0,38.0)
(38.0,38.0)
(38.0,38.0)
(38.0,38.0)
(38.0,38.0)
(38.0,38.0)
(38.0,38.0)
(38.0,38.0)
(38.0,38.0)
(38.0,38.0)
(38.0,38.0)
(38.0,38.0)
(38.0,38.0)
(38.0,38.0)
(38.0,38.0)
(38.0,38.0)
(38.0,38.0)
(38.0,38.0)
(38.0,38.0)
(38.0,38.0)
(38.0,38.0)
(38.0,38.0)
(38.0,38.0)
(38.0,38.0)
(38.0,38.0)
(38.0,38.0)
(38.0,38.0)
(38.0,38.0)
(38.0,38.0)
(38.0,38.0)
(38.0,38.0)
(38.0,38.0)
(38.0,38.0)
(38.0,38.0)
(38.0,38.0)
(38.0,38.0)
(38.0,38.0)
(38.0,38.0)
(38.0,38.0)
(38.0,38.0)
(38.0,38.0)
(38.0,38.0)
(38.0,38.0)
(38.0,38.0)
(38.0,38.0)
(38.0,38.0)
(38.0,38.0)
(38.0,38.0)
(38.0,38.0)
(38.0,38.0)
(38.0,38.0)
(38.0,38.0)
(38.0,38.0)
(38.0,38.0)
(38.0,38.0)
(38.0,38.0)
(38.0,38.0)
(38.0,38.0)
(38.0,38.0)
(38.0,38.0)
(38.0,38.0)
(38.0,38.0)
(38.0,38.0)
(38.0,38.0)
(38.0,38.0)
(38.0,38.0)
(738.0,38.0)
(38.0,38.0)
(43.0,38.0)
(38.0,38.0)
(38.0,38.0)
(448.0,38.0)
(44.0,38.0)
(38.0,38.0)
(38.0,38.0)
(45.0,38.0)
(413.0,38.0)
(37.0,38.0)
(42.0,38.0)
(37.0,38.0)
(38.0,38.0)
(37.0,38.0)
(367.0,38.0)
(427.0,38.0)
(37.0,38.0)
(350.0,38.0)
(525.0,38.0)
(427.0,38.0)
(37.0,38.0)
(771.0,38.0)
(43.0,38.0)
(38.0,38.0)
(37.0,38.0)
(37.0,38.0)
(40.0,38.0)
(38.0,38.0)
(44.0,38.0)
(427.0,38.0)
(527.0,38.0)
(785.0,38.0)
(442.0,38.0)
(356.0,38.0)
(525.0,38.0)
(368.0,38.0)
(38.0,38.0)
(38.0,38.0)
(43.0,38.0)
(38.0,38.0)
(37.0,38.0)
(527.0,38.0)
(2.0,38.0)
(531.0,38.0)
(525.0,38.0)
(442.0,38.0)
(525.0,38.0)
(38.0,38.0)
(38.0,38.0)
(452.0,38.0)
(37.0,38.0)
(38.0,38.0)
(38.0,38.0)
(39.0,38.0)
(37.0,38.0)
(37.0,38.0)
(37.0,38.0)
(396.0,38.0)
(38.0,38.0)
(45.0,38.0)
(37.0,38.0)
(405.0,38.0)
(38.0,38.0)
(38.0,38.0)
(37.0,38.0)
(38.0,38.0)
(38.0,38.0)
(38.0,38.0)
(38.0,38.0)
(431.0,38.0)
(422.0,38.0)
(38.0,38.0)
(38.0,38.0)
(37.0,38.0)
(40.0,38.0)
(38.0,38.0)
(483.0,38.0)
(38.0,38.0)
(45.0,38.0)
(2.0,38.0)
(771.0,38.0)
(771.0,38.0)
(771.0,38.0)
(771.0,38.0)
(37.0,38.0)
(38.0,38.0)
(45.0,38.0)
(43.0,38.0)
(38.0,38.0)
(522.0,38.0)
(38.0,38.0)
(43.0,38.0)
(102.0,38.0)
(38.0,38.0)
(464.0,38.0)
(530.0,38.0)
(475.0,38.0)
(38.0,38.0)
(381.0,38.0)
(37.0,38.0)
(38.0,38.0)
(38.0,38.0)
(37.0,38.0)
(38.0,38.0)
(38.0,38.0)
(45.0,38.0)
(771.0,38.0)
(42.0,38.0)
(45.0,38.0)
(405.0,38.0)
(771.0,38.0)
(44.0,38.0)
(38.0,38.0)
(45.0,38.0)
(527.0,38.0)
(40.0,38.0)
(37.0,38.0)
(45.0,38.0)
(43.0,38.0)
(44.0,38.0)
(38.0,38.0)
(738.0,38.0)
(37.0,38.0)
(40.0,38.0)
(417.0,38.0)
(36.0,38.0)
(45.0,38.0)
(31.0,38.0)
(38.0,38.0)
(398.0,38.0)
(38.0,38.0)
(525.0,38.0)
(37.0,38.0)
(37.0,38.0)
(530.0,38.0)
(381.0,38.0)
(525.0,38.0)
(37.0,38.0)
(37.0,38.0)
(38.0,38.0)
(38.0,38.0)
(33.0,38.0)
(771.0,38.0)
(44.0,38.0)
(38.0,38.0)
(38.0,38.0)
(38.0,38.0)
(44.0,38.0)
(38.0,38.0)
(522.0,38.0)
(37.0,38.0)
(527.0,38.0)
(43.0,38.0)
(46.0,38.0)
(38.0,38.0)
(38.0,38.0)
(44.0,38.0)
(38.0,38.0)
(38.0,38.0)
(38.0,38.0)
(37.0,38.0)
(40.0,38.0)
(37.0,38.0)
(771.0,38.0)
(33.0,38.0)
(435.0,38.0)
(484.0,38.0)
(367.0,38.0)
(38.0,38.0)
(43.0,38.0)
(484.0,38.0)
(38.0,38.0)
(40.0,38.0)
(37.0,38.0)
(37.0,38.0)
(373.0,38.0)
(686.0,38.0)
(527.0,38.0)
(527.0,38.0)
(527.0,38.0)
(527.0,38.0)
(527.0,38.0)
(527.0,38.0)
(527.0,38.0)
(525.0,38.0)
(37.0,38.0)
(527.0,38.0)
(527.0,38.0)
(527.0,38.0)
(527.0,38.0)
(37.0,38.0)
(37.0,38.0)
(527.0,38.0)
(527.0,38.0)
(527.0,38.0)
(527.0,38.0)
(527.0,38.0)
(527.0,38.0)
(527.0,38.0)
(527.0,38.0)
(527.0,38.0)
(527.0,38.0)
(527.0,38.0)
(527.0,38.0)
(527.0,38.0)
(527.0,38.0)
(527.0,38.0)
(527.0,38.0)
(527.0,38.0)
(527.0,38.0)
(527.0,38.0)
(527.0,38.0)
(527.0,38.0)
(527.0,38.0)
(527.0,38.0)
(527.0,38.0)
(527.0,38.0)
(527.0,38.0)
(527.0,38.0)
(527.0,38.0)
(527.0,38.0)
(527.0,38.0)
(527.0,38.0)
(527.0,38.0)
(527.0,38.0)
(527.0,38.0)
(527.0,38.0)
(37.0,38.0)
(527.0,38.0)
(37.0,38.0)
(527.0,38.0)
(527.0,38.0)
(37.0,38.0)
(527.0,38.0)
(527.0,38.0)
(527.0,38.0)
(527.0,38.0)
(527.0,38.0)
(525.0,38.0)
(527.0,38.0)
(37.0,38.0)
(38.0,38.0)
(38.0,38.0)
(527.0,38.0)
(527.0,38.0)
(38.0,38.0)
(38.0,38.0)
(527.0,38.0)
(527.0,38.0)
(38.0,38.0)
(38.0,38.0)
(38.0,38.0)
(38.0,38.0)
(38.0,38.0)
(38.0,38.0)
(38.0,38.0)
(38.0,38.0)
(38.0,38.0)
(38.0,38.0)
(527.0,38.0)
(38.0,38.0)
(38.0,38.0)
(38.0,38.0)
(38.0,38.0)
(38.0,38.0)
(38.0,38.0)
(38.0,38.0)
(527.0,38.0)
(527.0,38.0)
(38.0,38.0)
(38.0,38.0)
(38.0,38.0)
(38.0,38.0)
(527.0,38.0)
(38.0,38.0)
(38.0,38.0)
(38.0,38.0)
(38.0,38.0)
(38.0,38.0)
(38.0,38.0)
(38.0,38.0)
(38.0,38.0)
(38.0,38.0)
(38.0,38.0)
(538.0,38.0)
(538.0,38.0)
(38.0,38.0)
(38.0,38.0)
(38.0,38.0)
(38.0,38.0)
(527.0,38.0)
(38.0,38.0)
(38.0,38.0)
(38.0,38.0)
(538.0,38.0)
(38.0,38.0)
(527.0,38.0)
(38.0,38.0)
(38.0,38.0)
(538.0,38.0)
(38.0,38.0)
(38.0,38.0)
(527.0,38.0)
(38.0,38.0)
(38.0,38.0)
(38.0,38.0)
(38.0,38.0)
(38.0,38.0)
(527.0,38.0)
(538.0,38.0)
(527.0,38.0)
(38.0,38.0)
(38.0,38.0)
(38.0,38.0)
(38.0,38.0)
(38.0,38.0)
(527.0,38.0)
(38.0,38.0)
(38.0,38.0)
(527.0,38.0)
(455.0,38.0)
(38.0,38.0)
(37.0,38.0)
(527.0,38.0)
(527.0,38.0)
(43.0,38.0)
(771.0,38.0)
(525.0,38.0)
(455.0,38.0)
(38.0,38.0)
(37.0,38.0)
(38.0,38.0)
(37.0,38.0)
(37.0,38.0)
(527.0,38.0)
(351.0,38.0)
(37.0,38.0)
(37.0,38.0)
(455.0,38.0)
(447.0,38.0)
(38.0,38.0)
(38.0,38.0)
(38.0,38.0)
(447.0,38.0)
(37.0,38.0)
(435.0,38.0)
(447.0,38.0)
(37.0,38.0)
(38.0,38.0)
(36.0,38.0)
(37.0,38.0)
(37.0,38.0)
(37.0,38.0)
(528.0,38.0)
(38.0,38.0)
(455.0,38.0)
(455.0,38.0)
(37.0,38.0)
(38.0,38.0)
(447.0,38.0)
(447.0,38.0)
(38.0,38.0)
(37.0,38.0)
(38.0,38.0)
(37.0,38.0)
(37.0,38.0)
(455.0,38.0)
(740.0,38.0)
(455.0,38.0)
(38.0,38.0)
(38.0,38.0)
(37.0,38.0)
(45.0,38.0)
(455.0,38.0)
(447.0,38.0)
(37.0,38.0)
(37.0,38.0)
(37.0,38.0)
(38.0,38.0)
(455.0,38.0)
(38.0,38.0)
(37.0,38.0)
(37.0,38.0)
(38.0,38.0)
(38.0,38.0)
(447.0,38.0)
(37.0,38.0)
(455.0,38.0)
(38.0,38.0)
(527.0,38.0)
(38.0,38.0)
(38.0,38.0)
(527.0,38.0)
(38.0,38.0)
(38.0,38.0)
(802.0,38.0)
(455.0,38.0)
(38.0,38.0)
(38.0,38.0)
(45.0,38.0)
(44.0,38.0)
(37.0,38.0)
(37.0,38.0)
(37.0,38.0)
(38.0,38.0)
(680.0,38.0)
(37.0,38.0)
(740.0,38.0)
(417.0,38.0)
(38.0,38.0)
(37.0,38.0)
(38.0,38.0)
(455.0,38.0)
(38.0,38.0)
(43.0,38.0)
(455.0,38.0)
(37.0,38.0)
(455.0,38.0)
(37.0,38.0)
(37.0,38.0)
(455.0,38.0)
(38.0,38.0)
(528.0,38.0)
(455.0,38.0)
(525.0,38.0)
(455.0,38.0)
(38.0,38.0)
(37.0,38.0)
(37.0,38.0)
(349.0,38.0)
(37.0,38.0)
(38.0,38.0)
(455.0,38.0)
(37.0,38.0)
(4.0,38.0)
(38.0,38.0)
(455.0,38.0)
(38.0,38.0)
(38.0,38.0)
(37.0,38.0)
(455.0,38.0)
(349.0,38.0)
(37.0,38.0)
(37.0,38.0)
(38.0,38.0)
(38.0,38.0)
(455.0,38.0)
(38.0,38.0)
(36.0,38.0)
(447.0,38.0)
(45.0,38.0)
(36.0,38.0)
(38.0,38.0)
(38.0,38.0)
(38.0,38.0)
(38.0,38.0)
(38.0,38.0)
(455.0,38.0)
(447.0,38.0)
(38.0,38.0)
(38.0,38.0)
(15.0,38.0)
(43.0,38.0)
(455.0,38.0)
(455.0,38.0)
(38.0,38.0)
(455.0,38.0)
(37.0,38.0)
(37.0,38.0)
(38.0,38.0)
(38.0,38.0)
(38.0,38.0)
(37.0,38.0)
(38.0,38.0)
(447.0,38.0)
(38.0,38.0)
(38.0,38.0)
(37.0,38.0)
(37.0,38.0)
(37.0,38.0)
(455.0,38.0)
(37.0,38.0)
(355.0,38.0)
(37.0,38.0)
(38.0,38.0)
(38.0,38.0)
(38.0,38.0)
(531.0,38.0)
(808.0,38.0)
(37.0,38.0)
(455.0,38.0)
(38.0,38.0)
(37.0,38.0)
(455.0,38.0)
(38.0,38.0)
(455.0,38.0)
(455.0,38.0)
(38.0,38.0)
(527.0,38.0)
(37.0,38.0)
(37.0,38.0)
(37.0,38.0)
(38.0,38.0)
(38.0,38.0)
(38.0,38.0)
(38.0,38.0)
(38.0,38.0)
(38.0,38.0)
(38.0,38.0)
(38.0,38.0)
(38.0,38.0)
(38.0,38.0)
(38.0,38.0)
(38.0,38.0)
(38.0,38.0)
(38.0,38.0)
(38.0,38.0)
(38.0,38.0)
(38.0,38.0)
(38.0,38.0)
(38.0,38.0)
(38.0,38.0)
(38.0,38.0)
(38.0,38.0)
(38.0,38.0)
(38.0,38.0)
(38.0,38.0)
(38.0,38.0)
(38.0,38.0)
(38.0,38.0)
(38.0,38.0)
(38.0,38.0)
(38.0,38.0)
(38.0,38.0)
(38.0,38.0)
(38.0,38.0)
(38.0,38.0)
(38.0,38.0)
(38.0,38.0)
(38.0,38.0)
(38.0,38.0)
(38.0,38.0)
(38.0,38.0)
(38.0,38.0)
(38.0,38.0)
(38.0,38.0)
(38.0,38.0)
(38.0,38.0)
(38.0,38.0)
(38.0,38.0)
(38.0,38.0)
(38.0,38.0)
(38.0,38.0)
(38.0,38.0)
(38.0,38.0)
(38.0,38.0)
(38.0,38.0)
(38.0,38.0)
(38.0,38.0)
(38.0,38.0)
(38.0,38.0)
(38.0,38.0)
(38.0,38.0)
(38.0,38.0)
(38.0,38.0)
(38.0,38.0)
(38.0,38.0)
(38.0,38.0)
(38.0,38.0)
(38.0,38.0)
(38.0,38.0)
(38.0,38.0)
(38.0,38.0)
(38.0,38.0)
(38.0,38.0)
(38.0,38.0)
(38.0,38.0)
(38.0,38.0)
(38.0,38.0)
(38.0,38.0)
(38.0,38.0)
(38.0,38.0)
(38.0,38.0)
(38.0,38.0)
(38.0,38.0)
(38.0,38.0)
(38.0,38.0)
(38.0,38.0)
(38.0,38.0)
(38.0,38.0)
(38.0,38.0)
(38.0,38.0)
(38.0,38.0)
(38.0,38.0)
(38.0,38.0)
(38.0,38.0)
(38.0,38.0)
(38.0,38.0)
(38.0,38.0)
(38.0,38.0)
(38.0,38.0)
(38.0,38.0)
(38.0,38.0)
(38.0,38.0)
(38.0,38.0)
(38.0,38.0)
(38.0,38.0)
(38.0,38.0)
(38.0,38.0)
(38.0,38.0)
(38.0,38.0)
(38.0,38.0)
(38.0,38.0)
(38.0,38.0)
(38.0,38.0)
(38.0,38.0)
(38.0,38.0)
(38.0,38.0)
(38.0,38.0)
(38.0,38.0)
(38.0,38.0)
(38.0,38.0)
(38.0,38.0)
(38.0,38.0)
(38.0,38.0)
(38.0,38.0)
(38.0,38.0)
(38.0,38.0)
(38.0,38.0)
(38.0,38.0)
(38.0,38.0)
(38.0,38.0)
(38.0,38.0)
(38.0,38.0)
(38.0,38.0)
(38.0,38.0)
(38.0,38.0)
(38.0,38.0)
(38.0,38.0)
(38.0,38.0)
(38.0,38.0)
(38.0,38.0)
(38.0,38.0)
(38.0,38.0)
(38.0,38.0)
(38.0,38.0)
(38.0,38.0)
(38.0,38.0)
(38.0,38.0)
(38.0,38.0)
(38.0,38.0)
(38.0,38.0)
(38.0,38.0)
(38.0,38.0)
(38.0,38.0)
(38.0,38.0)
(38.0,38.0)
(38.0,38.0)
(38.0,38.0)
(38.0,38.0)
(38.0,38.0)
(38.0,38.0)
(38.0,38.0)
(38.0,38.0)
(38.0,38.0)
(38.0,38.0)
(38.0,38.0)
(38.0,38.0)
(38.0,38.0)
(38.0,38.0)
(38.0,38.0)
(38.0,38.0)
(38.0,38.0)
(38.0,38.0)
(38.0,38.0)
(38.0,38.0)
(38.0,38.0)
(38.0,38.0)
(38.0,38.0)
(38.0,38.0)
(38.0,38.0)
(38.0,38.0)
(38.0,38.0)
(38.0,38.0)
(529.0,530.0)
(43.0,530.0)
(455.0,530.0)
(455.0,530.0)
(43.0,530.0)
(455.0,530.0)
(530.0,530.0)
(455.0,530.0)
(43.0,530.0)
(455.0,530.0)
(43.0,530.0)
(530.0,530.0)
(530.0,530.0)
(43.0,530.0)
(529.0,530.0)
(455.0,530.0)
(529.0,530.0)
(530.0,530.0)
(455.0,530.0)
(455.0,530.0)
(43.0,530.0)
(455.0,530.0)
(455.0,530.0)
(455.0,530.0)
(455.0,530.0)
(529.0,530.0)
(43.0,530.0)
(455.0,530.0)
(529.0,530.0)
(530.0,530.0)
(529.0,530.0)
(530.0,530.0)
(455.0,530.0)
(455.0,530.0)
(455.0,530.0)
(43.0,530.0)
(530.0,530.0)
(530.0,530.0)
(455.0,530.0)
(530.0,530.0)
(43.0,530.0)
(529.0,530.0)
(529.0,530.0)
(455.0,530.0)
(455.0,530.0)
(43.0,530.0)
(530.0,530.0)
(455.0,530.0)
(455.0,530.0)
(43.0,530.0)
(455.0,530.0)
(455.0,530.0)
(455.0,530.0)
(530.0,530.0)
(530.0,530.0)
(530.0,530.0)
(455.0,530.0)
(529.0,530.0)
(529.0,530.0)
(455.0,530.0)
(455.0,530.0)
(455.0,530.0)
(529.0,530.0)
(529.0,530.0)
(43.0,530.0)
(529.0,530.0)
(455.0,530.0)
(529.0,530.0)
(530.0,530.0)
(455.0,530.0)
(455.0,530.0)
(529.0,530.0)
(529.0,530.0)
(529.0,530.0)
(529.0,530.0)
(529.0,530.0)
(455.0,530.0)
(455.0,530.0)
(530.0,530.0)
(455.0,530.0)
(529.0,530.0)
(529.0,530.0)
(455.0,530.0)
(529.0,530.0)
(455.0,530.0)
(455.0,530.0)
(455.0,530.0)
(455.0,530.0)
(529.0,530.0)
(530.0,530.0)
(455.0,530.0)
(530.0,530.0)
(455.0,530.0)
(43.0,530.0)
(455.0,530.0)
(455.0,530.0)
(529.0,530.0)
(529.0,530.0)
(529.0,530.0)
(455.0,530.0)
(529.0,530.0)
(455.0,530.0)
(455.0,530.0)
(530.0,530.0)
(455.0,530.0)
(43.0,530.0)
(529.0,530.0)
(530.0,530.0)
(529.0,530.0)
(529.0,530.0)
(455.0,530.0)
(530.0,530.0)
(455.0,530.0)
(529.0,530.0)
(43.0,530.0)
(529.0,530.0)
(455.0,530.0)
(530.0,530.0)
(529.0,530.0)
(530.0,530.0)
(455.0,530.0)
(455.0,530.0)
(530.0,530.0)
(43.0,530.0)
(455.0,530.0)
(529.0,530.0)
(455.0,530.0)
(43.0,530.0)
(455.0,530.0)
(455.0,530.0)
(530.0,530.0)
(455.0,530.0)
(455.0,530.0)
(455.0,530.0)
(455.0,530.0)
(455.0,530.0)
(43.0,530.0)
(529.0,530.0)
(455.0,530.0)
(455.0,530.0)
(530.0,530.0)
(455.0,530.0)
(455.0,530.0)
(455.0,530.0)
(455.0,530.0)
(455.0,530.0)
(455.0,530.0)
(455.0,530.0)
(43.0,530.0)
(455.0,530.0)
(530.0,530.0)
(455.0,530.0)
(455.0,530.0)
(455.0,530.0)
(455.0,530.0)
(455.0,530.0)
(530.0,530.0)
(529.0,530.0)
(455.0,530.0)
(530.0,530.0)
(530.0,530.0)
(43.0,530.0)
(455.0,530.0)
(455.0,530.0)
(455.0,530.0)
(529.0,530.0)
(455.0,530.0)
(530.0,530.0)
(530.0,530.0)
(43.0,530.0)
(530.0,530.0)
(455.0,530.0)
(459.0,529.0)
(417.0,529.0)
(43.0,529.0)
(45.0,529.0)
(436.0,529.0)
(381.0,529.0)
(31.0,529.0)
(40.0,529.0)
(405.0,529.0)
(387.0,529.0)
(771.0,529.0)
(39.0,529.0)
(43.0,529.0)
(530.0,529.0)
(217.0,529.0)
(519.0,529.0)
(33.0,529.0)
(771.0,529.0)
(391.0,529.0)
(771.0,529.0)
(405.0,529.0)
(757.0,529.0)
(43.0,529.0)
(45.0,529.0)
(45.0,529.0)
(44.0,529.0)
(417.0,529.0)
(45.0,529.0)
(267.0,529.0)
(102.0,529.0)
(39.0,529.0)
(525.0,529.0)
(381.0,529.0)
(45.0,529.0)
(381.0,529.0)
(44.0,529.0)
(42.0,529.0)
(531.0,529.0)
(44.0,529.0)
(39.0,529.0)
(37.0,529.0)
(466.0,529.0)
(36.0,529.0)
(519.0,529.0)
(45.0,529.0)
(381.0,529.0)
(43.0,529.0)
(381.0,529.0)
(43.0,529.0)
(43.0,529.0)
(45.0,529.0)
(44.0,529.0)
(482.0,529.0)
(43.0,529.0)
(459.0,529.0)
(43.0,529.0)
(102.0,529.0)
(459.0,529.0)
(45.0,529.0)
(558.0,529.0)
(45.0,529.0)
(373.0,529.0)
(417.0,529.0)
(381.0,529.0)
(431.0,529.0)
(771.0,529.0)
(771.0,529.0)
(45.0,529.0)
(381.0,529.0)
(771.0,529.0)
(645.0,529.0)
(44.0,529.0)
(37.0,529.0)
(771.0,529.0)
(412.0,529.0)
(39.0,529.0)
(479.0,529.0)
(45.0,529.0)
(45.0,529.0)
(45.0,529.0)
(43.0,529.0)
(45.0,529.0)
(519.0,529.0)
(381.0,529.0)
(44.0,529.0)
(389.0,529.0)
(771.0,529.0)
(45.0,529.0)
(447.0,529.0)
(43.0,529.0)
(39.0,529.0)
(530.0,529.0)
(37.0,529.0)
(45.0,529.0)
(45.0,529.0)
(530.0,529.0)
(38.0,529.0)
(417.0,529.0)
(522.0,529.0)
(522.0,529.0)
(771.0,529.0)
(43.0,529.0)
(44.0,529.0)
(381.0,529.0)
(39.0,529.0)
(530.0,529.0)
(45.0,529.0)
(389.0,529.0)
(412.0,529.0)
(340.0,529.0)
(771.0,529.0)
(43.0,529.0)
(43.0,529.0)
(391.0,529.0)
(525.0,529.0)
(38.0,529.0)
(45.0,529.0)
(36.0,529.0)
(45.0,529.0)
(381.0,529.0)
(43.0,529.0)
(45.0,529.0)
(386.0,529.0)
(38.0,529.0)
(381.0,529.0)
(44.0,529.0)
(386.0,529.0)
(45.0,529.0)
(771.0,529.0)
(350.0,529.0)
(771.0,529.0)
(381.0,529.0)
(44.0,529.0)
(45.0,529.0)
(637.0,529.0)
(44.0,529.0)
(387.0,529.0)
(43.0,529.0)
(43.0,529.0)
(45.0,529.0)
(43.0,529.0)
(38.0,529.0)
(771.0,529.0)
(38.0,529.0)
(44.0,529.0)
(2.0,529.0)
(771.0,529.0)
(445.0,529.0)
(43.0,529.0)
(44.0,529.0)
(45.0,529.0)
(44.0,529.0)
(381.0,529.0)
(33.0,529.0)
(447.0,529.0)
(530.0,529.0)
(44.0,529.0)
(479.0,529.0)
(45.0,529.0)
(45.0,529.0)
(427.0,529.0)
(771.0,529.0)
(44.0,529.0)
(45.0,529.0)
(381.0,529.0)
(38.0,529.0)
(530.0,529.0)
(44.0,529.0)
(461.0,529.0)
(37.0,529.0)
(45.0,529.0)
(43.0,529.0)
(771.0,529.0)
(389.0,529.0)
(528.0,529.0)
(459.0,529.0)
(39.0,529.0)
(45.0,529.0)
(262.0,529.0)
(381.0,529.0)
(771.0,529.0)
(44.0,529.0)
(2.0,529.0)
(381.0,529.0)
(45.0,529.0)
(45.0,529.0)
(45.0,529.0)
(45.0,529.0)
(781.0,529.0)
(413.0,529.0)
(43.0,529.0)
(464.0,529.0)
(660.0,529.0)
(424.0,529.0)
(771.0,529.0)
(102.0,529.0)
(45.0,529.0)
(785.0,529.0)
(785.0,529.0)
(771.0,529.0)
(33.0,529.0)
(45.0,529.0)
(384.0,529.0)
(771.0,529.0)
(43.0,529.0)
(413.0,529.0)
(43.0,529.0)
(39.0,529.0)
(45.0,529.0)
(43.0,529.0)
(771.0,529.0)
(771.0,529.0)
(431.0,529.0)
(44.0,529.0)
(39.0,529.0)
(38.0,529.0)
(44.0,529.0)
(381.0,529.0)
(45.0,529.0)
(45.0,529.0)
(25.0,529.0)
(463.0,529.0)
(45.0,529.0)
(530.0,529.0)
(530.0,529.0)
(464.0,529.0)
(44.0,529.0)
(45.0,529.0)
(479.0,529.0)
(43.0,529.0)
(785.0,529.0)
(45.0,529.0)
(519.0,529.0)
(381.0,529.0)
(771.0,529.0)
(639.0,529.0)
(42.0,529.0)
(381.0,529.0)
(381.0,529.0)
(40.0,529.0)
(43.0,529.0)
(44.0,529.0)
(45.0,529.0)
(381.0,529.0)
(427.0,529.0)
(39.0,529.0)
(381.0,529.0)
(45.0,529.0)
(771.0,529.0)
(45.0,529.0)
(521.0,529.0)
(45.0,529.0)
(38.0,529.0)
(44.0,529.0)
(424.0,529.0)
(459.0,529.0)
(771.0,529.0)
(44.0,529.0)
(33.0,529.0)
(38.0,529.0)
(45.0,529.0)
(395.0,529.0)
(381.0,529.0)
(37.0,529.0)
(44.0,529.0)
(38.0,529.0)
(39.0,529.0)
(41.0,529.0)
(447.0,529.0)
(437.0,529.0)
(384.0,529.0)
(381.0,529.0)
(45.0,529.0)
(45.0,529.0)
(44.0,529.0)
(44.0,529.0)
(452.0,529.0)
(771.0,529.0)
(381.0,529.0)
(37.0,529.0)
(45.0,529.0)
(412.0,529.0)
(771.0,529.0)
(771.0,529.0)
(37.0,529.0)
(771.0,529.0)
(581.0,529.0)
(530.0,529.0)
(384.0,529.0)
(381.0,529.0)
(44.0,529.0)
(44.0,529.0)
(381.0,529.0)
(381.0,529.0)
(33.0,529.0)
(42.0,529.0)
(37.0,529.0)
(530.0,529.0)
(381.0,529.0)
(43.0,529.0)
(771.0,529.0)
(771.0,529.0)
(525.0,529.0)
(39.0,529.0)
(44.0,529.0)
(37.0,529.0)
(384.0,529.0)
(799.0,529.0)
(44.0,529.0)
(381.0,529.0)
(44.0,529.0)
(771.0,529.0)
(455.0,42.0)
(455.0,42.0)
(455.0,42.0)
(43.0,42.0)
(525.0,42.0)
(527.0,42.0)
(455.0,42.0)
(455.0,42.0)
(455.0,42.0)
(42.0,42.0)
(455.0,42.0)
(455.0,42.0)
(667.0,42.0)
(527.0,42.0)
(43.0,42.0)
(527.0,42.0)
(455.0,42.0)
(529.0,42.0)
(455.0,42.0)
(455.0,42.0)
(455.0,42.0)
(527.0,42.0)
(525.0,42.0)
(43.0,42.0)
(43.0,42.0)
(529.0,42.0)
(455.0,42.0)
(527.0,42.0)
(455.0,42.0)
(455.0,42.0)
(529.0,42.0)
(42.0,42.0)
(455.0,42.0)
(525.0,42.0)
(455.0,42.0)
(529.0,42.0)
(455.0,42.0)
(455.0,42.0)
(455.0,42.0)
(527.0,42.0)
(455.0,42.0)
(527.0,42.0)
(455.0,42.0)
(525.0,42.0)
(527.0,42.0)
(529.0,42.0)
(525.0,42.0)
(527.0,42.0)
(529.0,42.0)
(527.0,42.0)
(43.0,42.0)
(455.0,42.0)
(529.0,42.0)
(455.0,42.0)
(455.0,42.0)
(455.0,42.0)
(529.0,42.0)
(529.0,42.0)
(525.0,42.0)
(43.0,42.0)
(529.0,42.0)
(525.0,42.0)
(43.0,42.0)
(455.0,42.0)
(43.0,42.0)
(42.0,42.0)
(527.0,42.0)
(529.0,42.0)
(529.0,42.0)
(43.0,42.0)
(455.0,42.0)
(455.0,42.0)
(455.0,42.0)
(455.0,42.0)
(455.0,42.0)
(527.0,42.0)
(525.0,42.0)
(455.0,42.0)
(42.0,42.0)
(455.0,42.0)
(525.0,42.0)
(455.0,42.0)
(455.0,42.0)
(455.0,42.0)
(527.0,42.0)
(529.0,42.0)
(667.0,42.0)
(667.0,42.0)
(455.0,42.0)
(527.0,42.0)
(43.0,42.0)
(529.0,42.0)
(455.0,42.0)
(529.0,42.0)
(455.0,42.0)
(527.0,42.0)
(42.0,42.0)
(529.0,42.0)
(455.0,42.0)
(455.0,42.0)
(525.0,42.0)
(43.0,42.0)
(529.0,42.0)
(455.0,42.0)
(529.0,42.0)
(455.0,42.0)
(529.0,42.0)
(529.0,42.0)
(455.0,42.0)
(43.0,42.0)
(455.0,42.0)
(455.0,42.0)
(455.0,42.0)
(525.0,42.0)
(43.0,42.0)
(42.0,42.0)
(455.0,42.0)
(43.0,42.0)
(43.0,42.0)
(455.0,42.0)
(529.0,42.0)
(525.0,42.0)
(455.0,42.0)
(455.0,42.0)
(667.0,42.0)
(527.0,42.0)
(43.0,42.0)
(527.0,42.0)
(43.0,42.0)
(667.0,42.0)
(455.0,42.0)
(455.0,42.0)
(529.0,42.0)
(525.0,42.0)
(455.0,42.0)
(43.0,42.0)
(43.0,42.0)
(667.0,42.0)
(455.0,42.0)
(529.0,42.0)
(667.0,42.0)
(525.0,42.0)
(43.0,42.0)
(529.0,42.0)
(525.0,42.0)
(527.0,42.0)
(455.0,42.0)
(667.0,42.0)
(529.0,42.0)
(529.0,42.0)
(43.0,42.0)
(529.0,42.0)
(455.0,42.0)
(42.0,42.0)
(455.0,42.0)
(455.0,42.0)
(455.0,42.0)
(455.0,42.0)
(43.0,42.0)
(529.0,42.0)
(42.0,42.0)
(43.0,42.0)
(785.0,42.0)
(25.0,42.0)
(459.0,42.0)
(387.0,42.0)
(459.0,42.0)
(44.0,42.0)
(475.0,42.0)
(750.0,42.0)
(43.0,42.0)
(771.0,42.0)
(327.0,42.0)
(37.0,42.0)
(530.0,42.0)
(40.0,42.0)
(785.0,42.0)
(771.0,42.0)
(459.0,42.0)
(45.0,42.0)
(447.0,42.0)
(785.0,42.0)
(459.0,42.0)
(44.0,42.0)
(411.0,42.0)
(771.0,42.0)
(479.0,42.0)
(785.0,42.0)
(42.0,42.0)
(37.0,42.0)
(410.0,42.0)
(387.0,42.0)
(327.0,42.0)
(459.0,42.0)
(459.0,42.0)
(475.0,42.0)
(771.0,42.0)
(428.0,42.0)
(44.0,42.0)
(46.0,42.0)
(528.0,42.0)
(785.0,42.0)
(45.0,42.0)
(771.0,42.0)
(771.0,42.0)
(42.0,42.0)
(45.0,42.0)
(388.0,42.0)
(459.0,42.0)
(40.0,42.0)
(43.0,42.0)
(43.0,42.0)
(658.0,42.0)
(427.0,42.0)
(639.0,42.0)
(37.0,42.0)
(43.0,42.0)
(442.0,42.0)
(43.0,42.0)
(43.0,42.0)
(40.0,42.0)
(402.0,42.0)
(45.0,42.0)
(43.0,42.0)
(40.0,42.0)
(771.0,42.0)
(771.0,42.0)
(771.0,42.0)
(757.0,42.0)
(43.0,42.0)
(42.0,42.0)
(45.0,42.0)
(42.0,42.0)
(43.0,42.0)
(771.0,42.0)
(36.0,42.0)
(771.0,42.0)
(43.0,42.0)
(40.0,42.0)
(42.0,42.0)
(38.0,42.0)
(42.0,42.0)
(482.0,42.0)
(771.0,42.0)
(102.0,42.0)
(771.0,42.0)
(771.0,42.0)
(459.0,42.0)
(40.0,42.0)
(43.0,42.0)
(36.0,42.0)
(45.0,42.0)
(528.0,42.0)
(38.0,42.0)
(771.0,42.0)
(43.0,42.0)
(749.0,42.0)
(459.0,42.0)
(768.0,42.0)
(44.0,42.0)
(38.0,42.0)
(45.0,42.0)
(785.0,42.0)
(37.0,42.0)
(37.0,42.0)
(15.0,42.0)
(442.0,42.0)
(43.0,42.0)
(44.0,42.0)
(771.0,42.0)
(36.0,42.0)
(785.0,42.0)
(525.0,42.0)
(42.0,42.0)
(771.0,42.0)
(44.0,42.0)
(43.0,42.0)
(40.0,42.0)
(44.0,42.0)
(771.0,42.0)
(482.0,42.0)
(442.0,42.0)
(771.0,42.0)
(442.0,42.0)
(37.0,42.0)
(459.0,42.0)
(771.0,42.0)
(43.0,42.0)
(45.0,42.0)
(530.0,42.0)
(44.0,42.0)
(43.0,42.0)
(42.0,42.0)
(771.0,42.0)
(785.0,42.0)
(43.0,42.0)
(771.0,42.0)
(37.0,42.0)
(771.0,42.0)
(30.0,42.0)
(771.0,42.0)
(379.0,42.0)
(405.0,42.0)
(43.0,42.0)
(44.0,42.0)
(37.0,42.0)
(42.0,42.0)
(42.0,42.0)
(22.0,42.0)
(43.0,42.0)
(459.0,42.0)
(447.0,42.0)
(297.0,42.0)
(44.0,42.0)
(353.0,42.0)
(43.0,42.0)
(215.0,42.0)
(771.0,42.0)
(427.0,42.0)
(45.0,42.0)
(43.0,42.0)
(447.0,42.0)
(459.0,42.0)
(387.0,42.0)
(367.0,42.0)
(40.0,42.0)
(45.0,42.0)
(43.0,42.0)
(19.0,42.0)
(43.0,42.0)
(45.0,42.0)
(38.0,42.0)
(37.0,42.0)
(530.0,42.0)
(40.0,42.0)
(41.0,42.0)
(45.0,42.0)
(771.0,42.0)
(482.0,42.0)
(38.0,42.0)
(42.0,42.0)
(519.0,42.0)
(771.0,42.0)
(792.0,42.0)
(658.0,42.0)
(529.0,42.0)
(667.0,42.0)
(529.0,42.0)
(42.0,42.0)
(527.0,42.0)
(455.0,42.0)
(529.0,42.0)
(42.0,42.0)
(455.0,42.0)
(527.0,42.0)
(42.0,42.0)
(529.0,42.0)
(455.0,42.0)
(526.0,42.0)
(527.0,42.0)
(42.0,42.0)
(455.0,42.0)
(527.0,42.0)
(529.0,42.0)
(455.0,42.0)
(455.0,42.0)
(525.0,42.0)
(529.0,42.0)
(527.0,42.0)
(455.0,42.0)
(527.0,42.0)
(42.0,42.0)
(529.0,42.0)
(455.0,42.0)
(455.0,42.0)
(455.0,42.0)
(455.0,42.0)
(529.0,42.0)
(455.0,42.0)
(529.0,42.0)
(529.0,42.0)
(667.0,42.0)
(455.0,42.0)
(667.0,42.0)
(455.0,42.0)
(527.0,42.0)
(42.0,42.0)
(529.0,42.0)
(527.0,42.0)
(455.0,42.0)
(455.0,42.0)
(525.0,42.0)
(527.0,42.0)
(525.0,42.0)
(455.0,42.0)
(526.0,42.0)
(455.0,42.0)
(455.0,42.0)
(526.0,42.0)
(455.0,42.0)
(527.0,42.0)
(526.0,42.0)
(455.0,42.0)
(527.0,42.0)
(526.0,42.0)
(529.0,42.0)
(455.0,42.0)
(455.0,42.0)
(455.0,42.0)
(42.0,42.0)
(455.0,42.0)
(43.0,42.0)
(455.0,42.0)
(455.0,42.0)
(455.0,42.0)
(525.0,42.0)
(455.0,42.0)
(525.0,42.0)
(667.0,42.0)
(525.0,42.0)
(526.0,42.0)
(455.0,42.0)
(527.0,42.0)
(42.0,42.0)
(529.0,42.0)
(455.0,42.0)
(529.0,42.0)
(529.0,42.0)
(455.0,42.0)
(529.0,42.0)
(529.0,42.0)
(455.0,42.0)
(529.0,42.0)
(455.0,42.0)
(455.0,42.0)
(667.0,42.0)
(455.0,42.0)
(527.0,42.0)
(455.0,42.0)
(455.0,42.0)
(455.0,42.0)
(529.0,42.0)
(527.0,42.0)
(529.0,42.0)
(455.0,42.0)
(667.0,42.0)
(455.0,42.0)
(525.0,42.0)
(527.0,42.0)
(42.0,42.0)
(455.0,42.0)
(525.0,42.0)
(455.0,42.0)
(43.0,42.0)
(455.0,42.0)
(455.0,42.0)
(455.0,42.0)
(527.0,42.0)
(525.0,42.0)
(529.0,42.0)
(529.0,42.0)
(667.0,42.0)
(529.0,42.0)
(455.0,42.0)
(42.0,42.0)
(455.0,42.0)
(455.0,42.0)
(42.0,42.0)
(526.0,42.0)
(529.0,42.0)
(455.0,42.0)
(529.0,42.0)
(529.0,42.0)
(455.0,42.0)
(455.0,42.0)
(455.0,42.0)
(455.0,42.0)
(527.0,42.0)
(529.0,42.0)
(527.0,42.0)
(529.0,42.0)
(455.0,42.0)
(529.0,42.0)
(667.0,42.0)
(527.0,42.0)
(529.0,42.0)
(455.0,42.0)
(455.0,42.0)
(527.0,42.0)
(455.0,42.0)
(529.0,42.0)
(455.0,42.0)
(526.0,42.0)
(455.0,42.0)
(455.0,42.0)
(455.0,42.0)
(455.0,42.0)
(525.0,42.0)
(529.0,42.0)
(525.0,42.0)
(455.0,42.0)
(525.0,42.0)
(527.0,42.0)
(529.0,42.0)
(42.0,42.0)
(529.0,42.0)
(527.0,42.0)
(527.0,42.0)
(455.0,42.0)
(529.0,42.0)
(526.0,42.0)
(525.0,42.0)
(455.0,42.0)
(455.0,42.0)
(455.0,42.0)
(455.0,42.0)
(455.0,42.0)
(455.0,42.0)
(526.0,42.0)
(527.0,42.0)
(527.0,42.0)
(529.0,42.0)
(455.0,42.0)
(43.0,42.0)
(42.0,42.0)
(525.0,42.0)
(667.0,42.0)
(455.0,42.0)
(455.0,42.0)
(529.0,42.0)
(455.0,42.0)
(749.0,42.0)
(45.0,42.0)
(42.0,42.0)
(42.0,42.0)
(459.0,42.0)
(44.0,42.0)
(44.0,42.0)
(37.0,42.0)
(43.0,42.0)
(41.0,42.0)
(42.0,42.0)
(785.0,42.0)
(43.0,42.0)
(43.0,42.0)
(44.0,42.0)
(532.0,42.0)
(42.0,42.0)
(42.0,42.0)
(38.0,42.0)
(38.0,42.0)
(42.0,42.0)
(37.0,42.0)
(771.0,42.0)
(40.0,42.0)
(785.0,42.0)
(42.0,42.0)
(386.0,42.0)
(771.0,42.0)
(459.0,42.0)
(43.0,42.0)
(17.0,42.0)
(40.0,42.0)
(45.0,42.0)
(15.0,42.0)
(42.0,42.0)
(42.0,42.0)
(781.0,42.0)
(689.0,42.0)
(31.0,42.0)
(411.0,42.0)
(42.0,42.0)
(2.0,42.0)
(459.0,42.0)
(447.0,42.0)
(525.0,42.0)
(44.0,42.0)
(39.0,42.0)
(461.0,42.0)
(45.0,42.0)
(22.0,42.0)
(43.0,42.0)
(42.0,42.0)
(44.0,42.0)
(771.0,42.0)
(44.0,42.0)
(427.0,42.0)
(442.0,42.0)
(44.0,42.0)
(45.0,42.0)
(785.0,42.0)
(771.0,42.0)
(45.0,42.0)
(350.0,42.0)
(459.0,42.0)
(767.0,42.0)
(692.0,42.0)
(45.0,42.0)
(771.0,42.0)
(44.0,42.0)
(42.0,42.0)
(38.0,42.0)
(459.0,42.0)
(771.0,42.0)
(2.0,42.0)
(388.0,42.0)
(757.0,42.0)
(44.0,42.0)
(771.0,42.0)
(45.0,42.0)
(37.0,42.0)
(44.0,42.0)
(45.0,42.0)
(447.0,42.0)
(37.0,42.0)
(42.0,42.0)
(30.0,42.0)
(39.0,42.0)
(447.0,42.0)
(40.0,42.0)
(44.0,42.0)
(37.0,42.0)
(771.0,42.0)
(391.0,42.0)
(45.0,42.0)
(479.0,42.0)
(421.0,42.0)
(43.0,42.0)
(42.0,42.0)
(525.0,42.0)
(771.0,42.0)
(44.0,42.0)
(771.0,42.0)
(38.0,42.0)
(785.0,42.0)
(45.0,42.0)
(802.0,42.0)
(381.0,42.0)
(771.0,42.0)
(33.0,42.0)
(43.0,42.0)
(771.0,42.0)
(417.0,42.0)
(353.0,42.0)
(42.0,42.0)
(483.0,42.0)
(447.0,42.0)
(42.0,42.0)
(447.0,42.0)
(43.0,42.0)
(45.0,42.0)
(40.0,42.0)
(31.0,42.0)
(771.0,42.0)
(38.0,42.0)
(42.0,42.0)
(44.0,42.0)
(40.0,42.0)
(483.0,42.0)
(38.0,42.0)
(43.0,42.0)
(43.0,42.0)
(412.0,42.0)
(43.0,42.0)
(484.0,42.0)
(45.0,42.0)
(771.0,42.0)
(421.0,42.0)
(452.0,42.0)
(45.0,42.0)
(45.0,42.0)
(45.0,42.0)
(45.0,42.0)
(530.0,42.0)
(43.0,42.0)
(101.0,42.0)
(459.0,42.0)
(771.0,42.0)
(448.0,42.0)
(785.0,42.0)
(354.0,42.0)
(36.0,42.0)
(43.0,42.0)
(45.0,42.0)
(771.0,42.0)
(459.0,42.0)
(44.0,42.0)
(40.0,42.0)
(448.0,42.0)
(771.0,42.0)
(44.0,42.0)
(42.0,42.0)
(262.0,42.0)
(771.0,42.0)
(33.0,42.0)
(771.0,42.0)
(771.0,42.0)
(43.0,42.0)
(40.0,42.0)
(785.0,42.0)
(417.0,42.0)
(43.0,42.0)
(771.0,42.0)
(455.0,42.0)
(529.0,42.0)
(43.0,42.0)
(43.0,42.0)
(37.0,42.0)
(529.0,42.0)
(455.0,42.0)
(43.0,42.0)
(529.0,42.0)
(525.0,42.0)
(455.0,42.0)
(1.0,42.0)
(1.0,42.0)
(1.0,42.0)
(43.0,42.0)
(43.0,42.0)
(455.0,42.0)
(455.0,42.0)
(529.0,42.0)
(529.0,42.0)
(455.0,42.0)
(43.0,42.0)
(1.0,42.0)
(525.0,42.0)
(42.0,42.0)
(42.0,42.0)
(529.0,42.0)
(43.0,42.0)
(1.0,42.0)
(455.0,42.0)
(529.0,42.0)
(455.0,42.0)
(37.0,42.0)
(455.0,42.0)
(455.0,42.0)
(529.0,42.0)
(43.0,42.0)
(529.0,42.0)
(43.0,42.0)
(43.0,42.0)
(455.0,42.0)
(42.0,42.0)
(43.0,42.0)
(455.0,42.0)
(455.0,42.0)
(42.0,42.0)
(43.0,42.0)
(529.0,42.0)
(43.0,42.0)
(43.0,42.0)
(455.0,42.0)
(43.0,42.0)
(455.0,42.0)
(43.0,42.0)
(455.0,42.0)
(43.0,42.0)
(43.0,42.0)
(455.0,42.0)
(455.0,42.0)
(455.0,42.0)
(43.0,42.0)
(529.0,42.0)
(455.0,42.0)
(455.0,42.0)
(1.0,42.0)
(455.0,42.0)
(43.0,42.0)
(1.0,42.0)
(529.0,42.0)
(37.0,42.0)
(529.0,42.0)
(529.0,42.0)
(1.0,42.0)
(529.0,42.0)
(43.0,42.0)
(43.0,42.0)
(455.0,42.0)
(455.0,42.0)
(455.0,42.0)
(43.0,42.0)
(43.0,42.0)
(455.0,42.0)
(455.0,42.0)
(1.0,42.0)
(529.0,42.0)
(529.0,42.0)
(529.0,42.0)
(455.0,42.0)
(43.0,42.0)
(43.0,42.0)
(455.0,42.0)
(43.0,42.0)
(455.0,42.0)
(529.0,42.0)
(455.0,42.0)
(529.0,42.0)
(1.0,42.0)
(529.0,42.0)
(1.0,42.0)
(529.0,42.0)
(43.0,42.0)
(455.0,42.0)
(1.0,42.0)
(455.0,42.0)
(43.0,42.0)
(529.0,42.0)
(455.0,42.0)
(455.0,42.0)
(43.0,42.0)
(455.0,42.0)
(529.0,42.0)
(455.0,42.0)
(529.0,42.0)
(529.0,42.0)
(455.0,42.0)
(525.0,42.0)
(455.0,42.0)
(455.0,42.0)
(1.0,42.0)
(43.0,42.0)
(529.0,42.0)
(1.0,42.0)
(43.0,42.0)
(529.0,42.0)
(42.0,42.0)
(529.0,42.0)
(455.0,42.0)
(455.0,42.0)
(43.0,42.0)
(43.0,42.0)
(1.0,42.0)
(43.0,42.0)
(455.0,42.0)
(529.0,42.0)
(43.0,42.0)
(42.0,42.0)
(529.0,42.0)
(455.0,42.0)
(42.0,42.0)
(43.0,42.0)
(1.0,42.0)
(43.0,42.0)
(455.0,42.0)
(455.0,42.0)
(455.0,42.0)
(455.0,42.0)
(455.0,42.0)
(529.0,42.0)
(529.0,42.0)
(455.0,42.0)
(43.0,42.0)
(455.0,42.0)
(455.0,42.0)
(43.0,42.0)
(455.0,42.0)
(455.0,42.0)
(455.0,42.0)
(1.0,42.0)
(1.0,42.0)
(43.0,42.0)
(447.0,531.0)
(528.0,531.0)
(354.0,531.0)
(30.0,531.0)
(479.0,531.0)
(479.0,531.0)
(447.0,531.0)
(479.0,531.0)
(43.0,531.0)
(37.0,531.0)
(40.0,531.0)
(447.0,531.0)
(31.0,531.0)
(804.0,531.0)
(417.0,531.0)
(417.0,531.0)
(771.0,531.0)
(413.0,531.0)
(212.0,531.0)
(757.0,531.0)
(305.0,531.0)
(102.0,531.0)
(30.0,531.0)
(37.0,531.0)
(448.0,531.0)
(785.0,531.0)
(36.0,531.0)
(38.0,531.0)
(33.0,531.0)
(25.0,531.0)
(38.0,531.0)
(323.0,531.0)
(413.0,531.0)
(447.0,531.0)
(784.0,531.0)
(387.0,531.0)
(447.0,531.0)
(459.0,531.0)
(367.0,531.0)
(299.0,531.0)
(417.0,531.0)
(417.0,531.0)
(36.0,531.0)
(42.0,531.0)
(412.0,531.0)
(44.0,531.0)
(31.0,531.0)
(38.0,531.0)
(102.0,531.0)
(484.0,531.0)
(417.0,531.0)
(42.0,531.0)
(43.0,531.0)
(38.0,531.0)
(757.0,531.0)
(405.0,531.0)
(25.0,531.0)
(738.0,531.0)
(40.0,531.0)
(350.0,531.0)
(43.0,531.0)
(102.0,531.0)
(309.0,531.0)
(45.0,531.0)
(399.0,531.0)
(44.0,531.0)
(39.0,531.0)
(386.0,531.0)
(38.0,531.0)
(530.0,531.0)
(102.0,531.0)
(17.0,531.0)
(22.0,531.0)
(417.0,531.0)
(43.0,531.0)
(692.0,531.0)
(459.0,531.0)
(38.0,531.0)
(771.0,531.0)
(525.0,531.0)
(42.0,531.0)
(387.0,531.0)
(42.0,531.0)
(785.0,531.0)
(447.0,531.0)
(38.0,531.0)
(43.0,531.0)
(417.0,531.0)
(771.0,531.0)
(33.0,531.0)
(417.0,531.0)
(417.0,531.0)
(459.0,531.0)
(31.0,531.0)
(43.0,531.0)
(38.0,531.0)
(447.0,531.0)
(459.0,531.0)
(38.0,531.0)
(459.0,531.0)
(387.0,531.0)
(531.0,531.0)
(43.0,531.0)
(386.0,531.0)
(36.0,531.0)
(43.0,531.0)
(530.0,531.0)
(34.0,531.0)
(368.0,531.0)
(37.0,531.0)
(38.0,531.0)
(2.0,531.0)
(771.0,531.0)
(37.0,531.0)
(749.0,531.0)
(38.0,531.0)
(102.0,531.0)
(519.0,531.0)
(43.0,531.0)
(18.0,531.0)
(417.0,531.0)
(25.0,531.0)
(387.0,531.0)
(287.0,531.0)
(459.0,531.0)
(527.0,531.0)
(17.0,531.0)
(435.0,531.0)
(459.0,531.0)
(417.0,531.0)
(17.0,531.0)
(436.0,531.0)
(386.0,531.0)
(447.0,531.0)
(45.0,531.0)
(386.0,531.0)
(37.0,531.0)
(483.0,531.0)
(42.0,531.0)
(36.0,531.0)
(417.0,531.0)
(484.0,531.0)
(2.0,531.0)
(442.0,531.0)
(417.0,531.0)
(784.0,531.0)
(757.0,531.0)
(447.0,531.0)
(528.0,531.0)
(37.0,531.0)
(368.0,531.0)
(37.0,531.0)
(121.0,531.0)
(459.0,531.0)
(44.0,531.0)
(38.0,531.0)
(459.0,531.0)
(2.0,531.0)
(519.0,531.0)
(45.0,43.0)
(45.0,43.0)
(391.0,43.0)
(38.0,43.0)
(43.0,43.0)
(417.0,43.0)
(459.0,43.0)
(391.0,43.0)
(386.0,43.0)
(43.0,43.0)
(417.0,43.0)
(43.0,43.0)
(42.0,43.0)
(38.0,43.0)
(37.0,43.0)
(532.0,43.0)
(38.0,43.0)
(531.0,43.0)
(43.0,43.0)
(43.0,43.0)
(42.0,43.0)
(771.0,43.0)
(771.0,43.0)
(43.0,43.0)
(43.0,43.0)
(45.0,43.0)
(43.0,43.0)
(43.0,43.0)
(43.0,43.0)
(43.0,43.0)
(405.0,43.0)
(391.0,43.0)
(447.0,43.0)
(43.0,43.0)
(37.0,43.0)
(42.0,43.0)
(33.0,43.0)
(43.0,43.0)
(45.0,43.0)
(42.0,43.0)
(43.0,43.0)
(45.0,43.0)
(37.0,43.0)
(409.0,43.0)
(45.0,43.0)
(38.0,43.0)
(42.0,43.0)
(530.0,43.0)
(2.0,43.0)
(39.0,43.0)
(43.0,43.0)
(771.0,43.0)
(388.0,43.0)
(36.0,43.0)
(36.0,43.0)
(386.0,43.0)
(35.0,43.0)
(38.0,43.0)
(44.0,43.0)
(25.0,43.0)
(37.0,43.0)
(771.0,43.0)
(38.0,43.0)
(459.0,43.0)
(43.0,43.0)
(43.0,43.0)
(36.0,43.0)
(42.0,43.0)
(381.0,43.0)
(38.0,43.0)
(46.0,43.0)
(771.0,43.0)
(44.0,43.0)
(459.0,43.0)
(37.0,43.0)
(37.0,43.0)
(43.0,43.0)
(38.0,43.0)
(43.0,43.0)
(45.0,43.0)
(417.0,43.0)
(37.0,43.0)
(459.0,43.0)
(802.0,43.0)
(44.0,43.0)
(43.0,43.0)
(37.0,43.0)
(459.0,43.0)
(45.0,43.0)
(43.0,43.0)
(447.0,43.0)
(40.0,43.0)
(38.0,43.0)
(416.0,43.0)
(42.0,43.0)
(37.0,43.0)
(45.0,43.0)
(785.0,43.0)
(43.0,43.0)
(38.0,43.0)
(44.0,43.0)
(40.0,43.0)
(43.0,43.0)
(771.0,43.0)
(43.0,43.0)
(417.0,43.0)
(391.0,43.0)
(302.0,43.0)
(44.0,43.0)
(43.0,43.0)
(35.0,43.0)
(37.0,43.0)
(43.0,43.0)
(771.0,43.0)
(447.0,43.0)
(43.0,43.0)
(771.0,43.0)
(37.0,43.0)
(43.0,43.0)
(45.0,43.0)
(42.0,43.0)
(211.0,43.0)
(42.0,43.0)
(44.0,43.0)
(43.0,43.0)
(43.0,43.0)
(43.0,43.0)
(459.0,43.0)
(38.0,43.0)
(43.0,43.0)
(45.0,43.0)
(43.0,43.0)
(442.0,43.0)
(43.0,43.0)
(459.0,43.0)
(45.0,43.0)
(522.0,43.0)
(525.0,43.0)
(38.0,43.0)
(771.0,43.0)
(37.0,43.0)
(479.0,43.0)
(44.0,43.0)
(45.0,43.0)
(479.0,43.0)
(43.0,43.0)
(43.0,43.0)
(785.0,43.0)
(43.0,43.0)
(423.0,43.0)
(43.0,43.0)
(459.0,43.0)
(38.0,43.0)
(440.0,43.0)
(417.0,43.0)
(437.0,43.0)
(43.0,43.0)
(785.0,43.0)
(40.0,43.0)
(43.0,43.0)
(43.0,43.0)
(43.0,43.0)
(43.0,43.0)
(44.0,43.0)
(447.0,43.0)
(479.0,43.0)
(38.0,43.0)
(45.0,43.0)
(43.0,43.0)
(33.0,43.0)
(43.0,43.0)
(43.0,43.0)
(43.0,43.0)
(38.0,43.0)
(421.0,43.0)
(42.0,43.0)
(44.0,532.0)
(448.0,532.0)
(631.0,532.0)
(389.0,532.0)
(31.0,532.0)
(522.0,532.0)
(44.0,532.0)
(44.0,532.0)
(388.0,532.0)
(631.0,532.0)
(44.0,532.0)
(44.0,532.0)
(44.0,532.0)
(388.0,532.0)
(388.0,532.0)
(402.0,532.0)
(45.0,532.0)
(421.0,532.0)
(43.0,532.0)
(388.0,532.0)
(45.0,532.0)
(45.0,532.0)
(45.0,532.0)
(44.0,532.0)
(44.0,532.0)
(44.0,532.0)
(42.0,532.0)
(388.0,532.0)
(37.0,532.0)
(388.0,532.0)
(530.0,532.0)
(389.0,532.0)
(388.0,532.0)
(43.0,532.0)
(44.0,532.0)
(391.0,532.0)
(327.0,532.0)
(406.0,532.0)
(519.0,532.0)
(388.0,532.0)
(44.0,532.0)
(44.0,532.0)
(44.0,532.0)
(388.0,532.0)
(45.0,532.0)
(45.0,532.0)
(45.0,532.0)
(391.0,532.0)
(43.0,532.0)
(738.0,532.0)
(388.0,532.0)
(43.0,532.0)
(45.0,532.0)
(44.0,532.0)
(35.0,532.0)
(530.0,532.0)
(38.0,532.0)
(44.0,532.0)
(44.0,532.0)
(44.0,532.0)
(44.0,532.0)
(742.0,532.0)
(38.0,532.0)
(597.0,532.0)
(44.0,532.0)
(44.0,532.0)
(44.0,532.0)
(479.0,532.0)
(44.0,532.0)
(461.0,532.0)
(44.0,532.0)
(44.0,532.0)
(2.0,532.0)
(785.0,532.0)
(44.0,532.0)
(44.0,532.0)
(44.0,532.0)
(45.0,532.0)
(388.0,532.0)
(391.0,532.0)
(771.0,532.0)
(38.0,532.0)
(558.0,532.0)
(44.0,532.0)
(287.0,532.0)
(33.0,532.0)
(44.0,532.0)
(42.0,532.0)
(37.0,532.0)
(388.0,532.0)
(44.0,532.0)
(785.0,532.0)
(38.0,532.0)
(530.0,532.0)
(37.0,532.0)
(391.0,532.0)
(42.0,532.0)
(44.0,532.0)
(44.0,532.0)
(38.0,532.0)
(528.0,532.0)
(445.0,532.0)
(749.0,532.0)
(39.0,532.0)
(44.0,532.0)
(749.0,532.0)
(44.0,532.0)
(389.0,532.0)
(38.0,532.0)
(391.0,532.0)
(38.0,532.0)
(44.0,532.0)
(38.0,532.0)
(44.0,532.0)
(785.0,532.0)
(44.0,532.0)
(44.0,532.0)
(44.0,532.0)
(38.0,532.0)
(45.0,532.0)
(31.0,532.0)
(388.0,532.0)
(388.0,532.0)
(44.0,532.0)
(771.0,532.0)
(44.0,532.0)
(38.0,532.0)
(34.0,532.0)
(459.0,532.0)
(466.0,532.0)
(785.0,532.0)
(44.0,532.0)
(44.0,532.0)
(388.0,532.0)
(353.0,532.0)
(37.0,532.0)
(44.0,532.0)
(44.0,532.0)
(391.0,532.0)
(44.0,532.0)
(44.0,532.0)
(38.0,532.0)
(44.0,532.0)
(44.0,532.0)
(44.0,532.0)
(44.0,532.0)
(39.0,532.0)
(43.0,532.0)
(44.0,532.0)
(44.0,532.0)
(44.0,532.0)
(391.0,532.0)
(388.0,532.0)
(44.0,532.0)
(42.0,532.0)
(42.0,532.0)
(455.0,532.0)
(455.0,532.0)
(525.0,532.0)
(455.0,532.0)
(42.0,532.0)
(525.0,532.0)
(42.0,532.0)
(525.0,532.0)
(42.0,532.0)
(459.0,532.0)
(525.0,532.0)
(525.0,532.0)
(525.0,532.0)
(42.0,532.0)
(455.0,532.0)
(455.0,532.0)
(42.0,532.0)
(455.0,532.0)
(37.0,532.0)
(455.0,532.0)
(42.0,532.0)
(42.0,532.0)
(525.0,532.0)
(455.0,532.0)
(525.0,532.0)
(299.0,532.0)
(37.0,532.0)
(455.0,532.0)
(455.0,532.0)
(299.0,532.0)
(455.0,532.0)
(42.0,532.0)
(455.0,532.0)
(37.0,532.0)
(42.0,532.0)
(37.0,532.0)
(395.0,532.0)
(455.0,532.0)
(455.0,532.0)
(455.0,532.0)
(483.0,532.0)
(395.0,532.0)
(37.0,532.0)
(455.0,532.0)
(455.0,532.0)
(525.0,532.0)
(37.0,532.0)
(525.0,532.0)
(395.0,532.0)
(42.0,532.0)
(37.0,532.0)
(37.0,532.0)
(525.0,532.0)
(455.0,532.0)
(37.0,532.0)
(1.0,532.0)
(483.0,532.0)
(455.0,532.0)
(42.0,532.0)
(455.0,532.0)
(37.0,532.0)
(299.0,532.0)
(525.0,532.0)
(459.0,532.0)
(299.0,532.0)
(455.0,532.0)
(42.0,532.0)
(455.0,532.0)
(42.0,532.0)
(459.0,532.0)
(483.0,532.0)
(483.0,532.0)
(42.0,532.0)
(42.0,532.0)
(483.0,532.0)
(525.0,532.0)
(455.0,532.0)
(483.0,532.0)
(455.0,532.0)
(455.0,532.0)
(525.0,532.0)
(37.0,532.0)
(37.0,532.0)
(1.0,532.0)
(771.0,532.0)
(42.0,532.0)
(525.0,532.0)
(525.0,532.0)
(455.0,532.0)
(37.0,532.0)
(525.0,532.0)
(525.0,532.0)
(42.0,532.0)
(455.0,532.0)
(42.0,532.0)
(37.0,532.0)
(42.0,532.0)
(525.0,532.0)
(455.0,532.0)
(771.0,532.0)
(483.0,532.0)
(42.0,532.0)
(42.0,532.0)
(42.0,532.0)
(455.0,532.0)
(459.0,532.0)
(525.0,532.0)
(525.0,532.0)
(42.0,532.0)
(395.0,532.0)
(42.0,532.0)
(455.0,532.0)
(455.0,532.0)
(455.0,532.0)
(455.0,532.0)
(42.0,532.0)
(42.0,532.0)
(395.0,532.0)
(42.0,532.0)
(42.0,532.0)
(42.0,532.0)
(455.0,532.0)
(455.0,532.0)
(525.0,532.0)
(42.0,532.0)
(37.0,532.0)
(42.0,532.0)
(455.0,532.0)
(42.0,532.0)
(299.0,532.0)
(42.0,532.0)
(455.0,532.0)
(455.0,532.0)
(525.0,532.0)
(42.0,532.0)
(455.0,532.0)
(37.0,532.0)
(42.0,532.0)
(455.0,532.0)
(37.0,532.0)
(42.0,532.0)
(455.0,532.0)
(455.0,532.0)
(37.0,532.0)
(37.0,532.0)
(525.0,532.0)
(1.0,532.0)
(525.0,532.0)
(37.0,532.0)
(455.0,532.0)
(42.0,532.0)
(525.0,532.0)
(42.0,532.0)
(37.0,532.0)
(525.0,532.0)
(455.0,532.0)
(525.0,532.0)
(37.0,532.0)
(455.0,532.0)
(525.0,532.0)
(37.0,532.0)
(37.0,532.0)
(42.0,532.0)
(42.0,532.0)
(455.0,532.0)
(525.0,532.0)
(1.0,532.0)
(459.0,532.0)
(42.0,532.0)
(42.0,532.0)
(42.0,532.0)
(42.0,532.0)
(455.0,532.0)
(455.0,532.0)
(42.0,532.0)
(525.0,532.0)
(37.0,532.0)
(37.0,532.0)
(771.0,532.0)
(42.0,532.0)
(525.0,532.0)
(455.0,532.0)
(42.0,532.0)
(483.0,532.0)
(42.0,532.0)
(39.0,45.0)
(45.0,45.0)
(390.0,45.0)
(386.0,45.0)
(42.0,45.0)
(771.0,45.0)
(386.0,45.0)
(464.0,45.0)
(44.0,45.0)
(398.0,45.0)
(45.0,45.0)
(479.0,45.0)
(42.0,45.0)
(785.0,45.0)
(44.0,45.0)
(530.0,45.0)
(389.0,45.0)
(39.0,45.0)
(45.0,45.0)
(387.0,45.0)
(459.0,45.0)
(479.0,45.0)
(45.0,45.0)
(42.0,45.0)
(530.0,45.0)
(771.0,45.0)
(45.0,45.0)
(42.0,45.0)
(771.0,45.0)
(45.0,45.0)
(45.0,45.0)
(45.0,45.0)
(239.0,45.0)
(429.0,45.0)
(389.0,45.0)
(771.0,45.0)
(45.0,45.0)
(38.0,45.0)
(349.0,45.0)
(43.0,45.0)
(771.0,45.0)
(413.0,45.0)
(42.0,45.0)
(389.0,45.0)
(42.0,45.0)
(45.0,45.0)
(45.0,45.0)
(45.0,45.0)
(45.0,45.0)
(31.0,45.0)
(43.0,45.0)
(37.0,45.0)
(45.0,45.0)
(31.0,45.0)
(402.0,45.0)
(464.0,45.0)
(45.0,45.0)
(161.0,45.0)
(349.0,45.0)
(381.0,45.0)
(381.0,45.0)
(44.0,45.0)
(45.0,45.0)
(527.0,45.0)
(45.0,45.0)
(771.0,45.0)
(381.0,45.0)
(38.0,45.0)
(45.0,45.0)
(45.0,45.0)
(381.0,45.0)
(45.0,45.0)
(44.0,45.0)
(38.0,45.0)
(459.0,45.0)
(37.0,45.0)
(44.0,45.0)
(483.0,45.0)
(39.0,45.0)
(43.0,45.0)
(387.0,45.0)
(594.0,45.0)
(45.0,45.0)
(43.0,45.0)
(386.0,45.0)
(464.0,45.0)
(43.0,45.0)
(45.0,45.0)
(40.0,45.0)
(45.0,45.0)
(519.0,45.0)
(193.0,45.0)
(323.0,45.0)
(39.0,45.0)
(771.0,45.0)
(44.0,45.0)
(45.0,45.0)
(381.0,45.0)
(530.0,45.0)
(785.0,45.0)
(45.0,45.0)
(447.0,45.0)
(45.0,45.0)
(44.0,45.0)
(45.0,45.0)
(771.0,45.0)
(44.0,45.0)
(419.0,45.0)
(43.0,45.0)
(519.0,45.0)
(45.0,45.0)
(45.0,45.0)
(45.0,45.0)
(43.0,45.0)
(381.0,45.0)
(386.0,45.0)
(45.0,45.0)
(387.0,45.0)
(44.0,45.0)
(43.0,45.0)
(45.0,45.0)
(43.0,45.0)
(45.0,45.0)
(45.0,45.0)
(45.0,45.0)
(262.0,45.0)
(459.0,45.0)
(45.0,45.0)
(255.0,45.0)
(42.0,45.0)
(442.0,45.0)
(45.0,45.0)
(409.0,45.0)
(45.0,45.0)
(381.0,45.0)
(37.0,45.0)
(484.0,45.0)
(38.0,45.0)
(42.0,45.0)
(530.0,45.0)
(389.0,45.0)
(39.0,45.0)
(389.0,45.0)
(102.0,45.0)
(530.0,45.0)
(45.0,45.0)
(44.0,45.0)
(381.0,45.0)
(102.0,45.0)
(530.0,45.0)
(45.0,45.0)
(479.0,45.0)
(45.0,45.0)
(664.0,533.0)
(664.0,533.0)
(533.0,533.0)
(664.0,533.0)
(119.0,533.0)
(592.0,533.0)
(664.0,533.0)
(161.0,533.0)
(65.0,533.0)
(664.0,533.0)
(172.0,533.0)
(119.0,533.0)
(161.0,533.0)
(534.0,533.0)
(664.0,533.0)
(664.0,533.0)
(664.0,533.0)
(664.0,533.0)
(664.0,533.0)
(172.0,533.0)
(664.0,533.0)
(664.0,533.0)
(664.0,533.0)
(664.0,533.0)
(664.0,533.0)
(161.0,533.0)
(664.0,533.0)
(119.0,533.0)
(664.0,533.0)
(141.0,533.0)
(141.0,533.0)
(664.0,533.0)
(664.0,533.0)
(119.0,533.0)
(161.0,533.0)
(664.0,533.0)
(172.0,533.0)
(664.0,533.0)
(161.0,533.0)
(664.0,533.0)
(664.0,533.0)
(664.0,533.0)
(664.0,533.0)
(664.0,533.0)
(664.0,533.0)
(664.0,533.0)
(141.0,533.0)
(161.0,533.0)
(141.0,533.0)
(65.0,533.0)
(664.0,533.0)
(664.0,533.0)
(664.0,533.0)
(145.0,533.0)
(141.0,533.0)
(664.0,533.0)
(119.0,533.0)
(172.0,533.0)
(172.0,533.0)
(172.0,533.0)
(664.0,533.0)
(119.0,533.0)
(664.0,533.0)
(161.0,533.0)
(65.0,533.0)
(119.0,533.0)
(664.0,533.0)
(161.0,533.0)
(145.0,533.0)
(664.0,533.0)
(161.0,533.0)
(65.0,533.0)
(119.0,533.0)
(161.0,533.0)
(172.0,533.0)
(664.0,533.0)
(592.0,533.0)
(65.0,533.0)
(145.0,533.0)
(664.0,533.0)
(74.0,534.0)
(571.0,534.0)
(74.0,534.0)
(74.0,534.0)
(121.0,534.0)
(74.0,534.0)
(74.0,534.0)
(571.0,534.0)
(74.0,534.0)
(571.0,534.0)
(571.0,534.0)
(74.0,534.0)
(119.0,534.0)
(121.0,534.0)
(74.0,534.0)
(74.0,534.0)
(571.0,534.0)
(571.0,534.0)
(74.0,534.0)
(74.0,534.0)
(119.0,534.0)
(74.0,534.0)
(74.0,534.0)
(74.0,534.0)
(74.0,534.0)
(571.0,534.0)
(74.0,534.0)
(74.0,534.0)
(571.0,534.0)
(74.0,534.0)
(571.0,534.0)
(121.0,534.0)
(74.0,534.0)
(571.0,534.0)
(121.0,534.0)
(121.0,534.0)
(121.0,534.0)
(74.0,534.0)
(74.0,534.0)
(74.0,534.0)
(74.0,534.0)
(74.0,534.0)
(571.0,534.0)
(571.0,534.0)
(74.0,534.0)
(74.0,534.0)
(571.0,534.0)
(74.0,534.0)
(74.0,534.0)
(121.0,534.0)
(74.0,534.0)
(74.0,534.0)
(74.0,534.0)
(119.0,534.0)
(74.0,534.0)
(571.0,534.0)
(121.0,534.0)
(74.0,534.0)
(119.0,534.0)
(74.0,534.0)
(121.0,534.0)
(74.0,534.0)
(74.0,534.0)
(571.0,534.0)
(121.0,534.0)
(74.0,534.0)
(571.0,534.0)
(74.0,534.0)
(74.0,534.0)
(74.0,534.0)
(121.0,534.0)
(74.0,534.0)
(121.0,534.0)
(119.0,534.0)
(74.0,534.0)
(74.0,534.0)
(74.0,534.0)
(571.0,534.0)
(74.0,534.0)
(571.0,534.0)
(121.0,534.0)
(74.0,534.0)
(74.0,534.0)
(571.0,534.0)
(74.0,534.0)
(74.0,534.0)
(571.0,534.0)
(571.0,534.0)
(571.0,534.0)
(571.0,534.0)
(74.0,534.0)
(571.0,534.0)
(74.0,534.0)
(74.0,534.0)
(119.0,534.0)
(571.0,534.0)
(571.0,534.0)
(74.0,534.0)
(571.0,534.0)
(571.0,534.0)
(121.0,534.0)
(74.0,534.0)
(121.0,534.0)
(121.0,534.0)
(74.0,534.0)
(571.0,534.0)
(119.0,534.0)
(119.0,534.0)
(74.0,534.0)
(571.0,534.0)
(74.0,534.0)
(119.0,534.0)
(571.0,534.0)
(571.0,534.0)
(74.0,534.0)
(74.0,534.0)
(571.0,534.0)
(119.0,534.0)
(571.0,534.0)
(74.0,534.0)
(571.0,534.0)
(74.0,534.0)
(121.0,534.0)
(121.0,534.0)
(74.0,534.0)
(119.0,534.0)
(74.0,534.0)
(121.0,534.0)
(536.0,536.0)
(536.0,536.0)
(536.0,536.0)
(536.0,536.0)
(536.0,536.0)
(536.0,536.0)
(536.0,536.0)
(536.0,536.0)
(536.0,536.0)
(536.0,536.0)
(536.0,536.0)
(536.0,536.0)
(536.0,536.0)
(536.0,536.0)
(536.0,536.0)
(536.0,536.0)
(536.0,536.0)
(536.0,536.0)
(536.0,536.0)
(536.0,536.0)
(536.0,536.0)
(536.0,536.0)
(536.0,536.0)
(536.0,536.0)
(536.0,536.0)
(536.0,536.0)
(536.0,536.0)
(536.0,536.0)
(536.0,536.0)
(536.0,536.0)
(536.0,536.0)
(536.0,536.0)
(536.0,536.0)
(536.0,536.0)
(536.0,536.0)
(536.0,536.0)
(536.0,536.0)
(536.0,536.0)
(536.0,536.0)
(536.0,536.0)
(536.0,536.0)
(536.0,536.0)
(536.0,536.0)
(536.0,536.0)
(536.0,536.0)
(536.0,536.0)
(536.0,536.0)
(536.0,536.0)
(536.0,536.0)
(536.0,536.0)
(536.0,536.0)
(536.0,536.0)
(536.0,536.0)
(536.0,536.0)
(536.0,536.0)
(536.0,536.0)
(536.0,536.0)
(536.0,536.0)
(536.0,536.0)
(536.0,536.0)
(536.0,536.0)
(536.0,536.0)
(536.0,536.0)
(536.0,536.0)
(536.0,536.0)
(536.0,536.0)
(536.0,536.0)
(536.0,536.0)
(536.0,536.0)
(536.0,536.0)
(536.0,536.0)
(536.0,536.0)
(536.0,536.0)
(536.0,536.0)
(536.0,536.0)
(536.0,536.0)
(536.0,536.0)
(536.0,536.0)
(536.0,536.0)
(536.0,536.0)
(536.0,536.0)
(536.0,536.0)
(536.0,536.0)
(536.0,536.0)
(536.0,536.0)
(536.0,536.0)
(536.0,536.0)
(536.0,536.0)
(536.0,536.0)
(536.0,536.0)
(536.0,536.0)
(536.0,536.0)
(536.0,536.0)
(536.0,536.0)
(536.0,536.0)
(536.0,536.0)
(536.0,536.0)
(536.0,536.0)
(536.0,536.0)
(536.0,536.0)
(536.0,536.0)
(536.0,536.0)
(536.0,536.0)
(536.0,536.0)
(536.0,536.0)
(536.0,536.0)
(536.0,536.0)
(536.0,536.0)
(536.0,536.0)
(536.0,536.0)
(536.0,536.0)
(536.0,536.0)
(536.0,536.0)
(536.0,536.0)
(536.0,536.0)
(536.0,536.0)
(536.0,536.0)
(536.0,536.0)
(536.0,536.0)
(536.0,536.0)
(536.0,536.0)
(536.0,536.0)
(536.0,536.0)
(536.0,536.0)
(536.0,536.0)
(536.0,536.0)
(536.0,536.0)
(536.0,536.0)
(536.0,536.0)
(536.0,536.0)
(536.0,536.0)
(536.0,536.0)
(536.0,536.0)
(536.0,536.0)
(536.0,536.0)
(536.0,536.0)
(536.0,536.0)
(536.0,536.0)
(536.0,536.0)
(536.0,536.0)
(536.0,536.0)
(536.0,536.0)
(536.0,536.0)
(536.0,536.0)
(536.0,536.0)
(536.0,536.0)
(536.0,536.0)
(536.0,536.0)
(536.0,536.0)
(536.0,536.0)
(536.0,536.0)
(536.0,536.0)
(536.0,536.0)
(536.0,536.0)
(536.0,536.0)
(536.0,536.0)
(536.0,536.0)
(538.0,535.0)
(417.0,535.0)
(673.0,535.0)
(536.0,535.0)
(673.0,535.0)
(538.0,535.0)
(538.0,535.0)
(417.0,535.0)
(417.0,535.0)
(417.0,535.0)
(538.0,535.0)
(538.0,535.0)
(305.0,535.0)
(417.0,535.0)
(417.0,535.0)
(536.0,535.0)
(417.0,535.0)
(417.0,535.0)
(417.0,535.0)
(538.0,535.0)
(535.0,535.0)
(536.0,535.0)
(538.0,535.0)
(417.0,535.0)
(535.0,535.0)
(417.0,535.0)
(417.0,535.0)
(417.0,535.0)
(538.0,535.0)
(417.0,535.0)
(538.0,535.0)
(673.0,535.0)
(535.0,535.0)
(417.0,535.0)
(538.0,535.0)
(538.0,535.0)
(163.0,535.0)
(538.0,535.0)
(417.0,535.0)
(417.0,535.0)
(538.0,535.0)
(417.0,535.0)
(538.0,535.0)
(538.0,535.0)
(417.0,535.0)
(538.0,535.0)
(417.0,535.0)
(536.0,535.0)
(417.0,535.0)
(417.0,535.0)
(535.0,535.0)
(673.0,535.0)
(536.0,535.0)
(417.0,535.0)
(417.0,535.0)
(417.0,535.0)
(417.0,535.0)
(417.0,535.0)
(538.0,535.0)
(417.0,535.0)
(417.0,535.0)
(538.0,535.0)
(163.0,535.0)
(535.0,535.0)
(535.0,535.0)
(536.0,535.0)
(673.0,535.0)
(538.0,535.0)
(535.0,535.0)
(536.0,535.0)
(538.0,535.0)
(417.0,535.0)
(538.0,535.0)
(417.0,535.0)
(417.0,535.0)
(535.0,535.0)
(538.0,535.0)
(538.0,535.0)
(673.0,535.0)
(417.0,535.0)
(535.0,535.0)
(417.0,535.0)
(538.0,535.0)
(538.0,535.0)
(417.0,535.0)
(417.0,535.0)
(538.0,535.0)
(535.0,535.0)
(538.0,535.0)
(417.0,535.0)
(538.0,535.0)
(535.0,535.0)
(305.0,535.0)
(417.0,535.0)
(417.0,535.0)
(538.0,535.0)
(673.0,535.0)
(673.0,535.0)
(538.0,535.0)
(417.0,535.0)
(417.0,535.0)
(535.0,535.0)
(417.0,535.0)
(538.0,535.0)
(535.0,535.0)
(417.0,535.0)
(538.0,535.0)
(673.0,535.0)
(673.0,535.0)
(417.0,535.0)
(417.0,535.0)
(673.0,535.0)
(673.0,535.0)
(535.0,535.0)
(673.0,535.0)
(538.0,535.0)
(538.0,535.0)
(535.0,535.0)
(417.0,535.0)
(536.0,535.0)
(538.0,535.0)
(417.0,535.0)
(673.0,535.0)
(536.0,535.0)
(417.0,535.0)
(538.0,535.0)
(305.0,535.0)
(417.0,535.0)
(538.0,535.0)
(417.0,535.0)
(538.0,535.0)
(535.0,535.0)
(538.0,535.0)
(538.0,535.0)
(417.0,535.0)
(536.0,535.0)
(417.0,535.0)
(538.0,535.0)
(673.0,535.0)
(538.0,535.0)
(417.0,535.0)
(417.0,535.0)
(538.0,535.0)
(673.0,535.0)
(417.0,535.0)
(417.0,535.0)
(417.0,535.0)
(538.0,535.0)
(535.0,535.0)
(305.0,535.0)
(535.0,535.0)
(535.0,535.0)
(417.0,535.0)
(538.0,535.0)
(305.0,535.0)
(673.0,535.0)
(417.0,535.0)
(417.0,535.0)
(538.0,535.0)
(417.0,535.0)
(417.0,535.0)
(417.0,535.0)
(535.0,535.0)
(417.0,535.0)
(417.0,535.0)
(417.0,535.0)
(535.0,535.0)
(305.0,535.0)
(417.0,535.0)
(417.0,535.0)
(417.0,535.0)
(535.0,535.0)
(535.0,535.0)
(417.0,535.0)
(417.0,535.0)
(538.0,535.0)
(417.0,535.0)
(538.0,535.0)
(417.0,535.0)
(536.0,535.0)
(417.0,535.0)
(673.0,535.0)
(417.0,535.0)
(538.0,535.0)
(538.0,535.0)
(287.0,535.0)
(417.0,535.0)
(538.0,535.0)
(537.0,537.0)
(537.0,537.0)
(161.0,537.0)
(537.0,537.0)
(537.0,537.0)
(537.0,537.0)
(645.0,537.0)
(161.0,537.0)
(537.0,537.0)
(537.0,537.0)
(645.0,537.0)
(161.0,537.0)
(161.0,537.0)
(537.0,537.0)
(537.0,537.0)
(537.0,537.0)
(537.0,537.0)
(161.0,537.0)
(537.0,537.0)
(537.0,537.0)
(161.0,537.0)
(161.0,537.0)
(161.0,537.0)
(537.0,537.0)
(161.0,537.0)
(537.0,537.0)
(537.0,537.0)
(161.0,537.0)
(537.0,537.0)
(161.0,537.0)
(537.0,537.0)
(161.0,537.0)
(537.0,537.0)
(537.0,537.0)
(161.0,537.0)
(537.0,537.0)
(537.0,537.0)
(537.0,537.0)
(161.0,537.0)
(645.0,537.0)
(537.0,537.0)
(537.0,537.0)
(537.0,537.0)
(537.0,537.0)
(537.0,537.0)
(537.0,537.0)
(161.0,537.0)
(537.0,537.0)
(161.0,537.0)
(161.0,537.0)
(161.0,537.0)
(161.0,537.0)
(537.0,537.0)
(161.0,537.0)
(537.0,537.0)
(161.0,537.0)
(537.0,537.0)
(537.0,537.0)
(537.0,537.0)
(161.0,537.0)
(537.0,537.0)
(645.0,537.0)
(161.0,537.0)
(537.0,537.0)
(161.0,537.0)
(537.0,537.0)
(537.0,537.0)
(537.0,537.0)
(537.0,537.0)
(537.0,537.0)
(537.0,537.0)
(161.0,537.0)
(537.0,537.0)
(645.0,537.0)
(537.0,537.0)
(537.0,537.0)
(645.0,537.0)
(537.0,537.0)
(537.0,537.0)
(537.0,537.0)
(537.0,537.0)
(287.0,537.0)
(537.0,537.0)
(161.0,537.0)
(537.0,537.0)
(537.0,537.0)
(161.0,537.0)
(537.0,537.0)
(537.0,537.0)
(537.0,537.0)
(537.0,537.0)
(161.0,537.0)
(161.0,537.0)
(537.0,537.0)
(537.0,537.0)
(161.0,537.0)
(537.0,537.0)
(161.0,537.0)
(537.0,537.0)
(161.0,537.0)
(537.0,537.0)
(161.0,537.0)
(537.0,537.0)
(537.0,537.0)
(537.0,537.0)
(161.0,537.0)
(161.0,537.0)
(537.0,537.0)
(537.0,537.0)
(161.0,537.0)
(161.0,537.0)
(161.0,537.0)
(537.0,537.0)
(161.0,537.0)
(537.0,537.0)
(161.0,537.0)
(537.0,537.0)
(645.0,537.0)
(537.0,537.0)
(537.0,537.0)
(537.0,537.0)
(161.0,537.0)
(537.0,537.0)
(537.0,537.0)
(537.0,537.0)
(537.0,537.0)
(537.0,537.0)
(161.0,537.0)
(161.0,537.0)
(537.0,537.0)
(161.0,537.0)
(537.0,537.0)
(161.0,537.0)
(537.0,537.0)
(537.0,537.0)
(537.0,537.0)
(537.0,537.0)
(161.0,537.0)
(537.0,537.0)
(161.0,537.0)
(537.0,537.0)
(537.0,537.0)
(537.0,537.0)
(537.0,537.0)
(538.0,538.0)
(538.0,538.0)
(538.0,538.0)
(538.0,538.0)
(538.0,538.0)
(539.0,538.0)
(538.0,538.0)
(538.0,538.0)
(539.0,538.0)
(538.0,538.0)
(538.0,538.0)
(539.0,538.0)
(538.0,538.0)
(538.0,538.0)
(538.0,538.0)
(538.0,538.0)
(538.0,538.0)
(538.0,538.0)
(538.0,538.0)
(538.0,538.0)
(538.0,538.0)
(538.0,538.0)
(538.0,538.0)
(538.0,538.0)
(538.0,538.0)
(538.0,538.0)
(538.0,538.0)
(538.0,538.0)
(538.0,538.0)
(538.0,538.0)
(538.0,538.0)
(538.0,538.0)
(538.0,538.0)
(538.0,538.0)
(538.0,538.0)
(538.0,538.0)
(539.0,538.0)
(538.0,538.0)
(538.0,538.0)
(538.0,538.0)
(538.0,538.0)
(538.0,538.0)
(538.0,538.0)
(538.0,538.0)
(538.0,538.0)
(538.0,538.0)
(538.0,538.0)
(538.0,538.0)
(538.0,538.0)
(538.0,538.0)
(538.0,538.0)
(538.0,538.0)
(538.0,538.0)
(538.0,538.0)
(539.0,538.0)
(538.0,538.0)
(538.0,538.0)
(539.0,538.0)
(538.0,538.0)
(538.0,538.0)
(538.0,538.0)
(538.0,538.0)
(538.0,538.0)
(538.0,538.0)
(538.0,538.0)
(539.0,538.0)
(539.0,538.0)
(539.0,538.0)
(538.0,538.0)
(539.0,538.0)
(538.0,538.0)
(538.0,538.0)
(539.0,538.0)
(538.0,538.0)
(538.0,538.0)
(538.0,538.0)
(538.0,538.0)
(538.0,538.0)
(538.0,538.0)
(539.0,538.0)
(538.0,538.0)
(538.0,538.0)
(538.0,538.0)
(538.0,538.0)
(538.0,538.0)
(538.0,538.0)
(538.0,538.0)
(538.0,538.0)
(538.0,538.0)
(538.0,538.0)
(538.0,538.0)
(538.0,538.0)
(538.0,538.0)
(538.0,538.0)
(538.0,538.0)
(538.0,538.0)
(538.0,538.0)
(538.0,538.0)
(538.0,538.0)
(538.0,538.0)
(538.0,538.0)
(538.0,538.0)
(538.0,538.0)
(538.0,538.0)
(538.0,538.0)
(538.0,538.0)
(538.0,538.0)
(538.0,538.0)
(538.0,538.0)
(538.0,538.0)
(538.0,538.0)
(538.0,538.0)
(538.0,538.0)
(538.0,538.0)
(538.0,538.0)
(538.0,538.0)
(538.0,538.0)
(538.0,538.0)
(538.0,538.0)
(538.0,538.0)
(538.0,538.0)
(538.0,538.0)
(538.0,538.0)
(538.0,538.0)
(538.0,538.0)
(538.0,538.0)
(538.0,538.0)
(538.0,538.0)
(538.0,538.0)
(538.0,538.0)
(538.0,538.0)
(538.0,538.0)
(538.0,538.0)
(538.0,538.0)
(538.0,538.0)
(538.0,538.0)
(538.0,538.0)
(538.0,538.0)
(538.0,538.0)
(538.0,538.0)
(538.0,538.0)
(538.0,538.0)
(538.0,538.0)
(538.0,538.0)
(538.0,538.0)
(538.0,538.0)
(538.0,538.0)
(538.0,538.0)
(538.0,538.0)
(538.0,538.0)
(538.0,538.0)
(538.0,538.0)
(538.0,538.0)
(538.0,538.0)
(538.0,538.0)
(538.0,538.0)
(538.0,538.0)
(538.0,538.0)
(538.0,538.0)
(538.0,538.0)
(538.0,538.0)
(538.0,538.0)
(538.0,538.0)
(538.0,538.0)
(538.0,538.0)
(538.0,538.0)
(538.0,538.0)
(538.0,538.0)
(538.0,539.0)
(101.0,539.0)
(108.0,539.0)
(538.0,539.0)
(538.0,539.0)
(539.0,539.0)
(108.0,539.0)
(108.0,539.0)
(539.0,539.0)
(539.0,539.0)
(538.0,539.0)
(108.0,539.0)
(538.0,539.0)
(538.0,539.0)
(539.0,539.0)
(538.0,539.0)
(538.0,539.0)
(538.0,539.0)
(539.0,539.0)
(108.0,539.0)
(538.0,539.0)
(108.0,539.0)
(538.0,539.0)
(108.0,539.0)
(538.0,539.0)
(536.0,539.0)
(538.0,539.0)
(108.0,539.0)
(108.0,539.0)
(538.0,539.0)
(538.0,539.0)
(539.0,539.0)
(538.0,539.0)
(539.0,539.0)
(538.0,539.0)
(539.0,539.0)
(539.0,539.0)
(539.0,539.0)
(538.0,539.0)
(538.0,539.0)
(539.0,539.0)
(108.0,539.0)
(538.0,539.0)
(538.0,539.0)
(538.0,539.0)
(538.0,539.0)
(108.0,539.0)
(538.0,539.0)
(108.0,539.0)
(538.0,539.0)
(108.0,539.0)
(536.0,539.0)
(538.0,539.0)
(108.0,539.0)
(538.0,539.0)
(538.0,539.0)
(108.0,539.0)
(538.0,539.0)
(539.0,539.0)
(536.0,539.0)
(108.0,539.0)
(539.0,539.0)
(538.0,539.0)
(538.0,539.0)
(538.0,539.0)
(108.0,539.0)
(538.0,539.0)
(539.0,539.0)
(538.0,539.0)
(539.0,539.0)
(108.0,539.0)
(538.0,539.0)
(539.0,539.0)
(538.0,539.0)
(538.0,539.0)
(108.0,539.0)
(538.0,539.0)
(108.0,539.0)
(538.0,539.0)
(538.0,539.0)
(538.0,539.0)
(108.0,539.0)
(538.0,539.0)
(108.0,539.0)
(538.0,539.0)
(108.0,539.0)
(538.0,539.0)
(108.0,539.0)
(108.0,539.0)
(538.0,539.0)
(538.0,539.0)
(538.0,539.0)
(108.0,539.0)
(108.0,539.0)
(538.0,539.0)
(539.0,539.0)
(538.0,539.0)
(538.0,539.0)
(538.0,539.0)
(539.0,539.0)
(108.0,539.0)
(539.0,539.0)
(539.0,539.0)
(108.0,539.0)
(538.0,539.0)
(539.0,539.0)
(539.0,539.0)
(108.0,539.0)
(538.0,539.0)
(539.0,539.0)
(539.0,539.0)
(538.0,539.0)
(539.0,539.0)
(538.0,539.0)
(538.0,539.0)
(538.0,539.0)
(538.0,539.0)
(539.0,539.0)
(539.0,539.0)
(538.0,539.0)
(108.0,539.0)
(538.0,539.0)
(538.0,539.0)
(538.0,539.0)
(538.0,539.0)
(108.0,539.0)
(538.0,539.0)
(108.0,539.0)
(538.0,539.0)
(538.0,539.0)
(538.0,539.0)
(538.0,539.0)
(60.0,540.0)
(540.0,540.0)
(544.0,540.0)
(161.0,540.0)
(540.0,540.0)
(541.0,540.0)
(540.0,540.0)
(540.0,540.0)
(540.0,540.0)
(540.0,540.0)
(541.0,540.0)
(540.0,540.0)
(540.0,540.0)
(540.0,540.0)
(161.0,540.0)
(161.0,540.0)
(540.0,540.0)
(540.0,540.0)
(544.0,540.0)
(60.0,540.0)
(540.0,540.0)
(540.0,540.0)
(164.0,540.0)
(540.0,540.0)
(60.0,540.0)
(540.0,540.0)
(161.0,540.0)
(161.0,540.0)
(540.0,540.0)
(540.0,540.0)
(540.0,540.0)
(540.0,540.0)
(540.0,540.0)
(161.0,540.0)
(541.0,540.0)
(544.0,540.0)
(544.0,540.0)
(540.0,540.0)
(540.0,540.0)
(541.0,540.0)
(540.0,540.0)
(60.0,540.0)
(540.0,540.0)
(540.0,540.0)
(60.0,540.0)
(540.0,540.0)
(161.0,540.0)
(540.0,540.0)
(540.0,540.0)
(544.0,540.0)
(540.0,540.0)
(161.0,540.0)
(540.0,540.0)
(540.0,540.0)
(540.0,540.0)
(540.0,540.0)
(540.0,540.0)
(60.0,540.0)
(540.0,540.0)
(540.0,540.0)
(164.0,540.0)
(544.0,540.0)
(60.0,540.0)
(60.0,540.0)
(161.0,540.0)
(540.0,540.0)
(161.0,540.0)
(540.0,540.0)
(60.0,540.0)
(161.0,540.0)
(540.0,540.0)
(540.0,540.0)
(540.0,540.0)
(540.0,540.0)
(540.0,540.0)
(60.0,540.0)
(541.0,540.0)
(540.0,540.0)
(60.0,540.0)
(540.0,540.0)
(540.0,540.0)
(540.0,540.0)
(540.0,540.0)
(540.0,540.0)
(540.0,540.0)
(540.0,540.0)
(544.0,540.0)
(60.0,540.0)
(60.0,540.0)
(540.0,540.0)
(541.0,540.0)
(60.0,540.0)
(544.0,540.0)
(540.0,540.0)
(540.0,540.0)
(540.0,540.0)
(540.0,540.0)
(540.0,540.0)
(544.0,540.0)
(541.0,540.0)
(540.0,540.0)
(161.0,540.0)
(60.0,540.0)
(540.0,540.0)
(544.0,540.0)
(60.0,540.0)
(540.0,540.0)
(540.0,540.0)
(540.0,540.0)
(544.0,540.0)
(540.0,540.0)
(540.0,540.0)
(540.0,540.0)
(60.0,540.0)
(540.0,540.0)
(540.0,540.0)
(60.0,540.0)
(544.0,540.0)
(540.0,540.0)
(161.0,540.0)
(60.0,540.0)
(540.0,540.0)
(60.0,540.0)
(540.0,540.0)
(541.0,540.0)
(60.0,540.0)
(161.0,540.0)
(540.0,540.0)
(60.0,540.0)
(544.0,540.0)
(540.0,540.0)
(540.0,540.0)
(540.0,540.0)
(161.0,540.0)
(540.0,540.0)
(540.0,540.0)
(541.0,540.0)
(161.0,540.0)
(540.0,540.0)
(161.0,540.0)
(161.0,540.0)
(540.0,540.0)
(540.0,540.0)
(540.0,540.0)
(540.0,540.0)
(540.0,540.0)
(540.0,540.0)
(544.0,540.0)
(541.0,540.0)
(60.0,540.0)
(161.0,540.0)
(540.0,540.0)
(60.0,540.0)
(161.0,540.0)
(541.0,540.0)
(540.0,540.0)
(540.0,540.0)
(540.0,540.0)
(540.0,540.0)
(540.0,540.0)
(540.0,540.0)
(544.0,540.0)
(540.0,540.0)
(540.0,540.0)
(540.0,540.0)
(544.0,540.0)
(60.0,540.0)
(540.0,540.0)
(161.0,540.0)
(544.0,540.0)
(60.0,540.0)
(161.0,540.0)
(540.0,540.0)
(60.0,540.0)
(540.0,540.0)
(540.0,540.0)
(540.0,540.0)
(161.0,540.0)
(540.0,540.0)
(60.0,540.0)
(544.0,540.0)
(540.0,540.0)
(540.0,540.0)
(540.0,540.0)
(541.0,540.0)
(161.0,540.0)
(540.0,540.0)
(60.0,540.0)
(540.0,540.0)
(540.0,540.0)
(540.0,540.0)
(60.0,540.0)
(60.0,540.0)
(540.0,540.0)
(541.0,540.0)
(540.0,540.0)
(540.0,540.0)
(161.0,540.0)
(540.0,540.0)
(540.0,540.0)
(544.0,544.0)
(57.0,544.0)
(588.0,544.0)
(180.0,544.0)
(57.0,544.0)
(588.0,544.0)
(588.0,544.0)
(57.0,544.0)
(541.0,544.0)
(540.0,544.0)
(588.0,544.0)
(588.0,544.0)
(588.0,544.0)
(180.0,544.0)
(164.0,544.0)
(57.0,544.0)
(557.0,544.0)
(544.0,544.0)
(154.0,544.0)
(57.0,544.0)
(557.0,544.0)
(544.0,544.0)
(57.0,544.0)
(544.0,544.0)
(557.0,544.0)
(588.0,544.0)
(541.0,544.0)
(588.0,544.0)
(541.0,544.0)
(541.0,544.0)
(588.0,544.0)
(544.0,544.0)
(544.0,544.0)
(57.0,544.0)
(588.0,544.0)
(57.0,544.0)
(588.0,544.0)
(164.0,544.0)
(57.0,544.0)
(544.0,544.0)
(57.0,544.0)
(164.0,544.0)
(57.0,544.0)
(158.0,544.0)
(544.0,544.0)
(557.0,544.0)
(164.0,544.0)
(57.0,544.0)
(57.0,544.0)
(57.0,544.0)
(57.0,544.0)
(57.0,544.0)
(588.0,544.0)
(557.0,544.0)
(541.0,544.0)
(544.0,544.0)
(544.0,544.0)
(544.0,544.0)
(544.0,544.0)
(180.0,544.0)
(57.0,544.0)
(178.0,544.0)
(588.0,544.0)
(544.0,544.0)
(180.0,544.0)
(588.0,544.0)
(557.0,544.0)
(588.0,544.0)
(57.0,544.0)
(544.0,544.0)
(588.0,544.0)
(588.0,544.0)
(544.0,544.0)
(541.0,544.0)
(541.0,544.0)
(164.0,544.0)
(57.0,544.0)
(57.0,544.0)
(57.0,544.0)
(57.0,544.0)
(544.0,544.0)
(154.0,544.0)
(544.0,544.0)
(588.0,544.0)
(544.0,544.0)
(57.0,544.0)
(57.0,544.0)
(541.0,544.0)
(57.0,544.0)
(57.0,544.0)
(588.0,544.0)
(541.0,544.0)
(544.0,544.0)
(57.0,544.0)
(544.0,544.0)
(544.0,544.0)
(158.0,544.0)
(588.0,544.0)
(57.0,544.0)
(57.0,544.0)
(158.0,544.0)
(57.0,544.0)
(57.0,544.0)
(544.0,544.0)
(57.0,544.0)
(588.0,544.0)
(544.0,544.0)
(544.0,544.0)
(557.0,544.0)
(164.0,544.0)
(544.0,544.0)
(541.0,544.0)
(544.0,544.0)
(588.0,544.0)
(588.0,544.0)
(544.0,544.0)
(164.0,544.0)
(588.0,544.0)
(544.0,544.0)
(57.0,544.0)
(57.0,544.0)
(541.0,544.0)
(541.0,544.0)
(164.0,544.0)
(541.0,544.0)
(164.0,544.0)
(588.0,544.0)
(164.0,544.0)
(158.0,544.0)
(164.0,544.0)
