(597.0,597.0)
(597.0,597.0)
(597.0,597.0)
(597.0,597.0)
(597.0,597.0)
(262.0,597.0)
(262.0,597.0)
(597.0,597.0)
(597.0,597.0)
(262.0,597.0)
(597.0,597.0)
(262.0,597.0)
(597.0,597.0)
(597.0,597.0)
(597.0,597.0)
(597.0,597.0)
(597.0,597.0)
(262.0,597.0)
(597.0,597.0)
(262.0,597.0)
(262.0,597.0)
(262.0,597.0)
(597.0,597.0)
(597.0,597.0)
(262.0,597.0)
(597.0,597.0)
(262.0,597.0)
(597.0,597.0)
(262.0,597.0)
(597.0,597.0)
(597.0,597.0)
(597.0,597.0)
(597.0,597.0)
(262.0,597.0)
(597.0,597.0)
(597.0,597.0)
(597.0,597.0)
(597.0,597.0)
(597.0,597.0)
(597.0,597.0)
(597.0,597.0)
(262.0,597.0)
(597.0,597.0)
(597.0,597.0)
(262.0,597.0)
(262.0,597.0)
(262.0,597.0)
(262.0,597.0)
(597.0,597.0)
(597.0,597.0)
(597.0,597.0)
(262.0,597.0)
(597.0,597.0)
(212.0,597.0)
(597.0,597.0)
(597.0,597.0)
(262.0,597.0)
(262.0,597.0)
(597.0,597.0)
(597.0,597.0)
(262.0,597.0)
(597.0,597.0)
(262.0,597.0)
(597.0,597.0)
(597.0,597.0)
(262.0,597.0)
(262.0,597.0)
(262.0,597.0)
(597.0,597.0)
(262.0,597.0)
(262.0,597.0)
(597.0,597.0)
(597.0,597.0)
(597.0,597.0)
(597.0,597.0)
(597.0,597.0)
(597.0,597.0)
(597.0,597.0)
(262.0,597.0)
(597.0,597.0)
(597.0,597.0)
(262.0,597.0)
(597.0,597.0)
(262.0,597.0)
(262.0,597.0)
(597.0,597.0)
(597.0,597.0)
(597.0,597.0)
(597.0,597.0)
(597.0,597.0)
(597.0,597.0)
(597.0,597.0)
(262.0,597.0)
(597.0,597.0)
(262.0,597.0)
(262.0,597.0)
(597.0,597.0)
(597.0,597.0)
(597.0,597.0)
(262.0,597.0)
(597.0,597.0)
(597.0,597.0)
(597.0,597.0)
(597.0,597.0)
(262.0,597.0)
(597.0,597.0)
(597.0,597.0)
(597.0,597.0)
(262.0,597.0)
(597.0,597.0)
(262.0,597.0)
(660.0,597.0)
(597.0,597.0)
(597.0,597.0)
(597.0,597.0)
(597.0,597.0)
(597.0,597.0)
(597.0,597.0)
(262.0,597.0)
(597.0,597.0)
(597.0,597.0)
(597.0,597.0)
(597.0,597.0)
(597.0,597.0)
(597.0,597.0)
(262.0,597.0)
(597.0,597.0)
(262.0,597.0)
(597.0,597.0)
(597.0,597.0)
(262.0,597.0)
(597.0,597.0)
(597.0,597.0)
(597.0,597.0)
(597.0,597.0)
(597.0,597.0)
(597.0,597.0)
(597.0,597.0)
(597.0,597.0)
(262.0,597.0)
(597.0,597.0)
(597.0,597.0)
(597.0,597.0)
(262.0,597.0)
(597.0,597.0)
(597.0,597.0)
(597.0,597.0)
(597.0,597.0)
(262.0,597.0)
(262.0,597.0)
(597.0,597.0)
(597.0,597.0)
(262.0,597.0)
(597.0,597.0)
(597.0,597.0)
(597.0,597.0)
(597.0,597.0)
(597.0,597.0)
(597.0,597.0)
(597.0,597.0)
(597.0,597.0)
(262.0,597.0)
(597.0,597.0)
(597.0,597.0)
(262.0,597.0)
(597.0,597.0)
(597.0,597.0)
(597.0,597.0)
(597.0,597.0)
(597.0,597.0)
(597.0,597.0)
(262.0,597.0)
(597.0,597.0)
(597.0,597.0)
(597.0,597.0)
(597.0,597.0)
(262.0,597.0)
(597.0,597.0)
(597.0,597.0)
(597.0,597.0)
(597.0,597.0)
(597.0,597.0)
(597.0,597.0)
(597.0,597.0)
(597.0,597.0)
(597.0,597.0)
(597.0,597.0)
(597.0,597.0)
(597.0,597.0)
(597.0,597.0)
(597.0,597.0)
(597.0,597.0)
(597.0,597.0)
(597.0,597.0)
(597.0,597.0)
(597.0,597.0)
(597.0,597.0)
(597.0,597.0)
(597.0,597.0)
(597.0,597.0)
(597.0,597.0)
(597.0,597.0)
(597.0,597.0)
(597.0,597.0)
(597.0,597.0)
(597.0,597.0)
(597.0,597.0)
(597.0,597.0)
(597.0,597.0)
(597.0,597.0)
(597.0,597.0)
(597.0,597.0)
(597.0,597.0)
(597.0,597.0)
(597.0,597.0)
(597.0,597.0)
(597.0,597.0)
(597.0,597.0)
(597.0,597.0)
(597.0,597.0)
(597.0,597.0)
(597.0,597.0)
(597.0,597.0)
(597.0,597.0)
(597.0,597.0)
(262.0,597.0)
(597.0,597.0)
(597.0,597.0)
(597.0,597.0)
(597.0,597.0)
(597.0,597.0)
(597.0,597.0)
(597.0,597.0)
(597.0,597.0)
(597.0,597.0)
(597.0,597.0)
(597.0,597.0)
(597.0,597.0)
(597.0,597.0)
(597.0,597.0)
(597.0,597.0)
(597.0,597.0)
(597.0,597.0)
(597.0,597.0)
(597.0,597.0)
(597.0,597.0)
(597.0,597.0)
(597.0,597.0)
(597.0,597.0)
(597.0,597.0)
(597.0,597.0)
(597.0,597.0)
(597.0,597.0)
(597.0,597.0)
(597.0,597.0)
(597.0,597.0)
(597.0,597.0)
(597.0,597.0)
(597.0,597.0)
(597.0,597.0)
(597.0,597.0)
(597.0,597.0)
(597.0,597.0)
(597.0,597.0)
(597.0,597.0)
(597.0,597.0)
(597.0,597.0)
(597.0,597.0)
(597.0,597.0)
(597.0,597.0)
(597.0,597.0)
(597.0,597.0)
(597.0,597.0)
(597.0,597.0)
(597.0,597.0)
(597.0,597.0)
(597.0,597.0)
(597.0,597.0)
(597.0,597.0)
(597.0,597.0)
(597.0,597.0)
(597.0,597.0)
(597.0,597.0)
(597.0,597.0)
(597.0,597.0)
(597.0,597.0)
(597.0,597.0)
(597.0,597.0)
(597.0,597.0)
(597.0,597.0)
(597.0,597.0)
(262.0,597.0)
(597.0,597.0)
(597.0,597.0)
(597.0,597.0)
(597.0,597.0)
(597.0,597.0)
(597.0,597.0)
(597.0,597.0)
(597.0,597.0)
(597.0,597.0)
(597.0,597.0)
(597.0,597.0)
(597.0,597.0)
(597.0,597.0)
(597.0,597.0)
(597.0,597.0)
(597.0,597.0)
(597.0,597.0)
(597.0,597.0)
(597.0,597.0)
(597.0,597.0)
(597.0,597.0)
(597.0,597.0)
(597.0,597.0)
(597.0,597.0)
(597.0,597.0)
(597.0,597.0)
(597.0,597.0)
(597.0,597.0)
(597.0,597.0)
(597.0,597.0)
(597.0,597.0)
(597.0,597.0)
(597.0,597.0)
(597.0,597.0)
(597.0,597.0)
(597.0,597.0)
(597.0,597.0)
(597.0,597.0)
(597.0,597.0)
(597.0,597.0)
(597.0,597.0)
(597.0,597.0)
(597.0,597.0)
(597.0,597.0)
(597.0,597.0)
(597.0,597.0)
(597.0,597.0)
(597.0,597.0)
(597.0,597.0)
(597.0,597.0)
(597.0,597.0)
(597.0,597.0)
(597.0,597.0)
(597.0,597.0)
(597.0,597.0)
(597.0,597.0)
(597.0,597.0)
(597.0,597.0)
(597.0,597.0)
(597.0,597.0)
(597.0,597.0)
(597.0,597.0)
(597.0,597.0)
(597.0,597.0)
(597.0,597.0)
(597.0,597.0)
(597.0,597.0)
(597.0,597.0)
(262.0,597.0)
(597.0,597.0)
(597.0,597.0)
(597.0,597.0)
(239.0,597.0)
(641.0,597.0)
(597.0,597.0)
(641.0,597.0)
(262.0,597.0)
(597.0,597.0)
(239.0,597.0)
(597.0,597.0)
(597.0,597.0)
(596.0,597.0)
(228.0,597.0)
(641.0,597.0)
(597.0,597.0)
(597.0,597.0)
(597.0,597.0)
(641.0,597.0)
(239.0,597.0)
(597.0,597.0)
(267.0,597.0)
(597.0,597.0)
(597.0,597.0)
(641.0,597.0)
(228.0,597.0)
(597.0,597.0)
(597.0,597.0)
(597.0,597.0)
(597.0,597.0)
(597.0,597.0)
(597.0,597.0)
(228.0,597.0)
(597.0,597.0)
(228.0,597.0)
(641.0,597.0)
(597.0,597.0)
(597.0,597.0)
(228.0,597.0)
(597.0,597.0)
(597.0,597.0)
(597.0,597.0)
(247.0,597.0)
(597.0,597.0)
(597.0,597.0)
(239.0,597.0)
(596.0,597.0)
(228.0,597.0)
(657.0,597.0)
(597.0,597.0)
(247.0,597.0)
(228.0,597.0)
(597.0,597.0)
(597.0,597.0)
(597.0,597.0)
(657.0,597.0)
(228.0,597.0)
(597.0,597.0)
(597.0,597.0)
(597.0,597.0)
(597.0,597.0)
(597.0,597.0)
(596.0,597.0)
(597.0,597.0)
(239.0,597.0)
(597.0,597.0)
(597.0,597.0)
(597.0,597.0)
(597.0,597.0)
(613.0,597.0)
(641.0,597.0)
(641.0,597.0)
(641.0,597.0)
(228.0,597.0)
(597.0,597.0)
(228.0,597.0)
(228.0,597.0)
(597.0,597.0)
(639.0,597.0)
(597.0,597.0)
(239.0,597.0)
(597.0,597.0)
(597.0,597.0)
(228.0,597.0)
(657.0,597.0)
(597.0,597.0)
(597.0,597.0)
(597.0,597.0)
(597.0,597.0)
(228.0,597.0)
(239.0,597.0)
(597.0,597.0)
(597.0,597.0)
(597.0,597.0)
(597.0,597.0)
(597.0,597.0)
(596.0,597.0)
(597.0,597.0)
(641.0,597.0)
(641.0,597.0)
(641.0,597.0)
(597.0,597.0)
(597.0,597.0)
(597.0,597.0)
(639.0,597.0)
(641.0,597.0)
(596.0,597.0)
(597.0,597.0)
(597.0,597.0)
(597.0,597.0)
(267.0,597.0)
(597.0,597.0)
(597.0,597.0)
(597.0,597.0)
(639.0,597.0)
(641.0,597.0)
(641.0,597.0)
(597.0,597.0)
(597.0,597.0)
(641.0,597.0)
(641.0,597.0)
(597.0,597.0)
(657.0,597.0)
(639.0,597.0)
(597.0,597.0)
(597.0,597.0)
(597.0,597.0)
(228.0,597.0)
(641.0,597.0)
(262.0,597.0)
(239.0,597.0)
(641.0,597.0)
(597.0,597.0)
(597.0,597.0)
(596.0,597.0)
(641.0,597.0)
(267.0,597.0)
(639.0,597.0)
(597.0,597.0)
(596.0,597.0)
(228.0,597.0)
(597.0,597.0)
(228.0,597.0)
(641.0,597.0)
(597.0,597.0)
(228.0,597.0)
(597.0,597.0)
(228.0,597.0)
(641.0,597.0)
(228.0,597.0)
(239.0,597.0)
(597.0,597.0)
(597.0,597.0)
(657.0,597.0)
(597.0,597.0)
(239.0,597.0)
(597.0,597.0)
(228.0,597.0)
(641.0,597.0)
(641.0,597.0)
(597.0,597.0)
(641.0,597.0)
(597.0,597.0)
(228.0,597.0)
(597.0,597.0)
(597.0,597.0)
(228.0,597.0)
(641.0,597.0)
(597.0,597.0)
(597.0,597.0)
(228.0,597.0)
(239.0,597.0)
(597.0,597.0)
(597.0,597.0)
(641.0,597.0)
(597.0,597.0)
(597.0,597.0)
(597.0,597.0)
(597.0,597.0)
(597.0,597.0)
(641.0,597.0)
(247.0,597.0)
(239.0,597.0)
(239.0,597.0)
(597.0,597.0)
(597.0,597.0)
(597.0,597.0)
(597.0,597.0)
(597.0,597.0)
(239.0,597.0)
(228.0,597.0)
(239.0,597.0)
(228.0,597.0)
(597.0,597.0)
(641.0,597.0)
(641.0,597.0)
(597.0,597.0)
(228.0,597.0)
(641.0,597.0)
(262.0,597.0)
(228.0,597.0)
(657.0,597.0)
(597.0,597.0)
(597.0,597.0)
(597.0,597.0)
(597.0,597.0)
(597.0,597.0)
(262.0,597.0)
(262.0,597.0)
(597.0,597.0)
(597.0,597.0)
(597.0,597.0)
(262.0,597.0)
(597.0,597.0)
(212.0,597.0)
(597.0,597.0)
(597.0,597.0)
(597.0,597.0)
(212.0,597.0)
(597.0,597.0)
(597.0,597.0)
(597.0,597.0)
(597.0,597.0)
(597.0,597.0)
(597.0,597.0)
(597.0,597.0)
(249.0,597.0)
(597.0,597.0)
(262.0,597.0)
(212.0,597.0)
(262.0,597.0)
(262.0,597.0)
(597.0,597.0)
(597.0,597.0)
(597.0,597.0)
(597.0,597.0)
(262.0,597.0)
(597.0,597.0)
(597.0,597.0)
(262.0,597.0)
(597.0,597.0)
(597.0,597.0)
(597.0,597.0)
(597.0,597.0)
(262.0,597.0)
(597.0,597.0)
(262.0,597.0)
(597.0,597.0)
(597.0,597.0)
(597.0,597.0)
(597.0,597.0)
(597.0,597.0)
(597.0,597.0)
(597.0,597.0)
(597.0,597.0)
(597.0,597.0)
(597.0,597.0)
(597.0,597.0)
(597.0,597.0)
(597.0,597.0)
(597.0,597.0)
(597.0,597.0)
(262.0,597.0)
(212.0,597.0)
(597.0,597.0)
(249.0,597.0)
(597.0,597.0)
(262.0,597.0)
(597.0,597.0)
(597.0,597.0)
(597.0,597.0)
(212.0,597.0)
(212.0,597.0)
(597.0,597.0)
(597.0,597.0)
(262.0,597.0)
(597.0,597.0)
(212.0,597.0)
(262.0,597.0)
(597.0,597.0)
(597.0,597.0)
(597.0,597.0)
(597.0,597.0)
(597.0,597.0)
(212.0,597.0)
(597.0,597.0)
(262.0,597.0)
(597.0,597.0)
(262.0,597.0)
(597.0,597.0)
(597.0,597.0)
(597.0,597.0)
(597.0,597.0)
(262.0,597.0)
(262.0,597.0)
(597.0,597.0)
(262.0,597.0)
(597.0,597.0)
(212.0,597.0)
(597.0,597.0)
(212.0,597.0)
(597.0,597.0)
(597.0,597.0)
(262.0,597.0)
(597.0,597.0)
(597.0,597.0)
(262.0,597.0)
(597.0,597.0)
(597.0,597.0)
(597.0,597.0)
(597.0,597.0)
(597.0,597.0)
(597.0,597.0)
(597.0,597.0)
(597.0,597.0)
(597.0,597.0)
(597.0,597.0)
(597.0,597.0)
(597.0,597.0)
(597.0,597.0)
(212.0,597.0)
(262.0,597.0)
(597.0,597.0)
(597.0,597.0)
(249.0,597.0)
(597.0,597.0)
(597.0,597.0)
(597.0,597.0)
(212.0,597.0)
(262.0,597.0)
(597.0,597.0)
(597.0,597.0)
(597.0,597.0)
(597.0,597.0)
(262.0,597.0)
(597.0,597.0)
(597.0,597.0)
(597.0,597.0)
(212.0,597.0)
(262.0,597.0)
(262.0,597.0)
(262.0,597.0)
(597.0,597.0)
(212.0,597.0)
(597.0,597.0)
(597.0,597.0)
(597.0,597.0)
(597.0,597.0)
(597.0,597.0)
(597.0,597.0)
(597.0,597.0)
(597.0,597.0)
(262.0,597.0)
(597.0,597.0)
(212.0,597.0)
(597.0,597.0)
(597.0,597.0)
(597.0,597.0)
(597.0,597.0)
(212.0,597.0)
(597.0,597.0)
(212.0,597.0)
(597.0,597.0)
(262.0,597.0)
(597.0,597.0)
(249.0,597.0)
(597.0,597.0)
(597.0,597.0)
(597.0,597.0)
(597.0,597.0)
(597.0,597.0)
(597.0,597.0)
(597.0,597.0)
(597.0,597.0)
(212.0,597.0)
(597.0,597.0)
(597.0,597.0)
(597.0,597.0)
(597.0,597.0)
(262.0,597.0)
(212.0,597.0)
(597.0,597.0)
(597.0,597.0)
(597.0,597.0)
(597.0,597.0)
(262.0,597.0)
(597.0,597.0)
(597.0,597.0)
(249.0,597.0)
(597.0,597.0)
(597.0,597.0)
(597.0,597.0)
(262.0,597.0)
(597.0,597.0)
(212.0,597.0)
(597.0,597.0)
(597.0,597.0)
(597.0,597.0)
(212.0,597.0)
(262.0,597.0)
(597.0,597.0)
(597.0,597.0)
(597.0,597.0)
(597.0,597.0)
(597.0,597.0)
(597.0,597.0)
(597.0,597.0)
(262.0,597.0)
(597.0,597.0)
(597.0,597.0)
(597.0,597.0)
(597.0,597.0)
(597.0,597.0)
(597.0,597.0)
(597.0,597.0)
(597.0,597.0)
(597.0,597.0)
(597.0,597.0)
(597.0,597.0)
(597.0,597.0)
(597.0,597.0)
(597.0,597.0)
(597.0,597.0)
(597.0,597.0)
(597.0,597.0)
(597.0,597.0)
(597.0,597.0)
(597.0,597.0)
(597.0,597.0)
(597.0,597.0)
(597.0,597.0)
(597.0,597.0)
(597.0,597.0)
(597.0,597.0)
(597.0,597.0)
(597.0,597.0)
(597.0,597.0)
(597.0,597.0)
(597.0,597.0)
(597.0,597.0)
(597.0,597.0)
(597.0,597.0)
(597.0,597.0)
(597.0,597.0)
(597.0,597.0)
(597.0,597.0)
(597.0,597.0)
(597.0,597.0)
(597.0,597.0)
(597.0,597.0)
(597.0,597.0)
(597.0,597.0)
(597.0,597.0)
(597.0,597.0)
(597.0,597.0)
(597.0,597.0)
(597.0,597.0)
(597.0,597.0)
(597.0,597.0)
(597.0,597.0)
(597.0,597.0)
(597.0,597.0)
(597.0,597.0)
(597.0,597.0)
(597.0,597.0)
(597.0,597.0)
(597.0,597.0)
(597.0,597.0)
(597.0,597.0)
(597.0,597.0)
(597.0,597.0)
(597.0,597.0)
(597.0,597.0)
(597.0,597.0)
(597.0,597.0)
(597.0,597.0)
(597.0,597.0)
(597.0,597.0)
(597.0,597.0)
(597.0,597.0)
(597.0,597.0)
(597.0,597.0)
(597.0,597.0)
(597.0,597.0)
(597.0,597.0)
(597.0,597.0)
(597.0,597.0)
(597.0,597.0)
(597.0,597.0)
(597.0,597.0)
(597.0,597.0)
(597.0,597.0)
(597.0,597.0)
(597.0,597.0)
(597.0,597.0)
(597.0,597.0)
(597.0,597.0)
(597.0,597.0)
(597.0,597.0)
(597.0,597.0)
(597.0,597.0)
(597.0,597.0)
(597.0,597.0)
(597.0,597.0)
(597.0,597.0)
(597.0,597.0)
(597.0,597.0)
(597.0,597.0)
(597.0,597.0)
(597.0,597.0)
(597.0,597.0)
(597.0,597.0)
(597.0,597.0)
(597.0,597.0)
(597.0,597.0)
(597.0,597.0)
(597.0,597.0)
(597.0,597.0)
(597.0,597.0)
(597.0,597.0)
(597.0,597.0)
(597.0,597.0)
(597.0,597.0)
(597.0,597.0)
(597.0,597.0)
(597.0,597.0)
(597.0,597.0)
(262.0,597.0)
(597.0,597.0)
(597.0,597.0)
(597.0,597.0)
(597.0,597.0)
(597.0,597.0)
(597.0,597.0)
(597.0,597.0)
(597.0,597.0)
(597.0,597.0)
(597.0,597.0)
(597.0,597.0)
(597.0,597.0)
(597.0,597.0)
(597.0,597.0)
(597.0,597.0)
(597.0,597.0)
(597.0,597.0)
(597.0,597.0)
(597.0,597.0)
(597.0,597.0)
(597.0,597.0)
(597.0,597.0)
(597.0,597.0)
(597.0,597.0)
(597.0,597.0)
(597.0,597.0)
(597.0,597.0)
(597.0,597.0)
(597.0,597.0)
(597.0,597.0)
(597.0,597.0)
(597.0,597.0)
(597.0,597.0)
(597.0,597.0)
(597.0,597.0)
(597.0,597.0)
(597.0,597.0)
(597.0,597.0)
(597.0,597.0)
(597.0,597.0)
(597.0,597.0)
(597.0,597.0)
(597.0,597.0)
(597.0,597.0)
(597.0,597.0)
(597.0,597.0)
(597.0,597.0)
(597.0,597.0)
(597.0,597.0)
(597.0,597.0)
(597.0,597.0)
(597.0,597.0)
(597.0,597.0)
(597.0,597.0)
(597.0,597.0)
(597.0,597.0)
(597.0,597.0)
(597.0,597.0)
(597.0,597.0)
(597.0,597.0)
(597.0,597.0)
(597.0,597.0)
(597.0,597.0)
(597.0,597.0)
(597.0,597.0)
(597.0,597.0)
(597.0,597.0)
(597.0,597.0)
(262.0,597.0)
(597.0,597.0)
(597.0,597.0)
(597.0,597.0)
(597.0,597.0)
(597.0,597.0)
(597.0,597.0)
(597.0,597.0)
(597.0,597.0)
(597.0,597.0)
(597.0,597.0)
(597.0,597.0)
(597.0,597.0)
(597.0,597.0)
(343.0,597.0)
(597.0,597.0)
(597.0,597.0)
(597.0,597.0)
(597.0,597.0)
(597.0,597.0)
(597.0,597.0)
(597.0,597.0)
(597.0,597.0)
(597.0,597.0)
(597.0,597.0)
(597.0,597.0)
(597.0,597.0)
(597.0,597.0)
(597.0,597.0)
(597.0,597.0)
(597.0,597.0)
(597.0,597.0)
(343.0,597.0)
(597.0,597.0)
(343.0,597.0)
(597.0,597.0)
(597.0,597.0)
(597.0,597.0)
(343.0,597.0)
(597.0,597.0)
(597.0,597.0)
(597.0,597.0)
(597.0,597.0)
(597.0,597.0)
(597.0,597.0)
(597.0,597.0)
(597.0,597.0)
(597.0,597.0)
(597.0,597.0)
(597.0,597.0)
(597.0,597.0)
(597.0,597.0)
(597.0,597.0)
(597.0,597.0)
(597.0,597.0)
(597.0,597.0)
(597.0,597.0)
(597.0,597.0)
(597.0,597.0)
(597.0,597.0)
(597.0,597.0)
(597.0,597.0)
(597.0,597.0)
(597.0,597.0)
(597.0,597.0)
(597.0,597.0)
(597.0,597.0)
(597.0,597.0)
(597.0,597.0)
(597.0,597.0)
(597.0,597.0)
(597.0,597.0)
(597.0,597.0)
(343.0,597.0)
(597.0,597.0)
(597.0,597.0)
(343.0,597.0)
(597.0,597.0)
(239.0,597.0)
(597.0,597.0)
(597.0,597.0)
(597.0,597.0)
(597.0,597.0)
(343.0,597.0)
(597.0,597.0)
(597.0,597.0)
(597.0,597.0)
(597.0,597.0)
(597.0,597.0)
(597.0,597.0)
(597.0,597.0)
(597.0,597.0)
(597.0,597.0)
(597.0,597.0)
(597.0,597.0)
(597.0,597.0)
(597.0,597.0)
(597.0,597.0)
(597.0,597.0)
(597.0,597.0)
(597.0,597.0)
(597.0,597.0)
(597.0,597.0)
(597.0,597.0)
(597.0,597.0)
(597.0,597.0)
(597.0,597.0)
(597.0,597.0)
(597.0,597.0)
(597.0,597.0)
(597.0,597.0)
(597.0,597.0)
(597.0,597.0)
(639.0,597.0)
(597.0,597.0)
(597.0,597.0)
(597.0,597.0)
(597.0,597.0)
(597.0,597.0)
(597.0,597.0)
(597.0,597.0)
(597.0,597.0)
(639.0,597.0)
(597.0,597.0)
(597.0,597.0)
(597.0,597.0)
(597.0,597.0)
(597.0,597.0)
(597.0,597.0)
(597.0,597.0)
(597.0,597.0)
(597.0,597.0)
(597.0,597.0)
(597.0,597.0)
(597.0,597.0)
(239.0,597.0)
(597.0,597.0)
(597.0,597.0)
(597.0,597.0)
(597.0,597.0)
(343.0,597.0)
(597.0,597.0)
(597.0,597.0)
(597.0,597.0)
(597.0,597.0)
(597.0,597.0)
(597.0,597.0)
(597.0,597.0)
(597.0,597.0)
(597.0,597.0)
(597.0,597.0)
(597.0,597.0)
(597.0,597.0)
(597.0,597.0)
(597.0,597.0)
(343.0,597.0)
(597.0,597.0)
(597.0,597.0)
(597.0,597.0)
(597.0,597.0)
(597.0,597.0)
(597.0,597.0)
(597.0,597.0)
(597.0,597.0)
(597.0,597.0)
(597.0,597.0)
(597.0,597.0)
(597.0,597.0)
(343.0,597.0)
(597.0,597.0)
(597.0,597.0)
(597.0,597.0)
(597.0,597.0)
(597.0,597.0)
(597.0,597.0)
(597.0,597.0)
(597.0,597.0)
(597.0,597.0)
(597.0,597.0)
(597.0,597.0)
(597.0,597.0)
(597.0,597.0)
(597.0,597.0)
(597.0,597.0)
(597.0,597.0)
(597.0,597.0)
(597.0,597.0)
(597.0,597.0)
(343.0,597.0)
(597.0,597.0)
(597.0,597.0)
(597.0,597.0)
(597.0,597.0)
(597.0,597.0)
(597.0,597.0)
(597.0,597.0)
(597.0,597.0)
(597.0,597.0)
(597.0,597.0)
(597.0,597.0)
(636.0,597.0)
(597.0,597.0)
(645.0,597.0)
(645.0,597.0)
(239.0,597.0)
(636.0,597.0)
(597.0,597.0)
(597.0,597.0)
(597.0,597.0)
(636.0,597.0)
(636.0,597.0)
(645.0,597.0)
(597.0,597.0)
(597.0,597.0)
(645.0,597.0)
(597.0,597.0)
(597.0,597.0)
(597.0,597.0)
(636.0,597.0)
(262.0,597.0)
(262.0,597.0)
(636.0,597.0)
(597.0,597.0)
(636.0,597.0)
(597.0,597.0)
(597.0,597.0)
(253.0,597.0)
(597.0,597.0)
(636.0,597.0)
(645.0,597.0)
(636.0,597.0)
(186.0,597.0)
(636.0,597.0)
(636.0,597.0)
(636.0,597.0)
(636.0,597.0)
(597.0,597.0)
(597.0,597.0)
(636.0,597.0)
(597.0,597.0)
(239.0,597.0)
(253.0,597.0)
(597.0,597.0)
(636.0,597.0)
(597.0,597.0)
(262.0,597.0)
(597.0,597.0)
(597.0,597.0)
(636.0,597.0)
(597.0,597.0)
(262.0,597.0)
(597.0,597.0)
(597.0,597.0)
(597.0,597.0)
(597.0,597.0)
(597.0,597.0)
(239.0,597.0)
(597.0,597.0)
(597.0,597.0)
(636.0,597.0)
(597.0,597.0)
(636.0,597.0)
(636.0,597.0)
(713.0,597.0)
(645.0,597.0)
(240.0,597.0)
(636.0,597.0)
(636.0,597.0)
(597.0,597.0)
(636.0,597.0)
(597.0,597.0)
(597.0,597.0)
(636.0,597.0)
(636.0,597.0)
(240.0,597.0)
(645.0,597.0)
(597.0,597.0)
(262.0,597.0)
(597.0,597.0)
(636.0,597.0)
(253.0,597.0)
(597.0,597.0)
(597.0,597.0)
(636.0,597.0)
(636.0,597.0)
(636.0,597.0)
(597.0,597.0)
(239.0,597.0)
(636.0,597.0)
(645.0,597.0)
(645.0,597.0)
(645.0,597.0)
(597.0,597.0)
(597.0,597.0)
(636.0,597.0)
(240.0,597.0)
(645.0,597.0)
(239.0,597.0)
(597.0,597.0)
(636.0,597.0)
(597.0,597.0)
(636.0,597.0)
(636.0,597.0)
(597.0,597.0)
(636.0,597.0)
(240.0,597.0)
(713.0,597.0)
(597.0,597.0)
(597.0,597.0)
(645.0,597.0)
(645.0,597.0)
(636.0,597.0)
(240.0,597.0)
(636.0,597.0)
(636.0,597.0)
(636.0,597.0)
(597.0,597.0)
(262.0,597.0)
(645.0,597.0)
(636.0,597.0)
(597.0,597.0)
(645.0,597.0)
(597.0,597.0)
(239.0,597.0)
(645.0,597.0)
(597.0,597.0)
(636.0,597.0)
(597.0,597.0)
(239.0,597.0)
(636.0,597.0)
(240.0,597.0)
(645.0,597.0)
(597.0,597.0)
(597.0,597.0)
(253.0,597.0)
(645.0,597.0)
(253.0,597.0)
(597.0,597.0)
(597.0,597.0)
(636.0,597.0)
(240.0,597.0)
(597.0,597.0)
(597.0,597.0)
(597.0,597.0)
(636.0,597.0)
(645.0,597.0)
(645.0,597.0)
(636.0,597.0)
(645.0,597.0)
(262.0,597.0)
(597.0,597.0)
(636.0,597.0)
(262.0,597.0)
(240.0,597.0)
(597.0,597.0)
(597.0,597.0)
(240.0,597.0)
(597.0,597.0)
(597.0,597.0)
(597.0,597.0)
(645.0,597.0)
(636.0,597.0)
(597.0,597.0)
(597.0,597.0)
(597.0,597.0)
(262.0,597.0)
(636.0,597.0)
(597.0,597.0)
(597.0,597.0)
(597.0,597.0)
(636.0,597.0)
(636.0,597.0)
(597.0,597.0)
(636.0,597.0)
(597.0,597.0)
(636.0,597.0)
(597.0,597.0)
(597.0,597.0)
(645.0,597.0)
(645.0,597.0)
(597.0,597.0)
(253.0,597.0)
(645.0,597.0)
(239.0,597.0)
(253.0,597.0)
(597.0,597.0)
(636.0,597.0)
(636.0,598.0)
(602.0,598.0)
(602.0,598.0)
(267.0,598.0)
(602.0,598.0)
(267.0,598.0)
(620.0,598.0)
(602.0,598.0)
(602.0,598.0)
(602.0,598.0)
(602.0,598.0)
(602.0,598.0)
(267.0,598.0)
(602.0,598.0)
(602.0,598.0)
(602.0,598.0)
(602.0,598.0)
(602.0,598.0)
(602.0,598.0)
(636.0,598.0)
(602.0,598.0)
(602.0,598.0)
(602.0,598.0)
(602.0,598.0)
(267.0,598.0)
(636.0,598.0)
(267.0,598.0)
(602.0,598.0)
(602.0,598.0)
(267.0,598.0)
(602.0,598.0)
(602.0,598.0)
(602.0,598.0)
(267.0,598.0)
(602.0,598.0)
(602.0,598.0)
(267.0,598.0)
(267.0,598.0)
(267.0,598.0)
(602.0,598.0)
(602.0,598.0)
(624.0,601.0)
(597.0,601.0)
(645.0,601.0)
(215.0,601.0)
(645.0,601.0)
(624.0,601.0)
(624.0,601.0)
(597.0,601.0)
(597.0,601.0)
(597.0,601.0)
(624.0,601.0)
(624.0,601.0)
(645.0,601.0)
(597.0,601.0)
(597.0,601.0)
(215.0,601.0)
(190.0,601.0)
(597.0,601.0)
(597.0,601.0)
(597.0,601.0)
(624.0,601.0)
(624.0,601.0)
(215.0,601.0)
(215.0,601.0)
(624.0,601.0)
(597.0,601.0)
(624.0,601.0)
(597.0,601.0)
(215.0,601.0)
(597.0,601.0)
(624.0,601.0)
(597.0,601.0)
(624.0,601.0)
(645.0,601.0)
(624.0,601.0)
(597.0,601.0)
(624.0,601.0)
(624.0,601.0)
(624.0,601.0)
(624.0,601.0)
(597.0,601.0)
(597.0,601.0)
(624.0,601.0)
(597.0,601.0)
(624.0,601.0)
(624.0,601.0)
(645.0,601.0)
(624.0,601.0)
(597.0,601.0)
(215.0,601.0)
(597.0,601.0)
(597.0,601.0)
(624.0,601.0)
(645.0,601.0)
(215.0,601.0)
(597.0,601.0)
(597.0,601.0)
(597.0,601.0)
(597.0,601.0)
(597.0,601.0)
(624.0,601.0)
(597.0,601.0)
(597.0,601.0)
(624.0,601.0)
(624.0,601.0)
(624.0,601.0)
(624.0,601.0)
(215.0,601.0)
(645.0,601.0)
(215.0,601.0)
(624.0,601.0)
(624.0,601.0)
(215.0,601.0)
(624.0,601.0)
(597.0,601.0)
(624.0,601.0)
(597.0,601.0)
(597.0,601.0)
(624.0,601.0)
(624.0,601.0)
(624.0,601.0)
(645.0,601.0)
(597.0,601.0)
(624.0,601.0)
(597.0,601.0)
(624.0,601.0)
(624.0,601.0)
(597.0,601.0)
(597.0,601.0)
(624.0,601.0)
(624.0,601.0)
(624.0,601.0)
(597.0,601.0)
(624.0,601.0)
(624.0,601.0)
(645.0,601.0)
(597.0,601.0)
(597.0,601.0)
(597.0,601.0)
(597.0,601.0)
(645.0,601.0)
(645.0,601.0)
(624.0,601.0)
(597.0,601.0)
(597.0,601.0)
(624.0,601.0)
(597.0,601.0)
(624.0,601.0)
(624.0,601.0)
(597.0,601.0)
(624.0,601.0)
(645.0,601.0)
(645.0,601.0)
(597.0,601.0)
(597.0,601.0)
(645.0,601.0)
(215.0,601.0)
(624.0,601.0)
(645.0,601.0)
(624.0,601.0)
(624.0,601.0)
(624.0,601.0)
(599.0,601.0)
(629.0,601.0)
(624.0,601.0)
(597.0,601.0)
(645.0,601.0)
(215.0,601.0)
(597.0,601.0)
(624.0,601.0)
(645.0,601.0)
(597.0,601.0)
(624.0,601.0)
(597.0,601.0)
(624.0,601.0)
(215.0,601.0)
(624.0,601.0)
(624.0,601.0)
(645.0,601.0)
(597.0,601.0)
(215.0,601.0)
(597.0,601.0)
(624.0,601.0)
(645.0,601.0)
(624.0,601.0)
(597.0,601.0)
(631.0,601.0)
(624.0,601.0)
(645.0,601.0)
(597.0,601.0)
(597.0,601.0)
(597.0,601.0)
(624.0,601.0)
(215.0,601.0)
(624.0,601.0)
(645.0,601.0)
(624.0,601.0)
(215.0,601.0)
(597.0,601.0)
(624.0,601.0)
(629.0,601.0)
(645.0,601.0)
(631.0,601.0)
(597.0,601.0)
(624.0,601.0)
(597.0,601.0)
(597.0,601.0)
(597.0,601.0)
(215.0,601.0)
(624.0,601.0)
(597.0,601.0)
(631.0,601.0)
(597.0,601.0)
(624.0,601.0)
(645.0,601.0)
(597.0,601.0)
(597.0,601.0)
(597.0,601.0)
(624.0,601.0)
(624.0,601.0)
(597.0,601.0)
(631.0,601.0)
(624.0,601.0)
(597.0,601.0)
(624.0,601.0)
(597.0,601.0)
(215.0,601.0)
(597.0,601.0)
(215.0,601.0)
(645.0,601.0)
(597.0,601.0)
(624.0,601.0)
(597.0,601.0)
(624.0,601.0)
(215.0,601.0)
(645.0,601.0)
(624.0,601.0)
(597.0,601.0)
(597.0,601.0)
(597.0,601.0)
(260.0,599.0)
(639.0,599.0)
(639.0,599.0)
(637.0,599.0)
(639.0,599.0)
(596.0,599.0)
(613.0,599.0)
(639.0,599.0)
(639.0,599.0)
(637.0,599.0)
(596.0,599.0)
(613.0,599.0)
(641.0,599.0)
(637.0,599.0)
(637.0,599.0)
(637.0,599.0)
(262.0,599.0)
(639.0,599.0)
(637.0,599.0)
(639.0,599.0)
(239.0,599.0)
(239.0,599.0)
(262.0,599.0)
(637.0,599.0)
(239.0,599.0)
(639.0,599.0)
(239.0,599.0)
(639.0,599.0)
(637.0,599.0)
(637.0,599.0)
(613.0,599.0)
(639.0,599.0)
(613.0,599.0)
(639.0,599.0)
(239.0,599.0)
(639.0,599.0)
(613.0,599.0)
(596.0,599.0)
(260.0,599.0)
(239.0,599.0)
(639.0,599.0)
(637.0,599.0)
(596.0,599.0)
(639.0,599.0)
(596.0,599.0)
(613.0,599.0)
(639.0,599.0)
(260.0,599.0)
(639.0,599.0)
(637.0,599.0)
(637.0,599.0)
(637.0,599.0)
(239.0,599.0)
(639.0,599.0)
(637.0,599.0)
(637.0,599.0)
(637.0,599.0)
(637.0,599.0)
(637.0,599.0)
(637.0,599.0)
(596.0,599.0)
(639.0,599.0)
(639.0,599.0)
(239.0,599.0)
(239.0,599.0)
(239.0,599.0)
(239.0,599.0)
(637.0,599.0)
(639.0,599.0)
(262.0,599.0)
(613.0,599.0)
(239.0,599.0)
(637.0,599.0)
(613.0,599.0)
(639.0,599.0)
(239.0,599.0)
(637.0,599.0)
(639.0,599.0)
(239.0,599.0)
(596.0,599.0)
(613.0,599.0)
(639.0,599.0)
(637.0,599.0)
(258.0,599.0)
(637.0,599.0)
(239.0,599.0)
(228.0,599.0)
(639.0,599.0)
(637.0,599.0)
(239.0,599.0)
(239.0,599.0)
(260.0,599.0)
(637.0,599.0)
(596.0,599.0)
(239.0,599.0)
(641.0,599.0)
(637.0,599.0)
(637.0,599.0)
(639.0,599.0)
(639.0,599.0)
(639.0,599.0)
(639.0,599.0)
(596.0,599.0)
(639.0,599.0)
(637.0,599.0)
(239.0,599.0)
(639.0,599.0)
(239.0,599.0)
(239.0,599.0)
(637.0,599.0)
(613.0,599.0)
(639.0,599.0)
(639.0,599.0)
(637.0,599.0)
(637.0,599.0)
(639.0,599.0)
(639.0,599.0)
(239.0,599.0)
(639.0,599.0)
(613.0,599.0)
(239.0,599.0)
(239.0,599.0)
(639.0,599.0)
(637.0,599.0)
(262.0,599.0)
(596.0,599.0)
(639.0,599.0)
(639.0,599.0)
(637.0,599.0)
(637.0,599.0)
(596.0,599.0)
(262.0,599.0)
(639.0,599.0)
(613.0,599.0)
(639.0,599.0)
(596.0,599.0)
(637.0,599.0)
(613.0,599.0)
(613.0,599.0)
(641.0,599.0)
(639.0,599.0)
(637.0,599.0)
(639.0,599.0)
(613.0,599.0)
(639.0,599.0)
(613.0,599.0)
(639.0,599.0)
(637.0,599.0)
(239.0,599.0)
(639.0,599.0)
(639.0,599.0)
(639.0,599.0)
(637.0,599.0)
(613.0,599.0)
(262.0,599.0)
(239.0,599.0)
(641.0,599.0)
(239.0,599.0)
(637.0,599.0)
(637.0,599.0)
(239.0,599.0)
(637.0,599.0)
(639.0,599.0)
(637.0,599.0)
(637.0,599.0)
(613.0,599.0)
(639.0,599.0)
(637.0,599.0)
(637.0,599.0)
(262.0,599.0)
(239.0,599.0)
(639.0,599.0)
(637.0,599.0)
(639.0,599.0)
(239.0,599.0)
(262.0,599.0)
(639.0,599.0)
(639.0,599.0)
(639.0,599.0)
(239.0,599.0)
(239.0,599.0)
(637.0,599.0)
(637.0,599.0)
(239.0,599.0)
(639.0,599.0)
(613.0,599.0)
(639.0,599.0)
(637.0,599.0)
(639.0,599.0)
(262.0,599.0)
(639.0,599.0)
(639.0,599.0)
(613.0,599.0)
(639.0,599.0)
(596.0,599.0)
(637.0,599.0)
(639.0,599.0)
(239.0,599.0)
(637.0,599.0)
(637.0,599.0)
(645.0,600.0)
(599.0,600.0)
(215.0,600.0)
(239.0,600.0)
(215.0,600.0)
(645.0,600.0)
(215.0,600.0)
(599.0,600.0)
(239.0,600.0)
(215.0,600.0)
(645.0,600.0)
(215.0,600.0)
(215.0,600.0)
(215.0,600.0)
(239.0,600.0)
(239.0,600.0)
(212.0,600.0)
(599.0,600.0)
(599.0,600.0)
(239.0,600.0)
(645.0,600.0)
(258.0,600.0)
(215.0,600.0)
(215.0,600.0)
(645.0,600.0)
(239.0,600.0)
(258.0,600.0)
(239.0,600.0)
(239.0,600.0)
(239.0,600.0)
(215.0,600.0)
(215.0,600.0)
(258.0,600.0)
(215.0,600.0)
(215.0,600.0)
(645.0,600.0)
(645.0,600.0)
(215.0,600.0)
(599.0,600.0)
(215.0,600.0)
(645.0,600.0)
(599.0,600.0)
(215.0,600.0)
(645.0,600.0)
(599.0,600.0)
(215.0,600.0)
(599.0,600.0)
(215.0,600.0)
(215.0,600.0)
(215.0,600.0)
(215.0,600.0)
(215.0,600.0)
(599.0,600.0)
(239.0,600.0)
(215.0,600.0)
(215.0,600.0)
(239.0,600.0)
(239.0,600.0)
(645.0,600.0)
(645.0,600.0)
(258.0,600.0)
(645.0,600.0)
(239.0,600.0)
(215.0,600.0)
(212.0,600.0)
(212.0,600.0)
(215.0,600.0)
(645.0,600.0)
(215.0,600.0)
(215.0,600.0)
(239.0,600.0)
(215.0,600.0)
(215.0,600.0)
(239.0,600.0)
(258.0,600.0)
(645.0,600.0)
(215.0,600.0)
(215.0,600.0)
(239.0,600.0)
(258.0,600.0)
(239.0,600.0)
(645.0,600.0)
(599.0,600.0)
(215.0,600.0)
(645.0,600.0)
(258.0,600.0)
(645.0,600.0)
(215.0,600.0)
(645.0,600.0)
(645.0,600.0)
(215.0,600.0)
(212.0,600.0)
(212.0,600.0)
(599.0,600.0)
(239.0,600.0)
(645.0,600.0)
(215.0,600.0)
(215.0,600.0)
(239.0,600.0)
(239.0,600.0)
(645.0,600.0)
(239.0,600.0)
(645.0,600.0)
(258.0,600.0)
(215.0,600.0)
(215.0,600.0)
(215.0,600.0)
(215.0,600.0)
(239.0,600.0)
(215.0,600.0)
(215.0,600.0)
(215.0,600.0)
(215.0,600.0)
(645.0,600.0)
(645.0,600.0)
(215.0,600.0)
(212.0,600.0)
(215.0,600.0)
(239.0,600.0)
(215.0,600.0)
(239.0,600.0)
(215.0,600.0)
(215.0,600.0)
(215.0,600.0)
(239.0,600.0)
(215.0,600.0)
(239.0,600.0)
(215.0,600.0)
(215.0,600.0)
(215.0,600.0)
(215.0,600.0)
(212.0,600.0)
(215.0,600.0)
(215.0,600.0)
(239.0,600.0)
(215.0,600.0)
(599.0,600.0)
(239.0,600.0)
(645.0,600.0)
(599.0,600.0)
(215.0,600.0)
(215.0,600.0)
(212.0,600.0)
(212.0,600.0)
(645.0,600.0)
(215.0,600.0)
(258.0,600.0)
(215.0,600.0)
(215.0,600.0)
(645.0,600.0)
(215.0,600.0)
(215.0,600.0)
(215.0,600.0)
(215.0,600.0)
(215.0,600.0)
(599.0,600.0)
(215.0,600.0)
(215.0,600.0)
(212.0,600.0)
(645.0,600.0)
(239.0,600.0)
(632.0,600.0)
(215.0,600.0)
(258.0,600.0)
(215.0,600.0)
(599.0,600.0)
(599.0,600.0)
(599.0,600.0)
(645.0,600.0)
(258.0,600.0)
(239.0,600.0)
(239.0,600.0)
(645.0,600.0)
(599.0,600.0)
(215.0,600.0)
(599.0,600.0)
(215.0,600.0)
(599.0,600.0)
(212.0,600.0)
(215.0,600.0)
(239.0,600.0)
(212.0,600.0)
(645.0,600.0)
(215.0,600.0)
(214.0,604.0)
(645.0,604.0)
(240.0,604.0)
(214.0,604.0)
(214.0,604.0)
(214.0,604.0)
(240.0,604.0)
(645.0,604.0)
(645.0,604.0)
(639.0,604.0)
(639.0,604.0)
(645.0,604.0)
(639.0,604.0)
(639.0,604.0)
(215.0,604.0)
(240.0,604.0)
(645.0,604.0)
(639.0,604.0)
(214.0,604.0)
(639.0,604.0)
(639.0,604.0)
(214.0,604.0)
(214.0,604.0)
(240.0,604.0)
(214.0,604.0)
(639.0,604.0)
(240.0,604.0)
(214.0,604.0)
(639.0,604.0)
(639.0,604.0)
(639.0,604.0)
(639.0,604.0)
(240.0,604.0)
(212.0,604.0)
(639.0,604.0)
(214.0,604.0)
(639.0,604.0)
(214.0,604.0)
(212.0,604.0)
(645.0,604.0)
(639.0,604.0)
(639.0,604.0)
(639.0,604.0)
(639.0,604.0)
(214.0,604.0)
(214.0,604.0)
(639.0,604.0)
(645.0,604.0)
(645.0,604.0)
(645.0,604.0)
(214.0,604.0)
(639.0,604.0)
(639.0,604.0)
(639.0,604.0)
(240.0,604.0)
(240.0,604.0)
(240.0,604.0)
(645.0,604.0)
(639.0,604.0)
(240.0,604.0)
(214.0,604.0)
(639.0,604.0)
(240.0,604.0)
(639.0,604.0)
(214.0,604.0)
(214.0,604.0)
(645.0,604.0)
(214.0,604.0)
(214.0,604.0)
(212.0,604.0)
(645.0,604.0)
(645.0,604.0)
(639.0,604.0)
(240.0,604.0)
(215.0,604.0)
(240.0,604.0)
(645.0,604.0)
(639.0,604.0)
(645.0,604.0)
(639.0,604.0)
(639.0,604.0)
(240.0,604.0)
(240.0,604.0)
(639.0,604.0)
(639.0,604.0)
(645.0,604.0)
(639.0,604.0)
(639.0,604.0)
(639.0,604.0)
(240.0,604.0)
(240.0,604.0)
(240.0,604.0)
(214.0,604.0)
(240.0,604.0)
(639.0,604.0)
(602.0,602.0)
(262.0,602.0)
(262.0,602.0)
(602.0,602.0)
(602.0,602.0)
(602.0,602.0)
(602.0,602.0)
(262.0,602.0)
(262.0,602.0)
(602.0,602.0)
(602.0,602.0)
(613.0,602.0)
(602.0,602.0)
(602.0,602.0)
(617.0,602.0)
(602.0,602.0)
(262.0,602.0)
(602.0,602.0)
(602.0,602.0)
(602.0,602.0)
(602.0,602.0)
(602.0,602.0)
(602.0,602.0)
(602.0,602.0)
(613.0,602.0)
(602.0,602.0)
(602.0,602.0)
(613.0,602.0)
(602.0,602.0)
(617.0,602.0)
(602.0,602.0)
(602.0,602.0)
(602.0,602.0)
(602.0,602.0)
(262.0,602.0)
(262.0,602.0)
(602.0,602.0)
(602.0,602.0)
(617.0,602.0)
(602.0,602.0)
(602.0,602.0)
(602.0,602.0)
(262.0,602.0)
(602.0,602.0)
(602.0,602.0)
(602.0,602.0)
(602.0,602.0)
(602.0,602.0)
(602.0,602.0)
(602.0,602.0)
(262.0,602.0)
(262.0,602.0)
(262.0,602.0)
(602.0,602.0)
(602.0,602.0)
(602.0,602.0)
(602.0,602.0)
(602.0,602.0)
(613.0,602.0)
(262.0,602.0)
(262.0,602.0)
(262.0,602.0)
(602.0,602.0)
(613.0,602.0)
(602.0,602.0)
(602.0,602.0)
(602.0,602.0)
(613.0,602.0)
(262.0,602.0)
(602.0,602.0)
(262.0,602.0)
(602.0,602.0)
(262.0,602.0)
(602.0,602.0)
(617.0,602.0)
(602.0,602.0)
(602.0,602.0)
(262.0,602.0)
(262.0,602.0)
(602.0,602.0)
(613.0,602.0)
(617.0,602.0)
(602.0,602.0)
(262.0,602.0)
(602.0,602.0)
(262.0,602.0)
(602.0,602.0)
(602.0,602.0)
(262.0,602.0)
(602.0,602.0)
(262.0,602.0)
(602.0,602.0)
(602.0,602.0)
(262.0,602.0)
(602.0,602.0)
(602.0,602.0)
(602.0,602.0)
(602.0,602.0)
(262.0,602.0)
(262.0,602.0)
(602.0,602.0)
(613.0,602.0)
(602.0,602.0)
(240.0,605.0)
(240.0,605.0)
(240.0,605.0)
(240.0,605.0)
(240.0,605.0)
(240.0,605.0)
(240.0,605.0)
(240.0,605.0)
(240.0,605.0)
(240.0,605.0)
(240.0,605.0)
(240.0,605.0)
(240.0,605.0)
(240.0,605.0)
(240.0,605.0)
(240.0,605.0)
(240.0,605.0)
(621.0,605.0)
(240.0,605.0)
(240.0,605.0)
(240.0,605.0)
(240.0,605.0)
(240.0,605.0)
(240.0,605.0)
(240.0,605.0)
(240.0,605.0)
(240.0,605.0)
(645.0,605.0)
(240.0,605.0)
(240.0,605.0)
(240.0,605.0)
(240.0,605.0)
(240.0,605.0)
(240.0,605.0)
(621.0,605.0)
(240.0,605.0)
(240.0,605.0)
(240.0,605.0)
(240.0,605.0)
(240.0,605.0)
(240.0,605.0)
(252.0,603.0)
(211.0,603.0)
(597.0,603.0)
(211.0,603.0)
(252.0,603.0)
(252.0,603.0)
(211.0,603.0)
(211.0,603.0)
(211.0,603.0)
(252.0,603.0)
(231.0,603.0)
(660.0,603.0)
(211.0,603.0)
(211.0,603.0)
(211.0,603.0)
(231.0,603.0)
(660.0,603.0)
(211.0,603.0)
(211.0,603.0)
(660.0,603.0)
(211.0,603.0)
(211.0,603.0)
(211.0,603.0)
(211.0,603.0)
(252.0,603.0)
(211.0,603.0)
(231.0,603.0)
(597.0,603.0)
(211.0,603.0)
(231.0,603.0)
(252.0,603.0)
(211.0,603.0)
(211.0,603.0)
(252.0,603.0)
(211.0,603.0)
(252.0,603.0)
(231.0,603.0)
(252.0,603.0)
(211.0,603.0)
(211.0,603.0)
(211.0,603.0)
(211.0,603.0)
(211.0,603.0)
(211.0,603.0)
(211.0,603.0)
(211.0,603.0)
(211.0,603.0)
(211.0,603.0)
(252.0,603.0)
(211.0,603.0)
(211.0,603.0)
(211.0,603.0)
(597.0,603.0)
(211.0,603.0)
(231.0,603.0)
(211.0,603.0)
(231.0,603.0)
(211.0,603.0)
(252.0,603.0)
(211.0,603.0)
(211.0,603.0)
(252.0,603.0)
(231.0,603.0)
(597.0,603.0)
(211.0,603.0)
(211.0,603.0)
(231.0,603.0)
(211.0,603.0)
(211.0,603.0)
(252.0,603.0)
(211.0,603.0)
(252.0,603.0)
(660.0,603.0)
(211.0,603.0)
(211.0,603.0)
(211.0,603.0)
(211.0,603.0)
(597.0,603.0)
(597.0,603.0)
(252.0,603.0)
(211.0,603.0)
(211.0,603.0)
(211.0,603.0)
(211.0,603.0)
(252.0,603.0)
(597.0,603.0)
(211.0,603.0)
(211.0,603.0)
(597.0,603.0)
(252.0,603.0)
(211.0,603.0)
(211.0,603.0)
(597.0,603.0)
(211.0,603.0)
(211.0,603.0)
(252.0,603.0)
(660.0,603.0)
(211.0,603.0)
(252.0,603.0)
(211.0,603.0)
(252.0,603.0)
(211.0,603.0)
(252.0,603.0)
(231.0,603.0)
(660.0,603.0)
(211.0,603.0)
(211.0,603.0)
(211.0,603.0)
(231.0,603.0)
(597.0,603.0)
(231.0,603.0)
(211.0,603.0)
(211.0,603.0)
(211.0,603.0)
(211.0,603.0)
(231.0,603.0)
(612.0,603.0)
(660.0,603.0)
(211.0,603.0)
(211.0,603.0)
(211.0,603.0)
(211.0,603.0)
(211.0,603.0)
(264.0,603.0)
(211.0,603.0)
(211.0,603.0)
(211.0,603.0)
(660.0,603.0)
(211.0,603.0)
(211.0,603.0)
(211.0,603.0)
(660.0,603.0)
(211.0,603.0)
(211.0,603.0)
(211.0,603.0)
(211.0,603.0)
(211.0,603.0)
(211.0,603.0)
(231.0,603.0)
(211.0,603.0)
(211.0,603.0)
(211.0,603.0)
(660.0,603.0)
(597.0,603.0)
(211.0,603.0)
(252.0,603.0)
(211.0,603.0)
(252.0,603.0)
(231.0,603.0)
(211.0,603.0)
(211.0,603.0)
(211.0,603.0)
(602.0,602.0)
(262.0,602.0)
(262.0,602.0)
(602.0,602.0)
(602.0,602.0)
(602.0,602.0)
(602.0,602.0)
(262.0,602.0)
(262.0,602.0)
(602.0,602.0)
(602.0,602.0)
(613.0,602.0)
(602.0,602.0)
(602.0,602.0)
(617.0,602.0)
(602.0,602.0)
(262.0,602.0)
(602.0,602.0)
(602.0,602.0)
(602.0,602.0)
(602.0,602.0)
(602.0,602.0)
(602.0,602.0)
(602.0,602.0)
(613.0,602.0)
(602.0,602.0)
(602.0,602.0)
(613.0,602.0)
(602.0,602.0)
(617.0,602.0)
(602.0,602.0)
(602.0,602.0)
(602.0,602.0)
(602.0,602.0)
(262.0,602.0)
(262.0,602.0)
(602.0,602.0)
(602.0,602.0)
(617.0,602.0)
(602.0,602.0)
(602.0,602.0)
(602.0,602.0)
(262.0,602.0)
(602.0,602.0)
(602.0,602.0)
(602.0,602.0)
(602.0,602.0)
(602.0,602.0)
(602.0,602.0)
(602.0,602.0)
(262.0,602.0)
(262.0,602.0)
(262.0,602.0)
(602.0,602.0)
(602.0,602.0)
(602.0,602.0)
(602.0,602.0)
(602.0,602.0)
(613.0,602.0)
(262.0,602.0)
(262.0,602.0)
(262.0,602.0)
(602.0,602.0)
(613.0,602.0)
(602.0,602.0)
(602.0,602.0)
(602.0,602.0)
(613.0,602.0)
(262.0,602.0)
(602.0,602.0)
(262.0,602.0)
(602.0,602.0)
(262.0,602.0)
(602.0,602.0)
(617.0,602.0)
(602.0,602.0)
(602.0,602.0)
(262.0,602.0)
(262.0,602.0)
(602.0,602.0)
(613.0,602.0)
(617.0,602.0)
(602.0,602.0)
(262.0,602.0)
(602.0,602.0)
(262.0,602.0)
(602.0,602.0)
(602.0,602.0)
(262.0,602.0)
(602.0,602.0)
(262.0,602.0)
(602.0,602.0)
(602.0,602.0)
(262.0,602.0)
(602.0,602.0)
(602.0,602.0)
(602.0,602.0)
(602.0,602.0)
(262.0,602.0)
(262.0,602.0)
(602.0,602.0)
(613.0,602.0)
(602.0,602.0)
(602.0,602.0)
(602.0,602.0)
(602.0,602.0)
(602.0,602.0)
(602.0,602.0)
(602.0,602.0)
(602.0,602.0)
(602.0,602.0)
(602.0,602.0)
(602.0,602.0)
(602.0,602.0)
(602.0,602.0)
(602.0,602.0)
(602.0,602.0)
(602.0,602.0)
(602.0,602.0)
(602.0,602.0)
(602.0,602.0)
(602.0,602.0)
(602.0,602.0)
(602.0,602.0)
(602.0,602.0)
(602.0,602.0)
(602.0,602.0)
(602.0,602.0)
(602.0,602.0)
(602.0,602.0)
(602.0,602.0)
(602.0,602.0)
(602.0,602.0)
(602.0,602.0)
(602.0,602.0)
(602.0,602.0)
(602.0,602.0)
(602.0,602.0)
(602.0,602.0)
(629.0,606.0)
(645.0,606.0)
(219.0,606.0)
(645.0,606.0)
(602.0,606.0)
(212.0,606.0)
(212.0,606.0)
(645.0,606.0)
(645.0,606.0)
(645.0,606.0)
(212.0,606.0)
(212.0,606.0)
(262.0,606.0)
(645.0,606.0)
(645.0,606.0)
(645.0,606.0)
(240.0,606.0)
(645.0,606.0)
(645.0,606.0)
(629.0,606.0)
(228.0,606.0)
(262.0,606.0)
(645.0,606.0)
(228.0,606.0)
(645.0,606.0)
(267.0,606.0)
(645.0,606.0)
(645.0,606.0)
(212.0,606.0)
(645.0,606.0)
(212.0,606.0)
(219.0,606.0)
(267.0,606.0)
(645.0,606.0)
(212.0,606.0)
(212.0,606.0)
(267.0,606.0)
(599.0,606.0)
(645.0,606.0)
(645.0,606.0)
(629.0,606.0)
(645.0,606.0)
(212.0,606.0)
(645.0,606.0)
(602.0,606.0)
(629.0,606.0)
(645.0,606.0)
(645.0,606.0)
(645.0,606.0)
(645.0,606.0)
(267.0,606.0)
(602.0,606.0)
(645.0,606.0)
(645.0,606.0)
(645.0,606.0)
(645.0,606.0)
(645.0,606.0)
(645.0,606.0)
(212.0,606.0)
(645.0,606.0)
(228.0,606.0)
(267.0,606.0)
(267.0,606.0)
(267.0,606.0)
(645.0,606.0)
(602.0,606.0)
(240.0,606.0)
(212.0,606.0)
(267.0,606.0)
(645.0,606.0)
(212.0,606.0)
(212.0,606.0)
(645.0,606.0)
(645.0,606.0)
(228.0,606.0)
(629.0,606.0)
(212.0,606.0)
(219.0,606.0)
(645.0,606.0)
(267.0,606.0)
(645.0,606.0)
(599.0,606.0)
(645.0,606.0)
(645.0,606.0)
(645.0,606.0)
(267.0,606.0)
(267.0,606.0)
(629.0,606.0)
(645.0,606.0)
(212.0,606.0)
(267.0,606.0)
(262.0,606.0)
(645.0,606.0)
(645.0,606.0)
(645.0,606.0)
(645.0,606.0)
(219.0,606.0)
(219.0,606.0)
(212.0,606.0)
(645.0,606.0)
(645.0,606.0)
(267.0,606.0)
(267.0,606.0)
(267.0,606.0)
(645.0,606.0)
(212.0,606.0)
(602.0,606.0)
(602.0,606.0)
(645.0,606.0)
(645.0,606.0)
(602.0,606.0)
(219.0,606.0)
(267.0,606.0)
(602.0,606.0)
(212.0,606.0)
(629.0,606.0)
(267.0,606.0)
(602.0,606.0)
(645.0,606.0)
(240.0,606.0)
(212.0,606.0)
(645.0,606.0)
(262.0,606.0)
(645.0,606.0)
(645.0,606.0)
(212.0,606.0)
(262.0,606.0)
(212.0,606.0)
(212.0,606.0)
(645.0,606.0)
(212.0,606.0)
(212.0,606.0)
(262.0,606.0)
(645.0,606.0)
(645.0,606.0)
(645.0,606.0)
(212.0,606.0)
(219.0,606.0)
(645.0,606.0)
(645.0,606.0)
(645.0,606.0)
(599.0,606.0)
(602.0,606.0)
(599.0,606.0)
(645.0,606.0)
(212.0,606.0)
(240.0,606.0)
(267.0,606.0)
(240.0,606.0)
(228.0,606.0)
(645.0,606.0)
(645.0,606.0)
(629.0,606.0)
(645.0,606.0)
(602.0,606.0)
(645.0,606.0)
(645.0,606.0)
(212.0,606.0)
(645.0,606.0)
(645.0,606.0)
(645.0,606.0)
(240.0,606.0)
(267.0,606.0)
(645.0,606.0)
(645.0,606.0)
(645.0,606.0)
(267.0,606.0)
(262.0,606.0)
(645.0,606.0)
(645.0,606.0)
(267.0,606.0)
(267.0,606.0)
(645.0,606.0)
(645.0,606.0)
(629.0,606.0)
(212.0,606.0)
(645.0,606.0)
(613.0,606.0)
(240.0,606.0)
(219.0,606.0)
(645.0,606.0)
(212.0,606.0)
(645.0,606.0)
(212.0,606.0)
(645.0,606.0)
(602.0,606.0)
(629.0,606.0)
(645.0,606.0)
(645.0,606.0)
(617.0,607.0)
(617.0,607.0)
(617.0,607.0)
(617.0,607.0)
(607.0,607.0)
(617.0,607.0)
(607.0,607.0)
(617.0,607.0)
(607.0,607.0)
(607.0,607.0)
(607.0,607.0)
(617.0,607.0)
(617.0,607.0)
(607.0,607.0)
(617.0,607.0)
(617.0,607.0)
(617.0,607.0)
(617.0,607.0)
(617.0,607.0)
(617.0,607.0)
(617.0,607.0)
(617.0,607.0)
(617.0,607.0)
(617.0,607.0)
(617.0,607.0)
(607.0,607.0)
(617.0,607.0)
(617.0,607.0)
(617.0,607.0)
(607.0,607.0)
(607.0,607.0)
(617.0,607.0)
(617.0,607.0)
(617.0,607.0)
(607.0,607.0)
(617.0,607.0)
(617.0,607.0)
(617.0,607.0)
(617.0,607.0)
(617.0,607.0)
(617.0,607.0)
(617.0,607.0)
(617.0,607.0)
(617.0,607.0)
(607.0,607.0)
(613.0,607.0)
(613.0,607.0)
(613.0,607.0)
(613.0,607.0)
(613.0,607.0)
(613.0,607.0)
(613.0,607.0)
(613.0,607.0)
(613.0,607.0)
(613.0,607.0)
(613.0,607.0)
(613.0,607.0)
(613.0,607.0)
(613.0,607.0)
(613.0,607.0)
(613.0,607.0)
(613.0,607.0)
(613.0,607.0)
(613.0,607.0)
(613.0,607.0)
(613.0,607.0)
(613.0,607.0)
(613.0,607.0)
(613.0,607.0)
(234.0,609.0)
(243.0,609.0)
(613.0,609.0)
(267.0,609.0)
(613.0,609.0)
(646.0,609.0)
(609.0,609.0)
(613.0,609.0)
(613.0,609.0)
(613.0,609.0)
(646.0,609.0)
(609.0,609.0)
(613.0,609.0)
(613.0,609.0)
(613.0,609.0)
(267.0,609.0)
(613.0,609.0)
(243.0,609.0)
(243.0,609.0)
(613.0,609.0)
(602.0,609.0)
(602.0,609.0)
(613.0,609.0)
(613.0,609.0)
(602.0,609.0)
(609.0,609.0)
(646.0,609.0)
(613.0,609.0)
(267.0,609.0)
(613.0,609.0)
(613.0,609.0)
(613.0,609.0)
(609.0,609.0)
(613.0,609.0)
(602.0,609.0)
(613.0,609.0)
(609.0,609.0)
(646.0,609.0)
(602.0,609.0)
(602.0,609.0)
(243.0,609.0)
(267.0,609.0)
(646.0,609.0)
(243.0,609.0)
(255.0,609.0)
(609.0,609.0)
(613.0,609.0)
(234.0,609.0)
(243.0,609.0)
(613.0,609.0)
(243.0,609.0)
(613.0,609.0)
(602.0,609.0)
(613.0,609.0)
(613.0,609.0)
(613.0,609.0)
(613.0,609.0)
(243.0,609.0)
(243.0,609.0)
(613.0,609.0)
(255.0,609.0)
(613.0,609.0)
(613.0,609.0)
(602.0,609.0)
(602.0,609.0)
(602.0,609.0)
(646.0,609.0)
(613.0,609.0)
(613.0,609.0)
(613.0,609.0)
(613.0,609.0)
(609.0,609.0)
(646.0,609.0)
(613.0,609.0)
(609.0,609.0)
(613.0,609.0)
(609.0,609.0)
(267.0,609.0)
(613.0,609.0)
(646.0,609.0)
(646.0,609.0)
(609.0,609.0)
(613.0,609.0)
(243.0,609.0)
(602.0,609.0)
(243.0,609.0)
(602.0,609.0)
(613.0,609.0)
(613.0,609.0)
(613.0,609.0)
(602.0,609.0)
(602.0,609.0)
(234.0,609.0)
(267.0,609.0)
(255.0,609.0)
(646.0,609.0)
(613.0,609.0)
(613.0,609.0)
(613.0,609.0)
(243.0,609.0)
(613.0,609.0)
(234.0,609.0)
(613.0,609.0)
(613.0,609.0)
(255.0,609.0)
(613.0,609.0)
(267.0,609.0)
(602.0,609.0)
(613.0,609.0)
(602.0,609.0)
(646.0,609.0)
(609.0,609.0)
(609.0,609.0)
(613.0,609.0)
(613.0,609.0)
(613.0,609.0)
(613.0,609.0)
(613.0,609.0)
(613.0,609.0)
(646.0,609.0)
(613.0,609.0)
(609.0,609.0)
(602.0,609.0)
(602.0,609.0)
(613.0,609.0)
(613.0,609.0)
(613.0,609.0)
(613.0,609.0)
(613.0,609.0)
(613.0,609.0)
(267.0,609.0)
(613.0,609.0)
(646.0,609.0)
(613.0,609.0)
(613.0,609.0)
(609.0,609.0)
(613.0,609.0)
(646.0,609.0)
(613.0,609.0)
(609.0,609.0)
(609.0,609.0)
(613.0,609.0)
(613.0,609.0)
(613.0,609.0)
(613.0,609.0)
(609.0,609.0)
(613.0,609.0)
(609.0,609.0)
(613.0,609.0)
(267.0,609.0)
(602.0,609.0)
(613.0,609.0)
(613.0,609.0)
(613.0,609.0)
(267.0,609.0)
(609.0,609.0)
(613.0,609.0)
(613.0,609.0)
(602.0,609.0)
(613.0,609.0)
(602.0,609.0)
(613.0,609.0)
(267.0,609.0)
(602.0,609.0)
(613.0,609.0)
(613.0,609.0)
(267.0,609.0)
(613.0,609.0)
(609.0,609.0)
(613.0,609.0)
(613.0,609.0)
(613.0,609.0)
(613.0,609.0)
(602.0,609.0)
(613.0,609.0)
(267.0,609.0)
(613.0,609.0)
(602.0,609.0)
(613.0,609.0)
(613.0,609.0)
(613.0,609.0)
(243.0,609.0)
(602.0,609.0)
(646.0,609.0)
(267.0,609.0)
(267.0,609.0)
(219.0,609.0)
(613.0,609.0)
(609.0,609.0)
(613.0,609.0)
(613.0,609.0)
(243.0,609.0)
(613.0,609.0)
(613.0,609.0)
(613.0,609.0)
(609.0,609.0)
(613.0,609.0)
(646.0,609.0)
(613.0,609.0)
(613.0,609.0)
(262.0,608.0)
(617.0,608.0)
(617.0,608.0)
(617.0,608.0)
(617.0,608.0)
(617.0,608.0)
(617.0,608.0)
(607.0,608.0)
(607.0,608.0)
(617.0,608.0)
(617.0,608.0)
(617.0,608.0)
(617.0,608.0)
(617.0,608.0)
(617.0,608.0)
(607.0,608.0)
(617.0,608.0)
(617.0,608.0)
(617.0,608.0)
(607.0,608.0)
(607.0,608.0)
(617.0,608.0)
(617.0,608.0)
(617.0,608.0)
(234.0,608.0)
(617.0,608.0)
(617.0,608.0)
(607.0,608.0)
(607.0,608.0)
(617.0,608.0)
(617.0,608.0)
(617.0,608.0)
(607.0,608.0)
(617.0,608.0)
(617.0,608.0)
(617.0,608.0)
(617.0,608.0)
(617.0,608.0)
(607.0,608.0)
(613.0,611.0)
(253.0,611.0)
(613.0,611.0)
(613.0,611.0)
(613.0,611.0)
(613.0,611.0)
(253.0,611.0)
(613.0,611.0)
(262.0,611.0)
(613.0,611.0)
(602.0,611.0)
(253.0,611.0)
(262.0,611.0)
(253.0,611.0)
(613.0,611.0)
(613.0,611.0)
(613.0,611.0)
(613.0,611.0)
(253.0,611.0)
(613.0,611.0)
(253.0,611.0)
(262.0,611.0)
(262.0,611.0)
(613.0,611.0)
(613.0,611.0)
(262.0,611.0)
(613.0,611.0)
(613.0,611.0)
(613.0,611.0)
(252.0,611.0)
(613.0,611.0)
(253.0,611.0)
(613.0,611.0)
(262.0,611.0)
(613.0,611.0)
(613.0,611.0)
(252.0,611.0)
(253.0,611.0)
(613.0,611.0)
(613.0,611.0)
(262.0,611.0)
(262.0,611.0)
(613.0,611.0)
(253.0,611.0)
(613.0,611.0)
(613.0,611.0)
(613.0,611.0)
(613.0,611.0)
(613.0,611.0)
(602.0,611.0)
(262.0,611.0)
(613.0,611.0)
(262.0,611.0)
(253.0,611.0)
(613.0,611.0)
(613.0,611.0)
(613.0,611.0)
(262.0,611.0)
(613.0,611.0)
(262.0,611.0)
(613.0,611.0)
(262.0,611.0)
(613.0,611.0)
(262.0,611.0)
(253.0,611.0)
(613.0,611.0)
(613.0,611.0)
(613.0,611.0)
(613.0,611.0)
(613.0,611.0)
(613.0,611.0)
(660.0,611.0)
(613.0,611.0)
(253.0,611.0)
(613.0,611.0)
(613.0,611.0)
(613.0,611.0)
(613.0,611.0)
(613.0,611.0)
(253.0,611.0)
(613.0,611.0)
(613.0,611.0)
(262.0,611.0)
(613.0,611.0)
(613.0,611.0)
(613.0,611.0)
(613.0,611.0)
(613.0,611.0)
(613.0,611.0)
(262.0,611.0)
(613.0,611.0)
(613.0,611.0)
(613.0,611.0)
(602.0,611.0)
(613.0,611.0)
(613.0,611.0)
(613.0,611.0)
(613.0,611.0)
(253.0,611.0)
(262.0,611.0)
(253.0,611.0)
(613.0,611.0)
(613.0,611.0)
(262.0,611.0)
(613.0,611.0)
(262.0,611.0)
(613.0,611.0)
(262.0,611.0)
(253.0,611.0)
(613.0,611.0)
(613.0,611.0)
(253.0,611.0)
(253.0,611.0)
(262.0,611.0)
(613.0,611.0)
(613.0,611.0)
(613.0,611.0)
(613.0,611.0)
(613.0,611.0)
(613.0,611.0)
(613.0,611.0)
(262.0,611.0)
(253.0,611.0)
(613.0,611.0)
(613.0,611.0)
(613.0,611.0)
(613.0,611.0)
(252.0,611.0)
(253.0,611.0)
(253.0,611.0)
(613.0,611.0)
(613.0,611.0)
(613.0,611.0)
(253.0,611.0)
(262.0,611.0)
(253.0,611.0)
(262.0,611.0)
(613.0,611.0)
(613.0,611.0)
(262.0,611.0)
(613.0,611.0)
(613.0,611.0)
(262.0,611.0)
(613.0,611.0)
(613.0,611.0)
(262.0,610.0)
(262.0,610.0)
(597.0,610.0)
(262.0,610.0)
(262.0,610.0)
(262.0,610.0)
(262.0,610.0)
(597.0,610.0)
(262.0,610.0)
(262.0,610.0)
(597.0,610.0)
(597.0,610.0)
(597.0,610.0)
(262.0,610.0)
(262.0,610.0)
(262.0,610.0)
(262.0,610.0)
(262.0,610.0)
(262.0,610.0)
(262.0,610.0)
(597.0,610.0)
(262.0,610.0)
(262.0,610.0)
(262.0,610.0)
(262.0,610.0)
(597.0,610.0)
(237.0,610.0)
(186.0,610.0)
(262.0,610.0)
(262.0,610.0)
(262.0,610.0)
(186.0,610.0)
(262.0,610.0)
(262.0,610.0)
(262.0,610.0)
(262.0,610.0)
(262.0,610.0)
(597.0,610.0)
(262.0,610.0)
(262.0,610.0)
(262.0,610.0)
(262.0,610.0)
(597.0,610.0)
(262.0,610.0)
(597.0,610.0)
(262.0,610.0)
(262.0,610.0)
(597.0,610.0)
(597.0,610.0)
(597.0,610.0)
(262.0,610.0)
(262.0,610.0)
(597.0,610.0)
(262.0,610.0)
(262.0,610.0)
(262.0,610.0)
(262.0,610.0)
(262.0,610.0)
(597.0,610.0)
(262.0,610.0)
(262.0,610.0)
(656.0,610.0)
(597.0,610.0)
(262.0,610.0)
(262.0,610.0)
(262.0,610.0)
(597.0,610.0)
(262.0,610.0)
(262.0,610.0)
(262.0,610.0)
(262.0,610.0)
(262.0,610.0)
(262.0,610.0)
(262.0,610.0)
(262.0,610.0)
(262.0,610.0)
(597.0,610.0)
(262.0,610.0)
(262.0,610.0)
(597.0,610.0)
(262.0,610.0)
(262.0,610.0)
(262.0,610.0)
(262.0,610.0)
(262.0,610.0)
(262.0,610.0)
(262.0,610.0)
(262.0,610.0)
(597.0,610.0)
(262.0,610.0)
(262.0,610.0)
(262.0,610.0)
(597.0,610.0)
(262.0,610.0)
(262.0,610.0)
(262.0,610.0)
(597.0,610.0)
(262.0,610.0)
(262.0,610.0)
(262.0,610.0)
(262.0,610.0)
(262.0,610.0)
(262.0,610.0)
(262.0,610.0)
(262.0,610.0)
(262.0,610.0)
(597.0,610.0)
(262.0,610.0)
(262.0,610.0)
(262.0,610.0)
(597.0,610.0)
(597.0,610.0)
(262.0,610.0)
(262.0,610.0)
(262.0,610.0)
(262.0,610.0)
(597.0,610.0)
(262.0,610.0)
(262.0,610.0)
(186.0,610.0)
(597.0,610.0)
(262.0,610.0)
(262.0,610.0)
(262.0,610.0)
(597.0,610.0)
(262.0,610.0)
(262.0,610.0)
(262.0,610.0)
(262.0,610.0)
(597.0,610.0)
(262.0,610.0)
(262.0,610.0)
(262.0,610.0)
(262.0,610.0)
(262.0,610.0)
(262.0,610.0)
(597.0,610.0)
(597.0,610.0)
(262.0,610.0)
(597.0,610.0)
(262.0,610.0)
(597.0,610.0)
(597.0,610.0)
(262.0,610.0)
(597.0,610.0)
(597.0,610.0)
(262.0,610.0)
(262.0,610.0)
(262.0,610.0)
(597.0,610.0)
(186.0,610.0)
(262.0,610.0)
(262.0,610.0)
(262.0,610.0)
(262.0,610.0)
(262.0,610.0)
(262.0,610.0)
(262.0,610.0)
(597.0,610.0)
(597.0,610.0)
(262.0,610.0)
(262.0,610.0)
(262.0,610.0)
(262.0,610.0)
(597.0,610.0)
(262.0,610.0)
(262.0,610.0)
(262.0,610.0)
(262.0,610.0)
(262.0,610.0)
(597.0,610.0)
(262.0,610.0)
(262.0,610.0)
(617.0,612.0)
(617.0,612.0)
(617.0,612.0)
(613.0,612.0)
(617.0,612.0)
(617.0,612.0)
(613.0,612.0)
(617.0,612.0)
(262.0,612.0)
(613.0,612.0)
(617.0,612.0)
(613.0,612.0)
(617.0,612.0)
(262.0,612.0)
(613.0,612.0)
(613.0,612.0)
(617.0,612.0)
(617.0,612.0)
(262.0,612.0)
(617.0,612.0)
(617.0,612.0)
(617.0,612.0)
(617.0,612.0)
(613.0,612.0)
(617.0,612.0)
(262.0,612.0)
(617.0,612.0)
(617.0,612.0)
(613.0,612.0)
(613.0,612.0)
(613.0,612.0)
(262.0,612.0)
(613.0,612.0)
(617.0,612.0)
(617.0,612.0)
(262.0,612.0)
(660.0,612.0)
(617.0,612.0)
(617.0,612.0)
(617.0,612.0)
(617.0,612.0)
(613.0,612.0)
(617.0,612.0)
(262.0,612.0)
(617.0,612.0)
(613.0,612.0)
(617.0,612.0)
(617.0,612.0)
(617.0,612.0)
(613.0,612.0)
(262.0,612.0)
(613.0,612.0)
(613.0,612.0)
(617.0,612.0)
(613.0,612.0)
(613.0,612.0)
(613.0,612.0)
(262.0,612.0)
(262.0,612.0)
(613.0,612.0)
(617.0,612.0)
(617.0,612.0)
(613.0,612.0)
(617.0,612.0)
(613.0,612.0)
(617.0,612.0)
(617.0,612.0)
(613.0,612.0)
(617.0,612.0)
(617.0,612.0)
(613.0,612.0)
(617.0,612.0)
(613.0,612.0)
(613.0,612.0)
(617.0,612.0)
(613.0,612.0)
(613.0,612.0)
(262.0,612.0)
(617.0,612.0)
(617.0,612.0)
(613.0,612.0)
(617.0,612.0)
(262.0,612.0)
(617.0,612.0)
(262.0,612.0)
(617.0,612.0)
(613.0,612.0)
(617.0,612.0)
(613.0,612.0)
(617.0,612.0)
(617.0,612.0)
(617.0,612.0)
(613.0,612.0)
(617.0,612.0)
(617.0,612.0)
(617.0,612.0)
(613.0,612.0)
(613.0,612.0)
(262.0,612.0)
(613.0,612.0)
(617.0,612.0)
(617.0,612.0)
(617.0,612.0)
(262.0,612.0)
(613.0,612.0)
(617.0,612.0)
(262.0,612.0)
(617.0,612.0)
(617.0,612.0)
(613.0,612.0)
(613.0,612.0)
(617.0,612.0)
(617.0,612.0)
(613.0,612.0)
(262.0,612.0)
(617.0,612.0)
(617.0,612.0)
(617.0,612.0)
(617.0,612.0)
(613.0,612.0)
(617.0,612.0)
(613.0,612.0)
(617.0,612.0)
(613.0,612.0)
(617.0,612.0)
(617.0,612.0)
(262.0,612.0)
(617.0,612.0)
(613.0,612.0)
(262.0,612.0)
(617.0,612.0)
(617.0,612.0)
(262.0,612.0)
(613.0,612.0)
(617.0,612.0)
(617.0,612.0)
(613.0,612.0)
(613.0,612.0)
(613.0,612.0)
(617.0,612.0)
(262.0,612.0)
(613.0,612.0)
(262.0,612.0)
(613.0,612.0)
(617.0,612.0)
(613.0,612.0)
(617.0,612.0)
(613.0,612.0)
(617.0,612.0)
(617.0,612.0)
(617.0,612.0)
(617.0,612.0)
(613.0,612.0)
(660.0,612.0)
(617.0,612.0)
(613.0,612.0)
(617.0,612.0)
(617.0,612.0)
(613.0,612.0)
(613.0,612.0)
(617.0,612.0)
(613.0,612.0)
(617.0,612.0)
(613.0,612.0)
(613.0,612.0)
(613.0,612.0)
(617.0,612.0)
(613.0,612.0)
(613.0,612.0)
(617.0,612.0)
(617.0,612.0)
(262.0,612.0)
(613.0,612.0)
(262.0,612.0)
(617.0,612.0)
(617.0,612.0)
(617.0,612.0)
(617.0,612.0)
(617.0,612.0)
(613.0,612.0)
(617.0,612.0)
(613.0,612.0)
(613.0,612.0)
(617.0,612.0)
(617.0,612.0)
(613.0,612.0)
(617.0,612.0)
(613.0,612.0)
(262.0,612.0)
(617.0,612.0)
(617.0,612.0)
(262.0,612.0)
(613.0,612.0)
(613.0,612.0)
(617.0,612.0)
(613.0,612.0)
(617.0,612.0)
(617.0,612.0)
(262.0,612.0)
(613.0,612.0)
(613.0,613.0)
(613.0,613.0)
(613.0,613.0)
(613.0,613.0)
(613.0,613.0)
(613.0,613.0)
(613.0,613.0)
(613.0,613.0)
(613.0,613.0)
(613.0,613.0)
(613.0,613.0)
(613.0,613.0)
(613.0,613.0)
(613.0,613.0)
(613.0,613.0)
(613.0,613.0)
(613.0,613.0)
(613.0,613.0)
(613.0,613.0)
(613.0,613.0)
(613.0,613.0)
(613.0,613.0)
(613.0,613.0)
(613.0,613.0)
(613.0,613.0)
(613.0,613.0)
(613.0,613.0)
(613.0,613.0)
(613.0,613.0)
(613.0,613.0)
(613.0,613.0)
(613.0,613.0)
(613.0,613.0)
(613.0,613.0)
(613.0,613.0)
(613.0,613.0)
(613.0,613.0)
(613.0,613.0)
(613.0,613.0)
(613.0,613.0)
(613.0,613.0)
(613.0,613.0)
(613.0,613.0)
(613.0,613.0)
(613.0,613.0)
(613.0,613.0)
(613.0,613.0)
(613.0,613.0)
(613.0,613.0)
(613.0,613.0)
(613.0,613.0)
(613.0,613.0)
(613.0,613.0)
(613.0,613.0)
(613.0,613.0)
(613.0,613.0)
(613.0,613.0)
(613.0,613.0)
(613.0,613.0)
(613.0,613.0)
(613.0,613.0)
(613.0,613.0)
(613.0,613.0)
(613.0,613.0)
(613.0,613.0)
(613.0,613.0)
(613.0,613.0)
(613.0,613.0)
(613.0,613.0)
(613.0,613.0)
(613.0,613.0)
(613.0,613.0)
(613.0,613.0)
(613.0,613.0)
(613.0,613.0)
(613.0,613.0)
(613.0,613.0)
(613.0,613.0)
(613.0,613.0)
(613.0,613.0)
(613.0,613.0)
(613.0,613.0)
(613.0,613.0)
(613.0,613.0)
(613.0,613.0)
(613.0,613.0)
(613.0,613.0)
(613.0,613.0)
(613.0,613.0)
(613.0,613.0)
(613.0,613.0)
(613.0,613.0)
(613.0,613.0)
(613.0,613.0)
(613.0,613.0)
(613.0,613.0)
(613.0,613.0)
(613.0,613.0)
(613.0,613.0)
(613.0,613.0)
(613.0,613.0)
(613.0,613.0)
(613.0,613.0)
(613.0,613.0)
(613.0,613.0)
(613.0,613.0)
(613.0,613.0)
(613.0,613.0)
(613.0,613.0)
(613.0,613.0)
(613.0,613.0)
(613.0,613.0)
(613.0,613.0)
(613.0,613.0)
(613.0,613.0)
(613.0,613.0)
(613.0,613.0)
(613.0,613.0)
(613.0,613.0)
(613.0,613.0)
(613.0,613.0)
(613.0,613.0)
(613.0,613.0)
(613.0,613.0)
(613.0,613.0)
(613.0,613.0)
(613.0,613.0)
(613.0,613.0)
(613.0,613.0)
(613.0,613.0)
(613.0,613.0)
(613.0,613.0)
(613.0,613.0)
(613.0,613.0)
(613.0,613.0)
(613.0,613.0)
(613.0,613.0)
(613.0,613.0)
(613.0,613.0)
(613.0,613.0)
(613.0,613.0)
(613.0,613.0)
(613.0,613.0)
(613.0,613.0)
(613.0,613.0)
(613.0,613.0)
(613.0,613.0)
(613.0,613.0)
(613.0,613.0)
(613.0,613.0)
(613.0,613.0)
(613.0,613.0)
(613.0,613.0)
(613.0,613.0)
(613.0,613.0)
(613.0,613.0)
(613.0,613.0)
(613.0,613.0)
(613.0,613.0)
(613.0,613.0)
(613.0,613.0)
(613.0,613.0)
(613.0,613.0)
(613.0,613.0)
(613.0,613.0)
(613.0,613.0)
(613.0,613.0)
(613.0,613.0)
(613.0,613.0)
(613.0,613.0)
(613.0,613.0)
(613.0,613.0)
(613.0,613.0)
(613.0,613.0)
(613.0,613.0)
(613.0,613.0)
(613.0,613.0)
(613.0,613.0)
(613.0,613.0)
(613.0,613.0)
(613.0,613.0)
(613.0,613.0)
(613.0,613.0)
(613.0,613.0)
(613.0,613.0)
(613.0,613.0)
(613.0,613.0)
(613.0,613.0)
(613.0,613.0)
(613.0,613.0)
(613.0,613.0)
(613.0,613.0)
(613.0,613.0)
(613.0,613.0)
(613.0,613.0)
(613.0,613.0)
(613.0,613.0)
(613.0,613.0)
(613.0,613.0)
(613.0,613.0)
(613.0,613.0)
(613.0,613.0)
(613.0,613.0)
(613.0,613.0)
(613.0,613.0)
(613.0,613.0)
(613.0,613.0)
(613.0,613.0)
(613.0,613.0)
(613.0,613.0)
(613.0,613.0)
(613.0,613.0)
(613.0,613.0)
(613.0,613.0)
(613.0,613.0)
(613.0,613.0)
(613.0,613.0)
(613.0,613.0)
(613.0,613.0)
(613.0,613.0)
(613.0,613.0)
(613.0,613.0)
(613.0,613.0)
(613.0,613.0)
(613.0,613.0)
(613.0,613.0)
(613.0,613.0)
(613.0,613.0)
(613.0,613.0)
(613.0,613.0)
(613.0,613.0)
(613.0,613.0)
(613.0,613.0)
(613.0,613.0)
(613.0,613.0)
(613.0,613.0)
(613.0,613.0)
(613.0,613.0)
(613.0,613.0)
(613.0,613.0)
(613.0,613.0)
(613.0,613.0)
(613.0,613.0)
(613.0,613.0)
(613.0,613.0)
(613.0,613.0)
(613.0,613.0)
(613.0,613.0)
(613.0,613.0)
(613.0,613.0)
(613.0,613.0)
(613.0,613.0)
(613.0,613.0)
(613.0,613.0)
(613.0,613.0)
(613.0,613.0)
(613.0,613.0)
(613.0,613.0)
(613.0,613.0)
(613.0,613.0)
(613.0,613.0)
(613.0,613.0)
(613.0,613.0)
(613.0,613.0)
(613.0,613.0)
(613.0,613.0)
(613.0,613.0)
(613.0,613.0)
(613.0,613.0)
(613.0,613.0)
(613.0,613.0)
(613.0,613.0)
(613.0,613.0)
(613.0,613.0)
(613.0,613.0)
(613.0,613.0)
(613.0,613.0)
(613.0,613.0)
(613.0,613.0)
(613.0,613.0)
(613.0,613.0)
(613.0,613.0)
(613.0,613.0)
(613.0,613.0)
(613.0,613.0)
(613.0,613.0)
(613.0,613.0)
(613.0,613.0)
(613.0,613.0)
(613.0,613.0)
(613.0,613.0)
(613.0,613.0)
(613.0,613.0)
(613.0,613.0)
(613.0,613.0)
(613.0,613.0)
(613.0,613.0)
(613.0,613.0)
(613.0,613.0)
(613.0,613.0)
(613.0,613.0)
(613.0,613.0)
(613.0,613.0)
(613.0,613.0)
(613.0,613.0)
(613.0,613.0)
(613.0,613.0)
(613.0,613.0)
(613.0,613.0)
(613.0,613.0)
(613.0,613.0)
(613.0,613.0)
(613.0,613.0)
(613.0,613.0)
(613.0,613.0)
(613.0,613.0)
(613.0,613.0)
(613.0,613.0)
(613.0,613.0)
(613.0,613.0)
(613.0,613.0)
(613.0,613.0)
(613.0,613.0)
(613.0,613.0)
(613.0,613.0)
(613.0,613.0)
(613.0,613.0)
(613.0,613.0)
(613.0,613.0)
(645.0,614.0)
(645.0,614.0)
(645.0,614.0)
(239.0,614.0)
(645.0,614.0)
(645.0,614.0)
(645.0,614.0)
(645.0,614.0)
(645.0,614.0)
(645.0,614.0)
(645.0,614.0)
(645.0,614.0)
(645.0,614.0)
(645.0,614.0)
(239.0,614.0)
(239.0,614.0)
(645.0,614.0)
(645.0,614.0)
(645.0,614.0)
(645.0,614.0)
(645.0,614.0)
(645.0,614.0)
(645.0,614.0)
(239.0,614.0)
(645.0,614.0)
(645.0,614.0)
(239.0,614.0)
(645.0,614.0)
(239.0,614.0)
(239.0,614.0)
(645.0,614.0)
(645.0,614.0)
(645.0,614.0)
(645.0,614.0)
(645.0,614.0)
(645.0,614.0)
(645.0,614.0)
(645.0,614.0)
(645.0,614.0)
(645.0,614.0)
(645.0,614.0)
(239.0,614.0)
(645.0,614.0)
(645.0,614.0)
(645.0,614.0)
(645.0,614.0)
(645.0,614.0)
(645.0,614.0)
(645.0,614.0)
(239.0,614.0)
(645.0,614.0)
(239.0,614.0)
(645.0,614.0)
(645.0,614.0)
(239.0,614.0)
(645.0,614.0)
(645.0,614.0)
(645.0,614.0)
(645.0,614.0)
(645.0,614.0)
(645.0,614.0)
(645.0,614.0)
(645.0,614.0)
(645.0,614.0)
(645.0,614.0)
(645.0,614.0)
(645.0,614.0)
(239.0,614.0)
(645.0,614.0)
(645.0,614.0)
(645.0,614.0)
(645.0,614.0)
(239.0,614.0)
(645.0,614.0)
(645.0,614.0)
(645.0,614.0)
(239.0,614.0)
(645.0,614.0)
(645.0,614.0)
(645.0,614.0)
(645.0,614.0)
(645.0,614.0)
(645.0,614.0)
(645.0,614.0)
(645.0,614.0)
(645.0,614.0)
(645.0,614.0)
(645.0,614.0)
(645.0,614.0)
(645.0,614.0)
(645.0,614.0)
(645.0,614.0)
(239.0,614.0)
(645.0,614.0)
(645.0,614.0)
(645.0,614.0)
(239.0,614.0)
(645.0,614.0)
(645.0,614.0)
(645.0,614.0)
(645.0,614.0)
(645.0,614.0)
(645.0,614.0)
(645.0,614.0)
(239.0,614.0)
(645.0,614.0)
(645.0,614.0)
(645.0,614.0)
(645.0,614.0)
(239.0,614.0)
(645.0,614.0)
(645.0,614.0)
(645.0,614.0)
(645.0,614.0)
(645.0,614.0)
(645.0,614.0)
(645.0,614.0)
(645.0,614.0)
(645.0,614.0)
(645.0,614.0)
(645.0,614.0)
(645.0,614.0)
(645.0,614.0)
(239.0,614.0)
(645.0,614.0)
(645.0,614.0)
(645.0,614.0)
(645.0,614.0)
(239.0,614.0)
(645.0,614.0)
(645.0,614.0)
(645.0,614.0)
(645.0,614.0)
(645.0,614.0)
(645.0,614.0)
(645.0,614.0)
(239.0,614.0)
(645.0,614.0)
(645.0,614.0)
(645.0,614.0)
(645.0,614.0)
(239.0,614.0)
(645.0,614.0)
(645.0,614.0)
(645.0,614.0)
(645.0,614.0)
(645.0,614.0)
(239.0,614.0)
(645.0,614.0)
(645.0,614.0)
(645.0,614.0)
(645.0,614.0)
(239.0,614.0)
(645.0,614.0)
(645.0,614.0)
(645.0,614.0)
(645.0,614.0)
(645.0,614.0)
(645.0,614.0)
(239.0,614.0)
(239.0,614.0)
(645.0,614.0)
(239.0,614.0)
(645.0,614.0)
(239.0,614.0)
(645.0,614.0)
(645.0,614.0)
(645.0,614.0)
(645.0,614.0)
(645.0,614.0)
(645.0,614.0)
(645.0,614.0)
(645.0,614.0)
(239.0,614.0)
(645.0,614.0)
(645.0,614.0)
(645.0,614.0)
(645.0,614.0)
(645.0,614.0)
(645.0,614.0)
(645.0,614.0)
(645.0,614.0)
(239.0,614.0)
(239.0,614.0)
(645.0,614.0)
(645.0,614.0)
(645.0,614.0)
(645.0,614.0)
(239.0,614.0)
(645.0,614.0)
(645.0,614.0)
(645.0,614.0)
(645.0,614.0)
(645.0,614.0)
(645.0,614.0)
(645.0,614.0)
(239.0,614.0)
(645.0,614.0)
(645.0,614.0)
(645.0,614.0)
(645.0,614.0)
(645.0,614.0)
(645.0,614.0)
(645.0,614.0)
(255.0,614.0)
(253.0,614.0)
(645.0,614.0)
(255.0,614.0)
(267.0,614.0)
(645.0,614.0)
(645.0,614.0)
(645.0,614.0)
(645.0,614.0)
(645.0,614.0)
(239.0,614.0)
(645.0,614.0)
(255.0,614.0)
(645.0,614.0)
(255.0,614.0)
(645.0,614.0)
(645.0,614.0)
(645.0,614.0)
(645.0,614.0)
(645.0,614.0)
(613.0,614.0)
(645.0,614.0)
(255.0,614.0)
(255.0,614.0)
(645.0,614.0)
(645.0,614.0)
(255.0,614.0)
(645.0,614.0)
(219.0,614.0)
(645.0,614.0)
(645.0,614.0)
(645.0,614.0)
(255.0,614.0)
(228.0,614.0)
(645.0,614.0)
(645.0,614.0)
(645.0,614.0)
(255.0,614.0)
(645.0,614.0)
(255.0,614.0)
(255.0,614.0)
(219.0,614.0)
(228.0,614.0)
(645.0,614.0)
(255.0,614.0)
(645.0,614.0)
(613.0,614.0)
(645.0,614.0)
(645.0,614.0)
(255.0,614.0)
(219.0,614.0)
(645.0,614.0)
(645.0,614.0)
(645.0,614.0)
(645.0,614.0)
(645.0,614.0)
(219.0,614.0)
(645.0,614.0)
(255.0,614.0)
(645.0,614.0)
(645.0,614.0)
(645.0,614.0)
(645.0,614.0)
(255.0,614.0)
(255.0,614.0)
(645.0,614.0)
(645.0,614.0)
(645.0,614.0)
(645.0,614.0)
(645.0,614.0)
(645.0,614.0)
(645.0,614.0)
(645.0,614.0)
(255.0,614.0)
(645.0,614.0)
(255.0,614.0)
(255.0,614.0)
(645.0,614.0)
(219.0,614.0)
(255.0,614.0)
(645.0,614.0)
(645.0,614.0)
(645.0,614.0)
(645.0,614.0)
(645.0,614.0)
(645.0,614.0)
(645.0,614.0)
(645.0,614.0)
(645.0,614.0)
(255.0,614.0)
(255.0,614.0)
(645.0,614.0)
(255.0,614.0)
(255.0,614.0)
(613.0,613.0)
(613.0,613.0)
(613.0,613.0)
(613.0,613.0)
(613.0,613.0)
(613.0,613.0)
(613.0,613.0)
(613.0,613.0)
(613.0,613.0)
(613.0,613.0)
(613.0,613.0)
(613.0,613.0)
(613.0,613.0)
(613.0,613.0)
(613.0,613.0)
(613.0,613.0)
(613.0,613.0)
(613.0,613.0)
(613.0,613.0)
(613.0,613.0)
(613.0,613.0)
(613.0,613.0)
(613.0,613.0)
(613.0,613.0)
(613.0,613.0)
(613.0,613.0)
(613.0,613.0)
(613.0,613.0)
(613.0,613.0)
(613.0,613.0)
(613.0,613.0)
(613.0,613.0)
(613.0,613.0)
(613.0,613.0)
(613.0,613.0)
(613.0,613.0)
(613.0,613.0)
(613.0,613.0)
(613.0,613.0)
(613.0,613.0)
(613.0,613.0)
(613.0,613.0)
(613.0,613.0)
(613.0,613.0)
(613.0,613.0)
(613.0,613.0)
(613.0,613.0)
(613.0,613.0)
(613.0,613.0)
(613.0,613.0)
(613.0,613.0)
(613.0,613.0)
(613.0,613.0)
(613.0,613.0)
(613.0,613.0)
(613.0,613.0)
(613.0,613.0)
(613.0,613.0)
(613.0,613.0)
(613.0,613.0)
(613.0,613.0)
(613.0,613.0)
(613.0,613.0)
(613.0,613.0)
(613.0,613.0)
(613.0,613.0)
(613.0,613.0)
(613.0,613.0)
(613.0,613.0)
(613.0,613.0)
(613.0,613.0)
(613.0,613.0)
(613.0,613.0)
(613.0,613.0)
(613.0,613.0)
(613.0,613.0)
(613.0,613.0)
(613.0,613.0)
(613.0,613.0)
(613.0,613.0)
(613.0,613.0)
(613.0,613.0)
(613.0,613.0)
(613.0,613.0)
(613.0,613.0)
(613.0,613.0)
(613.0,613.0)
(613.0,613.0)
(613.0,613.0)
(613.0,613.0)
(613.0,613.0)
(613.0,613.0)
(613.0,613.0)
(613.0,613.0)
(613.0,613.0)
(613.0,613.0)
(613.0,613.0)
(613.0,613.0)
(613.0,613.0)
(613.0,613.0)
(613.0,613.0)
(613.0,613.0)
(613.0,613.0)
(613.0,613.0)
(613.0,613.0)
(613.0,613.0)
(613.0,613.0)
(613.0,613.0)
(613.0,613.0)
(613.0,613.0)
(613.0,613.0)
(613.0,613.0)
(613.0,613.0)
(613.0,613.0)
(613.0,613.0)
(613.0,613.0)
(613.0,613.0)
(613.0,613.0)
(613.0,613.0)
(613.0,613.0)
(613.0,613.0)
(613.0,613.0)
(613.0,613.0)
(613.0,613.0)
(613.0,613.0)
(613.0,613.0)
(613.0,613.0)
(613.0,613.0)
(613.0,613.0)
(613.0,613.0)
(613.0,613.0)
(613.0,613.0)
(613.0,613.0)
(613.0,613.0)
(613.0,613.0)
(613.0,613.0)
(613.0,613.0)
(613.0,613.0)
(613.0,613.0)
(613.0,613.0)
(613.0,613.0)
(613.0,613.0)
(613.0,613.0)
(613.0,613.0)
(613.0,613.0)
(613.0,613.0)
(613.0,613.0)
(613.0,613.0)
(613.0,613.0)
(613.0,613.0)
(613.0,613.0)
(613.0,613.0)
(613.0,613.0)
(613.0,613.0)
(613.0,613.0)
(613.0,613.0)
(613.0,613.0)
(613.0,613.0)
(613.0,613.0)
(613.0,613.0)
(613.0,613.0)
(613.0,613.0)
(613.0,613.0)
(613.0,613.0)
(613.0,613.0)
(613.0,613.0)
(613.0,613.0)
(613.0,613.0)
(613.0,613.0)
(613.0,613.0)
(613.0,613.0)
(613.0,613.0)
(613.0,613.0)
(613.0,613.0)
(613.0,613.0)
(613.0,613.0)
(613.0,613.0)
(613.0,613.0)
(613.0,613.0)
(613.0,613.0)
(613.0,613.0)
(613.0,613.0)
(613.0,613.0)
(613.0,613.0)
(613.0,613.0)
(613.0,613.0)
(613.0,613.0)
(613.0,613.0)
(613.0,613.0)
(613.0,613.0)
(613.0,613.0)
(613.0,613.0)
(613.0,613.0)
(613.0,613.0)
(613.0,613.0)
(613.0,613.0)
(613.0,613.0)
(613.0,613.0)
(613.0,613.0)
(613.0,613.0)
(613.0,613.0)
(613.0,613.0)
(613.0,613.0)
(613.0,613.0)
(613.0,613.0)
(613.0,613.0)
(613.0,613.0)
(613.0,613.0)
(613.0,613.0)
(613.0,613.0)
(613.0,613.0)
(613.0,613.0)
(613.0,613.0)
(613.0,613.0)
(613.0,613.0)
(613.0,613.0)
(613.0,613.0)
(613.0,613.0)
(613.0,613.0)
(613.0,613.0)
(613.0,613.0)
(613.0,613.0)
(613.0,613.0)
(613.0,613.0)
(613.0,613.0)
(613.0,613.0)
(613.0,613.0)
(613.0,613.0)
(613.0,613.0)
(613.0,613.0)
(613.0,613.0)
(613.0,613.0)
(613.0,613.0)
(613.0,613.0)
(613.0,613.0)
(613.0,613.0)
(613.0,613.0)
(613.0,613.0)
(613.0,613.0)
(613.0,613.0)
(613.0,613.0)
(613.0,613.0)
(613.0,613.0)
(613.0,613.0)
(613.0,613.0)
(613.0,613.0)
(613.0,613.0)
(613.0,613.0)
(613.0,613.0)
(613.0,613.0)
(613.0,613.0)
(613.0,613.0)
(613.0,613.0)
(613.0,613.0)
(613.0,613.0)
(613.0,613.0)
(613.0,613.0)
(613.0,613.0)
(613.0,613.0)
(613.0,613.0)
(613.0,613.0)
(613.0,613.0)
(613.0,613.0)
(613.0,613.0)
(613.0,613.0)
(613.0,613.0)
(613.0,613.0)
(613.0,613.0)
(613.0,613.0)
(613.0,613.0)
(613.0,613.0)
(613.0,613.0)
(613.0,613.0)
(613.0,613.0)
(613.0,613.0)
(613.0,613.0)
(613.0,613.0)
(613.0,613.0)
(613.0,613.0)
(613.0,613.0)
(613.0,613.0)
(613.0,613.0)
(613.0,613.0)
(613.0,613.0)
(613.0,613.0)
(613.0,613.0)
(613.0,613.0)
(613.0,613.0)
(613.0,613.0)
(613.0,613.0)
(613.0,613.0)
(613.0,613.0)
(613.0,613.0)
(613.0,613.0)
(613.0,613.0)
(613.0,613.0)
(613.0,613.0)
(613.0,613.0)
(613.0,613.0)
(613.0,613.0)
(613.0,613.0)
(613.0,613.0)
(613.0,613.0)
(613.0,613.0)
(613.0,613.0)
(613.0,613.0)
(613.0,613.0)
(613.0,613.0)
(613.0,613.0)
(613.0,613.0)
(613.0,613.0)
(613.0,613.0)
(613.0,613.0)
(613.0,613.0)
(613.0,613.0)
(613.0,613.0)
(613.0,613.0)
(613.0,613.0)
(613.0,613.0)
(613.0,613.0)
(613.0,613.0)
(613.0,613.0)
(613.0,613.0)
(613.0,613.0)
(613.0,613.0)
(613.0,613.0)
(613.0,613.0)
(613.0,613.0)
(613.0,613.0)
(613.0,613.0)
(613.0,613.0)
(613.0,613.0)
(613.0,613.0)
(613.0,613.0)
(613.0,613.0)
(613.0,613.0)
(613.0,613.0)
(613.0,613.0)
(613.0,613.0)
(613.0,613.0)
(613.0,613.0)
(613.0,613.0)
(613.0,613.0)
(613.0,613.0)
(613.0,613.0)
(613.0,613.0)
(613.0,613.0)
(613.0,613.0)
(613.0,613.0)
(613.0,613.0)
(613.0,613.0)
(613.0,613.0)
(613.0,613.0)
(613.0,613.0)
(613.0,613.0)
(613.0,613.0)
(613.0,613.0)
(613.0,613.0)
(613.0,613.0)
(613.0,613.0)
(613.0,613.0)
(613.0,613.0)
(613.0,613.0)
(613.0,613.0)
(613.0,613.0)
(613.0,613.0)
(613.0,613.0)
(613.0,613.0)
(613.0,613.0)
(613.0,613.0)
(613.0,613.0)
(613.0,613.0)
(613.0,613.0)
(613.0,613.0)
(613.0,613.0)
(613.0,613.0)
(613.0,613.0)
(613.0,613.0)
(613.0,613.0)
(613.0,613.0)
(613.0,613.0)
(613.0,613.0)
(613.0,613.0)
(613.0,613.0)
(613.0,613.0)
(613.0,613.0)
(613.0,613.0)
(613.0,613.0)
(613.0,613.0)
(613.0,613.0)
(613.0,613.0)
(613.0,613.0)
(613.0,613.0)
(613.0,613.0)
(613.0,613.0)
(613.0,613.0)
(613.0,613.0)
(613.0,613.0)
(613.0,613.0)
(613.0,613.0)
(613.0,613.0)
(613.0,613.0)
(613.0,613.0)
(613.0,613.0)
(613.0,613.0)
(613.0,613.0)
(613.0,613.0)
(613.0,613.0)
(613.0,613.0)
(613.0,613.0)
(613.0,613.0)
(613.0,613.0)
(613.0,613.0)
(613.0,613.0)
(613.0,613.0)
(613.0,613.0)
(613.0,613.0)
(613.0,613.0)
(613.0,613.0)
(613.0,613.0)
(613.0,613.0)
(613.0,613.0)
(613.0,613.0)
(613.0,613.0)
(613.0,613.0)
(613.0,613.0)
(613.0,613.0)
(613.0,613.0)
(613.0,613.0)
(613.0,613.0)
(613.0,613.0)
(613.0,613.0)
(613.0,613.0)
(613.0,613.0)
(613.0,613.0)
(613.0,613.0)
(613.0,613.0)
(613.0,613.0)
(613.0,613.0)
(613.0,613.0)
(613.0,613.0)
(613.0,613.0)
(613.0,613.0)
(613.0,613.0)
(613.0,613.0)
(613.0,613.0)
(613.0,613.0)
(613.0,613.0)
(613.0,613.0)
(613.0,613.0)
(613.0,613.0)
(613.0,613.0)
(613.0,613.0)
(613.0,613.0)
(613.0,613.0)
(613.0,613.0)
(613.0,613.0)
(613.0,613.0)
(613.0,613.0)
(613.0,613.0)
(613.0,613.0)
(613.0,613.0)
(613.0,613.0)
(613.0,613.0)
(613.0,613.0)
(613.0,613.0)
(613.0,613.0)
(613.0,613.0)
(613.0,613.0)
(613.0,613.0)
(613.0,613.0)
(613.0,613.0)
(613.0,613.0)
(613.0,613.0)
(613.0,613.0)
(613.0,613.0)
(613.0,613.0)
(613.0,613.0)
(613.0,613.0)
(613.0,613.0)
(613.0,613.0)
(613.0,613.0)
(613.0,613.0)
(613.0,613.0)
(613.0,613.0)
(613.0,613.0)
(613.0,613.0)
(613.0,613.0)
(613.0,613.0)
(613.0,613.0)
(613.0,613.0)
(613.0,613.0)
(613.0,613.0)
(613.0,613.0)
(613.0,613.0)
(613.0,613.0)
(613.0,613.0)
(613.0,613.0)
(613.0,613.0)
(613.0,613.0)
(613.0,613.0)
(613.0,613.0)
(613.0,613.0)
(613.0,613.0)
(613.0,613.0)
(613.0,613.0)
(613.0,613.0)
(613.0,613.0)
(613.0,613.0)
(613.0,613.0)
(613.0,613.0)
(613.0,613.0)
(613.0,613.0)
(613.0,613.0)
(613.0,613.0)
(613.0,613.0)
(613.0,613.0)
(613.0,613.0)
(613.0,613.0)
(613.0,613.0)
(613.0,613.0)
(613.0,613.0)
(613.0,613.0)
(629.0,613.0)
(267.0,613.0)
(239.0,613.0)
(267.0,613.0)
(602.0,613.0)
(629.0,613.0)
(613.0,613.0)
(267.0,613.0)
(267.0,613.0)
(267.0,613.0)
(629.0,613.0)
(629.0,613.0)
(239.0,613.0)
(267.0,613.0)
(267.0,613.0)
(267.0,613.0)
(239.0,613.0)
(267.0,613.0)
(267.0,613.0)
(267.0,613.0)
(629.0,613.0)
(629.0,613.0)
(239.0,613.0)
(613.0,613.0)
(613.0,613.0)
(267.0,613.0)
(629.0,613.0)
(249.0,613.0)
(267.0,613.0)
(267.0,613.0)
(613.0,613.0)
(267.0,613.0)
(629.0,613.0)
(239.0,613.0)
(629.0,613.0)
(267.0,613.0)
(629.0,613.0)
(629.0,613.0)
(228.0,613.0)
(629.0,613.0)
(247.0,613.0)
(267.0,613.0)
(629.0,613.0)
(267.0,613.0)
(629.0,613.0)
(613.0,613.0)
(249.0,613.0)
(629.0,613.0)
(247.0,613.0)
(613.0,613.0)
(267.0,613.0)
(267.0,613.0)
(228.0,613.0)
(249.0,613.0)
(613.0,613.0)
(622.0,613.0)
(622.0,613.0)
(267.0,613.0)
(267.0,613.0)
(267.0,613.0)
(629.0,613.0)
(249.0,613.0)
(267.0,613.0)
(629.0,613.0)
(228.0,613.0)
(629.0,613.0)
(629.0,613.0)
(613.0,613.0)
(239.0,613.0)
(239.0,613.0)
(613.0,613.0)
(629.0,613.0)
(613.0,613.0)
(613.0,613.0)
(249.0,613.0)
(613.0,613.0)
(267.0,613.0)
(267.0,613.0)
(629.0,613.0)
(629.0,613.0)
(613.0,613.0)
(636.0,613.0)
(267.0,613.0)
(629.0,613.0)
(267.0,613.0)
(629.0,613.0)
(613.0,613.0)
(247.0,613.0)
(622.0,613.0)
(228.0,613.0)
(629.0,613.0)
(629.0,613.0)
(267.0,613.0)
(629.0,613.0)
(629.0,613.0)
(239.0,613.0)
(267.0,613.0)
(267.0,613.0)
(267.0,613.0)
(267.0,613.0)
(636.0,613.0)
(239.0,613.0)
(629.0,613.0)
(267.0,613.0)
(267.0,613.0)
(629.0,613.0)
(267.0,613.0)
(228.0,613.0)
(629.0,613.0)
(267.0,613.0)
(613.0,613.0)
(602.0,613.0)
(239.0,613.0)
(622.0,613.0)
(267.0,613.0)
(602.0,613.0)
(239.0,613.0)
(629.0,613.0)
(602.0,613.0)
(613.0,613.0)
(613.0,613.0)
(228.0,613.0)
(249.0,613.0)
(613.0,613.0)
(239.0,613.0)
(629.0,613.0)
(267.0,613.0)
(239.0,613.0)
(267.0,613.0)
(267.0,613.0)
(629.0,613.0)
(239.0,613.0)
(267.0,613.0)
(613.0,613.0)
(249.0,613.0)
(629.0,613.0)
(613.0,613.0)
(629.0,613.0)
(613.0,613.0)
(239.0,613.0)
(267.0,613.0)
(613.0,613.0)
(267.0,613.0)
(613.0,613.0)
(239.0,613.0)
(613.0,613.0)
(267.0,613.0)
(267.0,613.0)
(629.0,613.0)
(602.0,613.0)
(249.0,613.0)
(267.0,613.0)
(267.0,613.0)
(629.0,613.0)
