(448.0,442.0)
(445.0,442.0)
(445.0,442.0)
(483.0,442.0)
(448.0,442.0)
(445.0,442.0)
(381.0,442.0)
(448.0,442.0)
(448.0,442.0)
(448.0,442.0)
(461.0,442.0)
(448.0,442.0)
(448.0,442.0)
(428.0,442.0)
(448.0,442.0)
(448.0,442.0)
(448.0,442.0)
(424.0,442.0)
(448.0,442.0)
(402.0,442.0)
(448.0,442.0)
(448.0,442.0)
(448.0,442.0)
(448.0,442.0)
(459.0,442.0)
(798.0,442.0)
(448.0,442.0)
(445.0,442.0)
(448.0,442.0)
(442.0,442.0)
(461.0,442.0)
(483.0,442.0)
(448.0,442.0)
(798.0,442.0)
(448.0,442.0)
(442.0,442.0)
(412.0,442.0)
(461.0,442.0)
(445.0,442.0)
(381.0,442.0)
(445.0,442.0)
(388.0,442.0)
(431.0,442.0)
(448.0,442.0)
(448.0,442.0)
(448.0,442.0)
(464.0,442.0)
(448.0,442.0)
(448.0,442.0)
(388.0,442.0)
(479.0,442.0)
(448.0,442.0)
(448.0,442.0)
(381.0,442.0)
(424.0,442.0)
(445.0,442.0)
(386.0,442.0)
(424.0,442.0)
(448.0,442.0)
(483.0,442.0)
(445.0,442.0)
(479.0,442.0)
(448.0,442.0)
(448.0,442.0)
(771.0,442.0)
(459.0,442.0)
(479.0,442.0)
(412.0,442.0)
(442.0,442.0)
(445.0,442.0)
(445.0,442.0)
(424.0,442.0)
(448.0,442.0)
(386.0,442.0)
(771.0,442.0)
(445.0,442.0)
(448.0,442.0)
(459.0,442.0)
(387.0,442.0)
(448.0,442.0)
(483.0,442.0)
(771.0,442.0)
(448.0,442.0)
(459.0,442.0)
(416.0,442.0)
(442.0,442.0)
(442.0,442.0)
(448.0,442.0)
(771.0,442.0)
(479.0,442.0)
(448.0,442.0)
(448.0,442.0)
(386.0,442.0)
(388.0,442.0)
(483.0,442.0)
(448.0,442.0)
(448.0,442.0)
(442.0,442.0)
(445.0,442.0)
(448.0,442.0)
(479.0,442.0)
(483.0,442.0)
(442.0,442.0)
(452.0,442.0)
(448.0,442.0)
(448.0,442.0)
(461.0,442.0)
(771.0,442.0)
(448.0,442.0)
(448.0,442.0)
(442.0,442.0)
(479.0,442.0)
(479.0,442.0)
(381.0,442.0)
(448.0,442.0)
(483.0,442.0)
(445.0,442.0)
(448.0,442.0)
(448.0,442.0)
(771.0,442.0)
(445.0,442.0)
(448.0,442.0)
(448.0,442.0)
(448.0,442.0)
(442.0,442.0)
(461.0,442.0)
(771.0,442.0)
(771.0,442.0)
(448.0,442.0)
(387.0,442.0)
(448.0,442.0)
(483.0,442.0)
(771.0,442.0)
(448.0,442.0)
(448.0,442.0)
(402.0,442.0)
(448.0,442.0)
(448.0,442.0)
(448.0,442.0)
(461.0,442.0)
(448.0,442.0)
(448.0,442.0)
(448.0,442.0)
(448.0,442.0)
(448.0,442.0)
(461.0,442.0)
(402.0,442.0)
(445.0,442.0)
(445.0,442.0)
(445.0,442.0)
(448.0,442.0)
(461.0,442.0)
(771.0,442.0)
(445.0,442.0)
(448.0,442.0)
(445.0,442.0)
(448.0,442.0)
(381.0,442.0)
(448.0,442.0)
(448.0,442.0)
(771.0,442.0)
(381.0,442.0)
(422.0,442.0)
(442.0,442.0)
(448.0,442.0)
(479.0,442.0)
(448.0,442.0)
(442.0,442.0)
(386.0,442.0)
(412.0,442.0)
(445.0,442.0)
(448.0,442.0)
(448.0,442.0)
(381.0,442.0)
(448.0,442.0)
(448.0,442.0)
(461.0,442.0)
(389.0,442.0)
(445.0,442.0)
(467.0,442.0)
(402.0,442.0)
(479.0,442.0)
(771.0,442.0)
(448.0,442.0)
(421.0,442.0)
(771.0,442.0)
(431.0,442.0)
(448.0,442.0)
(442.0,442.0)
(388.0,442.0)
(442.0,442.0)
(448.0,442.0)
(448.0,442.0)
(448.0,442.0)
(402.0,442.0)
(386.0,442.0)
(445.0,442.0)
(448.0,442.0)
(461.0,442.0)
(442.0,442.0)
(448.0,442.0)
(448.0,442.0)
(448.0,442.0)
(448.0,442.0)
(448.0,442.0)
(386.0,442.0)
(448.0,442.0)
(448.0,442.0)
(448.0,442.0)
(448.0,442.0)
(479.0,442.0)
(445.0,442.0)
(448.0,442.0)
(448.0,442.0)
(448.0,442.0)
(402.0,442.0)
(459.0,442.0)
(448.0,442.0)
(445.0,442.0)
(448.0,442.0)
(381.0,442.0)
(448.0,442.0)
(771.0,442.0)
(448.0,442.0)
(483.0,442.0)
(448.0,442.0)
(424.0,442.0)
(461.0,442.0)
(448.0,442.0)
(448.0,442.0)
(424.0,442.0)
(479.0,442.0)
(448.0,442.0)
(381.0,442.0)
(448.0,442.0)
(448.0,442.0)
(771.0,442.0)
(389.0,442.0)
(448.0,442.0)
(428.0,442.0)
(386.0,442.0)
(448.0,442.0)
(424.0,442.0)
(448.0,442.0)
(389.0,442.0)
(448.0,442.0)
(448.0,442.0)
(771.0,442.0)
(448.0,442.0)
(402.0,442.0)
(387.0,442.0)
(386.0,442.0)
(448.0,442.0)
(448.0,442.0)
(448.0,442.0)
(423.0,442.0)
(448.0,442.0)
(445.0,442.0)
(422.0,442.0)
(461.0,442.0)
(448.0,442.0)
(448.0,442.0)
(771.0,442.0)
(442.0,442.0)
(412.0,442.0)
(448.0,442.0)
(424.0,442.0)
(448.0,442.0)
(461.0,442.0)
(483.0,442.0)
(445.0,442.0)
(479.0,442.0)
(448.0,442.0)
(402.0,442.0)
(386.0,442.0)
(448.0,442.0)
(771.0,442.0)
(421.0,442.0)
(479.0,442.0)
(448.0,442.0)
(445.0,442.0)
(448.0,442.0)
(448.0,442.0)
(448.0,442.0)
(448.0,442.0)
(448.0,442.0)
(468.0,442.0)
(442.0,442.0)
(453.0,453.0)
(451.0,453.0)
(453.0,453.0)
(453.0,453.0)
(464.0,453.0)
(453.0,453.0)
(451.0,453.0)
(466.0,453.0)
(453.0,453.0)
(453.0,453.0)
(453.0,453.0)
(453.0,453.0)
(453.0,453.0)
(453.0,453.0)
(453.0,453.0)
(453.0,453.0)
(466.0,453.0)
(451.0,453.0)
(453.0,453.0)
(451.0,453.0)
(446.0,453.0)
(453.0,453.0)
(466.0,453.0)
(464.0,453.0)
(446.0,453.0)
(446.0,453.0)
(451.0,453.0)
(453.0,453.0)
(453.0,453.0)
(453.0,453.0)
(451.0,453.0)
(464.0,453.0)
(453.0,453.0)
(453.0,453.0)
(449.0,453.0)
(453.0,453.0)
(464.0,453.0)
(464.0,453.0)
(453.0,453.0)
(453.0,453.0)
(453.0,453.0)
(446.0,453.0)
(453.0,453.0)
(453.0,453.0)
(445.0,453.0)
(451.0,453.0)
(451.0,453.0)
(451.0,453.0)
(453.0,453.0)
(453.0,453.0)
(464.0,453.0)
(446.0,453.0)
(771.0,453.0)
(446.0,453.0)
(464.0,453.0)
(464.0,453.0)
(453.0,453.0)
(451.0,453.0)
(453.0,453.0)
(453.0,453.0)
(451.0,453.0)
(453.0,453.0)
(451.0,453.0)
(453.0,453.0)
(453.0,453.0)
(453.0,453.0)
(461.0,453.0)
(453.0,453.0)
(446.0,453.0)
(444.0,453.0)
(451.0,453.0)
(446.0,453.0)
(446.0,453.0)
(453.0,453.0)
(453.0,453.0)
(464.0,453.0)
(451.0,453.0)
(453.0,453.0)
(453.0,453.0)
(453.0,453.0)
(453.0,453.0)
(446.0,453.0)
(453.0,453.0)
(453.0,453.0)
(464.0,453.0)
(453.0,453.0)
(453.0,453.0)
(453.0,453.0)
(451.0,453.0)
(451.0,453.0)
(453.0,453.0)
(451.0,453.0)
(451.0,453.0)
(451.0,453.0)
(453.0,453.0)
(446.0,453.0)
(453.0,453.0)
(446.0,453.0)
(453.0,453.0)
(453.0,453.0)
(453.0,453.0)
(453.0,453.0)
(453.0,453.0)
(453.0,453.0)
(451.0,453.0)
(453.0,453.0)
(451.0,453.0)
(453.0,453.0)
(464.0,453.0)
(453.0,453.0)
(453.0,453.0)
(446.0,453.0)
(451.0,453.0)
(451.0,453.0)
(451.0,453.0)
(799.0,453.0)
(453.0,453.0)
(453.0,453.0)
(446.0,453.0)
(461.0,453.0)
(451.0,453.0)
(453.0,453.0)
(453.0,453.0)
(451.0,453.0)
(451.0,453.0)
(446.0,453.0)
(451.0,453.0)
(453.0,453.0)
(453.0,453.0)
(453.0,453.0)
(460.0,453.0)
(446.0,453.0)
(453.0,453.0)
(453.0,453.0)
(453.0,453.0)
(446.0,453.0)
(453.0,453.0)
(453.0,453.0)
(451.0,453.0)
(451.0,453.0)
(453.0,453.0)
(464.0,453.0)
(451.0,453.0)
(464.0,453.0)
(464.0,453.0)
(453.0,453.0)
(453.0,453.0)
(453.0,453.0)
(451.0,453.0)
(451.0,453.0)
(453.0,453.0)
(451.0,453.0)
(461.0,453.0)
(453.0,453.0)
(466.0,453.0)
(453.0,453.0)
(453.0,453.0)
(453.0,453.0)
(451.0,453.0)
(453.0,453.0)
(453.0,453.0)
(451.0,453.0)
(451.0,453.0)
(453.0,453.0)
(451.0,453.0)
(453.0,453.0)
(451.0,453.0)
(453.0,453.0)
(453.0,453.0)
(464.0,453.0)
(453.0,453.0)
(453.0,453.0)
(453.0,453.0)
(451.0,453.0)
(794.0,453.0)
(446.0,453.0)
(453.0,453.0)
(453.0,453.0)
(453.0,453.0)
(453.0,453.0)
(451.0,453.0)
(464.0,453.0)
(464.0,453.0)
(453.0,453.0)
(453.0,453.0)
(461.0,453.0)
(464.0,453.0)
(464.0,453.0)
(453.0,453.0)
(453.0,453.0)
(446.0,453.0)
(464.0,453.0)
(464.0,453.0)
(451.0,453.0)
(451.0,453.0)
(451.0,453.0)
(453.0,453.0)
(453.0,453.0)
(453.0,453.0)
(455.0,455.0)
(455.0,455.0)
(804.0,455.0)
(455.0,455.0)
(455.0,455.0)
(455.0,455.0)
(455.0,455.0)
(455.0,455.0)
(455.0,455.0)
(455.0,455.0)
(455.0,455.0)
(455.0,455.0)
(447.0,455.0)
(455.0,455.0)
(455.0,455.0)
(455.0,455.0)
(455.0,455.0)
(455.0,455.0)
(455.0,455.0)
(455.0,455.0)
(804.0,455.0)
(455.0,455.0)
(455.0,455.0)
(455.0,455.0)
(455.0,455.0)
(455.0,455.0)
(455.0,455.0)
(455.0,455.0)
(455.0,455.0)
(455.0,455.0)
(455.0,455.0)
(455.0,455.0)
(455.0,455.0)
(455.0,455.0)
(455.0,455.0)
(455.0,455.0)
(455.0,455.0)
(455.0,455.0)
(455.0,455.0)
(455.0,455.0)
(455.0,455.0)
(455.0,455.0)
(455.0,455.0)
(447.0,455.0)
(455.0,455.0)
(455.0,455.0)
(455.0,455.0)
(455.0,455.0)
(455.0,455.0)
(455.0,455.0)
(455.0,455.0)
(455.0,455.0)
(455.0,455.0)
(455.0,455.0)
(455.0,455.0)
(455.0,455.0)
(455.0,455.0)
(455.0,455.0)
(455.0,455.0)
(455.0,455.0)
(455.0,455.0)
(455.0,455.0)
(455.0,455.0)
(455.0,455.0)
(455.0,455.0)
(455.0,455.0)
(455.0,455.0)
(455.0,455.0)
(455.0,455.0)
(455.0,455.0)
(455.0,455.0)
(455.0,455.0)
(455.0,455.0)
(455.0,455.0)
(455.0,455.0)
(455.0,455.0)
(455.0,455.0)
(455.0,455.0)
(455.0,455.0)
(455.0,455.0)
(455.0,455.0)
(455.0,455.0)
(455.0,455.0)
(455.0,455.0)
(455.0,455.0)
(455.0,455.0)
(455.0,455.0)
(455.0,455.0)
(455.0,455.0)
(455.0,455.0)
(455.0,455.0)
(455.0,455.0)
(455.0,455.0)
(455.0,455.0)
(455.0,455.0)
(455.0,455.0)
(455.0,455.0)
(455.0,455.0)
(455.0,455.0)
(455.0,455.0)
(455.0,455.0)
(455.0,455.0)
(455.0,455.0)
(455.0,455.0)
(447.0,455.0)
(455.0,455.0)
(455.0,455.0)
(455.0,455.0)
(447.0,455.0)
(455.0,455.0)
(455.0,455.0)
(455.0,455.0)
(455.0,455.0)
(455.0,455.0)
(455.0,455.0)
(455.0,455.0)
(455.0,455.0)
(455.0,455.0)
(455.0,455.0)
(802.0,455.0)
(455.0,455.0)
(447.0,455.0)
(455.0,455.0)
(455.0,455.0)
(455.0,455.0)
(455.0,455.0)
(455.0,455.0)
(455.0,455.0)
(455.0,455.0)
(455.0,455.0)
(455.0,455.0)
(455.0,455.0)
(455.0,455.0)
(447.0,455.0)
(455.0,455.0)
(455.0,455.0)
(455.0,455.0)
(455.0,455.0)
(455.0,455.0)
(455.0,455.0)
(455.0,455.0)
(455.0,455.0)
(455.0,455.0)
(455.0,455.0)
(455.0,455.0)
(455.0,455.0)
(455.0,455.0)
(455.0,455.0)
(455.0,455.0)
(455.0,455.0)
(455.0,455.0)
(455.0,455.0)
(455.0,455.0)
(455.0,455.0)
(455.0,455.0)
(455.0,455.0)
(455.0,455.0)
(455.0,455.0)
(455.0,455.0)
(455.0,455.0)
(455.0,455.0)
(455.0,455.0)
(455.0,455.0)
(455.0,455.0)
(455.0,455.0)
(455.0,455.0)
(455.0,455.0)
(455.0,455.0)
(455.0,455.0)
(455.0,455.0)
(455.0,455.0)
(455.0,455.0)
(455.0,455.0)
(455.0,455.0)
(455.0,455.0)
(455.0,455.0)
(455.0,455.0)
(455.0,455.0)
(455.0,455.0)
(455.0,455.0)
(455.0,455.0)
(447.0,455.0)
(455.0,455.0)
(804.0,455.0)
(455.0,455.0)
(455.0,455.0)
(455.0,455.0)
(455.0,455.0)
(455.0,455.0)
(455.0,455.0)
(802.0,455.0)
(455.0,455.0)
(447.0,455.0)
(455.0,455.0)
(455.0,455.0)
(455.0,455.0)
(459.0,456.0)
(447.0,456.0)
(447.0,456.0)
(447.0,456.0)
(447.0,456.0)
(455.0,456.0)
(447.0,456.0)
(447.0,456.0)
(447.0,456.0)
(447.0,456.0)
(447.0,456.0)
(447.0,456.0)
(447.0,456.0)
(447.0,456.0)
(447.0,456.0)
(447.0,456.0)
(447.0,456.0)
(455.0,456.0)
(447.0,456.0)
(447.0,456.0)
(447.0,456.0)
(447.0,456.0)
(447.0,456.0)
(447.0,456.0)
(447.0,456.0)
(447.0,456.0)
(447.0,456.0)
(447.0,456.0)
(447.0,456.0)
(447.0,456.0)
(447.0,456.0)
(447.0,456.0)
(447.0,456.0)
(447.0,456.0)
(447.0,456.0)
(447.0,456.0)
(802.0,456.0)
(447.0,456.0)
(447.0,456.0)
(447.0,456.0)
(447.0,456.0)
(447.0,456.0)
(447.0,456.0)
(447.0,456.0)
(447.0,456.0)
(447.0,456.0)
(447.0,456.0)
(447.0,456.0)
(447.0,456.0)
(447.0,456.0)
(447.0,456.0)
(447.0,456.0)
(447.0,456.0)
(447.0,456.0)
(447.0,456.0)
(447.0,456.0)
(447.0,456.0)
(455.0,456.0)
(447.0,456.0)
(447.0,456.0)
(447.0,456.0)
(447.0,456.0)
(447.0,456.0)
(447.0,456.0)
(447.0,456.0)
(447.0,456.0)
(447.0,456.0)
(447.0,456.0)
(447.0,456.0)
(447.0,456.0)
(447.0,456.0)
(447.0,456.0)
(447.0,456.0)
(447.0,456.0)
(447.0,456.0)
(447.0,456.0)
(447.0,456.0)
(447.0,456.0)
(447.0,456.0)
(447.0,456.0)
(447.0,456.0)
(447.0,456.0)
(447.0,456.0)
(447.0,456.0)
(447.0,456.0)
(447.0,456.0)
(447.0,456.0)
(447.0,456.0)
(447.0,456.0)
(447.0,456.0)
(447.0,456.0)
(447.0,456.0)
(447.0,456.0)
(447.0,456.0)
(447.0,456.0)
(434.0,456.0)
(447.0,456.0)
(447.0,456.0)
(447.0,456.0)
(354.0,456.0)
(447.0,456.0)
(447.0,456.0)
(447.0,456.0)
(417.0,456.0)
(447.0,456.0)
(447.0,456.0)
(447.0,456.0)
(447.0,456.0)
(447.0,456.0)
(447.0,456.0)
(447.0,456.0)
(447.0,456.0)
(447.0,456.0)
(447.0,456.0)
(447.0,456.0)
(447.0,456.0)
(447.0,456.0)
(447.0,456.0)
(447.0,456.0)
(459.0,456.0)
(447.0,456.0)
(447.0,456.0)
(447.0,456.0)
(447.0,456.0)
(447.0,456.0)
(447.0,456.0)
(447.0,456.0)
(447.0,456.0)
(447.0,456.0)
(447.0,456.0)
(447.0,456.0)
(459.0,456.0)
(417.0,456.0)
(447.0,456.0)
(447.0,456.0)
(447.0,456.0)
(447.0,456.0)
(447.0,456.0)
(447.0,456.0)
(447.0,456.0)
(447.0,456.0)
(447.0,456.0)
(447.0,456.0)
(447.0,456.0)
(447.0,456.0)
(447.0,456.0)
(786.0,456.0)
(447.0,456.0)
(447.0,456.0)
(447.0,456.0)
(447.0,456.0)
(447.0,456.0)
(447.0,456.0)
(447.0,456.0)
(447.0,456.0)
(447.0,456.0)
(447.0,456.0)
(447.0,456.0)
(447.0,456.0)
(447.0,456.0)
(447.0,456.0)
(447.0,456.0)
(447.0,456.0)
(447.0,456.0)
(455.0,456.0)
(447.0,456.0)
(447.0,456.0)
(447.0,456.0)
(447.0,456.0)
(447.0,456.0)
(447.0,456.0)
(447.0,456.0)
(447.0,456.0)
(447.0,456.0)
(447.0,456.0)
(447.0,456.0)
(447.0,456.0)
(447.0,456.0)
(447.0,456.0)
(447.0,456.0)
(447.0,456.0)
(447.0,456.0)
(447.0,456.0)
(447.0,456.0)
(475.0,456.0)
(447.0,456.0)
(447.0,456.0)
(447.0,456.0)
(447.0,456.0)
(459.0,456.0)
(447.0,456.0)
(447.0,456.0)
(447.0,456.0)
(435.0,456.0)
(447.0,456.0)
(455.0,456.0)
(447.0,456.0)
(475.0,456.0)
(756.0,457.0)
(756.0,457.0)
(757.0,457.0)
(756.0,457.0)
(457.0,457.0)
(447.0,457.0)
(457.0,457.0)
(756.0,457.0)
(382.0,457.0)
(457.0,457.0)
(457.0,457.0)
(447.0,457.0)
(756.0,457.0)
(440.0,457.0)
(447.0,457.0)
(756.0,457.0)
(458.0,457.0)
(459.0,457.0)
(458.0,457.0)
(447.0,457.0)
(447.0,457.0)
(756.0,457.0)
(447.0,457.0)
(457.0,457.0)
(757.0,457.0)
(457.0,457.0)
(382.0,457.0)
(457.0,457.0)
(447.0,457.0)
(447.0,457.0)
(447.0,457.0)
(447.0,457.0)
(756.0,457.0)
(757.0,457.0)
(459.0,457.0)
(756.0,457.0)
(475.0,457.0)
(458.0,457.0)
(457.0,457.0)
(458.0,457.0)
(447.0,457.0)
(757.0,457.0)
(458.0,457.0)
(458.0,457.0)
(447.0,457.0)
(447.0,457.0)
(447.0,457.0)
(447.0,457.0)
(756.0,457.0)
(785.0,457.0)
(458.0,457.0)
(475.0,457.0)
(458.0,457.0)
(756.0,457.0)
(457.0,457.0)
(757.0,457.0)
(756.0,457.0)
(457.0,457.0)
(457.0,457.0)
(756.0,457.0)
(382.0,457.0)
(447.0,457.0)
(457.0,457.0)
(756.0,457.0)
(447.0,457.0)
(756.0,457.0)
(459.0,457.0)
(757.0,457.0)
(475.0,457.0)
(457.0,457.0)
(379.0,457.0)
(447.0,457.0)
(458.0,457.0)
(459.0,457.0)
(382.0,457.0)
(756.0,457.0)
(475.0,457.0)
(757.0,457.0)
(756.0,457.0)
(756.0,457.0)
(417.0,457.0)
(457.0,457.0)
(756.0,457.0)
(382.0,457.0)
(457.0,457.0)
(458.0,457.0)
(447.0,457.0)
(447.0,457.0)
(458.0,457.0)
(458.0,457.0)
(458.0,457.0)
(458.0,457.0)
(457.0,457.0)
(458.0,457.0)
(458.0,457.0)
(447.0,457.0)
(756.0,457.0)
(458.0,457.0)
(457.0,457.0)
(756.0,457.0)
(457.0,457.0)
(479.0,457.0)
(417.0,457.0)
(756.0,457.0)
(458.0,457.0)
(757.0,457.0)
(457.0,457.0)
(447.0,457.0)
(457.0,457.0)
(447.0,457.0)
(757.0,457.0)
(756.0,457.0)
(479.0,457.0)
(459.0,457.0)
(459.0,457.0)
(757.0,457.0)
(447.0,457.0)
(458.0,457.0)
(771.0,457.0)
(457.0,457.0)
(457.0,457.0)
(458.0,457.0)
(458.0,457.0)
(457.0,457.0)
(756.0,457.0)
(756.0,457.0)
(757.0,457.0)
(756.0,457.0)
(475.0,457.0)
(459.0,457.0)
(459.0,457.0)
(459.0,457.0)
(458.0,457.0)
(459.0,457.0)
(458.0,457.0)
(756.0,457.0)
(479.0,457.0)
(457.0,457.0)
(756.0,457.0)
(457.0,457.0)
(458.0,457.0)
(479.0,457.0)
(458.0,457.0)
(458.0,457.0)
(457.0,457.0)
(785.0,457.0)
(457.0,457.0)
(457.0,457.0)
(447.0,457.0)
(475.0,457.0)
(457.0,457.0)
(458.0,457.0)
(479.0,457.0)
(756.0,457.0)
(447.0,457.0)
(457.0,457.0)
(475.0,457.0)
(475.0,457.0)
(387.0,457.0)
(756.0,457.0)
(756.0,457.0)
(447.0,457.0)
(458.0,457.0)
(457.0,457.0)
(457.0,457.0)
(475.0,457.0)
(447.0,457.0)
(756.0,457.0)
(457.0,457.0)
(459.0,457.0)
(447.0,457.0)
(447.0,457.0)
(382.0,457.0)
(757.0,457.0)
(457.0,457.0)
(474.0,457.0)
(457.0,457.0)
(457.0,457.0)
(748.0,457.0)
(757.0,457.0)
(756.0,457.0)
(457.0,457.0)
(459.0,457.0)
(458.0,457.0)
(404.0,457.0)
(756.0,457.0)
(458.0,457.0)
(447.0,457.0)
(447.0,457.0)
(757.0,457.0)
(447.0,457.0)
(457.0,457.0)
(457.0,457.0)
(459.0,457.0)
(447.0,457.0)
(756.0,457.0)
(475.0,457.0)
(354.0,457.0)
(458.0,457.0)
(455.0,441.0)
(455.0,441.0)
(447.0,441.0)
(455.0,441.0)
(455.0,441.0)
(455.0,441.0)
(404.0,441.0)
(455.0,441.0)
(455.0,441.0)
(455.0,441.0)
(417.0,441.0)
(455.0,441.0)
(455.0,441.0)
(455.0,441.0)
(455.0,441.0)
(455.0,441.0)
(455.0,441.0)
(455.0,441.0)
(455.0,441.0)
(417.0,441.0)
(455.0,441.0)
(404.0,441.0)
(447.0,441.0)
(447.0,441.0)
(455.0,441.0)
(455.0,441.0)
(455.0,441.0)
(447.0,441.0)
(455.0,441.0)
(404.0,441.0)
(455.0,441.0)
(413.0,441.0)
(455.0,441.0)
(455.0,441.0)
(455.0,441.0)
(447.0,441.0)
(455.0,441.0)
(455.0,441.0)
(455.0,441.0)
(447.0,441.0)
(455.0,441.0)
(455.0,441.0)
(455.0,441.0)
(455.0,441.0)
(455.0,441.0)
(455.0,441.0)
(455.0,441.0)
(447.0,441.0)
(455.0,441.0)
(455.0,441.0)
(455.0,441.0)
(455.0,441.0)
(455.0,441.0)
(455.0,441.0)
(447.0,441.0)
(455.0,441.0)
(455.0,441.0)
(447.0,441.0)
(455.0,441.0)
(455.0,441.0)
(417.0,441.0)
(455.0,441.0)
(455.0,441.0)
(455.0,441.0)
(455.0,441.0)
(455.0,441.0)
(455.0,441.0)
(455.0,441.0)
(447.0,441.0)
(455.0,441.0)
(455.0,441.0)
(455.0,441.0)
(447.0,441.0)
(455.0,441.0)
(455.0,441.0)
(417.0,441.0)
(447.0,441.0)
(447.0,441.0)
(447.0,441.0)
(447.0,441.0)
(455.0,441.0)
(455.0,441.0)
(447.0,441.0)
(447.0,441.0)
(455.0,441.0)
(455.0,441.0)
(455.0,441.0)
(447.0,441.0)
(455.0,441.0)
(447.0,441.0)
(455.0,441.0)
(455.0,441.0)
(455.0,441.0)
(455.0,441.0)
(455.0,441.0)
(455.0,441.0)
(447.0,441.0)
(455.0,441.0)
(455.0,441.0)
(417.0,441.0)
(455.0,441.0)
(455.0,441.0)
(447.0,441.0)
(455.0,441.0)
(455.0,441.0)
(447.0,441.0)
(455.0,441.0)
(447.0,441.0)
(404.0,441.0)
(455.0,441.0)
(455.0,441.0)
(447.0,441.0)
(417.0,441.0)
(455.0,441.0)
(455.0,441.0)
(455.0,441.0)
(447.0,441.0)
(455.0,441.0)
(455.0,441.0)
(455.0,441.0)
(455.0,441.0)
(455.0,441.0)
(455.0,441.0)
(447.0,441.0)
(455.0,441.0)
(455.0,441.0)
(455.0,441.0)
(447.0,441.0)
(455.0,441.0)
(455.0,441.0)
(441.0,441.0)
(455.0,441.0)
(465.0,441.0)
(417.0,441.0)
(455.0,441.0)
(455.0,441.0)
(447.0,441.0)
(455.0,441.0)
(455.0,441.0)
(441.0,441.0)
(447.0,441.0)
(455.0,441.0)
(447.0,441.0)
(447.0,441.0)
(447.0,441.0)
(463.0,441.0)
(455.0,441.0)
(455.0,441.0)
(455.0,441.0)
(447.0,441.0)
(441.0,441.0)
(455.0,441.0)
(455.0,441.0)
(455.0,441.0)
(447.0,441.0)
(447.0,441.0)
(455.0,441.0)
(455.0,441.0)
(447.0,441.0)
(447.0,441.0)
(455.0,441.0)
(455.0,441.0)
(465.0,441.0)
(447.0,441.0)
(455.0,441.0)
(455.0,441.0)
(455.0,441.0)
(467.0,441.0)
(455.0,441.0)
(455.0,441.0)
(455.0,441.0)
(455.0,441.0)
(753.0,441.0)
(455.0,441.0)
(404.0,441.0)
(455.0,441.0)
(455.0,441.0)
(455.0,441.0)
(455.0,441.0)
(455.0,441.0)
(455.0,441.0)
(455.0,441.0)
(455.0,441.0)
(447.0,441.0)
(413.0,441.0)
(455.0,441.0)
(455.0,441.0)
(447.0,441.0)
(455.0,441.0)
(455.0,441.0)
(455.0,441.0)
(455.0,441.0)
(447.0,441.0)
(417.0,441.0)
(455.0,441.0)
(417.0,441.0)
(404.0,441.0)
(455.0,441.0)
(805.0,441.0)
(447.0,441.0)
(455.0,441.0)
(455.0,441.0)
(447.0,441.0)
(447.0,441.0)
(455.0,441.0)
(455.0,441.0)
(463.0,441.0)
(455.0,441.0)
(401.0,441.0)
(441.0,441.0)
(455.0,441.0)
(462.0,441.0)
(455.0,441.0)
(447.0,441.0)
(455.0,441.0)
(441.0,441.0)
(463.0,441.0)
(401.0,441.0)
(447.0,441.0)
(455.0,441.0)
(455.0,441.0)
(404.0,441.0)
(447.0,441.0)
(447.0,441.0)
(465.0,441.0)
(417.0,441.0)
(447.0,441.0)
(455.0,441.0)
(804.0,441.0)
(455.0,441.0)
(455.0,441.0)
(404.0,441.0)
(447.0,441.0)
(455.0,441.0)
(463.0,441.0)
(417.0,441.0)
(455.0,441.0)
(455.0,441.0)
(455.0,441.0)
(455.0,441.0)
(455.0,441.0)
(447.0,441.0)
(447.0,441.0)
(455.0,441.0)
(455.0,441.0)
(404.0,441.0)
(455.0,441.0)
(455.0,441.0)
(455.0,441.0)
(455.0,441.0)
(455.0,441.0)
(455.0,441.0)
(455.0,441.0)
(463.0,441.0)
(455.0,441.0)
(455.0,441.0)
(455.0,441.0)
(447.0,441.0)
(455.0,441.0)
(417.0,441.0)
(447.0,441.0)
(441.0,441.0)
(455.0,441.0)
(455.0,441.0)
(447.0,441.0)
(455.0,441.0)
(401.0,441.0)
(463.0,441.0)
(455.0,441.0)
(447.0,441.0)
(401.0,441.0)
(463.0,441.0)
(447.0,441.0)
(455.0,441.0)
(447.0,441.0)
(455.0,441.0)
(455.0,441.0)
(447.0,441.0)
(462.0,441.0)
(455.0,441.0)
(455.0,441.0)
(447.0,441.0)
(455.0,441.0)
(455.0,441.0)
(404.0,441.0)
(455.0,441.0)
(404.0,441.0)
(455.0,441.0)
(455.0,441.0)
(455.0,441.0)
(455.0,441.0)
(455.0,441.0)
(805.0,441.0)
(455.0,441.0)
(455.0,441.0)
(455.0,441.0)
(455.0,441.0)
(455.0,441.0)
(463.0,441.0)
(463.0,441.0)
(463.0,441.0)
(455.0,441.0)
(404.0,441.0)
(455.0,441.0)
(455.0,441.0)
(455.0,441.0)
(455.0,441.0)
(455.0,441.0)
(455.0,441.0)
(441.0,441.0)
(455.0,441.0)
(455.0,441.0)
(455.0,441.0)
(455.0,441.0)
(455.0,441.0)
(455.0,441.0)
(455.0,441.0)
(455.0,441.0)
(463.0,441.0)
(447.0,441.0)
(455.0,441.0)
(404.0,441.0)
(455.0,441.0)
(447.0,441.0)
(455.0,441.0)
(404.0,441.0)
(463.0,441.0)
(455.0,441.0)
(455.0,441.0)
(447.0,441.0)
(447.0,441.0)
(455.0,441.0)
(455.0,441.0)
(447.0,441.0)
(404.0,441.0)
(405.0,441.0)
(455.0,441.0)
(455.0,441.0)
(455.0,441.0)
(455.0,441.0)
(455.0,441.0)
(447.0,441.0)
(404.0,441.0)
(455.0,441.0)
(455.0,441.0)
(455.0,441.0)
(455.0,441.0)
(417.0,441.0)
(455.0,441.0)
(455.0,441.0)
(455.0,441.0)
(455.0,441.0)
(455.0,441.0)
(447.0,441.0)
(404.0,441.0)
(455.0,441.0)
(455.0,441.0)
(805.0,441.0)
(455.0,441.0)
(447.0,441.0)
(455.0,441.0)
(447.0,441.0)
(463.0,441.0)
(455.0,441.0)
(455.0,441.0)
(455.0,441.0)
(463.0,441.0)
(455.0,441.0)
(456.0,441.0)
(463.0,441.0)
(463.0,441.0)
(447.0,441.0)
(455.0,441.0)
(455.0,441.0)
(404.0,441.0)
(455.0,441.0)
(802.0,441.0)
(455.0,441.0)
(455.0,441.0)
(455.0,441.0)
(455.0,441.0)
(447.0,441.0)
(455.0,441.0)
(447.0,441.0)
(463.0,441.0)
(455.0,441.0)
(417.0,441.0)
(455.0,441.0)
(455.0,441.0)
(447.0,441.0)
(459.0,459.0)
(459.0,459.0)
(459.0,459.0)
(459.0,459.0)
(459.0,459.0)
(459.0,459.0)
(459.0,459.0)
(459.0,459.0)
(459.0,459.0)
(459.0,459.0)
(459.0,459.0)
(459.0,459.0)
(459.0,459.0)
(459.0,459.0)
(459.0,459.0)
(459.0,459.0)
(459.0,459.0)
(459.0,459.0)
(459.0,459.0)
(459.0,459.0)
(459.0,459.0)
(447.0,459.0)
(459.0,459.0)
(459.0,459.0)
(459.0,459.0)
(459.0,459.0)
(459.0,459.0)
(459.0,459.0)
(447.0,459.0)
(459.0,459.0)
(459.0,459.0)
(459.0,459.0)
(447.0,459.0)
(459.0,459.0)
(459.0,459.0)
(421.0,459.0)
(459.0,459.0)
(459.0,459.0)
(447.0,459.0)
(482.0,459.0)
(447.0,459.0)
(459.0,459.0)
(459.0,459.0)
(459.0,459.0)
(459.0,459.0)
(459.0,459.0)
(459.0,459.0)
(459.0,459.0)
(459.0,459.0)
(459.0,459.0)
(459.0,459.0)
(459.0,459.0)
(459.0,459.0)
(459.0,459.0)
(459.0,459.0)
(459.0,459.0)
(459.0,459.0)
(459.0,459.0)
(459.0,459.0)
(447.0,459.0)
(459.0,459.0)
(459.0,459.0)
(459.0,459.0)
(459.0,459.0)
(447.0,459.0)
(459.0,459.0)
(459.0,459.0)
(459.0,459.0)
(459.0,459.0)
(459.0,459.0)
(459.0,459.0)
(459.0,459.0)
(459.0,459.0)
(459.0,459.0)
(447.0,459.0)
(459.0,459.0)
(459.0,459.0)
(459.0,459.0)
(459.0,459.0)
(459.0,459.0)
(459.0,459.0)
(459.0,459.0)
(447.0,459.0)
(459.0,459.0)
(459.0,459.0)
(459.0,459.0)
(459.0,459.0)
(459.0,459.0)
(459.0,459.0)
(459.0,459.0)
(459.0,459.0)
(459.0,459.0)
(459.0,459.0)
(459.0,459.0)
(459.0,459.0)
(459.0,459.0)
(459.0,459.0)
(459.0,459.0)
(771.0,459.0)
(459.0,459.0)
(459.0,459.0)
(459.0,459.0)
(459.0,459.0)
(459.0,459.0)
(459.0,459.0)
(459.0,459.0)
(459.0,459.0)
(459.0,459.0)
(459.0,459.0)
(459.0,459.0)
(459.0,459.0)
(459.0,459.0)
(459.0,459.0)
(459.0,459.0)
(459.0,459.0)
(459.0,459.0)
(459.0,459.0)
(459.0,459.0)
(459.0,459.0)
(459.0,459.0)
(459.0,459.0)
(459.0,459.0)
(459.0,459.0)
(459.0,459.0)
(459.0,459.0)
(459.0,459.0)
(447.0,459.0)
(459.0,459.0)
(459.0,459.0)
(459.0,459.0)
(441.0,459.0)
(459.0,459.0)
(459.0,459.0)
(459.0,459.0)
(459.0,459.0)
(459.0,459.0)
(459.0,459.0)
(459.0,459.0)
(459.0,459.0)
(459.0,459.0)
(459.0,459.0)
(459.0,459.0)
(459.0,459.0)
(459.0,459.0)
(459.0,459.0)
(459.0,459.0)
(459.0,459.0)
(459.0,459.0)
(447.0,459.0)
(459.0,459.0)
(459.0,459.0)
(459.0,459.0)
(459.0,459.0)
(459.0,459.0)
(459.0,459.0)
(459.0,459.0)
(459.0,459.0)
(459.0,459.0)
(459.0,459.0)
(459.0,459.0)
(459.0,459.0)
(459.0,459.0)
(459.0,459.0)
(459.0,459.0)
(459.0,459.0)
(459.0,459.0)
(459.0,459.0)
(459.0,459.0)
(459.0,459.0)
(459.0,459.0)
(459.0,459.0)
(459.0,459.0)
(459.0,459.0)
(459.0,459.0)
(459.0,459.0)
(459.0,459.0)
(447.0,459.0)
(459.0,459.0)
(459.0,459.0)
(459.0,459.0)
(459.0,459.0)
(459.0,459.0)
(459.0,459.0)
(459.0,459.0)
(459.0,459.0)
(459.0,459.0)
(459.0,459.0)
(447.0,459.0)
(459.0,459.0)
(447.0,459.0)
(459.0,459.0)
(459.0,459.0)
(459.0,459.0)
(458.0,459.0)
(456.0,459.0)
(459.0,459.0)
(459.0,459.0)
(459.0,459.0)
(447.0,459.0)
(459.0,459.0)
(459.0,459.0)
(459.0,459.0)
(447.0,459.0)
(459.0,459.0)
(459.0,459.0)
(459.0,459.0)
(459.0,459.0)
(459.0,459.0)
(459.0,459.0)
(459.0,459.0)
(459.0,459.0)
(459.0,459.0)
(459.0,459.0)
(459.0,459.0)
(459.0,459.0)
(459.0,459.0)
(459.0,459.0)
(459.0,459.0)
(459.0,459.0)
(459.0,459.0)
(459.0,459.0)
(459.0,459.0)
(459.0,459.0)
(459.0,459.0)
(459.0,459.0)
(459.0,459.0)
(459.0,459.0)
(459.0,459.0)
(447.0,459.0)
(459.0,459.0)
(459.0,459.0)
(447.0,459.0)
(459.0,459.0)
(459.0,459.0)
(459.0,459.0)
(459.0,459.0)
(459.0,459.0)
(459.0,459.0)
(459.0,459.0)
(459.0,459.0)
(459.0,459.0)
(447.0,459.0)
(459.0,459.0)
(459.0,459.0)
(459.0,459.0)
(459.0,459.0)
(447.0,459.0)
(459.0,459.0)
(459.0,459.0)
(459.0,459.0)
(459.0,459.0)
(459.0,459.0)
(459.0,459.0)
(459.0,459.0)
(459.0,459.0)
(459.0,459.0)
(459.0,459.0)
(455.0,459.0)
(459.0,459.0)
(459.0,459.0)
(459.0,459.0)
(459.0,459.0)
(459.0,459.0)
(802.0,459.0)
(459.0,459.0)
(459.0,459.0)
(459.0,459.0)
(459.0,459.0)
(459.0,459.0)
(459.0,459.0)
(459.0,459.0)
(447.0,459.0)
(459.0,459.0)
(447.0,459.0)
(459.0,459.0)
(459.0,459.0)
(459.0,459.0)
(459.0,459.0)
(459.0,459.0)
(459.0,459.0)
(459.0,459.0)
(459.0,459.0)
(459.0,459.0)
(459.0,459.0)
(459.0,459.0)
(447.0,459.0)
(459.0,459.0)
(459.0,459.0)
(459.0,459.0)
(459.0,459.0)
(447.0,459.0)
(459.0,459.0)
(459.0,459.0)
(459.0,459.0)
(459.0,459.0)
(459.0,459.0)
(459.0,459.0)
(447.0,459.0)
(459.0,459.0)
(459.0,459.0)
(459.0,459.0)
(447.0,459.0)
(459.0,459.0)
(447.0,459.0)
(459.0,459.0)
(459.0,459.0)
(459.0,459.0)
(459.0,459.0)
(802.0,459.0)
(459.0,459.0)
(459.0,459.0)
(459.0,459.0)
(459.0,459.0)
(482.0,459.0)
(459.0,459.0)
(459.0,459.0)
(459.0,459.0)
(459.0,459.0)
(459.0,459.0)
(459.0,459.0)
(459.0,459.0)
(459.0,459.0)
(459.0,459.0)
(804.0,459.0)
(456.0,459.0)
(459.0,459.0)
(459.0,459.0)
(459.0,459.0)
(459.0,459.0)
(459.0,459.0)
(459.0,459.0)
(459.0,459.0)
(447.0,459.0)
(459.0,459.0)
(459.0,459.0)
(459.0,459.0)
(459.0,459.0)
(459.0,459.0)
(459.0,459.0)
(459.0,459.0)
(447.0,459.0)
(459.0,459.0)
(447.0,459.0)
(459.0,459.0)
(459.0,459.0)
(459.0,459.0)
(459.0,459.0)
(459.0,459.0)
(459.0,459.0)
(459.0,459.0)
(459.0,459.0)
(459.0,459.0)
(459.0,459.0)
(459.0,459.0)
(459.0,459.0)
(459.0,459.0)
(459.0,459.0)
(459.0,459.0)
(459.0,459.0)
(448.0,459.0)
(447.0,459.0)
(459.0,459.0)
(459.0,459.0)
(459.0,459.0)
(459.0,459.0)
(459.0,459.0)
(459.0,459.0)
(459.0,459.0)
(459.0,459.0)
(459.0,459.0)
(459.0,459.0)
(459.0,459.0)
(459.0,459.0)
(459.0,459.0)
(459.0,459.0)
(459.0,459.0)
(459.0,459.0)
(459.0,459.0)
(459.0,459.0)
(459.0,459.0)
(459.0,459.0)
(459.0,459.0)
(459.0,459.0)
(459.0,459.0)
(459.0,459.0)
(459.0,459.0)
(459.0,459.0)
(802.0,459.0)
(459.0,459.0)
(459.0,459.0)
(459.0,459.0)
(459.0,459.0)
(459.0,459.0)
(459.0,459.0)
(391.0,459.0)
(459.0,459.0)
(459.0,459.0)
(459.0,459.0)
(459.0,459.0)
(459.0,459.0)
(459.0,459.0)
(459.0,459.0)
(447.0,459.0)
(459.0,459.0)
(459.0,459.0)
(447.0,459.0)
(459.0,459.0)
(386.0,459.0)
(459.0,459.0)
(459.0,459.0)
(459.0,459.0)
(459.0,459.0)
(456.0,459.0)
(459.0,459.0)
(459.0,459.0)
(459.0,459.0)
(459.0,459.0)
(447.0,459.0)
(459.0,459.0)
(459.0,459.0)
(459.0,459.0)
(459.0,459.0)
(459.0,459.0)
(459.0,459.0)
(459.0,459.0)
(459.0,459.0)
(459.0,459.0)
(459.0,459.0)
(459.0,459.0)
(459.0,459.0)
(459.0,459.0)
(447.0,459.0)
(459.0,459.0)
(459.0,459.0)
(459.0,459.0)
(459.0,459.0)
(459.0,459.0)
(754.0,459.0)
(459.0,459.0)
(459.0,459.0)
(447.0,459.0)
(459.0,459.0)
(447.0,459.0)
(459.0,459.0)
(459.0,459.0)
(459.0,459.0)
(459.0,459.0)
(459.0,459.0)
(459.0,459.0)
(459.0,459.0)
(447.0,459.0)
(459.0,459.0)
(459.0,459.0)
(459.0,459.0)
(459.0,459.0)
(459.0,459.0)
(459.0,459.0)
(459.0,459.0)
(459.0,459.0)
(459.0,459.0)
(459.0,459.0)
(459.0,459.0)
(459.0,459.0)
(459.0,459.0)
(459.0,459.0)
(459.0,459.0)
(459.0,459.0)
(459.0,459.0)
(459.0,459.0)
(459.0,459.0)
(459.0,459.0)
(459.0,459.0)
(459.0,459.0)
(447.0,459.0)
(459.0,459.0)
(459.0,459.0)
(459.0,459.0)
(459.0,459.0)
(459.0,459.0)
(459.0,459.0)
(459.0,459.0)
(459.0,459.0)
(459.0,459.0)
(459.0,459.0)
(459.0,459.0)
(459.0,459.0)
(459.0,459.0)
(459.0,459.0)
(459.0,459.0)
(459.0,459.0)
(459.0,459.0)
(459.0,459.0)
(459.0,459.0)
(459.0,459.0)
(459.0,459.0)
(459.0,459.0)
(459.0,459.0)
(459.0,459.0)
(455.0,459.0)
(459.0,459.0)
(459.0,459.0)
(455.0,459.0)
(447.0,459.0)
(459.0,459.0)
(447.0,459.0)
(459.0,459.0)
(459.0,459.0)
(459.0,459.0)
(459.0,459.0)
(459.0,459.0)
(459.0,459.0)
(459.0,459.0)
(459.0,459.0)
(459.0,459.0)
(459.0,459.0)
(459.0,459.0)
(447.0,459.0)
(459.0,459.0)
(447.0,459.0)
(459.0,459.0)
(459.0,459.0)
(459.0,459.0)
(459.0,459.0)
(459.0,459.0)
(459.0,459.0)
(459.0,459.0)
(459.0,459.0)
(459.0,459.0)
(459.0,459.0)
(459.0,459.0)
(459.0,459.0)
(459.0,459.0)
(391.0,459.0)
(459.0,459.0)
(459.0,459.0)
(459.0,459.0)
(459.0,459.0)
(459.0,459.0)
(459.0,459.0)
(459.0,459.0)
(459.0,459.0)
(459.0,459.0)
(459.0,459.0)
(459.0,459.0)
(459.0,459.0)
(459.0,459.0)
(447.0,459.0)
(459.0,459.0)
(459.0,459.0)
(459.0,459.0)
(459.0,459.0)
(459.0,459.0)
(459.0,459.0)
(459.0,459.0)
(447.0,459.0)
(459.0,459.0)
(459.0,459.0)
(459.0,459.0)
(459.0,459.0)
(459.0,459.0)
(459.0,459.0)
(459.0,459.0)
(459.0,459.0)
(459.0,459.0)
(459.0,459.0)
(459.0,459.0)
(479.0,459.0)
(459.0,459.0)
(459.0,459.0)
(447.0,459.0)
(459.0,459.0)
(459.0,459.0)
(459.0,459.0)
(459.0,459.0)
(459.0,459.0)
(459.0,459.0)
(459.0,459.0)
(459.0,459.0)
(459.0,459.0)
(459.0,459.0)
(459.0,459.0)
(459.0,459.0)
(447.0,459.0)
(459.0,459.0)
(447.0,459.0)
(459.0,459.0)
(459.0,459.0)
(459.0,459.0)
(459.0,459.0)
(459.0,459.0)
(459.0,459.0)
(459.0,459.0)
(459.0,459.0)
(459.0,459.0)
(459.0,459.0)
(459.0,459.0)
(459.0,459.0)
(459.0,459.0)
(459.0,459.0)
(459.0,459.0)
(461.0,459.0)
(459.0,459.0)
(459.0,459.0)
(447.0,459.0)
(459.0,459.0)
(459.0,459.0)
(447.0,459.0)
(459.0,459.0)
(459.0,459.0)
(459.0,459.0)
(459.0,459.0)
(459.0,459.0)
(459.0,459.0)
(459.0,459.0)
(459.0,459.0)
(459.0,459.0)
(459.0,459.0)
(459.0,459.0)
(459.0,459.0)
(459.0,459.0)
(459.0,459.0)
(459.0,459.0)
(459.0,459.0)
(459.0,459.0)
(459.0,459.0)
(459.0,459.0)
(459.0,459.0)
(455.0,459.0)
(459.0,459.0)
(447.0,459.0)
(459.0,459.0)
(459.0,459.0)
(459.0,459.0)
(459.0,459.0)
(459.0,459.0)
(459.0,459.0)
(459.0,459.0)
(459.0,459.0)
(459.0,459.0)
(459.0,459.0)
(447.0,459.0)
(459.0,459.0)
(459.0,459.0)
(459.0,459.0)
(459.0,459.0)
(459.0,459.0)
(459.0,459.0)
(459.0,459.0)
(459.0,459.0)
(459.0,459.0)
(459.0,459.0)
(459.0,459.0)
(459.0,459.0)
(459.0,459.0)
(459.0,459.0)
(459.0,459.0)
(459.0,459.0)
(459.0,459.0)
(459.0,459.0)
(459.0,459.0)
(459.0,459.0)
(459.0,459.0)
(459.0,459.0)
(459.0,459.0)
(459.0,459.0)
(459.0,459.0)
(447.0,459.0)
(459.0,459.0)
(459.0,459.0)
(459.0,459.0)
(459.0,459.0)
(455.0,459.0)
(459.0,459.0)
(459.0,459.0)
(459.0,459.0)
(459.0,459.0)
(459.0,459.0)
(459.0,459.0)
(459.0,459.0)
(459.0,459.0)
(459.0,459.0)
(459.0,459.0)
(447.0,459.0)
(459.0,459.0)
(459.0,459.0)
(459.0,459.0)
(459.0,459.0)
(459.0,459.0)
(459.0,459.0)
(459.0,459.0)
(459.0,459.0)
(459.0,459.0)
(459.0,459.0)
(459.0,459.0)
(459.0,459.0)
(459.0,459.0)
(447.0,459.0)
(459.0,459.0)
(459.0,459.0)
(459.0,459.0)
(459.0,459.0)
(459.0,459.0)
(459.0,459.0)
(459.0,459.0)
(459.0,459.0)
(459.0,459.0)
(459.0,459.0)
(459.0,459.0)
(459.0,459.0)
(459.0,459.0)
(459.0,459.0)
(459.0,459.0)
(459.0,459.0)
(459.0,459.0)
(459.0,459.0)
(459.0,459.0)
(459.0,459.0)
(459.0,459.0)
(459.0,459.0)
(459.0,459.0)
(459.0,459.0)
(459.0,459.0)
(459.0,459.0)
(459.0,459.0)
(459.0,459.0)
(459.0,459.0)
(459.0,459.0)
(459.0,459.0)
(459.0,459.0)
(459.0,459.0)
(459.0,459.0)
(459.0,459.0)
(459.0,459.0)
(459.0,459.0)
(459.0,459.0)
(459.0,459.0)
(790.0,459.0)
(459.0,459.0)
(459.0,459.0)
(459.0,459.0)
(459.0,459.0)
(459.0,459.0)
(459.0,459.0)
(459.0,459.0)
(459.0,459.0)
(459.0,459.0)
(459.0,459.0)
(459.0,459.0)
(459.0,459.0)
(459.0,459.0)
(459.0,459.0)
(459.0,459.0)
(459.0,459.0)
(459.0,459.0)
(459.0,459.0)
(459.0,459.0)
(459.0,459.0)
(459.0,459.0)
(459.0,459.0)
(459.0,459.0)
(459.0,459.0)
(459.0,459.0)
(459.0,459.0)
(459.0,459.0)
(459.0,459.0)
(459.0,459.0)
(447.0,459.0)
(459.0,459.0)
(459.0,459.0)
(459.0,459.0)
(459.0,459.0)
(459.0,459.0)
(459.0,459.0)
(459.0,459.0)
(459.0,459.0)
(459.0,459.0)
(459.0,459.0)
(459.0,459.0)
(459.0,459.0)
(459.0,459.0)
(459.0,459.0)
(459.0,459.0)
(459.0,459.0)
(459.0,459.0)
(448.0,801.0)
(448.0,801.0)
(446.0,801.0)
(448.0,801.0)
(452.0,801.0)
(448.0,801.0)
(448.0,801.0)
(448.0,801.0)
(448.0,801.0)
(466.0,801.0)
(452.0,801.0)
(371.0,801.0)
(448.0,801.0)
(448.0,801.0)
(448.0,801.0)
(448.0,801.0)
(448.0,801.0)
(448.0,801.0)
(448.0,801.0)
(448.0,801.0)
(448.0,801.0)
(448.0,801.0)
(448.0,801.0)
(448.0,801.0)
(448.0,801.0)
(448.0,801.0)
(448.0,801.0)
(417.0,801.0)
(429.0,801.0)
(448.0,801.0)
(448.0,801.0)
(448.0,801.0)
(448.0,801.0)
(448.0,801.0)
(448.0,801.0)
(448.0,801.0)
(448.0,801.0)
(398.0,801.0)
(448.0,801.0)
(448.0,801.0)
(448.0,801.0)
(448.0,801.0)
(448.0,801.0)
(448.0,801.0)
(448.0,801.0)
(798.0,801.0)
(448.0,801.0)
(448.0,801.0)
(452.0,801.0)
(448.0,801.0)
(448.0,801.0)
(452.0,801.0)
(448.0,801.0)
(448.0,801.0)
(448.0,801.0)
(448.0,801.0)
(448.0,801.0)
(445.0,801.0)
(448.0,801.0)
(448.0,801.0)
(445.0,801.0)
(448.0,801.0)
(448.0,801.0)
(448.0,801.0)
(452.0,801.0)
(448.0,801.0)
(452.0,801.0)
(452.0,801.0)
(448.0,801.0)
(448.0,801.0)
(448.0,801.0)
(452.0,801.0)
(448.0,801.0)
(448.0,801.0)
(448.0,801.0)
(448.0,801.0)
(448.0,801.0)
(417.0,801.0)
(448.0,801.0)
(448.0,801.0)
(448.0,801.0)
(448.0,801.0)
(448.0,801.0)
(448.0,801.0)
(448.0,801.0)
(448.0,801.0)
(452.0,801.0)
(448.0,801.0)
(448.0,801.0)
(448.0,801.0)
(448.0,801.0)
(448.0,801.0)
(448.0,801.0)
(461.0,801.0)
(448.0,801.0)
(448.0,801.0)
(448.0,801.0)
(448.0,801.0)
(448.0,801.0)
(448.0,801.0)
(448.0,801.0)
(448.0,801.0)
(448.0,801.0)
(452.0,801.0)
(452.0,801.0)
(452.0,801.0)
(452.0,801.0)
(448.0,801.0)
(448.0,801.0)
(802.0,801.0)
(448.0,801.0)
(452.0,801.0)
(388.0,801.0)
(448.0,801.0)
(448.0,801.0)
(448.0,801.0)
(452.0,801.0)
(448.0,801.0)
(448.0,801.0)
(448.0,801.0)
(448.0,801.0)
(402.0,801.0)
(448.0,801.0)
(448.0,801.0)
(448.0,801.0)
(448.0,801.0)
(448.0,801.0)
(448.0,801.0)
(448.0,801.0)
(445.0,801.0)
(448.0,801.0)
(448.0,801.0)
(452.0,801.0)
(448.0,801.0)
(448.0,801.0)
(448.0,801.0)
(461.0,801.0)
(448.0,801.0)
(461.0,801.0)
(448.0,801.0)
(412.0,801.0)
(448.0,801.0)
(442.0,801.0)
(461.0,801.0)
(402.0,801.0)
(448.0,801.0)
(417.0,801.0)
(448.0,801.0)
(448.0,801.0)
(402.0,801.0)
(448.0,801.0)
(802.0,801.0)
(398.0,801.0)
(444.0,801.0)
(402.0,801.0)
(448.0,801.0)
(448.0,801.0)
(448.0,801.0)
(448.0,801.0)
(448.0,801.0)
(452.0,801.0)
(448.0,801.0)
(448.0,801.0)
(448.0,801.0)
(448.0,801.0)
(448.0,801.0)
(448.0,801.0)
(448.0,801.0)
(367.0,801.0)
(452.0,801.0)
(391.0,801.0)
(448.0,801.0)
(448.0,801.0)
(448.0,801.0)
(448.0,801.0)
(448.0,801.0)
(448.0,801.0)
(398.0,801.0)
(448.0,801.0)
(417.0,801.0)
(402.0,801.0)
(798.0,801.0)
(448.0,801.0)
(448.0,801.0)
(802.0,801.0)
(519.0,801.0)
(448.0,801.0)
(452.0,801.0)
(445.0,801.0)
(448.0,801.0)
(448.0,801.0)
(448.0,801.0)
(448.0,801.0)
(448.0,801.0)
(448.0,801.0)
(448.0,801.0)
(452.0,801.0)
(448.0,801.0)
(452.0,801.0)
(461.0,801.0)
(452.0,801.0)
(448.0,801.0)
(448.0,801.0)
(412.0,801.0)
(448.0,801.0)
(448.0,801.0)
(452.0,801.0)
(448.0,801.0)
(448.0,801.0)
(448.0,801.0)
(448.0,801.0)
(461.0,801.0)
(798.0,801.0)
(448.0,801.0)
(448.0,801.0)
(448.0,801.0)
(448.0,801.0)
(448.0,801.0)
(448.0,801.0)
(452.0,801.0)
(448.0,801.0)
(448.0,801.0)
(452.0,801.0)
(448.0,801.0)
(448.0,801.0)
(448.0,801.0)
(448.0,801.0)
(448.0,801.0)
(448.0,801.0)
(448.0,801.0)
(448.0,801.0)
(448.0,801.0)
(448.0,801.0)
(448.0,801.0)
(771.0,801.0)
(448.0,801.0)
(448.0,801.0)
(448.0,801.0)
(402.0,801.0)
(448.0,801.0)
(448.0,801.0)
(448.0,801.0)
(417.0,801.0)
(448.0,801.0)
(452.0,801.0)
(448.0,801.0)
(448.0,801.0)
(448.0,801.0)
(448.0,801.0)
(448.0,801.0)
(448.0,801.0)
(402.0,801.0)
(448.0,801.0)
(448.0,801.0)
(448.0,801.0)
(398.0,801.0)
(452.0,801.0)
(771.0,801.0)
(448.0,801.0)
(448.0,801.0)
(448.0,801.0)
(448.0,801.0)
(448.0,801.0)
(448.0,801.0)
(402.0,801.0)
(461.0,801.0)
(448.0,801.0)
(448.0,801.0)
(448.0,801.0)
(448.0,801.0)
(448.0,801.0)
(448.0,801.0)
(448.0,801.0)
(448.0,801.0)
(448.0,801.0)
(448.0,801.0)
(448.0,801.0)
(448.0,801.0)
(448.0,801.0)
(442.0,801.0)
(448.0,801.0)
(452.0,801.0)
(448.0,801.0)
(429.0,801.0)
(448.0,801.0)
(448.0,801.0)
(448.0,801.0)
(448.0,801.0)
(288.0,801.0)
(448.0,801.0)
(448.0,801.0)
(448.0,801.0)
(448.0,801.0)
(452.0,801.0)
(448.0,801.0)
(448.0,801.0)
(461.0,801.0)
(448.0,801.0)
(798.0,801.0)
(398.0,801.0)
(402.0,801.0)
(448.0,801.0)
(448.0,801.0)
(452.0,801.0)
(461.0,801.0)
(448.0,801.0)
(452.0,801.0)
(402.0,801.0)
(448.0,801.0)
(448.0,801.0)
(770.0,801.0)
(448.0,801.0)
(448.0,801.0)
(448.0,801.0)
(771.0,801.0)
(452.0,801.0)
(461.0,801.0)
(448.0,801.0)
(448.0,801.0)
(448.0,801.0)
(448.0,801.0)
(448.0,801.0)
(448.0,801.0)
(448.0,801.0)
(448.0,801.0)
(448.0,801.0)
(448.0,801.0)
(448.0,801.0)
(448.0,801.0)
(448.0,801.0)
(448.0,801.0)
(448.0,801.0)
(448.0,801.0)
(461.0,801.0)
(448.0,801.0)
(448.0,801.0)
(448.0,801.0)
(448.0,801.0)
(448.0,801.0)
(434.0,801.0)
(446.0,801.0)
(448.0,801.0)
(448.0,801.0)
(448.0,801.0)
(448.0,801.0)
(448.0,801.0)
(448.0,801.0)
(448.0,801.0)
(448.0,801.0)
(448.0,801.0)
(448.0,801.0)
(448.0,801.0)
(771.0,801.0)
(452.0,801.0)
(448.0,801.0)
(448.0,801.0)
(448.0,801.0)
(448.0,801.0)
(448.0,801.0)
(448.0,801.0)
(452.0,801.0)
(448.0,801.0)
(448.0,801.0)
(448.0,801.0)
(448.0,801.0)
(448.0,801.0)
(448.0,801.0)
(448.0,801.0)
(448.0,801.0)
(448.0,801.0)
(448.0,801.0)
(402.0,801.0)
(452.0,801.0)
(448.0,801.0)
(452.0,801.0)
(448.0,801.0)
(448.0,801.0)
(802.0,801.0)
(448.0,801.0)
(398.0,801.0)
(448.0,801.0)
(448.0,801.0)
(445.0,801.0)
(448.0,801.0)
(452.0,801.0)
(448.0,801.0)
(448.0,801.0)
(448.0,801.0)
(452.0,801.0)
(448.0,801.0)
(448.0,801.0)
(448.0,801.0)
(771.0,801.0)
(448.0,801.0)
(401.0,801.0)
(448.0,801.0)
(452.0,801.0)
(402.0,801.0)
(448.0,801.0)
(448.0,801.0)
(448.0,801.0)
(452.0,801.0)
(448.0,801.0)
(448.0,801.0)
(452.0,801.0)
(452.0,801.0)
(448.0,801.0)
(448.0,801.0)
(398.0,801.0)
(448.0,801.0)
(402.0,801.0)
(448.0,801.0)
(448.0,801.0)
(448.0,801.0)
(402.0,801.0)
(448.0,801.0)
(448.0,801.0)
(448.0,801.0)
(448.0,801.0)
(452.0,801.0)
(448.0,801.0)
(421.0,801.0)
(448.0,801.0)
(448.0,801.0)
(452.0,801.0)
(448.0,801.0)
(448.0,801.0)
(452.0,801.0)
(448.0,801.0)
(402.0,801.0)
(448.0,801.0)
(448.0,801.0)
(448.0,801.0)
(448.0,801.0)
(417.0,801.0)
(448.0,801.0)
(448.0,801.0)
(448.0,801.0)
(452.0,801.0)
(448.0,801.0)
(448.0,801.0)
(448.0,801.0)
(448.0,801.0)
(448.0,801.0)
(798.0,801.0)
(448.0,801.0)
(448.0,801.0)
(448.0,801.0)
(448.0,801.0)
(448.0,801.0)
(448.0,801.0)
(448.0,801.0)
(776.0,801.0)
(452.0,801.0)
(448.0,801.0)
(448.0,801.0)
(448.0,801.0)
(448.0,801.0)
(448.0,801.0)
(448.0,801.0)
(448.0,801.0)
(448.0,801.0)
(405.0,801.0)
(448.0,801.0)
(448.0,801.0)
(448.0,801.0)
(448.0,801.0)
(448.0,801.0)
(448.0,801.0)
(798.0,801.0)
(448.0,801.0)
(452.0,801.0)
(448.0,801.0)
(448.0,801.0)
(448.0,801.0)
(448.0,801.0)
(448.0,801.0)
(448.0,801.0)
(448.0,801.0)
(448.0,801.0)
(448.0,801.0)
(461.0,801.0)
(448.0,801.0)
(448.0,801.0)
(448.0,801.0)
(448.0,801.0)
(448.0,801.0)
(452.0,801.0)
(398.0,801.0)
(429.0,801.0)
(448.0,801.0)
(448.0,801.0)
(452.0,801.0)
(448.0,801.0)
(448.0,801.0)
(448.0,801.0)
(398.0,801.0)
(448.0,801.0)
(749.0,801.0)
(452.0,801.0)
(448.0,801.0)
(448.0,801.0)
(448.0,801.0)
(448.0,801.0)
(448.0,801.0)
(448.0,801.0)
(448.0,801.0)
(448.0,801.0)
(445.0,801.0)
(448.0,801.0)
(448.0,801.0)
(452.0,801.0)
(452.0,801.0)
(448.0,801.0)
(452.0,801.0)
(448.0,801.0)
(448.0,801.0)
(448.0,801.0)
(448.0,801.0)
(448.0,801.0)
(448.0,801.0)
(448.0,801.0)
(448.0,801.0)
(448.0,801.0)
(452.0,801.0)
(448.0,801.0)
(448.0,801.0)
(448.0,801.0)
(448.0,801.0)
(397.0,801.0)
(448.0,801.0)
(448.0,801.0)
(448.0,801.0)
(448.0,801.0)
(463.0,801.0)
(448.0,801.0)
(452.0,801.0)
(448.0,801.0)
(448.0,801.0)
(452.0,801.0)
(448.0,801.0)
(448.0,801.0)
(448.0,801.0)
(448.0,801.0)
(402.0,801.0)
(776.0,801.0)
(448.0,801.0)
(448.0,801.0)
(448.0,801.0)
(461.0,801.0)
(448.0,801.0)
(402.0,801.0)
(421.0,801.0)
(461.0,801.0)
(448.0,801.0)
(452.0,801.0)
(448.0,801.0)
(398.0,801.0)
(448.0,801.0)
(402.0,801.0)
(448.0,801.0)
(448.0,801.0)
(448.0,801.0)
(448.0,801.0)
(448.0,801.0)
(448.0,801.0)
(448.0,801.0)
(448.0,801.0)
(448.0,801.0)
(402.0,801.0)
(448.0,801.0)
(448.0,801.0)
(448.0,801.0)
(448.0,801.0)
(448.0,801.0)
(452.0,801.0)
(448.0,801.0)
(448.0,801.0)
(448.0,801.0)
(448.0,801.0)
(448.0,801.0)
(452.0,801.0)
(417.0,801.0)
(448.0,801.0)
(452.0,801.0)
(452.0,801.0)
(448.0,801.0)
(448.0,801.0)
(448.0,801.0)
(417.0,801.0)
(802.0,801.0)
(448.0,801.0)
(448.0,801.0)
(448.0,801.0)
(448.0,801.0)
(448.0,801.0)
(448.0,801.0)
(448.0,801.0)
(452.0,801.0)
(448.0,801.0)
(448.0,801.0)
(460.0,801.0)
(402.0,801.0)
(448.0,801.0)
(448.0,801.0)
(448.0,801.0)
(445.0,801.0)
(448.0,801.0)
(445.0,801.0)
(460.0,801.0)
(448.0,801.0)
(448.0,801.0)
(448.0,801.0)
(448.0,801.0)
(448.0,801.0)
(448.0,801.0)
(452.0,801.0)
(452.0,801.0)
(448.0,801.0)
(448.0,801.0)
(448.0,801.0)
(448.0,801.0)
(448.0,801.0)
(445.0,801.0)
(448.0,801.0)
(448.0,801.0)
(448.0,801.0)
(448.0,801.0)
(442.0,801.0)
(413.0,801.0)
(448.0,801.0)
(448.0,801.0)
(448.0,801.0)
(448.0,801.0)
(448.0,801.0)
(448.0,801.0)
(770.0,801.0)
(448.0,801.0)
(448.0,801.0)
(461.0,801.0)
(456.0,801.0)
(448.0,801.0)
(448.0,801.0)
(448.0,801.0)
(448.0,801.0)
(448.0,801.0)
(448.0,801.0)
(448.0,801.0)
(388.0,801.0)
(448.0,801.0)
(448.0,801.0)
(448.0,801.0)
(445.0,801.0)
(771.0,801.0)
(448.0,801.0)
(448.0,801.0)
(448.0,801.0)
(448.0,801.0)
(461.0,801.0)
(448.0,801.0)
(448.0,801.0)
(448.0,801.0)
(412.0,801.0)
(448.0,801.0)
(448.0,801.0)
(448.0,801.0)
(444.0,801.0)
(448.0,801.0)
(448.0,801.0)
(448.0,801.0)
(448.0,801.0)
(448.0,801.0)
(448.0,801.0)
(448.0,801.0)
(448.0,801.0)
(448.0,801.0)
(448.0,801.0)
(413.0,801.0)
(405.0,801.0)
(448.0,801.0)
(448.0,801.0)
(448.0,801.0)
(448.0,801.0)
(448.0,801.0)
(461.0,801.0)
(448.0,801.0)
(448.0,801.0)
(798.0,801.0)
(429.0,801.0)
(448.0,801.0)
(448.0,801.0)
(448.0,801.0)
(448.0,801.0)
(448.0,801.0)
(448.0,801.0)
(448.0,801.0)
(448.0,801.0)
(448.0,801.0)
(798.0,801.0)
(452.0,801.0)
(448.0,801.0)
(461.0,801.0)
(445.0,801.0)
(448.0,801.0)
(448.0,801.0)
(448.0,801.0)
(448.0,801.0)
(402.0,801.0)
(448.0,801.0)
(452.0,801.0)
(770.0,801.0)
(448.0,801.0)
(448.0,801.0)
(448.0,801.0)
(448.0,801.0)
(448.0,801.0)
(448.0,801.0)
(448.0,801.0)
(402.0,801.0)
(398.0,801.0)
(448.0,801.0)
(448.0,801.0)
(402.0,801.0)
(448.0,801.0)
(402.0,801.0)
(448.0,801.0)
(448.0,801.0)
(448.0,801.0)
(448.0,801.0)
(448.0,801.0)
(448.0,801.0)
(448.0,801.0)
(448.0,801.0)
(448.0,801.0)
(448.0,801.0)
(448.0,801.0)
(448.0,801.0)
(452.0,801.0)
(448.0,801.0)
(448.0,801.0)
(448.0,801.0)
(448.0,801.0)
(448.0,801.0)
(448.0,801.0)
(445.0,801.0)
(448.0,801.0)
(448.0,801.0)
(417.0,801.0)
(387.0,801.0)
(448.0,801.0)
(448.0,801.0)
(448.0,801.0)
(448.0,801.0)
(448.0,801.0)
(433.0,801.0)
(448.0,801.0)
(448.0,801.0)
(448.0,801.0)
(452.0,801.0)
(448.0,801.0)
(448.0,801.0)
(452.0,801.0)
(448.0,801.0)
(448.0,801.0)
(452.0,801.0)
(448.0,801.0)
(448.0,801.0)
(448.0,801.0)
(452.0,801.0)
(448.0,801.0)
(448.0,801.0)
(448.0,801.0)
(448.0,801.0)
(448.0,801.0)
(448.0,801.0)
(448.0,801.0)
(372.0,801.0)
(452.0,801.0)
(402.0,801.0)
(448.0,801.0)
(798.0,801.0)
(452.0,801.0)
(398.0,801.0)
(391.0,801.0)
(452.0,801.0)
(448.0,801.0)
(448.0,801.0)
(448.0,801.0)
(448.0,801.0)
(448.0,801.0)
(448.0,801.0)
(448.0,801.0)
(448.0,801.0)
(448.0,801.0)
(448.0,801.0)
(405.0,801.0)
(448.0,801.0)
(402.0,801.0)
(461.0,801.0)
(448.0,801.0)
(448.0,801.0)
(448.0,801.0)
(448.0,801.0)
(448.0,801.0)
(412.0,801.0)
(448.0,801.0)
(448.0,801.0)
(448.0,801.0)
(448.0,801.0)
(398.0,801.0)
(448.0,801.0)
(448.0,801.0)
(461.0,801.0)
(448.0,801.0)
(448.0,801.0)
(448.0,801.0)
(448.0,801.0)
(448.0,801.0)
(798.0,801.0)
(448.0,801.0)
(448.0,801.0)
(448.0,801.0)
(448.0,801.0)
(448.0,801.0)
(448.0,801.0)
(448.0,801.0)
(448.0,801.0)
(448.0,801.0)
(452.0,801.0)
(448.0,801.0)
(445.0,801.0)
(448.0,801.0)
(448.0,801.0)
(448.0,801.0)
(448.0,801.0)
(448.0,801.0)
(781.0,801.0)
(448.0,801.0)
(798.0,801.0)
(469.0,801.0)
(448.0,801.0)
(448.0,801.0)
(452.0,801.0)
(452.0,801.0)
(448.0,801.0)
(448.0,801.0)
(448.0,801.0)
(402.0,801.0)
(448.0,801.0)
(448.0,801.0)
(448.0,801.0)
(448.0,801.0)
(448.0,801.0)
(448.0,801.0)
(461.0,801.0)
(448.0,801.0)
(448.0,801.0)
(448.0,801.0)
(448.0,801.0)
(448.0,801.0)
(417.0,801.0)
(448.0,801.0)
(402.0,801.0)
(402.0,801.0)
(402.0,801.0)
(448.0,801.0)
(448.0,801.0)
(402.0,801.0)
(448.0,801.0)
(475.0,801.0)
(448.0,801.0)
(460.0,801.0)
(413.0,801.0)
(448.0,801.0)
(448.0,801.0)
(448.0,801.0)
(448.0,801.0)
(434.0,801.0)
(373.0,801.0)
(445.0,801.0)
(448.0,801.0)
(448.0,801.0)
(401.0,801.0)
(448.0,801.0)
(448.0,801.0)
(448.0,801.0)
(452.0,801.0)
(452.0,801.0)
(461.0,801.0)
(448.0,801.0)
(466.0,801.0)
(415.0,801.0)
(402.0,801.0)
(402.0,801.0)
(448.0,801.0)
(448.0,801.0)
(781.0,801.0)
(421.0,801.0)
(448.0,801.0)
(448.0,801.0)
(448.0,801.0)
(448.0,801.0)
(448.0,801.0)
(448.0,801.0)
(402.0,801.0)
(448.0,801.0)
(448.0,801.0)
(448.0,801.0)
(452.0,801.0)
(448.0,801.0)
(402.0,801.0)
(401.0,801.0)
(448.0,801.0)
(448.0,801.0)
(448.0,801.0)
(448.0,801.0)
(448.0,801.0)
(466.0,801.0)
(448.0,801.0)
(448.0,801.0)
(448.0,801.0)
(448.0,801.0)
(448.0,801.0)
(417.0,801.0)
(448.0,801.0)
(448.0,801.0)
(448.0,801.0)
(461.0,801.0)
(448.0,801.0)
(448.0,801.0)
(452.0,801.0)
(452.0,801.0)
(448.0,801.0)
(448.0,801.0)
(448.0,801.0)
(448.0,801.0)
(448.0,801.0)
(448.0,801.0)
(452.0,801.0)
(448.0,801.0)
(460.0,801.0)
(448.0,801.0)
(448.0,801.0)
(448.0,801.0)
(448.0,801.0)
(448.0,801.0)
(448.0,801.0)
(448.0,801.0)
(448.0,801.0)
(402.0,801.0)
(448.0,801.0)
(448.0,801.0)
(421.0,801.0)
(771.0,801.0)
(411.0,801.0)
(448.0,801.0)
(448.0,801.0)
(413.0,801.0)
(448.0,801.0)
(461.0,801.0)
(452.0,801.0)
(448.0,801.0)
(452.0,801.0)
(448.0,801.0)
(448.0,801.0)
(448.0,801.0)
(448.0,801.0)
(413.0,801.0)
(448.0,801.0)
(448.0,801.0)
(448.0,801.0)
(461.0,801.0)
(448.0,801.0)
(448.0,801.0)
(448.0,801.0)
(402.0,801.0)
(448.0,801.0)
(452.0,801.0)
(771.0,801.0)
(402.0,801.0)
(452.0,801.0)
(448.0,801.0)
(448.0,801.0)
(452.0,801.0)
(452.0,801.0)
(448.0,801.0)
(448.0,801.0)
(802.0,801.0)
(443.0,801.0)
(448.0,801.0)
(448.0,801.0)
(452.0,801.0)
(373.0,801.0)
(448.0,801.0)
(448.0,801.0)
(448.0,801.0)
(469.0,801.0)
(452.0,801.0)
(448.0,801.0)
(448.0,801.0)
(448.0,801.0)
(387.0,801.0)
(448.0,801.0)
(460.0,801.0)
(448.0,801.0)
(448.0,801.0)
(452.0,801.0)
(448.0,801.0)
(452.0,801.0)
(448.0,801.0)
(448.0,801.0)
(448.0,801.0)
(448.0,801.0)
(452.0,801.0)
(448.0,801.0)
(452.0,801.0)
(448.0,801.0)
(770.0,801.0)
(448.0,801.0)
(448.0,801.0)
(448.0,801.0)
(448.0,801.0)
(448.0,801.0)
(448.0,801.0)
(402.0,801.0)
(448.0,801.0)
(448.0,801.0)
(448.0,801.0)
(448.0,801.0)
(448.0,801.0)
(448.0,801.0)
(448.0,801.0)
(448.0,801.0)
(412.0,801.0)
(448.0,801.0)
(448.0,801.0)
(448.0,801.0)
(448.0,801.0)
(452.0,801.0)
(448.0,801.0)
(448.0,801.0)
(448.0,801.0)
(448.0,801.0)
(448.0,801.0)
(452.0,801.0)
(417.0,801.0)
(448.0,801.0)
(417.0,801.0)
(448.0,801.0)
(448.0,801.0)
(448.0,801.0)
(448.0,801.0)
(448.0,801.0)
(448.0,801.0)
(402.0,801.0)
(445.0,801.0)
(452.0,801.0)
(448.0,801.0)
(448.0,801.0)
(445.0,801.0)
(452.0,801.0)
(448.0,801.0)
(448.0,801.0)
(452.0,801.0)
(452.0,801.0)
(461.0,801.0)
(448.0,801.0)
(448.0,801.0)
(448.0,801.0)
(448.0,801.0)
(461.0,801.0)
(448.0,801.0)
(452.0,801.0)
(445.0,801.0)
(429.0,801.0)
(402.0,801.0)
(398.0,801.0)
(448.0,801.0)
(448.0,801.0)
(452.0,801.0)
(798.0,801.0)
(448.0,801.0)
(448.0,801.0)
(448.0,801.0)
(445.0,801.0)
(448.0,801.0)
(448.0,801.0)
(448.0,801.0)
(445.0,801.0)
(448.0,801.0)
(448.0,801.0)
(452.0,801.0)
(448.0,801.0)
(452.0,801.0)
(448.0,801.0)
(373.0,801.0)
(448.0,801.0)
(771.0,801.0)
(448.0,801.0)
(448.0,801.0)
(798.0,801.0)
(452.0,801.0)
(448.0,801.0)
(448.0,801.0)
(448.0,801.0)
(448.0,801.0)
(448.0,801.0)
(452.0,801.0)
(448.0,801.0)
(448.0,801.0)
(448.0,801.0)
(448.0,801.0)
(445.0,801.0)
(452.0,801.0)
(448.0,801.0)
(398.0,801.0)
(402.0,801.0)
(452.0,801.0)
(448.0,801.0)
(452.0,801.0)
(445.0,801.0)
(402.0,801.0)
(448.0,801.0)
(448.0,801.0)
(448.0,801.0)
(448.0,801.0)
(771.0,801.0)
(445.0,801.0)
(448.0,801.0)
(448.0,801.0)
(452.0,801.0)
(448.0,801.0)
(448.0,801.0)
(448.0,801.0)
(448.0,801.0)
(448.0,801.0)
(448.0,801.0)
(448.0,801.0)
(448.0,801.0)
(402.0,801.0)
(448.0,801.0)
(448.0,801.0)
(469.0,801.0)
(448.0,801.0)
(448.0,801.0)
(448.0,801.0)
(448.0,801.0)
(442.0,801.0)
(402.0,801.0)
(448.0,801.0)
(448.0,801.0)
(448.0,801.0)
(469.0,801.0)
(460.0,801.0)
(448.0,801.0)
(452.0,801.0)
(448.0,801.0)
(448.0,801.0)
(448.0,801.0)
(448.0,801.0)
(452.0,801.0)
(448.0,801.0)
(452.0,801.0)
(448.0,801.0)
(448.0,801.0)
(448.0,801.0)
(448.0,801.0)
(452.0,801.0)
(402.0,801.0)
(448.0,801.0)
(771.0,801.0)
(448.0,801.0)
(401.0,801.0)
(448.0,801.0)
(452.0,801.0)
(402.0,801.0)
(448.0,801.0)
(448.0,801.0)
(448.0,801.0)
(452.0,801.0)
(448.0,801.0)
(448.0,801.0)
(452.0,801.0)
(452.0,801.0)
(448.0,801.0)
(448.0,801.0)
(398.0,801.0)
(448.0,801.0)
(402.0,801.0)
(448.0,801.0)
(448.0,801.0)
(448.0,801.0)
(402.0,801.0)
(448.0,801.0)
(448.0,801.0)
(448.0,801.0)
(448.0,801.0)
(452.0,801.0)
(448.0,801.0)
(421.0,801.0)
(448.0,801.0)
(448.0,801.0)
(452.0,801.0)
(448.0,801.0)
(448.0,801.0)
(452.0,801.0)
(448.0,801.0)
(402.0,801.0)
(448.0,801.0)
(448.0,801.0)
(448.0,801.0)
(448.0,801.0)
(417.0,801.0)
(448.0,801.0)
(448.0,801.0)
(448.0,801.0)
(452.0,801.0)
(448.0,801.0)
(448.0,801.0)
(448.0,801.0)
(448.0,801.0)
(448.0,801.0)
(798.0,801.0)
(448.0,801.0)
(448.0,801.0)
(448.0,801.0)
(448.0,801.0)
(448.0,801.0)
(448.0,801.0)
(448.0,801.0)
(776.0,801.0)
(452.0,801.0)
(448.0,801.0)
(448.0,801.0)
(448.0,801.0)
(448.0,801.0)
(448.0,801.0)
(448.0,801.0)
(448.0,801.0)
(448.0,801.0)
(405.0,801.0)
(448.0,801.0)
(448.0,801.0)
(448.0,801.0)
(448.0,801.0)
(448.0,801.0)
(448.0,801.0)
(798.0,801.0)
(448.0,801.0)
(452.0,801.0)
(448.0,801.0)
(448.0,801.0)
(448.0,801.0)
(448.0,801.0)
(448.0,801.0)
(448.0,801.0)
(448.0,801.0)
(448.0,801.0)
(448.0,801.0)
(461.0,801.0)
(448.0,801.0)
(448.0,801.0)
(448.0,801.0)
(448.0,801.0)
(448.0,801.0)
(452.0,801.0)
(398.0,801.0)
(429.0,801.0)
(448.0,801.0)
(448.0,801.0)
(452.0,801.0)
(448.0,801.0)
(448.0,801.0)
(448.0,801.0)
(398.0,801.0)
(448.0,801.0)
(749.0,801.0)
(452.0,801.0)
(448.0,801.0)
(448.0,801.0)
(448.0,801.0)
(448.0,801.0)
(448.0,801.0)
(448.0,801.0)
(448.0,801.0)
(448.0,801.0)
(445.0,801.0)
(448.0,801.0)
(448.0,801.0)
(452.0,801.0)
(452.0,801.0)
(448.0,801.0)
(452.0,801.0)
(448.0,801.0)
(448.0,801.0)
(448.0,801.0)
(448.0,801.0)
(448.0,801.0)
(448.0,801.0)
(448.0,801.0)
(448.0,801.0)
(448.0,801.0)
(452.0,801.0)
(448.0,801.0)
(448.0,801.0)
(448.0,801.0)
(448.0,801.0)
(397.0,801.0)
(448.0,801.0)
(448.0,801.0)
(448.0,801.0)
(448.0,801.0)
(463.0,801.0)
(448.0,801.0)
(452.0,801.0)
(448.0,801.0)
(448.0,801.0)
(452.0,801.0)
(448.0,801.0)
(448.0,801.0)
(448.0,801.0)
(448.0,801.0)
(402.0,801.0)
(776.0,801.0)
(448.0,801.0)
(448.0,801.0)
(448.0,801.0)
(461.0,801.0)
(448.0,801.0)
(402.0,801.0)
(421.0,801.0)
(461.0,801.0)
(448.0,801.0)
(452.0,801.0)
(448.0,801.0)
(398.0,801.0)
(448.0,801.0)
(448.0,801.0)
(448.0,801.0)
(448.0,801.0)
(448.0,801.0)
(448.0,801.0)
(448.0,801.0)
(448.0,801.0)
(448.0,801.0)
(448.0,801.0)
(448.0,801.0)
(402.0,801.0)
(448.0,801.0)
(448.0,801.0)
(448.0,801.0)
(448.0,801.0)
(448.0,801.0)
(452.0,801.0)
(448.0,801.0)
(448.0,801.0)
(448.0,801.0)
(448.0,801.0)
(448.0,801.0)
(452.0,801.0)
(417.0,801.0)
(448.0,801.0)
(452.0,801.0)
(452.0,801.0)
(448.0,801.0)
(448.0,801.0)
(448.0,801.0)
(417.0,801.0)
(448.0,801.0)
(448.0,801.0)
(448.0,801.0)
(448.0,801.0)
(448.0,801.0)
(448.0,801.0)
(448.0,801.0)
(448.0,801.0)
(448.0,801.0)
(405.0,801.0)
(448.0,801.0)
(448.0,801.0)
(461.0,801.0)
(448.0,801.0)
(448.0,801.0)
(448.0,801.0)
(448.0,801.0)
(448.0,801.0)
(412.0,801.0)
(448.0,801.0)
(448.0,801.0)
(448.0,801.0)
(448.0,801.0)
(448.0,801.0)
(448.0,801.0)
(448.0,801.0)
(448.0,801.0)
(448.0,801.0)
(452.0,801.0)
(448.0,801.0)
(448.0,801.0)
(448.0,801.0)
(798.0,801.0)
(448.0,801.0)
(448.0,801.0)
(448.0,801.0)
(448.0,801.0)
(448.0,801.0)
(448.0,801.0)
(448.0,801.0)
(448.0,801.0)
(448.0,801.0)
(452.0,801.0)
(448.0,801.0)
(452.0,801.0)
(448.0,801.0)
(448.0,801.0)
(448.0,801.0)
(452.0,801.0)
(448.0,801.0)
(781.0,801.0)
(448.0,801.0)
(798.0,801.0)
(469.0,801.0)
(448.0,801.0)
(448.0,801.0)
(402.0,801.0)
(452.0,801.0)
(448.0,801.0)
(448.0,801.0)
(448.0,801.0)
(448.0,801.0)
(402.0,801.0)
(448.0,801.0)
(452.0,801.0)
(448.0,801.0)
(448.0,801.0)
(448.0,801.0)
(448.0,801.0)
(461.0,801.0)
(448.0,801.0)
(448.0,801.0)
(448.0,801.0)
(448.0,801.0)
(448.0,801.0)
(448.0,801.0)
(448.0,801.0)
(262.0,801.0)
(412.0,801.0)
(402.0,801.0)
(452.0,801.0)
(448.0,801.0)
(448.0,801.0)
(402.0,801.0)
(448.0,801.0)
(452.0,801.0)
(402.0,801.0)
(460.0,801.0)
(402.0,801.0)
(448.0,801.0)
(448.0,801.0)
(448.0,801.0)
(448.0,801.0)
(771.0,801.0)
(373.0,801.0)
(448.0,801.0)
(448.0,801.0)
(448.0,801.0)
(401.0,801.0)
(448.0,801.0)
(448.0,801.0)
(448.0,801.0)
(452.0,801.0)
(452.0,801.0)
(461.0,801.0)
(448.0,801.0)
(448.0,801.0)
(415.0,801.0)
(402.0,801.0)
(448.0,801.0)
(448.0,801.0)
(448.0,801.0)
(781.0,801.0)
(421.0,801.0)
(448.0,801.0)
(461.0,801.0)
(448.0,801.0)
(452.0,801.0)
(402.0,801.0)
(448.0,801.0)
(452.0,801.0)
(448.0,801.0)
(448.0,801.0)
(402.0,801.0)
(452.0,801.0)
(448.0,801.0)
(448.0,801.0)
(402.0,801.0)
(401.0,801.0)
(448.0,801.0)
(448.0,801.0)
(448.0,801.0)
(448.0,801.0)
(448.0,801.0)
(798.0,801.0)
(448.0,801.0)
(448.0,801.0)
(448.0,801.0)
(413.0,801.0)
(448.0,801.0)
(448.0,801.0)
(448.0,801.0)
(448.0,801.0)
(448.0,801.0)
(461.0,801.0)
(448.0,801.0)
(448.0,801.0)
(452.0,801.0)
(448.0,801.0)
(448.0,801.0)
(448.0,801.0)
(448.0,801.0)
(448.0,801.0)
(448.0,801.0)
(448.0,801.0)
(452.0,801.0)
(448.0,801.0)
(448.0,801.0)
(448.0,801.0)
(448.0,801.0)
(448.0,801.0)
(448.0,801.0)
(448.0,801.0)
(448.0,801.0)
(448.0,801.0)
(448.0,801.0)
(402.0,801.0)
(445.0,801.0)
(448.0,801.0)
(421.0,801.0)
(448.0,801.0)
(452.0,801.0)
(448.0,801.0)
(448.0,801.0)
(413.0,801.0)
(452.0,801.0)
(461.0,801.0)
(452.0,801.0)
(448.0,801.0)
(452.0,801.0)
(448.0,801.0)
(398.0,801.0)
(448.0,801.0)
(448.0,801.0)
(448.0,801.0)
(448.0,801.0)
(448.0,801.0)
(448.0,801.0)
(448.0,801.0)
(461.0,801.0)
(448.0,801.0)
(448.0,801.0)
(402.0,801.0)
(447.0,801.0)
(448.0,801.0)
(448.0,801.0)
(448.0,801.0)
(448.0,801.0)
(448.0,801.0)
(452.0,801.0)
(402.0,801.0)
(448.0,801.0)
(353.0,801.0)
(448.0,801.0)
(402.0,801.0)
(448.0,801.0)
(448.0,801.0)
(448.0,801.0)
(448.0,801.0)
(448.0,801.0)
(448.0,801.0)
(448.0,801.0)
(448.0,801.0)
(448.0,801.0)
(448.0,801.0)
(461.0,801.0)
(448.0,801.0)
(388.0,801.0)
(466.0,801.0)
(448.0,801.0)
(448.0,801.0)
(448.0,801.0)
(417.0,801.0)
(448.0,801.0)
(448.0,801.0)
(452.0,801.0)
(402.0,801.0)
(448.0,801.0)
(445.0,801.0)
(448.0,801.0)
(448.0,801.0)
(448.0,801.0)
(448.0,801.0)
(448.0,801.0)
(448.0,801.0)
(448.0,801.0)
(402.0,801.0)
(448.0,801.0)
(448.0,801.0)
(448.0,801.0)
(448.0,801.0)
(448.0,801.0)
(448.0,801.0)
(448.0,801.0)
(398.0,801.0)
(452.0,801.0)
(448.0,801.0)
(445.0,801.0)
(448.0,801.0)
(372.0,801.0)
(452.0,801.0)
(448.0,801.0)
(461.0,801.0)
(448.0,801.0)
(448.0,801.0)
(367.0,801.0)
(452.0,801.0)
(448.0,801.0)
(452.0,801.0)
(448.0,801.0)
(373.0,801.0)
(448.0,801.0)
(448.0,801.0)
(452.0,801.0)
(448.0,801.0)
(402.0,801.0)
(448.0,801.0)
(448.0,801.0)
(402.0,801.0)
(448.0,801.0)
(771.0,801.0)
(413.0,801.0)
(448.0,801.0)
(448.0,801.0)
(448.0,801.0)
(448.0,801.0)
(448.0,801.0)
(417.0,801.0)
(448.0,801.0)
(448.0,801.0)
(448.0,801.0)
(452.0,801.0)
(448.0,801.0)
(448.0,801.0)
(802.0,801.0)
(448.0,801.0)
(448.0,801.0)
(448.0,801.0)
(448.0,801.0)
(461.0,801.0)
(445.0,801.0)
(402.0,801.0)
(448.0,801.0)
(448.0,801.0)
(448.0,801.0)
(448.0,801.0)
(448.0,801.0)
(448.0,801.0)
(448.0,801.0)
(445.0,801.0)
(448.0,801.0)
(452.0,801.0)
(448.0,801.0)
(448.0,801.0)
(448.0,801.0)
(452.0,801.0)
(448.0,801.0)
(448.0,801.0)
(448.0,801.0)
(448.0,801.0)
(448.0,801.0)
(448.0,801.0)
(448.0,801.0)
(448.0,801.0)
(448.0,801.0)
(460.0,801.0)
(448.0,801.0)
(448.0,801.0)
(448.0,801.0)
(448.0,801.0)
(452.0,801.0)
(452.0,801.0)
(448.0,801.0)
(448.0,801.0)
(412.0,801.0)
(461.0,801.0)
(422.0,801.0)
(448.0,801.0)
(448.0,801.0)
(448.0,801.0)
(448.0,801.0)
(448.0,801.0)
(452.0,801.0)
(448.0,801.0)
(448.0,801.0)
(771.0,801.0)
(448.0,801.0)
(452.0,801.0)
(448.0,801.0)
(448.0,801.0)
(448.0,801.0)
(448.0,801.0)
(448.0,801.0)
(798.0,801.0)
(448.0,801.0)
(417.0,801.0)
(444.0,801.0)
(448.0,801.0)
(448.0,801.0)
(448.0,801.0)
(448.0,801.0)
(448.0,801.0)
(452.0,801.0)
(448.0,801.0)
(448.0,801.0)
(448.0,801.0)
(448.0,801.0)
(771.0,801.0)
(448.0,801.0)
(448.0,801.0)
(448.0,801.0)
(402.0,801.0)
(448.0,801.0)
(448.0,801.0)
(402.0,801.0)
(402.0,801.0)
(448.0,801.0)
(448.0,801.0)
(448.0,801.0)
(448.0,801.0)
(448.0,801.0)
(448.0,801.0)
(448.0,801.0)
(448.0,801.0)
(445.0,801.0)
(448.0,801.0)
(475.0,801.0)
(448.0,801.0)
(452.0,801.0)
(452.0,801.0)
(448.0,801.0)
(448.0,801.0)
(448.0,801.0)
(448.0,801.0)
(448.0,801.0)
(448.0,801.0)
(448.0,801.0)
(448.0,801.0)
(444.0,801.0)
(448.0,801.0)
(448.0,801.0)
(466.0,801.0)
(448.0,801.0)
(448.0,801.0)
(448.0,801.0)
(448.0,801.0)
(461.0,801.0)
(448.0,801.0)
(448.0,801.0)
(448.0,801.0)
(448.0,801.0)
(448.0,801.0)
(448.0,801.0)
(448.0,801.0)
(448.0,801.0)
(448.0,801.0)
(452.0,801.0)
(461.0,801.0)
(448.0,801.0)
(448.0,801.0)
(448.0,801.0)
(448.0,801.0)
(398.0,801.0)
(448.0,801.0)
(398.0,801.0)
(448.0,801.0)
(412.0,801.0)
(448.0,801.0)
(448.0,801.0)
(461.0,801.0)
(448.0,801.0)
(448.0,801.0)
(452.0,801.0)
(452.0,801.0)
(448.0,801.0)
(448.0,801.0)
(448.0,801.0)
(448.0,801.0)
(448.0,801.0)
(448.0,801.0)
(448.0,801.0)
(448.0,801.0)
(448.0,801.0)
(448.0,801.0)
(448.0,801.0)
(452.0,801.0)
(448.0,801.0)
(402.0,801.0)
(448.0,801.0)
(448.0,801.0)
(448.0,801.0)
(448.0,801.0)
(448.0,801.0)
(448.0,801.0)
(448.0,801.0)
(448.0,801.0)
(448.0,801.0)
(448.0,801.0)
(445.0,801.0)
(448.0,801.0)
(452.0,801.0)
(448.0,801.0)
(448.0,801.0)
(402.0,801.0)
(448.0,801.0)
(448.0,801.0)
(448.0,801.0)
(448.0,801.0)
(448.0,801.0)
(448.0,801.0)
(373.0,801.0)
(461.0,801.0)
(448.0,801.0)
(448.0,801.0)
(798.0,801.0)
(448.0,801.0)
(448.0,801.0)
(448.0,801.0)
(749.0,801.0)
(448.0,801.0)
(448.0,801.0)
(452.0,801.0)
(448.0,801.0)
(448.0,801.0)
(448.0,801.0)
(402.0,801.0)
(448.0,801.0)
(452.0,801.0)
(798.0,801.0)
(448.0,801.0)
(421.0,801.0)
(448.0,801.0)
(448.0,801.0)
(448.0,801.0)
(448.0,801.0)
(448.0,801.0)
(448.0,801.0)
(448.0,801.0)
(448.0,801.0)
(448.0,801.0)
(448.0,801.0)
(448.0,801.0)
(448.0,801.0)
(448.0,801.0)
(658.0,801.0)
(452.0,801.0)
(448.0,801.0)
(448.0,801.0)
(448.0,801.0)
(448.0,801.0)
(448.0,801.0)
(448.0,801.0)
(448.0,801.0)
(448.0,801.0)
(402.0,801.0)
(452.0,801.0)
(448.0,801.0)
(452.0,801.0)
(445.0,801.0)
(448.0,801.0)
(448.0,801.0)
(461.0,801.0)
(448.0,801.0)
(448.0,801.0)
(452.0,801.0)
(445.0,801.0)
(448.0,801.0)
(448.0,801.0)
(452.0,801.0)
(402.0,801.0)
(452.0,801.0)
(445.0,801.0)
(448.0,801.0)
(448.0,801.0)
(448.0,801.0)
(412.0,801.0)
(452.0,801.0)
(448.0,801.0)
(448.0,801.0)
(448.0,801.0)
(448.0,801.0)
(448.0,801.0)
(461.0,801.0)
(448.0,801.0)
(448.0,801.0)
(448.0,801.0)
(448.0,801.0)
(448.0,801.0)
(798.0,801.0)
(448.0,801.0)
(448.0,801.0)
(448.0,801.0)
(452.0,801.0)
(448.0,801.0)
(452.0,801.0)
(448.0,801.0)
(417.0,801.0)
(445.0,801.0)
(448.0,801.0)
(448.0,801.0)
(448.0,801.0)
(448.0,801.0)
(448.0,801.0)
(402.0,801.0)
(448.0,801.0)
(448.0,801.0)
(448.0,801.0)
(448.0,801.0)
(448.0,801.0)
(448.0,801.0)
(448.0,801.0)
(452.0,801.0)
(402.0,801.0)
(461.0,801.0)
(448.0,801.0)
(448.0,801.0)
(452.0,801.0)
(448.0,801.0)
(448.0,801.0)
(448.0,801.0)
(435.0,801.0)
(448.0,801.0)
(448.0,801.0)
(448.0,801.0)
(448.0,801.0)
(448.0,801.0)
(448.0,801.0)
(448.0,801.0)
(448.0,801.0)
(402.0,801.0)
(448.0,801.0)
(448.0,801.0)
(448.0,801.0)
(806.0,454.0)
(771.0,454.0)
(462.0,454.0)
(454.0,454.0)
(454.0,454.0)
(462.0,454.0)
(401.0,454.0)
(454.0,454.0)
(462.0,454.0)
(482.0,454.0)
(454.0,454.0)
(463.0,454.0)
(454.0,454.0)
(454.0,454.0)
(462.0,454.0)
(455.0,454.0)
(401.0,454.0)
(483.0,454.0)
(465.0,454.0)
(455.0,454.0)
(447.0,454.0)
(454.0,454.0)
(462.0,454.0)
(454.0,454.0)
(454.0,454.0)
(454.0,454.0)
(454.0,454.0)
(417.0,454.0)
(455.0,454.0)
(454.0,454.0)
(806.0,454.0)
(455.0,454.0)
(454.0,454.0)
(454.0,454.0)
(454.0,454.0)
(805.0,454.0)
(454.0,454.0)
(454.0,454.0)
(462.0,454.0)
(462.0,454.0)
(417.0,454.0)
(454.0,454.0)
(462.0,454.0)
(454.0,454.0)
(462.0,454.0)
(454.0,454.0)
(454.0,454.0)
(454.0,454.0)
(462.0,454.0)
(806.0,454.0)
(465.0,454.0)
(454.0,454.0)
(454.0,454.0)
(454.0,454.0)
(447.0,454.0)
(454.0,454.0)
(454.0,454.0)
(454.0,454.0)
(454.0,454.0)
(454.0,454.0)
(454.0,454.0)
(482.0,454.0)
(455.0,454.0)
(454.0,454.0)
(454.0,454.0)
(465.0,454.0)
(454.0,454.0)
(454.0,454.0)
(462.0,454.0)
(405.0,454.0)
(454.0,454.0)
(462.0,454.0)
(462.0,454.0)
(447.0,454.0)
(405.0,454.0)
(462.0,454.0)
(454.0,454.0)
(454.0,454.0)
(482.0,454.0)
(454.0,454.0)
(455.0,454.0)
(463.0,454.0)
(454.0,454.0)
(463.0,454.0)
(454.0,454.0)
(480.0,454.0)
(454.0,454.0)
(454.0,454.0)
(454.0,454.0)
(454.0,454.0)
(462.0,454.0)
(454.0,454.0)
(454.0,454.0)
(454.0,454.0)
(462.0,454.0)
(454.0,454.0)
(454.0,454.0)
(417.0,454.0)
(454.0,454.0)
(454.0,454.0)
(462.0,454.0)
(462.0,454.0)
(421.0,454.0)
(454.0,454.0)
(771.0,454.0)
(806.0,454.0)
(454.0,454.0)
(462.0,454.0)
(454.0,454.0)
(454.0,454.0)
(454.0,454.0)
(463.0,454.0)
(462.0,454.0)
(462.0,454.0)
(454.0,454.0)
(482.0,454.0)
(454.0,454.0)
(475.0,454.0)
(806.0,454.0)
(454.0,454.0)
(480.0,454.0)
(463.0,454.0)
(454.0,454.0)
(454.0,454.0)
(462.0,454.0)
(417.0,454.0)
(454.0,454.0)
(454.0,454.0)
(462.0,454.0)
(454.0,454.0)
(465.0,454.0)
(806.0,454.0)
(806.0,454.0)
(454.0,454.0)
(462.0,454.0)
(405.0,454.0)
(401.0,454.0)
(405.0,454.0)
(462.0,454.0)
(462.0,454.0)
(454.0,454.0)
(447.0,454.0)
(454.0,454.0)
(804.0,454.0)
(454.0,454.0)
(462.0,454.0)
(454.0,454.0)
(401.0,454.0)
(454.0,454.0)
(455.0,454.0)
(462.0,454.0)
(463.0,454.0)
(462.0,454.0)
(413.0,454.0)
(447.0,454.0)
(454.0,454.0)
(454.0,454.0)
(454.0,454.0)
(462.0,454.0)
(771.0,454.0)
(454.0,454.0)
(454.0,454.0)
(454.0,454.0)
(462.0,454.0)
(454.0,454.0)
(454.0,454.0)
(454.0,454.0)
(462.0,454.0)
(454.0,454.0)
(454.0,454.0)
(462.0,454.0)
(462.0,454.0)
(362.0,454.0)
(462.0,454.0)
(455.0,454.0)
(454.0,454.0)
(475.0,454.0)
(454.0,454.0)
(454.0,454.0)
(771.0,454.0)
(465.0,454.0)
(454.0,454.0)
(462.0,454.0)
(455.0,454.0)
(454.0,454.0)
(454.0,454.0)
(806.0,454.0)
(462.0,454.0)
(454.0,454.0)
(454.0,454.0)
(462.0,454.0)
(454.0,454.0)
(454.0,454.0)
(454.0,454.0)
(454.0,454.0)
(455.0,454.0)
(454.0,454.0)
(462.0,454.0)
(454.0,454.0)
(447.0,454.0)
(454.0,454.0)
(455.0,454.0)
(454.0,454.0)
(454.0,454.0)
(806.0,454.0)
(806.0,454.0)
(454.0,454.0)
(447.0,454.0)
(806.0,454.0)
(454.0,454.0)
(454.0,454.0)
(455.0,454.0)
(454.0,454.0)
(454.0,454.0)
(447.0,454.0)
(455.0,454.0)
(454.0,454.0)
(462.0,454.0)
(806.0,454.0)
(455.0,454.0)
(454.0,454.0)
(454.0,454.0)
(805.0,454.0)
(454.0,454.0)
(454.0,454.0)
(454.0,454.0)
(454.0,454.0)
(454.0,454.0)
(462.0,454.0)
(454.0,454.0)
(442.0,454.0)
(454.0,454.0)
(463.0,454.0)
(771.0,454.0)
(454.0,454.0)
(454.0,454.0)
(771.0,454.0)
(454.0,454.0)
(454.0,454.0)
(463.0,454.0)
(454.0,454.0)
(771.0,454.0)
(462.0,454.0)
(401.0,454.0)
(454.0,454.0)
(454.0,454.0)
(462.0,454.0)
(462.0,454.0)
(454.0,454.0)
(454.0,454.0)
(771.0,454.0)
(454.0,454.0)
(454.0,454.0)
(447.0,454.0)
(454.0,454.0)
(454.0,454.0)
(454.0,454.0)
(454.0,454.0)
(454.0,454.0)
(455.0,454.0)
(455.0,454.0)
(447.0,454.0)
(454.0,454.0)
(462.0,454.0)
(806.0,454.0)
(465.0,454.0)
(455.0,454.0)
(417.0,454.0)
(463.0,454.0)
(454.0,454.0)
(454.0,454.0)
(806.0,454.0)
(447.0,454.0)
(454.0,454.0)
(454.0,454.0)
(454.0,454.0)
(454.0,454.0)
(806.0,454.0)
(454.0,454.0)
(454.0,454.0)
(806.0,454.0)
(462.0,454.0)
(441.0,454.0)
(455.0,454.0)
(806.0,454.0)
(454.0,454.0)
(771.0,454.0)
(454.0,454.0)
(806.0,454.0)
(454.0,454.0)
(480.0,454.0)
(454.0,454.0)
(462.0,454.0)
(454.0,454.0)
(454.0,454.0)
(454.0,454.0)
(462.0,454.0)
(454.0,454.0)
(454.0,454.0)
(455.0,454.0)
(806.0,454.0)
(454.0,454.0)
(806.0,454.0)
(454.0,454.0)
(454.0,454.0)
(454.0,454.0)
(454.0,454.0)
(463.0,454.0)
(454.0,454.0)
(771.0,454.0)
(454.0,454.0)
(455.0,454.0)
(462.0,454.0)
(454.0,454.0)
(454.0,454.0)
(454.0,454.0)
(806.0,454.0)
(463.0,454.0)
(462.0,454.0)
(462.0,454.0)
(465.0,454.0)
(454.0,454.0)
(454.0,454.0)
(454.0,454.0)
(454.0,454.0)
(454.0,454.0)
(454.0,454.0)
(454.0,454.0)
(454.0,454.0)
(413.0,454.0)
(447.0,454.0)
(455.0,454.0)
(462.0,454.0)
(454.0,454.0)
(465.0,454.0)
(462.0,454.0)
(454.0,454.0)
(417.0,454.0)
(417.0,454.0)
(462.0,454.0)
(454.0,454.0)
(462.0,454.0)
(454.0,454.0)
(454.0,454.0)
(454.0,454.0)
(454.0,454.0)
(806.0,454.0)
(454.0,454.0)
(454.0,454.0)
(454.0,454.0)
(442.0,454.0)
(454.0,454.0)
(455.0,454.0)
(806.0,454.0)
(454.0,454.0)
(771.0,454.0)
(417.0,454.0)
(463.0,454.0)
(462.0,454.0)
(454.0,454.0)
(454.0,454.0)
(462.0,454.0)
(454.0,454.0)
(806.0,454.0)
(454.0,454.0)
(454.0,454.0)
(462.0,454.0)
(462.0,454.0)
(454.0,454.0)
(771.0,454.0)
(454.0,454.0)
(806.0,454.0)
(462.0,454.0)
(365.0,454.0)
(806.0,454.0)
(454.0,454.0)
(462.0,454.0)
(454.0,454.0)
(462.0,454.0)
(455.0,454.0)
(454.0,454.0)
(454.0,454.0)
(462.0,454.0)
(454.0,454.0)
(462.0,454.0)
(463.0,454.0)
(455.0,454.0)
(454.0,454.0)
(455.0,454.0)
(454.0,454.0)
(454.0,454.0)
(454.0,454.0)
(806.0,454.0)
(454.0,454.0)
(463.0,454.0)
(462.0,454.0)
(462.0,454.0)
(454.0,454.0)
(454.0,454.0)
(454.0,454.0)
(454.0,454.0)
(454.0,454.0)
(462.0,454.0)
(806.0,454.0)
(454.0,454.0)
(462.0,454.0)
(454.0,454.0)
(454.0,454.0)
(771.0,454.0)
(454.0,454.0)
(454.0,454.0)
(454.0,454.0)
(405.0,454.0)
(454.0,454.0)
(462.0,454.0)
(454.0,454.0)
(454.0,454.0)
(401.0,454.0)
(454.0,454.0)
(454.0,454.0)
(454.0,454.0)
(462.0,454.0)
(454.0,454.0)
(417.0,454.0)
(454.0,454.0)
(806.0,454.0)
(806.0,454.0)
(462.0,454.0)
(454.0,454.0)
(455.0,454.0)
(454.0,454.0)
(454.0,454.0)
(454.0,454.0)
(454.0,454.0)
(462.0,454.0)
(454.0,454.0)
(454.0,454.0)
(454.0,454.0)
(463.0,454.0)
(454.0,454.0)
(454.0,454.0)
(454.0,454.0)
(454.0,454.0)
(447.0,454.0)
(454.0,454.0)
(806.0,454.0)
(462.0,454.0)
(454.0,454.0)
(806.0,454.0)
(462.0,454.0)
(454.0,454.0)
(454.0,454.0)
(447.0,454.0)
(771.0,454.0)
(454.0,454.0)
(786.0,454.0)
(454.0,454.0)
(454.0,454.0)
(417.0,454.0)
(462.0,454.0)
(462.0,454.0)
(482.0,454.0)
(771.0,454.0)
(454.0,454.0)
(417.0,454.0)
(417.0,454.0)
(462.0,454.0)
(454.0,454.0)
(771.0,454.0)
(454.0,454.0)
(454.0,454.0)
(401.0,454.0)
(454.0,454.0)
(454.0,454.0)
(462.0,454.0)
(454.0,454.0)
(462.0,454.0)
(401.0,454.0)
(447.0,454.0)
(475.0,454.0)
(462.0,454.0)
(454.0,454.0)
(454.0,454.0)
(417.0,454.0)
(462.0,454.0)
(454.0,454.0)
(455.0,454.0)
(462.0,454.0)
(454.0,454.0)
(455.0,454.0)
(462.0,454.0)
(454.0,454.0)
(406.0,454.0)
(806.0,454.0)
(771.0,454.0)
(454.0,454.0)
(454.0,454.0)
(806.0,454.0)
(454.0,454.0)
(455.0,454.0)
(462.0,454.0)
(462.0,454.0)
(806.0,454.0)
(413.0,454.0)
(806.0,454.0)
(454.0,454.0)
(455.0,454.0)
(454.0,454.0)
(454.0,454.0)
(413.0,454.0)
(454.0,454.0)
(462.0,454.0)
(454.0,454.0)
(462.0,454.0)
(771.0,454.0)
(771.0,454.0)
(454.0,454.0)
(454.0,454.0)
(413.0,454.0)
(454.0,454.0)
(454.0,454.0)
(454.0,454.0)
(462.0,454.0)
(454.0,454.0)
(454.0,454.0)
