(406.0,406.0)
(406.0,406.0)
(406.0,406.0)
(406.0,406.0)
(406.0,406.0)
(417.0,406.0)
(406.0,406.0)
(406.0,406.0)
(406.0,406.0)
(406.0,406.0)
(406.0,406.0)
(406.0,406.0)
(417.0,406.0)
(406.0,406.0)
(406.0,406.0)
(417.0,406.0)
(406.0,406.0)
(406.0,406.0)
(406.0,406.0)
(406.0,406.0)
(406.0,406.0)
(406.0,406.0)
(406.0,406.0)
(406.0,406.0)
(406.0,406.0)
(406.0,406.0)
(406.0,406.0)
(406.0,406.0)
(417.0,406.0)
(406.0,406.0)
(406.0,406.0)
(406.0,406.0)
(406.0,406.0)
(406.0,406.0)
(406.0,406.0)
(406.0,406.0)
(406.0,406.0)
(406.0,406.0)
(406.0,406.0)
(406.0,406.0)
(417.0,406.0)
(406.0,406.0)
(417.0,406.0)
(406.0,406.0)
(406.0,406.0)
(406.0,406.0)
(406.0,406.0)
(406.0,406.0)
(406.0,406.0)
(406.0,406.0)
(406.0,406.0)
(406.0,406.0)
(406.0,406.0)
(406.0,406.0)
(417.0,406.0)
(406.0,406.0)
(406.0,406.0)
(417.0,406.0)
(406.0,406.0)
(406.0,406.0)
(406.0,406.0)
(406.0,406.0)
(406.0,406.0)
(406.0,406.0)
(406.0,406.0)
(406.0,406.0)
(413.0,406.0)
(406.0,406.0)
(406.0,406.0)
(447.0,406.0)
(406.0,406.0)
(406.0,406.0)
(406.0,406.0)
(406.0,406.0)
(406.0,406.0)
(406.0,406.0)
(413.0,406.0)
(406.0,406.0)
(417.0,406.0)
(406.0,406.0)
(406.0,406.0)
(406.0,406.0)
(406.0,406.0)
(417.0,406.0)
(406.0,406.0)
(406.0,406.0)
(406.0,406.0)
(406.0,406.0)
(406.0,406.0)
(406.0,406.0)
(406.0,406.0)
(406.0,406.0)
(406.0,406.0)
(406.0,406.0)
(406.0,406.0)
(406.0,406.0)
(406.0,406.0)
(406.0,406.0)
(417.0,406.0)
(406.0,406.0)
(406.0,406.0)
(406.0,406.0)
(406.0,406.0)
(406.0,406.0)
(406.0,406.0)
(406.0,406.0)
(406.0,406.0)
(406.0,406.0)
(406.0,406.0)
(404.0,406.0)
(406.0,406.0)
(406.0,406.0)
(406.0,406.0)
(406.0,406.0)
(406.0,406.0)
(494.0,406.0)
(406.0,406.0)
(406.0,406.0)
(406.0,406.0)
(406.0,406.0)
(417.0,406.0)
(406.0,406.0)
(406.0,406.0)
(406.0,406.0)
(406.0,406.0)
(406.0,406.0)
(406.0,406.0)
(406.0,406.0)
(406.0,406.0)
(417.0,406.0)
(406.0,406.0)
(406.0,406.0)
(406.0,406.0)
(406.0,406.0)
(406.0,406.0)
(406.0,406.0)
(406.0,406.0)
(406.0,406.0)
(406.0,406.0)
(406.0,406.0)
(406.0,406.0)
(406.0,406.0)
(406.0,406.0)
(406.0,406.0)
(406.0,406.0)
(406.0,406.0)
(406.0,406.0)
(406.0,406.0)
(447.0,406.0)
(406.0,406.0)
(406.0,406.0)
(406.0,406.0)
(406.0,406.0)
(406.0,406.0)
(406.0,406.0)
(406.0,406.0)
(406.0,406.0)
(406.0,406.0)
(406.0,406.0)
(406.0,406.0)
(406.0,406.0)
(406.0,406.0)
(406.0,406.0)
(406.0,406.0)
(406.0,406.0)
(406.0,406.0)
(406.0,406.0)
(413.0,406.0)
(406.0,406.0)
(417.0,406.0)
(406.0,406.0)
(406.0,406.0)
(406.0,406.0)
(406.0,406.0)
(417.0,406.0)
(406.0,406.0)
(406.0,406.0)
(406.0,406.0)
(406.0,406.0)
(406.0,406.0)
(406.0,406.0)
(406.0,406.0)
(406.0,406.0)
(406.0,406.0)
(406.0,406.0)
(406.0,406.0)
(406.0,406.0)
(406.0,406.0)
(406.0,406.0)
(406.0,406.0)
(406.0,406.0)
(406.0,406.0)
(406.0,406.0)
(406.0,406.0)
(406.0,406.0)
(406.0,406.0)
(406.0,406.0)
(406.0,406.0)
(406.0,406.0)
(413.0,406.0)
(406.0,406.0)
(406.0,406.0)
(406.0,406.0)
(406.0,406.0)
(406.0,406.0)
(406.0,406.0)
(406.0,406.0)
(406.0,406.0)
(406.0,406.0)
(406.0,406.0)
(417.0,406.0)
(404.0,406.0)
(404.0,765.0)
(404.0,765.0)
(404.0,765.0)
(404.0,765.0)
(403.0,765.0)
(404.0,765.0)
(404.0,765.0)
(417.0,765.0)
(407.0,765.0)
(407.0,765.0)
(404.0,765.0)
(404.0,765.0)
(404.0,765.0)
(404.0,765.0)
(404.0,765.0)
(407.0,765.0)
(417.0,765.0)
(417.0,765.0)
(407.0,765.0)
(403.0,765.0)
(404.0,765.0)
(404.0,765.0)
(404.0,765.0)
(404.0,765.0)
(404.0,765.0)
(404.0,765.0)
(407.0,765.0)
(404.0,765.0)
(404.0,765.0)
(404.0,765.0)
(407.0,765.0)
(430.0,765.0)
(404.0,765.0)
(407.0,765.0)
(404.0,765.0)
(404.0,765.0)
(404.0,765.0)
(404.0,765.0)
(404.0,765.0)
(404.0,765.0)
(404.0,765.0)
(404.0,765.0)
(404.0,765.0)
(404.0,765.0)
(407.0,765.0)
(404.0,765.0)
(404.0,765.0)
(417.0,765.0)
(404.0,765.0)
(404.0,765.0)
(404.0,765.0)
(404.0,765.0)
(404.0,765.0)
(404.0,765.0)
(407.0,765.0)
(404.0,765.0)
(404.0,765.0)
(404.0,765.0)
(475.0,765.0)
(404.0,765.0)
(404.0,765.0)
(404.0,765.0)
(404.0,765.0)
(404.0,765.0)
(407.0,765.0)
(404.0,765.0)
(404.0,765.0)
(404.0,765.0)
(404.0,765.0)
(404.0,765.0)
(404.0,765.0)
(404.0,765.0)
(404.0,765.0)
(404.0,765.0)
(404.0,765.0)
(404.0,765.0)
(404.0,765.0)
(404.0,765.0)
(404.0,765.0)
(404.0,765.0)
(404.0,765.0)
(404.0,765.0)
(417.0,765.0)
(407.0,765.0)
(404.0,765.0)
(771.0,765.0)
(404.0,765.0)
(404.0,765.0)
(407.0,765.0)
(404.0,765.0)
(404.0,765.0)
(404.0,765.0)
(404.0,765.0)
(417.0,765.0)
(404.0,765.0)
(404.0,765.0)
(407.0,765.0)
(407.0,765.0)
(404.0,765.0)
(404.0,765.0)
(404.0,765.0)
(404.0,765.0)
(417.0,765.0)
(404.0,765.0)
(407.0,765.0)
(404.0,765.0)
(404.0,765.0)
(404.0,765.0)
(404.0,765.0)
(404.0,765.0)
(404.0,765.0)
(404.0,765.0)
(784.0,765.0)
(404.0,765.0)
(407.0,765.0)
(404.0,765.0)
(404.0,765.0)
(404.0,765.0)
(404.0,765.0)
(404.0,765.0)
(417.0,765.0)
(407.0,765.0)
(404.0,765.0)
(417.0,765.0)
(404.0,765.0)
(404.0,765.0)
(463.0,765.0)
(404.0,765.0)
(404.0,765.0)
(407.0,765.0)
(430.0,765.0)
(404.0,765.0)
(424.0,765.0)
(430.0,765.0)
(404.0,765.0)
(404.0,765.0)
(404.0,765.0)
(435.0,765.0)
(407.0,765.0)
(404.0,765.0)
(404.0,765.0)
(404.0,765.0)
(404.0,765.0)
(404.0,765.0)
(404.0,765.0)
(404.0,765.0)
(417.0,765.0)
(404.0,765.0)
(404.0,765.0)
(417.0,765.0)
(404.0,765.0)
(404.0,765.0)
(417.0,765.0)
(404.0,765.0)
(404.0,765.0)
(404.0,765.0)
(404.0,765.0)
(404.0,765.0)
(404.0,765.0)
(404.0,765.0)
(784.0,765.0)
(404.0,765.0)
(407.0,765.0)
(407.0,765.0)
(404.0,765.0)
(404.0,765.0)
(404.0,765.0)
(417.0,765.0)
(404.0,765.0)
(404.0,765.0)
(404.0,765.0)
(404.0,765.0)
(404.0,765.0)
(404.0,765.0)
(404.0,765.0)
(404.0,765.0)
(404.0,765.0)
(405.0,765.0)
(404.0,765.0)
(404.0,765.0)
(417.0,765.0)
(404.0,765.0)
(417.0,765.0)
(404.0,765.0)
(417.0,765.0)
(417.0,765.0)
(405.0,765.0)
(404.0,765.0)
(784.0,765.0)
(404.0,765.0)
(404.0,765.0)
(417.0,765.0)
(404.0,765.0)
(430.0,765.0)
(475.0,765.0)
(404.0,765.0)
(404.0,765.0)
(404.0,765.0)
(771.0,765.0)
(408.0,765.0)
(408.0,765.0)
(408.0,765.0)
(409.0,765.0)
(408.0,765.0)
(409.0,765.0)
(409.0,765.0)
(408.0,765.0)
(408.0,765.0)
(408.0,765.0)
(408.0,765.0)
(409.0,765.0)
(408.0,765.0)
(408.0,765.0)
(409.0,765.0)
(409.0,765.0)
(408.0,765.0)
(409.0,765.0)
(408.0,765.0)
(408.0,765.0)
(408.0,765.0)
(409.0,765.0)
(408.0,765.0)
(408.0,765.0)
(409.0,765.0)
(408.0,765.0)
(409.0,765.0)
(408.0,765.0)
(408.0,765.0)
(409.0,765.0)
(409.0,765.0)
(408.0,765.0)
(408.0,765.0)
(408.0,765.0)
(408.0,765.0)
(409.0,765.0)
(409.0,765.0)
(408.0,765.0)
(409.0,765.0)
(409.0,765.0)
(408.0,765.0)
(408.0,765.0)
(408.0,765.0)
(408.0,765.0)
(408.0,765.0)
(409.0,765.0)
(408.0,765.0)
(408.0,765.0)
(409.0,765.0)
(408.0,765.0)
(409.0,765.0)
(408.0,765.0)
(408.0,765.0)
(409.0,765.0)
(408.0,765.0)
(409.0,765.0)
(408.0,765.0)
(408.0,765.0)
(408.0,765.0)
(409.0,765.0)
(409.0,765.0)
(409.0,765.0)
(408.0,765.0)
(408.0,765.0)
(409.0,765.0)
(408.0,765.0)
(408.0,765.0)
(408.0,765.0)
(409.0,765.0)
(408.0,765.0)
(409.0,765.0)
(409.0,765.0)
(408.0,765.0)
(408.0,765.0)
(408.0,765.0)
(408.0,765.0)
(409.0,765.0)
(409.0,765.0)
(408.0,765.0)
(408.0,765.0)
(408.0,765.0)
(409.0,765.0)
(409.0,765.0)
(408.0,765.0)
(409.0,765.0)
(409.0,765.0)
(408.0,765.0)
(408.0,765.0)
(409.0,765.0)
(408.0,765.0)
(408.0,765.0)
(408.0,765.0)
(408.0,765.0)
(408.0,765.0)
(408.0,765.0)
(409.0,765.0)
(408.0,765.0)
(408.0,765.0)
(408.0,765.0)
(408.0,765.0)
(408.0,765.0)
(408.0,765.0)
(408.0,765.0)
(408.0,765.0)
(409.0,765.0)
(408.0,765.0)
(408.0,765.0)
(408.0,765.0)
(409.0,765.0)
(408.0,765.0)
(408.0,765.0)
(408.0,765.0)
(409.0,765.0)
(408.0,765.0)
(408.0,765.0)
(408.0,765.0)
(409.0,765.0)
(408.0,765.0)
(408.0,765.0)
(408.0,765.0)
(409.0,765.0)
(409.0,765.0)
(408.0,765.0)
(408.0,765.0)
(408.0,765.0)
(409.0,765.0)
(408.0,765.0)
(408.0,765.0)
(408.0,765.0)
(408.0,765.0)
(408.0,765.0)
(408.0,765.0)
(408.0,765.0)
(408.0,765.0)
(408.0,765.0)
(408.0,765.0)
(409.0,765.0)
(408.0,765.0)
(408.0,765.0)
(408.0,765.0)
(408.0,765.0)
(408.0,765.0)
(408.0,765.0)
(408.0,765.0)
(408.0,765.0)
(408.0,765.0)
(409.0,765.0)
(408.0,765.0)
(408.0,765.0)
(409.0,765.0)
(408.0,765.0)
(408.0,765.0)
(409.0,765.0)
(408.0,765.0)
(409.0,765.0)
(408.0,765.0)
(408.0,765.0)
(409.0,765.0)
(408.0,765.0)
(409.0,765.0)
(409.0,765.0)
(408.0,765.0)
(409.0,765.0)
(409.0,765.0)
(409.0,765.0)
(408.0,765.0)
(409.0,765.0)
(408.0,765.0)
(409.0,765.0)
(408.0,765.0)
(409.0,765.0)
(409.0,765.0)
(409.0,765.0)
(408.0,765.0)
(408.0,765.0)
(408.0,765.0)
(408.0,765.0)
(408.0,765.0)
(408.0,765.0)
(408.0,765.0)
(409.0,765.0)
(408.0,765.0)
(409.0,765.0)
(408.0,765.0)
(409.0,765.0)
(408.0,765.0)
(409.0,765.0)
(408.0,765.0)
(408.0,765.0)
(409.0,765.0)
(409.0,765.0)
(408.0,765.0)
(408.0,765.0)
(408.0,765.0)
(408.0,765.0)
(408.0,765.0)
(409.0,765.0)
(409.0,765.0)
(408.0,765.0)
(408.0,765.0)
(766.0,766.0)
(766.0,766.0)
(766.0,766.0)
(766.0,766.0)
(766.0,766.0)
(766.0,766.0)
(766.0,766.0)
(766.0,766.0)
(766.0,766.0)
(766.0,766.0)
(483.0,766.0)
(766.0,766.0)
(766.0,766.0)
(766.0,766.0)
(766.0,766.0)
(766.0,766.0)
(413.0,766.0)
(766.0,766.0)
(766.0,766.0)
(766.0,766.0)
(766.0,766.0)
(766.0,766.0)
(766.0,766.0)
(766.0,766.0)
(766.0,766.0)
(766.0,766.0)
(804.0,766.0)
(766.0,766.0)
(766.0,766.0)
(766.0,766.0)
(766.0,766.0)
(417.0,766.0)
(766.0,766.0)
(421.0,766.0)
(766.0,766.0)
(479.0,766.0)
(766.0,766.0)
(766.0,766.0)
(766.0,766.0)
(766.0,766.0)
(766.0,766.0)
(417.0,766.0)
(766.0,766.0)
(766.0,766.0)
(766.0,766.0)
(413.0,766.0)
(479.0,766.0)
(766.0,766.0)
(766.0,766.0)
(413.0,766.0)
(766.0,766.0)
(804.0,766.0)
(417.0,766.0)
(766.0,766.0)
(482.0,766.0)
(766.0,766.0)
(417.0,766.0)
(766.0,766.0)
(766.0,766.0)
(766.0,766.0)
(766.0,766.0)
(766.0,766.0)
(766.0,766.0)
(766.0,766.0)
(766.0,766.0)
(766.0,766.0)
(766.0,766.0)
(766.0,766.0)
(766.0,766.0)
(766.0,766.0)
(766.0,766.0)
(766.0,766.0)
(362.0,766.0)
(766.0,766.0)
(766.0,766.0)
(766.0,766.0)
(766.0,766.0)
(766.0,766.0)
(766.0,766.0)
(766.0,766.0)
(766.0,766.0)
(483.0,766.0)
(766.0,766.0)
(766.0,766.0)
(766.0,766.0)
(766.0,766.0)
(766.0,766.0)
(766.0,766.0)
(766.0,766.0)
(766.0,766.0)
(766.0,766.0)
(483.0,766.0)
(766.0,766.0)
(479.0,766.0)
(766.0,766.0)
(766.0,766.0)
(766.0,766.0)
(447.0,766.0)
(367.0,766.0)
(766.0,766.0)
(766.0,766.0)
(766.0,766.0)
(483.0,766.0)
(766.0,766.0)
(766.0,766.0)
(766.0,766.0)
(804.0,766.0)
(766.0,766.0)
(483.0,766.0)
(766.0,766.0)
(766.0,766.0)
(455.0,766.0)
(766.0,766.0)
(766.0,766.0)
(479.0,766.0)
(482.0,766.0)
(766.0,766.0)
(482.0,766.0)
(382.0,766.0)
(413.0,766.0)
(479.0,766.0)
(354.0,766.0)
(766.0,766.0)
(766.0,766.0)
(483.0,766.0)
(766.0,766.0)
(766.0,766.0)
(417.0,766.0)
(766.0,766.0)
(766.0,766.0)
(417.0,766.0)
(766.0,766.0)
(482.0,766.0)
(766.0,766.0)
(447.0,766.0)
(766.0,766.0)
(766.0,766.0)
(766.0,766.0)
(766.0,766.0)
(766.0,766.0)
(483.0,766.0)
(766.0,766.0)
(766.0,766.0)
(766.0,766.0)
(766.0,766.0)
(766.0,766.0)
(766.0,766.0)
(766.0,766.0)
(405.0,766.0)
(766.0,766.0)
(766.0,766.0)
(766.0,766.0)
(766.0,766.0)
(766.0,766.0)
(766.0,766.0)
(766.0,766.0)
(474.0,766.0)
(766.0,766.0)
(417.0,766.0)
(362.0,766.0)
(766.0,766.0)
(483.0,766.0)
(766.0,766.0)
(766.0,766.0)
(766.0,766.0)
(766.0,766.0)
(766.0,766.0)
(447.0,766.0)
(766.0,766.0)
(766.0,766.0)
(766.0,766.0)
(766.0,766.0)
(479.0,766.0)
(766.0,766.0)
(474.0,766.0)
(483.0,766.0)
(354.0,766.0)
(417.0,766.0)
(483.0,766.0)
(766.0,766.0)
(413.0,766.0)
(766.0,766.0)
(766.0,766.0)
(766.0,766.0)
(766.0,766.0)
(766.0,766.0)
(766.0,766.0)
(766.0,766.0)
(483.0,766.0)
(766.0,766.0)
(766.0,766.0)
(766.0,766.0)
(766.0,766.0)
(482.0,766.0)
(766.0,766.0)
(417.0,408.0)
(409.0,408.0)
(417.0,408.0)
(417.0,408.0)
(417.0,408.0)
(789.0,408.0)
(417.0,408.0)
(789.0,408.0)
(417.0,408.0)
(472.0,408.0)
(417.0,408.0)
(417.0,408.0)
(417.0,408.0)
(417.0,408.0)
(417.0,408.0)
(417.0,408.0)
(417.0,408.0)
(417.0,408.0)
(417.0,408.0)
(417.0,408.0)
(417.0,408.0)
(417.0,408.0)
(421.0,408.0)
(417.0,408.0)
(417.0,408.0)
(417.0,408.0)
(417.0,408.0)
(417.0,408.0)
(417.0,408.0)
(417.0,408.0)
(417.0,408.0)
(417.0,408.0)
(417.0,408.0)
(805.0,408.0)
(417.0,408.0)
(417.0,408.0)
(417.0,408.0)
(417.0,408.0)
(417.0,408.0)
(417.0,408.0)
(417.0,408.0)
(417.0,408.0)
(417.0,408.0)
(417.0,408.0)
(417.0,408.0)
(413.0,408.0)
(417.0,408.0)
(417.0,408.0)
(417.0,408.0)
(417.0,408.0)
(417.0,408.0)
(417.0,408.0)
(417.0,408.0)
(417.0,408.0)
(417.0,408.0)
(417.0,408.0)
(417.0,408.0)
(417.0,408.0)
(417.0,408.0)
(417.0,408.0)
(417.0,408.0)
(417.0,408.0)
(770.0,408.0)
(417.0,408.0)
(417.0,408.0)
(417.0,408.0)
(417.0,408.0)
(399.0,408.0)
(455.0,408.0)
(417.0,408.0)
(417.0,408.0)
(423.0,408.0)
(404.0,408.0)
(417.0,408.0)
(417.0,408.0)
(789.0,408.0)
(417.0,408.0)
(417.0,408.0)
(417.0,408.0)
(417.0,408.0)
(417.0,408.0)
(459.0,408.0)
(404.0,408.0)
(417.0,408.0)
(417.0,408.0)
(417.0,408.0)
(417.0,408.0)
(417.0,408.0)
(789.0,408.0)
(417.0,408.0)
(417.0,408.0)
(417.0,408.0)
(789.0,408.0)
(417.0,408.0)
(412.0,408.0)
(417.0,408.0)
(417.0,408.0)
(417.0,408.0)
(401.0,408.0)
(417.0,408.0)
(412.0,408.0)
(417.0,408.0)
(417.0,408.0)
(417.0,408.0)
(417.0,408.0)
(417.0,408.0)
(412.0,408.0)
(417.0,408.0)
(405.0,408.0)
(417.0,408.0)
(417.0,408.0)
(417.0,408.0)
(382.0,408.0)
(417.0,408.0)
(417.0,408.0)
(405.0,408.0)
(417.0,408.0)
(417.0,408.0)
(417.0,408.0)
(409.0,408.0)
(417.0,408.0)
(417.0,408.0)
(417.0,408.0)
(417.0,408.0)
(417.0,408.0)
(405.0,408.0)
(417.0,408.0)
(417.0,408.0)
(405.0,408.0)
(409.0,408.0)
(417.0,408.0)
(417.0,408.0)
(417.0,408.0)
(417.0,408.0)
(417.0,408.0)
(417.0,408.0)
(417.0,408.0)
(417.0,408.0)
(417.0,408.0)
(417.0,408.0)
(417.0,408.0)
(417.0,408.0)
(417.0,408.0)
(409.0,408.0)
(417.0,408.0)
(417.0,408.0)
(417.0,408.0)
(417.0,408.0)
(417.0,408.0)
(417.0,408.0)
(417.0,408.0)
(412.0,408.0)
(417.0,408.0)
(417.0,408.0)
(417.0,408.0)
(417.0,408.0)
(789.0,408.0)
(417.0,408.0)
(417.0,408.0)
(417.0,408.0)
(417.0,408.0)
(417.0,408.0)
(409.0,408.0)
(417.0,408.0)
(412.0,408.0)
(417.0,408.0)
(417.0,408.0)
(421.0,408.0)
(417.0,408.0)
(417.0,408.0)
(416.0,408.0)
(417.0,408.0)
(417.0,408.0)
(417.0,408.0)
(412.0,408.0)
(417.0,408.0)
(417.0,408.0)
(417.0,408.0)
(455.0,408.0)
(417.0,408.0)
(405.0,408.0)
(417.0,408.0)
(417.0,408.0)
(417.0,408.0)
(417.0,408.0)
(417.0,408.0)
(417.0,408.0)
(405.0,408.0)
(421.0,408.0)
(412.0,408.0)
(417.0,408.0)
(417.0,408.0)
(417.0,408.0)
(417.0,408.0)
(447.0,408.0)
(455.0,408.0)
(417.0,408.0)
(417.0,408.0)
(417.0,408.0)
(789.0,408.0)
(417.0,408.0)
(417.0,408.0)
(417.0,408.0)
(417.0,408.0)
(417.0,408.0)
(417.0,408.0)
(417.0,408.0)
(417.0,408.0)
(417.0,408.0)
(417.0,408.0)
(417.0,408.0)
(417.0,408.0)
(790.0,408.0)
(417.0,408.0)
(417.0,408.0)
(417.0,408.0)
(417.0,408.0)
(417.0,408.0)
(405.0,408.0)
(417.0,408.0)
(417.0,408.0)
(417.0,408.0)
(417.0,408.0)
(405.0,408.0)
(401.0,408.0)
(417.0,408.0)
(417.0,408.0)
(417.0,408.0)
(417.0,408.0)
(405.0,408.0)
(382.0,408.0)
(417.0,408.0)
(417.0,408.0)
(417.0,408.0)
(406.0,408.0)
(417.0,408.0)
(417.0,408.0)
(417.0,408.0)
(417.0,408.0)
(405.0,408.0)
(417.0,408.0)
(417.0,408.0)
(417.0,408.0)
(417.0,408.0)
(412.0,408.0)
(417.0,408.0)
(417.0,408.0)
(417.0,408.0)
(417.0,408.0)
(417.0,408.0)
(417.0,408.0)
(417.0,408.0)
(417.0,408.0)
(417.0,408.0)
(789.0,408.0)
(417.0,408.0)
(455.0,408.0)
(417.0,408.0)
(404.0,408.0)
(417.0,408.0)
(417.0,408.0)
(417.0,408.0)
(412.0,408.0)
(417.0,408.0)
(789.0,408.0)
(417.0,408.0)
(415.0,408.0)
(417.0,408.0)
(417.0,408.0)
(417.0,408.0)
(417.0,408.0)
(804.0,408.0)
(417.0,408.0)
(417.0,408.0)
(413.0,408.0)
(417.0,408.0)
(417.0,408.0)
(417.0,408.0)
(417.0,408.0)
(417.0,408.0)
(435.0,408.0)
(417.0,408.0)
(417.0,408.0)
(386.0,408.0)
(417.0,408.0)
(789.0,408.0)
(417.0,408.0)
(406.0,408.0)
(417.0,408.0)
(417.0,408.0)
(412.0,408.0)
(417.0,408.0)
(417.0,408.0)
(417.0,408.0)
(417.0,408.0)
(417.0,408.0)
(413.0,408.0)
(417.0,408.0)
(386.0,408.0)
(417.0,408.0)
(417.0,408.0)
(417.0,408.0)
(417.0,408.0)
(405.0,408.0)
(417.0,408.0)
(417.0,408.0)
(417.0,408.0)
(417.0,408.0)
(401.0,408.0)
(417.0,408.0)
(417.0,408.0)
(417.0,408.0)
(417.0,408.0)
(417.0,408.0)
(417.0,408.0)
(405.0,408.0)
(405.0,408.0)
(417.0,408.0)
(417.0,408.0)
(417.0,408.0)
(417.0,408.0)
(417.0,408.0)
(455.0,408.0)
(417.0,408.0)
(412.0,408.0)
(417.0,408.0)
(417.0,408.0)
(417.0,408.0)
(405.0,408.0)
(406.0,408.0)
(417.0,408.0)
(405.0,408.0)
(789.0,408.0)
(417.0,408.0)
(417.0,408.0)
(405.0,408.0)
(455.0,408.0)
(405.0,408.0)
(401.0,408.0)
(417.0,408.0)
(417.0,408.0)
(417.0,408.0)
(417.0,408.0)
(417.0,408.0)
(405.0,408.0)
(417.0,408.0)
(417.0,408.0)
(417.0,408.0)
(406.0,408.0)
(404.0,408.0)
(417.0,408.0)
(417.0,408.0)
(417.0,408.0)
(417.0,408.0)
(417.0,408.0)
(417.0,408.0)
(417.0,408.0)
(412.0,408.0)
(417.0,408.0)
(417.0,408.0)
(417.0,408.0)
(417.0,408.0)
(417.0,408.0)
(417.0,408.0)
(417.0,408.0)
(417.0,408.0)
(405.0,408.0)
(417.0,408.0)
(417.0,408.0)
(417.0,408.0)
(413.0,408.0)
(417.0,408.0)
(417.0,408.0)
(417.0,408.0)
(405.0,408.0)
(417.0,408.0)
(409.0,408.0)
(401.0,408.0)
(417.0,408.0)
(417.0,408.0)
(417.0,408.0)
(417.0,408.0)
(417.0,408.0)
(417.0,408.0)
(417.0,408.0)
(417.0,408.0)
(417.0,408.0)
(417.0,408.0)
(417.0,408.0)
(416.0,413.0)
(408.0,413.0)
(402.0,413.0)
(438.0,413.0)
(423.0,413.0)
(387.0,413.0)
(412.0,413.0)
(438.0,413.0)
(438.0,413.0)
(408.0,413.0)
(438.0,413.0)
(416.0,413.0)
(416.0,413.0)
(402.0,413.0)
(438.0,413.0)
(770.0,413.0)
(412.0,413.0)
(445.0,413.0)
(416.0,413.0)
(416.0,413.0)
(417.0,413.0)
(416.0,413.0)
(438.0,413.0)
(434.0,413.0)
(408.0,413.0)
(416.0,413.0)
(438.0,413.0)
(408.0,413.0)
(389.0,413.0)
(438.0,413.0)
(438.0,413.0)
(438.0,413.0)
(438.0,413.0)
(424.0,413.0)
(416.0,413.0)
(416.0,413.0)
(424.0,413.0)
(408.0,413.0)
(438.0,413.0)
(416.0,413.0)
(416.0,413.0)
(408.0,413.0)
(416.0,413.0)
(424.0,413.0)
(416.0,413.0)
(416.0,413.0)
(408.0,413.0)
(416.0,413.0)
(416.0,413.0)
(424.0,413.0)
(389.0,413.0)
(438.0,413.0)
(429.0,413.0)
(416.0,413.0)
(417.0,413.0)
(408.0,413.0)
(421.0,413.0)
(438.0,413.0)
(416.0,413.0)
(438.0,413.0)
(416.0,413.0)
(438.0,413.0)
(416.0,413.0)
(461.0,413.0)
(438.0,413.0)
(408.0,413.0)
(409.0,413.0)
(391.0,413.0)
(438.0,413.0)
(416.0,413.0)
(408.0,413.0)
(416.0,413.0)
(412.0,413.0)
(389.0,413.0)
(416.0,413.0)
(423.0,413.0)
(416.0,413.0)
(416.0,413.0)
(416.0,413.0)
(466.0,413.0)
(416.0,413.0)
(387.0,413.0)
(423.0,413.0)
(402.0,413.0)
(387.0,413.0)
(402.0,413.0)
(408.0,413.0)
(461.0,413.0)
(416.0,413.0)
(438.0,413.0)
(416.0,413.0)
(424.0,413.0)
(438.0,413.0)
(438.0,413.0)
(416.0,413.0)
(429.0,413.0)
(423.0,413.0)
(408.0,413.0)
(408.0,413.0)
(438.0,413.0)
(424.0,413.0)
(416.0,413.0)
(416.0,413.0)
(438.0,413.0)
(416.0,413.0)
(424.0,413.0)
(438.0,413.0)
(438.0,413.0)
(438.0,413.0)
(389.0,413.0)
(438.0,413.0)
(424.0,413.0)
(408.0,413.0)
(416.0,413.0)
(438.0,413.0)
(423.0,413.0)
(402.0,413.0)
(438.0,413.0)
(408.0,413.0)
(408.0,413.0)
(423.0,413.0)
(438.0,413.0)
(438.0,413.0)
(424.0,413.0)
(389.0,413.0)
(423.0,413.0)
(416.0,413.0)
(770.0,413.0)
(423.0,413.0)
(416.0,413.0)
(438.0,413.0)
(438.0,413.0)
(409.0,413.0)
(416.0,413.0)
(438.0,413.0)
(387.0,413.0)
(414.0,413.0)
(770.0,413.0)
(423.0,413.0)
(416.0,413.0)
(438.0,413.0)
(438.0,413.0)
(445.0,413.0)
(412.0,413.0)
(408.0,413.0)
(416.0,413.0)
(438.0,413.0)
(461.0,413.0)
(438.0,413.0)
(408.0,413.0)
(416.0,413.0)
(408.0,413.0)
(416.0,413.0)
(445.0,413.0)
(438.0,413.0)
(408.0,413.0)
(438.0,413.0)
(438.0,413.0)
(416.0,413.0)
(438.0,413.0)
(388.0,413.0)
(438.0,413.0)
(416.0,413.0)
(461.0,413.0)
(461.0,413.0)
(389.0,413.0)
(416.0,413.0)
(408.0,413.0)
(387.0,413.0)
(389.0,413.0)
(416.0,413.0)
(438.0,413.0)
(416.0,413.0)
(438.0,413.0)
(438.0,413.0)
(438.0,413.0)
(438.0,413.0)
(402.0,413.0)
(387.0,413.0)
(416.0,413.0)
(387.0,413.0)
(413.0,413.0)
(438.0,413.0)
(409.0,413.0)
(408.0,413.0)
(417.0,413.0)
(416.0,413.0)
(423.0,413.0)
(429.0,413.0)
(416.0,413.0)
(438.0,413.0)
(416.0,413.0)
(438.0,413.0)
(387.0,413.0)
(416.0,413.0)
(409.0,413.0)
(401.0,770.0)
(412.0,770.0)
(417.0,770.0)
(401.0,770.0)
(401.0,770.0)
(406.0,770.0)
(409.0,770.0)
(412.0,770.0)
(417.0,770.0)
(412.0,770.0)
(401.0,770.0)
(402.0,770.0)
(413.0,770.0)
(417.0,770.0)
(406.0,770.0)
(412.0,770.0)
(401.0,770.0)
(412.0,770.0)
(405.0,770.0)
(412.0,770.0)
(401.0,770.0)
(412.0,770.0)
(768.0,770.0)
(417.0,770.0)
(412.0,770.0)
(413.0,770.0)
(401.0,770.0)
(417.0,770.0)
(412.0,770.0)
(412.0,770.0)
(415.0,770.0)
(401.0,770.0)
(417.0,770.0)
(412.0,770.0)
(401.0,770.0)
(413.0,770.0)
(417.0,770.0)
(401.0,770.0)
(405.0,770.0)
(808.0,770.0)
(401.0,770.0)
(413.0,770.0)
(412.0,770.0)
(409.0,770.0)
(412.0,770.0)
(412.0,770.0)
(417.0,770.0)
(412.0,770.0)
(777.0,770.0)
(412.0,770.0)
(413.0,770.0)
(413.0,770.0)
(401.0,770.0)
(406.0,770.0)
(413.0,770.0)
(401.0,770.0)
(412.0,770.0)
(412.0,770.0)
(412.0,770.0)
(412.0,770.0)
(412.0,770.0)
(412.0,770.0)
(401.0,770.0)
(405.0,770.0)
(401.0,770.0)
(417.0,770.0)
(417.0,770.0)
(412.0,770.0)
(413.0,770.0)
(427.0,770.0)
(412.0,770.0)
(401.0,770.0)
(412.0,770.0)
(417.0,770.0)
(413.0,770.0)
(413.0,770.0)
(412.0,770.0)
(786.0,770.0)
(412.0,770.0)
(412.0,770.0)
(405.0,770.0)
(401.0,770.0)
(412.0,770.0)
(401.0,770.0)
(412.0,770.0)
(401.0,770.0)
(405.0,770.0)
(401.0,770.0)
(412.0,770.0)
(417.0,770.0)
(413.0,770.0)
(412.0,770.0)
(412.0,770.0)
(401.0,770.0)
(409.0,770.0)
(401.0,770.0)
(401.0,770.0)
(401.0,770.0)
(790.0,770.0)
(417.0,770.0)
(401.0,770.0)
(417.0,770.0)
(409.0,770.0)
(406.0,770.0)
(417.0,770.0)
(413.0,770.0)
(415.0,770.0)
(401.0,770.0)
(412.0,770.0)
(413.0,770.0)
(412.0,770.0)
(412.0,770.0)
(409.0,770.0)
(405.0,770.0)
(412.0,770.0)
(412.0,770.0)
(413.0,770.0)
(401.0,770.0)
(412.0,770.0)
(447.0,770.0)
(412.0,770.0)
(405.0,770.0)
(401.0,770.0)
(413.0,770.0)
(413.0,770.0)
(401.0,770.0)
(413.0,770.0)
(412.0,770.0)
(417.0,770.0)
(412.0,770.0)
(412.0,770.0)
(412.0,770.0)
(412.0,770.0)
(421.0,770.0)
(766.0,770.0)
(412.0,770.0)
(401.0,770.0)
(413.0,770.0)
(417.0,770.0)
(413.0,770.0)
(417.0,770.0)
(417.0,770.0)
(401.0,770.0)
(412.0,770.0)
(409.0,770.0)
(412.0,770.0)
(401.0,770.0)
(413.0,770.0)
(406.0,770.0)
(417.0,770.0)
(401.0,770.0)
(463.0,770.0)
(421.0,770.0)
(417.0,770.0)
(412.0,770.0)
(412.0,770.0)
(401.0,770.0)
(417.0,770.0)
(413.0,770.0)
(417.0,770.0)
(415.0,770.0)
(412.0,770.0)
(401.0,770.0)
(413.0,770.0)
(405.0,770.0)
(412.0,770.0)
(412.0,770.0)
(417.0,770.0)
(417.0,770.0)
(413.0,770.0)
(426.0,770.0)
(427.0,770.0)
(387.0,770.0)
(412.0,770.0)
(401.0,770.0)
(412.0,770.0)
(412.0,770.0)
(412.0,770.0)
(401.0,770.0)
(412.0,770.0)
(421.0,770.0)
(447.0,770.0)
(447.0,770.0)
(412.0,770.0)
(412.0,770.0)
(412.0,770.0)
(412.0,770.0)
(412.0,770.0)
(401.0,770.0)
(435.0,770.0)
(405.0,770.0)
(401.0,770.0)
(417.0,770.0)
(401.0,770.0)
(412.0,770.0)
(401.0,770.0)
(412.0,770.0)
(417.0,770.0)
(412.0,770.0)
(779.0,770.0)
(417.0,770.0)
(405.0,770.0)
(417.0,770.0)
(412.0,770.0)
(412.0,770.0)
(405.0,770.0)
(405.0,770.0)
(412.0,770.0)
(412.0,770.0)
(413.0,770.0)
(405.0,770.0)
(412.0,770.0)
(417.0,770.0)
(786.0,770.0)
(412.0,770.0)
(412.0,770.0)
(413.0,770.0)
(401.0,770.0)
(405.0,770.0)
(412.0,770.0)
(409.0,770.0)
(405.0,770.0)
(405.0,770.0)
(401.0,770.0)
(417.0,770.0)
(405.0,770.0)
(405.0,770.0)
(421.0,770.0)
(412.0,770.0)
(412.0,770.0)
(417.0,770.0)
(405.0,770.0)
(417.0,770.0)
(412.0,770.0)
(421.0,770.0)
(417.0,770.0)
(413.0,770.0)
(405.0,770.0)
(417.0,770.0)
(417.0,770.0)
(405.0,770.0)
(412.0,770.0)
(401.0,770.0)
(412.0,770.0)
(405.0,770.0)
(786.0,770.0)
(372.0,770.0)
(412.0,770.0)
(413.0,770.0)
(413.0,770.0)
(412.0,770.0)
(413.0,770.0)
(412.0,770.0)
(405.0,770.0)
(413.0,770.0)
(412.0,770.0)
(413.0,770.0)
(405.0,770.0)
(401.0,770.0)
(412.0,770.0)
(412.0,770.0)
(417.0,770.0)
(417.0,770.0)
(412.0,770.0)
(405.0,770.0)
(405.0,770.0)
(412.0,770.0)
(412.0,770.0)
(405.0,770.0)
(412.0,770.0)
(412.0,770.0)
(455.0,770.0)
(416.0,770.0)
(412.0,770.0)
(412.0,770.0)
(412.0,770.0)
(412.0,770.0)
(401.0,770.0)
(412.0,770.0)
(412.0,770.0)
(417.0,770.0)
(417.0,770.0)
(405.0,770.0)
(417.0,770.0)
(412.0,770.0)
(405.0,770.0)
(405.0,770.0)
(401.0,770.0)
(412.0,770.0)
(417.0,770.0)
(401.0,770.0)
(413.0,770.0)
(417.0,770.0)
(405.0,770.0)
(405.0,770.0)
(405.0,770.0)
(412.0,770.0)
(412.0,770.0)
(412.0,770.0)
(412.0,770.0)
(412.0,770.0)
(412.0,770.0)
(412.0,770.0)
(405.0,770.0)
(417.0,770.0)
(412.0,770.0)
(401.0,770.0)
(412.0,770.0)
(412.0,770.0)
(808.0,770.0)
(447.0,770.0)
(405.0,770.0)
(412.0,770.0)
(412.0,770.0)
(413.0,770.0)
(412.0,770.0)
(401.0,770.0)
(405.0,770.0)
(412.0,770.0)
(401.0,770.0)
(405.0,770.0)
(405.0,770.0)
(405.0,770.0)
(805.0,770.0)
(412.0,770.0)
(412.0,770.0)
(786.0,770.0)
(412.0,770.0)
(405.0,770.0)
(413.0,770.0)
(412.0,770.0)
(405.0,770.0)
(413.0,770.0)
(417.0,770.0)
(412.0,770.0)
(447.0,770.0)
(412.0,770.0)
(412.0,770.0)
(413.0,770.0)
(412.0,770.0)
(447.0,770.0)
(808.0,770.0)
(417.0,770.0)
(455.0,770.0)
(417.0,770.0)
(405.0,770.0)
(413.0,770.0)
(401.0,770.0)
(413.0,770.0)
(405.0,770.0)
(401.0,770.0)
(412.0,770.0)
(405.0,770.0)
(405.0,770.0)
(405.0,770.0)
(405.0,770.0)
(417.0,770.0)
(412.0,770.0)
(417.0,770.0)
(412.0,770.0)
(405.0,770.0)
(416.0,770.0)
(412.0,770.0)
(401.0,770.0)
(405.0,770.0)
(405.0,770.0)
(412.0,770.0)
(412.0,770.0)
(405.0,770.0)
(412.0,770.0)
(417.0,770.0)
(412.0,770.0)
(417.0,770.0)
(412.0,770.0)
(405.0,770.0)
(401.0,770.0)
(405.0,770.0)
(417.0,770.0)
(409.0,770.0)
(412.0,770.0)
(412.0,770.0)
(405.0,770.0)
(412.0,770.0)
(412.0,770.0)
(786.0,770.0)
(412.0,770.0)
(405.0,770.0)
(405.0,770.0)
(401.0,770.0)
(417.0,770.0)
(412.0,770.0)
(808.0,770.0)
(412.0,770.0)
(417.0,770.0)
(413.0,770.0)
(405.0,770.0)
(405.0,770.0)
(455.0,770.0)
(405.0,770.0)
(413.0,770.0)
(412.0,770.0)
(412.0,770.0)
(413.0,770.0)
(412.0,770.0)
(401.0,770.0)
(412.0,770.0)
(413.0,770.0)
(769.0,770.0)
(413.0,770.0)
(417.0,770.0)
(401.0,770.0)
(413.0,770.0)
(412.0,770.0)
(412.0,770.0)
(413.0,770.0)
(417.0,770.0)
(415.0,770.0)
(412.0,770.0)
(412.0,770.0)
(405.0,770.0)
(412.0,770.0)
(413.0,770.0)
(808.0,770.0)
(417.0,770.0)
(413.0,770.0)
(405.0,770.0)
(769.0,770.0)
(412.0,770.0)
(412.0,770.0)
(786.0,770.0)
(412.0,770.0)
(413.0,770.0)
(405.0,770.0)
(405.0,770.0)
(417.0,770.0)
(413.0,770.0)
(405.0,770.0)
(417.0,770.0)
(401.0,770.0)
(412.0,770.0)
(417.0,770.0)
(413.0,770.0)
(417.0,770.0)
(412.0,770.0)
(413.0,770.0)
(401.0,770.0)
(417.0,770.0)
(413.0,770.0)
(417.0,770.0)
(417.0,770.0)
(413.0,770.0)
(401.0,770.0)
(406.0,770.0)
(412.0,770.0)
(413.0,770.0)
(412.0,770.0)
(413.0,770.0)
(401.0,770.0)
(427.0,770.0)
(417.0,770.0)
(412.0,770.0)
(412.0,770.0)
(417.0,770.0)
(417.0,770.0)
(412.0,770.0)
(405.0,770.0)
(401.0,770.0)
(413.0,770.0)
(417.0,770.0)
(412.0,770.0)
(417.0,770.0)
(412.0,770.0)
(417.0,770.0)
(412.0,770.0)
(412.0,770.0)
(412.0,770.0)
(413.0,770.0)
(412.0,770.0)
(417.0,770.0)
(413.0,770.0)
(401.0,770.0)
(412.0,770.0)
(401.0,770.0)
(417.0,770.0)
(413.0,770.0)
(413.0,770.0)
(786.0,770.0)
(412.0,770.0)
(412.0,770.0)
(405.0,770.0)
(412.0,770.0)
(417.0,770.0)
(412.0,770.0)
(412.0,770.0)
(412.0,770.0)
(412.0,770.0)
(405.0,770.0)
(412.0,770.0)
(769.0,770.0)
(413.0,770.0)
(412.0,770.0)
(401.0,770.0)
(401.0,770.0)
(412.0,770.0)
(412.0,770.0)
(413.0,770.0)
(415.0,770.0)
(412.0,770.0)
(401.0,770.0)
(412.0,770.0)
(417.0,770.0)
(412.0,770.0)
(413.0,770.0)
(413.0,770.0)
(461.0,770.0)
(413.0,770.0)
(412.0,770.0)
(769.0,770.0)
(413.0,770.0)
(401.0,770.0)
(412.0,770.0)
(409.0,770.0)
(417.0,770.0)
(415.0,770.0)
(427.0,770.0)
(413.0,770.0)
(406.0,770.0)
(409.0,770.0)
(412.0,770.0)
(401.0,770.0)
(413.0,770.0)
(405.0,770.0)
(405.0,770.0)
(401.0,770.0)
(354.0,770.0)
(417.0,770.0)
(401.0,770.0)
(413.0,770.0)
(405.0,770.0)
(412.0,770.0)
(412.0,770.0)
(412.0,770.0)
(412.0,770.0)
(405.0,770.0)
(412.0,770.0)
(412.0,770.0)
(417.0,770.0)
(412.0,770.0)
(412.0,770.0)
(413.0,770.0)
(401.0,770.0)
(405.0,770.0)
(409.0,770.0)
(405.0,770.0)
(413.0,770.0)
(412.0,770.0)
(413.0,770.0)
(413.0,770.0)
(401.0,770.0)
(417.0,770.0)
(409.0,770.0)
(412.0,770.0)
(401.0,770.0)
(412.0,770.0)
(412.0,770.0)
(409.0,770.0)
(401.0,770.0)
(412.0,770.0)
(417.0,770.0)
(412.0,770.0)
(412.0,770.0)
(401.0,770.0)
(412.0,770.0)
(405.0,770.0)
(412.0,770.0)
(413.0,770.0)
(412.0,770.0)
(412.0,770.0)
(413.0,770.0)
(413.0,770.0)
(412.0,770.0)
(405.0,770.0)
(417.0,770.0)
(413.0,770.0)
(412.0,770.0)
(417.0,770.0)
(417.0,770.0)
(415.0,770.0)
(769.0,770.0)
(405.0,770.0)
(769.0,770.0)
(412.0,770.0)
(412.0,770.0)
(401.0,767.0)
(767.0,767.0)
(413.0,767.0)
(417.0,767.0)
(404.0,767.0)
(455.0,767.0)
(404.0,767.0)
(404.0,767.0)
(404.0,767.0)
(382.0,767.0)
(767.0,767.0)
(404.0,767.0)
(447.0,767.0)
(404.0,767.0)
(417.0,767.0)
(417.0,767.0)
(767.0,767.0)
(386.0,767.0)
(404.0,767.0)
(417.0,767.0)
(404.0,767.0)
(417.0,767.0)
(447.0,767.0)
(417.0,767.0)
(404.0,767.0)
(404.0,767.0)
(404.0,767.0)
(404.0,767.0)
(404.0,767.0)
(404.0,767.0)
(404.0,767.0)
(431.0,767.0)
(404.0,767.0)
(404.0,767.0)
(373.0,767.0)
(417.0,767.0)
(404.0,767.0)
(401.0,767.0)
(404.0,767.0)
(404.0,767.0)
(417.0,767.0)
(417.0,767.0)
(404.0,767.0)
(417.0,767.0)
(404.0,767.0)
(413.0,767.0)
(404.0,767.0)
(404.0,767.0)
(417.0,767.0)
(404.0,767.0)
(404.0,767.0)
(401.0,767.0)
(417.0,767.0)
(404.0,767.0)
(421.0,767.0)
(404.0,767.0)
(417.0,767.0)
(404.0,767.0)
(417.0,767.0)
(404.0,767.0)
(404.0,767.0)
(417.0,767.0)
(404.0,767.0)
(404.0,767.0)
(417.0,767.0)
(404.0,767.0)
(455.0,767.0)
(417.0,767.0)
(471.0,767.0)
(340.0,767.0)
(412.0,767.0)
(406.0,767.0)
(404.0,767.0)
(417.0,767.0)
(404.0,767.0)
(404.0,767.0)
(403.0,767.0)
(404.0,767.0)
(417.0,767.0)
(406.0,767.0)
(404.0,767.0)
(417.0,767.0)
(404.0,767.0)
(404.0,767.0)
(430.0,767.0)
(404.0,767.0)
(404.0,767.0)
(404.0,767.0)
(404.0,767.0)
(404.0,767.0)
(786.0,767.0)
(417.0,767.0)
(42.0,767.0)
(784.0,767.0)
(431.0,767.0)
(407.0,767.0)
(417.0,767.0)
(404.0,767.0)
(417.0,767.0)
(386.0,767.0)
(417.0,767.0)
(377.0,767.0)
(404.0,767.0)
(404.0,767.0)
(404.0,767.0)
(404.0,767.0)
(427.0,767.0)
(434.0,767.0)
(372.0,767.0)
(417.0,767.0)
(435.0,767.0)
(767.0,767.0)
(404.0,767.0)
(404.0,767.0)
(404.0,767.0)
(404.0,767.0)
(404.0,767.0)
(404.0,767.0)
(413.0,767.0)
(404.0,767.0)
(404.0,767.0)
(401.0,767.0)
(404.0,767.0)
(417.0,767.0)
(404.0,767.0)
(417.0,767.0)
(417.0,767.0)
(404.0,767.0)
(455.0,767.0)
(417.0,767.0)
(404.0,767.0)
(475.0,767.0)
(409.0,767.0)
(404.0,767.0)
(447.0,767.0)
(404.0,767.0)
(404.0,767.0)
(767.0,767.0)
(404.0,767.0)
(404.0,767.0)
(804.0,767.0)
(404.0,767.0)
(404.0,767.0)
(404.0,767.0)
(387.0,767.0)
(767.0,767.0)
(404.0,767.0)
(404.0,767.0)
(404.0,767.0)
(404.0,767.0)
(404.0,767.0)
(417.0,767.0)
(767.0,767.0)
(404.0,767.0)
(417.0,767.0)
(767.0,767.0)
(404.0,767.0)
(404.0,767.0)
(404.0,767.0)
(404.0,767.0)
(417.0,767.0)
(786.0,767.0)
(404.0,767.0)
(417.0,767.0)
(404.0,767.0)
(417.0,767.0)
(404.0,767.0)
(404.0,767.0)
(386.0,767.0)
(404.0,767.0)
(417.0,767.0)
(447.0,767.0)
(404.0,767.0)
(404.0,767.0)
(417.0,767.0)
(404.0,767.0)
(404.0,767.0)
(404.0,767.0)
(767.0,767.0)
(767.0,767.0)
(417.0,767.0)
(404.0,767.0)
(369.0,767.0)
(417.0,767.0)
(417.0,767.0)
(404.0,767.0)
(404.0,767.0)
(404.0,767.0)
(404.0,767.0)
(417.0,767.0)
(406.0,767.0)
(402.0,402.0)
(402.0,402.0)
(402.0,402.0)
(402.0,402.0)
(402.0,402.0)
(402.0,402.0)
(402.0,402.0)
(389.0,402.0)
(402.0,402.0)
(402.0,402.0)
(466.0,402.0)
(438.0,402.0)
(402.0,402.0)
(402.0,402.0)
(402.0,402.0)
(402.0,402.0)
(402.0,402.0)
(402.0,402.0)
(402.0,402.0)
(464.0,402.0)
(402.0,402.0)
(402.0,402.0)
(402.0,402.0)
(402.0,402.0)
(402.0,402.0)
(402.0,402.0)
(402.0,402.0)
(423.0,402.0)
(402.0,402.0)
(402.0,402.0)
(402.0,402.0)
(402.0,402.0)
(424.0,402.0)
(402.0,402.0)
(402.0,402.0)
(402.0,402.0)
(402.0,402.0)
(402.0,402.0)
(402.0,402.0)
(402.0,402.0)
(402.0,402.0)
(402.0,402.0)
(412.0,402.0)
(402.0,402.0)
(402.0,402.0)
(402.0,402.0)
(402.0,402.0)
(402.0,402.0)
(402.0,402.0)
(402.0,402.0)
(417.0,402.0)
(399.0,402.0)
(402.0,402.0)
(402.0,402.0)
(402.0,402.0)
(402.0,402.0)
(402.0,402.0)
(402.0,402.0)
(402.0,402.0)
(402.0,402.0)
(461.0,402.0)
(402.0,402.0)
(402.0,402.0)
(402.0,402.0)
(399.0,402.0)
(350.0,402.0)
(402.0,402.0)
(402.0,402.0)
(387.0,402.0)
(402.0,402.0)
(402.0,402.0)
(402.0,402.0)
(402.0,402.0)
(402.0,402.0)
(402.0,402.0)
(424.0,402.0)
(464.0,402.0)
(402.0,402.0)
(402.0,402.0)
(402.0,402.0)
(402.0,402.0)
(402.0,402.0)
(402.0,402.0)
(402.0,402.0)
(402.0,402.0)
(402.0,402.0)
(402.0,402.0)
(402.0,402.0)
(402.0,402.0)
(402.0,402.0)
(402.0,402.0)
(402.0,402.0)
(402.0,402.0)
(402.0,402.0)
(402.0,402.0)
(402.0,402.0)
(402.0,402.0)
(402.0,402.0)
(402.0,402.0)
(402.0,402.0)
(402.0,402.0)
(402.0,402.0)
(402.0,402.0)
(402.0,402.0)
(434.0,402.0)
(414.0,402.0)
(424.0,402.0)
(388.0,402.0)
(402.0,402.0)
(402.0,402.0)
(424.0,402.0)
(399.0,402.0)
(402.0,402.0)
(402.0,402.0)
(402.0,402.0)
(402.0,402.0)
(402.0,402.0)
(402.0,402.0)
(402.0,402.0)
(402.0,402.0)
(402.0,402.0)
(402.0,402.0)
(402.0,402.0)
(402.0,402.0)
(402.0,402.0)
(464.0,402.0)
(402.0,402.0)
(402.0,402.0)
(423.0,402.0)
(402.0,402.0)
(402.0,402.0)
(434.0,402.0)
(402.0,402.0)
(423.0,402.0)
(402.0,402.0)
(402.0,402.0)
(402.0,402.0)
(402.0,402.0)
(402.0,402.0)
(402.0,402.0)
(402.0,402.0)
(402.0,402.0)
(402.0,402.0)
(424.0,402.0)
(402.0,402.0)
(402.0,402.0)
(771.0,402.0)
(402.0,402.0)
(423.0,402.0)
(424.0,402.0)
(402.0,402.0)
(402.0,402.0)
(402.0,402.0)
(402.0,402.0)
(402.0,402.0)
(402.0,402.0)
(402.0,402.0)
(402.0,402.0)
(423.0,402.0)
(402.0,402.0)
(402.0,402.0)
(402.0,402.0)
(402.0,402.0)
(424.0,402.0)
(402.0,402.0)
(402.0,402.0)
(402.0,402.0)
(402.0,402.0)
(402.0,402.0)
(402.0,402.0)
(402.0,402.0)
(402.0,402.0)
(402.0,402.0)
(402.0,402.0)
(402.0,402.0)
(434.0,402.0)
(402.0,402.0)
(402.0,402.0)
(402.0,402.0)
(402.0,402.0)
(402.0,402.0)
(402.0,402.0)
(402.0,402.0)
(402.0,402.0)
(402.0,402.0)
(387.0,402.0)
(402.0,402.0)
(402.0,402.0)
(402.0,402.0)
(402.0,402.0)
(461.0,402.0)
(402.0,402.0)
(402.0,402.0)
(417.0,402.0)
(402.0,402.0)
(402.0,402.0)
(402.0,402.0)
(430.0,402.0)
(402.0,402.0)
(402.0,402.0)
(416.0,402.0)
(402.0,402.0)
(402.0,402.0)
(402.0,402.0)
(402.0,402.0)
(402.0,402.0)
(402.0,402.0)
(402.0,402.0)
(771.0,402.0)
(402.0,402.0)
(402.0,402.0)
(402.0,402.0)
(402.0,402.0)
(402.0,402.0)
(402.0,402.0)
(417.0,402.0)
(402.0,402.0)
(402.0,402.0)
(402.0,402.0)
(402.0,402.0)
(402.0,402.0)
(402.0,402.0)
(402.0,402.0)
(402.0,402.0)
(402.0,402.0)
(402.0,402.0)
(402.0,402.0)
(402.0,402.0)
(402.0,402.0)
(402.0,402.0)
(402.0,402.0)
(402.0,402.0)
(424.0,402.0)
(409.0,402.0)
(402.0,402.0)
(402.0,402.0)
(402.0,402.0)
(402.0,402.0)
(402.0,402.0)
(402.0,402.0)
(402.0,402.0)
(424.0,402.0)
(402.0,402.0)
(402.0,402.0)
(402.0,402.0)
(402.0,402.0)
(402.0,402.0)
(402.0,402.0)
(402.0,402.0)
(461.0,402.0)
(402.0,402.0)
(402.0,402.0)
(402.0,402.0)
(402.0,402.0)
(402.0,402.0)
(402.0,402.0)
(402.0,402.0)
(412.0,402.0)
(424.0,402.0)
(402.0,402.0)
(402.0,402.0)
(402.0,402.0)
(402.0,402.0)
(402.0,402.0)
(402.0,402.0)
(771.0,402.0)
(402.0,402.0)
(402.0,402.0)
(402.0,402.0)
(402.0,402.0)
(402.0,402.0)
(402.0,402.0)
(402.0,402.0)
(402.0,402.0)
(402.0,402.0)
(438.0,402.0)
(434.0,402.0)
(402.0,402.0)
(402.0,402.0)
(417.0,402.0)
(402.0,402.0)
(402.0,402.0)
(402.0,402.0)
(402.0,402.0)
(402.0,402.0)
(402.0,402.0)
(402.0,402.0)
(402.0,402.0)
(460.0,402.0)
(402.0,402.0)
(414.0,402.0)
(402.0,402.0)
(402.0,402.0)
(417.0,402.0)
(402.0,402.0)
(402.0,402.0)
(402.0,402.0)
(402.0,402.0)
(402.0,402.0)
(402.0,402.0)
(402.0,402.0)
(402.0,402.0)
(402.0,402.0)
(402.0,402.0)
(402.0,402.0)
(402.0,402.0)
(402.0,402.0)
(402.0,402.0)
(402.0,402.0)
(402.0,402.0)
(402.0,402.0)
(448.0,402.0)
(402.0,402.0)
(402.0,402.0)
(402.0,402.0)
(402.0,402.0)
(402.0,402.0)
(402.0,402.0)
(402.0,402.0)
(402.0,402.0)
(423.0,402.0)
(402.0,402.0)
(402.0,402.0)
(402.0,402.0)
(461.0,402.0)
(771.0,402.0)
(402.0,402.0)
(402.0,402.0)
(402.0,402.0)
(402.0,402.0)
(402.0,402.0)
(461.0,402.0)
(402.0,402.0)
(402.0,402.0)
(402.0,402.0)
(402.0,402.0)
(402.0,402.0)
(402.0,402.0)
(402.0,402.0)
(402.0,402.0)
(402.0,402.0)
(402.0,402.0)
(402.0,402.0)
(402.0,402.0)
(387.0,402.0)
(402.0,402.0)
(771.0,402.0)
(402.0,402.0)
(402.0,402.0)
(402.0,402.0)
(402.0,402.0)
(402.0,402.0)
(402.0,402.0)
(402.0,402.0)
(402.0,402.0)
(402.0,402.0)
(402.0,402.0)
(402.0,402.0)
(402.0,402.0)
(402.0,402.0)
(402.0,402.0)
(389.0,402.0)
(402.0,402.0)
(402.0,402.0)
(424.0,402.0)
(424.0,402.0)
(402.0,402.0)
(402.0,402.0)
(402.0,402.0)
(402.0,402.0)
(402.0,402.0)
(402.0,402.0)
(402.0,402.0)
(402.0,402.0)
(402.0,402.0)
(402.0,402.0)
(771.0,402.0)
(402.0,402.0)
(402.0,402.0)
(402.0,402.0)
(402.0,402.0)
(402.0,402.0)
(402.0,402.0)
(417.0,402.0)
(402.0,402.0)
(402.0,402.0)
(402.0,402.0)
(402.0,402.0)
(423.0,402.0)
(424.0,402.0)
(402.0,402.0)
(423.0,402.0)
(402.0,402.0)
(402.0,402.0)
(402.0,402.0)
(402.0,402.0)
(402.0,402.0)
(402.0,402.0)
(402.0,402.0)
(402.0,402.0)
(402.0,402.0)
(461.0,402.0)
(402.0,402.0)
(402.0,402.0)
(402.0,402.0)
(430.0,402.0)
(402.0,402.0)
(461.0,402.0)
(403.0,402.0)
(402.0,402.0)
(402.0,402.0)
(402.0,402.0)
(402.0,402.0)
(402.0,402.0)
(461.0,402.0)
(402.0,402.0)
(402.0,402.0)
(402.0,402.0)
(402.0,402.0)
(402.0,402.0)
(402.0,402.0)
(402.0,402.0)
(416.0,402.0)
(402.0,402.0)
(402.0,402.0)
(402.0,402.0)
(402.0,402.0)
(402.0,402.0)
(402.0,402.0)
(402.0,402.0)
(402.0,402.0)
(402.0,402.0)
(402.0,402.0)
(461.0,402.0)
(402.0,402.0)
(402.0,402.0)
(387.0,402.0)
(402.0,402.0)
(461.0,402.0)
(402.0,402.0)
(402.0,402.0)
(402.0,402.0)
(402.0,402.0)
(402.0,402.0)
(402.0,402.0)
(402.0,402.0)
(402.0,402.0)
(402.0,402.0)
(461.0,402.0)
(434.0,402.0)
(402.0,402.0)
(402.0,402.0)
(402.0,402.0)
(402.0,402.0)
(402.0,402.0)
(402.0,402.0)
(402.0,402.0)
(402.0,402.0)
(402.0,402.0)
(402.0,402.0)
(402.0,402.0)
(402.0,402.0)
(402.0,402.0)
(402.0,402.0)
(402.0,402.0)
(422.0,402.0)
(402.0,402.0)
(402.0,402.0)
(402.0,402.0)
(402.0,402.0)
(402.0,402.0)
(402.0,402.0)
(402.0,402.0)
(402.0,402.0)
(461.0,402.0)
(402.0,402.0)
(402.0,402.0)
(402.0,402.0)
(446.0,402.0)
(423.0,402.0)
(402.0,402.0)
(417.0,402.0)
(402.0,402.0)
(402.0,402.0)
(402.0,402.0)
(402.0,402.0)
(461.0,402.0)
(402.0,402.0)
(430.0,402.0)
(424.0,402.0)
(402.0,402.0)
(402.0,402.0)
(402.0,402.0)
(402.0,402.0)
(402.0,402.0)
(402.0,402.0)
(402.0,402.0)
(402.0,402.0)
(461.0,402.0)
(402.0,402.0)
(402.0,402.0)
(402.0,402.0)
(402.0,402.0)
(402.0,402.0)
(402.0,402.0)
(402.0,402.0)
(402.0,402.0)
(402.0,402.0)
(402.0,402.0)
(402.0,402.0)
(402.0,402.0)
(424.0,402.0)
(402.0,402.0)
(416.0,402.0)
(402.0,402.0)
(423.0,402.0)
(402.0,402.0)
(402.0,402.0)
(402.0,402.0)
(417.0,402.0)
(402.0,402.0)
(402.0,402.0)
(402.0,402.0)
(460.0,402.0)
(402.0,402.0)
(461.0,402.0)
(402.0,402.0)
(402.0,402.0)
(402.0,402.0)
(402.0,402.0)
(402.0,402.0)
(402.0,402.0)
(461.0,402.0)
(402.0,402.0)
(402.0,402.0)
(461.0,402.0)
(402.0,402.0)
(402.0,402.0)
(402.0,402.0)
(461.0,402.0)
(402.0,402.0)
(402.0,402.0)
(402.0,402.0)
(402.0,402.0)
(402.0,402.0)
(402.0,402.0)
(402.0,402.0)
(402.0,402.0)
(402.0,402.0)
(402.0,402.0)
(402.0,402.0)
(402.0,402.0)
(402.0,402.0)
(402.0,402.0)
(402.0,402.0)
(402.0,402.0)
(402.0,402.0)
(402.0,402.0)
(402.0,402.0)
(464.0,402.0)
(402.0,402.0)
(402.0,402.0)
(771.0,402.0)
(402.0,402.0)
(402.0,402.0)
(402.0,402.0)
(416.0,402.0)
(402.0,402.0)
(423.0,402.0)
(402.0,402.0)
(402.0,402.0)
(771.0,402.0)
(402.0,402.0)
(402.0,402.0)
(402.0,402.0)
(402.0,402.0)
(423.0,402.0)
(402.0,402.0)
(466.0,402.0)
(402.0,402.0)
(402.0,402.0)
(399.0,402.0)
(402.0,402.0)
(402.0,402.0)
(402.0,402.0)
(423.0,402.0)
(389.0,402.0)
(402.0,402.0)
(402.0,402.0)
(402.0,402.0)
(402.0,402.0)
(402.0,402.0)
(402.0,402.0)
(402.0,402.0)
(402.0,402.0)
(402.0,402.0)
(446.0,402.0)
(402.0,402.0)
(402.0,402.0)
(402.0,402.0)
(402.0,402.0)
(402.0,402.0)
(402.0,402.0)
(402.0,402.0)
(464.0,402.0)
(402.0,402.0)
(402.0,402.0)
(416.0,402.0)
(399.0,402.0)
(402.0,402.0)
(416.0,402.0)
(402.0,402.0)
(402.0,402.0)
(402.0,402.0)
(402.0,402.0)
(434.0,402.0)
(386.0,402.0)
(402.0,402.0)
(423.0,402.0)
(402.0,402.0)
(423.0,402.0)
(448.0,402.0)
(402.0,402.0)
(402.0,402.0)
(402.0,402.0)
(402.0,402.0)
(402.0,402.0)
(402.0,402.0)
(399.0,402.0)
(391.0,402.0)
(402.0,402.0)
(391.0,402.0)
(410.0,402.0)
(402.0,402.0)
(402.0,402.0)
(402.0,402.0)
(460.0,402.0)
(402.0,402.0)
(402.0,402.0)
(402.0,402.0)
(402.0,402.0)
(402.0,402.0)
(402.0,402.0)
(402.0,402.0)
(402.0,402.0)
(402.0,402.0)
(402.0,402.0)
(402.0,402.0)
(402.0,402.0)
(421.0,402.0)
(402.0,402.0)
(402.0,402.0)
(402.0,402.0)
(430.0,402.0)
(402.0,402.0)
(424.0,402.0)
(461.0,402.0)
(402.0,402.0)
(402.0,402.0)
(424.0,402.0)
(409.0,402.0)
(402.0,402.0)
(391.0,402.0)
(402.0,402.0)
(402.0,402.0)
(399.0,402.0)
(402.0,402.0)
(402.0,402.0)
(424.0,402.0)
(416.0,402.0)
(402.0,402.0)
(402.0,402.0)
(402.0,402.0)
(424.0,402.0)
(402.0,402.0)
(402.0,402.0)
(386.0,402.0)
(421.0,402.0)
(387.0,402.0)
(402.0,402.0)
(402.0,402.0)
(399.0,402.0)
(402.0,402.0)
(389.0,402.0)
(402.0,402.0)
(402.0,402.0)
(446.0,402.0)
(402.0,402.0)
(402.0,402.0)
(402.0,402.0)
(386.0,402.0)
(410.0,402.0)
(402.0,402.0)
(402.0,402.0)
(402.0,402.0)
(402.0,402.0)
(399.0,402.0)
(402.0,402.0)
(402.0,402.0)
(461.0,402.0)
(402.0,402.0)
(402.0,402.0)
(402.0,402.0)
(461.0,402.0)
(402.0,402.0)
(402.0,402.0)
(402.0,402.0)
(387.0,402.0)
(402.0,402.0)
(402.0,402.0)
(771.0,402.0)
(402.0,402.0)
(402.0,402.0)
(402.0,402.0)
(416.0,402.0)
(402.0,402.0)
(402.0,402.0)
(461.0,402.0)
(402.0,402.0)
(402.0,402.0)
(402.0,402.0)
(402.0,402.0)
(402.0,402.0)
(402.0,402.0)
(402.0,402.0)
(402.0,402.0)
(402.0,402.0)
(402.0,402.0)
(402.0,402.0)
(402.0,402.0)
(402.0,402.0)
(402.0,402.0)
(402.0,402.0)
(402.0,402.0)
(416.0,402.0)
(771.0,402.0)
(402.0,402.0)
(402.0,402.0)
(402.0,402.0)
(424.0,402.0)
(402.0,402.0)
(402.0,402.0)
(402.0,402.0)
(402.0,402.0)
(423.0,402.0)
(402.0,402.0)
(424.0,402.0)
(402.0,402.0)
(402.0,402.0)
(402.0,402.0)
(402.0,402.0)
(402.0,402.0)
(402.0,402.0)
(402.0,402.0)
(402.0,402.0)
(402.0,402.0)
(402.0,402.0)
(402.0,402.0)
(402.0,402.0)
(402.0,402.0)
(402.0,402.0)
(402.0,402.0)
(402.0,402.0)
(402.0,402.0)
(402.0,402.0)
(402.0,402.0)
(402.0,402.0)
(402.0,402.0)
(461.0,402.0)
(402.0,402.0)
(461.0,402.0)
(402.0,402.0)
(402.0,402.0)
(402.0,402.0)
(386.0,402.0)
(402.0,402.0)
(402.0,402.0)
(461.0,402.0)
(423.0,402.0)
(402.0,402.0)
(402.0,402.0)
(424.0,402.0)
(402.0,402.0)
(402.0,402.0)
(402.0,402.0)
(402.0,402.0)
(402.0,402.0)
(402.0,402.0)
(402.0,402.0)
(402.0,402.0)
(402.0,402.0)
(402.0,402.0)
(402.0,402.0)
(402.0,402.0)
(410.0,402.0)
(402.0,402.0)
(402.0,402.0)
(402.0,402.0)
(402.0,402.0)
(402.0,402.0)
(402.0,402.0)
(402.0,402.0)
(461.0,402.0)
(402.0,402.0)
(402.0,402.0)
(402.0,402.0)
(402.0,402.0)
(402.0,402.0)
(402.0,402.0)
(402.0,402.0)
(402.0,402.0)
(402.0,402.0)
(402.0,402.0)
(402.0,402.0)
(402.0,402.0)
(402.0,402.0)
(461.0,402.0)
(402.0,402.0)
(402.0,402.0)
(402.0,402.0)
(402.0,402.0)
(402.0,402.0)
(402.0,402.0)
(402.0,402.0)
(402.0,402.0)
(402.0,402.0)
(402.0,402.0)
(402.0,402.0)
(402.0,402.0)
(402.0,402.0)
(402.0,402.0)
(402.0,402.0)
(402.0,402.0)
(402.0,402.0)
(423.0,402.0)
(402.0,402.0)
(402.0,402.0)
(402.0,402.0)
(402.0,402.0)
(409.0,402.0)
(402.0,402.0)
(402.0,402.0)
(402.0,402.0)
(402.0,402.0)
(402.0,402.0)
(402.0,402.0)
(402.0,402.0)
(461.0,402.0)
(402.0,402.0)
(402.0,402.0)
(402.0,402.0)
(402.0,402.0)
(409.0,402.0)
(423.0,402.0)
(402.0,402.0)
(402.0,402.0)
(749.0,402.0)
(402.0,402.0)
(461.0,402.0)
(402.0,402.0)
(402.0,402.0)
(402.0,402.0)
(402.0,402.0)
(402.0,402.0)
(402.0,402.0)
(402.0,402.0)
(461.0,402.0)
(402.0,402.0)
(402.0,402.0)
(466.0,402.0)
(402.0,402.0)
(402.0,402.0)
(423.0,402.0)
(402.0,402.0)
(402.0,402.0)
(461.0,402.0)
(402.0,402.0)
(387.0,402.0)
(402.0,402.0)
(402.0,402.0)
(461.0,402.0)
(402.0,402.0)
(402.0,402.0)
(402.0,402.0)
(402.0,402.0)
(424.0,402.0)
(402.0,402.0)
(402.0,402.0)
(402.0,402.0)
(402.0,402.0)
(410.0,402.0)
(402.0,402.0)
(402.0,402.0)
(402.0,402.0)
(402.0,402.0)
(402.0,402.0)
(464.0,402.0)
(402.0,402.0)
(461.0,402.0)
(399.0,402.0)
(434.0,402.0)
(402.0,402.0)
(402.0,402.0)
(402.0,402.0)
(402.0,402.0)
(402.0,402.0)
(424.0,402.0)
(417.0,402.0)
(402.0,402.0)
(402.0,402.0)
(402.0,402.0)
(402.0,402.0)
(402.0,402.0)
(402.0,402.0)
(402.0,402.0)
(402.0,402.0)
(423.0,402.0)
(402.0,402.0)
(402.0,402.0)
(402.0,402.0)
(402.0,402.0)
(402.0,402.0)
(402.0,402.0)
(402.0,402.0)
(402.0,402.0)
(402.0,402.0)
(461.0,402.0)
(402.0,402.0)
(402.0,402.0)
(402.0,402.0)
(421.0,402.0)
(402.0,402.0)
(402.0,402.0)
(402.0,402.0)
(402.0,402.0)
(402.0,402.0)
(402.0,402.0)
(402.0,402.0)
(402.0,402.0)
(402.0,402.0)
(402.0,402.0)
(402.0,402.0)
(402.0,402.0)
(402.0,402.0)
(402.0,402.0)
(402.0,402.0)
(446.0,402.0)
(402.0,402.0)
(402.0,402.0)
(423.0,402.0)
(402.0,402.0)
(402.0,402.0)
(402.0,402.0)
(402.0,402.0)
(402.0,402.0)
(402.0,402.0)
(402.0,402.0)
(402.0,402.0)
(402.0,402.0)
(402.0,402.0)
(402.0,402.0)
(402.0,402.0)
(402.0,402.0)
(461.0,402.0)
(402.0,402.0)
(402.0,402.0)
(460.0,402.0)
(402.0,402.0)
(402.0,402.0)
(402.0,402.0)
(402.0,402.0)
(402.0,402.0)
(402.0,402.0)
(402.0,402.0)
(402.0,402.0)
(402.0,402.0)
(402.0,402.0)
(402.0,402.0)
(421.0,402.0)
(402.0,402.0)
(402.0,402.0)
(530.0,402.0)
(402.0,402.0)
(403.0,402.0)
(402.0,402.0)
(402.0,402.0)
(402.0,402.0)
(402.0,402.0)
(402.0,402.0)
(402.0,402.0)
(402.0,402.0)
(402.0,402.0)
(402.0,402.0)
(402.0,402.0)
(424.0,402.0)
(402.0,402.0)
(402.0,402.0)
(402.0,402.0)
(402.0,402.0)
(402.0,402.0)
(402.0,402.0)
(402.0,402.0)
(461.0,402.0)
(402.0,402.0)
(402.0,402.0)
(402.0,402.0)
(409.0,402.0)
(402.0,402.0)
(402.0,402.0)
(402.0,402.0)
(402.0,402.0)
(402.0,402.0)
(402.0,402.0)
(402.0,402.0)
(424.0,402.0)
(402.0,402.0)
(402.0,402.0)
(422.0,402.0)
(402.0,402.0)
(402.0,402.0)
(402.0,402.0)
(402.0,402.0)
(402.0,402.0)
(402.0,402.0)
(402.0,402.0)
(402.0,402.0)
(402.0,402.0)
(402.0,402.0)
(402.0,402.0)
(402.0,402.0)
(402.0,402.0)
(461.0,402.0)
(402.0,402.0)
(402.0,402.0)
(402.0,402.0)
(417.0,402.0)
(402.0,402.0)
(402.0,402.0)
(389.0,402.0)
(402.0,402.0)
(410.0,402.0)
(423.0,402.0)
(402.0,402.0)
(402.0,402.0)
(402.0,402.0)
(402.0,402.0)
(424.0,402.0)
(402.0,402.0)
(402.0,402.0)
(402.0,402.0)
(402.0,402.0)
(402.0,402.0)
(402.0,402.0)
(402.0,402.0)
(402.0,402.0)
(402.0,402.0)
(402.0,402.0)
(402.0,402.0)
(402.0,402.0)
(402.0,402.0)
(402.0,402.0)
(402.0,402.0)
(402.0,402.0)
(402.0,402.0)
(402.0,402.0)
(402.0,402.0)
(402.0,402.0)
(402.0,402.0)
(402.0,402.0)
(402.0,402.0)
(402.0,402.0)
(402.0,402.0)
(402.0,402.0)
(402.0,402.0)
(461.0,402.0)
(402.0,402.0)
(402.0,402.0)
(402.0,402.0)
(402.0,402.0)
(417.0,402.0)
(424.0,402.0)
(461.0,402.0)
(402.0,402.0)
(402.0,402.0)
(402.0,402.0)
(402.0,402.0)
(402.0,402.0)
(402.0,402.0)
(387.0,402.0)
(402.0,402.0)
(416.0,402.0)
(402.0,402.0)
(461.0,402.0)
(402.0,402.0)
(402.0,402.0)
(402.0,402.0)
(402.0,402.0)
(402.0,402.0)
(461.0,402.0)
(429.0,402.0)
(402.0,402.0)
(402.0,402.0)
(402.0,402.0)
(402.0,402.0)
(424.0,402.0)
(402.0,402.0)
(417.0,402.0)
(417.0,402.0)
(417.0,402.0)
(417.0,402.0)
(417.0,402.0)
(417.0,402.0)
(417.0,402.0)
(417.0,402.0)
(417.0,402.0)
(417.0,402.0)
(417.0,402.0)
(417.0,402.0)
(417.0,402.0)
(417.0,402.0)
(417.0,402.0)
(417.0,402.0)
(417.0,402.0)
(417.0,402.0)
(417.0,402.0)
(417.0,402.0)
(417.0,402.0)
(417.0,402.0)
(417.0,402.0)
(417.0,402.0)
(417.0,402.0)
(417.0,402.0)
(417.0,402.0)
(417.0,402.0)
(417.0,402.0)
(417.0,402.0)
(417.0,402.0)
(417.0,402.0)
(417.0,402.0)
(417.0,402.0)
(417.0,402.0)
(417.0,402.0)
(417.0,402.0)
(417.0,402.0)
(417.0,402.0)
(417.0,402.0)
(417.0,402.0)
(417.0,402.0)
(417.0,402.0)
(417.0,402.0)
(417.0,402.0)
(417.0,402.0)
(417.0,402.0)
(417.0,402.0)
(417.0,402.0)
(417.0,402.0)
(417.0,402.0)
(417.0,402.0)
(417.0,402.0)
(417.0,402.0)
(417.0,402.0)
(417.0,402.0)
(417.0,402.0)
(417.0,402.0)
(417.0,402.0)
(417.0,402.0)
(417.0,402.0)
(417.0,402.0)
(417.0,402.0)
(417.0,402.0)
(417.0,402.0)
(417.0,402.0)
(417.0,402.0)
(417.0,402.0)
(417.0,402.0)
(417.0,402.0)
(417.0,402.0)
(417.0,402.0)
(417.0,402.0)
(417.0,402.0)
(417.0,402.0)
(417.0,402.0)
(417.0,402.0)
(417.0,402.0)
(417.0,402.0)
(417.0,402.0)
(417.0,402.0)
(417.0,402.0)
(417.0,402.0)
(417.0,402.0)
(417.0,402.0)
(417.0,402.0)
(417.0,402.0)
(417.0,402.0)
(417.0,402.0)
(417.0,402.0)
(417.0,402.0)
(417.0,402.0)
(417.0,402.0)
(417.0,402.0)
(417.0,402.0)
(417.0,402.0)
(417.0,402.0)
(417.0,402.0)
(417.0,402.0)
(417.0,402.0)
(417.0,402.0)
(417.0,402.0)
(417.0,402.0)
(417.0,402.0)
(417.0,402.0)
(417.0,402.0)
(417.0,402.0)
(417.0,402.0)
(417.0,402.0)
(417.0,402.0)
(417.0,402.0)
(417.0,402.0)
(417.0,402.0)
(417.0,402.0)
(417.0,402.0)
(417.0,402.0)
(417.0,402.0)
(417.0,402.0)
(417.0,402.0)
(417.0,402.0)
(417.0,402.0)
(417.0,402.0)
(417.0,402.0)
(417.0,402.0)
(417.0,402.0)
(417.0,402.0)
(417.0,402.0)
(417.0,402.0)
(417.0,402.0)
(417.0,402.0)
(417.0,402.0)
(417.0,402.0)
(417.0,402.0)
(417.0,402.0)
(417.0,402.0)
(417.0,402.0)
(417.0,402.0)
(417.0,402.0)
(417.0,402.0)
(417.0,402.0)
(417.0,402.0)
(417.0,402.0)
(417.0,402.0)
(417.0,402.0)
(417.0,402.0)
(417.0,402.0)
(417.0,402.0)
(417.0,402.0)
(417.0,402.0)
(417.0,402.0)
(417.0,402.0)
(417.0,402.0)
(417.0,402.0)
(417.0,402.0)
(417.0,402.0)
(417.0,402.0)
(417.0,402.0)
(417.0,402.0)
(417.0,402.0)
(417.0,402.0)
(417.0,402.0)
(417.0,402.0)
(417.0,402.0)
(417.0,402.0)
(417.0,402.0)
(417.0,402.0)
(417.0,402.0)
(417.0,402.0)
(417.0,402.0)
(417.0,402.0)
(417.0,402.0)
(417.0,402.0)
(417.0,402.0)
(417.0,402.0)
(417.0,402.0)
(417.0,402.0)
(417.0,402.0)
(417.0,402.0)
(417.0,402.0)
(417.0,402.0)
(417.0,402.0)
(417.0,402.0)
(417.0,402.0)
(417.0,402.0)
(417.0,402.0)
(417.0,402.0)
(417.0,402.0)
(417.0,402.0)
(417.0,402.0)
(417.0,402.0)
(417.0,402.0)
(417.0,402.0)
(417.0,402.0)
(417.0,402.0)
(417.0,402.0)
(417.0,402.0)
(417.0,402.0)
(417.0,402.0)
(417.0,402.0)
(417.0,402.0)
(402.0,402.0)
(402.0,402.0)
(461.0,402.0)
(402.0,402.0)
(402.0,402.0)
(402.0,402.0)
(461.0,402.0)
(402.0,402.0)
(402.0,402.0)
(423.0,402.0)
(402.0,402.0)
(402.0,402.0)
(402.0,402.0)
(402.0,402.0)
(402.0,402.0)
(402.0,402.0)
(386.0,402.0)
(402.0,402.0)
(402.0,402.0)
(423.0,402.0)
(402.0,402.0)
(402.0,402.0)
(402.0,402.0)
(402.0,402.0)
(402.0,402.0)
(402.0,402.0)
(461.0,402.0)
(402.0,402.0)
(402.0,402.0)
(402.0,402.0)
(402.0,402.0)
(402.0,402.0)
(402.0,402.0)
(402.0,402.0)
(461.0,402.0)
(402.0,402.0)
(402.0,402.0)
(402.0,402.0)
(402.0,402.0)
(402.0,402.0)
(402.0,402.0)
(402.0,402.0)
(402.0,402.0)
(402.0,402.0)
(402.0,402.0)
(402.0,402.0)
(423.0,402.0)
(402.0,402.0)
(402.0,402.0)
(424.0,402.0)
(402.0,402.0)
(402.0,402.0)
(402.0,402.0)
(402.0,402.0)
(402.0,402.0)
(402.0,402.0)
(402.0,402.0)
(402.0,402.0)
(402.0,402.0)
(387.0,402.0)
(402.0,402.0)
(461.0,402.0)
(402.0,402.0)
(402.0,402.0)
(402.0,402.0)
(402.0,402.0)
(402.0,402.0)
(402.0,402.0)
(402.0,402.0)
(402.0,402.0)
(461.0,402.0)
(402.0,402.0)
(402.0,402.0)
(402.0,402.0)
(402.0,402.0)
(402.0,402.0)
(423.0,402.0)
(402.0,402.0)
(461.0,402.0)
(763.0,402.0)
(424.0,402.0)
(423.0,402.0)
(402.0,402.0)
(402.0,402.0)
(402.0,402.0)
(402.0,402.0)
(402.0,402.0)
(389.0,402.0)
(402.0,402.0)
(435.0,402.0)
(402.0,402.0)
(423.0,402.0)
(402.0,402.0)
(402.0,402.0)
(423.0,402.0)
(402.0,402.0)
(402.0,402.0)
(402.0,402.0)
(402.0,402.0)
(402.0,402.0)
(423.0,402.0)
(402.0,402.0)
(424.0,402.0)
(402.0,402.0)
(402.0,402.0)
(402.0,402.0)
(402.0,402.0)
(402.0,402.0)
(402.0,402.0)
(461.0,402.0)
(402.0,402.0)
(402.0,402.0)
(402.0,402.0)
(402.0,402.0)
(424.0,402.0)
(402.0,402.0)
(387.0,402.0)
(402.0,402.0)
(402.0,402.0)
(402.0,402.0)
(402.0,402.0)
(402.0,402.0)
(402.0,402.0)
(402.0,402.0)
(402.0,402.0)
(402.0,402.0)
(423.0,402.0)
(402.0,402.0)
(402.0,402.0)
(402.0,402.0)
(402.0,402.0)
(402.0,402.0)
(402.0,402.0)
(402.0,402.0)
(402.0,402.0)
(402.0,402.0)
(402.0,402.0)
(416.0,402.0)
(402.0,402.0)
(402.0,402.0)
(423.0,402.0)
(402.0,402.0)
(402.0,402.0)
(402.0,402.0)
(402.0,402.0)
(402.0,402.0)
(402.0,402.0)
(402.0,402.0)
(423.0,402.0)
(430.0,402.0)
(402.0,402.0)
(402.0,402.0)
(402.0,402.0)
(402.0,402.0)
(402.0,402.0)
(461.0,402.0)
(402.0,402.0)
(402.0,402.0)
(386.0,402.0)
(402.0,402.0)
(402.0,402.0)
(402.0,402.0)
(402.0,402.0)
(402.0,402.0)
(402.0,402.0)
(771.0,402.0)
(402.0,402.0)
(402.0,402.0)
(402.0,402.0)
(461.0,402.0)
(402.0,402.0)
(402.0,402.0)
(402.0,402.0)
(402.0,402.0)
(402.0,402.0)
(402.0,402.0)
(402.0,402.0)
(402.0,402.0)
(402.0,402.0)
(402.0,402.0)
(402.0,402.0)
(402.0,402.0)
(417.0,402.0)
(402.0,402.0)
(402.0,402.0)
(438.0,402.0)
(402.0,402.0)
(402.0,402.0)
(402.0,402.0)
(402.0,402.0)
(402.0,402.0)
(402.0,402.0)
(402.0,402.0)
(402.0,402.0)
(402.0,402.0)
(402.0,402.0)
(402.0,402.0)
(402.0,402.0)
(402.0,402.0)
(402.0,402.0)
(402.0,402.0)
(402.0,402.0)
(402.0,402.0)
(402.0,402.0)
(402.0,402.0)
(402.0,402.0)
(402.0,402.0)
(402.0,402.0)
(402.0,402.0)
(402.0,402.0)
(391.0,402.0)
(402.0,402.0)
(402.0,402.0)
(402.0,402.0)
(402.0,402.0)
(402.0,402.0)
(402.0,402.0)
(402.0,402.0)
(402.0,402.0)
(402.0,402.0)
(402.0,402.0)
(402.0,402.0)
(402.0,402.0)
(402.0,402.0)
(414.0,402.0)
(423.0,402.0)
(402.0,402.0)
(402.0,402.0)
(417.0,402.0)
(402.0,402.0)
(402.0,402.0)
(388.0,402.0)
(423.0,402.0)
(402.0,402.0)
(402.0,402.0)
(402.0,402.0)
(402.0,402.0)
(402.0,402.0)
(402.0,402.0)
(402.0,402.0)
(402.0,402.0)
(402.0,402.0)
(402.0,402.0)
(402.0,402.0)
(402.0,402.0)
(402.0,402.0)
(461.0,402.0)
(402.0,402.0)
(402.0,402.0)
(402.0,402.0)
(402.0,402.0)
(402.0,402.0)
(459.0,402.0)
(402.0,402.0)
(402.0,402.0)
(423.0,402.0)
(402.0,402.0)
(402.0,402.0)
(402.0,402.0)
(414.0,402.0)
(402.0,402.0)
(402.0,402.0)
(402.0,402.0)
(417.0,402.0)
(424.0,402.0)
(771.0,402.0)
(402.0,402.0)
(402.0,402.0)
(461.0,402.0)
(402.0,402.0)
(398.0,402.0)
(402.0,402.0)
(402.0,402.0)
(402.0,402.0)
(402.0,402.0)
(402.0,402.0)
(402.0,402.0)
(461.0,402.0)
(402.0,402.0)
(402.0,402.0)
(402.0,402.0)
(402.0,402.0)
(402.0,402.0)
(402.0,402.0)
(402.0,402.0)
(389.0,402.0)
(402.0,402.0)
(402.0,402.0)
(402.0,402.0)
(402.0,402.0)
(402.0,402.0)
(424.0,402.0)
(402.0,402.0)
(412.0,402.0)
(461.0,402.0)
(423.0,402.0)
(402.0,402.0)
(402.0,402.0)
(402.0,402.0)
(464.0,402.0)
(402.0,402.0)
(402.0,402.0)
(402.0,402.0)
(402.0,402.0)
(402.0,402.0)
(402.0,402.0)
(402.0,402.0)
(402.0,402.0)
(402.0,402.0)
(402.0,402.0)
(402.0,402.0)
(402.0,402.0)
(402.0,402.0)
(423.0,402.0)
(402.0,402.0)
(402.0,402.0)
(402.0,402.0)
(402.0,402.0)
(402.0,402.0)
(402.0,402.0)
(402.0,402.0)
(402.0,402.0)
(461.0,402.0)
(402.0,402.0)
(402.0,402.0)
(402.0,402.0)
(402.0,402.0)
(461.0,402.0)
(402.0,402.0)
(402.0,402.0)
(402.0,402.0)
(388.0,402.0)
(402.0,402.0)
(402.0,402.0)
(402.0,402.0)
(402.0,402.0)
(402.0,402.0)
(402.0,402.0)
(402.0,402.0)
(402.0,402.0)
(402.0,402.0)
(402.0,402.0)
(423.0,402.0)
(423.0,402.0)
(388.0,402.0)
(402.0,402.0)
(402.0,402.0)
(402.0,402.0)
(402.0,402.0)
(402.0,402.0)
(424.0,402.0)
(402.0,402.0)
(402.0,402.0)
(402.0,402.0)
(402.0,402.0)
(414.0,402.0)
(402.0,402.0)
(402.0,402.0)
(402.0,402.0)
(402.0,402.0)
(402.0,402.0)
(409.0,402.0)
(402.0,402.0)
(402.0,402.0)
(414.0,402.0)
(402.0,402.0)
(402.0,402.0)
(461.0,402.0)
(402.0,402.0)
(423.0,402.0)
(402.0,402.0)
(402.0,402.0)
(402.0,402.0)
(402.0,402.0)
(402.0,402.0)
(402.0,402.0)
(417.0,402.0)
(402.0,402.0)
(402.0,402.0)
(402.0,402.0)
(387.0,402.0)
(402.0,402.0)
(402.0,402.0)
(461.0,402.0)
(402.0,402.0)
(402.0,402.0)
(402.0,402.0)
(402.0,402.0)
(402.0,402.0)
(402.0,402.0)
(402.0,402.0)
(402.0,402.0)
(402.0,402.0)
(402.0,402.0)
(417.0,402.0)
(424.0,402.0)
(402.0,402.0)
(402.0,402.0)
(399.0,402.0)
(402.0,402.0)
(402.0,402.0)
(402.0,402.0)
(402.0,402.0)
(402.0,402.0)
(423.0,402.0)
(424.0,402.0)
(402.0,402.0)
(412.0,402.0)
(438.0,402.0)
(402.0,402.0)
(402.0,402.0)
(461.0,402.0)
(402.0,402.0)
(402.0,402.0)
(402.0,402.0)
(417.0,402.0)
(402.0,402.0)
(402.0,402.0)
(402.0,402.0)
(402.0,402.0)
(402.0,402.0)
(402.0,402.0)
(402.0,402.0)
(402.0,402.0)
(402.0,402.0)
(414.0,402.0)
(402.0,402.0)
(402.0,402.0)
(423.0,402.0)
(402.0,402.0)
(424.0,402.0)
(402.0,402.0)
(402.0,402.0)
(402.0,402.0)
(402.0,402.0)
(387.0,402.0)
(402.0,402.0)
(402.0,402.0)
(402.0,402.0)
(402.0,402.0)
(402.0,402.0)
(402.0,402.0)
(446.0,402.0)
(402.0,402.0)
(402.0,402.0)
(402.0,402.0)
(402.0,402.0)
(402.0,402.0)
(402.0,402.0)
(423.0,402.0)
(402.0,402.0)
(402.0,402.0)
(402.0,402.0)
(389.0,402.0)
(402.0,402.0)
(402.0,402.0)
(402.0,402.0)
(402.0,402.0)
(402.0,402.0)
(424.0,402.0)
(402.0,402.0)
(402.0,402.0)
(461.0,402.0)
(771.0,402.0)
(402.0,402.0)
(402.0,402.0)
(402.0,402.0)
(402.0,402.0)
(423.0,402.0)
(402.0,402.0)
(402.0,402.0)
(461.0,402.0)
(402.0,402.0)
(402.0,402.0)
(402.0,402.0)
(402.0,402.0)
(402.0,402.0)
(402.0,402.0)
(402.0,402.0)
(402.0,402.0)
(402.0,402.0)
(402.0,402.0)
(402.0,402.0)
(402.0,402.0)
(423.0,402.0)
(402.0,402.0)
(402.0,402.0)
(402.0,402.0)
(423.0,402.0)
(402.0,402.0)
(402.0,402.0)
(402.0,402.0)
(402.0,402.0)
(430.0,402.0)
(771.0,402.0)
(423.0,402.0)
(402.0,402.0)
(402.0,402.0)
(388.0,402.0)
(423.0,402.0)
(402.0,402.0)
(402.0,402.0)
(402.0,402.0)
(402.0,402.0)
(402.0,402.0)
(387.0,402.0)
(434.0,402.0)
(438.0,402.0)
(402.0,402.0)
(402.0,402.0)
(402.0,402.0)
(423.0,402.0)
(402.0,402.0)
(391.0,402.0)
(424.0,402.0)
(402.0,402.0)
(402.0,402.0)
(423.0,402.0)
(424.0,402.0)
(402.0,402.0)
(402.0,402.0)
(423.0,402.0)
(402.0,402.0)
(402.0,402.0)
(402.0,402.0)
(402.0,402.0)
(402.0,402.0)
(402.0,402.0)
(402.0,402.0)
(423.0,402.0)
(402.0,402.0)
(402.0,402.0)
(402.0,402.0)
(402.0,402.0)
(423.0,402.0)
(402.0,402.0)
(402.0,402.0)
(402.0,402.0)
(423.0,402.0)
(402.0,402.0)
(461.0,402.0)
(423.0,402.0)
(402.0,402.0)
(402.0,402.0)
(402.0,402.0)
(384.0,402.0)
(438.0,402.0)
(402.0,402.0)
(402.0,402.0)
(402.0,402.0)
(409.0,402.0)
(402.0,402.0)
(771.0,402.0)
(402.0,402.0)
(423.0,402.0)
(402.0,402.0)
(423.0,402.0)
(402.0,402.0)
(402.0,402.0)
(388.0,402.0)
(402.0,402.0)
(402.0,402.0)
(402.0,402.0)
(402.0,402.0)
(402.0,402.0)
(402.0,402.0)
(402.0,402.0)
(402.0,402.0)
(402.0,402.0)
(402.0,402.0)
(402.0,402.0)
(402.0,402.0)
(387.0,402.0)
(423.0,402.0)
(402.0,402.0)
(402.0,402.0)
(423.0,402.0)
(402.0,402.0)
(402.0,402.0)
(402.0,402.0)
(402.0,402.0)
(402.0,402.0)
(410.0,402.0)
(402.0,402.0)
(402.0,402.0)
(402.0,402.0)
(402.0,402.0)
(402.0,402.0)
(402.0,402.0)
(402.0,402.0)
(402.0,402.0)
(402.0,402.0)
(771.0,402.0)
(402.0,402.0)
(402.0,402.0)
(402.0,402.0)
(402.0,402.0)
(402.0,402.0)
(402.0,402.0)
(402.0,402.0)
(402.0,402.0)
(402.0,402.0)
(429.0,402.0)
(402.0,402.0)
(402.0,402.0)
(402.0,402.0)
(461.0,402.0)
(402.0,402.0)
(402.0,402.0)
(417.0,402.0)
(402.0,402.0)
(384.0,402.0)
(402.0,402.0)
(402.0,402.0)
(402.0,402.0)
(387.0,402.0)
(402.0,402.0)
(402.0,402.0)
(402.0,402.0)
(402.0,402.0)
(402.0,402.0)
(402.0,402.0)
(402.0,402.0)
(402.0,402.0)
(402.0,402.0)
(402.0,402.0)
(402.0,402.0)
(423.0,402.0)
(402.0,402.0)
(402.0,402.0)
(409.0,402.0)
(402.0,402.0)
(402.0,402.0)
(402.0,402.0)
(417.0,402.0)
(402.0,402.0)
(402.0,402.0)
(402.0,402.0)
(402.0,402.0)
(402.0,402.0)
(445.0,402.0)
(402.0,402.0)
(402.0,402.0)
(402.0,402.0)
(402.0,402.0)
(402.0,402.0)
(402.0,402.0)
(402.0,402.0)
(389.0,402.0)
(451.0,402.0)
(402.0,402.0)
(399.0,402.0)
(386.0,402.0)
(402.0,402.0)
(402.0,402.0)
(402.0,402.0)
(424.0,402.0)
(402.0,402.0)
(402.0,402.0)
(402.0,402.0)
(402.0,402.0)
(402.0,402.0)
(402.0,402.0)
(402.0,402.0)
(402.0,402.0)
(402.0,402.0)
(402.0,402.0)
(402.0,402.0)
(402.0,402.0)
(402.0,402.0)
(424.0,402.0)
(402.0,402.0)
(414.0,402.0)
(402.0,402.0)
(402.0,402.0)
(402.0,402.0)
(402.0,402.0)
(402.0,402.0)
(402.0,402.0)
(461.0,402.0)
(402.0,402.0)
(424.0,402.0)
(424.0,402.0)
(451.0,402.0)
(402.0,402.0)
(461.0,402.0)
(446.0,402.0)
(423.0,402.0)
(402.0,402.0)
(402.0,402.0)
(402.0,402.0)
(402.0,402.0)
(402.0,402.0)
(402.0,402.0)
(438.0,402.0)
(423.0,402.0)
(460.0,402.0)
(402.0,402.0)
(402.0,402.0)
(402.0,402.0)
(402.0,402.0)
(417.0,402.0)
(402.0,402.0)
(402.0,402.0)
(402.0,402.0)
(402.0,402.0)
(530.0,402.0)
(402.0,402.0)
(402.0,402.0)
(429.0,402.0)
(434.0,402.0)
(402.0,402.0)
(402.0,402.0)
(427.0,402.0)
(402.0,402.0)
(438.0,402.0)
(402.0,402.0)
(402.0,402.0)
(402.0,402.0)
(402.0,402.0)
(402.0,402.0)
(402.0,402.0)
(402.0,402.0)
(402.0,402.0)
(402.0,402.0)
(424.0,402.0)
(402.0,402.0)
(402.0,402.0)
(402.0,402.0)
(424.0,402.0)
(402.0,402.0)
(402.0,402.0)
(402.0,402.0)
(402.0,402.0)
(423.0,402.0)
(402.0,402.0)
(402.0,402.0)
(402.0,402.0)
(446.0,402.0)
(402.0,402.0)
(402.0,402.0)
(464.0,402.0)
(402.0,402.0)
(402.0,402.0)
(386.0,402.0)
(402.0,402.0)
(402.0,402.0)
(402.0,402.0)
(402.0,402.0)
(479.0,402.0)
(402.0,402.0)
(402.0,402.0)
(402.0,402.0)
(402.0,402.0)
(402.0,402.0)
(402.0,402.0)
(402.0,402.0)
(402.0,402.0)
(402.0,402.0)
(402.0,402.0)
(402.0,402.0)
(402.0,402.0)
(402.0,402.0)
(402.0,402.0)
(402.0,402.0)
(402.0,402.0)
(402.0,402.0)
(402.0,402.0)
(402.0,402.0)
(402.0,402.0)
(402.0,402.0)
(402.0,402.0)
(402.0,402.0)
(402.0,402.0)
(402.0,402.0)
(771.0,402.0)
(402.0,402.0)
(402.0,402.0)
(402.0,402.0)
(402.0,402.0)
(402.0,402.0)
(402.0,402.0)
(402.0,402.0)
(402.0,402.0)
(402.0,402.0)
(402.0,402.0)
(402.0,402.0)
(402.0,402.0)
(402.0,402.0)
(402.0,402.0)
(429.0,402.0)
(424.0,402.0)
(402.0,402.0)
(402.0,402.0)
(402.0,402.0)
(402.0,402.0)
(402.0,402.0)
(461.0,402.0)
(402.0,402.0)
(402.0,402.0)
(402.0,402.0)
(438.0,402.0)
(402.0,402.0)
(402.0,402.0)
(402.0,402.0)
(424.0,402.0)
(402.0,402.0)
(402.0,402.0)
(402.0,402.0)
(402.0,402.0)
(402.0,402.0)
(402.0,402.0)
(424.0,402.0)
(402.0,402.0)
(402.0,402.0)
(402.0,402.0)
(402.0,402.0)
(402.0,402.0)
(429.0,402.0)
(402.0,402.0)
(402.0,402.0)
(402.0,402.0)
(402.0,402.0)
(402.0,402.0)
(402.0,402.0)
(448.0,402.0)
(402.0,402.0)
(402.0,402.0)
(402.0,402.0)
(402.0,402.0)
(424.0,402.0)
(402.0,402.0)
(402.0,402.0)
(402.0,402.0)
(429.0,402.0)
(402.0,402.0)
(402.0,402.0)
(402.0,402.0)
(402.0,402.0)
(402.0,402.0)
(402.0,402.0)
(402.0,402.0)
(402.0,402.0)
(402.0,402.0)
(402.0,402.0)
(402.0,402.0)
(402.0,402.0)
(402.0,402.0)
(402.0,402.0)
(435.0,402.0)
(416.0,402.0)
(402.0,402.0)
(402.0,402.0)
(402.0,402.0)
(423.0,402.0)
(423.0,402.0)
(402.0,402.0)
(402.0,402.0)
(402.0,402.0)
(402.0,402.0)
(402.0,402.0)
(438.0,402.0)
(424.0,402.0)
(402.0,402.0)
(402.0,402.0)
(402.0,402.0)
(423.0,402.0)
(402.0,402.0)
(402.0,402.0)
(448.0,402.0)
(424.0,402.0)
(402.0,402.0)
(402.0,402.0)
(416.0,402.0)
(402.0,402.0)
(461.0,402.0)
(402.0,402.0)
(423.0,402.0)
(461.0,402.0)
(402.0,402.0)
(413.0,402.0)
(402.0,402.0)
(402.0,402.0)
(424.0,402.0)
(402.0,402.0)
(402.0,402.0)
(402.0,402.0)
(389.0,402.0)
(402.0,402.0)
(402.0,402.0)
(402.0,402.0)
(771.0,402.0)
(423.0,402.0)
(434.0,402.0)
(423.0,402.0)
(402.0,402.0)
(402.0,402.0)
(402.0,402.0)
(461.0,402.0)
(402.0,402.0)
(402.0,402.0)
(402.0,402.0)
(402.0,402.0)
(402.0,402.0)
(461.0,402.0)
(423.0,402.0)
(424.0,402.0)
(402.0,402.0)
(402.0,402.0)
(402.0,402.0)
(402.0,402.0)
(402.0,402.0)
(402.0,402.0)
(402.0,402.0)
(409.0,402.0)
(402.0,402.0)
(402.0,402.0)
(402.0,402.0)
(402.0,402.0)
(429.0,402.0)
(402.0,402.0)
(402.0,402.0)
(402.0,402.0)
(402.0,402.0)
(402.0,402.0)
(402.0,402.0)
(387.0,402.0)
(402.0,402.0)
(402.0,402.0)
(402.0,402.0)
(402.0,402.0)
(402.0,402.0)
(402.0,402.0)
(402.0,402.0)
(402.0,402.0)
(402.0,402.0)
(423.0,402.0)
(461.0,402.0)
(423.0,402.0)
(402.0,402.0)
(402.0,402.0)
(423.0,402.0)
(448.0,402.0)
(402.0,402.0)
(402.0,402.0)
(402.0,402.0)
(402.0,402.0)
(402.0,402.0)
(402.0,402.0)
(402.0,402.0)
(402.0,402.0)
(402.0,402.0)
(402.0,402.0)
(402.0,402.0)
(402.0,402.0)
(402.0,402.0)
(402.0,402.0)
(424.0,402.0)
(438.0,402.0)
(438.0,402.0)
(402.0,402.0)
(402.0,402.0)
(402.0,402.0)
(402.0,402.0)
(402.0,402.0)
(424.0,402.0)
(402.0,402.0)
(402.0,402.0)
(402.0,402.0)
(402.0,402.0)
(402.0,402.0)
(402.0,402.0)
(402.0,402.0)
(402.0,402.0)
(402.0,402.0)
(402.0,402.0)
(402.0,402.0)
(402.0,402.0)
(402.0,402.0)
(402.0,402.0)
(402.0,402.0)
(402.0,402.0)
(402.0,402.0)
(402.0,402.0)
(417.0,402.0)
(402.0,402.0)
(402.0,402.0)
(402.0,402.0)
(402.0,402.0)
(402.0,402.0)
(402.0,402.0)
(402.0,402.0)
(424.0,402.0)
(402.0,402.0)
(402.0,402.0)
(402.0,402.0)
(461.0,402.0)
(402.0,402.0)
(402.0,402.0)
(464.0,402.0)
(402.0,402.0)
(402.0,402.0)
(402.0,402.0)
(402.0,402.0)
(402.0,402.0)
(402.0,402.0)
(461.0,402.0)
(402.0,402.0)
(402.0,402.0)
(402.0,402.0)
(402.0,402.0)
(402.0,402.0)
(402.0,402.0)
(414.0,402.0)
(402.0,402.0)
(424.0,402.0)
(389.0,402.0)
(464.0,402.0)
(402.0,402.0)
(402.0,402.0)
(402.0,402.0)
(402.0,402.0)
(771.0,402.0)
(423.0,402.0)
(402.0,402.0)
(387.0,402.0)
(402.0,402.0)
(402.0,402.0)
(402.0,402.0)
(402.0,402.0)
(402.0,402.0)
(402.0,402.0)
(402.0,402.0)
(402.0,402.0)
(402.0,402.0)
(402.0,402.0)
(402.0,402.0)
(402.0,402.0)
(402.0,402.0)
(402.0,402.0)
(402.0,402.0)
(402.0,402.0)
(402.0,402.0)
(402.0,402.0)
(402.0,402.0)
(402.0,402.0)
(402.0,402.0)
(402.0,402.0)
(402.0,402.0)
(402.0,402.0)
(402.0,402.0)
(423.0,402.0)
(402.0,402.0)
(402.0,402.0)
(389.0,402.0)
(402.0,402.0)
(461.0,402.0)
(402.0,402.0)
(402.0,402.0)
(402.0,402.0)
(402.0,402.0)
(402.0,402.0)
(402.0,402.0)
(402.0,402.0)
(402.0,402.0)
(402.0,402.0)
(402.0,402.0)
(402.0,402.0)
(402.0,402.0)
(402.0,402.0)
(423.0,402.0)
(424.0,402.0)
(402.0,402.0)
(429.0,402.0)
(423.0,402.0)
(402.0,402.0)
(402.0,402.0)
(402.0,402.0)
(402.0,402.0)
(409.0,402.0)
(402.0,402.0)
(402.0,402.0)
(402.0,402.0)
(402.0,402.0)
(402.0,402.0)
(464.0,402.0)
(402.0,402.0)
(402.0,402.0)
(402.0,402.0)
(402.0,402.0)
(402.0,402.0)
(402.0,402.0)
(402.0,402.0)
(423.0,402.0)
(402.0,402.0)
(402.0,402.0)
(402.0,402.0)
(402.0,402.0)
(402.0,402.0)
(423.0,402.0)
(402.0,402.0)
(402.0,402.0)
(402.0,402.0)
(402.0,402.0)
(402.0,402.0)
(402.0,402.0)
(402.0,402.0)
(402.0,402.0)
(402.0,402.0)
(402.0,402.0)
(461.0,402.0)
(402.0,402.0)
(402.0,402.0)
(402.0,402.0)
(402.0,402.0)
(402.0,402.0)
(402.0,402.0)
(402.0,402.0)
(402.0,402.0)
(402.0,402.0)
(402.0,402.0)
(423.0,402.0)
(402.0,402.0)
(402.0,402.0)
(402.0,402.0)
(402.0,402.0)
(402.0,402.0)
(402.0,402.0)
(402.0,402.0)
(402.0,402.0)
(402.0,402.0)
(424.0,402.0)
(402.0,402.0)
(402.0,402.0)
(438.0,402.0)
(402.0,402.0)
(387.0,402.0)
(402.0,402.0)
(402.0,402.0)
(402.0,402.0)
(423.0,402.0)
(402.0,402.0)
(402.0,402.0)
(402.0,402.0)
(402.0,402.0)
(417.0,402.0)
(402.0,402.0)
(402.0,402.0)
(402.0,402.0)
(402.0,402.0)
(402.0,402.0)
(402.0,402.0)
(402.0,402.0)
(402.0,402.0)
(402.0,402.0)
(402.0,402.0)
(402.0,402.0)
(402.0,402.0)
(402.0,402.0)
(402.0,402.0)
(402.0,402.0)
(402.0,402.0)
(402.0,402.0)
(402.0,402.0)
(402.0,402.0)
(402.0,402.0)
(402.0,402.0)
(402.0,402.0)
(402.0,402.0)
(402.0,402.0)
(402.0,402.0)
(402.0,402.0)
(424.0,402.0)
(402.0,402.0)
(402.0,402.0)
(402.0,402.0)
(402.0,402.0)
(402.0,402.0)
(402.0,402.0)
(402.0,402.0)
(402.0,402.0)
(402.0,402.0)
(402.0,402.0)
(402.0,402.0)
(402.0,402.0)
(402.0,402.0)
(402.0,402.0)
(417.0,402.0)
(402.0,402.0)
(438.0,402.0)
(402.0,402.0)
(464.0,402.0)
(434.0,402.0)
(402.0,402.0)
(402.0,402.0)
(402.0,402.0)
(402.0,402.0)
(402.0,402.0)
(402.0,402.0)
(402.0,402.0)
(389.0,402.0)
(423.0,402.0)
(402.0,402.0)
(402.0,402.0)
(402.0,402.0)
(402.0,402.0)
(402.0,402.0)
(402.0,402.0)
(402.0,402.0)
(402.0,402.0)
(424.0,402.0)
(402.0,402.0)
(387.0,402.0)
(402.0,402.0)
(402.0,402.0)
(402.0,402.0)
(402.0,402.0)
(402.0,402.0)
(402.0,402.0)
(402.0,402.0)
(402.0,402.0)
(402.0,402.0)
(402.0,402.0)
(438.0,402.0)
(421.0,402.0)
(402.0,402.0)
(402.0,402.0)
(402.0,402.0)
(402.0,402.0)
(402.0,402.0)
(402.0,402.0)
(402.0,402.0)
(402.0,402.0)
(402.0,402.0)
(402.0,402.0)
(765.0,402.0)
(402.0,402.0)
(402.0,402.0)
(402.0,402.0)
(417.0,402.0)
(402.0,402.0)
(402.0,402.0)
(402.0,402.0)
(402.0,402.0)
(402.0,402.0)
(402.0,402.0)
(402.0,402.0)
(402.0,402.0)
(402.0,402.0)
