(675.0,725.0)
(725.0,725.0)
(725.0,725.0)
(725.0,725.0)
(725.0,725.0)
(725.0,725.0)
(725.0,725.0)
(219.0,725.0)
(725.0,725.0)
(536.0,725.0)
(725.0,725.0)
(675.0,725.0)
(536.0,725.0)
(725.0,725.0)
(725.0,725.0)
(675.0,725.0)
(675.0,725.0)
(725.0,725.0)
(725.0,725.0)
(725.0,725.0)
(725.0,725.0)
(536.0,725.0)
(725.0,725.0)
(673.0,725.0)
(725.0,725.0)
(219.0,725.0)
(727.0,725.0)
(536.0,725.0)
(725.0,725.0)
(725.0,725.0)
(675.0,725.0)
(725.0,725.0)
(675.0,725.0)
(727.0,725.0)
(536.0,725.0)
(536.0,725.0)
(725.0,725.0)
(725.0,725.0)
(725.0,725.0)
(725.0,725.0)
(725.0,725.0)
(725.0,725.0)
(725.0,725.0)
(612.0,725.0)
(675.0,725.0)
(725.0,725.0)
(725.0,725.0)
(536.0,725.0)
(727.0,725.0)
(725.0,725.0)
(675.0,725.0)
(725.0,725.0)
(725.0,725.0)
(725.0,725.0)
(727.0,725.0)
(725.0,725.0)
(725.0,725.0)
(725.0,725.0)
(725.0,725.0)
(725.0,725.0)
(675.0,725.0)
(725.0,725.0)
(725.0,725.0)
(725.0,725.0)
(675.0,725.0)
(725.0,725.0)
(727.0,725.0)
(536.0,725.0)
(219.0,725.0)
(725.0,725.0)
(675.0,725.0)
(536.0,725.0)
(675.0,725.0)
(675.0,725.0)
(725.0,725.0)
(536.0,725.0)
(725.0,725.0)
(612.0,725.0)
(675.0,725.0)
(675.0,725.0)
(725.0,725.0)
(675.0,725.0)
(675.0,725.0)
(725.0,725.0)
(725.0,725.0)
(727.0,725.0)
(727.0,725.0)
(536.0,725.0)
(725.0,725.0)
(684.0,725.0)
(665.0,725.0)
(211.0,725.0)
(665.0,725.0)
(287.0,725.0)
(287.0,725.0)
(684.0,725.0)
(287.0,725.0)
(725.0,725.0)
(211.0,725.0)
(660.0,725.0)
(684.0,725.0)
(684.0,725.0)
(684.0,725.0)
(725.0,725.0)
(612.0,725.0)
(665.0,725.0)
(725.0,725.0)
(725.0,725.0)
(684.0,725.0)
(612.0,725.0)
(665.0,725.0)
(725.0,725.0)
(287.0,725.0)
(725.0,725.0)
(725.0,725.0)
(335.0,725.0)
(725.0,725.0)
(725.0,725.0)
(684.0,725.0)
(417.0,725.0)
(684.0,725.0)
(612.0,725.0)
(684.0,725.0)
(287.0,725.0)
(211.0,725.0)
(102.0,725.0)
(287.0,725.0)
(684.0,725.0)
(211.0,725.0)
(684.0,725.0)
(725.0,725.0)
(280.0,725.0)
(211.0,725.0)
(684.0,725.0)
(305.0,725.0)
(287.0,725.0)
(123.0,725.0)
(725.0,725.0)
(725.0,725.0)
(612.0,725.0)
(287.0,725.0)
(684.0,725.0)
(287.0,725.0)
(665.0,725.0)
(660.0,725.0)
(665.0,725.0)
(287.0,725.0)
(612.0,725.0)
(660.0,725.0)
(287.0,725.0)
(123.0,725.0)
(684.0,725.0)
(211.0,725.0)
(725.0,725.0)
(211.0,725.0)
(211.0,725.0)
(725.0,725.0)
(660.0,725.0)
(725.0,725.0)
(211.0,725.0)
(684.0,725.0)
(725.0,725.0)
(725.0,725.0)
(725.0,725.0)
(211.0,725.0)
(287.0,725.0)
(287.0,725.0)
(725.0,725.0)
(660.0,725.0)
(660.0,725.0)
(684.0,725.0)
(725.0,725.0)
(725.0,725.0)
(725.0,725.0)
(287.0,725.0)
(211.0,725.0)
(287.0,725.0)
(280.0,725.0)
(725.0,725.0)
(612.0,725.0)
(287.0,725.0)
(725.0,725.0)
(665.0,725.0)
(665.0,725.0)
(725.0,725.0)
(725.0,725.0)
(665.0,725.0)
(287.0,725.0)
(725.0,725.0)
(725.0,725.0)
(102.0,725.0)
(211.0,725.0)
(660.0,725.0)
(287.0,725.0)
(665.0,725.0)
(211.0,725.0)
(287.0,725.0)
(725.0,725.0)
(280.0,725.0)
(287.0,725.0)
(684.0,725.0)
(287.0,725.0)
(211.0,725.0)
(287.0,725.0)
(660.0,725.0)
(612.0,725.0)
(211.0,725.0)
(725.0,725.0)
(211.0,725.0)
(684.0,725.0)
(211.0,725.0)
(725.0,725.0)
(665.0,725.0)
(123.0,725.0)
(684.0,725.0)
(211.0,725.0)
(612.0,725.0)
(612.0,725.0)
(725.0,725.0)
(725.0,725.0)
(725.0,725.0)
(211.0,725.0)
(211.0,725.0)
(287.0,725.0)
(211.0,725.0)
(679.0,725.0)
(211.0,725.0)
(684.0,725.0)
(660.0,725.0)
(725.0,725.0)
(211.0,725.0)
(725.0,725.0)
(725.0,725.0)
(684.0,725.0)
(684.0,725.0)
(684.0,725.0)
(725.0,725.0)
(725.0,725.0)
(211.0,725.0)
(211.0,725.0)
(287.0,725.0)
(684.0,725.0)
(684.0,725.0)
(211.0,725.0)
(684.0,725.0)
(612.0,725.0)
(725.0,725.0)
(665.0,725.0)
(340.0,728.0)
(340.0,728.0)
(340.0,728.0)
(340.0,728.0)
(340.0,728.0)
(340.0,728.0)
(347.0,728.0)
(340.0,728.0)
(340.0,728.0)
(340.0,728.0)
(340.0,728.0)
(340.0,728.0)
(340.0,728.0)
(340.0,728.0)
(340.0,728.0)
(340.0,728.0)
(347.0,728.0)
(340.0,728.0)
(347.0,728.0)
(340.0,728.0)
(340.0,728.0)
(340.0,728.0)
(340.0,728.0)
(340.0,728.0)
(340.0,728.0)
(261.0,728.0)
(340.0,728.0)
(340.0,728.0)
(340.0,728.0)
(340.0,728.0)
(340.0,728.0)
(340.0,728.0)
(340.0,728.0)
(340.0,728.0)
(340.0,728.0)
(340.0,728.0)
(340.0,728.0)
(340.0,728.0)
(340.0,728.0)
(340.0,728.0)
(340.0,728.0)
(340.0,728.0)
(347.0,728.0)
(340.0,728.0)
(347.0,728.0)
(347.0,728.0)
(340.0,728.0)
(340.0,728.0)
(340.0,728.0)
(340.0,728.0)
(340.0,728.0)
(347.0,728.0)
(261.0,728.0)
(340.0,728.0)
(340.0,728.0)
(340.0,728.0)
(340.0,728.0)
(340.0,728.0)
(340.0,728.0)
(340.0,728.0)
(340.0,728.0)
(340.0,728.0)
(340.0,728.0)
(340.0,728.0)
(347.0,728.0)
(340.0,728.0)
(340.0,728.0)
(347.0,728.0)
(347.0,728.0)
(340.0,728.0)
(347.0,728.0)
(340.0,728.0)
(347.0,728.0)
(340.0,728.0)
(347.0,728.0)
(347.0,728.0)
(340.0,728.0)
(340.0,728.0)
(340.0,728.0)
(340.0,728.0)
(340.0,728.0)
(347.0,728.0)
(340.0,728.0)
(347.0,728.0)
(347.0,728.0)
(340.0,728.0)
(347.0,728.0)
(340.0,728.0)
(347.0,728.0)
(347.0,728.0)
(340.0,728.0)
(347.0,728.0)
(340.0,728.0)
(340.0,728.0)
(194.0,727.0)
(726.0,727.0)
(726.0,727.0)
(194.0,727.0)
(194.0,727.0)
(726.0,727.0)
(194.0,727.0)
(727.0,727.0)
(726.0,727.0)
(726.0,727.0)
(726.0,727.0)
(194.0,727.0)
(194.0,727.0)
(726.0,727.0)
(727.0,727.0)
(194.0,727.0)
(194.0,727.0)
(726.0,727.0)
(727.0,727.0)
(727.0,727.0)
(726.0,727.0)
(194.0,727.0)
(727.0,727.0)
(194.0,727.0)
(194.0,727.0)
(194.0,727.0)
(726.0,727.0)
(726.0,727.0)
(194.0,727.0)
(727.0,727.0)
(726.0,727.0)
(194.0,727.0)
(727.0,727.0)
(194.0,727.0)
(726.0,727.0)
(727.0,727.0)
(194.0,727.0)
(726.0,727.0)
(194.0,727.0)
(194.0,727.0)
(194.0,727.0)
(194.0,727.0)
(726.0,727.0)
(726.0,727.0)
(726.0,727.0)
(727.0,727.0)
(194.0,727.0)
(727.0,727.0)
(726.0,727.0)
(727.0,727.0)
(194.0,727.0)
(194.0,727.0)
(727.0,727.0)
(726.0,727.0)
(194.0,727.0)
(194.0,727.0)
(727.0,727.0)
(726.0,727.0)
(194.0,727.0)
(194.0,727.0)
(194.0,727.0)
(194.0,727.0)
(194.0,727.0)
(726.0,727.0)
(726.0,727.0)
(726.0,727.0)
(726.0,727.0)
(194.0,727.0)
(726.0,727.0)
(726.0,727.0)
(194.0,727.0)
(726.0,727.0)
(194.0,727.0)
(726.0,727.0)
(194.0,727.0)
(194.0,727.0)
(727.0,727.0)
(726.0,727.0)
(726.0,727.0)
(726.0,727.0)
(726.0,727.0)
(726.0,727.0)
(194.0,727.0)
(726.0,727.0)
(727.0,727.0)
(194.0,727.0)
(194.0,727.0)
(726.0,727.0)
(727.0,727.0)
(726.0,727.0)
(194.0,727.0)
(726.0,727.0)
(194.0,727.0)
(726.0,727.0)
(726.0,727.0)
(727.0,727.0)
(726.0,727.0)
(194.0,727.0)
(727.0,727.0)
(727.0,727.0)
(726.0,727.0)
(727.0,727.0)
(726.0,727.0)
(727.0,727.0)
(726.0,727.0)
(194.0,727.0)
(726.0,727.0)
(726.0,727.0)
(726.0,727.0)
(727.0,727.0)
(726.0,727.0)
(726.0,727.0)
(194.0,727.0)
(726.0,727.0)
(194.0,727.0)
(194.0,727.0)
(727.0,727.0)
(726.0,727.0)
(727.0,727.0)
(726.0,727.0)
(726.0,727.0)
(194.0,727.0)
(726.0,727.0)
(194.0,727.0)
(726.0,727.0)
(726.0,727.0)
(194.0,727.0)
(194.0,727.0)
(194.0,727.0)
(726.0,727.0)
(727.0,727.0)
(726.0,727.0)
(727.0,727.0)
(726.0,727.0)
(726.0,727.0)
(727.0,727.0)
(726.0,727.0)
(194.0,727.0)
(727.0,727.0)
(726.0,727.0)
(726.0,726.0)
(726.0,726.0)
(726.0,726.0)
(726.0,726.0)
(726.0,726.0)
(726.0,726.0)
(726.0,726.0)
(726.0,726.0)
(726.0,726.0)
(726.0,726.0)
(726.0,726.0)
(726.0,726.0)
(726.0,726.0)
(726.0,726.0)
(726.0,726.0)
(726.0,726.0)
(726.0,726.0)
(726.0,726.0)
(726.0,726.0)
(726.0,726.0)
(726.0,726.0)
(726.0,726.0)
(726.0,726.0)
(726.0,726.0)
(726.0,726.0)
(726.0,726.0)
(726.0,726.0)
(726.0,726.0)
(726.0,726.0)
(726.0,726.0)
(726.0,726.0)
(726.0,726.0)
(726.0,726.0)
(726.0,726.0)
(726.0,726.0)
(726.0,726.0)
(726.0,726.0)
(726.0,726.0)
(726.0,726.0)
(726.0,726.0)
(726.0,726.0)
(726.0,726.0)
(726.0,726.0)
(726.0,726.0)
(726.0,726.0)
(726.0,726.0)
(726.0,726.0)
(726.0,726.0)
(726.0,726.0)
(726.0,726.0)
(726.0,726.0)
(726.0,726.0)
(726.0,726.0)
(726.0,726.0)
(726.0,726.0)
(726.0,726.0)
(726.0,726.0)
(726.0,726.0)
(726.0,726.0)
(726.0,726.0)
(726.0,726.0)
(726.0,726.0)
(726.0,726.0)
(726.0,726.0)
(726.0,726.0)
(726.0,726.0)
(726.0,726.0)
(726.0,726.0)
(726.0,726.0)
(726.0,726.0)
(726.0,726.0)
(726.0,726.0)
(726.0,726.0)
(726.0,726.0)
(726.0,726.0)
(726.0,726.0)
(726.0,726.0)
(726.0,726.0)
(726.0,726.0)
(726.0,726.0)
(726.0,726.0)
(726.0,726.0)
(726.0,726.0)
(726.0,726.0)
(726.0,726.0)
(726.0,726.0)
(726.0,726.0)
(726.0,726.0)
(726.0,726.0)
(726.0,726.0)
(726.0,726.0)
(726.0,726.0)
(726.0,726.0)
(726.0,726.0)
(726.0,726.0)
(726.0,726.0)
(726.0,726.0)
(726.0,726.0)
(726.0,726.0)
(726.0,726.0)
(726.0,726.0)
(726.0,726.0)
(726.0,726.0)
(726.0,726.0)
(726.0,726.0)
(726.0,726.0)
(726.0,726.0)
(726.0,726.0)
(726.0,726.0)
(726.0,726.0)
(726.0,726.0)
(726.0,726.0)
(726.0,726.0)
(726.0,726.0)
(726.0,726.0)
(726.0,726.0)
(726.0,726.0)
(726.0,726.0)
(726.0,726.0)
(726.0,726.0)
(726.0,726.0)
(726.0,726.0)
(726.0,726.0)
(726.0,726.0)
(726.0,726.0)
(726.0,726.0)
(726.0,726.0)
(726.0,726.0)
(726.0,726.0)
(726.0,726.0)
(726.0,726.0)
(726.0,726.0)
(726.0,726.0)
(726.0,726.0)
(726.0,726.0)
(726.0,726.0)
(726.0,726.0)
(726.0,726.0)
(726.0,726.0)
(726.0,726.0)
(726.0,726.0)
(726.0,726.0)
(726.0,726.0)
(726.0,726.0)
(726.0,726.0)
(726.0,726.0)
(726.0,726.0)
(726.0,726.0)
(726.0,726.0)
(726.0,726.0)
(726.0,726.0)
(726.0,726.0)
(726.0,726.0)
(726.0,726.0)
(726.0,726.0)
(726.0,726.0)
(726.0,726.0)
(726.0,726.0)
(726.0,726.0)
(726.0,726.0)
(726.0,726.0)
(726.0,726.0)
(726.0,726.0)
(726.0,726.0)
(726.0,726.0)
(726.0,726.0)
(726.0,726.0)
(726.0,726.0)
(726.0,726.0)
(726.0,726.0)
(726.0,726.0)
(726.0,726.0)
(726.0,726.0)
(726.0,726.0)
(726.0,726.0)
(726.0,726.0)
(726.0,726.0)
(726.0,726.0)
(726.0,726.0)
(726.0,726.0)
(726.0,726.0)
(726.0,726.0)
(726.0,726.0)
(726.0,726.0)
(726.0,726.0)
(726.0,726.0)
(726.0,726.0)
(726.0,726.0)
(726.0,726.0)
(726.0,726.0)
(726.0,726.0)
(726.0,726.0)
(726.0,726.0)
(726.0,726.0)
(726.0,726.0)
(726.0,726.0)
(726.0,726.0)
(726.0,726.0)
(726.0,726.0)
(726.0,726.0)
(726.0,726.0)
(726.0,726.0)
(726.0,726.0)
(726.0,726.0)
(726.0,726.0)
(727.0,726.0)
(726.0,726.0)
(727.0,726.0)
(726.0,726.0)
(726.0,726.0)
(726.0,726.0)
(726.0,726.0)
(727.0,726.0)
(726.0,726.0)
(726.0,726.0)
(726.0,726.0)
(726.0,726.0)
(726.0,726.0)
(727.0,726.0)
(726.0,726.0)
(726.0,726.0)
(726.0,726.0)
(726.0,726.0)
(727.0,726.0)
(726.0,726.0)
(727.0,726.0)
(726.0,726.0)
(726.0,726.0)
(726.0,726.0)
(726.0,726.0)
(727.0,726.0)
(726.0,726.0)
(726.0,726.0)
(726.0,726.0)
(727.0,726.0)
(726.0,726.0)
(726.0,726.0)
(726.0,726.0)
(726.0,726.0)
(726.0,726.0)
(727.0,726.0)
(726.0,726.0)
(194.0,726.0)
(194.0,726.0)
(726.0,726.0)
(726.0,726.0)
(726.0,726.0)
(726.0,726.0)
(194.0,726.0)
(194.0,726.0)
(726.0,726.0)
(726.0,726.0)
(726.0,726.0)
(726.0,726.0)
(194.0,726.0)
(194.0,726.0)
(726.0,726.0)
(726.0,726.0)
(726.0,726.0)
(726.0,726.0)
(726.0,726.0)
(726.0,726.0)
(726.0,726.0)
(726.0,726.0)
(726.0,726.0)
(194.0,726.0)
(726.0,726.0)
(194.0,726.0)
(726.0,726.0)
(726.0,726.0)
(726.0,726.0)
(726.0,726.0)
(726.0,726.0)
(194.0,726.0)
(726.0,726.0)
(194.0,726.0)
(726.0,726.0)
(726.0,726.0)
(726.0,726.0)
(726.0,726.0)
(726.0,726.0)
(194.0,726.0)
(194.0,726.0)
(726.0,726.0)
(726.0,726.0)
(726.0,726.0)
(194.0,726.0)
(726.0,726.0)
(194.0,726.0)
(726.0,726.0)
(726.0,726.0)
(726.0,726.0)
(726.0,726.0)
(194.0,726.0)
(194.0,726.0)
(726.0,726.0)
(726.0,726.0)
(726.0,726.0)
(726.0,726.0)
(726.0,726.0)
(726.0,726.0)
(194.0,726.0)
(726.0,726.0)
(194.0,726.0)
(726.0,726.0)
(194.0,726.0)
(726.0,726.0)
(194.0,726.0)
(194.0,726.0)
(194.0,726.0)
(194.0,726.0)
(194.0,726.0)
(726.0,726.0)
(194.0,726.0)
(726.0,726.0)
(726.0,726.0)
(726.0,726.0)
(726.0,726.0)
(194.0,726.0)
(194.0,726.0)
(726.0,726.0)
(726.0,726.0)
(726.0,726.0)
(726.0,726.0)
(726.0,726.0)
(726.0,726.0)
(726.0,726.0)
(726.0,726.0)
(726.0,726.0)
(726.0,726.0)
(726.0,726.0)
(726.0,726.0)
(726.0,726.0)
(726.0,726.0)
(726.0,726.0)
(726.0,726.0)
(726.0,726.0)
(726.0,726.0)
(726.0,726.0)
(726.0,726.0)
(726.0,726.0)
(726.0,726.0)
(726.0,726.0)
(726.0,726.0)
(726.0,726.0)
(726.0,726.0)
(726.0,726.0)
(726.0,726.0)
(726.0,726.0)
(726.0,726.0)
(726.0,726.0)
(726.0,726.0)
(726.0,726.0)
(726.0,726.0)
(726.0,726.0)
(726.0,726.0)
(726.0,726.0)
(726.0,726.0)
(726.0,726.0)
(726.0,726.0)
(726.0,726.0)
(726.0,726.0)
(726.0,726.0)
(726.0,726.0)
(726.0,726.0)
(726.0,726.0)
(726.0,726.0)
(726.0,726.0)
(726.0,726.0)
(726.0,726.0)
(726.0,726.0)
(726.0,726.0)
(726.0,726.0)
(726.0,726.0)
(726.0,726.0)
(726.0,726.0)
(726.0,726.0)
(726.0,726.0)
(726.0,726.0)
(726.0,726.0)
(726.0,726.0)
(726.0,726.0)
(726.0,726.0)
(726.0,726.0)
(726.0,726.0)
(726.0,726.0)
(726.0,726.0)
(726.0,726.0)
(726.0,726.0)
(726.0,726.0)
(726.0,726.0)
(726.0,726.0)
(726.0,726.0)
(726.0,726.0)
(726.0,726.0)
(726.0,726.0)
(726.0,726.0)
(726.0,726.0)
(726.0,726.0)
(726.0,726.0)
(726.0,726.0)
(726.0,726.0)
(726.0,726.0)
(726.0,726.0)
(726.0,726.0)
(726.0,726.0)
(726.0,726.0)
(726.0,726.0)
(726.0,726.0)
(726.0,726.0)
(726.0,726.0)
(726.0,726.0)
(726.0,726.0)
(726.0,726.0)
(726.0,726.0)
(726.0,726.0)
(726.0,726.0)
(726.0,726.0)
(726.0,726.0)
(726.0,726.0)
(726.0,726.0)
(726.0,726.0)
(726.0,726.0)
(726.0,726.0)
(726.0,726.0)
(726.0,726.0)
(726.0,726.0)
(726.0,726.0)
(726.0,726.0)
(726.0,726.0)
(726.0,726.0)
(726.0,726.0)
(726.0,726.0)
(726.0,726.0)
(726.0,726.0)
(726.0,726.0)
(726.0,726.0)
(726.0,726.0)
(726.0,726.0)
(726.0,726.0)
(726.0,726.0)
(726.0,726.0)
(726.0,726.0)
(726.0,726.0)
(726.0,726.0)
(726.0,726.0)
(726.0,726.0)
(726.0,726.0)
(729.0,730.0)
(730.0,730.0)
(730.0,730.0)
(730.0,730.0)
(735.0,730.0)
(730.0,730.0)
(730.0,730.0)
(413.0,730.0)
(729.0,730.0)
(730.0,730.0)
(730.0,730.0)
(730.0,730.0)
(730.0,730.0)
(730.0,730.0)
(729.0,730.0)
(730.0,730.0)
(729.0,730.0)
(730.0,730.0)
(730.0,730.0)
(730.0,730.0)
(730.0,730.0)
(730.0,730.0)
(729.0,730.0)
(730.0,730.0)
(729.0,730.0)
(735.0,730.0)
(730.0,730.0)
(730.0,730.0)
(729.0,730.0)
(729.0,730.0)
(475.0,730.0)
(730.0,730.0)
(730.0,730.0)
(730.0,730.0)
(519.0,730.0)
(730.0,730.0)
(730.0,730.0)
(730.0,730.0)
(729.0,730.0)
(730.0,730.0)
(730.0,730.0)
(47.0,730.0)
(729.0,730.0)
(729.0,730.0)
(735.0,730.0)
(771.0,730.0)
(730.0,730.0)
(534.0,730.0)
(730.0,730.0)
(730.0,730.0)
(730.0,730.0)
(730.0,730.0)
(730.0,730.0)
(730.0,730.0)
(730.0,730.0)
(730.0,730.0)
(730.0,730.0)
(730.0,730.0)
(730.0,730.0)
(730.0,730.0)
(730.0,730.0)
(730.0,730.0)
(47.0,730.0)
(730.0,730.0)
(730.0,730.0)
(729.0,730.0)
(730.0,730.0)
(730.0,730.0)
(730.0,730.0)
(735.0,730.0)
(730.0,730.0)
(412.0,730.0)
(47.0,730.0)
(730.0,730.0)
(730.0,730.0)
(730.0,730.0)
(730.0,730.0)
(730.0,730.0)
(730.0,730.0)
(730.0,730.0)
(730.0,730.0)
(730.0,730.0)
(730.0,730.0)
(730.0,730.0)
(730.0,730.0)
(730.0,730.0)
(730.0,730.0)
(730.0,730.0)
(730.0,730.0)
(534.0,730.0)
(412.0,730.0)
(730.0,730.0)
(730.0,730.0)
(730.0,730.0)
(730.0,730.0)
(730.0,730.0)
(475.0,730.0)
(730.0,730.0)
(730.0,730.0)
(730.0,730.0)
(730.0,730.0)
(730.0,730.0)
(730.0,730.0)
(730.0,730.0)
(730.0,730.0)
(47.0,730.0)
(730.0,730.0)
(730.0,730.0)
(729.0,730.0)
(729.0,730.0)
(730.0,730.0)
(735.0,730.0)
(730.0,730.0)
(412.0,730.0)
(730.0,730.0)
(730.0,730.0)
(735.0,730.0)
(730.0,730.0)
(730.0,730.0)
(730.0,730.0)
(730.0,730.0)
(730.0,730.0)
(47.0,730.0)
(730.0,730.0)
(730.0,730.0)
(730.0,730.0)
(730.0,730.0)
(729.0,730.0)
(730.0,730.0)
(730.0,730.0)
(730.0,730.0)
(730.0,730.0)
(730.0,730.0)
(730.0,730.0)
(730.0,730.0)
(730.0,730.0)
(730.0,730.0)
(412.0,730.0)
(730.0,730.0)
(730.0,730.0)
(489.0,730.0)
(730.0,730.0)
(475.0,730.0)
(730.0,730.0)
(730.0,730.0)
(730.0,730.0)
(730.0,730.0)
(730.0,730.0)
(730.0,730.0)
(47.0,730.0)
(729.0,730.0)
(730.0,730.0)
(730.0,730.0)
(730.0,730.0)
(730.0,730.0)
(729.0,730.0)
(730.0,730.0)
(730.0,730.0)
(730.0,730.0)
(730.0,730.0)
(730.0,730.0)
(730.0,730.0)
(730.0,730.0)
(730.0,730.0)
(730.0,730.0)
(729.0,730.0)
(730.0,730.0)
(47.0,730.0)
(735.0,730.0)
(730.0,730.0)
(730.0,730.0)
(730.0,730.0)
(730.0,730.0)
(489.0,730.0)
(730.0,730.0)
(730.0,730.0)
(158.0,730.0)
(730.0,730.0)
(730.0,730.0)
(489.0,730.0)
(730.0,730.0)
(729.0,730.0)
(730.0,730.0)
(730.0,730.0)
(489.0,730.0)
(730.0,730.0)
(730.0,730.0)
(730.0,730.0)
(730.0,730.0)
(47.0,730.0)
(730.0,730.0)
(730.0,730.0)
(730.0,730.0)
(730.0,730.0)
(730.0,730.0)
(730.0,730.0)
(730.0,730.0)
(729.0,730.0)
(730.0,730.0)
(732.0,730.0)
(734.0,730.0)
(492.0,730.0)
(730.0,730.0)
(733.0,730.0)
(1.0,730.0)
(417.0,730.0)
(733.0,730.0)
(447.0,730.0)
(372.0,730.0)
(1.0,730.0)
(730.0,730.0)
(447.0,730.0)
(1.0,730.0)
(733.0,730.0)
(519.0,730.0)
(729.0,730.0)
(492.0,730.0)
(1.0,730.0)
(1.0,730.0)
(732.0,730.0)
(447.0,730.0)
(503.0,730.0)
(43.0,730.0)
(729.0,730.0)
(519.0,730.0)
(730.0,730.0)
(734.0,730.0)
(732.0,730.0)
(519.0,730.0)
(732.0,730.0)
(734.0,730.0)
(417.0,730.0)
(1.0,730.0)
(1.0,730.0)
(730.0,730.0)
(733.0,730.0)
(733.0,730.0)
(734.0,730.0)
(730.0,730.0)
(734.0,730.0)
(732.0,730.0)
(733.0,730.0)
(417.0,730.0)
(519.0,730.0)
(771.0,730.0)
(733.0,730.0)
(733.0,730.0)
(417.0,730.0)
(730.0,730.0)
(387.0,730.0)
(734.0,730.0)
(730.0,730.0)
(417.0,730.0)
(730.0,730.0)
(733.0,730.0)
(503.0,730.0)
(493.0,730.0)
(519.0,730.0)
(1.0,730.0)
(730.0,730.0)
(47.0,730.0)
(1.0,730.0)
(1.0,730.0)
(733.0,730.0)
(730.0,730.0)
(417.0,730.0)
(734.0,730.0)
(732.0,730.0)
(519.0,730.0)
(519.0,730.0)
(732.0,730.0)
(730.0,730.0)
(733.0,730.0)
(730.0,730.0)
(730.0,730.0)
(730.0,730.0)
(1.0,730.0)
(734.0,730.0)
(732.0,730.0)
(417.0,730.0)
(413.0,730.0)
(733.0,730.0)
(486.0,730.0)
(734.0,730.0)
(733.0,730.0)
(417.0,730.0)
(732.0,730.0)
(519.0,730.0)
(733.0,730.0)
(447.0,730.0)
(475.0,730.0)
(730.0,730.0)
(519.0,730.0)
(492.0,730.0)
(733.0,730.0)
(43.0,730.0)
(519.0,730.0)
(730.0,730.0)
(730.0,730.0)
(447.0,730.0)
(492.0,730.0)
(1.0,730.0)
(732.0,730.0)
(734.0,730.0)
(503.0,730.0)
(1.0,730.0)
(1.0,730.0)
(519.0,730.0)
(733.0,730.0)
(732.0,730.0)
(485.0,730.0)
(733.0,730.0)
(492.0,730.0)
(492.0,730.0)
(733.0,730.0)
(734.0,730.0)
(519.0,730.0)
(485.0,730.0)
(730.0,730.0)
(733.0,730.0)
(1.0,730.0)
(519.0,730.0)
(404.0,730.0)
(734.0,730.0)
(492.0,730.0)
(519.0,730.0)
(1.0,730.0)
(734.0,730.0)
(492.0,730.0)
(733.0,730.0)
(1.0,730.0)
(730.0,730.0)
(372.0,730.0)
(732.0,730.0)
(734.0,730.0)
(733.0,730.0)
(519.0,730.0)
(733.0,730.0)
(413.0,730.0)
(417.0,730.0)
(729.0,730.0)
(733.0,730.0)
(413.0,730.0)
(730.0,730.0)
(733.0,730.0)
(417.0,730.0)
(503.0,730.0)
(447.0,730.0)
(733.0,730.0)
(43.0,730.0)
(733.0,730.0)
(447.0,730.0)
(734.0,730.0)
(492.0,730.0)
(730.0,730.0)
(733.0,730.0)
(417.0,730.0)
(730.0,730.0)
(730.0,730.0)
(729.0,730.0)
(734.0,730.0)
(519.0,730.0)
(733.0,730.0)
(447.0,730.0)
(734.0,730.0)
(1.0,730.0)
(732.0,730.0)
(489.0,730.0)
(732.0,730.0)
(1.0,730.0)
(158.0,730.0)
(733.0,730.0)
(730.0,730.0)
(475.0,730.0)
(733.0,730.0)
(732.0,730.0)
(1.0,730.0)
(732.0,730.0)
(475.0,730.0)
(519.0,730.0)
(730.0,730.0)
(730.0,730.0)
(485.0,730.0)
(734.0,730.0)
(730.0,730.0)
(734.0,730.0)
(519.0,730.0)
(734.0,730.0)
(733.0,730.0)
(1.0,730.0)
(730.0,730.0)
(485.0,730.0)
(729.0,730.0)
(730.0,730.0)
(730.0,730.0)
(730.0,730.0)
(735.0,730.0)
(730.0,730.0)
(730.0,730.0)
(489.0,730.0)
(729.0,730.0)
(730.0,730.0)
(730.0,730.0)
(730.0,730.0)
(730.0,730.0)
(730.0,730.0)
(729.0,730.0)
(730.0,730.0)
(729.0,730.0)
(730.0,730.0)
(730.0,730.0)
(730.0,730.0)
(730.0,730.0)
(730.0,730.0)
(729.0,730.0)
(730.0,730.0)
(729.0,730.0)
(489.0,730.0)
(730.0,730.0)
(730.0,730.0)
(729.0,730.0)
(729.0,730.0)
(158.0,730.0)
(730.0,730.0)
(730.0,730.0)
(730.0,730.0)
(730.0,730.0)
(730.0,730.0)
(730.0,730.0)
(729.0,730.0)
(729.0,730.0)
(730.0,730.0)
(730.0,730.0)
(47.0,730.0)
(729.0,730.0)
(729.0,730.0)
(47.0,730.0)
(730.0,730.0)
(534.0,730.0)
(729.0,730.0)
(730.0,730.0)
(730.0,730.0)
(730.0,730.0)
(730.0,730.0)
(730.0,730.0)
(730.0,730.0)
(730.0,730.0)
(730.0,730.0)
(730.0,730.0)
(730.0,730.0)
(730.0,730.0)
(729.0,730.0)
(730.0,730.0)
(47.0,730.0)
(730.0,730.0)
(729.0,730.0)
(729.0,730.0)
(730.0,730.0)
(730.0,730.0)
(730.0,730.0)
(735.0,730.0)
(730.0,730.0)
(412.0,730.0)
(47.0,730.0)
(730.0,730.0)
(730.0,730.0)
(730.0,730.0)
(729.0,730.0)
(730.0,730.0)
(730.0,730.0)
(730.0,730.0)
(730.0,730.0)
(730.0,730.0)
(730.0,730.0)
(730.0,730.0)
(730.0,730.0)
(730.0,730.0)
(730.0,730.0)
(730.0,730.0)
(730.0,730.0)
(534.0,730.0)
(412.0,730.0)
(730.0,730.0)
(730.0,730.0)
(730.0,730.0)
(730.0,730.0)
(730.0,730.0)
(158.0,730.0)
(730.0,730.0)
(730.0,730.0)
(730.0,730.0)
(730.0,730.0)
(730.0,730.0)
(730.0,730.0)
(730.0,730.0)
(730.0,730.0)
(47.0,730.0)
(730.0,730.0)
(730.0,730.0)
(729.0,730.0)
(730.0,730.0)
(730.0,730.0)
(519.0,730.0)
(730.0,730.0)
(412.0,730.0)
(730.0,730.0)
(730.0,730.0)
(519.0,730.0)
(730.0,730.0)
(730.0,730.0)
(729.0,730.0)
(730.0,730.0)
(730.0,730.0)
(412.0,730.0)
(730.0,730.0)
(730.0,730.0)
(730.0,730.0)
(730.0,730.0)
(729.0,730.0)
(730.0,730.0)
(536.0,730.0)
(730.0,730.0)
(730.0,730.0)
(730.0,730.0)
(730.0,730.0)
(730.0,730.0)
(730.0,730.0)
(730.0,730.0)
(412.0,730.0)
(730.0,730.0)
(730.0,730.0)
(489.0,730.0)
(730.0,730.0)
(158.0,730.0)
(730.0,730.0)
(730.0,730.0)
(730.0,730.0)
(730.0,730.0)
(730.0,730.0)
(730.0,730.0)
(47.0,730.0)
(729.0,730.0)
(730.0,730.0)
(730.0,730.0)
(730.0,730.0)
(730.0,730.0)
(729.0,730.0)
(730.0,730.0)
(730.0,730.0)
(730.0,730.0)
(730.0,730.0)
(730.0,730.0)
(729.0,730.0)
(730.0,730.0)
(730.0,730.0)
(730.0,730.0)
(729.0,730.0)
(730.0,730.0)
(47.0,730.0)
(735.0,730.0)
(730.0,730.0)
(730.0,730.0)
(730.0,730.0)
(730.0,730.0)
(489.0,730.0)
(730.0,730.0)
(730.0,730.0)
(47.0,730.0)
(730.0,730.0)
(730.0,730.0)
(489.0,730.0)
(730.0,730.0)
(729.0,730.0)
(730.0,730.0)
(730.0,730.0)
(489.0,730.0)
(730.0,730.0)
(730.0,730.0)
(730.0,730.0)
(730.0,730.0)
(47.0,730.0)
(730.0,730.0)
(729.0,730.0)
(730.0,730.0)
(536.0,730.0)
(730.0,730.0)
(730.0,730.0)
(730.0,730.0)
(729.0,730.0)
(730.0,730.0)
(729.0,730.0)
(730.0,730.0)
(730.0,730.0)
(730.0,730.0)
(735.0,730.0)
(730.0,730.0)
(730.0,730.0)
(489.0,730.0)
(729.0,730.0)
(730.0,730.0)
(730.0,730.0)
(730.0,730.0)
(730.0,730.0)
(730.0,730.0)
(730.0,730.0)
(730.0,730.0)
(730.0,730.0)
(730.0,730.0)
(730.0,730.0)
(730.0,730.0)
(730.0,730.0)
(730.0,730.0)
(729.0,730.0)
(730.0,730.0)
(729.0,730.0)
(735.0,730.0)
(730.0,730.0)
(730.0,730.0)
(729.0,730.0)
(729.0,730.0)
(730.0,730.0)
(730.0,730.0)
(730.0,730.0)
(730.0,730.0)
(730.0,730.0)
(730.0,730.0)
(730.0,730.0)
(730.0,730.0)
(729.0,730.0)
(730.0,730.0)
(730.0,730.0)
(47.0,730.0)
(729.0,730.0)
(730.0,730.0)
(735.0,730.0)
(771.0,730.0)
(730.0,730.0)
(534.0,730.0)
(729.0,730.0)
(730.0,730.0)
(730.0,730.0)
(730.0,730.0)
(730.0,730.0)
(730.0,730.0)
(730.0,730.0)
(730.0,730.0)
(730.0,730.0)
(730.0,730.0)
(730.0,730.0)
(730.0,730.0)
(730.0,730.0)
(730.0,730.0)
(47.0,730.0)
(730.0,730.0)
(730.0,730.0)
(729.0,730.0)
(730.0,730.0)
(730.0,730.0)
(730.0,730.0)
(413.0,730.0)
(730.0,730.0)
(412.0,730.0)
(47.0,730.0)
(730.0,730.0)
(730.0,730.0)
(730.0,730.0)
(730.0,730.0)
(730.0,730.0)
(730.0,730.0)
(730.0,730.0)
(730.0,730.0)
(413.0,730.0)
(730.0,730.0)
(730.0,730.0)
(730.0,730.0)
(730.0,730.0)
(730.0,730.0)
(730.0,730.0)
(730.0,730.0)
(534.0,730.0)
(412.0,730.0)
(730.0,730.0)
(730.0,730.0)
(730.0,730.0)
(730.0,730.0)
(730.0,730.0)
(730.0,730.0)
(730.0,730.0)
(730.0,730.0)
(730.0,730.0)
(730.0,730.0)
(730.0,730.0)
(730.0,730.0)
(730.0,730.0)
(730.0,730.0)
(47.0,730.0)
(730.0,730.0)
(730.0,730.0)
(729.0,730.0)
(730.0,730.0)
(730.0,730.0)
(735.0,730.0)
(730.0,730.0)
(771.0,730.0)
(730.0,730.0)
(730.0,730.0)
(735.0,730.0)
(730.0,730.0)
(730.0,730.0)
(730.0,730.0)
(730.0,730.0)
(730.0,730.0)
(412.0,730.0)
(730.0,730.0)
(730.0,730.0)
(730.0,730.0)
(730.0,730.0)
(729.0,730.0)
(730.0,730.0)
(735.0,730.0)
(730.0,730.0)
(730.0,730.0)
(730.0,730.0)
(730.0,730.0)
(730.0,730.0)
(730.0,730.0)
(730.0,730.0)
(730.0,730.0)
(771.0,730.0)
(730.0,730.0)
(730.0,730.0)
(489.0,730.0)
(730.0,730.0)
(730.0,730.0)
(730.0,730.0)
(730.0,730.0)
(730.0,730.0)
(730.0,730.0)
(730.0,730.0)
(730.0,730.0)
(47.0,730.0)
(729.0,730.0)
(730.0,730.0)
(730.0,730.0)
(730.0,730.0)
(730.0,730.0)
(730.0,730.0)
(730.0,730.0)
(730.0,730.0)
(730.0,730.0)
(730.0,730.0)
(730.0,730.0)
(730.0,730.0)
(730.0,730.0)
(730.0,730.0)
(730.0,730.0)
(729.0,730.0)
(730.0,730.0)
(47.0,730.0)
(730.0,730.0)
(730.0,730.0)
(730.0,730.0)
(730.0,730.0)
(730.0,730.0)
(735.0,730.0)
(730.0,730.0)
(729.0,730.0)
(730.0,730.0)
(730.0,730.0)
(730.0,730.0)
(730.0,730.0)
(730.0,730.0)
(730.0,730.0)
(730.0,730.0)
(729.0,730.0)
(730.0,730.0)
(730.0,730.0)
(730.0,730.0)
(730.0,730.0)
(730.0,730.0)
(730.0,730.0)
(729.0,730.0)
(730.0,730.0)
(729.0,730.0)
(47.0,730.0)
(47.0,730.0)
(730.0,730.0)
(730.0,730.0)
(730.0,730.0)
(47.0,730.0)
(729.0,730.0)
(730.0,730.0)
(730.0,730.0)
(730.0,730.0)
(735.0,730.0)
(730.0,730.0)
(730.0,730.0)
(413.0,730.0)
(729.0,730.0)
(730.0,730.0)
(730.0,730.0)
(730.0,730.0)
(730.0,730.0)
(730.0,730.0)
(729.0,730.0)
(730.0,730.0)
(729.0,730.0)
(730.0,730.0)
(730.0,730.0)
(730.0,730.0)
(730.0,730.0)
(730.0,730.0)
(729.0,730.0)
(730.0,730.0)
(729.0,730.0)
(735.0,730.0)
(730.0,730.0)
(730.0,730.0)
(729.0,730.0)
(729.0,730.0)
(475.0,730.0)
(730.0,730.0)
(730.0,730.0)
(730.0,730.0)
(519.0,730.0)
(730.0,730.0)
(730.0,730.0)
(730.0,730.0)
(729.0,730.0)
(730.0,730.0)
(730.0,730.0)
(47.0,730.0)
(729.0,730.0)
(729.0,730.0)
(735.0,730.0)
(771.0,730.0)
(730.0,730.0)
(534.0,730.0)
(730.0,730.0)
(730.0,730.0)
(730.0,730.0)
(730.0,730.0)
(730.0,730.0)
(730.0,730.0)
(730.0,730.0)
(730.0,730.0)
(730.0,730.0)
(730.0,730.0)
(730.0,730.0)
(730.0,730.0)
(730.0,730.0)
(730.0,730.0)
(47.0,730.0)
(730.0,730.0)
(730.0,730.0)
(729.0,730.0)
(730.0,730.0)
(730.0,730.0)
(730.0,730.0)
(735.0,730.0)
(730.0,730.0)
(412.0,730.0)
(47.0,730.0)
(730.0,730.0)
(730.0,730.0)
(730.0,730.0)
(730.0,730.0)
(730.0,730.0)
(730.0,730.0)
(730.0,730.0)
(730.0,730.0)
(730.0,730.0)
(730.0,730.0)
(730.0,730.0)
(730.0,730.0)
(730.0,730.0)
(730.0,730.0)
(730.0,730.0)
(730.0,730.0)
(534.0,730.0)
(412.0,730.0)
(730.0,730.0)
(730.0,730.0)
(730.0,730.0)
(730.0,730.0)
(730.0,730.0)
(475.0,730.0)
(730.0,730.0)
(730.0,730.0)
(730.0,730.0)
(730.0,730.0)
(730.0,730.0)
(730.0,730.0)
(730.0,730.0)
(730.0,730.0)
(47.0,730.0)
(730.0,730.0)
(730.0,730.0)
(729.0,730.0)
(729.0,730.0)
(730.0,730.0)
(735.0,730.0)
(730.0,730.0)
(412.0,730.0)
(730.0,730.0)
(730.0,730.0)
(735.0,730.0)
(730.0,730.0)
(730.0,730.0)
(730.0,730.0)
(730.0,730.0)
(730.0,730.0)
(47.0,730.0)
(730.0,730.0)
(730.0,730.0)
(730.0,730.0)
(730.0,730.0)
(729.0,730.0)
(730.0,730.0)
(730.0,730.0)
(730.0,730.0)
(730.0,730.0)
(730.0,730.0)
(730.0,730.0)
(730.0,730.0)
(730.0,730.0)
(730.0,730.0)
(412.0,730.0)
(730.0,730.0)
(730.0,730.0)
(489.0,730.0)
(730.0,730.0)
(475.0,730.0)
(730.0,730.0)
(730.0,730.0)
(730.0,730.0)
(730.0,730.0)
(730.0,730.0)
(730.0,730.0)
(47.0,730.0)
(729.0,730.0)
(730.0,730.0)
(730.0,730.0)
(730.0,730.0)
(730.0,730.0)
(730.0,730.0)
(730.0,730.0)
(730.0,730.0)
(730.0,730.0)
(730.0,730.0)
(730.0,730.0)
(730.0,730.0)
(730.0,730.0)
(730.0,730.0)
(730.0,730.0)
(729.0,730.0)
(730.0,730.0)
(47.0,730.0)
(735.0,730.0)
(730.0,730.0)
(730.0,730.0)
(730.0,730.0)
(730.0,730.0)
(489.0,730.0)
(730.0,730.0)
(730.0,730.0)
(158.0,730.0)
(730.0,730.0)
(730.0,730.0)
(489.0,730.0)
(730.0,730.0)
(729.0,730.0)
(730.0,730.0)
(730.0,730.0)
(489.0,730.0)
(730.0,730.0)
(730.0,730.0)
(730.0,730.0)
(730.0,730.0)
(47.0,730.0)
(730.0,730.0)
(730.0,730.0)
(730.0,730.0)
(730.0,730.0)
(730.0,730.0)
(730.0,730.0)
(730.0,730.0)
(729.0,730.0)
(730.0,730.0)
(729.0,730.0)
(730.0,730.0)
(730.0,730.0)
(730.0,730.0)
(735.0,730.0)
(730.0,730.0)
(730.0,730.0)
(413.0,730.0)
(729.0,730.0)
(730.0,730.0)
(730.0,730.0)
(730.0,730.0)
(730.0,730.0)
(730.0,730.0)
(729.0,730.0)
(730.0,730.0)
(729.0,730.0)
(730.0,730.0)
(730.0,730.0)
(730.0,730.0)
(730.0,730.0)
(730.0,730.0)
(729.0,730.0)
(729.0,730.0)
(729.0,730.0)
(735.0,730.0)
(730.0,730.0)
(730.0,730.0)
(729.0,730.0)
(729.0,730.0)
(475.0,730.0)
(730.0,730.0)
(730.0,730.0)
(730.0,730.0)
(735.0,730.0)
(730.0,730.0)
(730.0,730.0)
(730.0,730.0)
(729.0,730.0)
(730.0,730.0)
(730.0,730.0)
(47.0,730.0)
(729.0,730.0)
(729.0,730.0)
(735.0,730.0)
(730.0,730.0)
(730.0,730.0)
(534.0,730.0)
(730.0,730.0)
(730.0,730.0)
(730.0,730.0)
(730.0,730.0)
(730.0,730.0)
(730.0,730.0)
(730.0,730.0)
(730.0,730.0)
(730.0,730.0)
(730.0,730.0)
(730.0,730.0)
(730.0,730.0)
(730.0,730.0)
(730.0,730.0)
(47.0,730.0)
(730.0,730.0)
(730.0,730.0)
(729.0,730.0)
(730.0,730.0)
(730.0,730.0)
(730.0,730.0)
(735.0,730.0)
(730.0,730.0)
(412.0,730.0)
(47.0,730.0)
(730.0,730.0)
(730.0,730.0)
(730.0,730.0)
(730.0,730.0)
(730.0,730.0)
(730.0,730.0)
(730.0,730.0)
(730.0,730.0)
(413.0,730.0)
(730.0,730.0)
(730.0,730.0)
(730.0,730.0)
(730.0,730.0)
(730.0,730.0)
(730.0,730.0)
(730.0,730.0)
(534.0,730.0)
(412.0,730.0)
(730.0,730.0)
(730.0,730.0)
(730.0,730.0)
(730.0,730.0)
(730.0,730.0)
(475.0,730.0)
(730.0,730.0)
(730.0,730.0)
(730.0,730.0)
(730.0,730.0)
(730.0,730.0)
(730.0,730.0)
(730.0,730.0)
(730.0,730.0)
(47.0,730.0)
(730.0,730.0)
(730.0,730.0)
(729.0,730.0)
(729.0,730.0)
(730.0,730.0)
(735.0,730.0)
(730.0,730.0)
(47.0,730.0)
(730.0,730.0)
(730.0,730.0)
(735.0,730.0)
(730.0,730.0)
(730.0,730.0)
(730.0,730.0)
(730.0,730.0)
(730.0,730.0)
(664.0,730.0)
(730.0,730.0)
(730.0,730.0)
(730.0,730.0)
(730.0,730.0)
(729.0,730.0)
(730.0,730.0)
(730.0,730.0)
(730.0,730.0)
(730.0,730.0)
(730.0,730.0)
(730.0,730.0)
(730.0,730.0)
(730.0,730.0)
(730.0,730.0)
(771.0,730.0)
(730.0,730.0)
(730.0,730.0)
(489.0,730.0)
(730.0,730.0)
(475.0,730.0)
(730.0,730.0)
(730.0,730.0)
(730.0,730.0)
(730.0,730.0)
(730.0,730.0)
(730.0,730.0)
(47.0,730.0)
(729.0,730.0)
(730.0,730.0)
(730.0,730.0)
(730.0,730.0)
(730.0,730.0)
(729.0,730.0)
(730.0,730.0)
(730.0,730.0)
(730.0,730.0)
(730.0,730.0)
(730.0,730.0)
(730.0,730.0)
(730.0,730.0)
(730.0,730.0)
(730.0,730.0)
(729.0,730.0)
(730.0,730.0)
(47.0,730.0)
(735.0,730.0)
(730.0,730.0)
(730.0,730.0)
(730.0,730.0)
(730.0,730.0)
(489.0,730.0)
(730.0,730.0)
(730.0,730.0)
(47.0,730.0)
(730.0,730.0)
(730.0,730.0)
(489.0,730.0)
(730.0,730.0)
(729.0,730.0)
(730.0,730.0)
(730.0,730.0)
(489.0,730.0)
(730.0,730.0)
(730.0,730.0)
(730.0,730.0)
(730.0,730.0)
(47.0,730.0)
(730.0,730.0)
(730.0,730.0)
(730.0,730.0)
(730.0,730.0)
(730.0,730.0)
(730.0,730.0)
(730.0,730.0)
(729.0,730.0)
(730.0,730.0)
(729.0,730.0)
(730.0,730.0)
(730.0,730.0)
(730.0,730.0)
(735.0,730.0)
(730.0,730.0)
(730.0,730.0)
(413.0,730.0)
(729.0,730.0)
(730.0,730.0)
(730.0,730.0)
(730.0,730.0)
(730.0,730.0)
(730.0,730.0)
(729.0,730.0)
(730.0,730.0)
(729.0,730.0)
(730.0,730.0)
(730.0,730.0)
(730.0,730.0)
(730.0,730.0)
(730.0,730.0)
(729.0,730.0)
(729.0,730.0)
(729.0,730.0)
(735.0,730.0)
(730.0,730.0)
(730.0,730.0)
(729.0,730.0)
(729.0,730.0)
(475.0,730.0)
(730.0,730.0)
(730.0,730.0)
(730.0,730.0)
(735.0,730.0)
(730.0,730.0)
(730.0,730.0)
(730.0,730.0)
(729.0,730.0)
(730.0,730.0)
(730.0,730.0)
(47.0,730.0)
(729.0,730.0)
(729.0,730.0)
(735.0,730.0)
(771.0,730.0)
(730.0,730.0)
(534.0,730.0)
(730.0,730.0)
(730.0,730.0)
(730.0,730.0)
(730.0,730.0)
(730.0,730.0)
(730.0,730.0)
(730.0,730.0)
(730.0,730.0)
(730.0,730.0)
(730.0,730.0)
(730.0,730.0)
(730.0,730.0)
(730.0,730.0)
(730.0,730.0)
(47.0,730.0)
(730.0,730.0)
(730.0,730.0)
(729.0,730.0)
(730.0,730.0)
(730.0,730.0)
(730.0,730.0)
(735.0,730.0)
(730.0,730.0)
(664.0,730.0)
(47.0,730.0)
(730.0,730.0)
(730.0,730.0)
(730.0,730.0)
(730.0,730.0)
(730.0,730.0)
(730.0,730.0)
(730.0,730.0)
(730.0,730.0)
(730.0,730.0)
(730.0,730.0)
(730.0,730.0)
(730.0,730.0)
(730.0,730.0)
(730.0,730.0)
(730.0,730.0)
(730.0,730.0)
(534.0,730.0)
(664.0,730.0)
(730.0,730.0)
(730.0,730.0)
(730.0,730.0)
(730.0,730.0)
(730.0,730.0)
(475.0,730.0)
(730.0,730.0)
(730.0,730.0)
(730.0,730.0)
(730.0,730.0)
(730.0,730.0)
(730.0,730.0)
(730.0,730.0)
(730.0,730.0)
(47.0,730.0)
(730.0,730.0)
(730.0,730.0)
(729.0,730.0)
(729.0,730.0)
(730.0,730.0)
(735.0,730.0)
(730.0,730.0)
(412.0,730.0)
(730.0,730.0)
(730.0,730.0)
(735.0,730.0)
(730.0,730.0)
(730.0,730.0)
(730.0,730.0)
(730.0,730.0)
(730.0,730.0)
(47.0,730.0)
(730.0,730.0)
(730.0,730.0)
(730.0,730.0)
(730.0,730.0)
(729.0,730.0)
(730.0,730.0)
(730.0,730.0)
(730.0,730.0)
(730.0,730.0)
(730.0,730.0)
(730.0,730.0)
(730.0,730.0)
(730.0,730.0)
(730.0,730.0)
(47.0,730.0)
(730.0,730.0)
(730.0,730.0)
(489.0,730.0)
(730.0,730.0)
(475.0,730.0)
(730.0,730.0)
(730.0,730.0)
(730.0,730.0)
(730.0,730.0)
(730.0,730.0)
(730.0,730.0)
(47.0,730.0)
(729.0,730.0)
(730.0,730.0)
(730.0,730.0)
(730.0,730.0)
(730.0,730.0)
(729.0,730.0)
(730.0,730.0)
(730.0,730.0)
(730.0,730.0)
(730.0,730.0)
(730.0,730.0)
(730.0,730.0)
(730.0,730.0)
(730.0,730.0)
(730.0,730.0)
(729.0,730.0)
(730.0,730.0)
(47.0,730.0)
(735.0,730.0)
(730.0,730.0)
(730.0,730.0)
(730.0,730.0)
(730.0,730.0)
(489.0,730.0)
(730.0,730.0)
(730.0,730.0)
(158.0,730.0)
(730.0,730.0)
(730.0,730.0)
(489.0,730.0)
(730.0,730.0)
(729.0,730.0)
(730.0,730.0)
(730.0,730.0)
(489.0,730.0)
(730.0,730.0)
(730.0,730.0)
(730.0,730.0)
(730.0,730.0)
(47.0,730.0)
(730.0,730.0)
(730.0,730.0)
(730.0,730.0)
(730.0,730.0)
(730.0,730.0)
(730.0,730.0)
(730.0,730.0)
(729.0,730.0)
(730.0,730.0)
(729.0,730.0)
(730.0,730.0)
(730.0,730.0)
(730.0,730.0)
(43.0,730.0)
(730.0,730.0)
(730.0,730.0)
(43.0,730.0)
(729.0,730.0)
(730.0,730.0)
(730.0,730.0)
(730.0,730.0)
(730.0,730.0)
(730.0,730.0)
(729.0,730.0)
(730.0,730.0)
(730.0,730.0)
(730.0,730.0)
(730.0,730.0)
(730.0,730.0)
(730.0,730.0)
(730.0,730.0)
(729.0,730.0)
(729.0,730.0)
(729.0,730.0)
(735.0,730.0)
(730.0,730.0)
(730.0,730.0)
(729.0,730.0)
(729.0,730.0)
(158.0,730.0)
(730.0,730.0)
(730.0,730.0)
(730.0,730.0)
(735.0,730.0)
(730.0,730.0)
(730.0,730.0)
(730.0,730.0)
(729.0,730.0)
(730.0,730.0)
(730.0,730.0)
(47.0,730.0)
(735.0,730.0)
(730.0,730.0)
(47.0,730.0)
(730.0,730.0)
(167.0,730.0)
(729.0,730.0)
(730.0,730.0)
(730.0,730.0)
(730.0,730.0)
(730.0,730.0)
(730.0,730.0)
(730.0,730.0)
(730.0,730.0)
(730.0,730.0)
(730.0,730.0)
(730.0,730.0)
(730.0,730.0)
(730.0,730.0)
(730.0,730.0)
(47.0,730.0)
(730.0,730.0)
(730.0,730.0)
(729.0,730.0)
(730.0,730.0)
(730.0,730.0)
(730.0,730.0)
(43.0,730.0)
(730.0,730.0)
(664.0,730.0)
(47.0,730.0)
(730.0,730.0)
(730.0,730.0)
(730.0,730.0)
(730.0,730.0)
(730.0,730.0)
(730.0,730.0)
(730.0,730.0)
(730.0,730.0)
(43.0,730.0)
(730.0,730.0)
(730.0,730.0)
(730.0,730.0)
(730.0,730.0)
(730.0,730.0)
(730.0,730.0)
(730.0,730.0)
(167.0,730.0)
(664.0,730.0)
(730.0,730.0)
(730.0,730.0)
(730.0,730.0)
(730.0,730.0)
(730.0,730.0)
(158.0,730.0)
(730.0,730.0)
(729.0,730.0)
(730.0,730.0)
(730.0,730.0)
(730.0,730.0)
(730.0,730.0)
(730.0,730.0)
(730.0,730.0)
(664.0,730.0)
(730.0,730.0)
(730.0,730.0)
(729.0,730.0)
(730.0,730.0)
(730.0,730.0)
(534.0,730.0)
(730.0,730.0)
(730.0,730.0)
(730.0,730.0)
(534.0,730.0)
(730.0,730.0)
(730.0,730.0)
(730.0,730.0)
(730.0,730.0)
(730.0,730.0)
(664.0,730.0)
(730.0,730.0)
(730.0,730.0)
(730.0,730.0)
(730.0,730.0)
(729.0,730.0)
(730.0,730.0)
(735.0,730.0)
(730.0,730.0)
(730.0,730.0)
(730.0,730.0)
(730.0,730.0)
(730.0,730.0)
(730.0,730.0)
(730.0,730.0)
(730.0,730.0)
(730.0,730.0)
(730.0,730.0)
(489.0,730.0)
(730.0,730.0)
(158.0,730.0)
(730.0,730.0)
(730.0,730.0)
(730.0,730.0)
(730.0,730.0)
(730.0,730.0)
(735.0,730.0)
(664.0,730.0)
(729.0,730.0)
(730.0,730.0)
(730.0,730.0)
(730.0,730.0)
(730.0,730.0)
(729.0,730.0)
(730.0,730.0)
(730.0,730.0)
(730.0,730.0)
(730.0,730.0)
(730.0,730.0)
(730.0,730.0)
(730.0,730.0)
(730.0,730.0)
(730.0,730.0)
(729.0,730.0)
(730.0,730.0)
(47.0,730.0)
(735.0,730.0)
(730.0,730.0)
(730.0,730.0)
(730.0,730.0)
(730.0,730.0)
(534.0,730.0)
(730.0,730.0)
(729.0,730.0)
(730.0,730.0)
(730.0,730.0)
(730.0,730.0)
(730.0,730.0)
(730.0,730.0)
(158.0,730.0)
(730.0,730.0)
(729.0,730.0)
(730.0,730.0)
(730.0,730.0)
(730.0,730.0)
(730.0,730.0)
(730.0,730.0)
(730.0,730.0)
(729.0,730.0)
(735.0,730.0)
(729.0,730.0)
(158.0,730.0)
(158.0,730.0)
(730.0,730.0)
(730.0,730.0)
(730.0,730.0)
(47.0,730.0)
(729.0,730.0)
(730.0,730.0)
(730.0,730.0)
(730.0,730.0)
(735.0,730.0)
(730.0,730.0)
(730.0,730.0)
(413.0,730.0)
(729.0,730.0)
(730.0,730.0)
(730.0,730.0)
(730.0,730.0)
(730.0,730.0)
(730.0,730.0)
(729.0,730.0)
(730.0,730.0)
(729.0,730.0)
(730.0,730.0)
(730.0,730.0)
(730.0,730.0)
(730.0,730.0)
(730.0,730.0)
(729.0,730.0)
(730.0,730.0)
(729.0,730.0)
(735.0,730.0)
(730.0,730.0)
(730.0,730.0)
(729.0,730.0)
(729.0,730.0)
(475.0,730.0)
(730.0,730.0)
(730.0,730.0)
(730.0,730.0)
(735.0,730.0)
(730.0,730.0)
(730.0,730.0)
(730.0,730.0)
(729.0,730.0)
(730.0,730.0)
(730.0,730.0)
(47.0,730.0)
(729.0,730.0)
(729.0,730.0)
(735.0,730.0)
(771.0,730.0)
(730.0,730.0)
(534.0,730.0)
(730.0,730.0)
(730.0,730.0)
(730.0,730.0)
(730.0,730.0)
(730.0,730.0)
(730.0,730.0)
(730.0,730.0)
(730.0,730.0)
(730.0,730.0)
(730.0,730.0)
(730.0,730.0)
(730.0,730.0)
(730.0,730.0)
(730.0,730.0)
(47.0,730.0)
(730.0,730.0)
(730.0,730.0)
(729.0,730.0)
(730.0,730.0)
(730.0,730.0)
(730.0,730.0)
(735.0,730.0)
(730.0,730.0)
(412.0,730.0)
(47.0,730.0)
(730.0,730.0)
(730.0,730.0)
(730.0,730.0)
(730.0,730.0)
(730.0,730.0)
(730.0,730.0)
(730.0,730.0)
(730.0,730.0)
(730.0,730.0)
(730.0,730.0)
(730.0,730.0)
(730.0,730.0)
(730.0,730.0)
(730.0,730.0)
(730.0,730.0)
(730.0,730.0)
(534.0,730.0)
(412.0,730.0)
(730.0,730.0)
(730.0,730.0)
(730.0,730.0)
(730.0,730.0)
(730.0,730.0)
(475.0,730.0)
(730.0,730.0)
(730.0,730.0)
(730.0,730.0)
(730.0,730.0)
(730.0,730.0)
(730.0,730.0)
(730.0,730.0)
(730.0,730.0)
(47.0,730.0)
(730.0,730.0)
(730.0,730.0)
(729.0,730.0)
(729.0,730.0)
(730.0,730.0)
(735.0,730.0)
(730.0,730.0)
(412.0,730.0)
(730.0,730.0)
(730.0,730.0)
(735.0,730.0)
(730.0,730.0)
(730.0,730.0)
(730.0,730.0)
(730.0,730.0)
(730.0,730.0)
(47.0,730.0)
(730.0,730.0)
(730.0,730.0)
(730.0,730.0)
(730.0,730.0)
(729.0,730.0)
(730.0,730.0)
(730.0,730.0)
(730.0,730.0)
(730.0,730.0)
(730.0,730.0)
(730.0,730.0)
(730.0,730.0)
(730.0,730.0)
(730.0,730.0)
(412.0,730.0)
(730.0,730.0)
(730.0,730.0)
(489.0,730.0)
(730.0,730.0)
(475.0,730.0)
(730.0,730.0)
(730.0,730.0)
(730.0,730.0)
(730.0,730.0)
(730.0,730.0)
(730.0,730.0)
(47.0,730.0)
(729.0,730.0)
(730.0,730.0)
(730.0,730.0)
(730.0,730.0)
(730.0,730.0)
(729.0,730.0)
(730.0,730.0)
(730.0,730.0)
(730.0,730.0)
(730.0,730.0)
(730.0,730.0)
(730.0,730.0)
(730.0,730.0)
(730.0,730.0)
(730.0,730.0)
(729.0,730.0)
(730.0,730.0)
(47.0,730.0)
(735.0,730.0)
(730.0,730.0)
(730.0,730.0)
(730.0,730.0)
(730.0,730.0)
(489.0,730.0)
(730.0,730.0)
(730.0,730.0)
(158.0,730.0)
(730.0,730.0)
(730.0,730.0)
(489.0,730.0)
(730.0,730.0)
(730.0,730.0)
(730.0,730.0)
(730.0,730.0)
(489.0,730.0)
(730.0,730.0)
(730.0,730.0)
(730.0,730.0)
(730.0,730.0)
(47.0,730.0)
(730.0,730.0)
(730.0,730.0)
(730.0,730.0)
(730.0,730.0)
(730.0,730.0)
(730.0,730.0)
(730.0,730.0)
(729.0,730.0)
(730.0,730.0)
(729.0,730.0)
(730.0,730.0)
(730.0,730.0)
(730.0,730.0)
(735.0,730.0)
(730.0,730.0)
(730.0,730.0)
(413.0,730.0)
(729.0,730.0)
(730.0,730.0)
(730.0,730.0)
(730.0,730.0)
(730.0,730.0)
(730.0,730.0)
(729.0,730.0)
(730.0,730.0)
(729.0,730.0)
(730.0,730.0)
(730.0,730.0)
(730.0,730.0)
(730.0,730.0)
(730.0,730.0)
(729.0,730.0)
(730.0,730.0)
(730.0,730.0)
(735.0,730.0)
(730.0,730.0)
(730.0,730.0)
(729.0,730.0)
(729.0,730.0)
(475.0,730.0)
(730.0,730.0)
(730.0,730.0)
(730.0,730.0)
(519.0,730.0)
(730.0,730.0)
(730.0,730.0)
(730.0,730.0)
(729.0,730.0)
(730.0,730.0)
(730.0,730.0)
(47.0,730.0)
(729.0,730.0)
(729.0,730.0)
(735.0,730.0)
(771.0,730.0)
(730.0,730.0)
(534.0,730.0)
(729.0,730.0)
(730.0,730.0)
(730.0,730.0)
(730.0,730.0)
(730.0,730.0)
(730.0,730.0)
(730.0,730.0)
(730.0,730.0)
(730.0,730.0)
(730.0,730.0)
(730.0,730.0)
(730.0,730.0)
(730.0,730.0)
(730.0,730.0)
(47.0,730.0)
(730.0,730.0)
(730.0,730.0)
(729.0,730.0)
(730.0,730.0)
(730.0,730.0)
(730.0,730.0)
(735.0,730.0)
(730.0,730.0)
(412.0,730.0)
(47.0,730.0)
(730.0,730.0)
(730.0,730.0)
(730.0,730.0)
(730.0,730.0)
(730.0,730.0)
(730.0,730.0)
(730.0,730.0)
(730.0,730.0)
(730.0,730.0)
(730.0,730.0)
(730.0,730.0)
(730.0,730.0)
(730.0,730.0)
(730.0,730.0)
(730.0,730.0)
(730.0,730.0)
(534.0,730.0)
(412.0,730.0)
(730.0,730.0)
(730.0,730.0)
(730.0,730.0)
(730.0,730.0)
(730.0,730.0)
(475.0,730.0)
(730.0,730.0)
(730.0,730.0)
(730.0,730.0)
(730.0,730.0)
(730.0,730.0)
(730.0,730.0)
(730.0,730.0)
(730.0,730.0)
(47.0,730.0)
(730.0,730.0)
(730.0,730.0)
(729.0,730.0)
(729.0,730.0)
(730.0,730.0)
(735.0,730.0)
(730.0,730.0)
(412.0,730.0)
(730.0,730.0)
(730.0,730.0)
(735.0,730.0)
(730.0,730.0)
(730.0,730.0)
(730.0,730.0)
(730.0,730.0)
(730.0,730.0)
(47.0,730.0)
(730.0,730.0)
(730.0,730.0)
(730.0,730.0)
(730.0,730.0)
(729.0,730.0)
(730.0,730.0)
(730.0,730.0)
(730.0,730.0)
(730.0,730.0)
(730.0,730.0)
(730.0,730.0)
(730.0,730.0)
(730.0,730.0)
(730.0,730.0)
(412.0,730.0)
(730.0,730.0)
(730.0,730.0)
(489.0,730.0)
(730.0,730.0)
(475.0,730.0)
(730.0,730.0)
(730.0,730.0)
(730.0,730.0)
(730.0,730.0)
(730.0,730.0)
(730.0,730.0)
(47.0,730.0)
(729.0,730.0)
(730.0,730.0)
(730.0,730.0)
(730.0,730.0)
(730.0,730.0)
(730.0,730.0)
(730.0,730.0)
(730.0,730.0)
(730.0,730.0)
(730.0,730.0)
(730.0,730.0)
(730.0,730.0)
(730.0,730.0)
(730.0,730.0)
(730.0,730.0)
(729.0,730.0)
(730.0,730.0)
(47.0,730.0)
(735.0,730.0)
(730.0,730.0)
(730.0,730.0)
(730.0,730.0)
(730.0,730.0)
(489.0,730.0)
(730.0,730.0)
(730.0,730.0)
(158.0,730.0)
(730.0,730.0)
(730.0,730.0)
(489.0,730.0)
(730.0,730.0)
(729.0,730.0)
(730.0,730.0)
(730.0,730.0)
(489.0,730.0)
(730.0,730.0)
(730.0,730.0)
(730.0,730.0)
(730.0,730.0)
(47.0,730.0)
(730.0,730.0)
(730.0,730.0)
(730.0,730.0)
(730.0,730.0)
(730.0,730.0)
(730.0,730.0)
(730.0,730.0)
(729.0,730.0)
(730.0,730.0)
(730.0,731.0)
(730.0,731.0)
(731.0,731.0)
(730.0,731.0)
(731.0,731.0)
(396.0,731.0)
(730.0,731.0)
(731.0,731.0)
(731.0,731.0)
(731.0,731.0)
(731.0,731.0)
(731.0,731.0)
(731.0,731.0)
(731.0,731.0)
(493.0,731.0)
(349.0,731.0)
(730.0,731.0)
(731.0,731.0)
(730.0,731.0)
(730.0,731.0)
(730.0,731.0)
(730.0,731.0)
(730.0,731.0)
(731.0,731.0)
(730.0,731.0)
(730.0,731.0)
(731.0,731.0)
(730.0,731.0)
(731.0,731.0)
(731.0,731.0)
(731.0,731.0)
(731.0,731.0)
(349.0,731.0)
(731.0,731.0)
(730.0,731.0)
(731.0,731.0)
(731.0,731.0)
(731.0,731.0)
(730.0,731.0)
(731.0,731.0)
(731.0,731.0)
(730.0,731.0)
(730.0,731.0)
(730.0,731.0)
(730.0,731.0)
(731.0,731.0)
(730.0,731.0)
(731.0,731.0)
(731.0,731.0)
(730.0,731.0)
(731.0,731.0)
(730.0,731.0)
(731.0,731.0)
(731.0,731.0)
(731.0,731.0)
(493.0,731.0)
(731.0,731.0)
(730.0,731.0)
(730.0,731.0)
(730.0,731.0)
(534.0,731.0)
(731.0,731.0)
(730.0,731.0)
(493.0,731.0)
(731.0,731.0)
(735.0,731.0)
(731.0,731.0)
(43.0,731.0)
(413.0,731.0)
(731.0,731.0)
(730.0,731.0)
(731.0,731.0)
(731.0,731.0)
(731.0,731.0)
(731.0,731.0)
(731.0,731.0)
(730.0,731.0)
(730.0,731.0)
(730.0,731.0)
(730.0,731.0)
(730.0,731.0)
(730.0,731.0)
(731.0,731.0)
(731.0,731.0)
(730.0,731.0)
(731.0,731.0)
(396.0,731.0)
(730.0,731.0)
(731.0,731.0)
(731.0,731.0)
(731.0,731.0)
(731.0,731.0)
(413.0,731.0)
(158.0,731.0)
(413.0,731.0)
(730.0,731.0)
(731.0,731.0)
(731.0,731.0)
(730.0,731.0)
(731.0,731.0)
(731.0,731.0)
(730.0,731.0)
(730.0,731.0)
(731.0,731.0)
(731.0,731.0)
(493.0,731.0)
(731.0,731.0)
(731.0,731.0)
(396.0,731.0)
(730.0,731.0)
(730.0,731.0)
(731.0,731.0)
(730.0,731.0)
(396.0,731.0)
(731.0,731.0)
(730.0,731.0)
(731.0,731.0)
(731.0,731.0)
(730.0,731.0)
(730.0,731.0)
(730.0,731.0)
(731.0,731.0)
(731.0,731.0)
(731.0,731.0)
(731.0,731.0)
(731.0,731.0)
(731.0,731.0)
(731.0,731.0)
(730.0,731.0)
(730.0,731.0)
(731.0,731.0)
(731.0,731.0)
(731.0,731.0)
(731.0,731.0)
(730.0,731.0)
(730.0,731.0)
(731.0,731.0)
(730.0,731.0)
(730.0,731.0)
(731.0,731.0)
(730.0,731.0)
(731.0,731.0)
(493.0,731.0)
(493.0,731.0)
(730.0,731.0)
(731.0,731.0)
(730.0,731.0)
(730.0,731.0)
(731.0,731.0)
(735.0,731.0)
(731.0,731.0)
(730.0,731.0)
(731.0,731.0)
(731.0,731.0)
(731.0,731.0)
(731.0,731.0)
(730.0,731.0)
(731.0,731.0)
(731.0,731.0)
(731.0,731.0)
(730.0,731.0)
(731.0,731.0)
(731.0,731.0)
(730.0,731.0)
(43.0,731.0)
(534.0,731.0)
(730.0,731.0)
(731.0,731.0)
(730.0,731.0)
(396.0,731.0)
(731.0,731.0)
(731.0,731.0)
(731.0,731.0)
(730.0,731.0)
(731.0,731.0)
(730.0,731.0)
(731.0,731.0)
(158.0,731.0)
(730.0,731.0)
(731.0,731.0)
(730.0,731.0)
(731.0,731.0)
(731.0,731.0)
(731.0,731.0)
(731.0,731.0)
(730.0,731.0)
(730.0,731.0)
(349.0,731.0)
(730.0,731.0)
(43.0,731.0)
(493.0,731.0)
(731.0,731.0)
(731.0,731.0)
(731.0,731.0)
(730.0,731.0)
(730.0,731.0)
(729.0,729.0)
(730.0,729.0)
(729.0,729.0)
(729.0,729.0)
(729.0,729.0)
(730.0,729.0)
(730.0,729.0)
(729.0,729.0)
(729.0,729.0)
(729.0,729.0)
(729.0,729.0)
(729.0,729.0)
(729.0,729.0)
(729.0,729.0)
(729.0,729.0)
(729.0,729.0)
(729.0,729.0)
(349.0,729.0)
(729.0,729.0)
(729.0,729.0)
(729.0,729.0)
(730.0,729.0)
(729.0,729.0)
(729.0,729.0)
(729.0,729.0)
(729.0,729.0)
(729.0,729.0)
(729.0,729.0)
(729.0,729.0)
(730.0,729.0)
(729.0,729.0)
(729.0,729.0)
(729.0,729.0)
(729.0,729.0)
(349.0,729.0)
(729.0,729.0)
(729.0,729.0)
(729.0,729.0)
(729.0,729.0)
(729.0,729.0)
(730.0,729.0)
(729.0,729.0)
(729.0,729.0)
(729.0,729.0)
(735.0,729.0)
(729.0,729.0)
(729.0,729.0)
(729.0,729.0)
(729.0,729.0)
(729.0,729.0)
(729.0,729.0)
(729.0,729.0)
(729.0,729.0)
(730.0,729.0)
(729.0,729.0)
(729.0,729.0)
(729.0,729.0)
(729.0,729.0)
(729.0,729.0)
(729.0,729.0)
(729.0,729.0)
(729.0,729.0)
(729.0,729.0)
(729.0,729.0)
(729.0,729.0)
(729.0,729.0)
(729.0,729.0)
(729.0,729.0)
(729.0,729.0)
(729.0,729.0)
(729.0,729.0)
(729.0,729.0)
(729.0,729.0)
(729.0,729.0)
(729.0,729.0)
(729.0,729.0)
(729.0,729.0)
(729.0,729.0)
(729.0,729.0)
(729.0,729.0)
(489.0,729.0)
(729.0,729.0)
(730.0,729.0)
(349.0,729.0)
(729.0,729.0)
(729.0,729.0)
(729.0,729.0)
(729.0,729.0)
(729.0,729.0)
(729.0,729.0)
(729.0,729.0)
(729.0,729.0)
(729.0,729.0)
(730.0,729.0)
(729.0,729.0)
(730.0,729.0)
(729.0,729.0)
(349.0,729.0)
(729.0,729.0)
(729.0,729.0)
(729.0,729.0)
(729.0,729.0)
(729.0,729.0)
(729.0,729.0)
(729.0,729.0)
(729.0,729.0)
(729.0,729.0)
(730.0,729.0)
(730.0,729.0)
(729.0,729.0)
(729.0,729.0)
(729.0,729.0)
(730.0,729.0)
(729.0,729.0)
(729.0,729.0)
(735.0,729.0)
(729.0,729.0)
(729.0,729.0)
(730.0,729.0)
(729.0,729.0)
(489.0,729.0)
(729.0,729.0)
(729.0,729.0)
(729.0,729.0)
(729.0,729.0)
(729.0,729.0)
(730.0,729.0)
(729.0,729.0)
(730.0,729.0)
(729.0,729.0)
(729.0,729.0)
(729.0,729.0)
(729.0,729.0)
(729.0,729.0)
(729.0,729.0)
(730.0,729.0)
(729.0,729.0)
(729.0,729.0)
(729.0,729.0)
(729.0,729.0)
(729.0,729.0)
(730.0,729.0)
(729.0,729.0)
(730.0,729.0)
(729.0,729.0)
(349.0,729.0)
(729.0,729.0)
(729.0,729.0)
(729.0,729.0)
(729.0,729.0)
(729.0,729.0)
(729.0,729.0)
(729.0,729.0)
(729.0,729.0)
(730.0,729.0)
(730.0,729.0)
(729.0,729.0)
(730.0,729.0)
(729.0,729.0)
(729.0,729.0)
(729.0,729.0)
(729.0,729.0)
(729.0,729.0)
(349.0,729.0)
(729.0,729.0)
(730.0,729.0)
(349.0,729.0)
(729.0,729.0)
(729.0,729.0)
(729.0,729.0)
(730.0,729.0)
(729.0,729.0)
(729.0,729.0)
(729.0,729.0)
(145.0,729.0)
(729.0,729.0)
(489.0,729.0)
(729.0,729.0)
(729.0,729.0)
(729.0,729.0)
(729.0,729.0)
(729.0,729.0)
(729.0,729.0)
(729.0,729.0)
(729.0,729.0)
(729.0,729.0)
(730.0,729.0)
(729.0,729.0)
(349.0,729.0)
(729.0,729.0)
(730.0,729.0)
(730.0,729.0)
(729.0,729.0)
(729.0,729.0)
(729.0,729.0)
(729.0,729.0)
(730.0,729.0)
(730.0,729.0)
(729.0,729.0)
(729.0,729.0)
(407.0,733.0)
(519.0,733.0)
(735.0,733.0)
(63.0,733.0)
(735.0,733.0)
(731.0,733.0)
(735.0,733.0)
(519.0,733.0)
(735.0,733.0)
(735.0,733.0)
(404.0,733.0)
(735.0,733.0)
(735.0,733.0)
(735.0,733.0)
(519.0,733.0)
(407.0,733.0)
(731.0,733.0)
(489.0,733.0)
(731.0,733.0)
(407.0,733.0)
(69.0,733.0)
(733.0,733.0)
(407.0,733.0)
(407.0,733.0)
(735.0,733.0)
(733.0,733.0)
(733.0,733.0)
(735.0,733.0)
(735.0,733.0)
(413.0,733.0)
(735.0,733.0)
(735.0,733.0)
(69.0,733.0)
(413.0,733.0)
(435.0,733.0)
(731.0,733.0)
(125.0,733.0)
(733.0,733.0)
(735.0,733.0)
(63.0,733.0)
(735.0,733.0)
(407.0,733.0)
(730.0,733.0)
(484.0,733.0)
(731.0,733.0)
(63.0,733.0)
(735.0,733.0)
(731.0,733.0)
(413.0,733.0)
(735.0,733.0)
(735.0,733.0)
(735.0,733.0)
(733.0,733.0)
(407.0,733.0)
(733.0,733.0)
(735.0,733.0)
(735.0,733.0)
(735.0,733.0)
(484.0,733.0)
(519.0,733.0)
(735.0,733.0)
(69.0,733.0)
(735.0,733.0)
(63.0,733.0)
(730.0,733.0)
(63.0,733.0)
(735.0,733.0)
(407.0,733.0)
(519.0,733.0)
(413.0,733.0)
(735.0,733.0)
(731.0,733.0)
(733.0,733.0)
(735.0,733.0)
(404.0,733.0)
(735.0,733.0)
(407.0,733.0)
(735.0,733.0)
(407.0,733.0)
(407.0,733.0)
(404.0,733.0)
(413.0,733.0)
(413.0,733.0)
(735.0,733.0)
(519.0,733.0)
(413.0,733.0)
(735.0,733.0)
(63.0,733.0)
(733.0,733.0)
(63.0,733.0)
(407.0,733.0)
(413.0,733.0)
(735.0,733.0)
(735.0,733.0)
(735.0,733.0)
(63.0,733.0)
(735.0,733.0)
(735.0,733.0)
(735.0,733.0)
(735.0,733.0)
(435.0,733.0)
(69.0,733.0)
(735.0,733.0)
(735.0,733.0)
(404.0,733.0)
(413.0,733.0)
(735.0,733.0)
(730.0,733.0)
(519.0,733.0)
(735.0,733.0)
(413.0,733.0)
(735.0,733.0)
(413.0,733.0)
(413.0,733.0)
(735.0,733.0)
(519.0,733.0)
(63.0,733.0)
(404.0,733.0)
(735.0,733.0)
(735.0,733.0)
(407.0,733.0)
(484.0,733.0)
(735.0,733.0)
(435.0,733.0)
(435.0,733.0)
(735.0,733.0)
(125.0,733.0)
(404.0,733.0)
(735.0,733.0)
(735.0,733.0)
(63.0,733.0)
(735.0,733.0)
(404.0,733.0)
(404.0,733.0)
(407.0,733.0)
(735.0,733.0)
(407.0,733.0)
(519.0,733.0)
(735.0,733.0)
(63.0,733.0)
(407.0,733.0)
(735.0,733.0)
(519.0,733.0)
(63.0,733.0)
(731.0,733.0)
(735.0,733.0)
(63.0,733.0)
(404.0,733.0)
(730.0,733.0)
(407.0,733.0)
(404.0,733.0)
(730.0,733.0)
(735.0,733.0)
(413.0,733.0)
(407.0,733.0)
(735.0,733.0)
(69.0,733.0)
(735.0,733.0)
(63.0,733.0)
(735.0,733.0)
(404.0,733.0)
(735.0,733.0)
(735.0,733.0)
(733.0,733.0)
(413.0,733.0)
(735.0,733.0)
(735.0,733.0)
(69.0,733.0)
(735.0,733.0)
(413.0,733.0)
(735.0,733.0)
(519.0,733.0)
(735.0,733.0)
(735.0,733.0)
(519.0,733.0)
(735.0,733.0)
(519.0,733.0)
(74.0,733.0)
(731.0,733.0)
(735.0,733.0)
(404.0,733.0)
(63.0,733.0)
(404.0,733.0)
(519.0,733.0)
(413.0,733.0)
(407.0,733.0)
(730.0,733.0)
(404.0,733.0)
(735.0,733.0)
(74.0,733.0)
(735.0,733.0)
(735.0,733.0)
(735.0,733.0)
(733.0,733.0)
(735.0,733.0)
(519.0,733.0)
(735.0,733.0)
(435.0,733.0)
(731.0,733.0)
(732.0,734.0)
(407.0,734.0)
(523.0,734.0)
(492.0,734.0)
(734.0,734.0)
(734.0,734.0)
(492.0,734.0)
(735.0,734.0)
(735.0,734.0)
(492.0,734.0)
(734.0,734.0)
(731.0,734.0)
(349.0,734.0)
(734.0,734.0)
(485.0,734.0)
(404.0,734.0)
(447.0,734.0)
(734.0,734.0)
(734.0,734.0)
(734.0,734.0)
(734.0,734.0)
(734.0,734.0)
(732.0,734.0)
(734.0,734.0)
(733.0,734.0)
(732.0,734.0)
(732.0,734.0)
(519.0,734.0)
(735.0,734.0)
(492.0,734.0)
(735.0,734.0)
(386.0,734.0)
(734.0,734.0)
(734.0,734.0)
(735.0,734.0)
(734.0,734.0)
(455.0,734.0)
(734.0,734.0)
(735.0,734.0)
(734.0,734.0)
(519.0,734.0)
(732.0,734.0)
(713.0,734.0)
(735.0,734.0)
(734.0,734.0)
(503.0,734.0)
(734.0,734.0)
(735.0,734.0)
(734.0,734.0)
(734.0,734.0)
(733.0,734.0)
(407.0,734.0)
(485.0,734.0)
(735.0,734.0)
(734.0,734.0)
(1.0,734.0)
(734.0,734.0)
(519.0,734.0)
(735.0,734.0)
(485.0,734.0)
(734.0,734.0)
(734.0,734.0)
(417.0,734.0)
(485.0,734.0)
(735.0,734.0)
(734.0,734.0)
(523.0,734.0)
(492.0,734.0)
(734.0,734.0)
(492.0,734.0)
(734.0,734.0)
(734.0,734.0)
(447.0,734.0)
(484.0,734.0)
(734.0,734.0)
(302.0,734.0)
(734.0,734.0)
(407.0,734.0)
(447.0,734.0)
(435.0,734.0)
(1.0,734.0)
(734.0,734.0)
(732.0,734.0)
(734.0,734.0)
(734.0,734.0)
(734.0,734.0)
(713.0,734.0)
(485.0,734.0)
(734.0,734.0)
(732.0,734.0)
(734.0,734.0)
(731.0,734.0)
(734.0,734.0)
(1.0,734.0)
(732.0,734.0)
(484.0,734.0)
(386.0,734.0)
(734.0,734.0)
(734.0,734.0)
(734.0,734.0)
(734.0,734.0)
(734.0,734.0)
(492.0,734.0)
(734.0,734.0)
(734.0,734.0)
(734.0,734.0)
(417.0,734.0)
(734.0,734.0)
(735.0,734.0)
(734.0,734.0)
(734.0,734.0)
(407.0,734.0)
(734.0,734.0)
(734.0,734.0)
(734.0,734.0)
(407.0,734.0)
(734.0,734.0)
(734.0,734.0)
(734.0,734.0)
(734.0,734.0)
(734.0,734.0)
(78.0,734.0)
(492.0,734.0)
(735.0,734.0)
(734.0,734.0)
(734.0,734.0)
(734.0,734.0)
(485.0,734.0)
(734.0,734.0)
(734.0,734.0)
(735.0,734.0)
(417.0,734.0)
(17.0,734.0)
(734.0,734.0)
(734.0,734.0)
(492.0,734.0)
(407.0,734.0)
(484.0,734.0)
(519.0,734.0)
(735.0,734.0)
(1.0,734.0)
(484.0,734.0)
(735.0,734.0)
(492.0,734.0)
(485.0,734.0)
(734.0,734.0)
(734.0,734.0)
(407.0,734.0)
(485.0,734.0)
(731.0,734.0)
(734.0,734.0)
(447.0,734.0)
(732.0,734.0)
(734.0,734.0)
(633.0,734.0)
(417.0,734.0)
(734.0,734.0)
(417.0,734.0)
(734.0,734.0)
(484.0,734.0)
(734.0,734.0)
(735.0,734.0)
(734.0,734.0)
(734.0,734.0)
(484.0,734.0)
(734.0,734.0)
(732.0,734.0)
(417.0,734.0)
(734.0,734.0)
(404.0,734.0)
(417.0,734.0)
(492.0,734.0)
(435.0,734.0)
(493.0,734.0)
(407.0,734.0)
(734.0,734.0)
(734.0,734.0)
(485.0,734.0)
(734.0,734.0)
(734.0,734.0)
(13.0,734.0)
(732.0,734.0)
(735.0,734.0)
(264.0,734.0)
(519.0,734.0)
(735.0,734.0)
(447.0,734.0)
(734.0,735.0)
(734.0,735.0)
(734.0,735.0)
(734.0,735.0)
(734.0,735.0)
(734.0,735.0)
(447.0,735.0)
(734.0,735.0)
(417.0,735.0)
(732.0,735.0)
(417.0,735.0)
(492.0,735.0)
(734.0,735.0)
(447.0,735.0)
(734.0,735.0)
(734.0,735.0)
(417.0,735.0)
(365.0,735.0)
(734.0,735.0)
(417.0,735.0)
(413.0,735.0)
(486.0,735.0)
(387.0,735.0)
(407.0,735.0)
(734.0,735.0)
(734.0,735.0)
(734.0,735.0)
(365.0,735.0)
(492.0,735.0)
(492.0,735.0)
(734.0,735.0)
(412.0,735.0)
(734.0,735.0)
(492.0,735.0)
(492.0,735.0)
(413.0,735.0)
(486.0,735.0)
(519.0,735.0)
(732.0,735.0)
(417.0,735.0)
(435.0,735.0)
(734.0,735.0)
(734.0,735.0)
(417.0,735.0)
(404.0,735.0)
(734.0,735.0)
(734.0,735.0)
(417.0,735.0)
(365.0,735.0)
(1.0,735.0)
(734.0,735.0)
(417.0,735.0)
(734.0,735.0)
(734.0,735.0)
(519.0,735.0)
(417.0,735.0)
(417.0,735.0)
(417.0,735.0)
(455.0,735.0)
(413.0,735.0)
(417.0,735.0)
(732.0,735.0)
(417.0,735.0)
(417.0,735.0)
(417.0,735.0)
(732.0,735.0)
(734.0,735.0)
(417.0,735.0)
(417.0,735.0)
(492.0,735.0)
(417.0,735.0)
(413.0,735.0)
(417.0,735.0)
(734.0,735.0)
(492.0,735.0)
(492.0,735.0)
(492.0,735.0)
(404.0,735.0)
(413.0,735.0)
(435.0,735.0)
(365.0,735.0)
(734.0,735.0)
(734.0,735.0)
(455.0,735.0)
(492.0,735.0)
(365.0,735.0)
(417.0,735.0)
(734.0,735.0)
(492.0,735.0)
(417.0,735.0)
(734.0,735.0)
(734.0,735.0)
(734.0,735.0)
(734.0,735.0)
(734.0,735.0)
(492.0,735.0)
(734.0,735.0)
(492.0,735.0)
(734.0,735.0)
(734.0,735.0)
(413.0,735.0)
(734.0,735.0)
(734.0,735.0)
(734.0,735.0)
(732.0,735.0)
(435.0,735.0)
(447.0,735.0)
(734.0,735.0)
(404.0,735.0)
(734.0,735.0)
(492.0,735.0)
(492.0,735.0)
(732.0,735.0)
(412.0,735.0)
(417.0,735.0)
(734.0,735.0)
(413.0,735.0)
(734.0,735.0)
(417.0,735.0)
(413.0,735.0)
(365.0,735.0)
(417.0,735.0)
(435.0,735.0)
(417.0,735.0)
(413.0,735.0)
(734.0,735.0)
(478.0,735.0)
(413.0,735.0)
(734.0,735.0)
(734.0,735.0)
(734.0,735.0)
(492.0,735.0)
(417.0,735.0)
(387.0,735.0)
(455.0,735.0)
(492.0,735.0)
(734.0,735.0)
(734.0,735.0)
(734.0,735.0)
(734.0,735.0)
(734.0,735.0)
(492.0,735.0)
(734.0,735.0)
(734.0,735.0)
(447.0,735.0)
(492.0,735.0)
(417.0,735.0)
(734.0,735.0)
(492.0,735.0)
(734.0,735.0)
(734.0,735.0)
(413.0,735.0)
(417.0,735.0)
(365.0,735.0)
(417.0,735.0)
(387.0,735.0)
(455.0,735.0)
(1.0,735.0)
(519.0,735.0)
(734.0,735.0)
(734.0,735.0)
(435.0,735.0)
(492.0,735.0)
(404.0,735.0)
(492.0,735.0)
(417.0,735.0)
(413.0,735.0)
(734.0,735.0)
(417.0,735.0)
(413.0,735.0)
(492.0,735.0)
(734.0,735.0)
(417.0,735.0)
(413.0,735.0)
(413.0,735.0)
(734.0,735.0)
(417.0,735.0)
(407.0,735.0)
(734.0,735.0)
(413.0,735.0)
(734.0,735.0)
(734.0,735.0)
(417.0,735.0)
(734.0,735.0)
(417.0,735.0)
(407.0,735.0)
(492.0,735.0)
(734.0,735.0)
(413.0,735.0)
(492.0,735.0)
(734.0,735.0)
(492.0,735.0)
(417.0,735.0)
(417.0,735.0)
(492.0,735.0)
(404.0,735.0)
(40.0,349.0)
(402.0,349.0)
(424.0,349.0)
(349.0,349.0)
(424.0,349.0)
(402.0,349.0)
(461.0,349.0)
(692.0,349.0)
(35.0,349.0)
(349.0,349.0)
(45.0,349.0)
(469.0,349.0)
(771.0,349.0)
(45.0,349.0)
(2.0,349.0)
(402.0,349.0)
(44.0,349.0)
(44.0,349.0)
(461.0,349.0)
(402.0,349.0)
(429.0,349.0)
(771.0,349.0)
(461.0,349.0)
(45.0,349.0)
(349.0,349.0)
(2.0,349.0)
(461.0,349.0)
(771.0,349.0)
(45.0,349.0)
(434.0,349.0)
(45.0,349.0)
(445.0,349.0)
(405.0,349.0)
(37.0,349.0)
(413.0,349.0)
(449.0,349.0)
(33.0,349.0)
(469.0,349.0)
(429.0,349.0)
(431.0,349.0)
(784.0,349.0)
(558.0,349.0)
(24.0,349.0)
(469.0,349.0)
(38.0,349.0)
(44.0,349.0)
(45.0,349.0)
(45.0,349.0)
(413.0,349.0)
(42.0,349.0)
(455.0,349.0)
(45.0,349.0)
(424.0,349.0)
(522.0,349.0)
(402.0,349.0)
(405.0,349.0)
(429.0,349.0)
(771.0,349.0)
(40.0,349.0)
(44.0,349.0)
(771.0,349.0)
(771.0,349.0)
(45.0,349.0)
(429.0,349.0)
(44.0,349.0)
(388.0,349.0)
(2.0,349.0)
(771.0,349.0)
(405.0,349.0)
(102.0,349.0)
(424.0,349.0)
(781.0,349.0)
(771.0,349.0)
(44.0,349.0)
(525.0,349.0)
(771.0,349.0)
(45.0,349.0)
(45.0,349.0)
(37.0,349.0)
(413.0,349.0)
(44.0,349.0)
(402.0,349.0)
(349.0,349.0)
(44.0,349.0)
(461.0,349.0)
(771.0,349.0)
(530.0,349.0)
(25.0,349.0)
(102.0,349.0)
(349.0,349.0)
(771.0,349.0)
(35.0,349.0)
(424.0,349.0)
(771.0,349.0)
(447.0,349.0)
(340.0,349.0)
(45.0,349.0)
(37.0,349.0)
(466.0,349.0)
(349.0,349.0)
(349.0,349.0)
(468.0,349.0)
(386.0,349.0)
(381.0,349.0)
(771.0,349.0)
(736.0,736.0)
(743.0,736.0)
(736.0,736.0)
(736.0,736.0)
(455.0,736.0)
(736.0,736.0)
(736.0,736.0)
(455.0,736.0)
(736.0,736.0)
(736.0,736.0)
(736.0,736.0)
(736.0,736.0)
(736.0,736.0)
(736.0,736.0)
(743.0,736.0)
(736.0,736.0)
(736.0,736.0)
(736.0,736.0)
(736.0,736.0)
(455.0,736.0)
(455.0,736.0)
(736.0,736.0)
(435.0,736.0)
(736.0,736.0)
(736.0,736.0)
(736.0,736.0)
(736.0,736.0)
(736.0,736.0)
(743.0,736.0)
(736.0,736.0)
(447.0,736.0)
(736.0,736.0)
(736.0,736.0)
(736.0,736.0)
(359.0,736.0)
(736.0,736.0)
(753.0,736.0)
(359.0,736.0)
(736.0,736.0)
(455.0,736.0)
(736.0,736.0)
(736.0,736.0)
(736.0,736.0)
(736.0,736.0)
(455.0,736.0)
(740.0,736.0)
(736.0,736.0)
(736.0,736.0)
(736.0,736.0)
(417.0,736.0)
(736.0,736.0)
(736.0,736.0)
(736.0,736.0)
(736.0,736.0)
(736.0,736.0)
(736.0,736.0)
(736.0,736.0)
(447.0,736.0)
(736.0,736.0)
(736.0,736.0)
(736.0,736.0)
(736.0,736.0)
(743.0,736.0)
(736.0,736.0)
(736.0,736.0)
(736.0,736.0)
(743.0,736.0)
(736.0,736.0)
(743.0,736.0)
(378.0,736.0)
(455.0,736.0)
(740.0,736.0)
(736.0,736.0)
(736.0,736.0)
(736.0,736.0)
(455.0,736.0)
(736.0,736.0)
(740.0,736.0)
(736.0,736.0)
(736.0,736.0)
(736.0,736.0)
(736.0,736.0)
(736.0,736.0)
(753.0,736.0)
(736.0,736.0)
(736.0,736.0)
(736.0,736.0)
(736.0,736.0)
(455.0,736.0)
(736.0,736.0)
(736.0,736.0)
(447.0,736.0)
(736.0,736.0)
(736.0,736.0)
(743.0,736.0)
(736.0,736.0)
(736.0,736.0)
(736.0,736.0)
(736.0,736.0)
(736.0,736.0)
(736.0,736.0)
(736.0,736.0)
(736.0,736.0)
(736.0,736.0)
(736.0,736.0)
(736.0,736.0)
(736.0,736.0)
(736.0,736.0)
(736.0,736.0)
(736.0,736.0)
(736.0,736.0)
(736.0,736.0)
(736.0,736.0)
(736.0,736.0)
(743.0,736.0)
(455.0,736.0)
(743.0,736.0)
(743.0,736.0)
(736.0,736.0)
(736.0,736.0)
(417.0,736.0)
(354.0,736.0)
(736.0,736.0)
(406.0,736.0)
(736.0,736.0)
(736.0,736.0)
(736.0,736.0)
(736.0,736.0)
(736.0,736.0)
(736.0,736.0)
(455.0,736.0)
(736.0,736.0)
(736.0,736.0)
(736.0,736.0)
(743.0,736.0)
(736.0,736.0)
(740.0,736.0)
(435.0,736.0)
(455.0,736.0)
(736.0,736.0)
(736.0,736.0)
(736.0,736.0)
(736.0,736.0)
(736.0,736.0)
(743.0,736.0)
(736.0,736.0)
(455.0,736.0)
(736.0,736.0)
(736.0,736.0)
(743.0,736.0)
(447.0,736.0)
(736.0,736.0)
(753.0,736.0)
(743.0,736.0)
(736.0,736.0)
(736.0,736.0)
(736.0,736.0)
(736.0,736.0)
(455.0,736.0)
(736.0,736.0)
(736.0,736.0)
(736.0,736.0)
(736.0,736.0)
(736.0,736.0)
(736.0,736.0)
(736.0,736.0)
(736.0,736.0)
(736.0,736.0)
(413.0,736.0)
(736.0,736.0)
(455.0,736.0)
(736.0,736.0)
(736.0,736.0)
(736.0,736.0)
(455.0,736.0)
(736.0,736.0)
(455.0,736.0)
(736.0,736.0)
(736.0,736.0)
(736.0,736.0)
(736.0,736.0)
(802.0,736.0)
(736.0,736.0)
(740.0,736.0)
(736.0,736.0)
(743.0,736.0)
(447.0,736.0)
(736.0,736.0)
(736.0,736.0)
(455.0,736.0)
(736.0,736.0)
(740.0,736.0)
(740.0,736.0)
(743.0,736.0)
(736.0,736.0)
(736.0,736.0)
(736.0,736.0)
(736.0,736.0)
(736.0,736.0)
(354.0,736.0)
(736.0,736.0)
(740.0,736.0)
(736.0,736.0)
(736.0,736.0)
(736.0,736.0)
(736.0,736.0)
(736.0,736.0)
(455.0,736.0)
(736.0,736.0)
(736.0,736.0)
(481.0,736.0)
(743.0,736.0)
(736.0,736.0)
(736.0,736.0)
(736.0,736.0)
(736.0,736.0)
(736.0,736.0)
(455.0,736.0)
(736.0,736.0)
(753.0,736.0)
(736.0,736.0)
(736.0,736.0)
(736.0,736.0)
(736.0,736.0)
(455.0,736.0)
(736.0,736.0)
(743.0,736.0)
(736.0,736.0)
(736.0,736.0)
(736.0,736.0)
(455.0,736.0)
(736.0,736.0)
(736.0,736.0)
(736.0,736.0)
(447.0,736.0)
(753.0,736.0)
(736.0,736.0)
(736.0,736.0)
(736.0,736.0)
(455.0,736.0)
(455.0,736.0)
(736.0,736.0)
(736.0,736.0)
(455.0,736.0)
(736.0,736.0)
(736.0,736.0)
(455.0,736.0)
(736.0,736.0)
(736.0,736.0)
(743.0,736.0)
(736.0,736.0)
(455.0,736.0)
(736.0,736.0)
(743.0,736.0)
(736.0,736.0)
(736.0,736.0)
(740.0,736.0)
(743.0,736.0)
(736.0,736.0)
(736.0,736.0)
(736.0,736.0)
(736.0,736.0)
(736.0,736.0)
(736.0,736.0)
(736.0,736.0)
(736.0,736.0)
(351.0,736.0)
(481.0,736.0)
(736.0,736.0)
(736.0,736.0)
(736.0,736.0)
(736.0,736.0)
(736.0,736.0)
(736.0,736.0)
(736.0,736.0)
(743.0,736.0)
(736.0,736.0)
(736.0,736.0)
(736.0,736.0)
(743.0,736.0)
(736.0,736.0)
(736.0,736.0)
(736.0,736.0)
(736.0,736.0)
(736.0,736.0)
(413.0,736.0)
(736.0,736.0)
(455.0,736.0)
(736.0,736.0)
(736.0,736.0)
(736.0,736.0)
(736.0,736.0)
(736.0,736.0)
(736.0,736.0)
(736.0,736.0)
(736.0,736.0)
(736.0,736.0)
(455.0,736.0)
(736.0,736.0)
(447.0,736.0)
(736.0,736.0)
(736.0,736.0)
(736.0,736.0)
(743.0,736.0)
(736.0,736.0)
(736.0,736.0)
(736.0,736.0)
(736.0,736.0)
(736.0,736.0)
(736.0,736.0)
(736.0,736.0)
(357.0,736.0)
(455.0,736.0)
(736.0,736.0)
(736.0,736.0)
(736.0,736.0)
(736.0,736.0)
(736.0,736.0)
(736.0,736.0)
(736.0,736.0)
(736.0,736.0)
(736.0,736.0)
(736.0,736.0)
(455.0,736.0)
(736.0,736.0)
(736.0,736.0)
(736.0,736.0)
(743.0,736.0)
(736.0,736.0)
(736.0,736.0)
(368.0,736.0)
(736.0,736.0)
(359.0,736.0)
(736.0,736.0)
(736.0,736.0)
(736.0,736.0)
(736.0,736.0)
(736.0,736.0)
(736.0,736.0)
(736.0,736.0)
(736.0,736.0)
(736.0,736.0)
(736.0,736.0)
(736.0,736.0)
(736.0,736.0)
(736.0,736.0)
(736.0,736.0)
(736.0,736.0)
(738.0,736.0)
(736.0,736.0)
(736.0,736.0)
(736.0,736.0)
(736.0,736.0)
(736.0,736.0)
(736.0,736.0)
(455.0,736.0)
(736.0,736.0)
(736.0,736.0)
(736.0,736.0)
(743.0,736.0)
(736.0,736.0)
(736.0,736.0)
(455.0,736.0)
(736.0,736.0)
(736.0,736.0)
(455.0,736.0)
(743.0,736.0)
(736.0,736.0)
(421.0,736.0)
(736.0,736.0)
(736.0,736.0)
(455.0,736.0)
(736.0,736.0)
(736.0,736.0)
(743.0,736.0)
(736.0,736.0)
(455.0,736.0)
(736.0,736.0)
(455.0,736.0)
(736.0,736.0)
(736.0,736.0)
(736.0,736.0)
(736.0,736.0)
(736.0,736.0)
(736.0,736.0)
(736.0,736.0)
(736.0,736.0)
(736.0,736.0)
(736.0,736.0)
(740.0,736.0)
(736.0,736.0)
(736.0,736.0)
(736.0,736.0)
(350.0,736.0)
(455.0,736.0)
(355.0,736.0)
(743.0,736.0)
(736.0,736.0)
(736.0,736.0)
(736.0,736.0)
(736.0,736.0)
(435.0,736.0)
(736.0,736.0)
(736.0,736.0)
(736.0,736.0)
(743.0,736.0)
(738.0,736.0)
(736.0,736.0)
(736.0,736.0)
(743.0,736.0)
(736.0,736.0)
(736.0,736.0)
(743.0,736.0)
(743.0,736.0)
(455.0,736.0)
(743.0,736.0)
(736.0,736.0)
(736.0,736.0)
(736.0,736.0)
(736.0,736.0)
(736.0,736.0)
(736.0,736.0)
(736.0,736.0)
(736.0,736.0)
(736.0,736.0)
(736.0,736.0)
(417.0,736.0)
(374.0,736.0)
(736.0,736.0)
(736.0,736.0)
(736.0,736.0)
(736.0,736.0)
(447.0,736.0)
(736.0,736.0)
(736.0,736.0)
(736.0,736.0)
(736.0,736.0)
(736.0,736.0)
(262.0,736.0)
(736.0,736.0)
(455.0,736.0)
(37.0,736.0)
(736.0,736.0)
(736.0,736.0)
(736.0,736.0)
(740.0,736.0)
(736.0,736.0)
(736.0,736.0)
(472.0,736.0)
(736.0,736.0)
(736.0,736.0)
(736.0,736.0)
(740.0,736.0)
(736.0,736.0)
(743.0,736.0)
(753.0,736.0)
(736.0,736.0)
(736.0,736.0)
(736.0,736.0)
(736.0,736.0)
(736.0,736.0)
(736.0,736.0)
(736.0,736.0)
(736.0,736.0)
(753.0,736.0)
(43.0,736.0)
(743.0,736.0)
(736.0,736.0)
(736.0,736.0)
(435.0,736.0)
(743.0,736.0)
(736.0,736.0)
(736.0,736.0)
(736.0,736.0)
(413.0,736.0)
(736.0,736.0)
(736.0,736.0)
(736.0,736.0)
(736.0,736.0)
(736.0,736.0)
(447.0,736.0)
(736.0,736.0)
(736.0,736.0)
(736.0,736.0)
(743.0,736.0)
(736.0,736.0)
(736.0,736.0)
(736.0,736.0)
(743.0,736.0)
(736.0,736.0)
(447.0,736.0)
(736.0,736.0)
(736.0,736.0)
(455.0,736.0)
(802.0,736.0)
(736.0,736.0)
(736.0,736.0)
(736.0,736.0)
(736.0,736.0)
(736.0,736.0)
(736.0,736.0)
(736.0,736.0)
(736.0,736.0)
(736.0,736.0)
(736.0,736.0)
(736.0,736.0)
(736.0,736.0)
(736.0,736.0)
(736.0,736.0)
(736.0,736.0)
(736.0,736.0)
(455.0,736.0)
(736.0,736.0)
(736.0,736.0)
(413.0,736.0)
(736.0,736.0)
(736.0,736.0)
(739.0,736.0)
(736.0,736.0)
(736.0,736.0)
(736.0,736.0)
(413.0,736.0)
(736.0,736.0)
(740.0,736.0)
(417.0,736.0)
(736.0,736.0)
(736.0,736.0)
(455.0,736.0)
(736.0,736.0)
(455.0,736.0)
(736.0,736.0)
(736.0,736.0)
(736.0,736.0)
(736.0,736.0)
(736.0,736.0)
(736.0,736.0)
(736.0,736.0)
(736.0,736.0)
(740.0,736.0)
(736.0,736.0)
(736.0,736.0)
(511.0,736.0)
(736.0,736.0)
(738.0,736.0)
(736.0,736.0)
(736.0,736.0)
(736.0,736.0)
(736.0,736.0)
(743.0,736.0)
(736.0,736.0)
(736.0,736.0)
(736.0,736.0)
(736.0,736.0)
(736.0,736.0)
(455.0,736.0)
(398.0,736.0)
(736.0,736.0)
(736.0,736.0)
(736.0,736.0)
(736.0,736.0)
(736.0,736.0)
(736.0,736.0)
(736.0,736.0)
(736.0,736.0)
(736.0,736.0)
(736.0,736.0)
(455.0,736.0)
(736.0,736.0)
(736.0,736.0)
(736.0,736.0)
(736.0,736.0)
(736.0,736.0)
(736.0,736.0)
(736.0,736.0)
(736.0,736.0)
(743.0,736.0)
(740.0,736.0)
(736.0,736.0)
(736.0,736.0)
(447.0,736.0)
(736.0,736.0)
(736.0,736.0)
(736.0,736.0)
(736.0,736.0)
(736.0,736.0)
(455.0,736.0)
(736.0,736.0)
(736.0,736.0)
(736.0,736.0)
(736.0,736.0)
(743.0,736.0)
(736.0,736.0)
(740.0,736.0)
(43.0,736.0)
(739.0,736.0)
(455.0,736.0)
(740.0,736.0)
(736.0,736.0)
(15.0,736.0)
(743.0,736.0)
(743.0,736.0)
(736.0,736.0)
(455.0,736.0)
(743.0,736.0)
(406.0,736.0)
(736.0,736.0)
(736.0,736.0)
(736.0,736.0)
(736.0,736.0)
(736.0,736.0)
(736.0,736.0)
(743.0,736.0)
(736.0,736.0)
(736.0,736.0)
(743.0,736.0)
(527.0,736.0)
(736.0,736.0)
(736.0,736.0)
(736.0,736.0)
(736.0,736.0)
(736.0,736.0)
(736.0,736.0)
(736.0,736.0)
(804.0,736.0)
(736.0,736.0)
(736.0,736.0)
(413.0,736.0)
(736.0,736.0)
(736.0,736.0)
(736.0,736.0)
(736.0,736.0)
(736.0,736.0)
(736.0,736.0)
(736.0,736.0)
(743.0,736.0)
(736.0,736.0)
(736.0,736.0)
(736.0,736.0)
(736.0,736.0)
(743.0,736.0)
(455.0,736.0)
(736.0,736.0)
(736.0,736.0)
(736.0,736.0)
(736.0,736.0)
(736.0,736.0)
(736.0,736.0)
(743.0,736.0)
(736.0,736.0)
(743.0,736.0)
(736.0,736.0)
(736.0,736.0)
(736.0,736.0)
(736.0,736.0)
(740.0,736.0)
(736.0,736.0)
(736.0,736.0)
(736.0,736.0)
(736.0,736.0)
(743.0,736.0)
(743.0,736.0)
(736.0,736.0)
(736.0,736.0)
(736.0,736.0)
(736.0,736.0)
(736.0,736.0)
(736.0,736.0)
(736.0,736.0)
(736.0,736.0)
(738.0,736.0)
(736.0,736.0)
(736.0,736.0)
(736.0,736.0)
(740.0,736.0)
(740.0,736.0)
(736.0,736.0)
(736.0,736.0)
(736.0,736.0)
(736.0,736.0)
(804.0,736.0)
(736.0,736.0)
(743.0,736.0)
(736.0,736.0)
(736.0,736.0)
(736.0,736.0)
(736.0,736.0)
(736.0,736.0)
(740.0,736.0)
(736.0,736.0)
(455.0,736.0)
(736.0,736.0)
(736.0,736.0)
(736.0,736.0)
(736.0,736.0)
(435.0,736.0)
(736.0,736.0)
(37.0,736.0)
(736.0,736.0)
(736.0,736.0)
(736.0,736.0)
(736.0,736.0)
(359.0,736.0)
(736.0,736.0)
(736.0,736.0)
(736.0,736.0)
(736.0,736.0)
(736.0,736.0)
(736.0,736.0)
(743.0,736.0)
(743.0,736.0)
(736.0,736.0)
(736.0,736.0)
(736.0,736.0)
(736.0,736.0)
(736.0,736.0)
(736.0,736.0)
(736.0,736.0)
(736.0,736.0)
(736.0,736.0)
(736.0,736.0)
(417.0,736.0)
(736.0,736.0)
(427.0,736.0)
(736.0,736.0)
(736.0,736.0)
(359.0,736.0)
(736.0,736.0)
(736.0,736.0)
(481.0,736.0)
(736.0,736.0)
(736.0,736.0)
(740.0,736.0)
(736.0,736.0)
(736.0,736.0)
(736.0,736.0)
(736.0,736.0)
(736.0,736.0)
(736.0,736.0)
(736.0,736.0)
(736.0,736.0)
(736.0,736.0)
(413.0,736.0)
(743.0,736.0)
(736.0,736.0)
(736.0,736.0)
(736.0,736.0)
(743.0,736.0)
(413.0,736.0)
(736.0,736.0)
(736.0,736.0)
(736.0,736.0)
(736.0,736.0)
(736.0,736.0)
(743.0,736.0)
(804.0,736.0)
(736.0,736.0)
(427.0,736.0)
(736.0,736.0)
(736.0,736.0)
(736.0,736.0)
(736.0,736.0)
(736.0,736.0)
(736.0,736.0)
(455.0,736.0)
(743.0,736.0)
(736.0,736.0)
(736.0,736.0)
(736.0,736.0)
(417.0,736.0)
