(239.0,255.0)
(255.0,255.0)
(255.0,255.0)
(239.0,255.0)
(251.0,255.0)
(251.0,255.0)
(251.0,255.0)
(255.0,255.0)
(255.0,255.0)
(255.0,255.0)
(251.0,255.0)
(255.0,255.0)
(251.0,255.0)
(251.0,255.0)
(239.0,255.0)
(613.0,255.0)
(239.0,255.0)
(255.0,255.0)
(251.0,255.0)
(212.0,255.0)
(212.0,255.0)
(656.0,255.0)
(212.0,255.0)
(212.0,255.0)
(656.0,255.0)
(212.0,255.0)
(212.0,255.0)
(255.0,255.0)
(212.0,255.0)
(617.0,255.0)
(212.0,255.0)
(212.0,255.0)
(255.0,255.0)
(656.0,255.0)
(212.0,255.0)
(212.0,255.0)
(255.0,255.0)
(212.0,255.0)
(212.0,255.0)
(255.0,255.0)
(255.0,255.0)
(255.0,255.0)
(212.0,255.0)
(255.0,255.0)
(212.0,255.0)
(212.0,255.0)
(255.0,255.0)
(212.0,255.0)
(212.0,255.0)
(617.0,255.0)
(212.0,255.0)
(255.0,255.0)
(255.0,255.0)
(212.0,255.0)
(212.0,255.0)
(255.0,255.0)
(212.0,255.0)
(212.0,255.0)
(255.0,255.0)
(255.0,255.0)
(255.0,255.0)
(212.0,255.0)
(212.0,255.0)
(212.0,255.0)
(631.0,255.0)
(255.0,255.0)
(212.0,255.0)
(212.0,255.0)
(212.0,255.0)
(212.0,255.0)
(212.0,255.0)
(212.0,255.0)
(212.0,255.0)
(212.0,255.0)
(255.0,255.0)
(212.0,255.0)
(212.0,255.0)
(212.0,255.0)
(255.0,255.0)
(617.0,255.0)
(255.0,255.0)
(255.0,255.0)
(212.0,255.0)
(212.0,255.0)
(212.0,255.0)
(255.0,255.0)
(231.0,255.0)
(255.0,255.0)
(255.0,255.0)
(255.0,255.0)
(231.0,255.0)
(255.0,255.0)
(255.0,255.0)
(255.0,255.0)
(255.0,255.0)
(255.0,255.0)
(255.0,255.0)
(255.0,255.0)
(255.0,255.0)
(255.0,255.0)
(255.0,255.0)
(255.0,255.0)
(255.0,255.0)
(255.0,255.0)
(255.0,255.0)
(255.0,255.0)
(255.0,255.0)
(255.0,255.0)
(255.0,255.0)
(255.0,255.0)
(255.0,255.0)
(255.0,255.0)
(255.0,255.0)
(255.0,255.0)
(255.0,255.0)
(231.0,255.0)
(255.0,255.0)
(255.0,255.0)
(255.0,255.0)
(255.0,255.0)
(255.0,255.0)
(255.0,255.0)
(255.0,255.0)
(255.0,255.0)
(255.0,255.0)
(255.0,255.0)
(255.0,255.0)
(255.0,255.0)
(255.0,255.0)
(255.0,255.0)
(255.0,255.0)
(255.0,255.0)
(255.0,255.0)
(255.0,255.0)
(255.0,255.0)
(255.0,255.0)
(255.0,255.0)
(255.0,255.0)
(255.0,255.0)
(255.0,255.0)
(255.0,255.0)
(255.0,255.0)
(255.0,255.0)
(255.0,255.0)
(255.0,255.0)
(255.0,255.0)
(255.0,255.0)
(255.0,255.0)
(255.0,255.0)
(255.0,255.0)
(636.0,255.0)
(636.0,255.0)
(636.0,255.0)
(255.0,255.0)
(255.0,255.0)
(636.0,255.0)
(636.0,255.0)
(218.0,255.0)
(255.0,255.0)
(218.0,255.0)
(218.0,255.0)
(636.0,255.0)
(636.0,255.0)
(636.0,255.0)
(255.0,255.0)
(255.0,255.0)
(255.0,255.0)
(636.0,255.0)
(255.0,255.0)
(636.0,255.0)
(218.0,255.0)
(255.0,255.0)
(218.0,255.0)
(255.0,255.0)
(255.0,255.0)
(255.0,255.0)
(255.0,255.0)
(218.0,255.0)
(218.0,255.0)
(255.0,255.0)
(636.0,255.0)
(255.0,255.0)
(636.0,255.0)
(255.0,255.0)
(636.0,255.0)
(636.0,255.0)
(218.0,255.0)
(255.0,255.0)
(636.0,255.0)
(218.0,255.0)
(218.0,255.0)
(636.0,255.0)
(636.0,255.0)
(218.0,255.0)
(255.0,255.0)
(636.0,255.0)
(636.0,255.0)
(255.0,255.0)
(255.0,255.0)
(255.0,255.0)
(255.0,255.0)
(636.0,255.0)
(255.0,255.0)
(255.0,255.0)
(636.0,255.0)
(255.0,255.0)
(218.0,255.0)
(218.0,255.0)
(255.0,255.0)
(255.0,255.0)
(636.0,255.0)
(255.0,255.0)
(636.0,255.0)
(255.0,255.0)
(636.0,255.0)
(218.0,255.0)
(255.0,255.0)
(255.0,255.0)
(255.0,255.0)
(218.0,255.0)
(255.0,255.0)
(255.0,255.0)
(636.0,255.0)
(636.0,255.0)
(255.0,255.0)
(636.0,255.0)
(636.0,255.0)
(255.0,255.0)
(636.0,255.0)
(255.0,255.0)
(636.0,255.0)
(255.0,255.0)
(255.0,255.0)
(218.0,255.0)
(255.0,255.0)
(636.0,255.0)
(636.0,255.0)
(218.0,255.0)
(636.0,255.0)
(636.0,255.0)
(255.0,255.0)
(636.0,255.0)
(255.0,255.0)
(255.0,255.0)
(255.0,255.0)
(636.0,255.0)
(255.0,255.0)
(636.0,255.0)
(218.0,255.0)
(255.0,255.0)
(636.0,255.0)
(255.0,255.0)
(636.0,255.0)
(255.0,255.0)
(255.0,255.0)
(218.0,255.0)
(218.0,255.0)
(636.0,255.0)
(218.0,255.0)
(255.0,255.0)
(636.0,255.0)
(636.0,255.0)
(636.0,255.0)
(218.0,255.0)
(255.0,255.0)
(255.0,255.0)
(255.0,255.0)
(218.0,255.0)
(255.0,255.0)
(636.0,255.0)
(218.0,255.0)
(218.0,255.0)
(636.0,255.0)
(218.0,255.0)
(218.0,255.0)
(255.0,255.0)
(636.0,255.0)
(218.0,255.0)
(218.0,255.0)
(255.0,255.0)
(636.0,255.0)
(636.0,255.0)
(636.0,255.0)
(255.0,255.0)
(255.0,255.0)
(218.0,255.0)
(255.0,255.0)
(636.0,255.0)
(636.0,255.0)
(636.0,255.0)
(636.0,255.0)
(636.0,255.0)
(255.0,255.0)
(636.0,255.0)
(212.0,256.0)
(641.0,256.0)
(597.0,256.0)
(641.0,256.0)
(212.0,256.0)
(253.0,256.0)
(641.0,256.0)
(597.0,256.0)
(597.0,256.0)
(212.0,256.0)
(597.0,256.0)
(253.0,256.0)
(212.0,256.0)
(212.0,256.0)
(252.0,256.0)
(253.0,256.0)
(253.0,256.0)
(660.0,256.0)
(597.0,256.0)
(239.0,256.0)
(253.0,256.0)
(641.0,256.0)
(212.0,256.0)
(597.0,256.0)
(239.0,256.0)
(641.0,256.0)
(251.0,256.0)
(212.0,256.0)
(641.0,256.0)
(597.0,256.0)
(212.0,256.0)
(597.0,256.0)
(212.0,256.0)
(212.0,256.0)
(597.0,256.0)
(597.0,256.0)
(597.0,256.0)
(641.0,256.0)
(253.0,256.0)
(212.0,256.0)
(212.0,256.0)
(597.0,256.0)
(212.0,256.0)
(239.0,256.0)
(212.0,256.0)
(641.0,256.0)
(212.0,256.0)
(212.0,256.0)
(600.0,256.0)
(597.0,256.0)
(641.0,256.0)
(597.0,256.0)
(641.0,256.0)
(253.0,256.0)
(597.0,256.0)
(597.0,256.0)
(253.0,256.0)
(253.0,256.0)
(253.0,256.0)
(641.0,256.0)
(641.0,256.0)
(253.0,256.0)
(212.0,256.0)
(641.0,256.0)
(641.0,256.0)
(212.0,256.0)
(212.0,256.0)
(597.0,256.0)
(212.0,256.0)
(641.0,256.0)
(212.0,256.0)
(251.0,256.0)
(252.0,256.0)
(239.0,256.0)
(212.0,256.0)
(212.0,256.0)
(597.0,256.0)
(660.0,256.0)
(253.0,256.0)
(212.0,256.0)
(641.0,256.0)
(641.0,256.0)
(597.0,256.0)
(252.0,256.0)
(212.0,256.0)
(212.0,256.0)
(212.0,256.0)
(641.0,256.0)
(641.0,256.0)
(212.0,256.0)
(253.0,256.0)
(251.0,256.0)
(641.0,256.0)
(253.0,256.0)
(212.0,256.0)
(212.0,256.0)
(597.0,256.0)
(212.0,256.0)
(597.0,256.0)
(660.0,256.0)
(212.0,256.0)
(252.0,256.0)
(239.0,256.0)
(239.0,256.0)
(641.0,256.0)
(641.0,256.0)
(212.0,256.0)
(251.0,256.0)
(251.0,256.0)
(597.0,256.0)
(239.0,256.0)
(212.0,256.0)
(641.0,256.0)
(641.0,256.0)
(212.0,256.0)
(597.0,256.0)
(597.0,256.0)
(239.0,256.0)
(239.0,256.0)
(253.0,256.0)
(251.0,256.0)
(253.0,256.0)
(597.0,256.0)
(212.0,256.0)
(597.0,256.0)
(597.0,256.0)
(252.0,256.0)
(251.0,256.0)
(212.0,256.0)
(212.0,256.0)
(212.0,256.0)
(641.0,256.0)
(212.0,256.0)
(252.0,256.0)
(212.0,256.0)
(641.0,256.0)
(251.0,256.0)
(253.0,256.0)
(212.0,256.0)
(252.0,256.0)
(641.0,256.0)
(597.0,256.0)
(597.0,256.0)
(212.0,256.0)
(251.0,256.0)
(641.0,256.0)
(641.0,256.0)
(252.0,256.0)
(641.0,256.0)
(597.0,256.0)
(641.0,256.0)
(212.0,256.0)
(252.0,256.0)
(212.0,256.0)
(641.0,256.0)
(212.0,256.0)
(251.0,256.0)
(641.0,256.0)
(641.0,256.0)
(253.0,256.0)
(212.0,256.0)
(239.0,256.0)
(597.0,256.0)
(597.0,256.0)
(212.0,256.0)
(252.0,256.0)
(597.0,256.0)
(212.0,256.0)
(212.0,256.0)
(253.0,256.0)
(212.0,256.0)
(212.0,256.0)
(251.0,256.0)
(253.0,256.0)
(253.0,256.0)
(212.0,256.0)
(641.0,256.0)
(239.0,256.0)
(212.0,256.0)
(212.0,256.0)
(641.0,256.0)
(641.0,256.0)
(212.0,256.0)
(597.0,256.0)
(212.0,256.0)
(212.0,256.0)
(597.0,256.0)
(597.0,256.0)
(239.0,256.0)
(641.0,256.0)
(212.0,256.0)
(641.0,256.0)
(255.0,255.0)
(636.0,255.0)
(617.0,255.0)
(297.0,255.0)
(617.0,255.0)
(255.0,255.0)
(255.0,255.0)
(636.0,255.0)
(636.0,255.0)
(190.0,255.0)
(255.0,255.0)
(255.0,255.0)
(624.0,255.0)
(218.0,255.0)
(190.0,255.0)
(297.0,255.0)
(624.0,255.0)
(636.0,255.0)
(636.0,255.0)
(636.0,255.0)
(255.0,255.0)
(255.0,255.0)
(624.0,255.0)
(255.0,255.0)
(255.0,255.0)
(713.0,255.0)
(255.0,255.0)
(617.0,255.0)
(297.0,255.0)
(297.0,255.0)
(255.0,255.0)
(218.0,255.0)
(255.0,255.0)
(617.0,255.0)
(255.0,255.0)
(218.0,255.0)
(255.0,255.0)
(255.0,255.0)
(255.0,255.0)
(255.0,255.0)
(660.0,255.0)
(218.0,255.0)
(255.0,255.0)
(636.0,255.0)
(255.0,255.0)
(255.0,255.0)
(617.0,255.0)
(255.0,255.0)
(636.0,255.0)
(255.0,255.0)
(636.0,255.0)
(218.0,255.0)
(255.0,255.0)
(617.0,255.0)
(255.0,255.0)
(190.0,255.0)
(218.0,255.0)
(636.0,255.0)
(713.0,255.0)
(218.0,255.0)
(255.0,255.0)
(617.0,255.0)
(636.0,255.0)
(255.0,255.0)
(255.0,255.0)
(255.0,255.0)
(255.0,255.0)
(297.0,255.0)
(617.0,255.0)
(624.0,255.0)
(617.0,255.0)
(255.0,255.0)
(255.0,255.0)
(255.0,255.0)
(255.0,255.0)
(617.0,255.0)
(255.0,255.0)
(218.0,255.0)
(218.0,255.0)
(255.0,255.0)
(255.0,255.0)
(255.0,255.0)
(617.0,255.0)
(713.0,255.0)
(255.0,255.0)
(713.0,255.0)
(255.0,255.0)
(255.0,255.0)
(636.0,255.0)
(190.0,255.0)
(255.0,255.0)
(255.0,255.0)
(255.0,255.0)
(218.0,255.0)
(255.0,255.0)
(255.0,255.0)
(624.0,255.0)
(617.0,255.0)
(624.0,255.0)
(636.0,255.0)
(636.0,255.0)
(255.0,255.0)
(617.0,255.0)
(617.0,255.0)
(255.0,255.0)
(636.0,255.0)
(297.0,255.0)
(255.0,255.0)
(636.0,255.0)
(255.0,255.0)
(255.0,255.0)
(218.0,255.0)
(255.0,255.0)
(617.0,255.0)
(617.0,255.0)
(190.0,255.0)
(636.0,255.0)
(617.0,255.0)
(617.0,255.0)
(255.0,255.0)
(617.0,255.0)
(255.0,255.0)
(255.0,255.0)
(255.0,255.0)
(617.0,255.0)
(255.0,255.0)
(624.0,255.0)
(255.0,255.0)
(636.0,255.0)
(617.0,255.0)
(297.0,255.0)
(218.0,255.0)
(255.0,255.0)
(624.0,255.0)
(636.0,255.0)
(255.0,255.0)
(617.0,255.0)
(255.0,255.0)
(255.0,255.0)
(255.0,255.0)
(255.0,255.0)
(624.0,255.0)
(218.0,255.0)
(255.0,255.0)
(218.0,255.0)
(255.0,255.0)
(617.0,255.0)
(255.0,255.0)
(636.0,255.0)
(218.0,255.0)
(255.0,255.0)
(617.0,255.0)
(617.0,255.0)
(636.0,255.0)
(218.0,255.0)
(255.0,255.0)
(624.0,255.0)
(617.0,255.0)
(255.0,255.0)
(617.0,255.0)
(255.0,255.0)
(255.0,255.0)
(218.0,255.0)
(255.0,255.0)
(255.0,255.0)
(617.0,255.0)
(218.0,255.0)
(218.0,255.0)
(255.0,255.0)
(636.0,255.0)
(190.0,255.0)
(190.0,255.0)
(624.0,255.0)
(255.0,255.0)
(713.0,255.0)
(218.0,255.0)
(218.0,255.0)
(255.0,255.0)
(624.0,255.0)
(636.0,255.0)
(636.0,255.0)
(636.0,255.0)
(255.0,255.0)
(255.0,255.0)
(297.0,255.0)
(218.0,255.0)
(255.0,255.0)
(636.0,255.0)
(255.0,255.0)
(636.0,255.0)
(255.0,255.0)
(636.0,255.0)
(624.0,255.0)
(617.0,255.0)
(636.0,255.0)
(255.0,255.0)
(617.0,255.0)
(255.0,255.0)
(255.0,255.0)
(617.0,255.0)
(255.0,255.0)
(255.0,255.0)
(255.0,255.0)
(255.0,255.0)
(255.0,255.0)
(255.0,255.0)
(255.0,255.0)
(255.0,255.0)
(255.0,255.0)
(255.0,255.0)
(255.0,255.0)
(255.0,255.0)
(255.0,255.0)
(255.0,255.0)
(617.0,255.0)
(255.0,255.0)
(255.0,255.0)
(255.0,255.0)
(255.0,255.0)
(255.0,255.0)
(240.0,255.0)
(255.0,255.0)
(255.0,255.0)
(255.0,255.0)
(255.0,255.0)
(255.0,255.0)
(255.0,255.0)
(255.0,255.0)
(255.0,255.0)
(255.0,255.0)
(255.0,255.0)
(255.0,255.0)
(255.0,255.0)
(255.0,255.0)
(255.0,255.0)
(255.0,255.0)
(255.0,255.0)
(255.0,255.0)
(255.0,255.0)
(255.0,255.0)
(255.0,255.0)
(255.0,255.0)
(255.0,255.0)
(255.0,255.0)
(255.0,255.0)
(255.0,255.0)
(255.0,255.0)
(255.0,255.0)
(255.0,255.0)
(255.0,255.0)
(255.0,255.0)
(255.0,255.0)
(255.0,255.0)
(255.0,255.0)
(255.0,255.0)
(255.0,255.0)
(255.0,255.0)
(617.0,255.0)
(255.0,255.0)
(255.0,255.0)
(255.0,255.0)
(255.0,255.0)
(255.0,255.0)
(255.0,255.0)
(255.0,255.0)
(255.0,255.0)
(255.0,255.0)
(255.0,255.0)
(255.0,255.0)
(255.0,255.0)
(255.0,255.0)
(255.0,255.0)
(255.0,255.0)
(255.0,255.0)
(255.0,255.0)
(255.0,255.0)
(255.0,255.0)
(255.0,255.0)
(255.0,255.0)
(255.0,255.0)
(617.0,255.0)
(617.0,255.0)
(255.0,255.0)
(255.0,255.0)
(255.0,255.0)
(255.0,255.0)
(255.0,255.0)
(255.0,255.0)
(255.0,255.0)
(255.0,255.0)
(255.0,255.0)
(255.0,255.0)
(255.0,255.0)
(255.0,255.0)
(255.0,255.0)
(255.0,255.0)
(255.0,255.0)
(255.0,255.0)
(255.0,255.0)
(255.0,255.0)
(255.0,255.0)
(255.0,255.0)
(255.0,255.0)
(255.0,255.0)
(255.0,255.0)
(255.0,255.0)
(617.0,255.0)
(255.0,255.0)
(255.0,255.0)
(255.0,255.0)
(255.0,255.0)
(255.0,255.0)
(240.0,255.0)
(255.0,255.0)
(255.0,255.0)
(255.0,255.0)
(255.0,255.0)
(255.0,255.0)
(255.0,255.0)
(617.0,255.0)
(255.0,255.0)
(255.0,255.0)
(255.0,255.0)
(255.0,255.0)
(255.0,255.0)
(255.0,255.0)
(255.0,255.0)
(255.0,255.0)
(255.0,255.0)
(240.0,255.0)
(617.0,255.0)
(255.0,255.0)
(255.0,255.0)
(255.0,255.0)
(255.0,255.0)
(255.0,255.0)
(255.0,255.0)
(255.0,255.0)
(255.0,255.0)
(255.0,255.0)
(255.0,255.0)
(617.0,255.0)
(255.0,255.0)
(255.0,255.0)
(255.0,255.0)
(255.0,255.0)
(255.0,255.0)
(255.0,255.0)
(255.0,255.0)
(255.0,255.0)
(255.0,255.0)
(255.0,255.0)
(255.0,255.0)
(255.0,255.0)
(255.0,255.0)
(255.0,255.0)
(255.0,255.0)
(617.0,255.0)
(255.0,255.0)
(255.0,255.0)
(617.0,255.0)
(255.0,255.0)
(255.0,255.0)
(255.0,255.0)
(255.0,255.0)
(255.0,255.0)
(613.0,255.0)
(218.0,255.0)
(613.0,255.0)
(255.0,255.0)
(255.0,255.0)
(255.0,255.0)
(631.0,255.0)
(190.0,255.0)
(255.0,255.0)
(255.0,255.0)
(613.0,255.0)
(190.0,255.0)
(190.0,255.0)
(218.0,255.0)
(612.0,255.0)
(255.0,255.0)
(255.0,255.0)
(255.0,255.0)
(255.0,255.0)
(255.0,255.0)
(624.0,255.0)
(218.0,255.0)
(255.0,255.0)
(255.0,255.0)
(255.0,255.0)
(613.0,255.0)
(218.0,255.0)
(218.0,255.0)
(218.0,255.0)
(613.0,255.0)
(255.0,255.0)
(613.0,255.0)
(255.0,255.0)
(255.0,255.0)
(255.0,255.0)
(255.0,255.0)
(239.0,255.0)
(255.0,255.0)
(255.0,255.0)
(660.0,255.0)
(255.0,255.0)
(255.0,255.0)
(255.0,255.0)
(218.0,255.0)
(613.0,255.0)
(255.0,255.0)
(255.0,255.0)
(218.0,255.0)
(255.0,255.0)
(218.0,255.0)
(239.0,255.0)
(613.0,255.0)
(218.0,255.0)
(190.0,255.0)
(255.0,255.0)
(255.0,255.0)
(255.0,255.0)
(190.0,255.0)
(255.0,255.0)
(255.0,255.0)
(631.0,255.0)
(255.0,255.0)
(239.0,255.0)
(612.0,255.0)
(255.0,255.0)
(255.0,255.0)
(255.0,255.0)
(613.0,255.0)
(612.0,255.0)
(660.0,255.0)
(255.0,255.0)
(239.0,255.0)
(218.0,255.0)
(255.0,255.0)
(255.0,255.0)
(255.0,255.0)
(218.0,255.0)
(255.0,255.0)
(255.0,255.0)
(255.0,255.0)
(255.0,255.0)
(613.0,255.0)
(255.0,255.0)
(255.0,255.0)
(255.0,255.0)
(239.0,255.0)
(218.0,255.0)
(255.0,255.0)
(190.0,255.0)
(239.0,255.0)
(239.0,255.0)
(255.0,255.0)
(218.0,255.0)
(255.0,255.0)
(255.0,255.0)
(613.0,255.0)
(660.0,255.0)
(612.0,255.0)
(255.0,255.0)
(631.0,255.0)
(255.0,255.0)
(255.0,255.0)
(613.0,255.0)
(255.0,255.0)
(613.0,255.0)
(218.0,255.0)
(255.0,255.0)
(255.0,255.0)
(239.0,255.0)
(255.0,255.0)
(218.0,255.0)
(255.0,255.0)
(613.0,255.0)
(613.0,255.0)
(190.0,255.0)
(631.0,255.0)
(613.0,255.0)
(613.0,255.0)
(255.0,255.0)
(613.0,255.0)
(255.0,255.0)
(255.0,255.0)
(239.0,255.0)
(613.0,255.0)
(218.0,255.0)
(612.0,255.0)
(255.0,255.0)
(613.0,255.0)
(613.0,255.0)
(218.0,255.0)
(255.0,255.0)
(255.0,255.0)
(624.0,255.0)
(255.0,255.0)
(255.0,255.0)
(255.0,255.0)
(255.0,255.0)
(218.0,255.0)
(255.0,255.0)
(255.0,255.0)
(660.0,255.0)
(255.0,255.0)
(612.0,255.0)
(613.0,255.0)
(218.0,255.0)
(613.0,255.0)
(218.0,255.0)
(255.0,255.0)
(218.0,255.0)
(239.0,255.0)
(613.0,255.0)
(255.0,255.0)
(255.0,255.0)
(218.0,255.0)
(255.0,255.0)
(612.0,255.0)
(660.0,255.0)
(239.0,255.0)
(613.0,255.0)
(255.0,255.0)
(218.0,255.0)
(218.0,255.0)
(255.0,255.0)
(218.0,255.0)
(613.0,255.0)
(218.0,255.0)
(190.0,255.0)
(255.0,255.0)
(255.0,255.0)
(190.0,255.0)
(190.0,255.0)
(612.0,255.0)
(239.0,255.0)
(613.0,255.0)
(218.0,255.0)
(255.0,255.0)
(255.0,255.0)
(255.0,255.0)
(255.0,255.0)
(255.0,255.0)
(255.0,255.0)
(239.0,255.0)
(255.0,255.0)
(218.0,255.0)
(218.0,255.0)
(255.0,255.0)
(255.0,255.0)
(255.0,255.0)
(255.0,255.0)
(218.0,255.0)
(255.0,255.0)
(612.0,255.0)
(613.0,255.0)
(631.0,255.0)
(218.0,255.0)
(660.0,255.0)
(255.0,255.0)
(218.0,255.0)
(255.0,255.0)
(231.0,255.0)
(255.0,255.0)
(255.0,255.0)
(255.0,255.0)
(231.0,255.0)
(255.0,255.0)
(255.0,255.0)
(255.0,255.0)
(255.0,255.0)
(255.0,255.0)
(255.0,255.0)
(255.0,255.0)
(255.0,255.0)
(255.0,255.0)
(255.0,255.0)
(255.0,255.0)
(255.0,255.0)
(255.0,255.0)
(255.0,255.0)
(255.0,255.0)
(255.0,255.0)
(255.0,255.0)
(255.0,255.0)
(255.0,255.0)
(255.0,255.0)
(255.0,255.0)
(255.0,255.0)
(255.0,255.0)
(255.0,255.0)
(231.0,255.0)
(255.0,255.0)
(255.0,255.0)
(255.0,255.0)
(255.0,255.0)
(255.0,255.0)
(255.0,255.0)
(255.0,255.0)
(255.0,255.0)
(255.0,255.0)
(255.0,255.0)
(255.0,255.0)
(255.0,255.0)
(255.0,255.0)
(255.0,255.0)
(255.0,255.0)
(255.0,255.0)
(255.0,255.0)
(255.0,255.0)
(255.0,255.0)
(255.0,255.0)
(255.0,255.0)
(255.0,255.0)
(255.0,255.0)
(255.0,255.0)
(255.0,255.0)
(255.0,255.0)
(255.0,255.0)
(255.0,255.0)
(255.0,255.0)
(255.0,255.0)
(255.0,255.0)
(255.0,255.0)
(255.0,255.0)
(255.0,255.0)
(613.0,255.0)
(239.0,255.0)
(239.0,255.0)
(255.0,255.0)
(255.0,255.0)
(239.0,255.0)
(212.0,255.0)
(239.0,255.0)
(262.0,255.0)
(239.0,255.0)
(239.0,255.0)
(239.0,255.0)
(255.0,255.0)
(613.0,255.0)
(239.0,255.0)
(613.0,255.0)
(255.0,255.0)
(239.0,255.0)
(239.0,255.0)
(255.0,255.0)
(212.0,255.0)
(255.0,255.0)
(255.0,255.0)
(255.0,255.0)
(613.0,255.0)
(255.0,255.0)
(239.0,255.0)
(212.0,255.0)
(239.0,255.0)
(255.0,255.0)
(239.0,255.0)
(239.0,255.0)
(255.0,255.0)
(239.0,255.0)
(239.0,255.0)
(239.0,255.0)
(212.0,255.0)
(239.0,255.0)
(239.0,255.0)
(613.0,255.0)
(255.0,255.0)
(255.0,255.0)
(239.0,255.0)
(262.0,255.0)
(262.0,255.0)
(255.0,255.0)
(212.0,255.0)
(239.0,255.0)
(212.0,255.0)
(255.0,255.0)
(255.0,255.0)
(239.0,255.0)
(239.0,255.0)
(613.0,255.0)
(239.0,255.0)
(255.0,255.0)
(239.0,255.0)
(255.0,255.0)
(255.0,255.0)
(255.0,255.0)
(212.0,255.0)
(255.0,255.0)
(239.0,255.0)
(262.0,255.0)
(262.0,255.0)
(239.0,255.0)
(255.0,255.0)
(239.0,255.0)
(239.0,255.0)
(212.0,255.0)
(255.0,255.0)
(239.0,255.0)
(255.0,255.0)
(255.0,255.0)
(212.0,255.0)
(239.0,255.0)
(239.0,255.0)
(239.0,255.0)
(239.0,255.0)
(255.0,255.0)
(239.0,255.0)
(212.0,255.0)
(255.0,255.0)
(255.0,255.0)
(239.0,255.0)
(262.0,255.0)
(255.0,255.0)
(239.0,255.0)
(212.0,255.0)
(239.0,255.0)
(239.0,255.0)
(212.0,255.0)
(239.0,255.0)
(212.0,255.0)
(255.0,255.0)
(262.0,255.0)
(239.0,255.0)
(239.0,255.0)
(255.0,255.0)
(239.0,255.0)
(239.0,255.0)
(239.0,255.0)
(212.0,255.0)
(239.0,255.0)
(262.0,255.0)
(255.0,255.0)
(239.0,255.0)
(613.0,255.0)
(255.0,255.0)
(239.0,255.0)
(239.0,255.0)
(262.0,255.0)
(255.0,255.0)
(613.0,255.0)
(239.0,255.0)
(239.0,255.0)
(239.0,255.0)
(239.0,255.0)
(255.0,255.0)
(255.0,255.0)
(255.0,255.0)
(239.0,255.0)
(239.0,255.0)
(239.0,255.0)
(239.0,255.0)
(239.0,255.0)
(262.0,255.0)
(212.0,255.0)
(613.0,255.0)
(255.0,255.0)
(255.0,255.0)
(255.0,255.0)
(255.0,255.0)
(255.0,255.0)
(255.0,255.0)
(255.0,255.0)
(255.0,255.0)
(255.0,255.0)
(255.0,255.0)
(255.0,255.0)
(255.0,255.0)
(255.0,255.0)
(255.0,255.0)
(255.0,255.0)
(255.0,255.0)
(255.0,255.0)
(255.0,255.0)
(255.0,255.0)
(255.0,255.0)
(255.0,255.0)
(255.0,255.0)
(255.0,255.0)
(255.0,255.0)
(255.0,255.0)
(255.0,255.0)
(255.0,255.0)
(255.0,255.0)
(255.0,255.0)
(255.0,255.0)
(255.0,255.0)
(255.0,255.0)
(255.0,255.0)
(255.0,255.0)
(255.0,255.0)
(255.0,255.0)
(255.0,255.0)
(255.0,255.0)
(255.0,255.0)
(255.0,255.0)
(255.0,255.0)
(255.0,255.0)
(255.0,255.0)
(255.0,255.0)
(255.0,255.0)
(255.0,255.0)
(255.0,255.0)
(255.0,255.0)
(255.0,255.0)
(255.0,255.0)
(255.0,255.0)
(255.0,255.0)
(255.0,255.0)
(255.0,255.0)
(255.0,255.0)
(255.0,255.0)
(255.0,255.0)
(255.0,255.0)
(255.0,255.0)
(239.0,255.0)
(645.0,255.0)
(309.0,255.0)
(239.0,255.0)
(211.0,255.0)
(645.0,255.0)
(645.0,255.0)
(309.0,255.0)
(212.0,255.0)
(211.0,255.0)
(309.0,255.0)
(309.0,255.0)
(309.0,255.0)
(645.0,255.0)
(645.0,255.0)
(239.0,255.0)
(239.0,255.0)
(309.0,255.0)
(239.0,255.0)
(312.0,255.0)
(239.0,255.0)
(309.0,255.0)
(190.0,255.0)
(597.0,255.0)
(190.0,255.0)
(211.0,255.0)
(239.0,255.0)
(309.0,255.0)
(211.0,255.0)
(239.0,255.0)
(239.0,255.0)
(239.0,255.0)
(645.0,255.0)
(309.0,255.0)
(239.0,255.0)
(645.0,255.0)
(212.0,255.0)
(309.0,255.0)
(239.0,255.0)
(645.0,255.0)
(309.0,255.0)
(645.0,255.0)
(309.0,255.0)
(239.0,255.0)
(726.0,255.0)
(309.0,255.0)
(309.0,255.0)
(645.0,255.0)
(645.0,255.0)
(309.0,255.0)
(212.0,255.0)
(190.0,255.0)
(239.0,255.0)
(239.0,255.0)
(239.0,255.0)
(239.0,255.0)
(309.0,255.0)
(211.0,255.0)
(239.0,255.0)
(190.0,255.0)
(211.0,255.0)
(211.0,255.0)
(309.0,255.0)
(309.0,255.0)
(239.0,255.0)
(239.0,255.0)
(211.0,255.0)
(645.0,255.0)
(239.0,255.0)
(645.0,255.0)
(239.0,255.0)
(309.0,255.0)
(645.0,255.0)
(309.0,255.0)
(239.0,255.0)
(239.0,255.0)
(239.0,255.0)
(309.0,255.0)
(211.0,255.0)
(239.0,255.0)
(645.0,255.0)
(309.0,255.0)
(239.0,255.0)
(211.0,255.0)
(645.0,255.0)
(309.0,255.0)
(239.0,255.0)
(239.0,255.0)
(239.0,255.0)
(309.0,255.0)
(211.0,255.0)
(309.0,255.0)
(645.0,255.0)
(239.0,255.0)
(211.0,255.0)
(239.0,255.0)
(239.0,255.0)
(190.0,255.0)
(211.0,255.0)
(190.0,255.0)
(309.0,255.0)
(309.0,255.0)
(212.0,255.0)
(211.0,255.0)
(211.0,255.0)
(190.0,255.0)
(211.0,255.0)
(211.0,255.0)
(309.0,255.0)
(309.0,255.0)
(190.0,255.0)
(309.0,255.0)
(309.0,255.0)
(645.0,255.0)
(190.0,255.0)
(239.0,255.0)
(645.0,255.0)
(190.0,255.0)
(211.0,255.0)
(239.0,255.0)
(239.0,255.0)
(309.0,255.0)
(190.0,255.0)
(239.0,255.0)
(726.0,255.0)
(190.0,255.0)
(309.0,255.0)
(211.0,255.0)
(645.0,255.0)
(309.0,255.0)
(309.0,255.0)
(239.0,255.0)
(645.0,255.0)
(190.0,255.0)
(309.0,255.0)
(239.0,255.0)
(645.0,255.0)
(645.0,255.0)
(645.0,255.0)
(239.0,255.0)
(239.0,255.0)
(309.0,255.0)
(190.0,255.0)
(239.0,255.0)
(645.0,255.0)
(211.0,255.0)
(645.0,255.0)
(309.0,255.0)
(645.0,255.0)
(309.0,255.0)
(309.0,255.0)
(239.0,255.0)
(309.0,255.0)
(239.0,255.0)
(239.0,255.0)
(629.0,255.0)
(255.0,255.0)
(629.0,255.0)
(239.0,255.0)
(645.0,255.0)
(645.0,255.0)
(255.0,255.0)
(239.0,255.0)
(645.0,255.0)
(629.0,255.0)
(255.0,255.0)
(629.0,255.0)
(255.0,255.0)
(629.0,255.0)
(239.0,255.0)
(239.0,255.0)
(645.0,255.0)
(645.0,255.0)
(629.0,255.0)
(239.0,255.0)
(239.0,255.0)
(629.0,255.0)
(239.0,255.0)
(239.0,255.0)
(645.0,255.0)
(255.0,255.0)
(255.0,255.0)
(645.0,255.0)
(645.0,255.0)
(239.0,255.0)
(645.0,255.0)
(629.0,255.0)
(645.0,255.0)
(239.0,255.0)
(239.0,255.0)
(239.0,255.0)
(239.0,255.0)
(629.0,255.0)
(239.0,255.0)
(645.0,255.0)
(239.0,255.0)
(629.0,255.0)
(239.0,255.0)
(239.0,255.0)
(645.0,255.0)
(255.0,255.0)
(629.0,255.0)
(255.0,255.0)
(239.0,255.0)
(239.0,255.0)
(645.0,255.0)
(212.0,255.0)
(629.0,255.0)
(255.0,255.0)
(629.0,255.0)
(255.0,255.0)
(645.0,255.0)
(645.0,255.0)
(239.0,255.0)
(255.0,255.0)
(645.0,255.0)
(239.0,255.0)
(629.0,255.0)
(239.0,255.0)
(239.0,255.0)
(239.0,255.0)
(239.0,255.0)
(239.0,255.0)
(239.0,255.0)
(645.0,255.0)
(255.0,255.0)
(255.0,255.0)
(255.0,255.0)
(255.0,255.0)
(255.0,255.0)
(255.0,255.0)
(255.0,255.0)
(255.0,255.0)
(255.0,255.0)
(255.0,255.0)
(255.0,255.0)
(255.0,255.0)
(255.0,255.0)
(255.0,255.0)
(617.0,255.0)
(255.0,255.0)
(255.0,255.0)
(255.0,255.0)
(255.0,255.0)
(255.0,255.0)
(624.0,255.0)
(343.0,255.0)
(255.0,255.0)
(255.0,255.0)
(255.0,255.0)
(255.0,255.0)
(597.0,255.0)
(255.0,255.0)
(255.0,255.0)
(255.0,255.0)
(255.0,255.0)
(255.0,255.0)
(255.0,255.0)
(255.0,255.0)
(255.0,255.0)
(255.0,255.0)
(255.0,255.0)
(255.0,255.0)
(255.0,255.0)
(255.0,255.0)
(343.0,255.0)
(255.0,255.0)
(255.0,255.0)
(255.0,255.0)
(343.0,255.0)
(255.0,255.0)
(255.0,255.0)
(255.0,255.0)
(343.0,255.0)
(255.0,255.0)
(255.0,255.0)
(255.0,255.0)
(255.0,255.0)
(255.0,255.0)
(255.0,255.0)
(255.0,255.0)
(255.0,255.0)
(255.0,255.0)
(255.0,255.0)
(255.0,255.0)
(255.0,255.0)
(255.0,255.0)
(617.0,255.0)
(255.0,255.0)
(255.0,255.0)
(343.0,255.0)
(255.0,255.0)
(255.0,255.0)
(255.0,255.0)
(255.0,255.0)
(255.0,255.0)
(255.0,255.0)
(255.0,255.0)
(255.0,255.0)
(255.0,255.0)
(255.0,255.0)
(255.0,255.0)
(255.0,255.0)
(597.0,255.0)
(255.0,255.0)
(255.0,255.0)
(255.0,255.0)
(255.0,255.0)
(255.0,255.0)
(255.0,255.0)
(255.0,255.0)
(255.0,255.0)
(255.0,255.0)
(255.0,255.0)
(255.0,255.0)
(255.0,255.0)
(255.0,255.0)
(255.0,255.0)
(255.0,255.0)
(255.0,255.0)
(255.0,255.0)
(255.0,255.0)
(255.0,255.0)
(255.0,255.0)
(255.0,255.0)
(255.0,255.0)
(255.0,255.0)
(255.0,255.0)
(255.0,255.0)
(255.0,255.0)
(255.0,255.0)
(255.0,255.0)
(255.0,255.0)
(255.0,255.0)
(255.0,255.0)
(255.0,255.0)
(343.0,255.0)
(617.0,255.0)
(255.0,255.0)
(255.0,255.0)
(255.0,255.0)
(255.0,255.0)
(255.0,255.0)
(624.0,255.0)
(255.0,255.0)
(255.0,255.0)
(255.0,255.0)
(255.0,255.0)
(255.0,255.0)
(255.0,255.0)
(255.0,255.0)
(617.0,255.0)
(255.0,255.0)
(343.0,255.0)
(255.0,255.0)
(636.0,255.0)
(255.0,255.0)
(636.0,255.0)
(255.0,255.0)
(255.0,255.0)
(255.0,255.0)
(255.0,255.0)
(255.0,255.0)
(255.0,255.0)
(617.0,255.0)
(617.0,255.0)
(255.0,255.0)
(255.0,255.0)
(255.0,255.0)
(255.0,255.0)
(255.0,255.0)
(343.0,255.0)
(255.0,255.0)
(255.0,255.0)
(255.0,255.0)
(255.0,255.0)
(255.0,255.0)
(255.0,255.0)
(617.0,255.0)
(255.0,255.0)
(255.0,255.0)
(255.0,255.0)
(255.0,255.0)
(255.0,255.0)
(255.0,255.0)
(255.0,255.0)
(255.0,255.0)
(255.0,255.0)
(255.0,255.0)
(255.0,255.0)
(255.0,255.0)
(255.0,255.0)
(255.0,255.0)
(343.0,255.0)
(255.0,255.0)
(617.0,255.0)
(255.0,255.0)
(255.0,255.0)
(343.0,255.0)
(617.0,255.0)
(255.0,255.0)
(343.0,255.0)
(255.0,255.0)
(255.0,255.0)
(255.0,255.0)
(255.0,255.0)
(636.0,255.0)
(636.0,255.0)
(255.0,255.0)
(255.0,255.0)
(255.0,255.0)
(211.0,255.0)
(240.0,255.0)
(240.0,255.0)
(255.0,255.0)
(645.0,255.0)
(645.0,255.0)
(636.0,255.0)
(255.0,255.0)
(255.0,255.0)
(211.0,255.0)
(211.0,255.0)
(240.0,255.0)
(255.0,255.0)
(255.0,255.0)
(255.0,255.0)
(255.0,255.0)
(255.0,255.0)
(645.0,255.0)
(645.0,255.0)
(255.0,255.0)
(211.0,255.0)
(636.0,255.0)
(255.0,255.0)
(255.0,255.0)
(255.0,255.0)
(636.0,255.0)
(255.0,255.0)
(255.0,255.0)
(255.0,255.0)
(255.0,255.0)
(645.0,255.0)
(255.0,255.0)
(255.0,255.0)
(636.0,255.0)
(645.0,255.0)
(645.0,255.0)
(211.0,255.0)
(255.0,255.0)
(645.0,255.0)
(240.0,255.0)
(255.0,255.0)
(636.0,255.0)
(240.0,255.0)
(645.0,255.0)
(255.0,255.0)
(211.0,255.0)
(255.0,255.0)
(255.0,255.0)
(255.0,255.0)
(255.0,255.0)
(255.0,255.0)
(240.0,255.0)
(645.0,255.0)
(240.0,255.0)
(255.0,255.0)
(636.0,255.0)
(636.0,255.0)
(255.0,255.0)
(255.0,255.0)
(255.0,255.0)
(255.0,255.0)
(255.0,255.0)
(636.0,255.0)
(636.0,255.0)
(636.0,255.0)
(240.0,255.0)
(255.0,255.0)
(636.0,255.0)
(255.0,255.0)
(255.0,255.0)
(255.0,255.0)
(636.0,255.0)
(255.0,255.0)
(645.0,255.0)
(255.0,255.0)
(636.0,255.0)
(255.0,255.0)
(240.0,255.0)
(255.0,255.0)
(255.0,255.0)
(255.0,255.0)
(255.0,255.0)
(211.0,255.0)
(645.0,255.0)
(645.0,255.0)
(211.0,255.0)
(240.0,255.0)
(211.0,255.0)
(255.0,255.0)
(240.0,255.0)
(255.0,255.0)
(240.0,255.0)
(645.0,255.0)
(255.0,255.0)
(240.0,255.0)
(255.0,255.0)
(255.0,255.0)
(255.0,255.0)
(255.0,255.0)
(636.0,255.0)
(211.0,255.0)
(240.0,255.0)
(255.0,255.0)
(255.0,255.0)
(240.0,255.0)
(255.0,255.0)
(255.0,255.0)
(255.0,255.0)
(211.0,255.0)
(255.0,255.0)
(645.0,255.0)
(240.0,255.0)
(636.0,255.0)
(211.0,255.0)
(636.0,255.0)
(602.0,255.0)
(602.0,255.0)
(636.0,255.0)
(636.0,255.0)
(636.0,255.0)
(262.0,255.0)
(602.0,255.0)
(636.0,255.0)
(636.0,255.0)
(262.0,255.0)
(636.0,255.0)
(239.0,255.0)
(602.0,255.0)
(262.0,255.0)
(636.0,255.0)
(636.0,255.0)
(636.0,255.0)
(636.0,255.0)
(636.0,255.0)
(636.0,255.0)
(602.0,255.0)
(636.0,255.0)
(636.0,255.0)
(602.0,255.0)
(636.0,255.0)
(636.0,255.0)
(636.0,255.0)
(636.0,255.0)
(636.0,255.0)
(602.0,255.0)
(602.0,255.0)
(636.0,255.0)
(636.0,255.0)
(602.0,255.0)
(636.0,255.0)
(636.0,255.0)
(636.0,255.0)
(602.0,255.0)
(636.0,255.0)
(636.0,255.0)
(636.0,255.0)
(636.0,255.0)
(636.0,255.0)
(636.0,255.0)
(636.0,255.0)
(262.0,255.0)
(262.0,255.0)
(262.0,255.0)
(636.0,255.0)
(602.0,255.0)
(602.0,255.0)
(636.0,255.0)
(636.0,255.0)
(636.0,255.0)
(636.0,255.0)
(636.0,255.0)
(602.0,255.0)
(262.0,255.0)
(602.0,255.0)
(262.0,255.0)
(636.0,255.0)
(602.0,255.0)
(636.0,255.0)
(636.0,255.0)
(636.0,255.0)
(602.0,255.0)
(602.0,255.0)
(636.0,255.0)
(602.0,255.0)
(636.0,255.0)
(262.0,255.0)
(636.0,255.0)
(636.0,255.0)
(636.0,255.0)
(262.0,255.0)
(262.0,255.0)
(636.0,255.0)
(602.0,255.0)
(602.0,255.0)
(602.0,255.0)
(262.0,255.0)
(636.0,255.0)
(602.0,255.0)
(636.0,255.0)
(636.0,255.0)
(602.0,255.0)
(262.0,255.0)
(636.0,255.0)
(636.0,255.0)
(262.0,255.0)
(636.0,255.0)
(636.0,255.0)
(636.0,255.0)
(602.0,255.0)
(602.0,255.0)
(262.0,255.0)
(636.0,255.0)
(602.0,255.0)
(636.0,255.0)
(255.0,255.0)
(255.0,255.0)
(613.0,255.0)
(231.0,255.0)
(255.0,255.0)
(255.0,255.0)
(255.0,255.0)
(255.0,255.0)
(255.0,255.0)
(255.0,255.0)
(631.0,255.0)
(613.0,255.0)
(255.0,255.0)
(255.0,255.0)
(231.0,255.0)
(255.0,255.0)
(255.0,255.0)
(255.0,255.0)
(255.0,255.0)
(255.0,255.0)
(231.0,255.0)
(255.0,255.0)
(255.0,255.0)
(255.0,255.0)
(255.0,255.0)
(631.0,255.0)
(255.0,255.0)
(631.0,255.0)
(613.0,255.0)
(255.0,255.0)
(255.0,255.0)
(255.0,255.0)
(255.0,255.0)
(255.0,255.0)
(255.0,255.0)
(255.0,255.0)
(255.0,255.0)
(255.0,255.0)
(255.0,255.0)
(631.0,255.0)
(231.0,255.0)
(255.0,255.0)
(255.0,255.0)
(255.0,255.0)
(255.0,255.0)
(231.0,255.0)
(255.0,255.0)
(255.0,255.0)
(255.0,255.0)
(255.0,255.0)
(255.0,255.0)
(255.0,255.0)
(255.0,255.0)
(255.0,255.0)
(255.0,255.0)
(255.0,255.0)
(255.0,255.0)
(255.0,255.0)
(231.0,255.0)
(231.0,255.0)
(631.0,255.0)
(255.0,255.0)
(255.0,255.0)
(255.0,255.0)
(255.0,255.0)
(255.0,255.0)
(255.0,255.0)
(255.0,255.0)
(631.0,255.0)
(613.0,255.0)
(255.0,255.0)
(255.0,255.0)
(255.0,255.0)
(255.0,255.0)
(631.0,255.0)
(255.0,255.0)
(255.0,255.0)
(255.0,255.0)
(255.0,255.0)
(255.0,255.0)
(255.0,255.0)
(255.0,255.0)
(613.0,255.0)
(231.0,255.0)
(231.0,255.0)
(255.0,255.0)
(255.0,255.0)
(255.0,255.0)
(613.0,255.0)
(613.0,255.0)
(255.0,255.0)
(255.0,255.0)
(255.0,255.0)
(255.0,255.0)
(255.0,255.0)
(255.0,255.0)
(255.0,255.0)
(231.0,255.0)
(231.0,255.0)
(255.0,255.0)
(255.0,255.0)
(231.0,255.0)
(613.0,255.0)
(255.0,255.0)
(231.0,255.0)
(255.0,255.0)
(255.0,255.0)
(255.0,255.0)
(255.0,255.0)
(231.0,255.0)
(255.0,255.0)
(255.0,255.0)
(613.0,255.0)
(255.0,255.0)
(255.0,255.0)
(231.0,255.0)
(255.0,255.0)
(255.0,255.0)
(255.0,255.0)
(255.0,255.0)
(255.0,255.0)
(631.0,255.0)
(231.0,255.0)
(255.0,255.0)
(255.0,255.0)
(631.0,255.0)
(613.0,255.0)
(631.0,255.0)
(255.0,255.0)
(255.0,255.0)
(231.0,255.0)
(255.0,255.0)
(255.0,255.0)
(255.0,255.0)
(231.0,255.0)
(231.0,255.0)
(255.0,255.0)
(613.0,255.0)
(255.0,255.0)
(255.0,255.0)
(613.0,255.0)
(255.0,255.0)
(631.0,255.0)
(255.0,255.0)
(255.0,255.0)
(255.0,255.0)
(231.0,255.0)
(255.0,255.0)
(255.0,255.0)
(255.0,255.0)
(255.0,255.0)
(613.0,255.0)
(255.0,255.0)
(255.0,255.0)
(255.0,255.0)
(255.0,255.0)
(255.0,255.0)
(255.0,255.0)
(255.0,255.0)
(631.0,255.0)
(255.0,255.0)
(255.0,255.0)
(231.0,255.0)
(613.0,255.0)
(255.0,255.0)
(631.0,255.0)
(231.0,255.0)
(255.0,255.0)
(631.0,255.0)
(231.0,255.0)
(255.0,255.0)
(636.0,255.0)
(636.0,255.0)
(636.0,255.0)
(636.0,255.0)
(636.0,255.0)
(636.0,255.0)
(636.0,255.0)
(636.0,255.0)
(636.0,255.0)
(636.0,255.0)
(636.0,255.0)
(636.0,255.0)
(636.0,255.0)
(636.0,255.0)
(636.0,255.0)
(636.0,255.0)
(636.0,255.0)
(636.0,255.0)
(636.0,255.0)
(636.0,255.0)
(636.0,255.0)
(636.0,255.0)
(636.0,255.0)
(636.0,255.0)
(636.0,255.0)
(636.0,255.0)
(636.0,255.0)
(636.0,255.0)
(636.0,255.0)
(636.0,255.0)
(636.0,255.0)
(636.0,255.0)
(636.0,255.0)
(636.0,255.0)
(636.0,255.0)
(636.0,255.0)
(636.0,255.0)
(636.0,255.0)
(636.0,255.0)
(636.0,255.0)
(636.0,255.0)
(636.0,255.0)
(636.0,255.0)
(636.0,255.0)
(636.0,255.0)
(636.0,255.0)
(636.0,255.0)
(636.0,255.0)
(636.0,255.0)
(636.0,255.0)
(636.0,255.0)
(636.0,255.0)
(636.0,255.0)
(636.0,255.0)
(636.0,255.0)
(636.0,255.0)
(636.0,255.0)
(243.0,255.0)
(636.0,255.0)
(613.0,255.0)
(636.0,255.0)
(243.0,255.0)
(613.0,255.0)
(613.0,255.0)
(617.0,255.0)
(613.0,255.0)
(613.0,255.0)
(613.0,255.0)
(617.0,255.0)
(243.0,255.0)
(243.0,255.0)
(636.0,255.0)
(255.0,255.0)
(613.0,255.0)
(243.0,255.0)
(636.0,255.0)
(613.0,255.0)
(613.0,255.0)
(613.0,255.0)
(617.0,255.0)
(613.0,255.0)
(243.0,255.0)
(613.0,255.0)
(243.0,255.0)
(636.0,255.0)
(243.0,255.0)
(613.0,255.0)
(243.0,255.0)
(613.0,255.0)
(636.0,255.0)
(613.0,255.0)
(613.0,255.0)
(613.0,255.0)
(243.0,255.0)
(243.0,255.0)
(613.0,255.0)
(636.0,255.0)
(613.0,255.0)
(613.0,255.0)
(636.0,255.0)
(255.0,255.0)
(692.0,255.0)
(613.0,255.0)
(636.0,255.0)
(613.0,255.0)
(613.0,255.0)
(636.0,255.0)
(243.0,255.0)
(243.0,255.0)
(243.0,255.0)
(613.0,255.0)
(613.0,255.0)
(255.0,255.0)
(255.0,255.0)
(255.0,255.0)
(243.0,255.0)
(613.0,255.0)
(636.0,255.0)
(636.0,255.0)
(613.0,255.0)
(613.0,255.0)
(243.0,255.0)
(613.0,255.0)
(636.0,255.0)
(636.0,255.0)
(613.0,255.0)
(613.0,255.0)
(636.0,255.0)
(617.0,255.0)
(636.0,255.0)
(636.0,255.0)
(613.0,255.0)
(617.0,255.0)
(613.0,255.0)
(636.0,255.0)
(613.0,255.0)
(613.0,255.0)
(255.0,255.0)
(243.0,255.0)
(636.0,255.0)
(613.0,255.0)
(617.0,255.0)
(613.0,255.0)
(613.0,255.0)
(613.0,255.0)
(617.0,255.0)
(243.0,255.0)
(613.0,255.0)
(636.0,255.0)
(636.0,255.0)
(243.0,255.0)
(613.0,255.0)
(255.0,255.0)
(617.0,255.0)
(617.0,255.0)
(613.0,255.0)
(613.0,255.0)
(613.0,255.0)
(636.0,255.0)
(613.0,255.0)
(613.0,255.0)
(243.0,255.0)
(613.0,255.0)
(613.0,255.0)
(255.0,255.0)
(613.0,255.0)
(613.0,255.0)
(613.0,255.0)
(617.0,255.0)
(243.0,255.0)
(243.0,255.0)
(243.0,255.0)
(613.0,255.0)
(613.0,255.0)
(243.0,255.0)
(243.0,255.0)
(613.0,255.0)
(243.0,255.0)
(255.0,255.0)
(636.0,255.0)
(613.0,255.0)
(617.0,255.0)
(613.0,255.0)
(636.0,255.0)
(267.0,255.0)
(617.0,255.0)
(617.0,255.0)
(267.0,255.0)
(267.0,255.0)
(267.0,255.0)
(267.0,255.0)
(617.0,255.0)
(617.0,255.0)
(267.0,255.0)
(617.0,255.0)
(617.0,255.0)
(212.0,255.0)
(267.0,255.0)
(617.0,255.0)
(267.0,255.0)
(267.0,255.0)
(617.0,255.0)
(267.0,255.0)
(646.0,255.0)
(267.0,255.0)
(267.0,255.0)
(267.0,255.0)
(624.0,255.0)
(267.0,255.0)
(646.0,255.0)
(267.0,255.0)
(212.0,255.0)
(267.0,255.0)
(212.0,255.0)
(267.0,255.0)
(267.0,255.0)
(617.0,255.0)
(624.0,255.0)
(267.0,255.0)
(267.0,255.0)
(617.0,255.0)
(617.0,255.0)
(624.0,255.0)
(646.0,255.0)
(617.0,255.0)
(267.0,255.0)
(267.0,255.0)
(617.0,255.0)
(267.0,255.0)
(646.0,255.0)
(617.0,255.0)
(617.0,255.0)
(267.0,255.0)
(212.0,255.0)
(267.0,255.0)
(617.0,255.0)
(267.0,255.0)
(267.0,255.0)
(617.0,255.0)
(617.0,255.0)
(617.0,255.0)
(613.0,255.0)
(267.0,255.0)
(617.0,255.0)
(617.0,255.0)
(267.0,255.0)
(617.0,255.0)
(267.0,255.0)
(617.0,255.0)
(267.0,255.0)
(617.0,255.0)
(617.0,255.0)
(212.0,255.0)
(617.0,255.0)
(617.0,255.0)
(617.0,255.0)
(646.0,255.0)
(267.0,255.0)
(267.0,255.0)
(212.0,255.0)
(617.0,255.0)
(267.0,255.0)
(617.0,255.0)
(267.0,255.0)
(617.0,255.0)
(646.0,255.0)
(267.0,255.0)
(267.0,255.0)
(267.0,255.0)
(613.0,255.0)
(624.0,255.0)
(646.0,255.0)
(617.0,255.0)
(212.0,255.0)
(267.0,255.0)
(267.0,255.0)
(613.0,255.0)
(613.0,255.0)
(267.0,255.0)
(617.0,255.0)
(617.0,255.0)
(267.0,255.0)
(212.0,255.0)
(617.0,255.0)
(646.0,255.0)
(613.0,255.0)
(617.0,255.0)
(617.0,255.0)
(617.0,255.0)
(267.0,255.0)
(617.0,255.0)
(267.0,255.0)
(267.0,255.0)
(613.0,255.0)
(617.0,255.0)
(267.0,255.0)
(613.0,255.0)
(267.0,255.0)
(212.0,255.0)
(172.0,257.0)
(613.0,257.0)
(613.0,257.0)
(172.0,257.0)
(638.0,257.0)
(613.0,257.0)
(660.0,257.0)
(172.0,257.0)
(638.0,257.0)
(172.0,257.0)
(613.0,257.0)
(638.0,257.0)
(617.0,257.0)
(638.0,257.0)
(613.0,257.0)
(638.0,257.0)
(172.0,257.0)
(638.0,257.0)
(264.0,257.0)
(172.0,257.0)
(638.0,257.0)
(264.0,257.0)
(638.0,257.0)
(638.0,257.0)
(638.0,257.0)
(172.0,257.0)
(638.0,257.0)
(613.0,257.0)
(660.0,257.0)
(264.0,257.0)
(638.0,257.0)
(613.0,257.0)
(638.0,257.0)
(638.0,257.0)
(172.0,257.0)
(613.0,257.0)
(638.0,257.0)
(638.0,257.0)
(638.0,257.0)
(613.0,257.0)
(613.0,257.0)
(638.0,257.0)
(172.0,257.0)
(613.0,257.0)
(613.0,257.0)
(638.0,257.0)
(613.0,257.0)
(613.0,257.0)
(613.0,257.0)
(264.0,257.0)
(660.0,257.0)
(638.0,257.0)
(613.0,257.0)
(638.0,257.0)
(613.0,257.0)
(172.0,257.0)
(172.0,257.0)
(613.0,257.0)
(638.0,257.0)
(638.0,257.0)
(613.0,257.0)
(172.0,257.0)
(613.0,257.0)
(264.0,257.0)
(172.0,257.0)
(660.0,257.0)
(613.0,257.0)
(613.0,257.0)
(172.0,257.0)
(660.0,257.0)
(638.0,257.0)
(638.0,257.0)
(613.0,257.0)
(613.0,257.0)
(172.0,257.0)
(172.0,257.0)
(172.0,257.0)
(172.0,257.0)
(638.0,257.0)
(660.0,257.0)
(613.0,257.0)
(638.0,257.0)
(638.0,257.0)
(264.0,257.0)
(638.0,257.0)
(638.0,257.0)
(212.0,261.0)
(613.0,261.0)
(260.0,261.0)
(212.0,261.0)
(641.0,261.0)
(212.0,261.0)
(212.0,261.0)
(613.0,261.0)
(239.0,261.0)
(253.0,261.0)
(212.0,261.0)
(212.0,261.0)
(641.0,261.0)
(613.0,261.0)
(212.0,261.0)
(212.0,261.0)
(641.0,261.0)
(613.0,261.0)
(239.0,261.0)
(613.0,261.0)
(212.0,261.0)
(212.0,261.0)
(641.0,261.0)
(212.0,261.0)
(212.0,261.0)
(239.0,261.0)
(212.0,261.0)
(613.0,261.0)
(212.0,261.0)
(212.0,261.0)
(212.0,261.0)
(239.0,261.0)
(212.0,261.0)
(641.0,261.0)
(212.0,261.0)
(239.0,261.0)
(212.0,261.0)
(212.0,261.0)
(212.0,261.0)
(212.0,261.0)
(613.0,261.0)
(212.0,261.0)
(212.0,261.0)
(239.0,261.0)
(212.0,261.0)
(212.0,261.0)
(260.0,261.0)
(212.0,261.0)
(613.0,261.0)
(212.0,261.0)
(239.0,261.0)
(212.0,261.0)
(212.0,261.0)
(613.0,261.0)
(212.0,261.0)
(613.0,261.0)
(613.0,261.0)
(239.0,261.0)
(239.0,261.0)
(613.0,261.0)
(212.0,261.0)
(613.0,261.0)
(239.0,261.0)
(212.0,261.0)
(212.0,261.0)
(212.0,261.0)
(212.0,261.0)
(212.0,261.0)
(641.0,261.0)
(641.0,261.0)
(212.0,261.0)
(212.0,261.0)
(212.0,261.0)
(212.0,261.0)
(613.0,261.0)
(212.0,261.0)
(212.0,261.0)
(239.0,261.0)
(212.0,261.0)
(212.0,261.0)
(212.0,261.0)
(641.0,261.0)
(239.0,261.0)
(212.0,261.0)
(239.0,261.0)
(212.0,261.0)
(212.0,261.0)
(613.0,261.0)
(255.0,261.0)
(212.0,261.0)
(212.0,261.0)
(212.0,261.0)
(212.0,261.0)
(212.0,261.0)
(212.0,261.0)
(641.0,261.0)
(212.0,261.0)
(613.0,261.0)
(239.0,261.0)
(239.0,261.0)
(239.0,261.0)
(260.0,261.0)
(212.0,261.0)
(239.0,261.0)
(212.0,261.0)
(212.0,261.0)
(613.0,261.0)
(212.0,261.0)
(212.0,261.0)
(613.0,261.0)
(212.0,261.0)
(239.0,261.0)
(641.0,261.0)
(212.0,261.0)
(239.0,261.0)
(641.0,261.0)
(641.0,261.0)
(212.0,261.0)
(260.0,261.0)
(212.0,261.0)
(212.0,261.0)
(212.0,261.0)
(260.0,261.0)
(212.0,261.0)
(641.0,261.0)
(212.0,261.0)
(239.0,261.0)
(239.0,261.0)
(212.0,261.0)
(613.0,261.0)
(212.0,261.0)
(629.0,261.0)
(613.0,261.0)
(212.0,261.0)
(613.0,261.0)
(212.0,261.0)
(212.0,261.0)
(212.0,261.0)
(212.0,261.0)
(641.0,261.0)
(613.0,261.0)
(212.0,261.0)
(239.0,261.0)
(212.0,261.0)
(641.0,261.0)
(212.0,261.0)
(613.0,261.0)
(212.0,261.0)
(212.0,261.0)
(260.0,261.0)
(613.0,261.0)
(613.0,261.0)
(212.0,261.0)
(212.0,261.0)
(641.0,261.0)
(212.0,261.0)
(641.0,261.0)
(212.0,261.0)
(212.0,261.0)
(212.0,261.0)
(212.0,261.0)
(212.0,261.0)
(641.0,261.0)
(212.0,261.0)
(613.0,261.0)
(212.0,261.0)
(613.0,261.0)
(255.0,261.0)
(255.0,261.0)
(641.0,261.0)
(212.0,261.0)
(239.0,261.0)
(212.0,261.0)
(613.0,261.0)
(212.0,261.0)
(629.0,261.0)
(613.0,261.0)
(613.0,261.0)
(613.0,261.0)
(212.0,261.0)
(212.0,261.0)
(212.0,261.0)
(212.0,261.0)
(212.0,261.0)
(613.0,261.0)
(212.0,261.0)
(613.0,261.0)
(212.0,261.0)
(613.0,261.0)
(641.0,261.0)
(641.0,261.0)
(239.0,261.0)
(212.0,261.0)
(239.0,261.0)
(212.0,261.0)
(212.0,261.0)
(260.0,261.0)
(212.0,261.0)
(613.0,261.0)
(613.0,261.0)
(617.0,259.0)
(684.0,259.0)
(617.0,259.0)
(617.0,259.0)
(617.0,259.0)
(617.0,259.0)
(684.0,259.0)
(617.0,259.0)
(617.0,259.0)
(617.0,259.0)
(617.0,259.0)
(684.0,259.0)
(224.0,259.0)
(684.0,259.0)
(617.0,259.0)
(617.0,259.0)
(617.0,259.0)
(617.0,259.0)
(617.0,259.0)
(617.0,259.0)
(617.0,259.0)
(617.0,259.0)
(617.0,259.0)
(617.0,259.0)
(617.0,259.0)
(617.0,259.0)
(617.0,259.0)
(617.0,259.0)
(224.0,259.0)
(633.0,259.0)
(684.0,259.0)
(347.0,259.0)
(617.0,259.0)
(617.0,259.0)
(617.0,259.0)
(617.0,259.0)
(224.0,259.0)
(224.0,259.0)
(617.0,259.0)
(264.0,259.0)
(224.0,259.0)
(617.0,259.0)
(684.0,259.0)
(617.0,259.0)
(617.0,259.0)
(633.0,259.0)
(617.0,259.0)
(684.0,259.0)
(617.0,259.0)
(617.0,259.0)
(617.0,259.0)
(617.0,259.0)
(617.0,259.0)
(617.0,259.0)
(617.0,259.0)
(617.0,259.0)
(617.0,259.0)
(617.0,259.0)
(617.0,259.0)
(617.0,259.0)
(617.0,259.0)
(617.0,259.0)
(617.0,259.0)
(617.0,259.0)
(684.0,259.0)
(617.0,259.0)
(617.0,259.0)
(617.0,259.0)
(617.0,259.0)
(617.0,259.0)
(617.0,259.0)
(617.0,259.0)
(617.0,259.0)
(617.0,259.0)
(617.0,259.0)
(617.0,259.0)
(617.0,259.0)
(617.0,259.0)
(684.0,259.0)
(617.0,259.0)
(617.0,259.0)
(617.0,259.0)
(264.0,259.0)
(617.0,259.0)
(617.0,259.0)
(617.0,259.0)
(617.0,259.0)
(617.0,259.0)
(617.0,259.0)
(617.0,259.0)
(617.0,259.0)
(617.0,259.0)
(617.0,259.0)
(617.0,259.0)
(617.0,259.0)
(617.0,259.0)
(617.0,259.0)
(684.0,259.0)
(617.0,259.0)
(684.0,259.0)
(617.0,259.0)
(617.0,259.0)
(617.0,259.0)
(264.0,259.0)
(633.0,259.0)
(617.0,259.0)
(617.0,259.0)
(617.0,259.0)
(684.0,259.0)
(617.0,259.0)
(617.0,259.0)
(617.0,259.0)
(684.0,259.0)
(617.0,259.0)
(617.0,259.0)
(617.0,259.0)
(617.0,259.0)
(617.0,259.0)
(617.0,259.0)
(617.0,259.0)
(617.0,259.0)
(617.0,259.0)
(347.0,259.0)
(617.0,259.0)
(617.0,259.0)
(617.0,259.0)
(617.0,259.0)
(224.0,259.0)
(684.0,259.0)
(684.0,259.0)
(617.0,259.0)
(617.0,259.0)
(617.0,259.0)
(684.0,259.0)
(617.0,259.0)
(684.0,259.0)
(224.0,259.0)
(617.0,259.0)
(617.0,259.0)
(617.0,259.0)
(617.0,259.0)
(617.0,259.0)
(617.0,259.0)
(212.0,258.0)
(629.0,258.0)
(239.0,258.0)
(614.0,258.0)
(215.0,258.0)
(212.0,258.0)
(229.0,258.0)
(629.0,258.0)
(629.0,258.0)
(629.0,258.0)
(212.0,258.0)
(229.0,258.0)
(239.0,258.0)
(629.0,258.0)
(629.0,258.0)
(238.0,258.0)
(260.0,258.0)
(629.0,258.0)
(629.0,258.0)
(212.0,258.0)
(212.0,258.0)
(239.0,258.0)
(614.0,258.0)
(212.0,258.0)
(629.0,258.0)
(212.0,258.0)
(637.0,258.0)
(637.0,258.0)
(629.0,258.0)
(229.0,258.0)
(239.0,258.0)
(597.0,258.0)
(629.0,258.0)
(229.0,258.0)
(212.0,258.0)
(212.0,258.0)
(212.0,258.0)
(629.0,258.0)
(238.0,258.0)
(212.0,258.0)
(629.0,258.0)
(229.0,258.0)
(215.0,258.0)
(212.0,258.0)
(629.0,258.0)
(614.0,258.0)
(629.0,258.0)
(629.0,258.0)
(212.0,258.0)
(215.0,258.0)
(614.0,258.0)
(629.0,258.0)
(629.0,258.0)
(629.0,258.0)
(629.0,258.0)
(629.0,258.0)
(229.0,258.0)
(629.0,258.0)
(212.0,258.0)
(212.0,258.0)
(212.0,258.0)
(212.0,258.0)
(614.0,258.0)
(215.0,258.0)
(641.0,258.0)
(212.0,258.0)
(614.0,258.0)
(229.0,258.0)
(229.0,258.0)
(238.0,258.0)
(629.0,258.0)
(212.0,258.0)
(212.0,258.0)
(239.0,258.0)
(629.0,258.0)
(212.0,258.0)
(629.0,258.0)
(212.0,258.0)
(629.0,258.0)
(629.0,258.0)
(212.0,258.0)
(212.0,258.0)
(212.0,258.0)
(238.0,258.0)
(229.0,258.0)
(212.0,258.0)
(239.0,258.0)
(238.0,258.0)
(629.0,258.0)
(629.0,258.0)
(629.0,258.0)
(239.0,258.0)
(239.0,258.0)
(229.0,258.0)
(215.0,258.0)
(637.0,258.0)
(212.0,258.0)
(629.0,258.0)
(212.0,258.0)
(212.0,258.0)
(629.0,258.0)
(229.0,258.0)
(239.0,258.0)
(239.0,258.0)
(629.0,258.0)
(215.0,258.0)
(215.0,258.0)
(239.0,258.0)
(212.0,258.0)
(215.0,258.0)
(229.0,258.0)
(212.0,258.0)
(212.0,258.0)
(614.0,258.0)
(641.0,258.0)
(229.0,258.0)
(629.0,258.0)
(239.0,258.0)
(614.0,258.0)
(629.0,258.0)
(212.0,258.0)
(239.0,258.0)
(629.0,258.0)
(229.0,258.0)
(229.0,258.0)
(614.0,258.0)
(229.0,258.0)
(641.0,258.0)
(629.0,258.0)
(614.0,258.0)
(629.0,258.0)
(239.0,258.0)
(629.0,258.0)
(238.0,258.0)
(212.0,258.0)
(215.0,258.0)
(629.0,258.0)
(238.0,258.0)
(229.0,258.0)
(260.0,258.0)
(641.0,258.0)
(212.0,258.0)
(239.0,258.0)
(597.0,258.0)
(614.0,258.0)
(238.0,258.0)
(212.0,258.0)
(614.0,258.0)
(215.0,258.0)
(238.0,258.0)
(629.0,258.0)
(629.0,258.0)
(629.0,258.0)
(629.0,258.0)
(260.0,258.0)
(212.0,258.0)
(215.0,258.0)
(238.0,258.0)
(629.0,258.0)
(212.0,258.0)
(239.0,258.0)
(629.0,258.0)
(629.0,258.0)
(629.0,258.0)
(212.0,258.0)
(212.0,258.0)
(637.0,258.0)
(238.0,258.0)
(212.0,258.0)
(629.0,258.0)
(229.0,258.0)
(629.0,258.0)
(614.0,258.0)
(629.0,258.0)
(260.0,258.0)
(239.0,258.0)
(629.0,258.0)
(641.0,258.0)
(212.0,258.0)
(238.0,258.0)
(215.0,258.0)
(212.0,258.0)
(629.0,258.0)
(632.0,260.0)
(228.0,260.0)
(228.0,260.0)
(629.0,260.0)
(636.0,260.0)
(632.0,260.0)
(632.0,260.0)
(228.0,260.0)
(249.0,260.0)
(614.0,260.0)
(632.0,260.0)
(632.0,260.0)
(239.0,260.0)
(249.0,260.0)
(614.0,260.0)
(629.0,260.0)
(305.0,260.0)
(228.0,260.0)
(249.0,260.0)
(228.0,260.0)
(602.0,260.0)
(305.0,260.0)
(305.0,260.0)
(249.0,260.0)
(185.0,260.0)
(632.0,260.0)
(249.0,260.0)
(602.0,260.0)
(228.0,260.0)
(629.0,260.0)
(629.0,260.0)
(239.0,260.0)
(249.0,260.0)
(632.0,260.0)
(239.0,260.0)
(602.0,260.0)
(249.0,260.0)
(632.0,260.0)
(632.0,260.0)
(602.0,260.0)
(602.0,260.0)
(614.0,260.0)
(305.0,260.0)
(228.0,260.0)
(614.0,260.0)
(632.0,260.0)
(600.0,260.0)
(185.0,260.0)
(636.0,260.0)
(614.0,260.0)
(629.0,260.0)
(249.0,260.0)
(614.0,260.0)
(602.0,260.0)
(228.0,260.0)
(629.0,260.0)
(249.0,260.0)
(249.0,260.0)
(249.0,260.0)
(249.0,260.0)
(249.0,260.0)
(632.0,260.0)
(228.0,260.0)
(249.0,260.0)
(632.0,260.0)
(602.0,260.0)
(305.0,260.0)
(632.0,260.0)
(228.0,260.0)
(632.0,260.0)
(636.0,260.0)
(305.0,260.0)
(305.0,260.0)
(632.0,260.0)
(602.0,260.0)
(305.0,260.0)
(305.0,260.0)
(614.0,260.0)
(632.0,260.0)
(228.0,260.0)
(228.0,260.0)
(614.0,260.0)
(249.0,260.0)
(239.0,260.0)
(614.0,260.0)
(629.0,260.0)
(239.0,260.0)
(305.0,260.0)
(602.0,260.0)
(240.0,260.0)
(228.0,260.0)
(249.0,260.0)
(602.0,260.0)
(602.0,260.0)
(632.0,260.0)
(614.0,260.0)
(632.0,260.0)
(602.0,260.0)
(239.0,260.0)
(305.0,260.0)
(239.0,260.0)
(249.0,260.0)
(249.0,260.0)
(632.0,260.0)
(185.0,260.0)
(228.0,260.0)
(632.0,260.0)
(249.0,260.0)
(629.0,260.0)
(602.0,260.0)
(228.0,260.0)
(602.0,260.0)
(602.0,260.0)
(614.0,260.0)
(632.0,260.0)
(239.0,260.0)
(636.0,260.0)
(614.0,260.0)
(249.0,260.0)
(636.0,260.0)
(239.0,260.0)
(602.0,260.0)
(228.0,260.0)
(239.0,260.0)
(636.0,260.0)
(602.0,260.0)
(185.0,260.0)
(629.0,260.0)
(305.0,260.0)
(632.0,260.0)
(249.0,260.0)
(228.0,260.0)
(629.0,260.0)
(249.0,260.0)
(632.0,260.0)
(239.0,260.0)
(228.0,260.0)
(632.0,260.0)
(228.0,260.0)
(632.0,260.0)
(629.0,260.0)
(632.0,260.0)
(632.0,260.0)
(305.0,260.0)
(249.0,260.0)
(305.0,260.0)
(249.0,260.0)
(600.0,260.0)
(239.0,260.0)
(600.0,260.0)
(228.0,260.0)
(614.0,260.0)
(602.0,260.0)
(228.0,260.0)
(228.0,260.0)
(228.0,260.0)
(614.0,260.0)
(632.0,260.0)
(239.0,260.0)
(305.0,260.0)
(602.0,260.0)
(239.0,260.0)
(602.0,260.0)
(629.0,260.0)
(614.0,260.0)
(636.0,260.0)
(629.0,260.0)
(636.0,260.0)
(614.0,260.0)
(249.0,260.0)
(632.0,260.0)
(228.0,260.0)
(249.0,260.0)
(249.0,260.0)
(239.0,260.0)
(602.0,260.0)
(249.0,260.0)
(614.0,260.0)
(249.0,260.0)
(602.0,260.0)
(239.0,260.0)
(249.0,260.0)
(228.0,260.0)
(228.0,260.0)
(602.0,260.0)
(602.0,260.0)
(629.0,260.0)
(614.0,260.0)
(636.0,260.0)
(228.0,260.0)
(632.0,260.0)
(228.0,260.0)
(629.0,260.0)
(249.0,260.0)
(239.0,260.0)
(228.0,260.0)
(249.0,260.0)
(240.0,260.0)
(305.0,260.0)
(632.0,260.0)
(212.0,263.0)
(288.0,263.0)
(264.0,263.0)
(212.0,263.0)
(203.0,263.0)
(203.0,263.0)
(288.0,263.0)
(288.0,263.0)
(212.0,263.0)
(288.0,263.0)
(203.0,263.0)
(212.0,263.0)
(212.0,263.0)
(288.0,263.0)
(203.0,263.0)
(203.0,263.0)
(203.0,263.0)
(288.0,263.0)
(287.0,263.0)
(288.0,263.0)
(203.0,263.0)
(715.0,263.0)
(288.0,263.0)
(288.0,263.0)
(203.0,263.0)
(264.0,263.0)
(212.0,263.0)
(203.0,263.0)
(715.0,263.0)
(264.0,263.0)
(288.0,263.0)
(264.0,263.0)
(715.0,263.0)
(212.0,263.0)
(288.0,263.0)
(287.0,263.0)
(287.0,263.0)
(203.0,263.0)
(212.0,263.0)
(715.0,263.0)
(287.0,263.0)
(203.0,263.0)
(715.0,263.0)
(288.0,263.0)
(212.0,263.0)
(212.0,263.0)
(343.0,263.0)
(264.0,263.0)
(288.0,263.0)
(288.0,263.0)
(203.0,263.0)
(288.0,263.0)
(288.0,263.0)
(203.0,263.0)
(203.0,263.0)
(203.0,263.0)
(203.0,263.0)
(203.0,263.0)
(212.0,263.0)
(264.0,263.0)
(203.0,263.0)
(715.0,263.0)
(715.0,263.0)
(288.0,263.0)
(212.0,263.0)
(212.0,263.0)
(264.0,263.0)
(288.0,263.0)
(288.0,263.0)
(212.0,263.0)
(715.0,263.0)
(288.0,263.0)
(288.0,263.0)
(203.0,263.0)
(212.0,263.0)
(264.0,263.0)
(287.0,263.0)
(288.0,263.0)
(715.0,263.0)
(715.0,263.0)
(212.0,263.0)
(203.0,263.0)
(203.0,263.0)
(343.0,263.0)
(203.0,263.0)
(264.0,263.0)
(203.0,263.0)
(715.0,263.0)
(715.0,263.0)
(288.0,263.0)
(212.0,263.0)
(212.0,263.0)
(715.0,263.0)
(288.0,263.0)
(288.0,263.0)
(288.0,263.0)
(203.0,263.0)
(212.0,263.0)
(264.0,263.0)
(264.0,263.0)
(287.0,263.0)
(288.0,263.0)
(212.0,263.0)
(203.0,263.0)
(203.0,263.0)
(715.0,263.0)
(288.0,263.0)
(288.0,263.0)
(288.0,263.0)
(288.0,263.0)
(203.0,263.0)
(264.0,263.0)
(203.0,263.0)
(288.0,263.0)
(645.0,263.0)
(288.0,263.0)
(288.0,263.0)
(288.0,263.0)
(264.0,263.0)
(212.0,263.0)
(212.0,263.0)
(715.0,263.0)
(264.0,263.0)
(238.0,263.0)
(288.0,263.0)
(212.0,263.0)
(203.0,263.0)
(264.0,263.0)
(203.0,263.0)
(203.0,263.0)
(212.0,263.0)
(288.0,263.0)
(288.0,263.0)
(288.0,263.0)
(212.0,263.0)
(264.0,263.0)
(203.0,263.0)
(203.0,263.0)
(288.0,263.0)
(203.0,263.0)
(288.0,263.0)
(203.0,263.0)
(670.0,263.0)
(288.0,263.0)
(343.0,263.0)
(203.0,263.0)
(715.0,263.0)
(264.0,263.0)
(264.0,263.0)
(203.0,263.0)
(212.0,263.0)
(288.0,263.0)
(288.0,263.0)
(715.0,263.0)
(288.0,263.0)
(288.0,263.0)
(212.0,263.0)
(343.0,263.0)
(203.0,263.0)
(212.0,263.0)
(343.0,263.0)
(264.0,263.0)
(203.0,263.0)
(203.0,263.0)
(212.0,263.0)
(203.0,263.0)
(203.0,263.0)
(288.0,263.0)
(715.0,263.0)
(203.0,263.0)
(203.0,263.0)
(203.0,263.0)
(715.0,263.0)
(288.0,263.0)
(715.0,263.0)
(715.0,263.0)
(288.0,263.0)
(288.0,263.0)
(715.0,263.0)
(203.0,263.0)
(203.0,263.0)
(715.0,263.0)
(288.0,263.0)
(203.0,263.0)
(264.0,264.0)
(264.0,264.0)
(264.0,264.0)
(264.0,264.0)
(264.0,264.0)
(264.0,264.0)
(267.0,264.0)
(264.0,264.0)
(264.0,264.0)
(264.0,264.0)
(264.0,264.0)
(264.0,264.0)
(264.0,264.0)
(264.0,264.0)
(264.0,264.0)
(264.0,264.0)
(264.0,264.0)
(264.0,264.0)
(264.0,264.0)
(264.0,264.0)
(264.0,264.0)
(264.0,264.0)
(264.0,264.0)
(302.0,264.0)
(264.0,264.0)
(264.0,264.0)
(264.0,264.0)
(264.0,264.0)
(264.0,264.0)
(264.0,264.0)
(264.0,264.0)
(302.0,264.0)
(264.0,264.0)
(264.0,264.0)
(264.0,264.0)
(264.0,264.0)
(264.0,264.0)
(264.0,264.0)
(264.0,264.0)
(264.0,264.0)
(264.0,264.0)
(264.0,264.0)
(264.0,264.0)
(264.0,264.0)
(264.0,264.0)
(264.0,264.0)
(264.0,264.0)
(264.0,264.0)
(267.0,264.0)
(264.0,264.0)
(264.0,264.0)
(264.0,264.0)
(267.0,264.0)
(264.0,264.0)
(264.0,264.0)
(264.0,264.0)
(264.0,264.0)
(264.0,264.0)
(264.0,264.0)
(264.0,264.0)
(264.0,264.0)
(264.0,264.0)
(264.0,264.0)
(264.0,264.0)
(302.0,264.0)
(264.0,264.0)
(264.0,264.0)
(264.0,264.0)
(264.0,264.0)
(264.0,264.0)
(264.0,264.0)
(264.0,264.0)
(264.0,264.0)
(264.0,264.0)
(264.0,264.0)
(264.0,264.0)
(264.0,264.0)
(264.0,264.0)
(264.0,264.0)
(302.0,264.0)
(264.0,264.0)
(264.0,264.0)
(264.0,264.0)
(264.0,264.0)
(267.0,264.0)
(264.0,264.0)
(264.0,264.0)
(267.0,264.0)
(264.0,264.0)
(264.0,264.0)
(264.0,264.0)
(264.0,264.0)
(264.0,264.0)
(264.0,264.0)
(264.0,264.0)
(264.0,264.0)
(264.0,264.0)
(264.0,264.0)
(264.0,264.0)
(264.0,264.0)
(264.0,264.0)
(264.0,264.0)
(264.0,264.0)
(264.0,264.0)
(264.0,264.0)
(264.0,264.0)
(302.0,264.0)
(264.0,264.0)
(302.0,264.0)
(264.0,264.0)
(264.0,264.0)
(264.0,264.0)
(264.0,264.0)
(264.0,264.0)
(264.0,264.0)
(264.0,264.0)
(264.0,264.0)
(264.0,264.0)
(264.0,264.0)
(302.0,264.0)
(264.0,264.0)
(302.0,264.0)
(264.0,264.0)
(264.0,264.0)
(264.0,264.0)
(267.0,264.0)
(264.0,264.0)
(264.0,264.0)
(264.0,264.0)
(264.0,264.0)
(264.0,264.0)
(264.0,264.0)
(264.0,264.0)
(264.0,264.0)
(264.0,264.0)
(264.0,264.0)
(264.0,264.0)
(267.0,264.0)
(264.0,264.0)
(264.0,264.0)
(264.0,264.0)
(264.0,264.0)
(264.0,264.0)
(267.0,265.0)
(264.0,265.0)
(267.0,265.0)
(713.0,265.0)
(264.0,265.0)
(264.0,265.0)
(264.0,265.0)
(264.0,265.0)
(267.0,265.0)
(264.0,265.0)
(713.0,265.0)
(264.0,265.0)
(267.0,265.0)
(264.0,265.0)
(264.0,265.0)
(264.0,265.0)
(264.0,265.0)
(264.0,265.0)
(264.0,265.0)
(264.0,265.0)
(267.0,265.0)
(267.0,265.0)
(264.0,265.0)
(264.0,265.0)
(267.0,265.0)
(264.0,265.0)
(264.0,265.0)
(264.0,265.0)
(713.0,265.0)
(264.0,265.0)
(264.0,265.0)
(267.0,265.0)
(264.0,265.0)
(264.0,265.0)
(264.0,265.0)
(264.0,265.0)
(264.0,265.0)
(264.0,265.0)
(264.0,265.0)
(264.0,265.0)
(267.0,265.0)
(264.0,265.0)
(264.0,265.0)
(713.0,265.0)
(264.0,265.0)
(264.0,265.0)
(264.0,265.0)
(267.0,265.0)
(267.0,265.0)
(264.0,265.0)
(264.0,265.0)
(267.0,265.0)
(267.0,265.0)
(264.0,265.0)
(264.0,265.0)
(264.0,265.0)
(264.0,265.0)
(264.0,265.0)
(713.0,265.0)
(264.0,265.0)
(264.0,265.0)
(264.0,265.0)
(267.0,265.0)
(713.0,265.0)
(264.0,265.0)
(264.0,265.0)
(264.0,265.0)
(267.0,265.0)
(264.0,265.0)
(264.0,265.0)
(264.0,265.0)
(264.0,265.0)
(264.0,265.0)
(264.0,265.0)
(713.0,265.0)
(264.0,265.0)
(713.0,265.0)
(264.0,265.0)
(264.0,265.0)
(264.0,265.0)
(264.0,265.0)
(264.0,265.0)
(713.0,265.0)
(264.0,265.0)
(267.0,265.0)
(713.0,265.0)
(713.0,265.0)
(264.0,265.0)
(264.0,265.0)
(264.0,265.0)
(264.0,265.0)
(264.0,265.0)
(713.0,265.0)
(264.0,265.0)
(267.0,265.0)
(264.0,265.0)
(264.0,265.0)
(264.0,265.0)
(264.0,265.0)
(264.0,265.0)
(264.0,265.0)
(264.0,265.0)
(203.0,265.0)
(264.0,265.0)
(645.0,265.0)
(264.0,265.0)
(264.0,265.0)
(645.0,265.0)
(222.0,265.0)
(713.0,265.0)
(645.0,265.0)
(645.0,265.0)
(222.0,265.0)
(645.0,265.0)
(264.0,265.0)
(264.0,265.0)
(264.0,265.0)
(264.0,265.0)
(264.0,265.0)
(264.0,265.0)
(264.0,265.0)
(264.0,265.0)
(264.0,265.0)
(264.0,265.0)
(264.0,265.0)
(264.0,265.0)
(264.0,265.0)
(645.0,265.0)
(645.0,265.0)
(645.0,265.0)
(264.0,265.0)
(264.0,265.0)
(264.0,265.0)
(264.0,265.0)
(264.0,265.0)
(264.0,265.0)
(264.0,265.0)
(264.0,265.0)
(264.0,265.0)
(222.0,265.0)
(264.0,265.0)
(264.0,265.0)
(645.0,265.0)
(264.0,265.0)
(264.0,265.0)
(645.0,265.0)
(264.0,265.0)
(264.0,265.0)
(264.0,265.0)
(264.0,265.0)
(645.0,265.0)
(645.0,265.0)
(222.0,265.0)
(645.0,265.0)
(264.0,265.0)
(264.0,265.0)
(264.0,265.0)
(645.0,265.0)
(264.0,265.0)
(264.0,265.0)
(645.0,265.0)
(645.0,265.0)
(264.0,265.0)
(645.0,265.0)
(645.0,265.0)
(203.0,265.0)
(264.0,265.0)
(264.0,265.0)
(264.0,265.0)
(264.0,265.0)
(645.0,265.0)
(264.0,265.0)
(222.0,265.0)
(264.0,265.0)
(264.0,265.0)
(264.0,265.0)
(264.0,265.0)
(264.0,265.0)
(645.0,265.0)
(264.0,265.0)
(264.0,265.0)
(222.0,265.0)
(264.0,265.0)
(222.0,265.0)
(264.0,265.0)
(264.0,265.0)
(264.0,265.0)
(645.0,265.0)
(264.0,265.0)
(264.0,265.0)
(264.0,265.0)
(203.0,265.0)
(613.0,265.0)
(264.0,265.0)
(203.0,265.0)
(203.0,265.0)
(264.0,265.0)
(203.0,265.0)
(203.0,265.0)
(203.0,265.0)
(264.0,265.0)
(264.0,265.0)
(203.0,265.0)
(203.0,265.0)
(203.0,265.0)
(203.0,265.0)
(203.0,265.0)
(613.0,265.0)
(264.0,265.0)
(203.0,265.0)
(264.0,265.0)
(203.0,265.0)
(264.0,265.0)
(264.0,265.0)
(264.0,265.0)
(264.0,265.0)
(203.0,265.0)
(264.0,265.0)
(264.0,265.0)
(264.0,265.0)
(264.0,265.0)
(203.0,265.0)
(203.0,265.0)
(203.0,265.0)
(264.0,265.0)
(264.0,265.0)
(264.0,265.0)
(203.0,265.0)
(186.0,265.0)
(203.0,265.0)
(670.0,265.0)
(264.0,265.0)
(186.0,265.0)
(203.0,265.0)
(203.0,265.0)
(203.0,265.0)
(203.0,265.0)
(203.0,265.0)
(264.0,265.0)
(613.0,265.0)
(203.0,265.0)
(264.0,265.0)
(264.0,265.0)
(264.0,265.0)
(203.0,265.0)
(264.0,265.0)
(264.0,265.0)
(264.0,265.0)
(670.0,265.0)
(264.0,265.0)
(613.0,265.0)
(203.0,265.0)
(203.0,265.0)
(203.0,265.0)
(203.0,265.0)
(203.0,265.0)
(264.0,265.0)
(264.0,265.0)
(203.0,265.0)
(203.0,265.0)
(264.0,265.0)
(264.0,265.0)
(264.0,265.0)
(264.0,265.0)
(264.0,265.0)
(203.0,265.0)
(203.0,265.0)
(264.0,265.0)
(264.0,265.0)
(203.0,265.0)
(203.0,265.0)
(264.0,265.0)
(613.0,265.0)
(264.0,265.0)
(670.0,265.0)
(264.0,265.0)
(203.0,265.0)
(264.0,265.0)
(264.0,265.0)
(264.0,265.0)
(264.0,265.0)
(264.0,265.0)
(186.0,265.0)
(264.0,265.0)
(203.0,265.0)
(203.0,265.0)
(203.0,265.0)
(264.0,265.0)
(613.0,265.0)
(264.0,265.0)
(613.0,265.0)
(264.0,265.0)
(614.0,265.0)
(264.0,265.0)
(264.0,265.0)
(203.0,265.0)
(203.0,265.0)
(264.0,265.0)
(264.0,265.0)
(203.0,265.0)
(203.0,265.0)
(264.0,265.0)
(203.0,265.0)
(203.0,265.0)
(264.0,265.0)
(264.0,265.0)
(264.0,265.0)
(203.0,265.0)
(203.0,265.0)
(264.0,265.0)
(186.0,265.0)
(203.0,265.0)
(203.0,265.0)
(264.0,265.0)
(203.0,265.0)
(203.0,265.0)
(203.0,265.0)
(264.0,265.0)
(203.0,265.0)
(203.0,265.0)
(203.0,265.0)
(264.0,265.0)
(264.0,265.0)
(264.0,265.0)
(264.0,265.0)
(264.0,265.0)
(203.0,265.0)
(203.0,265.0)
(264.0,265.0)
(203.0,265.0)
(264.0,265.0)
(203.0,265.0)
(186.0,265.0)
(203.0,265.0)
(203.0,265.0)
(267.0,264.0)
(673.0,264.0)
(264.0,264.0)
(264.0,264.0)
(264.0,264.0)
(264.0,264.0)
(673.0,264.0)
(673.0,264.0)
(673.0,264.0)
(267.0,264.0)
(264.0,264.0)
(264.0,264.0)
(673.0,264.0)
(673.0,264.0)
(264.0,264.0)
(673.0,264.0)
(673.0,264.0)
(673.0,264.0)
(267.0,264.0)
(264.0,264.0)
(264.0,264.0)
(264.0,264.0)
(264.0,264.0)
(673.0,264.0)
(264.0,264.0)
(673.0,264.0)
(264.0,264.0)
(673.0,264.0)
(264.0,264.0)
(264.0,264.0)
(264.0,264.0)
(673.0,264.0)
(264.0,264.0)
(264.0,264.0)
(267.0,264.0)
(267.0,264.0)
(673.0,264.0)
(264.0,264.0)
(673.0,264.0)
(673.0,264.0)
(264.0,264.0)
(264.0,264.0)
(673.0,264.0)
(267.0,264.0)
(673.0,264.0)
(264.0,264.0)
(673.0,264.0)
(673.0,264.0)
(267.0,264.0)
(264.0,264.0)
(264.0,264.0)
(673.0,264.0)
(673.0,264.0)
(673.0,264.0)
(673.0,264.0)
(673.0,264.0)
(264.0,264.0)
(673.0,264.0)
(673.0,264.0)
(267.0,264.0)
(267.0,264.0)
(264.0,264.0)
(264.0,264.0)
(264.0,264.0)
(264.0,264.0)
(264.0,264.0)
(264.0,264.0)
(264.0,264.0)
(264.0,264.0)
(673.0,264.0)
(264.0,264.0)
(673.0,264.0)
(673.0,264.0)
(264.0,264.0)
(264.0,264.0)
(264.0,264.0)
(264.0,264.0)
(673.0,264.0)
(264.0,264.0)
(673.0,264.0)
(267.0,264.0)
(264.0,264.0)
(673.0,264.0)
(673.0,264.0)
(267.0,264.0)
(264.0,264.0)
(267.0,264.0)
(673.0,264.0)
(264.0,264.0)
(264.0,264.0)
(264.0,264.0)
(264.0,264.0)
(264.0,264.0)
(673.0,264.0)
(673.0,264.0)
(267.0,264.0)
(264.0,264.0)
(264.0,264.0)
(264.0,264.0)
(673.0,264.0)
(264.0,264.0)
(673.0,264.0)
(267.0,264.0)
(264.0,264.0)
(673.0,264.0)
(264.0,264.0)
(264.0,264.0)
(264.0,264.0)
(673.0,264.0)
(673.0,264.0)
(264.0,264.0)
(264.0,264.0)
(264.0,264.0)
(264.0,264.0)
(264.0,264.0)
(264.0,264.0)
(267.0,264.0)
(673.0,264.0)
(267.0,264.0)
(264.0,264.0)
(264.0,264.0)
(673.0,264.0)
(264.0,264.0)
(673.0,264.0)
(267.0,264.0)
(264.0,264.0)
(673.0,264.0)
(264.0,264.0)
(673.0,264.0)
(264.0,264.0)
(264.0,264.0)
(264.0,264.0)
(264.0,264.0)
(264.0,264.0)
(673.0,264.0)
(264.0,264.0)
(673.0,264.0)
(264.0,264.0)
(264.0,264.0)
(264.0,264.0)
(673.0,264.0)
(267.0,264.0)
(264.0,264.0)
(673.0,264.0)
(673.0,264.0)
(673.0,264.0)
(264.0,264.0)
(264.0,264.0)
(264.0,264.0)
(267.0,264.0)
(264.0,264.0)
(264.0,264.0)
(264.0,264.0)
(267.0,264.0)
(264.0,264.0)
(264.0,264.0)
(673.0,264.0)
(264.0,264.0)
(673.0,264.0)
(673.0,264.0)
(673.0,264.0)
(264.0,264.0)
(267.0,264.0)
(673.0,264.0)
(673.0,264.0)
(264.0,264.0)
(264.0,264.0)
(673.0,264.0)
(673.0,264.0)
(673.0,264.0)
(267.0,264.0)
(264.0,264.0)
(267.0,264.0)
(673.0,264.0)
(264.0,264.0)
(673.0,264.0)
(264.0,264.0)
(673.0,264.0)
(264.0,264.0)
(264.0,264.0)
(673.0,264.0)
(264.0,264.0)
(264.0,264.0)
(264.0,264.0)
(264.0,264.0)
(264.0,264.0)
(613.0,264.0)
(267.0,264.0)
(267.0,264.0)
(613.0,264.0)
(267.0,264.0)
(267.0,264.0)
(267.0,264.0)
(267.0,264.0)
(613.0,264.0)
(264.0,264.0)
(267.0,264.0)
(267.0,264.0)
(267.0,264.0)
(267.0,264.0)
(267.0,264.0)
(264.0,264.0)
(267.0,264.0)
(267.0,264.0)
(264.0,264.0)
(267.0,264.0)
(613.0,264.0)
(264.0,264.0)
(267.0,264.0)
(267.0,264.0)
(267.0,264.0)
(267.0,264.0)
(267.0,264.0)
(267.0,264.0)
(267.0,264.0)
(264.0,264.0)
(264.0,264.0)
(267.0,264.0)
(267.0,264.0)
(267.0,264.0)
(264.0,264.0)
(267.0,264.0)
(267.0,264.0)
(267.0,264.0)
(264.0,264.0)
(267.0,264.0)
(264.0,264.0)
(267.0,264.0)
(267.0,264.0)
(613.0,264.0)
(267.0,264.0)
(267.0,264.0)
(264.0,264.0)
(267.0,264.0)
(267.0,264.0)
(264.0,264.0)
(267.0,264.0)
(264.0,264.0)
(264.0,264.0)
(264.0,264.0)
(267.0,264.0)
(613.0,264.0)
(267.0,264.0)
(267.0,264.0)
(267.0,264.0)
(264.0,264.0)
(264.0,264.0)
(267.0,264.0)
(267.0,264.0)
(264.0,264.0)
(267.0,264.0)
(267.0,264.0)
(267.0,264.0)
(267.0,264.0)
(264.0,264.0)
(267.0,264.0)
(264.0,264.0)
(267.0,264.0)
(267.0,264.0)
(267.0,264.0)
(267.0,264.0)
(267.0,264.0)
(267.0,264.0)
(267.0,264.0)
(267.0,264.0)
(267.0,264.0)
(264.0,264.0)
(267.0,264.0)
(267.0,264.0)
(264.0,264.0)
(267.0,264.0)
(267.0,264.0)
(267.0,264.0)
(267.0,264.0)
(267.0,264.0)
(267.0,264.0)
(267.0,264.0)
(267.0,264.0)
(264.0,264.0)
(264.0,264.0)
(267.0,264.0)
(267.0,264.0)
(267.0,264.0)
(267.0,264.0)
(613.0,264.0)
(267.0,264.0)
(267.0,264.0)
(613.0,264.0)
(264.0,264.0)
(267.0,264.0)
(264.0,264.0)
(267.0,264.0)
(267.0,264.0)
(613.0,264.0)
(267.0,264.0)
(267.0,264.0)
(264.0,264.0)
(267.0,264.0)
(267.0,264.0)
(267.0,264.0)
(267.0,264.0)
(267.0,264.0)
(267.0,264.0)
(267.0,264.0)
(267.0,264.0)
(264.0,264.0)
(264.0,264.0)
(267.0,264.0)
(267.0,264.0)
(264.0,264.0)
(267.0,264.0)
(267.0,264.0)
(267.0,264.0)
(267.0,264.0)
(264.0,264.0)
(267.0,264.0)
(267.0,264.0)
(267.0,264.0)
(346.0,266.0)
(771.0,266.0)
(771.0,266.0)
(332.0,266.0)
(190.0,266.0)
(346.0,266.0)
(332.0,266.0)
(346.0,266.0)
(771.0,266.0)
(305.0,266.0)
(771.0,266.0)
(305.0,266.0)
(190.0,266.0)
(190.0,266.0)
(771.0,266.0)
(346.0,266.0)
(771.0,266.0)
(346.0,266.0)
(346.0,266.0)
(771.0,266.0)
(305.0,266.0)
(771.0,266.0)
(190.0,266.0)
(305.0,266.0)
(771.0,266.0)
(332.0,266.0)
(771.0,266.0)
(346.0,266.0)
(771.0,266.0)
(771.0,266.0)
(332.0,266.0)
(771.0,266.0)
(190.0,266.0)
(190.0,266.0)
(771.0,266.0)
(332.0,266.0)
(305.0,266.0)
(190.0,266.0)
(346.0,266.0)
(305.0,266.0)
(332.0,266.0)
(332.0,266.0)
(332.0,266.0)
(771.0,266.0)
(771.0,266.0)
(346.0,266.0)
(771.0,266.0)
(346.0,266.0)
(305.0,266.0)
(346.0,266.0)
(346.0,266.0)
(346.0,266.0)
(190.0,266.0)
(771.0,266.0)
(346.0,266.0)
(771.0,266.0)
(346.0,266.0)
(771.0,266.0)
(346.0,266.0)
(190.0,266.0)
(346.0,266.0)
(346.0,266.0)
(190.0,266.0)
(190.0,266.0)
(305.0,266.0)
(172.0,266.0)
(771.0,266.0)
(190.0,266.0)
(190.0,266.0)
(346.0,266.0)
(305.0,266.0)
(305.0,266.0)
(346.0,266.0)
(305.0,266.0)
(190.0,266.0)
(332.0,266.0)
(305.0,266.0)
(346.0,266.0)
(190.0,266.0)
(190.0,266.0)
(346.0,266.0)
(305.0,266.0)
(771.0,266.0)
(346.0,266.0)
(332.0,266.0)
(305.0,266.0)
(346.0,266.0)
(190.0,266.0)
(37.0,266.0)
(305.0,266.0)
(190.0,266.0)
(346.0,266.0)
(305.0,266.0)
(771.0,266.0)
(346.0,266.0)
(190.0,266.0)
(305.0,266.0)
(305.0,266.0)
(648.0,266.0)
(346.0,266.0)
(190.0,266.0)
(771.0,266.0)
(346.0,266.0)
(771.0,266.0)
(190.0,266.0)
(190.0,266.0)
(346.0,266.0)
(190.0,266.0)
(190.0,266.0)
(190.0,266.0)
(305.0,266.0)
(190.0,266.0)
(37.0,266.0)
(305.0,266.0)
(771.0,266.0)
(346.0,266.0)
(771.0,266.0)
(305.0,266.0)
(346.0,266.0)
(305.0,266.0)
(267.0,267.0)
(267.0,267.0)
(267.0,267.0)
(267.0,267.0)
(267.0,267.0)
(267.0,267.0)
(267.0,267.0)
(267.0,267.0)
(267.0,267.0)
(267.0,267.0)
(267.0,267.0)
(267.0,267.0)
(267.0,267.0)
(267.0,267.0)
(267.0,267.0)
(267.0,267.0)
(267.0,267.0)
(267.0,267.0)
(267.0,267.0)
(267.0,267.0)
(267.0,267.0)
(267.0,267.0)
(267.0,267.0)
(267.0,267.0)
(267.0,267.0)
(267.0,267.0)
(267.0,267.0)
(267.0,267.0)
(267.0,267.0)
(267.0,267.0)
(267.0,267.0)
(267.0,267.0)
(267.0,267.0)
(267.0,267.0)
(267.0,267.0)
(267.0,267.0)
(267.0,267.0)
(267.0,267.0)
(267.0,267.0)
(267.0,267.0)
(267.0,267.0)
(267.0,267.0)
(267.0,267.0)
(267.0,267.0)
(267.0,267.0)
(267.0,267.0)
(267.0,267.0)
(267.0,267.0)
(267.0,267.0)
(267.0,267.0)
(267.0,267.0)
(267.0,267.0)
(267.0,267.0)
(267.0,267.0)
(267.0,267.0)
(267.0,267.0)
(267.0,267.0)
(267.0,267.0)
(267.0,267.0)
(267.0,267.0)
(267.0,267.0)
(267.0,267.0)
(267.0,267.0)
(267.0,267.0)
(267.0,267.0)
(267.0,267.0)
(267.0,267.0)
(267.0,267.0)
(267.0,267.0)
(267.0,267.0)
(267.0,267.0)
(267.0,267.0)
(267.0,267.0)
(267.0,267.0)
(267.0,267.0)
(267.0,267.0)
(267.0,267.0)
(267.0,267.0)
(267.0,267.0)
(267.0,267.0)
(267.0,267.0)
(267.0,267.0)
(267.0,267.0)
(267.0,267.0)
(267.0,267.0)
(267.0,267.0)
(267.0,267.0)
(267.0,267.0)
(267.0,267.0)
(267.0,267.0)
(267.0,267.0)
(267.0,267.0)
(267.0,267.0)
(264.0,267.0)
(267.0,267.0)
(264.0,267.0)
(267.0,267.0)
(267.0,267.0)
(264.0,267.0)
(636.0,267.0)
(264.0,267.0)
(264.0,267.0)
(636.0,267.0)
(264.0,267.0)
(264.0,267.0)
(264.0,267.0)
(636.0,267.0)
(264.0,267.0)
(264.0,267.0)
(636.0,267.0)
(636.0,267.0)
(264.0,267.0)
(264.0,267.0)
(264.0,267.0)
(264.0,267.0)
(264.0,267.0)
(636.0,267.0)
(264.0,267.0)
(636.0,267.0)
(267.0,267.0)
(264.0,267.0)
(264.0,267.0)
(264.0,267.0)
(264.0,267.0)
(264.0,267.0)
(264.0,267.0)
(264.0,267.0)
(264.0,267.0)
(264.0,267.0)
(264.0,267.0)
(264.0,267.0)
(267.0,267.0)
(267.0,267.0)
(264.0,267.0)
(264.0,267.0)
(267.0,267.0)
(636.0,267.0)
(267.0,267.0)
(267.0,267.0)
(264.0,267.0)
(636.0,267.0)
(264.0,267.0)
(264.0,267.0)
(636.0,267.0)
(264.0,267.0)
(636.0,267.0)
(264.0,267.0)
(264.0,267.0)
(264.0,267.0)
(264.0,267.0)
(264.0,267.0)
(267.0,267.0)
(264.0,267.0)
(264.0,267.0)
(636.0,267.0)
(264.0,267.0)
(264.0,267.0)
(264.0,267.0)
(267.0,267.0)
(264.0,267.0)
(264.0,267.0)
(636.0,267.0)
(264.0,267.0)
(267.0,267.0)
(636.0,267.0)
(267.0,267.0)
(264.0,267.0)
(636.0,267.0)
(264.0,267.0)
(267.0,267.0)
(264.0,267.0)
(264.0,267.0)
(264.0,267.0)
(264.0,267.0)
(636.0,267.0)
(636.0,267.0)
(267.0,267.0)
(267.0,267.0)
(636.0,267.0)
(264.0,267.0)
(264.0,267.0)
(636.0,267.0)
(267.0,267.0)
(264.0,267.0)
(267.0,267.0)
(636.0,267.0)
(267.0,267.0)
(264.0,267.0)
(636.0,267.0)
(264.0,267.0)
(636.0,267.0)
(636.0,267.0)
(264.0,267.0)
(636.0,267.0)
(264.0,267.0)
(264.0,267.0)
(264.0,267.0)
(264.0,267.0)
(264.0,267.0)
(267.0,267.0)
(267.0,267.0)
(267.0,267.0)
(267.0,267.0)
(267.0,267.0)
(264.0,267.0)
(267.0,267.0)
(267.0,267.0)
(267.0,267.0)
(267.0,267.0)
(267.0,267.0)
(267.0,267.0)
(267.0,267.0)
(267.0,267.0)
(267.0,267.0)
(267.0,267.0)
(267.0,267.0)
(267.0,267.0)
(267.0,267.0)
(267.0,267.0)
(267.0,267.0)
(267.0,267.0)
(267.0,267.0)
(267.0,267.0)
(267.0,267.0)
(267.0,267.0)
(267.0,267.0)
(267.0,267.0)
(267.0,267.0)
(267.0,267.0)
(267.0,267.0)
(267.0,267.0)
(267.0,267.0)
(264.0,267.0)
(267.0,267.0)
(267.0,267.0)
(267.0,267.0)
(267.0,267.0)
(264.0,267.0)
(267.0,267.0)
(267.0,267.0)
(264.0,267.0)
(267.0,267.0)
(267.0,267.0)
(267.0,267.0)
(267.0,267.0)
(267.0,267.0)
(264.0,267.0)
(267.0,267.0)
(267.0,267.0)
(267.0,267.0)
(267.0,267.0)
(264.0,267.0)
(267.0,267.0)
(264.0,267.0)
(267.0,267.0)
(267.0,267.0)
(267.0,267.0)
(264.0,267.0)
(267.0,267.0)
(267.0,267.0)
(267.0,267.0)
(267.0,267.0)
(267.0,267.0)
(267.0,267.0)
(267.0,267.0)
(267.0,267.0)
(267.0,267.0)
(267.0,267.0)
(267.0,267.0)
(267.0,267.0)
(267.0,267.0)
(267.0,267.0)
(264.0,267.0)
(267.0,267.0)
(267.0,267.0)
(267.0,267.0)
(267.0,267.0)
(267.0,267.0)
(267.0,267.0)
(267.0,267.0)
(267.0,267.0)
(264.0,267.0)
(267.0,267.0)
(267.0,267.0)
(267.0,267.0)
(267.0,267.0)
(264.0,267.0)
(267.0,267.0)
(267.0,267.0)
(267.0,267.0)
(264.0,267.0)
(267.0,267.0)
(267.0,267.0)
(267.0,267.0)
(264.0,267.0)
(267.0,267.0)
(267.0,267.0)
(267.0,267.0)
(267.0,267.0)
(264.0,267.0)
(267.0,267.0)
(267.0,267.0)
(267.0,267.0)
(267.0,267.0)
(264.0,267.0)
(267.0,267.0)
(264.0,267.0)
(264.0,267.0)
(264.0,267.0)
(267.0,267.0)
(267.0,267.0)
(267.0,267.0)
(267.0,267.0)
(267.0,267.0)
(267.0,267.0)
(267.0,267.0)
(267.0,267.0)
(267.0,267.0)
(267.0,267.0)
(267.0,267.0)
(267.0,267.0)
(267.0,267.0)
(267.0,267.0)
(267.0,267.0)
(267.0,267.0)
(267.0,267.0)
(267.0,267.0)
(267.0,267.0)
(267.0,267.0)
(267.0,267.0)
(267.0,267.0)
(267.0,267.0)
(267.0,267.0)
(267.0,267.0)
(267.0,267.0)
(267.0,267.0)
(267.0,267.0)
(267.0,267.0)
(267.0,267.0)
(267.0,267.0)
(267.0,267.0)
(267.0,267.0)
(267.0,267.0)
(267.0,267.0)
(203.0,267.0)
(267.0,267.0)
(267.0,267.0)
(267.0,267.0)
(267.0,267.0)
(267.0,267.0)
(267.0,267.0)
(267.0,267.0)
(267.0,267.0)
(203.0,267.0)
(267.0,267.0)
(267.0,267.0)
(267.0,267.0)
(267.0,267.0)
(267.0,267.0)
(267.0,267.0)
(267.0,267.0)
(203.0,267.0)
(267.0,267.0)
(267.0,267.0)
(267.0,267.0)
(203.0,267.0)
(267.0,267.0)
(264.0,267.0)
(267.0,267.0)
(267.0,267.0)
(267.0,267.0)
(267.0,267.0)
(267.0,267.0)
(267.0,267.0)
(267.0,267.0)
(267.0,267.0)
(267.0,267.0)
(267.0,267.0)
(267.0,267.0)
(267.0,267.0)
(267.0,267.0)
(203.0,267.0)
(267.0,267.0)
(267.0,267.0)
(267.0,267.0)
(267.0,267.0)
(267.0,267.0)
(267.0,267.0)
(267.0,267.0)
(267.0,267.0)
(267.0,267.0)
(267.0,267.0)
(267.0,267.0)
(203.0,267.0)
(267.0,267.0)
(267.0,267.0)
(267.0,267.0)
(267.0,267.0)
(203.0,267.0)
(267.0,267.0)
(267.0,267.0)
(267.0,267.0)
(267.0,267.0)
(267.0,267.0)
(203.0,267.0)
(267.0,267.0)
(267.0,267.0)
(267.0,267.0)
(267.0,267.0)
(203.0,267.0)
(267.0,267.0)
(267.0,267.0)
(267.0,267.0)
(267.0,267.0)
(203.0,267.0)
(267.0,267.0)
(267.0,267.0)
(203.0,267.0)
(267.0,267.0)
(267.0,267.0)
(267.0,267.0)
(267.0,267.0)
(267.0,267.0)
(267.0,267.0)
(264.0,267.0)
(203.0,267.0)
(203.0,267.0)
(267.0,267.0)
(267.0,267.0)
(267.0,267.0)
(267.0,267.0)
(267.0,267.0)
(267.0,267.0)
(267.0,267.0)
(267.0,267.0)
(267.0,267.0)
(203.0,267.0)
(203.0,267.0)
(267.0,267.0)
(267.0,267.0)
(267.0,267.0)
(267.0,267.0)
(267.0,267.0)
(267.0,267.0)
(203.0,267.0)
(267.0,267.0)
(203.0,267.0)
(267.0,267.0)
(267.0,267.0)
(267.0,267.0)
(267.0,267.0)
(203.0,267.0)
(267.0,267.0)
(267.0,267.0)
(203.0,267.0)
(267.0,267.0)
(267.0,267.0)
(267.0,267.0)
(203.0,267.0)
(264.0,267.0)
(267.0,267.0)
(267.0,267.0)
(267.0,267.0)
(267.0,267.0)
(267.0,267.0)
(267.0,267.0)
(203.0,267.0)
(267.0,267.0)
(267.0,267.0)
(203.0,267.0)
(203.0,267.0)
(267.0,267.0)
(267.0,267.0)
(267.0,267.0)
(267.0,267.0)
(267.0,267.0)
(267.0,267.0)
(267.0,267.0)
(267.0,267.0)
(267.0,267.0)
(267.0,267.0)
(267.0,267.0)
(203.0,267.0)
(267.0,267.0)
(267.0,267.0)
(267.0,267.0)
(267.0,267.0)
(267.0,267.0)
(267.0,267.0)
(264.0,267.0)
(267.0,267.0)
(267.0,267.0)
(267.0,267.0)
(267.0,267.0)
(267.0,267.0)
(267.0,267.0)
(203.0,267.0)
(267.0,267.0)
(267.0,267.0)
(287.0,267.0)
(267.0,267.0)
(287.0,267.0)
(267.0,267.0)
(267.0,267.0)
(267.0,267.0)
(287.0,267.0)
(267.0,267.0)
(713.0,267.0)
(287.0,267.0)
(287.0,267.0)
(234.0,267.0)
(234.0,267.0)
(264.0,267.0)
(267.0,267.0)
(267.0,267.0)
(267.0,267.0)
(287.0,267.0)
