(755.0,755.0)
(755.0,755.0)
(455.0,755.0)
(447.0,755.0)
(755.0,755.0)
(447.0,755.0)
(455.0,755.0)
(755.0,755.0)
(755.0,755.0)
(755.0,755.0)
(755.0,755.0)
(455.0,755.0)
(447.0,755.0)
(435.0,755.0)
(435.0,755.0)
(809.0,755.0)
(472.0,755.0)
(755.0,755.0)
(368.0,755.0)
(755.0,755.0)
(368.0,755.0)
(755.0,755.0)
(755.0,755.0)
(755.0,755.0)
(479.0,755.0)
(755.0,755.0)
(376.0,755.0)
(376.0,755.0)
(755.0,755.0)
(755.0,755.0)
(755.0,755.0)
(755.0,755.0)
(455.0,755.0)
(435.0,755.0)
(455.0,755.0)
(455.0,755.0)
(755.0,755.0)
(755.0,755.0)
(455.0,755.0)
(755.0,755.0)
(755.0,755.0)
(755.0,755.0)
(455.0,755.0)
(755.0,755.0)
(447.0,755.0)
(755.0,755.0)
(755.0,755.0)
(755.0,755.0)
(755.0,755.0)
(455.0,755.0)
(755.0,755.0)
(435.0,755.0)
(755.0,755.0)
(755.0,755.0)
(755.0,755.0)
(455.0,755.0)
(157.0,755.0)
(755.0,755.0)
(447.0,755.0)
(755.0,755.0)
(755.0,755.0)
(483.0,755.0)
(755.0,755.0)
(740.0,755.0)
(755.0,755.0)
(755.0,755.0)
(447.0,755.0)
(447.0,755.0)
(755.0,755.0)
(377.0,755.0)
(455.0,755.0)
(455.0,755.0)
(455.0,755.0)
(483.0,755.0)
(809.0,755.0)
(755.0,755.0)
(755.0,755.0)
(755.0,755.0)
(755.0,755.0)
(755.0,755.0)
(755.0,755.0)
(455.0,755.0)
(377.0,755.0)
(455.0,755.0)
(755.0,755.0)
(755.0,755.0)
(755.0,755.0)
(455.0,755.0)
(455.0,755.0)
(376.0,755.0)
(377.0,755.0)
(755.0,755.0)
(809.0,755.0)
(755.0,755.0)
(404.0,755.0)
(755.0,755.0)
(755.0,755.0)
(455.0,755.0)
(755.0,755.0)
(368.0,755.0)
(755.0,755.0)
(755.0,755.0)
(368.0,755.0)
(455.0,755.0)
(755.0,755.0)
(455.0,755.0)
(455.0,755.0)
(755.0,755.0)
(755.0,755.0)
(755.0,755.0)
(435.0,755.0)
(480.0,376.0)
(753.0,376.0)
(376.0,376.0)
(376.0,376.0)
(753.0,376.0)
(755.0,376.0)
(753.0,376.0)
(376.0,376.0)
(376.0,376.0)
(753.0,376.0)
(376.0,376.0)
(374.0,376.0)
(362.0,376.0)
(755.0,376.0)
(480.0,376.0)
(362.0,376.0)
(753.0,376.0)
(376.0,376.0)
(455.0,376.0)
(751.0,376.0)
(455.0,376.0)
(376.0,376.0)
(413.0,376.0)
(753.0,376.0)
(376.0,376.0)
(374.0,376.0)
(447.0,376.0)
(376.0,376.0)
(362.0,376.0)
(362.0,376.0)
(755.0,376.0)
(753.0,376.0)
(376.0,376.0)
(755.0,376.0)
(455.0,376.0)
(755.0,376.0)
(455.0,376.0)
(362.0,376.0)
(413.0,376.0)
(755.0,376.0)
(376.0,376.0)
(376.0,376.0)
(376.0,376.0)
(374.0,376.0)
(732.0,376.0)
(753.0,376.0)
(376.0,376.0)
(376.0,376.0)
(481.0,376.0)
(743.0,376.0)
(376.0,376.0)
(374.0,376.0)
(753.0,376.0)
(753.0,376.0)
(755.0,376.0)
(447.0,376.0)
(376.0,376.0)
(753.0,376.0)
(374.0,376.0)
(376.0,376.0)
(753.0,376.0)
(753.0,376.0)
(374.0,376.0)
(376.0,376.0)
(376.0,376.0)
(376.0,376.0)
(753.0,376.0)
(376.0,376.0)
(376.0,376.0)
(753.0,376.0)
(374.0,376.0)
(376.0,376.0)
(413.0,376.0)
(447.0,376.0)
(753.0,376.0)
(376.0,376.0)
(753.0,376.0)
(755.0,376.0)
(376.0,376.0)
(374.0,376.0)
(740.0,376.0)
(755.0,376.0)
(418.0,376.0)
(447.0,376.0)
(374.0,376.0)
(362.0,376.0)
(376.0,376.0)
(743.0,376.0)
(362.0,376.0)
(480.0,376.0)
(753.0,376.0)
(374.0,376.0)
(374.0,376.0)
(362.0,376.0)
(362.0,376.0)
(376.0,376.0)
(376.0,376.0)
(376.0,376.0)
(751.0,376.0)
(374.0,376.0)
(417.0,376.0)
(447.0,376.0)
(376.0,376.0)
(376.0,376.0)
(413.0,376.0)
(396.0,376.0)
(363.0,376.0)
(362.0,376.0)
(376.0,376.0)
(376.0,376.0)
(376.0,376.0)
(753.0,376.0)
(751.0,376.0)
(455.0,376.0)
(753.0,376.0)
(755.0,376.0)
(374.0,376.0)
(413.0,376.0)
(743.0,376.0)
(753.0,376.0)
(413.0,376.0)
(753.0,376.0)
(740.0,376.0)
(755.0,376.0)
(455.0,376.0)
(362.0,376.0)
(376.0,376.0)
(776.0,376.0)
(374.0,376.0)
(377.0,376.0)
(753.0,376.0)
(362.0,376.0)
(376.0,376.0)
(753.0,376.0)
(740.0,376.0)
(455.0,376.0)
(374.0,376.0)
(413.0,376.0)
(362.0,376.0)
(413.0,376.0)
(362.0,376.0)
(376.0,376.0)
(751.0,376.0)
(376.0,376.0)
(362.0,376.0)
(376.0,376.0)
(376.0,376.0)
(753.0,376.0)
(376.0,376.0)
(455.0,376.0)
(753.0,376.0)
(753.0,376.0)
(374.0,376.0)
(71.0,376.0)
(366.0,376.0)
(413.0,376.0)
(377.0,376.0)
(376.0,376.0)
(377.0,376.0)
(740.0,376.0)
(376.0,376.0)
(374.0,376.0)
(376.0,376.0)
(362.0,376.0)
(362.0,376.0)
(362.0,376.0)
(376.0,376.0)
(455.0,376.0)
(755.0,376.0)
(376.0,376.0)
(362.0,376.0)
(481.0,376.0)
(362.0,376.0)
(376.0,376.0)
(376.0,376.0)
(376.0,376.0)
(455.0,376.0)
(413.0,376.0)
(362.0,376.0)
(376.0,376.0)
(376.0,376.0)
(376.0,376.0)
(376.0,376.0)
(362.0,376.0)
(376.0,376.0)
(395.0,376.0)
(481.0,376.0)
(362.0,376.0)
(376.0,376.0)
(376.0,376.0)
(753.0,376.0)
(755.0,376.0)
(376.0,376.0)
(362.0,376.0)
(362.0,376.0)
(362.0,376.0)
(376.0,376.0)
(376.0,376.0)
(362.0,376.0)
(362.0,376.0)
(362.0,376.0)
(376.0,376.0)
(362.0,376.0)
(362.0,376.0)
(362.0,376.0)
(362.0,376.0)
(362.0,376.0)
(362.0,376.0)
(362.0,376.0)
(376.0,376.0)
(362.0,376.0)
(362.0,376.0)
(362.0,376.0)
(362.0,376.0)
(362.0,376.0)
(362.0,376.0)
(362.0,376.0)
(362.0,376.0)
(362.0,376.0)
(376.0,376.0)
(362.0,376.0)
(362.0,376.0)
(362.0,376.0)
(362.0,376.0)
(362.0,376.0)
(362.0,376.0)
(362.0,376.0)
(376.0,376.0)
(376.0,376.0)
(362.0,376.0)
(362.0,376.0)
(362.0,376.0)
(362.0,376.0)
(376.0,376.0)
(362.0,376.0)
(362.0,376.0)
(376.0,376.0)
(362.0,376.0)
(362.0,376.0)
(362.0,376.0)
(362.0,376.0)
(362.0,376.0)
(362.0,376.0)
(362.0,376.0)
(362.0,376.0)
(362.0,376.0)
(362.0,376.0)
(362.0,376.0)
(362.0,376.0)
(362.0,376.0)
(362.0,376.0)
(362.0,376.0)
(362.0,376.0)
(362.0,376.0)
(362.0,376.0)
(362.0,376.0)
(362.0,376.0)
(362.0,376.0)
(362.0,376.0)
(362.0,376.0)
(362.0,376.0)
(362.0,376.0)
(362.0,376.0)
(362.0,376.0)
(362.0,376.0)
(362.0,376.0)
(362.0,376.0)
(376.0,376.0)
(362.0,376.0)
(362.0,376.0)
(376.0,376.0)
(362.0,376.0)
(376.0,376.0)
(362.0,376.0)
(362.0,376.0)
(362.0,376.0)
(362.0,376.0)
(362.0,376.0)
(362.0,376.0)
(362.0,376.0)
(362.0,376.0)
(362.0,376.0)
(362.0,376.0)
(362.0,376.0)
(362.0,376.0)
(362.0,376.0)
(362.0,376.0)
(362.0,376.0)
(362.0,376.0)
(362.0,376.0)
(362.0,376.0)
(362.0,376.0)
(362.0,376.0)
(362.0,376.0)
(362.0,376.0)
(362.0,376.0)
(362.0,376.0)
(362.0,376.0)
(362.0,376.0)
(362.0,376.0)
(376.0,376.0)
(362.0,376.0)
(362.0,376.0)
(376.0,376.0)
(362.0,376.0)
(362.0,376.0)
(362.0,376.0)
(362.0,376.0)
(376.0,376.0)
(362.0,376.0)
(362.0,376.0)
(362.0,376.0)
(362.0,376.0)
(362.0,376.0)
(362.0,376.0)
(362.0,376.0)
(362.0,376.0)
(376.0,376.0)
(376.0,376.0)
(376.0,376.0)
(362.0,376.0)
(362.0,376.0)
(362.0,376.0)
(362.0,376.0)
(376.0,376.0)
(362.0,376.0)
(362.0,376.0)
(362.0,376.0)
(362.0,376.0)
(376.0,376.0)
(362.0,376.0)
(362.0,376.0)
(362.0,376.0)
(362.0,376.0)
(362.0,376.0)
(362.0,376.0)
(376.0,376.0)
(362.0,376.0)
(376.0,376.0)
(362.0,376.0)
(362.0,376.0)
(362.0,376.0)
(362.0,376.0)
(362.0,376.0)
(376.0,376.0)
(362.0,376.0)
(362.0,376.0)
(362.0,376.0)
(362.0,376.0)
(362.0,376.0)
(362.0,376.0)
(376.0,376.0)
(362.0,376.0)
(362.0,376.0)
(362.0,376.0)
(362.0,376.0)
(362.0,376.0)
(362.0,376.0)
(362.0,376.0)
(362.0,376.0)
(362.0,376.0)
(376.0,376.0)
(362.0,376.0)
(376.0,376.0)
(362.0,376.0)
(376.0,376.0)
(362.0,376.0)
(362.0,376.0)
(362.0,376.0)
(362.0,376.0)
(362.0,376.0)
(362.0,376.0)
(376.0,376.0)
(362.0,376.0)
(362.0,376.0)
(362.0,376.0)
(362.0,376.0)
(362.0,376.0)
(362.0,376.0)
(362.0,376.0)
(362.0,376.0)
(362.0,376.0)
(362.0,376.0)
(362.0,376.0)
(376.0,376.0)
(376.0,376.0)
(376.0,376.0)
(362.0,376.0)
(362.0,376.0)
(376.0,376.0)
(376.0,376.0)
(362.0,376.0)
(753.0,376.0)
(753.0,376.0)
(753.0,376.0)
(376.0,376.0)
(481.0,376.0)
(755.0,376.0)
(743.0,376.0)
(455.0,376.0)
(481.0,376.0)
(753.0,376.0)
(362.0,376.0)
(474.0,376.0)
(413.0,376.0)
(481.0,376.0)
(376.0,376.0)
(753.0,376.0)
(753.0,376.0)
(755.0,376.0)
(809.0,376.0)
(376.0,376.0)
(753.0,376.0)
(740.0,376.0)
(362.0,376.0)
(753.0,376.0)
(753.0,376.0)
(413.0,376.0)
(755.0,376.0)
(753.0,376.0)
(376.0,376.0)
(362.0,376.0)
(418.0,376.0)
(481.0,376.0)
(362.0,376.0)
(362.0,376.0)
(447.0,376.0)
(377.0,376.0)
(376.0,376.0)
(362.0,376.0)
(376.0,376.0)
(447.0,376.0)
(455.0,376.0)
(447.0,376.0)
(377.0,376.0)
(447.0,376.0)
(471.0,376.0)
(481.0,376.0)
(480.0,376.0)
(753.0,376.0)
(376.0,376.0)
(753.0,376.0)
(751.0,376.0)
(455.0,376.0)
(481.0,376.0)
(362.0,376.0)
(755.0,376.0)
(376.0,376.0)
(362.0,376.0)
(455.0,376.0)
(362.0,376.0)
(435.0,376.0)
(753.0,376.0)
(374.0,376.0)
(376.0,376.0)
(481.0,376.0)
(753.0,376.0)
(753.0,376.0)
(481.0,376.0)
(753.0,376.0)
(743.0,376.0)
(376.0,376.0)
(481.0,376.0)
(481.0,376.0)
(447.0,376.0)
(481.0,376.0)
(753.0,376.0)
(455.0,376.0)
(753.0,376.0)
(755.0,376.0)
(481.0,376.0)
(753.0,376.0)
(427.0,376.0)
(376.0,376.0)
(755.0,376.0)
(363.0,376.0)
(753.0,376.0)
(362.0,376.0)
(413.0,376.0)
(374.0,376.0)
(413.0,376.0)
(481.0,376.0)
(743.0,376.0)
(753.0,376.0)
(362.0,376.0)
(753.0,376.0)
(413.0,376.0)
(376.0,376.0)
(455.0,376.0)
(809.0,376.0)
(743.0,376.0)
(455.0,376.0)
(376.0,376.0)
(376.0,376.0)
(362.0,376.0)
(481.0,376.0)
(481.0,376.0)
(455.0,376.0)
(376.0,376.0)
(362.0,376.0)
(376.0,376.0)
(381.0,376.0)
(376.0,376.0)
(481.0,376.0)
(481.0,376.0)
(481.0,376.0)
(362.0,376.0)
(362.0,376.0)
(362.0,376.0)
(362.0,376.0)
(376.0,376.0)
(480.0,376.0)
(753.0,376.0)
(376.0,376.0)
(455.0,376.0)
(435.0,376.0)
(376.0,376.0)
(376.0,376.0)
(753.0,376.0)
(455.0,376.0)
(376.0,376.0)
(362.0,376.0)
(376.0,376.0)
(753.0,376.0)
(376.0,376.0)
(481.0,376.0)
(753.0,376.0)
(413.0,376.0)
(377.0,376.0)
(376.0,376.0)
(447.0,376.0)
(743.0,376.0)
(753.0,376.0)
(753.0,376.0)
(809.0,376.0)
(376.0,376.0)
(413.0,376.0)
(481.0,376.0)
(376.0,376.0)
(447.0,376.0)
(362.0,376.0)
(447.0,376.0)
(753.0,376.0)
(755.0,376.0)
(455.0,376.0)
(362.0,376.0)
(481.0,376.0)
(481.0,376.0)
(376.0,376.0)
(43.0,376.0)
(455.0,376.0)
(753.0,376.0)
(753.0,376.0)
(447.0,376.0)
(376.0,376.0)
(481.0,376.0)
(376.0,376.0)
(753.0,376.0)
(753.0,376.0)
(376.0,376.0)
(376.0,376.0)
(743.0,376.0)
(481.0,376.0)
(753.0,376.0)
(376.0,376.0)
(417.0,376.0)
(376.0,376.0)
(753.0,376.0)
(755.0,376.0)
(743.0,376.0)
(376.0,376.0)
(447.0,376.0)
(753.0,376.0)
(376.0,376.0)
(481.0,376.0)
(376.0,376.0)
(474.0,376.0)
(739.0,376.0)
(753.0,376.0)
(376.0,376.0)
(417.0,376.0)
(413.0,376.0)
(376.0,376.0)
(376.0,376.0)
(362.0,376.0)
(376.0,376.0)
(362.0,376.0)
(376.0,376.0)
(376.0,376.0)
(376.0,376.0)
(376.0,376.0)
(376.0,376.0)
(362.0,376.0)
(362.0,376.0)
(755.0,376.0)
(455.0,376.0)
(376.0,376.0)
(376.0,376.0)
(376.0,376.0)
(362.0,376.0)
(376.0,376.0)
(473.0,376.0)
(376.0,376.0)
(376.0,376.0)
(362.0,376.0)
(376.0,376.0)
(376.0,376.0)
(376.0,376.0)
(376.0,376.0)
(376.0,376.0)
(447.0,376.0)
(376.0,376.0)
(413.0,376.0)
(376.0,376.0)
(362.0,376.0)
(376.0,376.0)
(376.0,376.0)
(376.0,376.0)
(376.0,376.0)
(376.0,376.0)
(376.0,376.0)
(376.0,376.0)
(480.0,376.0)
(481.0,376.0)
(376.0,376.0)
(376.0,376.0)
(376.0,376.0)
(480.0,376.0)
(376.0,376.0)
(376.0,376.0)
(376.0,376.0)
(362.0,376.0)
(376.0,376.0)
(376.0,376.0)
(362.0,376.0)
(376.0,376.0)
(376.0,376.0)
(376.0,376.0)
(376.0,376.0)
(362.0,376.0)
(376.0,376.0)
(374.0,376.0)
(376.0,376.0)
(413.0,376.0)
(362.0,376.0)
(376.0,376.0)
(435.0,376.0)
(362.0,376.0)
(376.0,376.0)
(362.0,376.0)
(376.0,376.0)
(362.0,376.0)
(755.0,376.0)
(376.0,376.0)
(376.0,376.0)
(376.0,376.0)
(481.0,376.0)
(376.0,376.0)
(413.0,376.0)
(376.0,376.0)
(447.0,376.0)
(376.0,376.0)
(362.0,376.0)
(376.0,376.0)
(376.0,376.0)
(376.0,376.0)
(376.0,376.0)
(1.0,376.0)
(755.0,376.0)
(376.0,376.0)
(377.0,376.0)
(481.0,376.0)
(362.0,376.0)
(376.0,376.0)
(376.0,376.0)
(739.0,376.0)
(376.0,376.0)
(376.0,376.0)
(376.0,376.0)
(376.0,376.0)
(376.0,376.0)
(376.0,376.0)
(376.0,376.0)
(376.0,376.0)
(481.0,376.0)
(773.0,376.0)
(376.0,376.0)
(482.0,376.0)
(376.0,376.0)
(376.0,376.0)
(376.0,376.0)
(376.0,376.0)
(376.0,376.0)
(481.0,376.0)
(376.0,376.0)
(376.0,376.0)
(773.0,376.0)
(376.0,376.0)
(480.0,376.0)
(376.0,376.0)
(376.0,376.0)
(362.0,376.0)
(362.0,376.0)
(376.0,376.0)
(376.0,376.0)
(753.0,376.0)
(376.0,376.0)
(376.0,376.0)
(362.0,376.0)
(376.0,376.0)
(755.0,376.0)
(376.0,376.0)
(376.0,376.0)
(755.0,376.0)
(376.0,376.0)
(755.0,376.0)
(376.0,376.0)
(376.0,376.0)
(739.0,376.0)
(376.0,376.0)
(362.0,376.0)
(413.0,376.0)
(376.0,376.0)
(376.0,376.0)
(376.0,376.0)
(376.0,376.0)
(376.0,376.0)
(362.0,376.0)
(362.0,376.0)
(755.0,376.0)
(755.0,376.0)
(481.0,376.0)
(376.0,376.0)
(376.0,376.0)
(376.0,376.0)
(362.0,376.0)
(479.0,376.0)
(376.0,376.0)
(376.0,376.0)
(376.0,376.0)
(362.0,376.0)
(481.0,376.0)
(376.0,376.0)
(743.0,376.0)
(376.0,376.0)
(362.0,376.0)
(362.0,376.0)
(376.0,376.0)
(362.0,376.0)
(377.0,376.0)
(376.0,376.0)
(376.0,376.0)
(376.0,376.0)
(362.0,376.0)
(755.0,376.0)
(376.0,376.0)
(376.0,376.0)
(376.0,376.0)
(362.0,376.0)
(362.0,376.0)
(376.0,376.0)
(751.0,376.0)
(753.0,376.0)
(376.0,376.0)
(755.0,376.0)
(455.0,376.0)
(376.0,376.0)
(376.0,376.0)
(362.0,376.0)
(376.0,376.0)
(755.0,376.0)
(376.0,376.0)
(376.0,376.0)
(362.0,376.0)
(376.0,376.0)
(376.0,376.0)
(435.0,376.0)
(455.0,376.0)
(376.0,376.0)
(376.0,376.0)
(413.0,376.0)
(362.0,376.0)
(362.0,376.0)
(376.0,376.0)
(376.0,376.0)
(376.0,376.0)
(376.0,376.0)
(362.0,376.0)
(376.0,376.0)
(755.0,376.0)
(376.0,376.0)
(755.0,376.0)
(755.0,376.0)
(376.0,376.0)
(376.0,376.0)
(481.0,376.0)
(755.0,376.0)
(362.0,376.0)
(435.0,376.0)
(362.0,376.0)
(376.0,376.0)
(376.0,376.0)
(362.0,376.0)
(71.0,376.0)
(455.0,376.0)
(755.0,376.0)
(755.0,376.0)
(376.0,376.0)
(376.0,376.0)
(377.0,376.0)
(376.0,376.0)
(362.0,376.0)
(362.0,376.0)
(755.0,376.0)
(376.0,376.0)
(362.0,376.0)
(755.0,376.0)
(376.0,376.0)
(376.0,376.0)
(376.0,376.0)
(455.0,376.0)
(753.0,376.0)
(362.0,376.0)
(376.0,376.0)
(376.0,376.0)
(376.0,376.0)
(362.0,376.0)
(755.0,376.0)
(481.0,376.0)
(362.0,376.0)
(481.0,376.0)
(755.0,376.0)
(376.0,376.0)
(755.0,376.0)
(447.0,376.0)
(755.0,376.0)
(435.0,376.0)
(362.0,376.0)
(455.0,376.0)
(753.0,376.0)
(376.0,376.0)
(376.0,376.0)
(376.0,376.0)
(362.0,376.0)
(417.0,376.0)
(362.0,376.0)
(376.0,376.0)
(362.0,376.0)
(755.0,376.0)
(376.0,376.0)
(455.0,376.0)
(376.0,376.0)
(376.0,376.0)
(455.0,376.0)
(455.0,376.0)
(376.0,376.0)
(755.0,376.0)
(376.0,376.0)
(376.0,376.0)
(376.0,376.0)
(809.0,376.0)
(362.0,376.0)
(376.0,376.0)
(435.0,376.0)
(376.0,376.0)
(455.0,376.0)
(376.0,376.0)
(447.0,376.0)
(435.0,376.0)
(455.0,376.0)
(376.0,376.0)
(376.0,376.0)
(376.0,376.0)
(435.0,376.0)
(755.0,376.0)
(376.0,376.0)
(362.0,376.0)
(755.0,376.0)
(753.0,376.0)
(376.0,376.0)
(376.0,376.0)
(362.0,376.0)
(435.0,376.0)
(755.0,376.0)
(376.0,376.0)
(376.0,376.0)
(447.0,376.0)
(376.0,376.0)
(376.0,376.0)
(376.0,376.0)
(376.0,376.0)
(376.0,376.0)
(376.0,376.0)
(362.0,376.0)
(435.0,376.0)
(435.0,376.0)
(362.0,376.0)
(435.0,376.0)
(376.0,376.0)
(362.0,376.0)
(376.0,376.0)
(376.0,376.0)
(362.0,376.0)
(362.0,376.0)
(376.0,376.0)
(481.0,376.0)
(455.0,376.0)
(377.0,376.0)
(362.0,376.0)
(362.0,376.0)
(376.0,376.0)
(376.0,376.0)
(447.0,376.0)
(455.0,376.0)
(395.0,376.0)
(376.0,376.0)
(362.0,376.0)
(376.0,376.0)
(376.0,376.0)
(435.0,376.0)
(376.0,376.0)
(755.0,376.0)
(362.0,376.0)
(376.0,376.0)
(376.0,376.0)
(755.0,376.0)
(435.0,376.0)
(376.0,376.0)
(413.0,376.0)
(755.0,376.0)
(376.0,376.0)
(755.0,376.0)
(376.0,376.0)
(755.0,376.0)
(435.0,376.0)
(376.0,376.0)
(755.0,376.0)
(481.0,376.0)
(755.0,376.0)
(376.0,376.0)
(376.0,376.0)
(376.0,376.0)
(376.0,376.0)
(376.0,376.0)
(753.0,376.0)
(362.0,376.0)
(755.0,376.0)
(376.0,376.0)
(376.0,376.0)
(362.0,376.0)
(376.0,376.0)
(376.0,376.0)
(473.0,376.0)
(755.0,376.0)
(362.0,376.0)
(755.0,376.0)
(753.0,376.0)
(362.0,376.0)
(376.0,376.0)
(395.0,376.0)
(362.0,376.0)
(376.0,376.0)
(417.0,376.0)
(362.0,376.0)
(376.0,376.0)
(455.0,376.0)
(740.0,376.0)
(376.0,376.0)
(377.0,376.0)
(362.0,376.0)
(362.0,376.0)
(376.0,376.0)
(753.0,376.0)
(376.0,376.0)
(376.0,376.0)
(376.0,376.0)
(739.0,376.0)
(481.0,376.0)
(362.0,376.0)
(753.0,376.0)
(376.0,376.0)
(376.0,376.0)
(362.0,376.0)
(376.0,376.0)
(362.0,376.0)
(417.0,376.0)
(376.0,376.0)
(362.0,376.0)
(455.0,376.0)
(755.0,376.0)
(753.0,376.0)
(376.0,376.0)
(527.0,376.0)
(481.0,376.0)
(376.0,376.0)
(447.0,376.0)
(753.0,376.0)
(362.0,376.0)
(376.0,376.0)
(376.0,376.0)
(376.0,376.0)
(447.0,376.0)
(481.0,376.0)
(376.0,376.0)
(753.0,376.0)
(374.0,376.0)
(362.0,376.0)
(753.0,376.0)
(376.0,376.0)
(376.0,376.0)
(376.0,376.0)
(362.0,376.0)
(455.0,376.0)
(376.0,376.0)
(376.0,376.0)
(376.0,376.0)
(374.0,376.0)
(376.0,376.0)
(376.0,376.0)
(362.0,376.0)
(376.0,376.0)
(362.0,376.0)
(481.0,376.0)
(753.0,376.0)
(362.0,376.0)
(455.0,376.0)
(753.0,376.0)
(376.0,376.0)
(417.0,376.0)
(455.0,376.0)
(362.0,376.0)
(376.0,376.0)
(376.0,376.0)
(455.0,376.0)
(481.0,376.0)
(376.0,376.0)
(362.0,376.0)
(481.0,376.0)
(417.0,376.0)
(374.0,376.0)
(481.0,376.0)
(376.0,376.0)
(376.0,376.0)
(474.0,376.0)
(362.0,376.0)
(481.0,376.0)
(376.0,376.0)
(362.0,376.0)
(376.0,376.0)
(481.0,376.0)
(362.0,376.0)
(755.0,376.0)
(376.0,376.0)
(481.0,376.0)
(376.0,376.0)
(740.0,376.0)
(481.0,376.0)
(481.0,376.0)
(376.0,376.0)
(376.0,376.0)
(376.0,376.0)
(362.0,376.0)
(376.0,376.0)
(376.0,376.0)
(376.0,376.0)
(363.0,376.0)
(376.0,376.0)
(376.0,376.0)
(376.0,376.0)
(455.0,376.0)
(447.0,376.0)
(376.0,376.0)
(376.0,376.0)
(376.0,376.0)
(376.0,376.0)
(362.0,376.0)
(753.0,376.0)
(376.0,376.0)
(755.0,376.0)
(376.0,376.0)
(481.0,376.0)
(376.0,376.0)
(376.0,376.0)
(376.0,376.0)
(480.0,376.0)
(481.0,376.0)
(473.0,376.0)
(362.0,376.0)
(455.0,376.0)
(376.0,376.0)
(481.0,376.0)
(376.0,376.0)
(362.0,376.0)
(481.0,376.0)
(377.0,376.0)
(362.0,376.0)
(376.0,376.0)
(376.0,376.0)
(753.0,376.0)
(376.0,376.0)
(376.0,376.0)
(362.0,376.0)
(481.0,376.0)
(481.0,376.0)
(377.0,376.0)
(447.0,376.0)
(376.0,376.0)
(753.0,376.0)
(751.0,376.0)
(481.0,376.0)
(753.0,376.0)
(376.0,376.0)
(376.0,376.0)
(753.0,376.0)
(362.0,376.0)
(376.0,376.0)
(376.0,376.0)
(376.0,376.0)
(376.0,376.0)
(481.0,376.0)
(755.0,376.0)
(376.0,376.0)
(376.0,376.0)
(753.0,376.0)
(362.0,376.0)
(447.0,376.0)
(753.0,376.0)
(376.0,376.0)
(753.0,376.0)
(376.0,376.0)
(447.0,376.0)
(481.0,376.0)
(376.0,376.0)
(481.0,376.0)
(481.0,376.0)
(362.0,376.0)
(362.0,376.0)
(481.0,376.0)
(376.0,376.0)
(376.0,376.0)
(753.0,376.0)
(376.0,376.0)
(362.0,376.0)
(376.0,376.0)
(374.0,376.0)
(755.0,376.0)
(376.0,376.0)
(455.0,376.0)
(447.0,376.0)
(376.0,376.0)
(376.0,376.0)
(376.0,376.0)
(417.0,376.0)
(481.0,376.0)
(376.0,376.0)
(481.0,376.0)
(455.0,376.0)
(481.0,376.0)
(362.0,376.0)
(362.0,376.0)
(755.0,376.0)
(376.0,376.0)
(376.0,376.0)
(362.0,376.0)
(755.0,376.0)
(740.0,376.0)
(376.0,376.0)
(376.0,376.0)
(740.0,376.0)
(376.0,376.0)
(376.0,376.0)
(362.0,376.0)
(753.0,376.0)
(376.0,376.0)
(755.0,376.0)
(47.0,376.0)
(455.0,376.0)
(362.0,376.0)
(376.0,376.0)
(753.0,376.0)
(376.0,376.0)
(376.0,376.0)
(753.0,376.0)
(753.0,376.0)
(376.0,376.0)
(470.0,376.0)
(376.0,376.0)
(376.0,376.0)
(455.0,376.0)
(376.0,376.0)
(362.0,376.0)
(447.0,376.0)
(743.0,376.0)
(753.0,376.0)
(376.0,376.0)
(480.0,376.0)
(376.0,376.0)
(751.0,376.0)
(376.0,376.0)
(376.0,376.0)
(481.0,376.0)
(376.0,376.0)
(362.0,376.0)
(413.0,376.0)
(376.0,376.0)
(376.0,376.0)
(481.0,376.0)
(455.0,376.0)
(376.0,376.0)
(482.0,376.0)
(376.0,376.0)
(362.0,376.0)
(435.0,376.0)
(376.0,376.0)
(362.0,376.0)
(455.0,376.0)
(376.0,376.0)
(376.0,376.0)
(755.0,376.0)
(434.0,376.0)
(376.0,376.0)
(755.0,376.0)
(376.0,376.0)
(376.0,376.0)
(376.0,376.0)
(363.0,376.0)
(376.0,376.0)
(376.0,376.0)
(376.0,376.0)
(755.0,376.0)
(362.0,376.0)
(753.0,376.0)
(376.0,376.0)
(481.0,376.0)
(362.0,376.0)
(753.0,376.0)
(376.0,376.0)
(753.0,376.0)
(376.0,376.0)
(413.0,376.0)
(376.0,376.0)
(753.0,376.0)
(362.0,376.0)
(362.0,376.0)
(480.0,376.0)
(435.0,376.0)
(395.0,376.0)
(481.0,376.0)
(376.0,376.0)
(755.0,376.0)
(376.0,376.0)
(374.0,376.0)
(376.0,376.0)
(362.0,376.0)
(376.0,376.0)
(481.0,376.0)
(376.0,376.0)
(376.0,376.0)
(376.0,376.0)
(481.0,376.0)
(374.0,376.0)
(447.0,376.0)
(435.0,376.0)
(376.0,376.0)
(376.0,376.0)
(413.0,376.0)
(376.0,376.0)
(362.0,376.0)
(376.0,376.0)
(755.0,376.0)
(753.0,376.0)
(362.0,376.0)
(362.0,376.0)
(376.0,376.0)
(362.0,376.0)
(376.0,376.0)
(376.0,376.0)
(363.0,376.0)
(362.0,376.0)
(376.0,376.0)
(362.0,376.0)
(455.0,376.0)
(362.0,376.0)
(753.0,376.0)
(435.0,376.0)
(753.0,376.0)
(417.0,376.0)
(413.0,376.0)
(376.0,376.0)
(402.0,376.0)
(481.0,376.0)
(376.0,376.0)
(376.0,376.0)
(480.0,376.0)
(753.0,376.0)
(376.0,376.0)
(755.0,376.0)
(751.0,376.0)
(376.0,376.0)
(376.0,376.0)
(376.0,376.0)
(376.0,376.0)
(455.0,376.0)
(755.0,376.0)
(377.0,376.0)
(362.0,376.0)
(362.0,376.0)
(753.0,376.0)
(362.0,376.0)
(455.0,376.0)
(739.0,376.0)
(753.0,376.0)
(755.0,376.0)
(376.0,376.0)
(362.0,376.0)
(376.0,376.0)
(376.0,376.0)
(376.0,376.0)
(753.0,376.0)
(376.0,376.0)
(755.0,376.0)
(376.0,376.0)
(743.0,376.0)
(447.0,376.0)
(376.0,376.0)
(376.0,376.0)
(480.0,376.0)
(376.0,376.0)
(753.0,376.0)
(362.0,376.0)
(413.0,376.0)
(374.0,376.0)
(374.0,376.0)
(455.0,376.0)
(376.0,376.0)
(753.0,376.0)
(376.0,376.0)
(455.0,376.0)
(753.0,376.0)
(376.0,376.0)
(376.0,376.0)
(376.0,376.0)
(376.0,376.0)
(753.0,376.0)
(362.0,376.0)
(376.0,376.0)
(376.0,376.0)
(376.0,376.0)
(376.0,376.0)
(376.0,376.0)
(376.0,376.0)
(755.0,376.0)
(376.0,376.0)
(480.0,376.0)
(376.0,376.0)
(376.0,376.0)
(755.0,376.0)
(376.0,376.0)
(753.0,376.0)
(376.0,376.0)
(481.0,376.0)
(755.0,376.0)
(753.0,376.0)
(376.0,376.0)
(376.0,376.0)
(376.0,376.0)
(417.0,376.0)
(377.0,376.0)
(376.0,376.0)
(376.0,376.0)
(755.0,376.0)
(753.0,376.0)
(478.0,376.0)
(447.0,376.0)
(421.0,376.0)
(376.0,376.0)
(362.0,376.0)
(362.0,376.0)
(447.0,376.0)
(435.0,376.0)
(396.0,376.0)
(362.0,376.0)
(376.0,376.0)
(447.0,376.0)
(753.0,376.0)
(376.0,376.0)
(362.0,376.0)
(455.0,376.0)
(735.0,376.0)
(376.0,376.0)
(362.0,376.0)
(376.0,376.0)
(374.0,376.0)
(753.0,376.0)
(732.0,376.0)
(753.0,376.0)
(362.0,376.0)
(362.0,376.0)
(481.0,376.0)
(376.0,376.0)
(376.0,376.0)
(377.0,376.0)
(481.0,376.0)
(481.0,376.0)
(413.0,376.0)
(376.0,376.0)
(753.0,376.0)
(376.0,376.0)
(481.0,376.0)
(376.0,376.0)
(376.0,376.0)
(481.0,376.0)
(362.0,376.0)
(362.0,376.0)
(362.0,376.0)
(376.0,376.0)
(455.0,376.0)
(362.0,376.0)
(374.0,376.0)
(363.0,376.0)
(376.0,376.0)
(376.0,376.0)
(376.0,376.0)
(376.0,376.0)
(481.0,376.0)
(377.0,376.0)
(455.0,376.0)
(376.0,376.0)
(755.0,376.0)
(362.0,376.0)
(362.0,376.0)
(362.0,376.0)
(736.0,376.0)
(413.0,376.0)
(376.0,376.0)
(395.0,376.0)
(455.0,376.0)
(376.0,376.0)
(376.0,376.0)
(736.0,376.0)
(481.0,376.0)
(743.0,376.0)
(362.0,376.0)
(447.0,376.0)
(376.0,376.0)
(480.0,376.0)
(376.0,376.0)
(753.0,376.0)
(376.0,376.0)
(753.0,376.0)
(481.0,376.0)
(753.0,376.0)
(362.0,376.0)
(376.0,376.0)
(481.0,376.0)
(362.0,376.0)
(376.0,376.0)
(481.0,376.0)
(376.0,376.0)
(753.0,376.0)
(362.0,376.0)
(376.0,376.0)
(362.0,376.0)
(376.0,376.0)
(362.0,376.0)
(755.0,376.0)
(455.0,376.0)
(376.0,376.0)
(376.0,376.0)
(376.0,376.0)
(376.0,376.0)
(362.0,376.0)
(753.0,376.0)
(376.0,376.0)
(362.0,376.0)
(362.0,376.0)
(376.0,376.0)
(376.0,376.0)
(480.0,376.0)
(362.0,376.0)
(376.0,376.0)
(376.0,376.0)
(362.0,376.0)
(753.0,376.0)
(362.0,376.0)
(447.0,376.0)
(753.0,376.0)
(376.0,376.0)
(376.0,376.0)
(376.0,376.0)
(362.0,376.0)
(363.0,376.0)
(362.0,376.0)
(753.0,376.0)
(362.0,376.0)
(374.0,376.0)
(376.0,376.0)
(435.0,376.0)
(481.0,376.0)
(753.0,376.0)
(376.0,376.0)
(362.0,376.0)
(481.0,376.0)
(739.0,376.0)
(362.0,376.0)
(753.0,376.0)
(447.0,376.0)
(362.0,376.0)
(376.0,376.0)
(753.0,376.0)
(481.0,376.0)
(481.0,376.0)
(753.0,376.0)
(376.0,376.0)
(481.0,376.0)
(747.0,376.0)
(376.0,376.0)
(755.0,376.0)
(376.0,376.0)
(362.0,376.0)
(376.0,376.0)
(376.0,376.0)
(362.0,376.0)
(455.0,376.0)
(376.0,376.0)
(435.0,376.0)
(374.0,376.0)
(743.0,376.0)
(376.0,376.0)
(362.0,376.0)
(362.0,376.0)
(376.0,376.0)
(376.0,376.0)
(376.0,376.0)
(376.0,376.0)
(435.0,376.0)
(753.0,376.0)
(362.0,376.0)
(376.0,376.0)
(376.0,376.0)
(376.0,376.0)
(481.0,376.0)
(481.0,376.0)
(362.0,376.0)
(481.0,376.0)
(481.0,376.0)
(376.0,376.0)
(447.0,376.0)
(376.0,376.0)
(376.0,376.0)
(376.0,376.0)
(374.0,376.0)
(755.0,376.0)
(376.0,376.0)
(447.0,376.0)
(362.0,376.0)
(376.0,376.0)
(362.0,376.0)
(374.0,376.0)
(751.0,376.0)
(362.0,376.0)
(362.0,376.0)
(362.0,376.0)
(447.0,376.0)
(376.0,376.0)
(481.0,376.0)
(376.0,376.0)
(455.0,376.0)
(481.0,376.0)
(362.0,376.0)
(417.0,376.0)
(481.0,376.0)
(376.0,376.0)
(753.0,376.0)
(376.0,376.0)
(362.0,376.0)
(753.0,376.0)
(751.0,376.0)
(362.0,376.0)
(376.0,376.0)
(362.0,376.0)
(362.0,376.0)
(755.0,376.0)
(376.0,376.0)
(455.0,376.0)
(362.0,376.0)
(362.0,376.0)
(362.0,376.0)
(755.0,376.0)
(376.0,376.0)
(376.0,376.0)
(455.0,376.0)
(753.0,376.0)
(376.0,376.0)
(753.0,376.0)
(362.0,376.0)
(455.0,376.0)
(376.0,376.0)
(376.0,376.0)
(376.0,376.0)
(376.0,376.0)
(376.0,376.0)
(753.0,376.0)
(747.0,376.0)
(376.0,376.0)
(363.0,376.0)
(362.0,376.0)
(376.0,376.0)
(481.0,376.0)
(376.0,376.0)
(362.0,376.0)
(362.0,376.0)
(376.0,376.0)
(376.0,376.0)
(363.0,376.0)
(396.0,376.0)
(376.0,376.0)
(362.0,376.0)
(755.0,376.0)
(376.0,376.0)
(376.0,376.0)
(376.0,376.0)
(362.0,376.0)
(753.0,376.0)
(455.0,376.0)
(376.0,376.0)
(376.0,376.0)
(362.0,376.0)
(481.0,376.0)
(376.0,376.0)
(376.0,376.0)
(395.0,376.0)
(374.0,376.0)
(376.0,376.0)
(376.0,376.0)
(481.0,376.0)
(376.0,376.0)
(376.0,376.0)
(374.0,376.0)
(376.0,376.0)
(455.0,376.0)
(755.0,376.0)
(474.0,376.0)
(481.0,376.0)
(481.0,376.0)
(376.0,376.0)
(377.0,376.0)
(362.0,376.0)
(362.0,376.0)
(362.0,376.0)
(374.0,376.0)
(376.0,376.0)
(447.0,376.0)
(481.0,376.0)
(376.0,376.0)
(376.0,376.0)
(447.0,376.0)
(376.0,376.0)
(376.0,376.0)
(362.0,376.0)
(376.0,376.0)
(376.0,376.0)
(481.0,376.0)
(455.0,376.0)
(376.0,376.0)
(376.0,376.0)
(376.0,376.0)
(362.0,376.0)
(376.0,376.0)
(362.0,376.0)
(362.0,376.0)
(753.0,376.0)
(481.0,376.0)
(481.0,376.0)
(753.0,376.0)
(376.0,376.0)
(413.0,376.0)
(376.0,376.0)
(362.0,376.0)
(376.0,376.0)
(362.0,376.0)
(753.0,376.0)
(362.0,376.0)
(376.0,376.0)
(374.0,376.0)
(751.0,376.0)
(377.0,376.0)
(376.0,376.0)
(376.0,376.0)
(376.0,376.0)
(377.0,376.0)
(447.0,376.0)
(376.0,376.0)
(376.0,376.0)
(376.0,376.0)
(753.0,376.0)
(480.0,376.0)
(362.0,376.0)
(376.0,376.0)
(376.0,376.0)
(376.0,376.0)
(362.0,376.0)
(376.0,376.0)
(417.0,376.0)
(376.0,376.0)
(374.0,376.0)
(376.0,376.0)
(362.0,376.0)
(362.0,376.0)
(362.0,376.0)
(753.0,376.0)
(362.0,376.0)
(753.0,376.0)
(376.0,376.0)
(376.0,376.0)
(481.0,376.0)
(753.0,376.0)
(447.0,376.0)
(481.0,376.0)
(362.0,376.0)
(755.0,376.0)
(376.0,376.0)
(376.0,376.0)
(362.0,376.0)
(480.0,376.0)
(376.0,376.0)
(362.0,376.0)
(376.0,376.0)
(435.0,376.0)
(753.0,376.0)
(376.0,376.0)
(376.0,376.0)
(362.0,376.0)
(376.0,376.0)
(753.0,376.0)
(362.0,376.0)
(753.0,376.0)
(362.0,376.0)
(376.0,376.0)
(481.0,376.0)
(362.0,376.0)
(481.0,376.0)
(376.0,376.0)
(366.0,376.0)
(376.0,376.0)
(362.0,376.0)
(480.0,376.0)
(362.0,376.0)
(363.0,376.0)
(362.0,376.0)
(751.0,376.0)
(376.0,376.0)
(376.0,376.0)
(376.0,376.0)
(376.0,376.0)
(376.0,376.0)
(376.0,376.0)
(376.0,376.0)
(376.0,376.0)
(376.0,376.0)
(376.0,376.0)
(376.0,376.0)
(753.0,376.0)
(376.0,376.0)
(751.0,376.0)
(376.0,376.0)
(376.0,376.0)
(376.0,376.0)
(481.0,376.0)
(376.0,376.0)
(362.0,376.0)
(376.0,376.0)
(363.0,376.0)
(376.0,376.0)
(376.0,376.0)
(455.0,376.0)
(809.0,376.0)
(482.0,376.0)
(376.0,376.0)
(376.0,376.0)
(376.0,376.0)
(739.0,376.0)
(376.0,376.0)
(362.0,376.0)
(362.0,376.0)
(362.0,376.0)
(376.0,376.0)
(417.0,376.0)
(376.0,376.0)
(376.0,376.0)
(376.0,376.0)
(376.0,376.0)
(376.0,376.0)
(455.0,376.0)
(376.0,376.0)
(376.0,376.0)
(376.0,376.0)
(362.0,376.0)
(376.0,376.0)
(362.0,376.0)
(376.0,376.0)
(376.0,376.0)
(376.0,376.0)
(376.0,376.0)
(362.0,376.0)
(376.0,376.0)
(376.0,376.0)
(376.0,376.0)
(376.0,376.0)
(376.0,376.0)
(376.0,376.0)
(376.0,376.0)
(755.0,376.0)
(376.0,376.0)
(376.0,376.0)
(376.0,376.0)
(377.0,376.0)
(376.0,376.0)
(376.0,376.0)
(376.0,376.0)
(376.0,376.0)
(376.0,376.0)
(376.0,376.0)
(376.0,376.0)
(376.0,376.0)
(376.0,376.0)
(362.0,376.0)
(376.0,376.0)
(755.0,376.0)
(376.0,376.0)
(376.0,376.0)
(376.0,376.0)
(376.0,376.0)
(376.0,376.0)
(376.0,376.0)
(753.0,376.0)
(376.0,376.0)
(755.0,376.0)
(481.0,376.0)
(362.0,376.0)
(362.0,376.0)
(362.0,376.0)
(376.0,376.0)
(362.0,376.0)
(362.0,376.0)
(376.0,376.0)
(376.0,376.0)
(362.0,376.0)
(376.0,376.0)
(376.0,376.0)
(755.0,376.0)
(376.0,376.0)
(374.0,376.0)
(376.0,376.0)
(376.0,376.0)
(376.0,376.0)
(376.0,376.0)
(376.0,376.0)
(362.0,376.0)
(376.0,376.0)
(376.0,376.0)
(376.0,376.0)
(374.0,376.0)
(376.0,376.0)
(376.0,376.0)
(753.0,376.0)
(362.0,376.0)
(481.0,376.0)
(753.0,376.0)
(447.0,376.0)
(417.0,376.0)
(362.0,376.0)
(376.0,376.0)
(376.0,376.0)
(480.0,376.0)
(753.0,376.0)
(481.0,376.0)
(362.0,376.0)
(376.0,376.0)
(447.0,376.0)
(376.0,376.0)
(413.0,376.0)
(362.0,376.0)
(376.0,376.0)
(362.0,376.0)
(376.0,376.0)
(376.0,376.0)
(376.0,376.0)
(376.0,376.0)
(376.0,376.0)
(376.0,376.0)
(376.0,376.0)
(376.0,376.0)
(376.0,376.0)
(376.0,376.0)
(376.0,376.0)
(376.0,376.0)
(753.0,376.0)
(753.0,376.0)
(376.0,376.0)
(376.0,376.0)
(376.0,376.0)
(753.0,376.0)
(374.0,376.0)
(376.0,376.0)
(376.0,376.0)
(376.0,376.0)
(376.0,376.0)
(376.0,376.0)
(376.0,376.0)
(376.0,376.0)
(376.0,376.0)
(362.0,376.0)
(376.0,376.0)
(376.0,376.0)
(377.0,376.0)
(753.0,376.0)
(376.0,376.0)
(376.0,376.0)
(376.0,376.0)
(376.0,376.0)
(755.0,376.0)
(376.0,376.0)
(751.0,376.0)
(376.0,376.0)
(743.0,376.0)
(377.0,376.0)
(377.0,376.0)
(751.0,376.0)
(413.0,376.0)
(376.0,376.0)
(455.0,376.0)
(362.0,376.0)
(376.0,376.0)
(376.0,376.0)
(376.0,376.0)
(455.0,376.0)
(376.0,376.0)
(376.0,376.0)
(376.0,376.0)
(362.0,376.0)
(362.0,376.0)
(362.0,376.0)
(376.0,376.0)
(376.0,376.0)
(376.0,376.0)
(376.0,376.0)
(374.0,376.0)
(376.0,376.0)
(376.0,376.0)
(376.0,376.0)
(376.0,376.0)
(753.0,376.0)
(376.0,376.0)
(376.0,376.0)
(362.0,376.0)
(376.0,376.0)
(376.0,376.0)
(455.0,376.0)
(447.0,376.0)
(376.0,376.0)
(447.0,376.0)
(377.0,376.0)
(376.0,376.0)
(376.0,376.0)
(481.0,376.0)
(376.0,376.0)
(447.0,376.0)
(362.0,376.0)
(435.0,376.0)
(376.0,376.0)
(376.0,376.0)
(455.0,376.0)
(376.0,376.0)
(418.0,376.0)
(376.0,376.0)
(362.0,376.0)
(481.0,376.0)
(376.0,376.0)
(376.0,376.0)
(376.0,376.0)
(481.0,376.0)
(362.0,376.0)
(376.0,376.0)
(376.0,376.0)
(753.0,376.0)
(376.0,376.0)
(362.0,376.0)
(376.0,376.0)
(753.0,376.0)
(792.0,376.0)
(376.0,376.0)
(376.0,376.0)
(376.0,376.0)
(362.0,376.0)
(374.0,376.0)
(376.0,376.0)
(376.0,376.0)
(753.0,376.0)
(362.0,376.0)
(362.0,376.0)
(376.0,376.0)
(755.0,376.0)
(755.0,376.0)
(481.0,376.0)
(376.0,376.0)
(374.0,376.0)
(376.0,376.0)
(753.0,376.0)
(753.0,376.0)
(435.0,376.0)
(753.0,376.0)
(376.0,376.0)
(753.0,376.0)
(362.0,376.0)
(376.0,376.0)
(740.0,376.0)
(376.0,376.0)
(362.0,376.0)
(376.0,376.0)
(362.0,376.0)
(376.0,376.0)
(376.0,376.0)
(376.0,376.0)
(362.0,376.0)
(376.0,376.0)
(376.0,376.0)
(362.0,376.0)
(376.0,376.0)
(376.0,376.0)
(413.0,376.0)
(376.0,376.0)
(421.0,376.0)
(753.0,376.0)
(376.0,376.0)
(376.0,376.0)
(376.0,376.0)
(376.0,376.0)
(753.0,376.0)
(753.0,376.0)
(376.0,376.0)
(362.0,376.0)
(362.0,376.0)
(376.0,376.0)
(376.0,376.0)
(376.0,376.0)
(362.0,376.0)
(377.0,376.0)
(753.0,376.0)
(376.0,376.0)
(374.0,376.0)
(376.0,376.0)
(362.0,376.0)
(362.0,376.0)
(362.0,376.0)
(374.0,376.0)
(376.0,376.0)
(413.0,376.0)
(753.0,376.0)
(755.0,376.0)
(435.0,376.0)
(374.0,376.0)
(362.0,376.0)
(376.0,376.0)
(753.0,376.0)
(740.0,376.0)
(792.0,376.0)
(376.0,376.0)
(362.0,376.0)
(376.0,376.0)
(376.0,376.0)
(376.0,376.0)
(755.0,376.0)
(376.0,376.0)
(376.0,376.0)
(376.0,376.0)
(376.0,376.0)
(374.0,376.0)
(362.0,376.0)
(753.0,376.0)
(376.0,376.0)
(753.0,376.0)
(417.0,376.0)
(435.0,376.0)
(376.0,376.0)
(447.0,376.0)
(376.0,376.0)
(447.0,376.0)
(376.0,376.0)
(376.0,376.0)
(362.0,376.0)
(753.0,376.0)
(755.0,376.0)
(755.0,376.0)
(751.0,376.0)
(473.0,376.0)
(435.0,376.0)
(376.0,376.0)
(755.0,376.0)
(755.0,376.0)
(376.0,376.0)
(736.0,376.0)
(447.0,376.0)
(376.0,376.0)
(376.0,376.0)
(376.0,376.0)
(753.0,376.0)
(376.0,376.0)
(753.0,376.0)
(376.0,376.0)
(376.0,376.0)
(376.0,376.0)
(362.0,376.0)
(376.0,376.0)
(374.0,376.0)
(455.0,376.0)
(751.0,376.0)
(376.0,376.0)
(362.0,376.0)
(753.0,376.0)
(753.0,376.0)
(374.0,376.0)
(481.0,376.0)
(753.0,376.0)
(376.0,376.0)
(374.0,376.0)
(447.0,376.0)
(413.0,376.0)
(376.0,376.0)
(753.0,376.0)
(755.0,376.0)
(413.0,376.0)
(376.0,376.0)
(755.0,376.0)
(755.0,376.0)
(374.0,376.0)
(376.0,376.0)
(753.0,376.0)
(417.0,376.0)
(753.0,376.0)
(376.0,376.0)
(473.0,376.0)
(447.0,376.0)
(376.0,376.0)
(376.0,376.0)
(362.0,376.0)
(362.0,376.0)
(755.0,376.0)
(417.0,376.0)
(376.0,376.0)
(753.0,376.0)
(753.0,376.0)
(376.0,376.0)
(435.0,376.0)
(455.0,376.0)
(374.0,376.0)
(755.0,376.0)
(376.0,376.0)
(376.0,376.0)
(376.0,376.0)
(376.0,376.0)
(376.0,376.0)
(374.0,376.0)
(376.0,376.0)
(376.0,376.0)
(376.0,376.0)
(376.0,376.0)
(755.0,376.0)
(753.0,376.0)
(376.0,376.0)
(362.0,376.0)
(376.0,376.0)
(376.0,376.0)
(376.0,376.0)
(374.0,376.0)
(753.0,376.0)
(753.0,376.0)
(376.0,376.0)
(376.0,376.0)
(376.0,376.0)
(376.0,376.0)
(376.0,376.0)
(376.0,376.0)
(376.0,376.0)
(753.0,376.0)
(376.0,376.0)
(376.0,376.0)
(455.0,376.0)
(376.0,376.0)
(376.0,376.0)
(376.0,376.0)
(753.0,376.0)
(376.0,376.0)
(481.0,376.0)
(753.0,376.0)
(755.0,376.0)
(376.0,376.0)
(753.0,376.0)
(447.0,376.0)
(753.0,376.0)
(376.0,376.0)
(753.0,376.0)
(753.0,376.0)
(404.0,376.0)
(376.0,376.0)
(753.0,376.0)
(374.0,376.0)
(376.0,376.0)
(753.0,376.0)
(362.0,376.0)
(413.0,376.0)
(362.0,376.0)
(362.0,376.0)
(374.0,376.0)
(362.0,376.0)
(455.0,376.0)
(376.0,376.0)
(362.0,376.0)
(376.0,376.0)
(481.0,376.0)
(751.0,376.0)
(362.0,376.0)
(362.0,376.0)
(753.0,376.0)
(376.0,376.0)
(376.0,376.0)
(753.0,376.0)
(481.0,376.0)
(376.0,376.0)
(480.0,376.0)
(753.0,376.0)
(376.0,376.0)
(362.0,376.0)
(753.0,376.0)
(376.0,376.0)
(413.0,376.0)
(755.0,376.0)
(753.0,376.0)
(376.0,376.0)
(753.0,376.0)
(753.0,376.0)
(755.0,376.0)
(755.0,376.0)
(362.0,376.0)
(417.0,376.0)
(753.0,376.0)
(376.0,376.0)
(374.0,376.0)
(362.0,376.0)
(362.0,376.0)
(376.0,376.0)
(455.0,376.0)
(480.0,376.0)
(376.0,376.0)
(376.0,376.0)
(376.0,376.0)
(753.0,376.0)
(455.0,376.0)
(480.0,376.0)
(753.0,376.0)
(480.0,376.0)
(376.0,376.0)
(374.0,376.0)
(374.0,376.0)
(376.0,376.0)
(376.0,376.0)
(376.0,376.0)
(376.0,376.0)
(478.0,376.0)
(755.0,376.0)
(753.0,376.0)
(753.0,376.0)
(376.0,376.0)
(753.0,376.0)
(376.0,376.0)
(362.0,376.0)
(413.0,376.0)
(447.0,376.0)
(362.0,376.0)
(413.0,376.0)
(755.0,376.0)
(753.0,376.0)
(753.0,376.0)
(753.0,376.0)
(376.0,376.0)
(376.0,376.0)
(732.0,376.0)
(376.0,376.0)
(753.0,376.0)
(374.0,376.0)
(376.0,376.0)
(753.0,376.0)
(753.0,376.0)
(736.0,376.0)
(376.0,376.0)
(755.0,376.0)
(374.0,376.0)
(753.0,376.0)
(376.0,376.0)
(374.0,376.0)
(755.0,376.0)
(377.0,376.0)
(376.0,376.0)
(362.0,376.0)
(753.0,376.0)
(413.0,376.0)
(376.0,376.0)
(413.0,376.0)
(376.0,376.0)
(362.0,376.0)
(753.0,376.0)
(376.0,376.0)
(753.0,376.0)
(455.0,376.0)
(447.0,376.0)
(413.0,376.0)
(751.0,376.0)
(376.0,376.0)
(376.0,376.0)
(376.0,376.0)
(376.0,376.0)
(376.0,376.0)
(374.0,376.0)
(362.0,376.0)
(376.0,376.0)
(374.0,376.0)
(755.0,376.0)
(376.0,376.0)
(376.0,376.0)
(413.0,376.0)
(480.0,376.0)
(376.0,376.0)
(376.0,376.0)
(362.0,376.0)
(376.0,376.0)
(753.0,376.0)
(751.0,376.0)
(755.0,376.0)
(376.0,376.0)
(362.0,376.0)
(376.0,376.0)
(755.0,376.0)
(755.0,376.0)
(1.0,376.0)
(376.0,376.0)
(376.0,376.0)
(362.0,376.0)
(362.0,376.0)
(362.0,376.0)
(362.0,376.0)
(362.0,376.0)
(376.0,376.0)
(362.0,376.0)
(753.0,376.0)
(376.0,376.0)
(376.0,376.0)
(755.0,376.0)
(755.0,376.0)
(376.0,376.0)
(374.0,376.0)
(376.0,376.0)
(374.0,376.0)
(753.0,376.0)
(376.0,376.0)
(455.0,376.0)
(376.0,376.0)
(374.0,376.0)
(753.0,376.0)
(362.0,376.0)
(376.0,376.0)
(376.0,376.0)
(362.0,376.0)
(362.0,376.0)
(376.0,376.0)
(362.0,376.0)
(376.0,376.0)
(376.0,376.0)
(362.0,376.0)
(376.0,376.0)
(413.0,376.0)
(455.0,376.0)
(753.0,376.0)
(376.0,376.0)
(480.0,376.0)
(376.0,376.0)
(362.0,376.0)
(753.0,376.0)
(418.0,376.0)
(740.0,376.0)
(753.0,376.0)
(362.0,376.0)
(417.0,376.0)
(455.0,376.0)
(751.0,376.0)
(376.0,376.0)
(480.0,376.0)
(753.0,376.0)
(455.0,376.0)
(374.0,376.0)
(376.0,376.0)
(376.0,376.0)
(362.0,376.0)
(447.0,376.0)
(362.0,376.0)
(755.0,376.0)
(376.0,376.0)
(362.0,376.0)
(755.0,376.0)
(740.0,376.0)
(376.0,376.0)
(376.0,376.0)
(362.0,376.0)
(376.0,376.0)
(376.0,376.0)
(740.0,376.0)
(753.0,376.0)
(376.0,376.0)
(362.0,376.0)
(374.0,376.0)
(376.0,376.0)
(376.0,376.0)
(478.0,376.0)
(376.0,376.0)
(374.0,376.0)
(376.0,376.0)
(376.0,376.0)
(374.0,376.0)
(374.0,376.0)
(362.0,376.0)
(755.0,376.0)
(376.0,376.0)
(374.0,376.0)
(376.0,376.0)
(376.0,376.0)
(376.0,376.0)
(374.0,376.0)
(376.0,376.0)
(376.0,376.0)
(753.0,376.0)
(362.0,376.0)
(376.0,376.0)
(376.0,376.0)
(753.0,376.0)
(376.0,376.0)
(362.0,376.0)
(376.0,376.0)
(740.0,376.0)
(753.0,376.0)
(753.0,376.0)
(362.0,376.0)
(417.0,376.0)
(376.0,376.0)
(753.0,376.0)
(376.0,376.0)
(377.0,376.0)
(376.0,376.0)
(787.0,376.0)
(753.0,376.0)
(376.0,376.0)
(377.0,376.0)
(374.0,376.0)
(362.0,376.0)
(455.0,376.0)
(751.0,376.0)
(374.0,376.0)
(377.0,376.0)
(751.0,376.0)
(376.0,376.0)
(377.0,376.0)
(374.0,376.0)
(753.0,376.0)
(755.0,376.0)
(751.0,376.0)
(480.0,376.0)
(362.0,376.0)
(376.0,376.0)
(743.0,376.0)
(455.0,376.0)
(376.0,376.0)
(753.0,376.0)
(376.0,376.0)
(753.0,376.0)
(362.0,376.0)
(376.0,376.0)
(417.0,376.0)
(376.0,376.0)
(362.0,376.0)
(362.0,376.0)
(362.0,376.0)
(376.0,376.0)
(376.0,376.0)
(376.0,376.0)
(376.0,376.0)
(374.0,376.0)
(740.0,376.0)
(376.0,376.0)
(376.0,376.0)
(376.0,376.0)
(376.0,376.0)
(374.0,376.0)
(753.0,376.0)
(362.0,376.0)
(376.0,376.0)
(447.0,376.0)
(376.0,376.0)
(755.0,376.0)
(753.0,376.0)
(374.0,376.0)
(376.0,376.0)
(455.0,376.0)
(362.0,376.0)
(362.0,376.0)
(377.0,376.0)
(376.0,376.0)
(376.0,376.0)
(376.0,376.0)
(376.0,376.0)
(376.0,376.0)
(376.0,376.0)
(376.0,376.0)
(374.0,376.0)
(374.0,376.0)
(753.0,376.0)
(413.0,376.0)
(376.0,376.0)
(455.0,376.0)
(362.0,376.0)
(376.0,376.0)
(753.0,376.0)
(753.0,376.0)
(753.0,376.0)
(1.0,376.0)
(376.0,376.0)
(362.0,376.0)
(362.0,376.0)
(755.0,376.0)
(447.0,376.0)
(481.0,376.0)
(376.0,376.0)
(376.0,376.0)
(413.0,376.0)
(753.0,376.0)
(362.0,376.0)
(376.0,376.0)
(376.0,376.0)
(376.0,376.0)
(481.0,376.0)
(376.0,376.0)
(753.0,376.0)
(413.0,376.0)
(362.0,376.0)
(753.0,376.0)
(755.0,376.0)
(753.0,376.0)
(792.0,376.0)
(736.0,376.0)
(376.0,376.0)
(374.0,376.0)
(362.0,376.0)
(362.0,376.0)
(376.0,376.0)
(413.0,376.0)
(376.0,376.0)
(755.0,376.0)
(376.0,376.0)
(376.0,376.0)
(374.0,376.0)
(753.0,376.0)
(376.0,376.0)
(376.0,376.0)
(376.0,376.0)
(376.0,376.0)
(755.0,376.0)
(376.0,376.0)
(362.0,376.0)
(376.0,376.0)
(376.0,376.0)
(376.0,376.0)
(376.0,376.0)
(534.0,376.0)
(374.0,376.0)
(377.0,376.0)
(376.0,376.0)
(792.0,376.0)
(376.0,376.0)
(376.0,376.0)
(455.0,376.0)
(362.0,376.0)
(753.0,376.0)
(376.0,376.0)
(376.0,376.0)
(376.0,376.0)
(376.0,376.0)
(376.0,376.0)
(376.0,376.0)
(376.0,376.0)
(753.0,376.0)
(376.0,376.0)
(753.0,376.0)
(362.0,376.0)
(753.0,376.0)
(376.0,376.0)
(455.0,376.0)
(481.0,376.0)
(447.0,376.0)
(376.0,376.0)
(413.0,376.0)
(376.0,376.0)
(753.0,376.0)
(362.0,376.0)
(455.0,376.0)
(376.0,376.0)
(455.0,376.0)
(362.0,376.0)
(376.0,376.0)
(376.0,376.0)
(376.0,376.0)
(740.0,376.0)
(376.0,376.0)
(447.0,376.0)
(362.0,376.0)
(362.0,376.0)
(362.0,376.0)
(376.0,376.0)
(362.0,376.0)
(396.0,376.0)
(376.0,376.0)
(376.0,376.0)
(376.0,376.0)
(376.0,376.0)
(417.0,376.0)
(753.0,376.0)
(374.0,376.0)
(376.0,376.0)
(376.0,376.0)
(376.0,376.0)
(753.0,376.0)
(376.0,376.0)
(362.0,376.0)
(376.0,376.0)
(376.0,376.0)
(743.0,376.0)
(362.0,376.0)
(362.0,376.0)
(376.0,376.0)
(71.0,376.0)
(753.0,376.0)
(740.0,376.0)
(376.0,376.0)
(413.0,376.0)
(374.0,376.0)
(376.0,376.0)
(362.0,376.0)
(365.0,376.0)
(376.0,376.0)
(753.0,376.0)
(481.0,376.0)
(376.0,376.0)
(376.0,376.0)
(740.0,376.0)
(376.0,376.0)
(362.0,376.0)
(376.0,376.0)
(362.0,376.0)
(447.0,376.0)
(753.0,376.0)
(755.0,376.0)
(413.0,376.0)
(753.0,376.0)
(362.0,376.0)
(753.0,376.0)
(755.0,376.0)
(376.0,376.0)
(362.0,376.0)
(481.0,376.0)
(376.0,376.0)
(755.0,376.0)
(753.0,376.0)
(376.0,376.0)
(376.0,376.0)
(362.0,376.0)
(362.0,376.0)
(376.0,376.0)
(376.0,376.0)
(376.0,376.0)
(376.0,376.0)
(376.0,376.0)
(376.0,376.0)
(455.0,376.0)
(753.0,376.0)
(376.0,376.0)
(455.0,376.0)
(413.0,376.0)
(362.0,376.0)
(376.0,376.0)
(362.0,376.0)
(376.0,376.0)
(376.0,376.0)
(753.0,376.0)
(362.0,376.0)
(376.0,376.0)
(362.0,376.0)
(753.0,376.0)
(740.0,376.0)
(421.0,376.0)
(362.0,376.0)
(376.0,376.0)
(362.0,376.0)
(362.0,376.0)
(376.0,376.0)
(374.0,376.0)
(376.0,376.0)
(376.0,376.0)
(376.0,376.0)
(376.0,376.0)
(447.0,376.0)
(376.0,376.0)
(447.0,376.0)
(376.0,376.0)
(455.0,376.0)
(362.0,376.0)
(376.0,376.0)
(362.0,376.0)
(755.0,376.0)
(455.0,376.0)
(362.0,376.0)
(376.0,376.0)
(376.0,376.0)
(376.0,376.0)
(455.0,376.0)
(362.0,376.0)
(376.0,376.0)
(376.0,376.0)
(376.0,376.0)
(447.0,376.0)
(376.0,376.0)
(376.0,376.0)
(376.0,376.0)
(363.0,376.0)
(753.0,376.0)
(455.0,376.0)
(455.0,376.0)
(376.0,376.0)
(455.0,376.0)
(404.0,376.0)
(455.0,376.0)
(376.0,376.0)
(376.0,376.0)
(753.0,376.0)
(447.0,376.0)
(455.0,376.0)
(376.0,376.0)
(376.0,376.0)
(376.0,376.0)
(376.0,376.0)
(753.0,376.0)
(362.0,376.0)
(404.0,376.0)
(455.0,376.0)
(455.0,376.0)
(455.0,376.0)
(376.0,376.0)
(376.0,376.0)
(376.0,376.0)
(455.0,376.0)
(753.0,376.0)
(376.0,376.0)
(755.0,376.0)
(376.0,376.0)
(455.0,376.0)
(447.0,376.0)
(753.0,376.0)
(376.0,376.0)
(376.0,376.0)
(455.0,376.0)
(363.0,376.0)
(363.0,376.0)
(376.0,376.0)
(376.0,376.0)
(376.0,376.0)
(395.0,376.0)
(455.0,376.0)
(376.0,376.0)
(455.0,376.0)
(376.0,376.0)
(404.0,376.0)
(376.0,376.0)
(753.0,376.0)
(376.0,376.0)
(455.0,376.0)
(376.0,376.0)
(376.0,376.0)
(362.0,376.0)
(753.0,376.0)
(404.0,376.0)
(395.0,376.0)
(376.0,376.0)
(753.0,376.0)
(455.0,376.0)
(753.0,376.0)
(376.0,376.0)
(455.0,376.0)
(376.0,376.0)
(404.0,376.0)
(376.0,376.0)
(376.0,376.0)
(753.0,376.0)
(376.0,376.0)
(376.0,376.0)
(755.0,376.0)
(376.0,376.0)
(447.0,376.0)
(362.0,376.0)
(376.0,376.0)
(404.0,376.0)
(455.0,376.0)
(362.0,376.0)
(376.0,376.0)
(376.0,376.0)
(455.0,376.0)
(455.0,376.0)
(455.0,376.0)
(753.0,376.0)
(753.0,376.0)
(447.0,376.0)
(362.0,376.0)
(376.0,376.0)
(404.0,376.0)
(455.0,376.0)
(362.0,376.0)
(376.0,376.0)
(376.0,376.0)
(376.0,376.0)
(753.0,376.0)
(753.0,376.0)
(362.0,376.0)
(455.0,376.0)
(395.0,376.0)
(376.0,376.0)
(376.0,376.0)
(363.0,376.0)
(753.0,376.0)
(376.0,376.0)
(362.0,376.0)
(376.0,376.0)
(376.0,376.0)
(376.0,376.0)
(455.0,376.0)
(376.0,376.0)
(376.0,376.0)
(455.0,376.0)
(455.0,376.0)
(753.0,376.0)
(376.0,376.0)
(447.0,376.0)
(376.0,376.0)
(753.0,376.0)
(376.0,376.0)
(362.0,376.0)
(376.0,376.0)
(376.0,376.0)
(376.0,376.0)
(376.0,376.0)
(362.0,376.0)
(376.0,376.0)
(376.0,376.0)
(376.0,376.0)
(362.0,376.0)
(447.0,376.0)
(376.0,376.0)
(753.0,376.0)
(455.0,376.0)
(376.0,376.0)
(376.0,376.0)
(447.0,376.0)
(362.0,376.0)
(363.0,376.0)
(376.0,376.0)
(376.0,376.0)
(447.0,376.0)
(753.0,376.0)
(376.0,376.0)
(404.0,376.0)
(376.0,376.0)
(376.0,376.0)
(376.0,376.0)
(455.0,376.0)
(376.0,376.0)
(455.0,376.0)
(376.0,376.0)
(362.0,376.0)
(376.0,376.0)
(455.0,376.0)
(376.0,376.0)
(376.0,376.0)
(753.0,376.0)
(376.0,376.0)
(404.0,376.0)
(753.0,376.0)
(362.0,376.0)
(455.0,376.0)
(455.0,376.0)
(362.0,376.0)
(376.0,376.0)
(376.0,376.0)
(376.0,376.0)
(455.0,376.0)
(376.0,376.0)
(362.0,376.0)
(376.0,376.0)
(362.0,376.0)
(740.0,376.0)
(362.0,376.0)
(753.0,376.0)
(362.0,376.0)
(376.0,376.0)
(362.0,376.0)
(455.0,376.0)
(753.0,376.0)
(481.0,376.0)
(413.0,376.0)
(376.0,376.0)
(362.0,376.0)
(755.0,376.0)
(480.0,376.0)
(362.0,376.0)
(376.0,376.0)
(362.0,376.0)
(376.0,376.0)
(362.0,376.0)
(376.0,376.0)
(764.0,376.0)
(755.0,376.0)
(376.0,376.0)
(376.0,376.0)
(755.0,376.0)
(376.0,376.0)
(736.0,376.0)
(376.0,376.0)
(376.0,376.0)
(376.0,376.0)
(376.0,376.0)
(376.0,376.0)
(755.0,376.0)
(753.0,376.0)
(376.0,376.0)
(740.0,376.0)
(753.0,376.0)
(753.0,376.0)
(473.0,376.0)
(362.0,376.0)
(376.0,376.0)
(362.0,376.0)
(481.0,376.0)
(374.0,376.0)
(376.0,376.0)
(751.0,376.0)
(376.0,376.0)
(376.0,376.0)
(753.0,376.0)
(376.0,376.0)
(753.0,376.0)
(362.0,376.0)
(755.0,376.0)
(455.0,376.0)
(753.0,376.0)
(376.0,376.0)
(376.0,376.0)
(362.0,376.0)
(362.0,376.0)
(376.0,376.0)
(455.0,376.0)
(376.0,376.0)
(376.0,376.0)
(376.0,376.0)
(753.0,376.0)
(362.0,376.0)
(434.0,376.0)
(376.0,376.0)
(753.0,376.0)
(482.0,376.0)
(376.0,376.0)
(376.0,376.0)
(362.0,376.0)
(455.0,376.0)
(413.0,376.0)
(376.0,376.0)
(376.0,376.0)
(362.0,376.0)
(376.0,376.0)
(753.0,376.0)
(743.0,376.0)
(447.0,376.0)
(362.0,376.0)
(755.0,376.0)
(753.0,376.0)
(362.0,376.0)
(376.0,376.0)
(417.0,376.0)
(376.0,376.0)
(362.0,376.0)
(376.0,376.0)
(376.0,376.0)
(376.0,376.0)
(377.0,376.0)
(447.0,376.0)
(374.0,376.0)
(755.0,376.0)
(376.0,376.0)
(455.0,376.0)
(753.0,376.0)
(376.0,376.0)
(376.0,376.0)
(753.0,376.0)
(376.0,376.0)
(376.0,376.0)
(740.0,376.0)
(413.0,376.0)
(362.0,376.0)
(376.0,376.0)
(374.0,376.0)
(413.0,376.0)
(753.0,376.0)
(376.0,376.0)
(374.0,376.0)
(376.0,376.0)
(755.0,376.0)
(376.0,376.0)
(753.0,376.0)
(362.0,376.0)
(362.0,376.0)
(362.0,376.0)
(376.0,376.0)
(753.0,376.0)
(376.0,376.0)
(376.0,376.0)
(755.0,376.0)
(753.0,376.0)
(376.0,376.0)
(376.0,376.0)
(374.0,376.0)
(362.0,376.0)
(376.0,376.0)
(362.0,376.0)
(376.0,376.0)
(376.0,376.0)
(376.0,376.0)
(376.0,376.0)
(374.0,376.0)
(753.0,376.0)
(404.0,376.0)
(377.0,376.0)
(447.0,376.0)
(376.0,376.0)
(376.0,376.0)
(413.0,376.0)
(753.0,376.0)
(481.0,376.0)
(755.0,376.0)
(376.0,376.0)
(377.0,376.0)
(455.0,376.0)
(376.0,376.0)
(413.0,376.0)
(362.0,376.0)
(376.0,376.0)
(376.0,376.0)
(376.0,376.0)
(376.0,376.0)
(376.0,376.0)
(376.0,376.0)
(374.0,376.0)
(374.0,376.0)
(376.0,376.0)
(362.0,376.0)
(753.0,376.0)
(753.0,376.0)
(374.0,376.0)
(376.0,376.0)
(481.0,376.0)
(753.0,376.0)
(753.0,376.0)
(376.0,376.0)
(481.0,376.0)
(376.0,376.0)
(374.0,376.0)
(376.0,376.0)
(376.0,376.0)
(376.0,376.0)
(755.0,376.0)
(376.0,376.0)
(376.0,376.0)
(376.0,376.0)
(376.0,376.0)
(481.0,376.0)
(376.0,376.0)
(740.0,376.0)
(740.0,376.0)
(362.0,376.0)
(480.0,376.0)
(480.0,376.0)
(376.0,376.0)
(413.0,376.0)
(376.0,376.0)
(376.0,376.0)
(362.0,376.0)
(376.0,376.0)
(480.0,376.0)
(362.0,376.0)
(376.0,376.0)
(755.0,376.0)
(753.0,376.0)
(376.0,376.0)
(481.0,376.0)
(376.0,376.0)
(376.0,376.0)
(376.0,376.0)
(376.0,376.0)
(743.0,376.0)
(362.0,376.0)
(376.0,376.0)
(755.0,376.0)
(376.0,376.0)
(753.0,376.0)
(376.0,376.0)
(413.0,376.0)
(362.0,376.0)
(455.0,376.0)
(376.0,376.0)
(753.0,376.0)
(753.0,376.0)
(376.0,376.0)
(376.0,376.0)
(376.0,376.0)
(481.0,376.0)
(374.0,376.0)
(362.0,376.0)
(362.0,376.0)
(362.0,376.0)
(753.0,376.0)
(376.0,376.0)
(376.0,376.0)
(376.0,376.0)
(362.0,376.0)
(755.0,376.0)
(753.0,376.0)
(376.0,376.0)
(481.0,376.0)
(376.0,376.0)
(481.0,376.0)
(376.0,376.0)
(376.0,376.0)
(374.0,376.0)
(376.0,376.0)
(374.0,376.0)
(455.0,376.0)
(481.0,376.0)
(376.0,376.0)
(755.0,376.0)
(455.0,376.0)
(753.0,376.0)
(376.0,376.0)
(376.0,376.0)
(376.0,376.0)
(753.0,376.0)
(376.0,376.0)
(753.0,376.0)
(362.0,376.0)
(376.0,376.0)
(755.0,376.0)
(480.0,376.0)
(376.0,376.0)
(376.0,376.0)
(421.0,376.0)
(753.0,376.0)
(755.0,376.0)
(376.0,376.0)
(376.0,376.0)
(362.0,376.0)
(755.0,376.0)
(376.0,376.0)
(753.0,376.0)
(362.0,376.0)
(753.0,376.0)
(374.0,376.0)
(753.0,376.0)
(755.0,376.0)
(376.0,376.0)
(376.0,376.0)
(753.0,376.0)
(377.0,376.0)
(753.0,376.0)
(374.0,376.0)
(376.0,376.0)
(376.0,376.0)
(362.0,376.0)
(376.0,376.0)
(362.0,376.0)
(753.0,376.0)
(374.0,376.0)
(376.0,376.0)
(362.0,376.0)
(362.0,376.0)
(362.0,376.0)
(376.0,376.0)
(362.0,376.0)
(755.0,376.0)
(376.0,376.0)
(755.0,376.0)
(376.0,376.0)
(374.0,376.0)
(376.0,376.0)
(376.0,376.0)
(753.0,376.0)
(362.0,376.0)
(376.0,376.0)
(376.0,376.0)
(376.0,376.0)
(376.0,376.0)
(481.0,376.0)
(376.0,376.0)
(376.0,376.0)
(481.0,376.0)
(362.0,376.0)
(376.0,376.0)
(376.0,376.0)
(376.0,376.0)
(753.0,376.0)
(413.0,376.0)
(376.0,376.0)
(751.0,376.0)
(376.0,376.0)
(362.0,376.0)
(374.0,376.0)
(413.0,376.0)
(376.0,376.0)
(376.0,376.0)
(376.0,376.0)
(376.0,376.0)
(374.0,376.0)
(376.0,376.0)
(376.0,376.0)
(753.0,376.0)
(362.0,376.0)
(376.0,376.0)
(362.0,376.0)
(753.0,376.0)
(362.0,376.0)
(376.0,376.0)
(792.0,376.0)
(755.0,376.0)
(753.0,376.0)
(376.0,376.0)
(753.0,376.0)
(376.0,376.0)
(376.0,376.0)
(481.0,376.0)
(770.0,376.0)
(753.0,376.0)
(376.0,376.0)
(376.0,376.0)
(753.0,376.0)
(753.0,376.0)
(374.0,376.0)
(362.0,376.0)
(755.0,376.0)
(376.0,376.0)
(376.0,376.0)
(753.0,376.0)
(362.0,376.0)
(447.0,376.0)
(362.0,376.0)
(362.0,376.0)
(376.0,376.0)
(376.0,376.0)
(376.0,376.0)
(376.0,376.0)
(362.0,376.0)
(480.0,376.0)
(447.0,376.0)
(376.0,376.0)
(376.0,376.0)
(376.0,376.0)
(362.0,376.0)
(792.0,376.0)
(447.0,376.0)
(753.0,376.0)
(447.0,376.0)
(753.0,376.0)
(753.0,376.0)
(376.0,376.0)
(376.0,376.0)
(362.0,376.0)
(376.0,376.0)
(362.0,376.0)
(435.0,376.0)
(751.0,376.0)
(417.0,376.0)
(413.0,376.0)
(376.0,376.0)
(753.0,376.0)
(755.0,376.0)
(471.0,376.0)
(413.0,376.0)
(376.0,376.0)
(376.0,376.0)
(455.0,376.0)
(376.0,376.0)
(362.0,376.0)
(755.0,376.0)
(362.0,376.0)
(376.0,376.0)
(753.0,376.0)
(753.0,376.0)
(435.0,376.0)
(481.0,376.0)
(740.0,376.0)
(376.0,376.0)
(753.0,376.0)
(362.0,376.0)
(374.0,376.0)
(376.0,376.0)
(376.0,376.0)
(376.0,376.0)
(376.0,376.0)
(753.0,376.0)
(376.0,376.0)
(374.0,376.0)
(362.0,376.0)
(376.0,376.0)
(376.0,376.0)
(740.0,376.0)
(362.0,376.0)
(376.0,376.0)
(404.0,376.0)
(376.0,376.0)
(376.0,376.0)
(376.0,376.0)
(755.0,376.0)
(376.0,376.0)
(447.0,376.0)
(455.0,376.0)
(455.0,376.0)
(376.0,376.0)
(455.0,376.0)
(376.0,376.0)
(362.0,376.0)
(374.0,376.0)
(362.0,376.0)
(480.0,376.0)
(376.0,376.0)
(482.0,376.0)
(417.0,376.0)
(362.0,376.0)
(362.0,376.0)
(376.0,376.0)
(376.0,376.0)
(753.0,376.0)
(753.0,376.0)
(376.0,376.0)
(376.0,376.0)
(376.0,376.0)
(447.0,376.0)
(455.0,376.0)
(362.0,376.0)
(362.0,376.0)
(473.0,376.0)
(362.0,376.0)
(376.0,376.0)
(455.0,376.0)
(362.0,376.0)
(743.0,376.0)
(376.0,376.0)
(743.0,376.0)
(376.0,376.0)
(376.0,376.0)
(374.0,376.0)
(376.0,376.0)
(362.0,376.0)
(376.0,376.0)
(376.0,376.0)
(362.0,376.0)
(753.0,376.0)
(447.0,376.0)
(362.0,376.0)
(376.0,376.0)
(376.0,376.0)
(376.0,376.0)
(376.0,376.0)
(755.0,376.0)
(455.0,376.0)
(376.0,376.0)
(376.0,376.0)
(755.0,376.0)
(455.0,376.0)
(376.0,376.0)
(376.0,376.0)
(376.0,376.0)
(480.0,376.0)
(376.0,376.0)
(376.0,376.0)
(374.0,376.0)
(755.0,376.0)
(755.0,376.0)
(417.0,376.0)
(374.0,376.0)
(362.0,376.0)
(362.0,376.0)
(751.0,376.0)
(447.0,376.0)
(753.0,376.0)
(362.0,376.0)
(362.0,376.0)
(374.0,376.0)
(374.0,376.0)
(743.0,376.0)
(753.0,376.0)
(374.0,376.0)
(753.0,376.0)
(753.0,376.0)
(753.0,376.0)
(743.0,376.0)
(376.0,376.0)
(362.0,376.0)
(376.0,376.0)
(374.0,376.0)
(376.0,376.0)
(480.0,376.0)
(376.0,376.0)
(376.0,376.0)
(376.0,376.0)
(755.0,376.0)
(376.0,376.0)
(376.0,376.0)
(376.0,376.0)
(376.0,376.0)
(376.0,376.0)
(362.0,376.0)
(755.0,376.0)
(362.0,376.0)
(753.0,376.0)
(455.0,376.0)
(362.0,376.0)
(376.0,376.0)
(417.0,376.0)
(362.0,376.0)
(376.0,376.0)
(376.0,376.0)
(376.0,376.0)
(376.0,376.0)
(374.0,376.0)
(362.0,376.0)
(753.0,376.0)
(481.0,376.0)
(362.0,376.0)
(435.0,376.0)
(362.0,376.0)
(376.0,376.0)
(454.0,376.0)
(376.0,376.0)
(362.0,376.0)
(755.0,376.0)
(435.0,376.0)
(374.0,376.0)
(753.0,376.0)
(362.0,376.0)
(376.0,376.0)
(376.0,376.0)
(374.0,376.0)
(753.0,376.0)
(753.0,376.0)
(753.0,376.0)
(362.0,376.0)
(755.0,376.0)
(362.0,376.0)
(413.0,376.0)
(376.0,376.0)
(736.0,376.0)
(755.0,376.0)
(376.0,376.0)
(362.0,376.0)
(418.0,376.0)
(374.0,376.0)
(376.0,376.0)
(376.0,376.0)
(455.0,376.0)
(447.0,376.0)
(753.0,376.0)
(362.0,376.0)
(374.0,376.0)
(376.0,376.0)
(362.0,376.0)
(376.0,376.0)
(376.0,376.0)
(376.0,376.0)
(376.0,376.0)
(755.0,376.0)
(447.0,376.0)
(376.0,376.0)
(376.0,376.0)
(753.0,376.0)
(374.0,376.0)
(362.0,376.0)
(455.0,376.0)
(753.0,376.0)
(455.0,376.0)
(480.0,376.0)
(376.0,376.0)
(374.0,376.0)
(376.0,376.0)
(362.0,376.0)
(376.0,376.0)
(376.0,376.0)
(376.0,376.0)
(376.0,376.0)
(376.0,376.0)
(753.0,376.0)
(740.0,376.0)
(753.0,376.0)
(376.0,376.0)
(455.0,376.0)
(376.0,376.0)
(753.0,376.0)
(455.0,376.0)
(413.0,376.0)
(447.0,376.0)
(376.0,376.0)
(362.0,376.0)
(376.0,376.0)
(376.0,376.0)
(753.0,376.0)
(376.0,376.0)
(753.0,376.0)
(435.0,376.0)
(362.0,376.0)
(374.0,376.0)
(376.0,376.0)
(753.0,376.0)
(376.0,376.0)
(753.0,376.0)
(481.0,376.0)
(753.0,376.0)
(376.0,376.0)
(376.0,376.0)
(753.0,376.0)
(376.0,376.0)
(755.0,376.0)
(376.0,376.0)
(362.0,376.0)
(362.0,376.0)
(753.0,376.0)
(362.0,376.0)
(751.0,376.0)
(755.0,376.0)
(792.0,376.0)
(376.0,376.0)
(376.0,376.0)
(447.0,376.0)
(376.0,376.0)
(376.0,376.0)
(376.0,376.0)
(376.0,376.0)
(753.0,376.0)
(413.0,376.0)
(455.0,376.0)
(753.0,376.0)
(376.0,376.0)
(376.0,376.0)
(455.0,376.0)
(362.0,376.0)
(753.0,376.0)
(374.0,376.0)
(374.0,376.0)
(753.0,376.0)
(362.0,376.0)
(362.0,376.0)
(740.0,376.0)
(376.0,376.0)
(376.0,376.0)
(406.0,376.0)
(753.0,376.0)
(376.0,376.0)
(376.0,376.0)
(755.0,376.0)
(377.0,376.0)
(447.0,376.0)
(376.0,376.0)
(362.0,376.0)
(376.0,376.0)
(455.0,376.0)
(753.0,376.0)
(455.0,376.0)
(376.0,376.0)
(755.0,376.0)
(362.0,376.0)
(376.0,376.0)
(447.0,376.0)
(376.0,376.0)
(447.0,376.0)
(374.0,376.0)
(362.0,376.0)
(362.0,376.0)
(455.0,376.0)
(753.0,376.0)
(376.0,376.0)
(455.0,376.0)
(376.0,376.0)
(362.0,376.0)
(753.0,376.0)
(376.0,376.0)
(376.0,376.0)
(376.0,376.0)
(374.0,376.0)
(362.0,376.0)
(376.0,376.0)
(753.0,376.0)
(376.0,376.0)
(377.0,376.0)
(374.0,376.0)
(753.0,376.0)
(376.0,376.0)
(362.0,376.0)
(362.0,376.0)
(376.0,376.0)
(376.0,376.0)
(376.0,376.0)
(362.0,376.0)
(376.0,376.0)
(376.0,376.0)
(413.0,376.0)
(753.0,376.0)
(374.0,376.0)
(374.0,376.0)
(376.0,376.0)
(376.0,376.0)
(755.0,376.0)
(376.0,376.0)
(376.0,376.0)
(743.0,376.0)
(740.0,376.0)
(376.0,376.0)
(376.0,376.0)
(740.0,376.0)
(374.0,376.0)
(376.0,376.0)
(376.0,376.0)
(376.0,376.0)
(376.0,376.0)
(376.0,376.0)
(376.0,376.0)
(362.0,376.0)
(753.0,376.0)
(376.0,376.0)
(376.0,376.0)
(376.0,376.0)
(374.0,376.0)
(413.0,376.0)
(376.0,376.0)
(753.0,376.0)
(376.0,376.0)
(395.0,376.0)
(362.0,376.0)
(362.0,376.0)
(362.0,376.0)
(362.0,376.0)
(376.0,376.0)
(755.0,376.0)
(376.0,376.0)
(376.0,376.0)
(413.0,376.0)
(362.0,376.0)
(376.0,376.0)
(755.0,376.0)
(376.0,376.0)
(376.0,376.0)
(417.0,376.0)
(362.0,376.0)
(755.0,376.0)
(374.0,376.0)
(376.0,376.0)
(362.0,376.0)
(376.0,376.0)
(362.0,376.0)
(376.0,376.0)
(376.0,376.0)
(480.0,376.0)
(362.0,376.0)
(374.0,376.0)
(740.0,376.0)
(362.0,376.0)
(376.0,376.0)
(753.0,376.0)
(362.0,376.0)
(362.0,376.0)
(376.0,376.0)
(374.0,376.0)
(376.0,376.0)
(447.0,376.0)
(376.0,376.0)
(362.0,376.0)
(435.0,376.0)
(413.0,376.0)
(376.0,376.0)
(362.0,376.0)
(374.0,376.0)
(376.0,376.0)
(376.0,376.0)
(376.0,376.0)
(376.0,376.0)
(455.0,376.0)
(376.0,376.0)
(753.0,376.0)
(376.0,376.0)
(376.0,376.0)
(362.0,376.0)
(376.0,376.0)
(374.0,376.0)
(376.0,376.0)
(753.0,376.0)
(376.0,376.0)
(376.0,376.0)
(362.0,376.0)
(376.0,376.0)
(362.0,376.0)
(376.0,376.0)
(362.0,376.0)
(480.0,376.0)
(376.0,376.0)
(376.0,376.0)
(435.0,376.0)
(376.0,376.0)
(376.0,376.0)
(735.0,376.0)
(740.0,376.0)
(376.0,376.0)
(376.0,376.0)
(374.0,376.0)
(753.0,376.0)
(362.0,376.0)
(376.0,376.0)
(374.0,376.0)
(455.0,376.0)
(362.0,376.0)
(787.0,376.0)
(480.0,376.0)
(480.0,376.0)
(362.0,376.0)
(751.0,376.0)
(376.0,376.0)
(481.0,376.0)
(755.0,376.0)
(374.0,376.0)
(376.0,376.0)
(743.0,376.0)
(376.0,376.0)
(753.0,376.0)
(455.0,376.0)
(455.0,376.0)
(753.0,376.0)
(376.0,376.0)
(362.0,376.0)
(376.0,376.0)
(376.0,376.0)
(376.0,376.0)
(374.0,376.0)
(377.0,376.0)
(455.0,376.0)
(376.0,376.0)
(376.0,376.0)
(482.0,376.0)
(753.0,376.0)
(482.0,376.0)
(362.0,376.0)
(455.0,376.0)
(374.0,376.0)
(753.0,376.0)
(376.0,376.0)
(376.0,376.0)
(447.0,376.0)
(376.0,376.0)
(376.0,376.0)
(753.0,376.0)
(376.0,376.0)
(376.0,376.0)
(480.0,376.0)
(362.0,376.0)
(376.0,376.0)
(363.0,376.0)
(362.0,376.0)
(376.0,376.0)
(362.0,376.0)
(753.0,376.0)
(481.0,376.0)
(376.0,376.0)
(376.0,376.0)
(455.0,376.0)
(376.0,376.0)
(413.0,376.0)
(376.0,376.0)
(376.0,376.0)
(753.0,376.0)
(362.0,376.0)
(753.0,376.0)
(753.0,376.0)
(753.0,376.0)
(374.0,376.0)
(376.0,376.0)
(362.0,376.0)
(753.0,376.0)
(362.0,376.0)
(376.0,376.0)
(376.0,376.0)
(753.0,376.0)
(743.0,376.0)
(376.0,376.0)
(376.0,376.0)
(481.0,376.0)
(376.0,376.0)
(376.0,376.0)
(376.0,376.0)
(376.0,376.0)
(753.0,376.0)
(376.0,376.0)
(374.0,376.0)
(376.0,376.0)
(362.0,376.0)
(376.0,376.0)
(376.0,376.0)
(753.0,376.0)
(376.0,376.0)
(376.0,376.0)
(376.0,376.0)
(455.0,376.0)
(374.0,376.0)
(362.0,376.0)
(376.0,376.0)
(362.0,376.0)
(376.0,376.0)
(376.0,376.0)
(374.0,376.0)
(362.0,376.0)
(376.0,376.0)
(376.0,376.0)
(376.0,376.0)
(376.0,376.0)
(753.0,376.0)
(753.0,376.0)
(376.0,376.0)
(374.0,376.0)
(362.0,376.0)
(362.0,376.0)
(376.0,376.0)
(376.0,376.0)
(753.0,376.0)
(481.0,376.0)
(376.0,376.0)
(376.0,376.0)
(362.0,376.0)
(376.0,376.0)
(376.0,376.0)
(376.0,376.0)
(376.0,376.0)
(376.0,376.0)
(376.0,376.0)
(743.0,376.0)
(455.0,376.0)
(753.0,376.0)
(376.0,376.0)
(755.0,376.0)
(376.0,376.0)
(376.0,376.0)
(374.0,376.0)
(374.0,376.0)
(376.0,376.0)
(376.0,376.0)
(376.0,376.0)
(376.0,376.0)
(376.0,376.0)
(753.0,376.0)
(755.0,376.0)
(376.0,376.0)
(376.0,376.0)
(374.0,376.0)
(455.0,376.0)
(755.0,376.0)
(376.0,376.0)
(755.0,376.0)
(376.0,376.0)
(374.0,376.0)
(755.0,376.0)
(376.0,376.0)
(362.0,376.0)
(376.0,376.0)
(362.0,376.0)
(374.0,376.0)
(362.0,376.0)
(753.0,376.0)
(376.0,376.0)
(376.0,376.0)
(374.0,376.0)
(362.0,376.0)
(362.0,376.0)
(481.0,376.0)
(376.0,376.0)
(753.0,376.0)
(376.0,376.0)
(376.0,376.0)
(376.0,376.0)
(376.0,376.0)
(362.0,376.0)
(362.0,376.0)
(362.0,376.0)
(753.0,376.0)
(455.0,376.0)
(455.0,376.0)
(753.0,376.0)
(753.0,376.0)
(376.0,376.0)
(376.0,376.0)
(481.0,376.0)
(376.0,376.0)
(413.0,376.0)
(362.0,376.0)
(374.0,376.0)
(740.0,376.0)
(376.0,376.0)
(447.0,376.0)
(455.0,376.0)
(376.0,376.0)
(376.0,376.0)
(417.0,376.0)
(376.0,376.0)
(376.0,376.0)
(447.0,376.0)
(376.0,376.0)
(362.0,376.0)
(473.0,376.0)
(376.0,376.0)
(413.0,376.0)
(413.0,376.0)
(376.0,376.0)
(376.0,376.0)
(413.0,376.0)
(362.0,376.0)
(455.0,376.0)
(376.0,376.0)
(362.0,376.0)
(481.0,376.0)
(362.0,376.0)
(751.0,376.0)
(755.0,376.0)
(435.0,376.0)
(455.0,376.0)
(376.0,376.0)
(376.0,376.0)
(753.0,376.0)
(376.0,376.0)
(481.0,376.0)
(376.0,376.0)
(362.0,376.0)
(362.0,376.0)
(376.0,376.0)
(376.0,376.0)
(374.0,376.0)
(362.0,376.0)
(362.0,376.0)
(376.0,376.0)
(376.0,376.0)
(376.0,376.0)
(362.0,376.0)
(362.0,376.0)
(755.0,376.0)
(376.0,376.0)
(362.0,376.0)
(753.0,376.0)
(376.0,376.0)
(376.0,376.0)
(362.0,376.0)
(376.0,376.0)
(362.0,376.0)
(753.0,376.0)
(376.0,376.0)
(746.0,376.0)
(362.0,376.0)
(376.0,376.0)
(362.0,376.0)
(753.0,376.0)
(753.0,376.0)
(362.0,376.0)
(455.0,376.0)
(376.0,376.0)
(374.0,376.0)
(447.0,376.0)
(362.0,376.0)
(376.0,376.0)
(376.0,376.0)
(376.0,376.0)
(755.0,376.0)
(376.0,376.0)
(413.0,376.0)
(753.0,376.0)
(753.0,376.0)
(753.0,376.0)
(376.0,376.0)
(362.0,376.0)
(376.0,376.0)
(481.0,376.0)
(740.0,376.0)
(1.0,376.0)
(376.0,376.0)
(753.0,376.0)
(362.0,376.0)
(362.0,376.0)
(753.0,376.0)
(376.0,376.0)
(753.0,376.0)
(376.0,376.0)
(376.0,376.0)
(753.0,376.0)
(362.0,376.0)
(753.0,376.0)
(374.0,376.0)
(362.0,376.0)
(376.0,376.0)
(374.0,376.0)
(362.0,376.0)
(376.0,376.0)
(362.0,376.0)
(362.0,376.0)
(377.0,376.0)
(374.0,376.0)
(755.0,376.0)
(447.0,376.0)
(376.0,376.0)
(376.0,376.0)
(753.0,376.0)
(376.0,376.0)
(376.0,376.0)
(753.0,376.0)
(753.0,376.0)
(362.0,376.0)
(376.0,376.0)
(447.0,376.0)
(376.0,376.0)
(753.0,376.0)
(376.0,376.0)
(376.0,376.0)
(362.0,376.0)
(376.0,376.0)
(362.0,376.0)
(753.0,376.0)
(376.0,376.0)
(376.0,376.0)
(376.0,376.0)
(376.0,376.0)
(455.0,376.0)
(362.0,376.0)
(455.0,376.0)
(374.0,376.0)
(362.0,376.0)
(374.0,376.0)
(362.0,376.0)
(753.0,376.0)
(374.0,376.0)
(376.0,376.0)
(447.0,376.0)
(376.0,376.0)
(362.0,376.0)
(376.0,376.0)
(755.0,376.0)
(362.0,376.0)
(376.0,376.0)
(376.0,376.0)
(753.0,376.0)
(362.0,376.0)
(376.0,376.0)
(362.0,376.0)
(362.0,376.0)
(376.0,376.0)
(374.0,376.0)
(755.0,376.0)
(376.0,376.0)
(376.0,376.0)
(753.0,376.0)
(480.0,376.0)
(376.0,376.0)
(377.0,376.0)
(376.0,376.0)
(753.0,376.0)
(362.0,376.0)
(362.0,376.0)
(753.0,376.0)
(376.0,376.0)
(374.0,376.0)
(753.0,376.0)
(376.0,376.0)
(376.0,376.0)
(362.0,376.0)
(376.0,376.0)
(376.0,376.0)
(753.0,376.0)
(753.0,376.0)
(376.0,376.0)
(417.0,376.0)
(455.0,376.0)
(376.0,376.0)
(376.0,376.0)
(376.0,376.0)
(376.0,376.0)
(376.0,376.0)
(362.0,376.0)
(376.0,376.0)
(753.0,376.0)
(753.0,376.0)
(447.0,376.0)
(362.0,376.0)
(376.0,376.0)
(362.0,376.0)
(455.0,376.0)
(376.0,376.0)
(376.0,376.0)
(362.0,376.0)
(362.0,376.0)
(413.0,376.0)
(376.0,376.0)
(376.0,376.0)
(362.0,376.0)
(362.0,376.0)
(376.0,376.0)
(753.0,376.0)
(753.0,376.0)
(755.0,376.0)
(376.0,376.0)
(377.0,376.0)
(376.0,376.0)
(753.0,376.0)
(413.0,376.0)
(376.0,376.0)
(376.0,376.0)
(743.0,376.0)
(376.0,376.0)
(376.0,376.0)
(376.0,376.0)
(455.0,376.0)
(362.0,376.0)
(376.0,376.0)
(362.0,376.0)
(376.0,376.0)
(374.0,376.0)
(362.0,376.0)
(753.0,376.0)
(376.0,376.0)
(362.0,376.0)
(362.0,376.0)
(753.0,376.0)
(362.0,376.0)
(376.0,376.0)
(376.0,376.0)
(376.0,376.0)
(376.0,376.0)
(376.0,376.0)
(455.0,376.0)
(755.0,376.0)
(376.0,376.0)
(376.0,376.0)
(376.0,376.0)
(362.0,376.0)
(376.0,376.0)
(376.0,376.0)
(755.0,376.0)
(376.0,376.0)
(743.0,376.0)
(376.0,376.0)
(753.0,376.0)
(455.0,376.0)
(376.0,376.0)
(753.0,376.0)
(753.0,376.0)
(447.0,376.0)
(376.0,376.0)
(417.0,376.0)
(362.0,376.0)
(376.0,376.0)
(374.0,376.0)
(753.0,376.0)
(376.0,376.0)
(413.0,376.0)
(376.0,376.0)
(376.0,376.0)
(376.0,376.0)
(376.0,376.0)
(753.0,376.0)
(753.0,376.0)
(376.0,376.0)
(376.0,376.0)
(377.0,376.0)
(376.0,376.0)
(740.0,376.0)
(376.0,376.0)
(362.0,376.0)
(376.0,376.0)
(755.0,376.0)
(376.0,376.0)
(376.0,376.0)
(362.0,376.0)
(753.0,376.0)
(362.0,376.0)
(376.0,376.0)
(753.0,376.0)
(413.0,376.0)
(376.0,376.0)
(481.0,376.0)
(755.0,376.0)
(376.0,376.0)
(362.0,376.0)
(447.0,376.0)
(753.0,376.0)
(376.0,376.0)
(755.0,376.0)
(480.0,376.0)
(376.0,376.0)
(374.0,376.0)
(362.0,376.0)
(376.0,376.0)
(376.0,376.0)
(753.0,376.0)
(455.0,376.0)
(362.0,376.0)
(362.0,376.0)
(755.0,376.0)
(417.0,376.0)
(376.0,376.0)
(376.0,376.0)
(376.0,376.0)
(376.0,376.0)
(755.0,376.0)
(376.0,376.0)
(362.0,376.0)
(753.0,376.0)
(447.0,376.0)
(377.0,376.0)
(376.0,376.0)
(376.0,376.0)
(376.0,376.0)
(376.0,376.0)
(374.0,376.0)
(362.0,376.0)
(376.0,376.0)
(374.0,376.0)
(753.0,376.0)
(376.0,376.0)
(362.0,376.0)
(362.0,376.0)
(376.0,376.0)
(362.0,376.0)
(376.0,376.0)
(376.0,376.0)
(362.0,376.0)
(376.0,376.0)
(447.0,376.0)
(362.0,376.0)
(376.0,376.0)
(435.0,376.0)
(435.0,376.0)
(376.0,376.0)
(455.0,377.0)
(455.0,377.0)
(413.0,377.0)
(413.0,377.0)
(482.0,377.0)
(455.0,377.0)
(472.0,377.0)
(455.0,377.0)
(413.0,377.0)
(417.0,377.0)
(376.0,377.0)
(455.0,377.0)
(413.0,377.0)
(376.0,377.0)
(377.0,377.0)
(455.0,377.0)
(471.0,377.0)
(455.0,377.0)
(454.0,377.0)
(447.0,377.0)
(413.0,377.0)
(377.0,377.0)
(396.0,377.0)
(381.0,377.0)
(455.0,377.0)
(455.0,377.0)
(472.0,377.0)
(377.0,377.0)
(417.0,377.0)
(472.0,377.0)
(401.0,377.0)
(483.0,377.0)
(755.0,377.0)
(471.0,377.0)
(447.0,377.0)
(481.0,377.0)
(471.0,377.0)
(472.0,377.0)
(417.0,377.0)
(455.0,377.0)
(376.0,377.0)
(376.0,377.0)
(455.0,377.0)
(376.0,377.0)
(479.0,377.0)
(479.0,377.0)
(368.0,377.0)
(472.0,377.0)
(455.0,377.0)
(421.0,377.0)
(376.0,377.0)
(396.0,377.0)
(377.0,377.0)
(471.0,377.0)
(413.0,377.0)
(483.0,377.0)
(447.0,377.0)
(377.0,377.0)
(483.0,377.0)
(396.0,377.0)
(455.0,377.0)
(455.0,377.0)
(376.0,377.0)
(417.0,377.0)
(413.0,377.0)
(483.0,377.0)
(455.0,377.0)
(413.0,377.0)
(455.0,377.0)
(413.0,377.0)
(376.0,377.0)
(435.0,377.0)
(455.0,377.0)
(472.0,377.0)
(435.0,377.0)
(413.0,377.0)
(376.0,377.0)
(455.0,377.0)
(376.0,377.0)
(455.0,377.0)
(413.0,377.0)
(376.0,377.0)
(472.0,377.0)
(455.0,377.0)
(377.0,377.0)
(431.0,377.0)
(376.0,377.0)
(472.0,377.0)
(376.0,377.0)
(740.0,377.0)
(417.0,377.0)
(455.0,377.0)
(472.0,377.0)
(376.0,377.0)
(376.0,377.0)
(376.0,377.0)
(396.0,377.0)
(413.0,377.0)
(483.0,377.0)
(413.0,377.0)
(376.0,377.0)
(481.0,377.0)
(455.0,377.0)
(471.0,377.0)
(472.0,377.0)
(413.0,377.0)
(376.0,377.0)
(413.0,377.0)
(482.0,377.0)
(376.0,377.0)
(376.0,377.0)
(421.0,377.0)
(472.0,377.0)
(376.0,377.0)
(413.0,377.0)
(804.0,377.0)
(413.0,377.0)
(455.0,377.0)
(413.0,377.0)
(455.0,377.0)
(395.0,377.0)
(413.0,377.0)
(455.0,377.0)
(376.0,377.0)
(455.0,377.0)
(471.0,377.0)
(413.0,377.0)
(472.0,377.0)
(447.0,377.0)
(413.0,377.0)
(376.0,377.0)
(376.0,377.0)
(417.0,377.0)
(417.0,377.0)
(413.0,377.0)
(455.0,377.0)
(472.0,377.0)
(455.0,377.0)
(483.0,377.0)
(455.0,377.0)
(376.0,377.0)
(376.0,377.0)
(413.0,377.0)
(455.0,377.0)
(377.0,377.0)
(413.0,377.0)
(455.0,377.0)
(376.0,377.0)
(479.0,377.0)
(479.0,377.0)
(413.0,377.0)
(455.0,377.0)
(472.0,377.0)
(376.0,377.0)
(455.0,377.0)
(366.0,377.0)
(755.0,377.0)
(455.0,377.0)
(376.0,377.0)
(376.0,377.0)
(472.0,377.0)
(472.0,377.0)
(455.0,377.0)
(481.0,377.0)
(472.0,377.0)
(376.0,377.0)
(481.0,377.0)
(376.0,377.0)
(376.0,377.0)
(413.0,377.0)
(413.0,377.0)
(417.0,377.0)
(472.0,377.0)
(455.0,377.0)
(376.0,377.0)
(366.0,377.0)
(753.0,377.0)
(483.0,377.0)
(417.0,377.0)
(377.0,377.0)
(471.0,377.0)
(472.0,377.0)
(413.0,377.0)
(479.0,377.0)
(455.0,377.0)
(455.0,377.0)
(413.0,377.0)
(376.0,377.0)
(471.0,377.0)
(455.0,377.0)
(472.0,377.0)
(417.0,377.0)
(421.0,377.0)
(376.0,377.0)
(447.0,377.0)
(454.0,377.0)
(479.0,377.0)
(381.0,377.0)
(376.0,377.0)
(481.0,377.0)
(481.0,377.0)
(376.0,377.0)
(421.0,377.0)
(376.0,377.0)
(376.0,377.0)
(377.0,377.0)
(481.0,377.0)
(481.0,377.0)
(376.0,377.0)
(455.0,377.0)
(376.0,377.0)
(481.0,377.0)
(481.0,377.0)
(481.0,377.0)
(455.0,377.0)
(376.0,377.0)
(747.0,377.0)
(376.0,377.0)
(481.0,377.0)
(376.0,377.0)
(481.0,377.0)
(481.0,377.0)
(376.0,377.0)
(447.0,377.0)
(381.0,377.0)
(455.0,377.0)
(455.0,377.0)
(376.0,377.0)
(481.0,377.0)
(396.0,377.0)
(481.0,377.0)
(421.0,377.0)
(481.0,377.0)
(395.0,377.0)
(481.0,377.0)
(395.0,377.0)
(481.0,377.0)
(417.0,377.0)
(481.0,377.0)
(395.0,377.0)
(381.0,377.0)
(481.0,377.0)
(426.0,377.0)
(395.0,377.0)
(376.0,377.0)
(481.0,377.0)
(381.0,377.0)
(481.0,377.0)
(753.0,377.0)
(481.0,377.0)
(71.0,377.0)
(376.0,377.0)
(481.0,377.0)
(435.0,377.0)
(481.0,377.0)
(376.0,377.0)
(401.0,377.0)
(376.0,377.0)
(376.0,377.0)
(377.0,377.0)
(376.0,377.0)
(753.0,377.0)
(481.0,377.0)
(421.0,377.0)
(481.0,377.0)
(37.0,377.0)
(481.0,377.0)
(481.0,377.0)
(376.0,377.0)
(405.0,377.0)
(753.0,377.0)
(395.0,377.0)
(481.0,377.0)
(481.0,377.0)
(481.0,377.0)
(481.0,377.0)
(481.0,377.0)
(753.0,377.0)
(395.0,377.0)
(481.0,377.0)
(376.0,377.0)
(376.0,377.0)
(481.0,377.0)
(376.0,377.0)
(376.0,377.0)
(421.0,377.0)
(421.0,377.0)
(481.0,377.0)
(481.0,377.0)
(376.0,377.0)
(417.0,377.0)
(376.0,377.0)
(376.0,377.0)
(376.0,377.0)
(481.0,377.0)
(481.0,377.0)
(413.0,377.0)
(481.0,377.0)
(519.0,377.0)
(481.0,377.0)
(381.0,377.0)
(743.0,377.0)
(481.0,377.0)
(413.0,377.0)
(412.0,377.0)
(481.0,377.0)
(447.0,377.0)
(376.0,377.0)
(376.0,377.0)
(481.0,377.0)
(481.0,377.0)
(481.0,377.0)
(376.0,377.0)
(481.0,377.0)
(395.0,377.0)
(376.0,377.0)
(376.0,377.0)
(363.0,377.0)
(426.0,377.0)
(481.0,377.0)
(381.0,377.0)
(481.0,377.0)
(481.0,377.0)
(421.0,377.0)
(481.0,377.0)
(376.0,377.0)
(455.0,377.0)
(481.0,377.0)
(481.0,377.0)
(376.0,377.0)
(481.0,377.0)
(481.0,377.0)
(481.0,377.0)
(376.0,377.0)
(480.0,377.0)
(753.0,377.0)
(472.0,377.0)
(381.0,377.0)
(417.0,377.0)
(376.0,377.0)
(481.0,377.0)
(376.0,377.0)
(376.0,377.0)
