(196.0,198.0)
(196.0,198.0)
(204.0,198.0)
(196.0,198.0)
(204.0,198.0)
(204.0,198.0)
(204.0,198.0)
(196.0,198.0)
(196.0,198.0)
(204.0,198.0)
(196.0,198.0)
(204.0,198.0)
(196.0,198.0)
(204.0,198.0)
(196.0,198.0)
(204.0,198.0)
(204.0,198.0)
(204.0,198.0)
(196.0,198.0)
(196.0,198.0)
(204.0,198.0)
(196.0,198.0)
(196.0,198.0)
(204.0,198.0)
(196.0,198.0)
(196.0,198.0)
(204.0,198.0)
(196.0,198.0)
(204.0,198.0)
(204.0,198.0)
(196.0,198.0)
(204.0,198.0)
(196.0,198.0)
(204.0,198.0)
(204.0,198.0)
(196.0,198.0)
(204.0,198.0)
(204.0,198.0)
(204.0,198.0)
(204.0,198.0)
(196.0,198.0)
(196.0,198.0)
(196.0,198.0)
(204.0,198.0)
(196.0,198.0)
(196.0,201.0)
(713.0,201.0)
(196.0,201.0)
(624.0,201.0)
(196.0,201.0)
(624.0,201.0)
(624.0,201.0)
(713.0,201.0)
(624.0,201.0)
(624.0,201.0)
(196.0,201.0)
(196.0,201.0)
(624.0,201.0)
(624.0,201.0)
(196.0,201.0)
(196.0,201.0)
(713.0,201.0)
(624.0,201.0)
(713.0,201.0)
(196.0,201.0)
(196.0,201.0)
(196.0,201.0)
(624.0,201.0)
(196.0,201.0)
(713.0,201.0)
(196.0,201.0)
(196.0,201.0)
(196.0,201.0)
(196.0,201.0)
(713.0,201.0)
(196.0,201.0)
(196.0,201.0)
(713.0,201.0)
(624.0,201.0)
(196.0,201.0)
(196.0,201.0)
(196.0,201.0)
(713.0,201.0)
(196.0,201.0)
(713.0,201.0)
(196.0,201.0)
(713.0,201.0)
(196.0,201.0)
(713.0,201.0)
(679.0,201.0)
(713.0,201.0)
(196.0,201.0)
(624.0,201.0)
(624.0,201.0)
(196.0,201.0)
(196.0,201.0)
(624.0,201.0)
(200.0,201.0)
(624.0,201.0)
(624.0,201.0)
(713.0,201.0)
(624.0,201.0)
(196.0,201.0)
(624.0,201.0)
(624.0,201.0)
(196.0,201.0)
(196.0,201.0)
(196.0,201.0)
(196.0,201.0)
(713.0,201.0)
(196.0,201.0)
(196.0,201.0)
(196.0,201.0)
(196.0,201.0)
(196.0,201.0)
(196.0,201.0)
(624.0,201.0)
(196.0,201.0)
(196.0,201.0)
(713.0,201.0)
(624.0,201.0)
(624.0,201.0)
(196.0,201.0)
(624.0,201.0)
(624.0,201.0)
(196.0,201.0)
(196.0,201.0)
(196.0,201.0)
(713.0,201.0)
(624.0,201.0)
(196.0,201.0)
(196.0,201.0)
(196.0,201.0)
(196.0,201.0)
(196.0,201.0)
(196.0,201.0)
(196.0,201.0)
(196.0,201.0)
(196.0,201.0)
(624.0,201.0)
(624.0,201.0)
(196.0,201.0)
(713.0,201.0)
(196.0,201.0)
(196.0,201.0)
(624.0,201.0)
(624.0,201.0)
(196.0,201.0)
(713.0,201.0)
(196.0,201.0)
(196.0,201.0)
(624.0,201.0)
(196.0,201.0)
(196.0,201.0)
(624.0,201.0)
(196.0,201.0)
(196.0,201.0)
(196.0,201.0)
(713.0,201.0)
(196.0,201.0)
(196.0,201.0)
(196.0,201.0)
(645.0,201.0)
(196.0,201.0)
(196.0,201.0)
(624.0,201.0)
(196.0,201.0)
(196.0,201.0)
(624.0,201.0)
(196.0,201.0)
(196.0,201.0)
(624.0,201.0)
(196.0,201.0)
(196.0,201.0)
(196.0,201.0)
(624.0,201.0)
(624.0,201.0)
(196.0,201.0)
(624.0,201.0)
(196.0,201.0)
(624.0,201.0)
(196.0,201.0)
(713.0,201.0)
(624.0,201.0)
(196.0,201.0)
(713.0,201.0)
(196.0,201.0)
(713.0,201.0)
(624.0,201.0)
(196.0,201.0)
(196.0,201.0)
(196.0,201.0)
(196.0,201.0)
(196.0,201.0)
(196.0,201.0)
(200.0,201.0)
(624.0,201.0)
(196.0,201.0)
(645.0,201.0)
(196.0,201.0)
(624.0,201.0)
(200.0,201.0)
(713.0,201.0)
(624.0,201.0)
(624.0,201.0)
(196.0,201.0)
(196.0,201.0)
(624.0,201.0)
(624.0,201.0)
(624.0,201.0)
(196.0,201.0)
(196.0,201.0)
(196.0,201.0)
(196.0,201.0)
(196.0,201.0)
(196.0,201.0)
(196.0,201.0)
(624.0,201.0)
(624.0,201.0)
(196.0,201.0)
(713.0,201.0)
(713.0,201.0)
(196.0,201.0)
(713.0,201.0)
(196.0,201.0)
(196.0,201.0)
(196.0,201.0)
(278.0,201.0)
(196.0,201.0)
(713.0,201.0)
(278.0,201.0)
(196.0,201.0)
(196.0,201.0)
(278.0,201.0)
(278.0,201.0)
(280.0,201.0)
(196.0,201.0)
(280.0,201.0)
(280.0,201.0)
(196.0,201.0)
(196.0,201.0)
(196.0,201.0)
(196.0,201.0)
(278.0,201.0)
(196.0,201.0)
(278.0,201.0)
(196.0,201.0)
(278.0,201.0)
(280.0,201.0)
(196.0,201.0)
(278.0,201.0)
(196.0,201.0)
(196.0,201.0)
(196.0,201.0)
(713.0,201.0)
(196.0,201.0)
(278.0,201.0)
(196.0,201.0)
(196.0,201.0)
(196.0,201.0)
(280.0,201.0)
(196.0,201.0)
(713.0,201.0)
(278.0,201.0)
(713.0,201.0)
(196.0,201.0)
(280.0,201.0)
(278.0,201.0)
(196.0,201.0)
(196.0,201.0)
(280.0,201.0)
(196.0,201.0)
(713.0,201.0)
(196.0,201.0)
(278.0,201.0)
(196.0,201.0)
(196.0,201.0)
(196.0,201.0)
(196.0,201.0)
(196.0,201.0)
(280.0,201.0)
(280.0,201.0)
(196.0,201.0)
(196.0,201.0)
(196.0,201.0)
(278.0,201.0)
(196.0,201.0)
(280.0,201.0)
(196.0,201.0)
(196.0,201.0)
(196.0,201.0)
(196.0,201.0)
(278.0,201.0)
(713.0,201.0)
(280.0,201.0)
(278.0,201.0)
(196.0,201.0)
(196.0,201.0)
(196.0,201.0)
(196.0,201.0)
(196.0,201.0)
(278.0,201.0)
(196.0,201.0)
(196.0,201.0)
(196.0,201.0)
(278.0,201.0)
(278.0,201.0)
(196.0,201.0)
(278.0,201.0)
(280.0,201.0)
(196.0,201.0)
(196.0,201.0)
(200.0,200.0)
(196.0,200.0)
(196.0,200.0)
(200.0,200.0)
(200.0,200.0)
(200.0,200.0)
(200.0,200.0)
(196.0,200.0)
(196.0,200.0)
(264.0,200.0)
(200.0,200.0)
(234.0,200.0)
(196.0,200.0)
(200.0,200.0)
(234.0,200.0)
(280.0,200.0)
(200.0,200.0)
(200.0,200.0)
(200.0,200.0)
(200.0,200.0)
(200.0,200.0)
(200.0,200.0)
(200.0,200.0)
(200.0,200.0)
(200.0,200.0)
(200.0,200.0)
(264.0,200.0)
(200.0,200.0)
(200.0,200.0)
(264.0,200.0)
(200.0,200.0)
(264.0,200.0)
(200.0,200.0)
(200.0,200.0)
(234.0,200.0)
(200.0,200.0)
(196.0,200.0)
(196.0,200.0)
(200.0,200.0)
(200.0,200.0)
(200.0,200.0)
(264.0,200.0)
(200.0,200.0)
(200.0,200.0)
(200.0,200.0)
(200.0,200.0)
(196.0,200.0)
(234.0,200.0)
(200.0,200.0)
(200.0,200.0)
(200.0,200.0)
(200.0,200.0)
(200.0,200.0)
(200.0,200.0)
(200.0,200.0)
(196.0,200.0)
(196.0,200.0)
(200.0,200.0)
(264.0,200.0)
(196.0,200.0)
(200.0,200.0)
(200.0,200.0)
(200.0,200.0)
(200.0,200.0)
(200.0,200.0)
(196.0,200.0)
(196.0,200.0)
(196.0,200.0)
(196.0,200.0)
(200.0,200.0)
(264.0,200.0)
(200.0,200.0)
(200.0,200.0)
(200.0,200.0)
(264.0,200.0)
(196.0,200.0)
(200.0,200.0)
(280.0,200.0)
(200.0,200.0)
(196.0,200.0)
(200.0,200.0)
(264.0,200.0)
(200.0,200.0)
(200.0,200.0)
(200.0,200.0)
(196.0,200.0)
(200.0,200.0)
(200.0,200.0)
(200.0,200.0)
(264.0,200.0)
(280.0,200.0)
(200.0,200.0)
(196.0,200.0)
(200.0,200.0)
(196.0,200.0)
(234.0,200.0)
(200.0,200.0)
(196.0,200.0)
(200.0,200.0)
(196.0,200.0)
(200.0,200.0)
(234.0,200.0)
(196.0,200.0)
(200.0,200.0)
(234.0,200.0)
(200.0,200.0)
(200.0,200.0)
(196.0,200.0)
(196.0,200.0)
(200.0,200.0)
(200.0,200.0)
(200.0,200.0)
(264.0,200.0)
(200.0,200.0)
(264.0,200.0)
(264.0,200.0)
(200.0,200.0)
(264.0,200.0)
(200.0,200.0)
(200.0,200.0)
(645.0,200.0)
(264.0,200.0)
(264.0,200.0)
(200.0,200.0)
(200.0,200.0)
(264.0,200.0)
(264.0,200.0)
(264.0,200.0)
(200.0,200.0)
(280.0,200.0)
(645.0,200.0)
(264.0,200.0)
(713.0,200.0)
(200.0,200.0)
(276.0,200.0)
(276.0,200.0)
(264.0,200.0)
(264.0,200.0)
(200.0,200.0)
(645.0,200.0)
(200.0,200.0)
(713.0,200.0)
(200.0,200.0)
(264.0,200.0)
(645.0,200.0)
(264.0,200.0)
(200.0,200.0)
(264.0,200.0)
(200.0,200.0)
(264.0,200.0)
(200.0,200.0)
(200.0,200.0)
(200.0,200.0)
(200.0,200.0)
(264.0,200.0)
(276.0,200.0)
(645.0,200.0)
(264.0,200.0)
(200.0,200.0)
(645.0,200.0)
(264.0,200.0)
(200.0,200.0)
(264.0,200.0)
(645.0,200.0)
(264.0,200.0)
(264.0,200.0)
(200.0,200.0)
(264.0,200.0)
(645.0,200.0)
(264.0,200.0)
(264.0,200.0)
(264.0,200.0)
(264.0,200.0)
(264.0,200.0)
(200.0,200.0)
(713.0,200.0)
(713.0,200.0)
(200.0,200.0)
(200.0,200.0)
(276.0,200.0)
(200.0,200.0)
(645.0,200.0)
(200.0,200.0)
(264.0,200.0)
(263.0,200.0)
(276.0,200.0)
(200.0,200.0)
(200.0,200.0)
(276.0,200.0)
(280.0,200.0)
(264.0,200.0)
(200.0,200.0)
(713.0,200.0)
(645.0,200.0)
(264.0,200.0)
(264.0,200.0)
(264.0,200.0)
(264.0,200.0)
(264.0,200.0)
(264.0,200.0)
(263.0,200.0)
(200.0,200.0)
(645.0,200.0)
(645.0,200.0)
(264.0,200.0)
(200.0,200.0)
(200.0,200.0)
(200.0,200.0)
(264.0,200.0)
(200.0,200.0)
(200.0,200.0)
(264.0,200.0)
(263.0,200.0)
(276.0,200.0)
(264.0,200.0)
(264.0,200.0)
(200.0,200.0)
(264.0,200.0)
(264.0,200.0)
(200.0,200.0)
(713.0,200.0)
(200.0,200.0)
(200.0,200.0)
(645.0,200.0)
(200.0,200.0)
(200.0,200.0)
(264.0,200.0)
(200.0,200.0)
(264.0,200.0)
(264.0,200.0)
(264.0,200.0)
(264.0,200.0)
(264.0,200.0)
(264.0,200.0)
(200.0,200.0)
(264.0,200.0)
(200.0,200.0)
(200.0,200.0)
(200.0,200.0)
(264.0,200.0)
(645.0,200.0)
(263.0,200.0)
(200.0,200.0)
(264.0,200.0)
(264.0,200.0)
(200.0,200.0)
(264.0,200.0)
(200.0,200.0)
(276.0,200.0)
(713.0,200.0)
(200.0,200.0)
(713.0,200.0)
(200.0,200.0)
(645.0,200.0)
(200.0,200.0)
(200.0,200.0)
(276.0,200.0)
(264.0,200.0)
(276.0,200.0)
(264.0,200.0)
(645.0,200.0)
(264.0,200.0)
(645.0,200.0)
(645.0,200.0)
(264.0,200.0)
(200.0,200.0)
(264.0,200.0)
(713.0,200.0)
(645.0,200.0)
(264.0,200.0)
(200.0,200.0)
(276.0,200.0)
(276.0,200.0)
(200.0,200.0)
(264.0,200.0)
(200.0,200.0)
(645.0,200.0)
(264.0,200.0)
(200.0,200.0)
(645.0,200.0)
(264.0,200.0)
(264.0,200.0)
(264.0,200.0)
(200.0,200.0)
(645.0,200.0)
(264.0,200.0)
(264.0,200.0)
(276.0,200.0)
(200.0,200.0)
(713.0,200.0)
(264.0,200.0)
(264.0,200.0)
(200.0,200.0)
(264.0,200.0)
(264.0,200.0)
(645.0,200.0)
(645.0,200.0)
(200.0,200.0)
(200.0,200.0)
(264.0,200.0)
(264.0,200.0)
(200.0,200.0)
(645.0,200.0)
(200.0,200.0)
(645.0,200.0)
(645.0,200.0)
(264.0,200.0)
(276.0,200.0)
(264.0,200.0)
(264.0,200.0)
(263.0,200.0)
(200.0,200.0)
(196.0,199.0)
(234.0,199.0)
(234.0,199.0)
(240.0,199.0)
(204.0,199.0)
(234.0,199.0)
(234.0,199.0)
(234.0,199.0)
(240.0,199.0)
(255.0,199.0)
(234.0,199.0)
(234.0,199.0)
(234.0,199.0)
(234.0,199.0)
(234.0,199.0)
(234.0,199.0)
(196.0,199.0)
(240.0,199.0)
(234.0,199.0)
(240.0,199.0)
(234.0,199.0)
(196.0,199.0)
(234.0,199.0)
(234.0,199.0)
(234.0,199.0)
(255.0,199.0)
(196.0,199.0)
(234.0,199.0)
(255.0,199.0)
(240.0,199.0)
(196.0,199.0)
(240.0,199.0)
(234.0,199.0)
(234.0,199.0)
(240.0,199.0)
(234.0,199.0)
(240.0,199.0)
(196.0,199.0)
(234.0,199.0)
(234.0,199.0)
(234.0,199.0)
(234.0,199.0)
(196.0,199.0)
(234.0,199.0)
(234.0,199.0)
(234.0,199.0)
(234.0,199.0)
(234.0,199.0)
(234.0,199.0)
(240.0,199.0)
(234.0,199.0)
(196.0,199.0)
(240.0,199.0)
(240.0,199.0)
(196.0,199.0)
(234.0,199.0)
(234.0,199.0)
(255.0,199.0)
(196.0,199.0)
(234.0,199.0)
(204.0,199.0)
(196.0,199.0)
(234.0,199.0)
(234.0,199.0)
(196.0,199.0)
(240.0,199.0)
(255.0,199.0)
(234.0,199.0)
(240.0,199.0)
(234.0,199.0)
(240.0,199.0)
(234.0,199.0)
(234.0,199.0)
(196.0,199.0)
(196.0,199.0)
(196.0,199.0)
(234.0,199.0)
(240.0,199.0)
(196.0,199.0)
(234.0,199.0)
(234.0,199.0)
(234.0,199.0)
(234.0,199.0)
(240.0,199.0)
(234.0,199.0)
(234.0,199.0)
(196.0,199.0)
(234.0,199.0)
(196.0,199.0)
(196.0,199.0)
(234.0,199.0)
(299.0,199.0)
(234.0,199.0)
(234.0,199.0)
(196.0,199.0)
(299.0,199.0)
(240.0,199.0)
(196.0,199.0)
(234.0,199.0)
(240.0,199.0)
(234.0,199.0)
(234.0,199.0)
(234.0,199.0)
(240.0,199.0)
(234.0,199.0)
(299.0,199.0)
(234.0,199.0)
(240.0,199.0)
(234.0,199.0)
(196.0,199.0)
(255.0,199.0)
(234.0,199.0)
(234.0,199.0)
(234.0,199.0)
(234.0,199.0)
(234.0,199.0)
(240.0,199.0)
(234.0,199.0)
(234.0,199.0)
(255.0,199.0)
(196.0,199.0)
(240.0,199.0)
(234.0,199.0)
(234.0,199.0)
(240.0,199.0)
(234.0,199.0)
(234.0,199.0)
(234.0,199.0)
(255.0,199.0)
(234.0,199.0)
(234.0,199.0)
(234.0,199.0)
(196.0,199.0)
(234.0,199.0)
(234.0,199.0)
(234.0,199.0)
(240.0,199.0)
(234.0,199.0)
(234.0,199.0)
(234.0,199.0)
(196.0,199.0)
(196.0,199.0)
(234.0,199.0)
(234.0,199.0)
(240.0,199.0)
(234.0,199.0)
(255.0,199.0)
(234.0,199.0)
(234.0,199.0)
(234.0,199.0)
(196.0,199.0)
(234.0,199.0)
(234.0,199.0)
(240.0,199.0)
(240.0,199.0)
(234.0,199.0)
(234.0,199.0)
(234.0,199.0)
(196.0,199.0)
(204.0,202.0)
(204.0,202.0)
(204.0,202.0)
(204.0,202.0)
(617.0,202.0)
(204.0,202.0)
(617.0,202.0)
(204.0,202.0)
(204.0,202.0)
(617.0,202.0)
(204.0,202.0)
(204.0,202.0)
(204.0,202.0)
(204.0,202.0)
(278.0,202.0)
(204.0,202.0)
(204.0,202.0)
(278.0,202.0)
(204.0,202.0)
(204.0,202.0)
(204.0,202.0)
(204.0,202.0)
(204.0,202.0)
(204.0,202.0)
(204.0,202.0)
(617.0,202.0)
(204.0,202.0)
(204.0,202.0)
(204.0,202.0)
(204.0,202.0)
(278.0,202.0)
(204.0,202.0)
(204.0,202.0)
(278.0,202.0)
(204.0,202.0)
(204.0,202.0)
(204.0,202.0)
(617.0,202.0)
(204.0,202.0)
(204.0,202.0)
(278.0,202.0)
(204.0,202.0)
(278.0,202.0)
(204.0,202.0)
(204.0,202.0)
(204.0,202.0)
(617.0,202.0)
(204.0,202.0)
(204.0,202.0)
(617.0,202.0)
(204.0,202.0)
(204.0,202.0)
(204.0,202.0)
(204.0,202.0)
(617.0,199.0)
(607.0,199.0)
(196.0,199.0)
(597.0,199.0)
(617.0,199.0)
(607.0,199.0)
(607.0,199.0)
(196.0,199.0)
(196.0,199.0)
(617.0,199.0)
(196.0,199.0)
(607.0,199.0)
(617.0,199.0)
(617.0,199.0)
(196.0,199.0)
(607.0,199.0)
(607.0,199.0)
(607.0,199.0)
(196.0,199.0)
(196.0,199.0)
(607.0,199.0)
(607.0,199.0)
(617.0,199.0)
(196.0,199.0)
(196.0,199.0)
(607.0,199.0)
(196.0,199.0)
(617.0,199.0)
(196.0,199.0)
(617.0,199.0)
(196.0,199.0)
(617.0,199.0)
(607.0,199.0)
(617.0,199.0)
(196.0,199.0)
(607.0,199.0)
(607.0,199.0)
(617.0,199.0)
(617.0,199.0)
(607.0,199.0)
(617.0,199.0)
(196.0,199.0)
(617.0,199.0)
(607.0,199.0)
(617.0,199.0)
(196.0,199.0)
(196.0,199.0)
(607.0,199.0)
(607.0,199.0)
(607.0,199.0)
(196.0,199.0)
(196.0,199.0)
(607.0,199.0)
(607.0,199.0)
(607.0,199.0)
(607.0,199.0)
(196.0,199.0)
(607.0,199.0)
(617.0,199.0)
(597.0,199.0)
(607.0,199.0)
(617.0,199.0)
(617.0,199.0)
(196.0,199.0)
(617.0,199.0)
(607.0,199.0)
(617.0,199.0)
(196.0,199.0)
(196.0,199.0)
(196.0,199.0)
(607.0,199.0)
(607.0,199.0)
(607.0,199.0)
(617.0,199.0)
(597.0,199.0)
(617.0,199.0)
(607.0,199.0)
(607.0,199.0)
(617.0,199.0)
(617.0,199.0)
(617.0,199.0)
(196.0,199.0)
(196.0,199.0)
(617.0,199.0)
(196.0,199.0)
(617.0,199.0)
(196.0,199.0)
(617.0,199.0)
(196.0,199.0)
(196.0,199.0)
(607.0,199.0)
(617.0,199.0)
(617.0,199.0)
(607.0,199.0)
(607.0,199.0)
(196.0,199.0)
(607.0,199.0)
(607.0,199.0)
(196.0,199.0)
(196.0,199.0)
(196.0,199.0)
(196.0,199.0)
(617.0,199.0)
(607.0,199.0)
(607.0,199.0)
(617.0,199.0)
(196.0,199.0)
(196.0,199.0)
(196.0,199.0)
(607.0,199.0)
(196.0,199.0)
(607.0,199.0)
(196.0,199.0)
(617.0,199.0)
(196.0,199.0)
(196.0,199.0)
(196.0,199.0)
(617.0,199.0)
(617.0,199.0)
(617.0,199.0)
(196.0,199.0)
(607.0,199.0)
(196.0,199.0)
(617.0,199.0)
(607.0,199.0)
(196.0,199.0)
(607.0,199.0)
(607.0,199.0)
(617.0,199.0)
(196.0,199.0)
(607.0,199.0)
(196.0,199.0)
(196.0,199.0)
(617.0,199.0)
(196.0,199.0)
(607.0,199.0)
(607.0,199.0)
(196.0,199.0)
(607.0,199.0)
(196.0,199.0)
(607.0,199.0)
(196.0,199.0)
(607.0,199.0)
(607.0,199.0)
(617.0,199.0)
(196.0,199.0)
(196.0,199.0)
(607.0,199.0)
(607.0,199.0)
(617.0,199.0)
(196.0,199.0)
(196.0,199.0)
(617.0,199.0)
(617.0,199.0)
(617.0,199.0)
(607.0,199.0)
(607.0,199.0)
(617.0,199.0)
(607.0,199.0)
(196.0,199.0)
(607.0,199.0)
(607.0,199.0)
(617.0,199.0)
(607.0,199.0)
(607.0,199.0)
(617.0,199.0)
(617.0,199.0)
(607.0,199.0)
(607.0,199.0)
(607.0,199.0)
(617.0,199.0)
(196.0,199.0)
(617.0,199.0)
(617.0,199.0)
(196.0,199.0)
(196.0,199.0)
(203.0,203.0)
(277.0,203.0)
(713.0,203.0)
(196.0,203.0)
(203.0,203.0)
(203.0,203.0)
(277.0,203.0)
(203.0,203.0)
(186.0,203.0)
(203.0,203.0)
(203.0,203.0)
(267.0,203.0)
(186.0,203.0)
(713.0,203.0)
(277.0,203.0)
(277.0,203.0)
(277.0,203.0)
(203.0,203.0)
(203.0,203.0)
(713.0,203.0)
(203.0,203.0)
(713.0,203.0)
(203.0,203.0)
(277.0,203.0)
(713.0,203.0)
(203.0,203.0)
(713.0,203.0)
(203.0,203.0)
(203.0,203.0)
(203.0,203.0)
(186.0,203.0)
(203.0,203.0)
(203.0,203.0)
(203.0,203.0)
(203.0,203.0)
(277.0,203.0)
(186.0,203.0)
(203.0,203.0)
(277.0,203.0)
(203.0,203.0)
(713.0,203.0)
(645.0,203.0)
(203.0,203.0)
(277.0,203.0)
(713.0,203.0)
(277.0,203.0)
(186.0,203.0)
(203.0,203.0)
(645.0,203.0)
(713.0,203.0)
(186.0,203.0)
(267.0,203.0)
(277.0,203.0)
(713.0,203.0)
(267.0,203.0)
(203.0,203.0)
(277.0,203.0)
(203.0,203.0)
(203.0,203.0)
(203.0,203.0)
(203.0,203.0)
(203.0,203.0)
(713.0,203.0)
(196.0,203.0)
(203.0,203.0)
(203.0,203.0)
(713.0,203.0)
(203.0,203.0)
(645.0,203.0)
(203.0,203.0)
(186.0,203.0)
(267.0,203.0)
(203.0,203.0)
(203.0,203.0)
(203.0,203.0)
(713.0,203.0)
(203.0,203.0)
(713.0,203.0)
(203.0,203.0)
(713.0,203.0)
(277.0,203.0)
(186.0,203.0)
(203.0,203.0)
(203.0,203.0)
(203.0,203.0)
(186.0,203.0)
(203.0,203.0)
(203.0,203.0)
(277.0,203.0)
(713.0,203.0)
(203.0,203.0)
(645.0,203.0)
(203.0,203.0)
(713.0,203.0)
(713.0,203.0)
(203.0,203.0)
(277.0,203.0)
(203.0,203.0)
(203.0,203.0)
(186.0,203.0)
(203.0,203.0)
(196.0,203.0)
(196.0,203.0)
(186.0,203.0)
(713.0,203.0)
(196.0,203.0)
(203.0,203.0)
(645.0,203.0)
(203.0,203.0)
(203.0,203.0)
(203.0,203.0)
(645.0,203.0)
(713.0,203.0)
(203.0,203.0)
(203.0,203.0)
(713.0,203.0)
(267.0,203.0)
(203.0,203.0)
(277.0,203.0)
(203.0,203.0)
(277.0,203.0)
(203.0,203.0)
(713.0,203.0)
(203.0,203.0)
(203.0,203.0)
(186.0,203.0)
(713.0,203.0)
(203.0,203.0)
(713.0,203.0)
(713.0,203.0)
(277.0,203.0)
(186.0,203.0)
(203.0,203.0)
(645.0,203.0)
(277.0,203.0)
(277.0,203.0)
(186.0,203.0)
(203.0,203.0)
(203.0,203.0)
(203.0,203.0)
(713.0,203.0)
(186.0,203.0)
(203.0,203.0)
(713.0,203.0)
(196.0,203.0)
(186.0,203.0)
(186.0,203.0)
(203.0,203.0)
(277.0,203.0)
(186.0,203.0)
(186.0,203.0)
(203.0,203.0)
(713.0,203.0)
(186.0,203.0)
(186.0,203.0)
(203.0,203.0)
(279.0,203.0)
(277.0,203.0)
(277.0,203.0)
(203.0,203.0)
(203.0,203.0)
(203.0,203.0)
(186.0,203.0)
(203.0,203.0)
(277.0,203.0)
(203.0,203.0)
(277.0,203.0)
(713.0,203.0)
(277.0,203.0)
(203.0,203.0)
(713.0,203.0)
(203.0,203.0)
(713.0,203.0)
(645.0,203.0)
(204.0,204.0)
(204.0,204.0)
(204.0,204.0)
(204.0,204.0)
(204.0,204.0)
(204.0,204.0)
(204.0,204.0)
(204.0,204.0)
(204.0,204.0)
(204.0,204.0)
(617.0,204.0)
(204.0,204.0)
(204.0,204.0)
(204.0,204.0)
(204.0,204.0)
(204.0,204.0)
(204.0,204.0)
(204.0,204.0)
(204.0,204.0)
(262.0,204.0)
(204.0,204.0)
(617.0,204.0)
(204.0,204.0)
(204.0,204.0)
(204.0,204.0)
(204.0,204.0)
(617.0,204.0)
(204.0,204.0)
(617.0,204.0)
(204.0,204.0)
(204.0,204.0)
(204.0,204.0)
(617.0,204.0)
(204.0,204.0)
(204.0,204.0)
(204.0,204.0)
(204.0,204.0)
(204.0,204.0)
(204.0,204.0)
(204.0,204.0)
(204.0,204.0)
(617.0,204.0)
(204.0,204.0)
(204.0,204.0)
(204.0,204.0)
(617.0,204.0)
(204.0,204.0)
(204.0,204.0)
(204.0,204.0)
(204.0,204.0)
(617.0,204.0)
(204.0,204.0)
(204.0,204.0)
(204.0,204.0)
(204.0,204.0)
(204.0,204.0)
(204.0,204.0)
(204.0,204.0)
(204.0,204.0)
(204.0,204.0)
(204.0,204.0)
(204.0,204.0)
(204.0,204.0)
(204.0,204.0)
(204.0,204.0)
(617.0,204.0)
(204.0,204.0)
(617.0,204.0)
(204.0,204.0)
(617.0,204.0)
(204.0,204.0)
(204.0,204.0)
(204.0,204.0)
(204.0,204.0)
(617.0,204.0)
(204.0,204.0)
(204.0,204.0)
(262.0,204.0)
(204.0,204.0)
(204.0,204.0)
(617.0,204.0)
(204.0,204.0)
(204.0,204.0)
(204.0,204.0)
(204.0,204.0)
(204.0,204.0)
(204.0,204.0)
(204.0,204.0)
(204.0,204.0)
(204.0,204.0)
(204.0,204.0)
(204.0,204.0)
(204.0,204.0)
(204.0,204.0)
(204.0,204.0)
(204.0,204.0)
(204.0,204.0)
(204.0,204.0)
(204.0,204.0)
(204.0,204.0)
(204.0,204.0)
(204.0,204.0)
(204.0,204.0)
(204.0,204.0)
(617.0,204.0)
(204.0,204.0)
(204.0,204.0)
(204.0,204.0)
(204.0,204.0)
(204.0,204.0)
(204.0,204.0)
(262.0,204.0)
(204.0,204.0)
(617.0,204.0)
(204.0,204.0)
(204.0,204.0)
(204.0,204.0)
(617.0,204.0)
(204.0,204.0)
(204.0,204.0)
(204.0,204.0)
(204.0,204.0)
(204.0,204.0)
(204.0,204.0)
(204.0,204.0)
(204.0,204.0)
(617.0,204.0)
(204.0,204.0)
(204.0,204.0)
(204.0,204.0)
(617.0,204.0)
(204.0,204.0)
(204.0,204.0)
(204.0,204.0)
(617.0,204.0)
(204.0,204.0)
(617.0,204.0)
(204.0,204.0)
(204.0,204.0)
(204.0,204.0)
(204.0,204.0)
(204.0,204.0)
(617.0,204.0)
(204.0,204.0)
(204.0,204.0)
(204.0,204.0)
(204.0,204.0)
(262.0,204.0)
(204.0,204.0)
(617.0,204.0)
(204.0,204.0)
(204.0,204.0)
(617.0,204.0)
(204.0,204.0)
(204.0,204.0)
(204.0,204.0)
(204.0,204.0)
(204.0,204.0)
(204.0,204.0)
(204.0,204.0)
(262.0,204.0)
(204.0,204.0)
(204.0,204.0)
(204.0,204.0)
(204.0,204.0)
(204.0,204.0)
(204.0,204.0)
(204.0,204.0)
(204.0,204.0)
(617.0,204.0)
(204.0,204.0)
(204.0,204.0)
(204.0,204.0)
(204.0,204.0)
(204.0,204.0)
(617.0,204.0)
(204.0,204.0)
(204.0,204.0)
(617.0,204.0)
(204.0,204.0)
(204.0,204.0)
(204.0,204.0)
(204.0,204.0)
(204.0,204.0)
(204.0,204.0)
(204.0,204.0)
(204.0,204.0)
(204.0,204.0)
(204.0,204.0)
(204.0,204.0)
(204.0,204.0)
(204.0,204.0)
(204.0,204.0)
(204.0,204.0)
(204.0,204.0)
(204.0,204.0)
(204.0,204.0)
(204.0,204.0)
(204.0,204.0)
(204.0,204.0)
(332.0,204.0)
(204.0,204.0)
(204.0,204.0)
(204.0,204.0)
(204.0,204.0)
(204.0,204.0)
(204.0,204.0)
(204.0,204.0)
(204.0,204.0)
(200.0,204.0)
(204.0,204.0)
(204.0,204.0)
(204.0,204.0)
(204.0,204.0)
(204.0,204.0)
(204.0,204.0)
(204.0,204.0)
(204.0,204.0)
(204.0,204.0)
(204.0,204.0)
(204.0,204.0)
(204.0,204.0)
(204.0,204.0)
(204.0,204.0)
(204.0,204.0)
(204.0,204.0)
(204.0,204.0)
(204.0,204.0)
(204.0,204.0)
(204.0,204.0)
(204.0,204.0)
(204.0,204.0)
(204.0,204.0)
(204.0,204.0)
(204.0,204.0)
(204.0,204.0)
(204.0,204.0)
(204.0,204.0)
(204.0,204.0)
(204.0,204.0)
(204.0,204.0)
(204.0,204.0)
(204.0,204.0)
(204.0,204.0)
(204.0,204.0)
(204.0,204.0)
(204.0,204.0)
(204.0,204.0)
(204.0,204.0)
(204.0,204.0)
(204.0,204.0)
(204.0,204.0)
(204.0,204.0)
(332.0,204.0)
(204.0,204.0)
(204.0,204.0)
(204.0,204.0)
(204.0,204.0)
(204.0,204.0)
(200.0,204.0)
(204.0,204.0)
(204.0,204.0)
(204.0,204.0)
(204.0,204.0)
(204.0,204.0)
(204.0,204.0)
(204.0,204.0)
(204.0,204.0)
(204.0,204.0)
(204.0,204.0)
(204.0,204.0)
(204.0,204.0)
(204.0,204.0)
(204.0,204.0)
(204.0,204.0)
(204.0,204.0)
(204.0,204.0)
(204.0,204.0)
(204.0,204.0)
(204.0,204.0)
(204.0,204.0)
(204.0,204.0)
(204.0,204.0)
(204.0,204.0)
(204.0,204.0)
(204.0,204.0)
(200.0,204.0)
(204.0,204.0)
(204.0,204.0)
(204.0,204.0)
(204.0,204.0)
(204.0,204.0)
(204.0,204.0)
(204.0,204.0)
(204.0,204.0)
(204.0,204.0)
(204.0,204.0)
(204.0,204.0)
(204.0,204.0)
(204.0,204.0)
(204.0,204.0)
(204.0,204.0)
(204.0,204.0)
(204.0,204.0)
(204.0,204.0)
(204.0,204.0)
(204.0,204.0)
(204.0,204.0)
(204.0,204.0)
(204.0,204.0)
(204.0,204.0)
(204.0,204.0)
(204.0,204.0)
(204.0,204.0)
(204.0,204.0)
(204.0,204.0)
(204.0,204.0)
(204.0,204.0)
(204.0,204.0)
(332.0,204.0)
(204.0,204.0)
(204.0,204.0)
(204.0,204.0)
(204.0,204.0)
(204.0,204.0)
(204.0,204.0)
(204.0,204.0)
(204.0,204.0)
(204.0,204.0)
(204.0,204.0)
(332.0,204.0)
(204.0,204.0)
(204.0,204.0)
(204.0,204.0)
(204.0,204.0)
(204.0,204.0)
(204.0,204.0)
(204.0,204.0)
(204.0,204.0)
(204.0,204.0)
(204.0,204.0)
(204.0,204.0)
(204.0,204.0)
(204.0,204.0)
(204.0,204.0)
(204.0,204.0)
(204.0,204.0)
(204.0,204.0)
(204.0,204.0)
(204.0,204.0)
(204.0,204.0)
(204.0,204.0)
(664.0,204.0)
(204.0,204.0)
(204.0,204.0)
(204.0,204.0)
(204.0,204.0)
(204.0,204.0)
(204.0,204.0)
(204.0,204.0)
(204.0,204.0)
(204.0,204.0)
(204.0,204.0)
(204.0,204.0)
(664.0,204.0)
(204.0,204.0)
(204.0,204.0)
(204.0,204.0)
(204.0,204.0)
(204.0,204.0)
(204.0,204.0)
(204.0,204.0)
(664.0,204.0)
(204.0,204.0)
(204.0,204.0)
(204.0,204.0)
(204.0,204.0)
(664.0,204.0)
(664.0,204.0)
(204.0,204.0)
(204.0,204.0)
(204.0,204.0)
(204.0,204.0)
(204.0,204.0)
(204.0,204.0)
(204.0,204.0)
(204.0,204.0)
(204.0,204.0)
(204.0,204.0)
(664.0,204.0)
(204.0,204.0)
(204.0,204.0)
(204.0,204.0)
(204.0,204.0)
(204.0,204.0)
(204.0,204.0)
(664.0,204.0)
(204.0,204.0)
(204.0,204.0)
(204.0,204.0)
(204.0,204.0)
(664.0,204.0)
(204.0,204.0)
(204.0,204.0)
(204.0,204.0)
(204.0,204.0)
(204.0,204.0)
(204.0,204.0)
(204.0,204.0)
(204.0,204.0)
(204.0,204.0)
(204.0,204.0)
(204.0,204.0)
(204.0,204.0)
(664.0,204.0)
(204.0,204.0)
(204.0,204.0)
(204.0,204.0)
(204.0,204.0)
(664.0,204.0)
(204.0,204.0)
(204.0,204.0)
(204.0,204.0)
(204.0,204.0)
(204.0,204.0)
(204.0,204.0)
(204.0,204.0)
(204.0,204.0)
(204.0,204.0)
(204.0,204.0)
(204.0,204.0)
(204.0,204.0)
(204.0,204.0)
(204.0,204.0)
(204.0,204.0)
(204.0,204.0)
(204.0,204.0)
(204.0,204.0)
(204.0,204.0)
(204.0,204.0)
(204.0,204.0)
(204.0,204.0)
(204.0,204.0)
(204.0,204.0)
(204.0,204.0)
(204.0,204.0)
(204.0,204.0)
(204.0,204.0)
(204.0,204.0)
(204.0,204.0)
(204.0,204.0)
(664.0,204.0)
(204.0,204.0)
(204.0,204.0)
(204.0,204.0)
(204.0,204.0)
(204.0,204.0)
(204.0,204.0)
(204.0,204.0)
(204.0,204.0)
(204.0,204.0)
(204.0,204.0)
(204.0,204.0)
(204.0,204.0)
(204.0,204.0)
(204.0,204.0)
(204.0,204.0)
(204.0,204.0)
(204.0,204.0)
(204.0,204.0)
(664.0,204.0)
(204.0,204.0)
(204.0,204.0)
(204.0,204.0)
(204.0,204.0)
(664.0,204.0)
(204.0,204.0)
(204.0,204.0)
(204.0,204.0)
(204.0,204.0)
(204.0,204.0)
(204.0,204.0)
(204.0,204.0)
(664.0,204.0)
(204.0,204.0)
(204.0,204.0)
(204.0,204.0)
(204.0,204.0)
(664.0,204.0)
(204.0,204.0)
(204.0,204.0)
(204.0,204.0)
(664.0,204.0)
(204.0,204.0)
(204.0,204.0)
(204.0,204.0)
(204.0,204.0)
(664.0,204.0)
(204.0,204.0)
(204.0,204.0)
(204.0,204.0)
(204.0,204.0)
(204.0,204.0)
(204.0,204.0)
(664.0,204.0)
(664.0,204.0)
(204.0,204.0)
(664.0,204.0)
(204.0,204.0)
(664.0,204.0)
(204.0,204.0)
(204.0,204.0)
(204.0,204.0)
(204.0,204.0)
(204.0,204.0)
(204.0,204.0)
(204.0,204.0)
(664.0,204.0)
(204.0,204.0)
(204.0,204.0)
(204.0,204.0)
(204.0,204.0)
(204.0,204.0)
(204.0,204.0)
(204.0,204.0)
(204.0,204.0)
(664.0,204.0)
(664.0,204.0)
(204.0,204.0)
(204.0,204.0)
(204.0,204.0)
(204.0,204.0)
(664.0,204.0)
(204.0,204.0)
(204.0,204.0)
(204.0,204.0)
(204.0,204.0)
(204.0,204.0)
(204.0,204.0)
(664.0,204.0)
(204.0,204.0)
(204.0,204.0)
(204.0,204.0)
(204.0,204.0)
(204.0,204.0)
(204.0,204.0)
(204.0,204.0)
(204.0,204.0)
(204.0,204.0)
(204.0,204.0)
(204.0,204.0)
(204.0,204.0)
(204.0,204.0)
(204.0,204.0)
(204.0,204.0)
(204.0,204.0)
(204.0,204.0)
(204.0,204.0)
(204.0,204.0)
(204.0,204.0)
(204.0,204.0)
(204.0,204.0)
(204.0,204.0)
(204.0,204.0)
(204.0,204.0)
(204.0,204.0)
(204.0,204.0)
(204.0,204.0)
(204.0,204.0)
(204.0,204.0)
(204.0,204.0)
(204.0,204.0)
(204.0,204.0)
(204.0,204.0)
(204.0,204.0)
(204.0,204.0)
(204.0,204.0)
(204.0,204.0)
(204.0,204.0)
(204.0,204.0)
(204.0,204.0)
(204.0,204.0)
(204.0,204.0)
(204.0,204.0)
(204.0,204.0)
(204.0,204.0)
(204.0,204.0)
(204.0,204.0)
(204.0,204.0)
(204.0,204.0)
(204.0,204.0)
(204.0,204.0)
(204.0,204.0)
(204.0,204.0)
(204.0,204.0)
(204.0,204.0)
(204.0,204.0)
(204.0,204.0)
(204.0,204.0)
(204.0,204.0)
(204.0,204.0)
(204.0,204.0)
(204.0,204.0)
(204.0,204.0)
(204.0,204.0)
(204.0,204.0)
(204.0,204.0)
(204.0,204.0)
(204.0,204.0)
(204.0,204.0)
(204.0,204.0)
(204.0,204.0)
(204.0,204.0)
(204.0,204.0)
(204.0,204.0)
(204.0,204.0)
(204.0,204.0)
(204.0,204.0)
(204.0,204.0)
(204.0,204.0)
(204.0,204.0)
(204.0,204.0)
(204.0,204.0)
(204.0,204.0)
(204.0,204.0)
(204.0,204.0)
(204.0,204.0)
(204.0,204.0)
(204.0,204.0)
(204.0,204.0)
(204.0,204.0)
(204.0,204.0)
(204.0,204.0)
(204.0,204.0)
(204.0,204.0)
(204.0,204.0)
(204.0,204.0)
(204.0,204.0)
(204.0,204.0)
(204.0,204.0)
(204.0,204.0)
(204.0,204.0)
(204.0,204.0)
(204.0,204.0)
(204.0,204.0)
(204.0,204.0)
(204.0,204.0)
(204.0,204.0)
(204.0,204.0)
(204.0,204.0)
(204.0,204.0)
(204.0,204.0)
(204.0,204.0)
(204.0,204.0)
(204.0,204.0)
(204.0,204.0)
(204.0,204.0)
(204.0,204.0)
(204.0,204.0)
(204.0,204.0)
(204.0,204.0)
(204.0,204.0)
(204.0,204.0)
(204.0,204.0)
(204.0,204.0)
(204.0,204.0)
(204.0,204.0)
(204.0,204.0)
(204.0,204.0)
(667.0,204.0)
(204.0,204.0)
(204.0,204.0)
(204.0,204.0)
(204.0,204.0)
(204.0,204.0)
(204.0,204.0)
(204.0,204.0)
(204.0,204.0)
(204.0,204.0)
(204.0,204.0)
(667.0,204.0)
(204.0,204.0)
(204.0,204.0)
(204.0,204.0)
(204.0,204.0)
(204.0,204.0)
(204.0,204.0)
(204.0,204.0)
(667.0,204.0)
(204.0,204.0)
(204.0,204.0)
(204.0,204.0)
(204.0,204.0)
(667.0,204.0)
(664.0,204.0)
(204.0,204.0)
(204.0,204.0)
(204.0,204.0)
(204.0,204.0)
(204.0,204.0)
(204.0,204.0)
(204.0,204.0)
(204.0,204.0)
(664.0,204.0)
(204.0,204.0)
(204.0,204.0)
(204.0,204.0)
(204.0,204.0)
(204.0,204.0)
(204.0,204.0)
(667.0,204.0)
(204.0,204.0)
(204.0,204.0)
(204.0,204.0)
(204.0,204.0)
(667.0,204.0)
(204.0,204.0)
(204.0,204.0)
(204.0,204.0)
(204.0,204.0)
(204.0,204.0)
(204.0,204.0)
(204.0,204.0)
(204.0,204.0)
(204.0,204.0)
(204.0,204.0)
(204.0,204.0)
(204.0,204.0)
(667.0,204.0)
(204.0,204.0)
(204.0,204.0)
(204.0,204.0)
(667.0,204.0)
(204.0,204.0)
(204.0,204.0)
(204.0,204.0)
(204.0,204.0)
(204.0,204.0)
(204.0,204.0)
(204.0,204.0)
(204.0,204.0)
(204.0,204.0)
(204.0,204.0)
(204.0,204.0)
(204.0,204.0)
(204.0,204.0)
(204.0,204.0)
(204.0,204.0)
(204.0,204.0)
(204.0,204.0)
(204.0,204.0)
(204.0,204.0)
(204.0,204.0)
(204.0,204.0)
(204.0,204.0)
(204.0,204.0)
(204.0,204.0)
(204.0,204.0)
(204.0,204.0)
(204.0,204.0)
(204.0,204.0)
(667.0,204.0)
(204.0,204.0)
(204.0,204.0)
(204.0,204.0)
(204.0,204.0)
(204.0,204.0)
(204.0,204.0)
(204.0,204.0)
(204.0,204.0)
(204.0,204.0)
(204.0,204.0)
(204.0,204.0)
(204.0,204.0)
(204.0,204.0)
(204.0,204.0)
(204.0,204.0)
(204.0,204.0)
(667.0,204.0)
(204.0,204.0)
(204.0,204.0)
(204.0,204.0)
(204.0,204.0)
(667.0,204.0)
(204.0,204.0)
(204.0,204.0)
(204.0,204.0)
(204.0,204.0)
(204.0,204.0)
(204.0,204.0)
(667.0,204.0)
(204.0,204.0)
(204.0,204.0)
(204.0,204.0)
(667.0,204.0)
(204.0,204.0)
(204.0,204.0)
(204.0,204.0)
(664.0,204.0)
(204.0,204.0)
(204.0,204.0)
(204.0,204.0)
(204.0,204.0)
(664.0,204.0)
(204.0,204.0)
(204.0,204.0)
(204.0,204.0)
(204.0,204.0)
(204.0,204.0)
(667.0,204.0)
(664.0,204.0)
(204.0,204.0)
(667.0,204.0)
(204.0,204.0)
(664.0,204.0)
(204.0,204.0)
(204.0,204.0)
(204.0,204.0)
(204.0,204.0)
(204.0,204.0)
(204.0,204.0)
(204.0,204.0)
(664.0,204.0)
(204.0,204.0)
(204.0,204.0)
(204.0,204.0)
(204.0,204.0)
(204.0,204.0)
(204.0,204.0)
(204.0,204.0)
(204.0,204.0)
(667.0,204.0)
(664.0,204.0)
(204.0,204.0)
(204.0,204.0)
(204.0,204.0)
(667.0,204.0)
(204.0,204.0)
(204.0,204.0)
(204.0,204.0)
(204.0,204.0)
(204.0,204.0)
(204.0,204.0)
(667.0,204.0)
(204.0,204.0)
(204.0,204.0)
(204.0,204.0)
(204.0,204.0)
(204.0,204.0)
(204.0,204.0)
(204.0,204.0)
(204.0,204.0)
(204.0,204.0)
(204.0,204.0)
(204.0,204.0)
(204.0,204.0)
(204.0,204.0)
(204.0,204.0)
(204.0,204.0)
(204.0,204.0)
(204.0,204.0)
(204.0,204.0)
(204.0,204.0)
(204.0,204.0)
(204.0,204.0)
(204.0,204.0)
(204.0,204.0)
(204.0,204.0)
(204.0,204.0)
(204.0,204.0)
(204.0,204.0)
(204.0,204.0)
(204.0,204.0)
(204.0,204.0)
(204.0,204.0)
(204.0,204.0)
(204.0,204.0)
(204.0,204.0)
(204.0,204.0)
(204.0,204.0)
(204.0,204.0)
(204.0,204.0)
(204.0,204.0)
(204.0,204.0)
(204.0,204.0)
(204.0,204.0)
(204.0,204.0)
(204.0,204.0)
(204.0,204.0)
(204.0,204.0)
(204.0,204.0)
(204.0,204.0)
(204.0,204.0)
(204.0,204.0)
(204.0,204.0)
(204.0,204.0)
(204.0,204.0)
(204.0,204.0)
(204.0,204.0)
(204.0,204.0)
(204.0,204.0)
(204.0,204.0)
(204.0,204.0)
(204.0,204.0)
(204.0,204.0)
(204.0,204.0)
(299.0,204.0)
(204.0,204.0)
(204.0,204.0)
(204.0,204.0)
(204.0,204.0)
(204.0,204.0)
(204.0,204.0)
(204.0,204.0)
(204.0,204.0)
(204.0,204.0)
(204.0,204.0)
(204.0,204.0)
(204.0,204.0)
(204.0,204.0)
(204.0,204.0)
(204.0,204.0)
(204.0,204.0)
(204.0,204.0)
(204.0,204.0)
(204.0,204.0)
(204.0,204.0)
(204.0,204.0)
(204.0,204.0)
(204.0,204.0)
(204.0,204.0)
(204.0,204.0)
(204.0,204.0)
(204.0,204.0)
(204.0,204.0)
(299.0,204.0)
(204.0,204.0)
(204.0,204.0)
(204.0,204.0)
(204.0,204.0)
(204.0,204.0)
(204.0,204.0)
(204.0,204.0)
(299.0,204.0)
(204.0,204.0)
(204.0,204.0)
(204.0,204.0)
(204.0,204.0)
(204.0,204.0)
(204.0,204.0)
(204.0,204.0)
(204.0,204.0)
(204.0,204.0)
(204.0,204.0)
(204.0,204.0)
(204.0,204.0)
(204.0,204.0)
(204.0,204.0)
(204.0,204.0)
(204.0,204.0)
(204.0,204.0)
(204.0,204.0)
(204.0,204.0)
(204.0,204.0)
(204.0,204.0)
(299.0,204.0)
(204.0,204.0)
(204.0,204.0)
(204.0,204.0)
(204.0,204.0)
(204.0,204.0)
(204.0,204.0)
(204.0,204.0)
(204.0,204.0)
(204.0,204.0)
(204.0,204.0)
(204.0,204.0)
(204.0,204.0)
(204.0,204.0)
(204.0,204.0)
(204.0,204.0)
(204.0,204.0)
(204.0,204.0)
(204.0,204.0)
(204.0,204.0)
(204.0,204.0)
(204.0,204.0)
(204.0,204.0)
(204.0,204.0)
(204.0,204.0)
(204.0,204.0)
(204.0,204.0)
(204.0,204.0)
(204.0,204.0)
(204.0,204.0)
(204.0,204.0)
(204.0,204.0)
(204.0,204.0)
(204.0,204.0)
(204.0,204.0)
(204.0,204.0)
(204.0,204.0)
(204.0,204.0)
(204.0,204.0)
(204.0,204.0)
(204.0,204.0)
(204.0,204.0)
(204.0,204.0)
(204.0,204.0)
(204.0,204.0)
(204.0,204.0)
(204.0,204.0)
(204.0,204.0)
(204.0,204.0)
(204.0,204.0)
(204.0,204.0)
(204.0,204.0)
(204.0,204.0)
(204.0,204.0)
(204.0,204.0)
(204.0,204.0)
(204.0,204.0)
(204.0,204.0)
(204.0,204.0)
(204.0,204.0)
(204.0,204.0)
(204.0,204.0)
(204.0,204.0)
(204.0,204.0)
(204.0,204.0)
(204.0,204.0)
(204.0,204.0)
(204.0,204.0)
(204.0,204.0)
(204.0,204.0)
(204.0,204.0)
(204.0,204.0)
(204.0,204.0)
(204.0,204.0)
(204.0,204.0)
(204.0,204.0)
(204.0,204.0)
(204.0,204.0)
(204.0,204.0)
(204.0,204.0)
(204.0,204.0)
(204.0,204.0)
(204.0,204.0)
(204.0,204.0)
(204.0,204.0)
(204.0,204.0)
(204.0,204.0)
(204.0,204.0)
(204.0,204.0)
(204.0,204.0)
(204.0,204.0)
(204.0,204.0)
(204.0,204.0)
(204.0,204.0)
(204.0,204.0)
(204.0,204.0)
(204.0,204.0)
(204.0,204.0)
(204.0,204.0)
(204.0,204.0)
(204.0,204.0)
(204.0,204.0)
(204.0,204.0)
(204.0,204.0)
(204.0,204.0)
(204.0,204.0)
(204.0,204.0)
(204.0,204.0)
(204.0,204.0)
(204.0,204.0)
(204.0,204.0)
(204.0,204.0)
(204.0,204.0)
(204.0,204.0)
(204.0,204.0)
(204.0,204.0)
(204.0,204.0)
(204.0,204.0)
(204.0,204.0)
(204.0,204.0)
(204.0,204.0)
(204.0,204.0)
(204.0,204.0)
(204.0,204.0)
(204.0,204.0)
(204.0,204.0)
(204.0,204.0)
(204.0,204.0)
(204.0,204.0)
(204.0,204.0)
(204.0,204.0)
(204.0,204.0)
(204.0,204.0)
(204.0,204.0)
(204.0,204.0)
(204.0,204.0)
(204.0,204.0)
(204.0,204.0)
(204.0,204.0)
(204.0,204.0)
(204.0,204.0)
(204.0,204.0)
(204.0,204.0)
(204.0,204.0)
(204.0,204.0)
(204.0,204.0)
(204.0,204.0)
(204.0,204.0)
(204.0,204.0)
(204.0,204.0)
(204.0,204.0)
(204.0,204.0)
(204.0,204.0)
(204.0,204.0)
(204.0,204.0)
(204.0,204.0)
(204.0,204.0)
(204.0,204.0)
(204.0,204.0)
(204.0,204.0)
(204.0,204.0)
(204.0,204.0)
(204.0,204.0)
(204.0,204.0)
(204.0,204.0)
(204.0,204.0)
(204.0,204.0)
(204.0,204.0)
(204.0,204.0)
(204.0,204.0)
(204.0,204.0)
(204.0,204.0)
(204.0,204.0)
(204.0,204.0)
(204.0,204.0)
(667.0,204.0)
(204.0,204.0)
(204.0,204.0)
(204.0,204.0)
(204.0,204.0)
(204.0,204.0)
(204.0,204.0)
(204.0,204.0)
(204.0,204.0)
(204.0,204.0)
(204.0,204.0)
(667.0,204.0)
(204.0,204.0)
(204.0,204.0)
(204.0,204.0)
(204.0,204.0)
(204.0,204.0)
(204.0,204.0)
(204.0,204.0)
(667.0,204.0)
(204.0,204.0)
(204.0,204.0)
(204.0,204.0)
(204.0,204.0)
(667.0,204.0)
(267.0,204.0)
(204.0,204.0)
(204.0,204.0)
(204.0,204.0)
(204.0,204.0)
(204.0,204.0)
(204.0,204.0)
(204.0,204.0)
(204.0,204.0)
(667.0,204.0)
(204.0,204.0)
(204.0,204.0)
(204.0,204.0)
(204.0,204.0)
(204.0,204.0)
(204.0,204.0)
(667.0,204.0)
(204.0,204.0)
(204.0,204.0)
(204.0,204.0)
(204.0,204.0)
(667.0,204.0)
(204.0,204.0)
(204.0,204.0)
(204.0,204.0)
(204.0,204.0)
(204.0,204.0)
(204.0,204.0)
(204.0,204.0)
(204.0,204.0)
(204.0,204.0)
(204.0,204.0)
(204.0,204.0)
(204.0,204.0)
(667.0,204.0)
(204.0,204.0)
(204.0,204.0)
(204.0,204.0)
(667.0,204.0)
(204.0,204.0)
(204.0,204.0)
(204.0,204.0)
(204.0,204.0)
(204.0,204.0)
(204.0,204.0)
(204.0,204.0)
(204.0,204.0)
(204.0,204.0)
(204.0,204.0)
(204.0,204.0)
(204.0,204.0)
(204.0,204.0)
(204.0,204.0)
(204.0,204.0)
(204.0,204.0)
(204.0,204.0)
(204.0,204.0)
(204.0,204.0)
(204.0,204.0)
(204.0,204.0)
(204.0,204.0)
(204.0,204.0)
(204.0,204.0)
(204.0,204.0)
(204.0,204.0)
(204.0,204.0)
(204.0,204.0)
(667.0,204.0)
(204.0,204.0)
(204.0,204.0)
(204.0,204.0)
(204.0,204.0)
(204.0,204.0)
(204.0,204.0)
(204.0,204.0)
(204.0,204.0)
(204.0,204.0)
(204.0,204.0)
(204.0,204.0)
(204.0,204.0)
(204.0,204.0)
(204.0,204.0)
(204.0,204.0)
(204.0,204.0)
(667.0,204.0)
(204.0,204.0)
(204.0,204.0)
(204.0,204.0)
(204.0,204.0)
(667.0,204.0)
(204.0,204.0)
(204.0,204.0)
(204.0,204.0)
(204.0,204.0)
(204.0,204.0)
(204.0,204.0)
(196.0,204.0)
(204.0,204.0)
(204.0,204.0)
(204.0,204.0)
(196.0,204.0)
(204.0,204.0)
(204.0,204.0)
(204.0,204.0)
(267.0,204.0)
(204.0,204.0)
(204.0,204.0)
(204.0,204.0)
(204.0,204.0)
(267.0,204.0)
(204.0,204.0)
(204.0,204.0)
(204.0,204.0)
(204.0,204.0)
(204.0,204.0)
(667.0,204.0)
(267.0,204.0)
(204.0,204.0)
(667.0,204.0)
(204.0,204.0)
(267.0,204.0)
(204.0,204.0)
(204.0,204.0)
(204.0,204.0)
(204.0,204.0)
(204.0,204.0)
(204.0,204.0)
(204.0,204.0)
(267.0,204.0)
(204.0,204.0)
(204.0,204.0)
(204.0,204.0)
(204.0,204.0)
(204.0,204.0)
(204.0,204.0)
(204.0,204.0)
(204.0,204.0)
(667.0,204.0)
(267.0,204.0)
(204.0,204.0)
(204.0,204.0)
(204.0,204.0)
(196.0,204.0)
(204.0,204.0)
(204.0,204.0)
(204.0,204.0)
(204.0,204.0)
(204.0,204.0)
(204.0,204.0)
(667.0,204.0)
(204.0,204.0)
(204.0,204.0)
(204.0,204.0)
(204.0,204.0)
(204.0,204.0)
(204.0,204.0)
(204.0,204.0)
(204.0,204.0)
(204.0,204.0)
(204.0,204.0)
(204.0,204.0)
(204.0,204.0)
(204.0,204.0)
(204.0,204.0)
(204.0,204.0)
(204.0,204.0)
(204.0,204.0)
(204.0,204.0)
(204.0,204.0)
(204.0,204.0)
(204.0,204.0)
(204.0,204.0)
(204.0,204.0)
(204.0,204.0)
(204.0,204.0)
(204.0,204.0)
(204.0,204.0)
(204.0,204.0)
(204.0,204.0)
(204.0,204.0)
(204.0,204.0)
(204.0,204.0)
(204.0,204.0)
(204.0,204.0)
(204.0,204.0)
(204.0,204.0)
(204.0,204.0)
(204.0,204.0)
(204.0,204.0)
(204.0,204.0)
(204.0,204.0)
(204.0,204.0)
(204.0,204.0)
(204.0,204.0)
(204.0,204.0)
(204.0,204.0)
(204.0,204.0)
(204.0,204.0)
(204.0,204.0)
(204.0,204.0)
(204.0,204.0)
(204.0,204.0)
(204.0,204.0)
(204.0,204.0)
(204.0,204.0)
(204.0,204.0)
(204.0,204.0)
(204.0,204.0)
(204.0,204.0)
(617.0,204.0)
(204.0,204.0)
(204.0,204.0)
(204.0,204.0)
(204.0,204.0)
(204.0,204.0)
(204.0,204.0)
(204.0,204.0)
(204.0,204.0)
(204.0,204.0)
(204.0,204.0)
(204.0,204.0)
(617.0,204.0)
(204.0,204.0)
(204.0,204.0)
(204.0,204.0)
(204.0,204.0)
(204.0,204.0)
(204.0,204.0)
(204.0,204.0)
(617.0,204.0)
(204.0,204.0)
(204.0,204.0)
(204.0,204.0)
(204.0,204.0)
(617.0,204.0)
(617.0,204.0)
(204.0,204.0)
(204.0,204.0)
(204.0,204.0)
(204.0,204.0)
(204.0,204.0)
(204.0,204.0)
(204.0,204.0)
(204.0,204.0)
(204.0,204.0)
(204.0,204.0)
(204.0,204.0)
(617.0,204.0)
(204.0,204.0)
(204.0,204.0)
(204.0,204.0)
(204.0,204.0)
(204.0,204.0)
(204.0,204.0)
(204.0,204.0)
(617.0,204.0)
(204.0,204.0)
(204.0,204.0)
(204.0,204.0)
(204.0,204.0)
(617.0,204.0)
(204.0,204.0)
(204.0,204.0)
(204.0,204.0)
(204.0,204.0)
(204.0,204.0)
(204.0,204.0)
(204.0,204.0)
(204.0,204.0)
(204.0,204.0)
(204.0,204.0)
(204.0,204.0)
(204.0,204.0)
(617.0,204.0)
(204.0,204.0)
(204.0,204.0)
(204.0,204.0)
(204.0,204.0)
(617.0,204.0)
(204.0,204.0)
(204.0,204.0)
(204.0,204.0)
(204.0,204.0)
(204.0,204.0)
(204.0,204.0)
(204.0,204.0)
(204.0,204.0)
(204.0,204.0)
(204.0,204.0)
(262.0,204.0)
(204.0,204.0)
(204.0,204.0)
(617.0,204.0)
(204.0,204.0)
(204.0,204.0)
(204.0,204.0)
(204.0,204.0)
(204.0,204.0)
(204.0,204.0)
(204.0,204.0)
(204.0,204.0)
(204.0,204.0)
(204.0,204.0)
(204.0,204.0)
(204.0,204.0)
(204.0,204.0)
(204.0,204.0)
(204.0,204.0)
(204.0,204.0)
(204.0,204.0)
(204.0,204.0)
(617.0,204.0)
(204.0,204.0)
(204.0,204.0)
(204.0,204.0)
(204.0,204.0)
(204.0,204.0)
(204.0,204.0)
(204.0,204.0)
(204.0,204.0)
(204.0,204.0)
(204.0,204.0)
(204.0,204.0)
(204.0,204.0)
(204.0,204.0)
(204.0,204.0)
(204.0,204.0)
(204.0,204.0)
(204.0,204.0)
(204.0,204.0)
(617.0,204.0)
(204.0,204.0)
(204.0,204.0)
(204.0,204.0)
(204.0,204.0)
(617.0,204.0)
(204.0,204.0)
(204.0,204.0)
(204.0,204.0)
(204.0,204.0)
(204.0,204.0)
(204.0,204.0)
(204.0,204.0)
(617.0,204.0)
(204.0,204.0)
(204.0,204.0)
(204.0,204.0)
(204.0,204.0)
(617.0,204.0)
(204.0,204.0)
(204.0,204.0)
(204.0,204.0)
(617.0,204.0)
(204.0,204.0)
(617.0,204.0)
(204.0,204.0)
(204.0,204.0)
(204.0,204.0)
(204.0,204.0)
(617.0,204.0)
(204.0,204.0)
(204.0,204.0)
(204.0,204.0)
(204.0,204.0)
(204.0,204.0)
(204.0,204.0)
(617.0,204.0)
(617.0,204.0)
(204.0,204.0)
(617.0,204.0)
(204.0,204.0)
(617.0,204.0)
(204.0,204.0)
(204.0,204.0)
(204.0,204.0)
(204.0,204.0)
(204.0,204.0)
(204.0,204.0)
(204.0,204.0)
(204.0,204.0)
(617.0,204.0)
(204.0,204.0)
(262.0,204.0)
(204.0,204.0)
(204.0,204.0)
(204.0,204.0)
(204.0,204.0)
(204.0,204.0)
(204.0,204.0)
(617.0,204.0)
(617.0,204.0)
(204.0,204.0)
(204.0,204.0)
(204.0,204.0)
(204.0,204.0)
(617.0,204.0)
(204.0,204.0)
(204.0,204.0)
(204.0,204.0)
(204.0,204.0)
(204.0,204.0)
(204.0,204.0)
(204.0,204.0)
(617.0,204.0)
(204.0,204.0)
(204.0,204.0)
(196.0,207.0)
(676.0,207.0)
(660.0,207.0)
(676.0,207.0)
(660.0,207.0)
(196.0,207.0)
(196.0,207.0)
(676.0,207.0)
(676.0,207.0)
(676.0,207.0)
(196.0,207.0)
(660.0,207.0)
(676.0,207.0)
(676.0,207.0)
(676.0,207.0)
(660.0,207.0)
(676.0,207.0)
(676.0,207.0)
(676.0,207.0)
(196.0,207.0)
(196.0,207.0)
(660.0,207.0)
(196.0,207.0)
(676.0,207.0)
(196.0,207.0)
(676.0,207.0)
(676.0,207.0)
(676.0,207.0)
(676.0,207.0)
(660.0,207.0)
(196.0,207.0)
(676.0,207.0)
(196.0,207.0)
(196.0,207.0)
(196.0,207.0)
(676.0,207.0)
(676.0,207.0)
(196.0,207.0)
(676.0,207.0)
(196.0,207.0)
(676.0,207.0)
(196.0,207.0)
(676.0,207.0)
(676.0,207.0)
(676.0,207.0)
(196.0,207.0)
(676.0,207.0)
(676.0,207.0)
(676.0,207.0)
(676.0,207.0)
(676.0,207.0)
(676.0,207.0)
(196.0,207.0)
(676.0,207.0)
(676.0,207.0)
(196.0,207.0)
(196.0,207.0)
(196.0,207.0)
(196.0,207.0)
(676.0,207.0)
(660.0,207.0)
(660.0,207.0)
(196.0,207.0)
(676.0,207.0)
(299.0,207.0)
(676.0,207.0)
(676.0,207.0)
(196.0,207.0)
(196.0,207.0)
(660.0,207.0)
(676.0,207.0)
(299.0,207.0)
(676.0,207.0)
(196.0,207.0)
(676.0,207.0)
(676.0,207.0)
(299.0,207.0)
(196.0,207.0)
(196.0,207.0)
(676.0,207.0)
(196.0,207.0)
(196.0,207.0)
(660.0,207.0)
(676.0,207.0)
(676.0,207.0)
(676.0,207.0)
(676.0,207.0)
(660.0,207.0)
(660.0,207.0)
(196.0,207.0)
(676.0,207.0)
(676.0,207.0)
(196.0,207.0)
(676.0,207.0)
(299.0,207.0)
(196.0,207.0)
(676.0,207.0)
(299.0,207.0)
(660.0,207.0)
(676.0,207.0)
(676.0,207.0)
(660.0,207.0)
(660.0,207.0)
(196.0,207.0)
(676.0,207.0)
(299.0,207.0)
(196.0,207.0)
(299.0,207.0)
(676.0,207.0)
(660.0,207.0)
(196.0,207.0)
(676.0,207.0)
(660.0,207.0)
(676.0,207.0)
(676.0,207.0)
(196.0,207.0)
(660.0,207.0)
(676.0,207.0)
(299.0,207.0)
(676.0,207.0)
(196.0,207.0)
(196.0,207.0)
(660.0,207.0)
(676.0,207.0)
(676.0,207.0)
(660.0,207.0)
(676.0,207.0)
(676.0,207.0)
(196.0,207.0)
(676.0,207.0)
(676.0,207.0)
(676.0,207.0)
(660.0,207.0)
(660.0,207.0)
(196.0,207.0)
(660.0,207.0)
(299.0,207.0)
(676.0,207.0)
(196.0,207.0)
(679.0,207.0)
(676.0,207.0)
(676.0,207.0)
(676.0,207.0)
(676.0,207.0)
(676.0,207.0)
(660.0,207.0)
(196.0,207.0)
(676.0,207.0)
(676.0,207.0)
(676.0,207.0)
(299.0,207.0)
(660.0,207.0)
(676.0,207.0)
(676.0,207.0)
(676.0,207.0)
(299.0,207.0)
(196.0,207.0)
(676.0,207.0)
(676.0,207.0)
(196.0,207.0)
(676.0,207.0)
(676.0,207.0)
(676.0,207.0)
(660.0,207.0)
(660.0,207.0)
(676.0,207.0)
(660.0,207.0)
(196.0,207.0)
(676.0,207.0)
(196.0,207.0)
(676.0,207.0)
(204.0,204.0)
(204.0,204.0)
(204.0,204.0)
(172.0,204.0)
(204.0,204.0)
(204.0,204.0)
(204.0,204.0)
(204.0,204.0)
(278.0,204.0)
(664.0,204.0)
(204.0,204.0)
(234.0,204.0)
(204.0,204.0)
(664.0,204.0)
(664.0,204.0)
(172.0,204.0)
(204.0,204.0)
(204.0,204.0)
(204.0,204.0)
(204.0,204.0)
(204.0,204.0)
(262.0,204.0)
(204.0,204.0)
(172.0,204.0)
(204.0,204.0)
(204.0,204.0)
(262.0,204.0)
(204.0,204.0)
(172.0,204.0)
(172.0,204.0)
(234.0,204.0)
(278.0,204.0)
(234.0,204.0)
(204.0,204.0)
(262.0,204.0)
(278.0,204.0)
(234.0,204.0)
(204.0,204.0)
(204.0,204.0)
(204.0,204.0)
(204.0,204.0)
(664.0,204.0)
(204.0,204.0)
(204.0,204.0)
(204.0,204.0)
(234.0,204.0)
(204.0,204.0)
(204.0,204.0)
(204.0,204.0)
(172.0,204.0)
(204.0,204.0)
(664.0,204.0)
(204.0,204.0)
(204.0,204.0)
(172.0,204.0)
(664.0,204.0)
(664.0,204.0)
(204.0,204.0)
(204.0,204.0)
(664.0,204.0)
(204.0,204.0)
(204.0,204.0)
(664.0,204.0)
(204.0,204.0)
(204.0,204.0)
(262.0,204.0)
(204.0,204.0)
(172.0,204.0)
(204.0,204.0)
(204.0,204.0)
(234.0,204.0)
(204.0,204.0)
(172.0,204.0)
(234.0,204.0)
(204.0,204.0)
(234.0,204.0)
(664.0,204.0)
(664.0,204.0)
(204.0,204.0)
(204.0,204.0)
(234.0,204.0)
(204.0,204.0)
(204.0,204.0)
(262.0,204.0)
(204.0,204.0)
(204.0,204.0)
(234.0,204.0)
(204.0,204.0)
(664.0,204.0)
(204.0,204.0)
(262.0,204.0)
(204.0,204.0)
(664.0,204.0)
(204.0,204.0)
(204.0,204.0)
(204.0,204.0)
(204.0,204.0)
(204.0,204.0)
(204.0,204.0)
(196.0,204.0)
(204.0,204.0)
(204.0,204.0)
(204.0,204.0)
(204.0,204.0)
(196.0,204.0)
(172.0,204.0)
(262.0,204.0)
(204.0,204.0)
(204.0,204.0)
(262.0,204.0)
(664.0,204.0)
(204.0,204.0)
(204.0,204.0)
(204.0,204.0)
(664.0,204.0)
(196.0,204.0)
(204.0,204.0)
(204.0,204.0)
(262.0,204.0)
(204.0,204.0)
(234.0,204.0)
(204.0,204.0)
(204.0,204.0)
(204.0,204.0)
(172.0,204.0)
(204.0,204.0)
(204.0,204.0)
(664.0,204.0)
(204.0,204.0)
(172.0,204.0)
(664.0,204.0)
(204.0,204.0)
(204.0,204.0)
(204.0,204.0)
(234.0,204.0)
(204.0,204.0)
(204.0,204.0)
(172.0,204.0)
(204.0,204.0)
(234.0,204.0)
(204.0,204.0)
(278.0,204.0)
(172.0,204.0)
(664.0,204.0)
(234.0,204.0)
(204.0,204.0)
(234.0,204.0)
(204.0,204.0)
(172.0,204.0)
(204.0,204.0)
(204.0,204.0)
(204.0,204.0)
(204.0,204.0)
(172.0,204.0)
(234.0,204.0)
(204.0,204.0)
(204.0,204.0)
(204.0,204.0)
(204.0,204.0)
(262.0,204.0)
(172.0,204.0)
(172.0,204.0)
(204.0,204.0)
(172.0,204.0)
(204.0,204.0)
(172.0,204.0)
(664.0,204.0)
(234.0,204.0)
(204.0,204.0)
(664.0,204.0)
(664.0,204.0)
(204.0,204.0)
(204.0,204.0)
(196.0,204.0)
(172.0,204.0)
(278.0,204.0)
(262.0,204.0)
(204.0,204.0)
(204.0,204.0)
(204.0,204.0)
(204.0,204.0)
(204.0,204.0)
(262.0,204.0)
(172.0,204.0)
(172.0,204.0)
(204.0,204.0)
(204.0,204.0)
(234.0,204.0)
(204.0,204.0)
(172.0,204.0)
(204.0,204.0)
(204.0,204.0)
(204.0,204.0)
(278.0,204.0)
(234.0,204.0)
(204.0,204.0)
(204.0,204.0)
(172.0,204.0)
(204.0,204.0)
(204.0,204.0)
(203.0,205.0)
(123.0,205.0)
(123.0,205.0)
(203.0,205.0)
(203.0,205.0)
(203.0,205.0)
(660.0,205.0)
(123.0,205.0)
(123.0,205.0)
(203.0,205.0)
(123.0,205.0)
(123.0,205.0)
(203.0,205.0)
(123.0,205.0)
(633.0,205.0)
(203.0,205.0)
(123.0,205.0)
(203.0,205.0)
(203.0,205.0)
(203.0,205.0)
(203.0,205.0)
(123.0,205.0)
(123.0,205.0)
(204.0,205.0)
(203.0,205.0)
(203.0,205.0)
(204.0,205.0)
(203.0,205.0)
(203.0,205.0)
(123.0,205.0)
(203.0,205.0)
(123.0,205.0)
(123.0,205.0)
(123.0,205.0)
(203.0,205.0)
(123.0,205.0)
(123.0,205.0)
(203.0,205.0)
(123.0,205.0)
(123.0,205.0)
(203.0,205.0)
(203.0,205.0)
(203.0,205.0)
(203.0,205.0)
(203.0,205.0)
(203.0,205.0)
(660.0,205.0)
(123.0,205.0)
(660.0,205.0)
(203.0,205.0)
(123.0,205.0)
(203.0,205.0)
(203.0,205.0)
(203.0,205.0)
(123.0,205.0)
(123.0,205.0)
(123.0,205.0)
(123.0,205.0)
(203.0,205.0)
(203.0,205.0)
(203.0,205.0)
(123.0,205.0)
(203.0,205.0)
(123.0,205.0)
(203.0,205.0)
(123.0,205.0)
(203.0,205.0)
(203.0,205.0)
(123.0,205.0)
(123.0,205.0)
(660.0,205.0)
(203.0,205.0)
(660.0,205.0)
(123.0,205.0)
(203.0,205.0)
(660.0,205.0)
(203.0,205.0)
(203.0,205.0)
(633.0,205.0)
(660.0,205.0)
(203.0,205.0)
(203.0,205.0)
(123.0,205.0)
(203.0,205.0)
(203.0,205.0)
(203.0,205.0)
(123.0,205.0)
(123.0,205.0)
(123.0,205.0)
(204.0,204.0)
(204.0,204.0)
(204.0,204.0)
(204.0,204.0)
(204.0,204.0)
(204.0,204.0)
(204.0,204.0)
(204.0,204.0)
(204.0,204.0)
(204.0,204.0)
(204.0,204.0)
(204.0,204.0)
(204.0,204.0)
(204.0,204.0)
(204.0,204.0)
(204.0,204.0)
(204.0,204.0)
(204.0,204.0)
(204.0,204.0)
(204.0,204.0)
(204.0,204.0)
(204.0,204.0)
(204.0,204.0)
(204.0,204.0)
(204.0,204.0)
(204.0,204.0)
(204.0,204.0)
(204.0,204.0)
(204.0,204.0)
(204.0,204.0)
(204.0,204.0)
(204.0,204.0)
(204.0,204.0)
(204.0,204.0)
(204.0,204.0)
(204.0,204.0)
(204.0,204.0)
(204.0,204.0)
(204.0,204.0)
(204.0,204.0)
(204.0,204.0)
(204.0,204.0)
(204.0,204.0)
(204.0,204.0)
(204.0,204.0)
(204.0,204.0)
(204.0,204.0)
(204.0,204.0)
(204.0,204.0)
(204.0,204.0)
(204.0,204.0)
(204.0,204.0)
(204.0,204.0)
(204.0,204.0)
(204.0,204.0)
(204.0,204.0)
(204.0,204.0)
(204.0,204.0)
(204.0,204.0)
(204.0,204.0)
(204.0,204.0)
(204.0,204.0)
(204.0,204.0)
(204.0,204.0)
(204.0,204.0)
(204.0,204.0)
(204.0,204.0)
(204.0,204.0)
(204.0,204.0)
(204.0,204.0)
(204.0,204.0)
(204.0,204.0)
(204.0,204.0)
(204.0,204.0)
(204.0,204.0)
(204.0,204.0)
(204.0,204.0)
(204.0,204.0)
(204.0,204.0)
(204.0,204.0)
(204.0,204.0)
(204.0,204.0)
(204.0,204.0)
(204.0,204.0)
(204.0,204.0)
(204.0,204.0)
(204.0,204.0)
(204.0,204.0)
(204.0,204.0)
(204.0,204.0)
(204.0,204.0)
(204.0,204.0)
(204.0,204.0)
(204.0,204.0)
(204.0,204.0)
(204.0,204.0)
(204.0,204.0)
(204.0,204.0)
(204.0,204.0)
(204.0,204.0)
(204.0,204.0)
(204.0,204.0)
(204.0,204.0)
(204.0,204.0)
(204.0,204.0)
(204.0,204.0)
(204.0,204.0)
(204.0,204.0)
(204.0,204.0)
(204.0,204.0)
(204.0,204.0)
(204.0,204.0)
(204.0,204.0)
(204.0,204.0)
(204.0,204.0)
(204.0,204.0)
(204.0,204.0)
(204.0,204.0)
(713.0,204.0)
(204.0,204.0)
(204.0,204.0)
(204.0,204.0)
(204.0,204.0)
(713.0,204.0)
(204.0,204.0)
(204.0,204.0)
(204.0,204.0)
(204.0,204.0)
(204.0,204.0)
(713.0,204.0)
(204.0,204.0)
(204.0,204.0)
(713.0,204.0)
(204.0,204.0)
(204.0,204.0)
(204.0,204.0)
(204.0,204.0)
(204.0,204.0)
(204.0,204.0)
(204.0,204.0)
(713.0,204.0)
(204.0,204.0)
(204.0,204.0)
(204.0,204.0)
(204.0,204.0)
(204.0,204.0)
(204.0,204.0)
(204.0,204.0)
(204.0,204.0)
(713.0,204.0)
(204.0,204.0)
(204.0,204.0)
(204.0,204.0)
(204.0,204.0)
(204.0,204.0)
(204.0,204.0)
(204.0,204.0)
(204.0,204.0)
(204.0,204.0)
(204.0,204.0)
(204.0,204.0)
(203.0,205.0)
(406.0,205.0)
(203.0,205.0)
(203.0,205.0)
(203.0,205.0)
(406.0,205.0)
(406.0,205.0)
(203.0,205.0)
(406.0,205.0)
(203.0,205.0)
(203.0,205.0)
(713.0,205.0)
(123.0,205.0)
(203.0,205.0)
(203.0,205.0)
(203.0,205.0)
(123.0,205.0)
(406.0,205.0)
(123.0,205.0)
(203.0,205.0)
(123.0,205.0)
(203.0,205.0)
(406.0,205.0)
(406.0,205.0)
(203.0,205.0)
(713.0,205.0)
(406.0,205.0)
(203.0,205.0)
(406.0,205.0)
(203.0,205.0)
(203.0,205.0)
(203.0,205.0)
(406.0,205.0)
(406.0,205.0)
(406.0,205.0)
(203.0,205.0)
(203.0,205.0)
(203.0,205.0)
(406.0,205.0)
(203.0,205.0)
(203.0,205.0)
(123.0,205.0)
(203.0,205.0)
(278.0,205.0)
(713.0,205.0)
(406.0,205.0)
(406.0,205.0)
(203.0,205.0)
(406.0,205.0)
(406.0,205.0)
(203.0,205.0)
(203.0,205.0)
(203.0,205.0)
(203.0,205.0)
(278.0,205.0)
(203.0,205.0)
(203.0,205.0)
(203.0,205.0)
(406.0,205.0)
(278.0,205.0)
(203.0,205.0)
(123.0,205.0)
(123.0,205.0)
(406.0,205.0)
(406.0,205.0)
(203.0,205.0)
(203.0,205.0)
(203.0,205.0)
(203.0,205.0)
(203.0,205.0)
(203.0,205.0)
(203.0,205.0)
(713.0,205.0)
(123.0,205.0)
(676.0,205.0)
(203.0,205.0)
(713.0,205.0)
(406.0,205.0)
(203.0,205.0)
(406.0,205.0)
(123.0,205.0)
(203.0,205.0)
(203.0,205.0)
(278.0,205.0)
(203.0,205.0)
(123.0,205.0)
(123.0,205.0)
(123.0,205.0)
(203.0,205.0)
(203.0,205.0)
(123.0,205.0)
(406.0,205.0)
(406.0,205.0)
(713.0,205.0)
(203.0,205.0)
(203.0,205.0)
(406.0,205.0)
(203.0,205.0)
(203.0,205.0)
(203.0,205.0)
(203.0,205.0)
(123.0,205.0)
(123.0,205.0)
(203.0,205.0)
(406.0,205.0)
(713.0,205.0)
(406.0,205.0)
(406.0,205.0)
(123.0,205.0)
(203.0,205.0)
(203.0,205.0)
(203.0,205.0)
(203.0,205.0)
(123.0,205.0)
(278.0,205.0)
(203.0,205.0)
(123.0,205.0)
(203.0,205.0)
(203.0,205.0)
(203.0,205.0)
(123.0,205.0)
(406.0,205.0)
(406.0,205.0)
(203.0,205.0)
(123.0,205.0)
(203.0,205.0)
(203.0,205.0)
(123.0,205.0)
(203.0,205.0)
(406.0,205.0)
(203.0,205.0)
(713.0,205.0)
(123.0,205.0)
(713.0,205.0)
(203.0,205.0)
(203.0,205.0)
(203.0,205.0)
(713.0,205.0)
(123.0,205.0)
(406.0,205.0)
(406.0,205.0)
(203.0,205.0)
(406.0,205.0)
(203.0,205.0)
(676.0,205.0)
(203.0,205.0)
(406.0,205.0)
(203.0,205.0)
(203.0,205.0)
(203.0,205.0)
(123.0,205.0)
(203.0,205.0)
(203.0,205.0)
(713.0,205.0)
(386.0,205.0)
(203.0,205.0)
(713.0,205.0)
(203.0,205.0)
(203.0,205.0)
(203.0,205.0)
(203.0,205.0)
(676.0,205.0)
(406.0,205.0)
(203.0,205.0)
(203.0,205.0)
(406.0,205.0)
(406.0,205.0)
(386.0,205.0)
(203.0,205.0)
(203.0,205.0)
(204.0,204.0)
(204.0,204.0)
(204.0,204.0)
(204.0,204.0)
(204.0,204.0)
(204.0,204.0)
(204.0,204.0)
(204.0,204.0)
(204.0,204.0)
(204.0,204.0)
(204.0,204.0)
(278.0,204.0)
(204.0,204.0)
(204.0,204.0)
(617.0,204.0)
(204.0,204.0)
(204.0,204.0)
(204.0,204.0)
(203.0,204.0)
(204.0,204.0)
(204.0,204.0)
(203.0,204.0)
(204.0,204.0)
(204.0,204.0)
(204.0,204.0)
(204.0,204.0)
(204.0,204.0)
(204.0,204.0)
(204.0,204.0)
(204.0,204.0)
(204.0,204.0)
(204.0,204.0)
(278.0,204.0)
(204.0,204.0)
(204.0,204.0)
(278.0,204.0)
(278.0,204.0)
(204.0,204.0)
(204.0,204.0)
(204.0,204.0)
(204.0,204.0)
(203.0,204.0)
(204.0,204.0)
(204.0,204.0)
(204.0,204.0)
(204.0,204.0)
(204.0,204.0)
(204.0,204.0)
(204.0,204.0)
(204.0,204.0)
(278.0,204.0)
(617.0,204.0)
(278.0,204.0)
(204.0,204.0)
(204.0,204.0)
(204.0,204.0)
(203.0,204.0)
(204.0,204.0)
(204.0,204.0)
(204.0,204.0)
(204.0,204.0)
(559.0,204.0)
(204.0,204.0)
(278.0,204.0)
(204.0,204.0)
(204.0,204.0)
(204.0,204.0)
(204.0,204.0)
(203.0,204.0)
(204.0,204.0)
(204.0,204.0)
(204.0,204.0)
(559.0,204.0)
(204.0,204.0)
(204.0,204.0)
(204.0,204.0)
(203.0,204.0)
(204.0,204.0)
(204.0,204.0)
(204.0,204.0)
(204.0,204.0)
(204.0,204.0)
(204.0,204.0)
(204.0,204.0)
(204.0,204.0)
(204.0,204.0)
(204.0,204.0)
(204.0,204.0)
(204.0,204.0)
(204.0,204.0)
(204.0,204.0)
(204.0,204.0)
(204.0,204.0)
(204.0,204.0)
(204.0,204.0)
(204.0,204.0)
(204.0,204.0)
(204.0,204.0)
(204.0,204.0)
(204.0,204.0)
(204.0,204.0)
(617.0,204.0)
(204.0,204.0)
(559.0,204.0)
(204.0,204.0)
(204.0,204.0)
(204.0,204.0)
(617.0,204.0)
(204.0,204.0)
(204.0,204.0)
(204.0,204.0)
(204.0,204.0)
(204.0,204.0)
(203.0,204.0)
(204.0,204.0)
(204.0,204.0)
(204.0,204.0)
(204.0,204.0)
(204.0,204.0)
(204.0,204.0)
(204.0,204.0)
(204.0,204.0)
(204.0,204.0)
(204.0,204.0)
(262.0,206.0)
(204.0,206.0)
(204.0,206.0)
(204.0,206.0)
(262.0,206.0)
(234.0,206.0)
(204.0,206.0)
(204.0,206.0)
(204.0,206.0)
(262.0,206.0)
(172.0,206.0)
(172.0,206.0)
(204.0,206.0)
(204.0,206.0)
(617.0,206.0)
(204.0,206.0)
(204.0,206.0)
(204.0,206.0)
(262.0,206.0)
(172.0,206.0)
(617.0,206.0)
(262.0,206.0)
(204.0,206.0)
(172.0,206.0)
(204.0,206.0)
(617.0,206.0)
(204.0,206.0)
(172.0,206.0)
(204.0,206.0)
(172.0,206.0)
(204.0,206.0)
(172.0,206.0)
(262.0,206.0)
(262.0,206.0)
(262.0,206.0)
(204.0,206.0)
(204.0,206.0)
(262.0,206.0)
(204.0,206.0)
(262.0,206.0)
(617.0,206.0)
(204.0,206.0)
(262.0,206.0)
(204.0,206.0)
(204.0,206.0)
(204.0,206.0)
(262.0,206.0)
(204.0,206.0)
(204.0,206.0)
(204.0,206.0)
(204.0,206.0)
(204.0,206.0)
(204.0,206.0)
(262.0,206.0)
(204.0,206.0)
(204.0,206.0)
(262.0,206.0)
(262.0,206.0)
(262.0,206.0)
(234.0,206.0)
(204.0,206.0)
(617.0,206.0)
(172.0,206.0)
(234.0,206.0)
(172.0,206.0)
(204.0,206.0)
(234.0,206.0)
(204.0,206.0)
(204.0,206.0)
(262.0,206.0)
(262.0,206.0)
(172.0,206.0)
(204.0,206.0)
(204.0,206.0)
(172.0,206.0)
(204.0,206.0)
(262.0,206.0)
(262.0,206.0)
(204.0,206.0)
(204.0,206.0)
(262.0,206.0)
(172.0,206.0)
(262.0,206.0)
(204.0,206.0)
(234.0,206.0)
(262.0,206.0)
(172.0,206.0)
(617.0,206.0)
(172.0,206.0)
(204.0,206.0)
(204.0,206.0)
(262.0,206.0)
(204.0,206.0)
(204.0,206.0)
(234.0,206.0)
(204.0,206.0)
(262.0,206.0)
(204.0,206.0)
(262.0,206.0)
(172.0,206.0)
(204.0,206.0)
(234.0,206.0)
(617.0,206.0)
(204.0,206.0)
(204.0,206.0)
(204.0,206.0)
(204.0,206.0)
(204.0,206.0)
(172.0,206.0)
(204.0,206.0)
(234.0,206.0)
(262.0,206.0)
(262.0,206.0)
(204.0,206.0)
(617.0,206.0)
(262.0,206.0)
(204.0,206.0)
(204.0,206.0)
(204.0,206.0)
(262.0,206.0)
(172.0,206.0)
(204.0,206.0)
(234.0,206.0)
(204.0,206.0)
(234.0,206.0)
(234.0,206.0)
(234.0,206.0)
(617.0,206.0)
(204.0,206.0)
(204.0,206.0)
(234.0,206.0)
(204.0,206.0)
(262.0,206.0)
(204.0,206.0)
(262.0,206.0)
(204.0,206.0)
(204.0,206.0)
(204.0,206.0)
(172.0,206.0)
(172.0,206.0)
(617.0,206.0)
(262.0,206.0)
(172.0,206.0)
(172.0,206.0)
(262.0,206.0)
(617.0,206.0)
(204.0,206.0)
(234.0,206.0)
(204.0,206.0)
(204.0,206.0)
(204.0,206.0)
(172.0,206.0)
(617.0,206.0)
(204.0,206.0)
(204.0,206.0)
(172.0,206.0)
(172.0,206.0)
(204.0,206.0)
(204.0,206.0)
(204.0,206.0)
(262.0,206.0)
(172.0,206.0)
(262.0,206.0)
(204.0,206.0)
(172.0,206.0)
(204.0,206.0)
(204.0,206.0)
(172.0,206.0)
(204.0,206.0)
(204.0,206.0)
(234.0,206.0)
(617.0,206.0)
(262.0,206.0)
(172.0,206.0)
(204.0,206.0)
(262.0,206.0)
(123.0,206.0)
(123.0,206.0)
(123.0,206.0)
(123.0,206.0)
(676.0,206.0)
(203.0,206.0)
(676.0,206.0)
(299.0,206.0)
(123.0,206.0)
(123.0,206.0)
(203.0,206.0)
(172.0,206.0)
(123.0,206.0)
(551.0,206.0)
(676.0,206.0)
(123.0,206.0)
(676.0,206.0)
(123.0,206.0)
(123.0,206.0)
(123.0,206.0)
(123.0,206.0)
(123.0,206.0)
(123.0,206.0)
(676.0,206.0)
(676.0,206.0)
(123.0,206.0)
(123.0,206.0)
(676.0,206.0)
(203.0,206.0)
(676.0,206.0)
(123.0,206.0)
(299.0,206.0)
(123.0,206.0)
(203.0,206.0)
(676.0,206.0)
(123.0,206.0)
(123.0,206.0)
(123.0,206.0)
(123.0,206.0)
(203.0,206.0)
(123.0,206.0)
(299.0,206.0)
(123.0,206.0)
(676.0,206.0)
(676.0,206.0)
(123.0,206.0)
(676.0,206.0)
(203.0,206.0)
(123.0,206.0)
(123.0,206.0)
(676.0,206.0)
(123.0,206.0)
(123.0,206.0)
(203.0,206.0)
(123.0,206.0)
(123.0,206.0)
(676.0,206.0)
(123.0,206.0)
(676.0,206.0)
(203.0,206.0)
(203.0,206.0)
(203.0,206.0)
(123.0,206.0)
(676.0,206.0)
(676.0,206.0)
(123.0,206.0)
(123.0,206.0)
(203.0,206.0)
(203.0,206.0)
(123.0,206.0)
(299.0,206.0)
(123.0,206.0)
(203.0,206.0)
(123.0,206.0)
(676.0,206.0)
(123.0,206.0)
(299.0,206.0)
(676.0,206.0)
(676.0,206.0)
(203.0,206.0)
(123.0,206.0)
(203.0,206.0)
(123.0,206.0)
(203.0,206.0)
(203.0,206.0)
(123.0,206.0)
(299.0,206.0)
(123.0,206.0)
(676.0,206.0)
(123.0,206.0)
(123.0,206.0)
(203.0,209.0)
(264.0,209.0)
(267.0,209.0)
(264.0,209.0)
(301.0,209.0)
(636.0,209.0)
(264.0,209.0)
(267.0,209.0)
(267.0,209.0)
(301.0,209.0)
(302.0,209.0)
(636.0,209.0)
(301.0,209.0)
(301.0,209.0)
(302.0,209.0)
(264.0,209.0)
(636.0,209.0)
(636.0,209.0)
(302.0,209.0)
(267.0,209.0)
(302.0,209.0)
(264.0,209.0)
(264.0,209.0)
(203.0,209.0)
(302.0,209.0)
(267.0,209.0)
(264.0,209.0)
(301.0,209.0)
(264.0,209.0)
(620.0,209.0)
(253.0,209.0)
(302.0,209.0)
(620.0,209.0)
(301.0,209.0)
(267.0,209.0)
(267.0,209.0)
(267.0,209.0)
(264.0,209.0)
(264.0,209.0)
(301.0,209.0)
(620.0,209.0)
(267.0,209.0)
(636.0,209.0)
(620.0,209.0)
(302.0,209.0)
(677.0,209.0)
(264.0,209.0)
(301.0,209.0)
(301.0,209.0)
(264.0,209.0)
(267.0,209.0)
(264.0,209.0)
(302.0,209.0)
(264.0,209.0)
(636.0,209.0)
(267.0,209.0)
(267.0,209.0)
(264.0,209.0)
(636.0,209.0)
(264.0,209.0)
(264.0,209.0)
(264.0,209.0)
(264.0,209.0)
(301.0,209.0)
(264.0,209.0)
(264.0,209.0)
(203.0,209.0)
(620.0,209.0)
(267.0,209.0)
(301.0,209.0)
(264.0,209.0)
(301.0,209.0)
(238.0,209.0)
(267.0,209.0)
(301.0,209.0)
(620.0,209.0)
(267.0,209.0)
(302.0,209.0)
(636.0,209.0)
(301.0,209.0)
(264.0,209.0)
(264.0,209.0)
(267.0,209.0)
(620.0,209.0)
(620.0,209.0)
(203.0,209.0)
(264.0,209.0)
(264.0,209.0)
(301.0,209.0)
(264.0,209.0)
(264.0,209.0)
(636.0,209.0)
(620.0,209.0)
(620.0,209.0)
(267.0,209.0)
(203.0,209.0)
(301.0,209.0)
(620.0,209.0)
(302.0,209.0)
(267.0,209.0)
(302.0,209.0)
(264.0,209.0)
(264.0,209.0)
(203.0,209.0)
(267.0,209.0)
(267.0,209.0)
(301.0,209.0)
(264.0,209.0)
(264.0,209.0)
(620.0,209.0)
(302.0,209.0)
(267.0,209.0)
(302.0,209.0)
(238.0,209.0)
(636.0,209.0)
(636.0,209.0)
(302.0,209.0)
(301.0,209.0)
(267.0,209.0)
(267.0,209.0)
(302.0,209.0)
(264.0,209.0)
(301.0,209.0)
(203.0,209.0)
(620.0,209.0)
(264.0,209.0)
(636.0,209.0)
(238.0,209.0)
(301.0,209.0)
(264.0,209.0)
(636.0,209.0)
(264.0,209.0)
(301.0,209.0)
(302.0,209.0)
(264.0,209.0)
(267.0,209.0)
(302.0,209.0)
(301.0,209.0)
(264.0,209.0)
(264.0,209.0)
(238.0,209.0)
(264.0,209.0)
(267.0,209.0)
(264.0,209.0)
(301.0,209.0)
(301.0,209.0)
(264.0,209.0)
(636.0,209.0)
(203.0,209.0)
(622.0,209.0)
(264.0,209.0)
(636.0,209.0)
(301.0,209.0)
(302.0,209.0)
(267.0,209.0)
(620.0,209.0)
(267.0,209.0)
(301.0,209.0)
(301.0,209.0)
(636.0,209.0)
(203.0,209.0)
(301.0,209.0)
(636.0,209.0)
(264.0,209.0)
(301.0,209.0)
(264.0,209.0)
(636.0,209.0)
(636.0,209.0)
(302.0,209.0)
(620.0,209.0)
(264.0,209.0)
(636.0,209.0)
(264.0,209.0)
(620.0,209.0)
(267.0,209.0)
(620.0,209.0)
(203.0,209.0)
(302.0,209.0)
(267.0,209.0)
(620.0,209.0)
(636.0,209.0)
(636.0,209.0)
(203.0,209.0)
(264.0,209.0)
(267.0,209.0)
(636.0,209.0)
(208.0,208.0)
(725.0,208.0)
(617.0,208.0)
(652.0,208.0)
(652.0,208.0)
(208.0,208.0)
(208.0,208.0)
(617.0,208.0)
(725.0,208.0)
(208.0,208.0)
(536.0,208.0)
(208.0,208.0)
(208.0,208.0)
(208.0,208.0)
(617.0,208.0)
(208.0,208.0)
(617.0,208.0)
(208.0,208.0)
(208.0,208.0)
(208.0,208.0)
(725.0,208.0)
(208.0,208.0)
(208.0,208.0)
(208.0,208.0)
(208.0,208.0)
(264.0,208.0)
(208.0,208.0)
(208.0,208.0)
(652.0,208.0)
(264.0,208.0)
(208.0,208.0)
(208.0,208.0)
(208.0,208.0)
(725.0,208.0)
(725.0,208.0)
(208.0,208.0)
(725.0,208.0)
(208.0,208.0)
(208.0,208.0)
(208.0,208.0)
(208.0,208.0)
(208.0,208.0)
(208.0,208.0)
(208.0,208.0)
(208.0,208.0)
(208.0,208.0)
(617.0,208.0)
(208.0,208.0)
(208.0,208.0)
(208.0,208.0)
(208.0,208.0)
(264.0,208.0)
(725.0,208.0)
(264.0,208.0)
(208.0,208.0)
(652.0,208.0)
(264.0,208.0)
(208.0,208.0)
(208.0,208.0)
(208.0,208.0)
(617.0,208.0)
(208.0,208.0)
(264.0,208.0)
(725.0,208.0)
(208.0,208.0)
(208.0,208.0)
(264.0,208.0)
(725.0,208.0)
(208.0,208.0)
(208.0,208.0)
(617.0,208.0)
(536.0,208.0)
(652.0,208.0)
(208.0,208.0)
(264.0,208.0)
(208.0,208.0)
(208.0,208.0)
(652.0,208.0)
(617.0,208.0)
(725.0,208.0)
(208.0,208.0)
(208.0,208.0)
(208.0,208.0)
(725.0,208.0)
(617.0,208.0)
(652.0,208.0)
(536.0,208.0)
(208.0,208.0)
(208.0,208.0)
(536.0,208.0)
(264.0,208.0)
(617.0,208.0)
(208.0,208.0)
(652.0,208.0)
(208.0,208.0)
(536.0,208.0)
(264.0,208.0)
(264.0,208.0)
(208.0,208.0)
(652.0,208.0)
(262.0,210.0)
(658.0,210.0)
(658.0,210.0)
(262.0,210.0)
(262.0,210.0)
(262.0,210.0)
(262.0,210.0)
(658.0,210.0)
(658.0,210.0)
(262.0,210.0)
(262.0,210.0)
(658.0,210.0)
(262.0,210.0)
(262.0,210.0)
(262.0,210.0)
(262.0,210.0)
(658.0,210.0)
(262.0,210.0)
(262.0,210.0)
(262.0,210.0)
(262.0,210.0)
(262.0,210.0)
(262.0,210.0)
(262.0,210.0)
(262.0,210.0)
(262.0,210.0)
(262.0,210.0)
(262.0,210.0)
(262.0,210.0)
(262.0,210.0)
(262.0,210.0)
(262.0,210.0)
(262.0,210.0)
(262.0,210.0)
(658.0,210.0)
(305.0,210.0)
(262.0,210.0)
(262.0,210.0)
(262.0,210.0)
(262.0,210.0)
(262.0,210.0)
(262.0,210.0)
(262.0,210.0)
(658.0,210.0)
(262.0,210.0)
(262.0,210.0)
(262.0,210.0)
(262.0,210.0)
(262.0,210.0)
(262.0,210.0)
(262.0,210.0)
(262.0,210.0)
(658.0,210.0)
(658.0,210.0)
(658.0,210.0)
(262.0,210.0)
(262.0,210.0)
(262.0,210.0)
(262.0,210.0)
(262.0,210.0)
(656.0,210.0)
(658.0,210.0)
(658.0,210.0)
(658.0,210.0)
(262.0,210.0)
(262.0,210.0)
(262.0,210.0)
(262.0,210.0)
(262.0,210.0)
(305.0,210.0)
(262.0,210.0)
(658.0,210.0)
(262.0,210.0)
(658.0,210.0)
(262.0,210.0)
(262.0,210.0)
(652.0,210.0)
(262.0,210.0)
(658.0,210.0)
(262.0,210.0)
(658.0,210.0)
(262.0,210.0)
(262.0,210.0)
(262.0,210.0)
(658.0,210.0)
(262.0,210.0)
(658.0,210.0)
(262.0,210.0)
(262.0,210.0)
(262.0,210.0)
(656.0,210.0)
(262.0,210.0)
(658.0,210.0)
(262.0,210.0)
(262.0,210.0)
(658.0,210.0)
(262.0,210.0)
(262.0,210.0)
(262.0,210.0)
(262.0,210.0)
(658.0,210.0)
(658.0,210.0)
(262.0,210.0)
(262.0,210.0)
(262.0,210.0)
(262.0,210.0)
(211.0,211.0)
(234.0,211.0)
(211.0,211.0)
(234.0,211.0)
(211.0,211.0)
(211.0,211.0)
(211.0,211.0)
(211.0,211.0)
(234.0,211.0)
(262.0,211.0)
(190.0,211.0)
(240.0,211.0)
(211.0,211.0)
(211.0,211.0)
(218.0,211.0)
(211.0,211.0)
(211.0,211.0)
(211.0,211.0)
(240.0,211.0)
(262.0,211.0)
(262.0,211.0)
(211.0,211.0)
(211.0,211.0)
(234.0,211.0)
(211.0,211.0)
(211.0,211.0)
(211.0,211.0)
(211.0,211.0)
(211.0,211.0)
(262.0,211.0)
(211.0,211.0)
(211.0,211.0)
(240.0,211.0)
(211.0,211.0)
(211.0,211.0)
(211.0,211.0)
(211.0,211.0)
(240.0,211.0)
(211.0,211.0)
(211.0,211.0)
(240.0,211.0)
(211.0,211.0)
(211.0,211.0)
(211.0,211.0)
(211.0,211.0)
(211.0,211.0)
(234.0,211.0)
(190.0,211.0)
(262.0,211.0)
(211.0,211.0)
(211.0,211.0)
(211.0,211.0)
(211.0,211.0)
(240.0,211.0)
(211.0,211.0)
(211.0,211.0)
(211.0,211.0)
(211.0,211.0)
(211.0,211.0)
(240.0,211.0)
(211.0,211.0)
(211.0,211.0)
(211.0,211.0)
(211.0,211.0)
(211.0,211.0)
(211.0,211.0)
(211.0,211.0)
(211.0,211.0)
(211.0,211.0)
(617.0,211.0)
(190.0,211.0)
(190.0,211.0)
(211.0,211.0)
(240.0,211.0)
(234.0,211.0)
(211.0,211.0)
(211.0,211.0)
(211.0,211.0)
(211.0,211.0)
(211.0,211.0)
(211.0,211.0)
(211.0,211.0)
(196.0,211.0)
(234.0,211.0)
(234.0,211.0)
(234.0,211.0)
(211.0,211.0)
(240.0,211.0)
(211.0,211.0)
(211.0,211.0)
(211.0,211.0)
(240.0,211.0)
(211.0,211.0)
(190.0,211.0)
(211.0,211.0)
(234.0,211.0)
(211.0,211.0)
(211.0,211.0)
(218.0,211.0)
(240.0,211.0)
(211.0,211.0)
(240.0,211.0)
(211.0,211.0)
(211.0,211.0)
(211.0,211.0)
(211.0,211.0)
(190.0,211.0)
(262.0,211.0)
(211.0,211.0)
(234.0,211.0)
(211.0,211.0)
(211.0,211.0)
(211.0,211.0)
(240.0,211.0)
(240.0,211.0)
(211.0,211.0)
(211.0,211.0)
(190.0,211.0)
(190.0,211.0)
(211.0,211.0)
(234.0,211.0)
(211.0,211.0)
(211.0,211.0)
(211.0,211.0)
(211.0,211.0)
(211.0,211.0)
(196.0,211.0)
(211.0,211.0)
(211.0,211.0)
(190.0,211.0)
(211.0,211.0)
(211.0,211.0)
(211.0,211.0)
(218.0,211.0)
(211.0,211.0)
(211.0,211.0)
(262.0,211.0)
(211.0,211.0)
(211.0,211.0)
(211.0,211.0)
(211.0,211.0)
(190.0,211.0)
(234.0,211.0)
(211.0,211.0)
(190.0,211.0)
(211.0,211.0)
(211.0,211.0)
(240.0,211.0)
(212.0,213.0)
(332.0,213.0)
(332.0,213.0)
(212.0,213.0)
(212.0,213.0)
(212.0,213.0)
(653.0,213.0)
(332.0,213.0)
(332.0,213.0)
(648.0,213.0)
(212.0,213.0)
(212.0,213.0)
(332.0,213.0)
(212.0,213.0)
(212.0,213.0)
(648.0,213.0)
(653.0,213.0)
(332.0,213.0)
(212.0,213.0)
(653.0,213.0)
(212.0,213.0)
(212.0,213.0)
(212.0,213.0)
(332.0,213.0)
(212.0,213.0)
(320.0,213.0)
(212.0,213.0)
(212.0,213.0)
(320.0,213.0)
(212.0,213.0)
(648.0,213.0)
(212.0,213.0)
(212.0,213.0)
(212.0,213.0)
(212.0,213.0)
(332.0,213.0)
(332.0,213.0)
(332.0,213.0)
(212.0,213.0)
(653.0,213.0)
(648.0,213.0)
(653.0,213.0)
(212.0,213.0)
(212.0,213.0)
(332.0,213.0)
(212.0,213.0)
(212.0,213.0)
(212.0,213.0)
(212.0,213.0)
(212.0,213.0)
(212.0,213.0)
(212.0,213.0)
(332.0,213.0)
(332.0,213.0)
(332.0,213.0)
(212.0,213.0)
(332.0,213.0)
(332.0,213.0)
(212.0,213.0)
(212.0,213.0)
(212.0,213.0)
(212.0,213.0)
(653.0,213.0)
(705.0,213.0)
(332.0,213.0)
(332.0,213.0)
(332.0,213.0)
(212.0,213.0)
(320.0,213.0)
(653.0,213.0)
(212.0,213.0)
(212.0,213.0)
(312.0,213.0)
(332.0,213.0)
(212.0,213.0)
(716.0,213.0)
(212.0,213.0)
(332.0,213.0)
(653.0,213.0)
(648.0,213.0)
(212.0,213.0)
(212.0,213.0)
(332.0,213.0)
(332.0,213.0)
(212.0,213.0)
(320.0,213.0)
(648.0,213.0)
(653.0,213.0)
(332.0,213.0)
(332.0,213.0)
(212.0,213.0)
(332.0,213.0)
(653.0,213.0)
(212.0,213.0)
(716.0,213.0)
(332.0,213.0)
(212.0,213.0)
(212.0,213.0)
(332.0,213.0)
(212.0,213.0)
(212.0,213.0)
(212.0,213.0)
(653.0,213.0)
(332.0,213.0)
(332.0,213.0)
(332.0,213.0)
(212.0,213.0)
(320.0,213.0)
(653.0,213.0)
(652.0,213.0)
(652.0,213.0)
(646.0,213.0)
(653.0,213.0)
(646.0,213.0)
(652.0,213.0)
(653.0,213.0)
(646.0,213.0)
(646.0,213.0)
(652.0,213.0)
(652.0,213.0)
(652.0,213.0)
(652.0,213.0)
(653.0,213.0)
(653.0,213.0)
(652.0,213.0)
(653.0,213.0)
(646.0,213.0)
(653.0,213.0)
(646.0,213.0)
(648.0,213.0)
(646.0,213.0)
(646.0,213.0)
(653.0,213.0)
(646.0,213.0)
(653.0,213.0)
(653.0,213.0)
(653.0,213.0)
(652.0,213.0)
(653.0,213.0)
(652.0,213.0)
(653.0,213.0)
(648.0,213.0)
(646.0,213.0)
(653.0,213.0)
(652.0,213.0)
(652.0,213.0)
(653.0,213.0)
(646.0,213.0)
(652.0,213.0)
(652.0,213.0)
(653.0,213.0)
(652.0,213.0)
(653.0,213.0)
(653.0,213.0)
(653.0,213.0)
(653.0,213.0)
(646.0,213.0)
(335.0,213.0)
(646.0,213.0)
(653.0,213.0)
(646.0,213.0)
(652.0,213.0)
(646.0,213.0)
(653.0,213.0)
(653.0,213.0)
(646.0,213.0)
(646.0,213.0)
(652.0,213.0)
(653.0,213.0)
(652.0,213.0)
(653.0,213.0)
(648.0,213.0)
(652.0,213.0)
(653.0,213.0)
(653.0,213.0)
(653.0,213.0)
(653.0,213.0)
(653.0,213.0)
(646.0,213.0)
(335.0,213.0)
(652.0,213.0)
(652.0,213.0)
(653.0,213.0)
(646.0,213.0)
(652.0,213.0)
(653.0,213.0)
(653.0,213.0)
(652.0,213.0)
(653.0,213.0)
(653.0,213.0)
(646.0,213.0)
(652.0,213.0)
(652.0,213.0)
(646.0,213.0)
(646.0,213.0)
(653.0,213.0)
(646.0,213.0)
(646.0,213.0)
(653.0,213.0)
(653.0,213.0)
(646.0,213.0)
(335.0,213.0)
(653.0,213.0)
(652.0,213.0)
(653.0,213.0)
(217.0,213.0)
(652.0,213.0)
(646.0,213.0)
(652.0,213.0)
(653.0,213.0)
(646.0,213.0)
(646.0,213.0)
(648.0,213.0)
(646.0,213.0)
(648.0,213.0)
(652.0,213.0)
(653.0,213.0)
(646.0,213.0)
(646.0,213.0)
(652.0,213.0)
(646.0,213.0)
(652.0,213.0)
(335.0,213.0)
(653.0,213.0)
(646.0,213.0)
(653.0,213.0)
(653.0,213.0)
(652.0,213.0)
(646.0,213.0)
(652.0,213.0)
(652.0,213.0)
(653.0,213.0)
(653.0,213.0)
(646.0,213.0)
(652.0,213.0)
(652.0,213.0)
(652.0,213.0)
(653.0,213.0)
(653.0,213.0)
(653.0,213.0)
(652.0,213.0)
(646.0,213.0)
(652.0,213.0)
(652.0,213.0)
(652.0,213.0)
(652.0,213.0)
(648.0,213.0)
(335.0,213.0)
(653.0,213.0)
(648.0,213.0)
(646.0,213.0)
(653.0,213.0)
(240.0,211.0)
(653.0,211.0)
(617.0,211.0)
(653.0,211.0)
(617.0,211.0)
(240.0,211.0)
(240.0,211.0)
(653.0,211.0)
(211.0,211.0)
(653.0,211.0)
(240.0,211.0)
(240.0,211.0)
(617.0,211.0)
(211.0,211.0)
(653.0,211.0)
(653.0,211.0)
(190.0,211.0)
(653.0,211.0)
(211.0,211.0)
(653.0,211.0)
(240.0,211.0)
(190.0,211.0)
(305.0,211.0)
(211.0,211.0)
(617.0,211.0)
(240.0,211.0)
(653.0,211.0)
(240.0,211.0)
(255.0,211.0)
(653.0,211.0)
(653.0,211.0)
(653.0,211.0)
(240.0,211.0)
(617.0,211.0)
(211.0,211.0)
(653.0,211.0)
(240.0,211.0)
(240.0,211.0)
(240.0,211.0)
(240.0,211.0)
(653.0,211.0)
(305.0,211.0)
(653.0,211.0)
(190.0,211.0)
(211.0,211.0)
(240.0,211.0)
(645.0,211.0)
(240.0,211.0)
(653.0,211.0)
(653.0,211.0)
(211.0,211.0)
(653.0,211.0)
(240.0,211.0)
(645.0,211.0)
(653.0,211.0)
(211.0,211.0)
(211.0,211.0)
(211.0,211.0)
(653.0,211.0)
(211.0,211.0)
(240.0,211.0)
(653.0,211.0)
(211.0,211.0)
(240.0,211.0)
(240.0,211.0)
(190.0,211.0)
(240.0,211.0)
(653.0,211.0)
(617.0,211.0)
(305.0,211.0)
(305.0,211.0)
(240.0,211.0)
(240.0,211.0)
(190.0,211.0)
(305.0,211.0)
(653.0,211.0)
(240.0,211.0)
(653.0,211.0)
(653.0,211.0)
(653.0,211.0)
(653.0,211.0)
(617.0,211.0)
(653.0,211.0)
(653.0,211.0)
(617.0,211.0)
(305.0,211.0)
(240.0,211.0)
(653.0,211.0)
(211.0,211.0)
(240.0,211.0)
(240.0,211.0)
(240.0,211.0)
(653.0,211.0)
(240.0,211.0)
(240.0,211.0)
(617.0,211.0)
(305.0,211.0)
(617.0,211.0)
