(474.0,474.0)
(474.0,474.0)
(481.0,474.0)
(481.0,474.0)
(455.0,474.0)
(481.0,474.0)
(481.0,474.0)
(739.0,474.0)
(455.0,474.0)
(481.0,474.0)
(455.0,474.0)
(447.0,474.0)
(809.0,474.0)
(471.0,474.0)
(455.0,474.0)
(474.0,474.0)
(481.0,474.0)
(481.0,474.0)
(447.0,474.0)
(474.0,474.0)
(481.0,474.0)
(481.0,474.0)
(474.0,474.0)
(474.0,474.0)
(474.0,474.0)
(474.0,474.0)
(474.0,474.0)
(482.0,474.0)
(481.0,474.0)
(481.0,474.0)
(447.0,474.0)
(481.0,474.0)
(481.0,474.0)
(481.0,474.0)
(481.0,474.0)
(481.0,474.0)
(481.0,474.0)
(474.0,474.0)
(481.0,474.0)
(481.0,474.0)
(474.0,474.0)
(474.0,474.0)
(455.0,474.0)
(481.0,474.0)
(455.0,474.0)
(483.0,474.0)
(481.0,474.0)
(481.0,474.0)
(474.0,474.0)
(481.0,474.0)
(474.0,474.0)
(474.0,474.0)
(481.0,474.0)
(474.0,474.0)
(481.0,474.0)
(474.0,474.0)
(481.0,474.0)
(739.0,474.0)
(474.0,474.0)
(481.0,474.0)
(481.0,474.0)
(481.0,474.0)
(447.0,474.0)
(481.0,474.0)
(474.0,474.0)
(474.0,474.0)
(474.0,474.0)
(481.0,474.0)
(481.0,474.0)
(481.0,474.0)
(481.0,474.0)
(471.0,474.0)
(481.0,474.0)
(483.0,474.0)
(455.0,474.0)
(474.0,474.0)
(481.0,474.0)
(481.0,474.0)
(481.0,474.0)
(474.0,474.0)
(474.0,474.0)
(481.0,474.0)
(474.0,474.0)
(474.0,474.0)
(474.0,474.0)
(362.0,474.0)
(474.0,474.0)
(374.0,474.0)
(481.0,474.0)
(481.0,474.0)
(481.0,474.0)
(481.0,474.0)
(474.0,474.0)
(481.0,474.0)
(743.0,474.0)
(474.0,474.0)
(447.0,474.0)
(483.0,474.0)
(481.0,474.0)
(363.0,474.0)
(474.0,474.0)
(481.0,474.0)
(481.0,474.0)
(481.0,474.0)
(474.0,474.0)
(481.0,474.0)
(474.0,474.0)
(474.0,474.0)
(455.0,474.0)
(481.0,474.0)
(481.0,474.0)
(474.0,474.0)
(481.0,474.0)
(474.0,474.0)
(481.0,474.0)
(481.0,474.0)
(481.0,474.0)
(455.0,474.0)
(474.0,474.0)
(481.0,474.0)
(481.0,474.0)
(474.0,474.0)
(474.0,474.0)
(363.0,474.0)
(474.0,474.0)
(474.0,474.0)
(474.0,474.0)
(481.0,474.0)
(481.0,474.0)
(455.0,474.0)
(421.0,474.0)
(481.0,474.0)
(482.0,474.0)
(474.0,474.0)
(447.0,474.0)
(481.0,474.0)
(481.0,474.0)
(471.0,474.0)
(481.0,474.0)
(481.0,474.0)
(481.0,474.0)
(481.0,474.0)
(447.0,474.0)
(363.0,474.0)
(481.0,474.0)
(481.0,474.0)
(481.0,474.0)
(474.0,474.0)
(481.0,474.0)
(481.0,474.0)
(447.0,474.0)
(481.0,474.0)
(739.0,474.0)
(474.0,474.0)
(481.0,474.0)
(474.0,474.0)
(481.0,474.0)
(481.0,474.0)
(481.0,474.0)
(455.0,474.0)
(474.0,474.0)
(481.0,474.0)
(455.0,474.0)
(455.0,474.0)
(481.0,474.0)
(474.0,474.0)
(481.0,474.0)
(474.0,474.0)
(481.0,474.0)
(481.0,474.0)
(474.0,474.0)
(474.0,474.0)
(447.0,474.0)
(474.0,474.0)
(447.0,474.0)
(481.0,474.0)
(481.0,474.0)
(455.0,474.0)
(474.0,474.0)
(481.0,474.0)
(481.0,474.0)
(481.0,474.0)
(481.0,474.0)
(474.0,474.0)
(743.0,474.0)
(474.0,474.0)
(481.0,474.0)
(481.0,474.0)
(474.0,474.0)
(481.0,474.0)
(481.0,474.0)
(474.0,474.0)
(481.0,474.0)
(474.0,474.0)
(447.0,474.0)
(363.0,474.0)
(481.0,474.0)
(447.0,474.0)
(474.0,474.0)
(481.0,474.0)
(481.0,474.0)
(474.0,474.0)
(474.0,474.0)
(481.0,474.0)
(455.0,474.0)
(474.0,474.0)
(481.0,474.0)
(481.0,474.0)
(743.0,474.0)
(481.0,474.0)
(481.0,474.0)
(481.0,474.0)
(481.0,474.0)
(474.0,474.0)
(481.0,474.0)
(482.0,474.0)
(455.0,474.0)
(481.0,474.0)
(481.0,474.0)
(481.0,474.0)
(474.0,474.0)
(804.0,474.0)
(474.0,474.0)
(447.0,474.0)
(474.0,474.0)
(474.0,474.0)
(474.0,474.0)
(481.0,474.0)
(474.0,474.0)
(481.0,474.0)
(474.0,474.0)
(481.0,474.0)
(481.0,474.0)
(474.0,474.0)
(481.0,474.0)
(481.0,474.0)
(481.0,474.0)
(474.0,474.0)
(447.0,474.0)
(474.0,474.0)
(417.0,474.0)
(474.0,474.0)
(455.0,474.0)
(481.0,474.0)
(474.0,474.0)
(475.0,474.0)
(481.0,474.0)
(362.0,474.0)
(481.0,474.0)
(481.0,474.0)
(474.0,474.0)
(481.0,474.0)
(447.0,474.0)
(474.0,474.0)
(474.0,474.0)
(481.0,474.0)
(455.0,474.0)
(455.0,474.0)
(481.0,474.0)
(474.0,474.0)
(809.0,474.0)
(481.0,474.0)
(474.0,474.0)
(809.0,474.0)
(474.0,474.0)
(474.0,474.0)
(363.0,474.0)
(481.0,474.0)
(481.0,474.0)
(481.0,474.0)
(455.0,474.0)
(474.0,474.0)
(363.0,474.0)
(455.0,474.0)
(474.0,474.0)
(743.0,474.0)
(474.0,474.0)
(474.0,474.0)
(474.0,474.0)
(472.0,474.0)
(455.0,474.0)
(455.0,474.0)
(739.0,474.0)
(481.0,474.0)
(474.0,474.0)
(455.0,474.0)
(447.0,474.0)
(455.0,474.0)
(481.0,474.0)
(447.0,474.0)
(474.0,474.0)
(474.0,474.0)
(481.0,474.0)
(474.0,474.0)
(472.0,474.0)
(481.0,474.0)
(363.0,474.0)
(481.0,474.0)
(481.0,474.0)
(481.0,474.0)
(447.0,474.0)
(474.0,474.0)
(481.0,474.0)
(474.0,474.0)
(447.0,474.0)
(474.0,474.0)
(481.0,474.0)
(447.0,474.0)
(455.0,474.0)
(455.0,474.0)
(462.0,474.0)
(363.0,474.0)
(474.0,474.0)
(474.0,474.0)
(447.0,474.0)
(481.0,474.0)
(455.0,474.0)
(455.0,474.0)
(483.0,474.0)
(474.0,474.0)
(481.0,474.0)
(474.0,474.0)
(447.0,474.0)
(455.0,474.0)
(455.0,474.0)
(455.0,474.0)
(447.0,474.0)
(481.0,474.0)
(447.0,474.0)
(483.0,474.0)
(474.0,474.0)
(743.0,474.0)
(481.0,474.0)
(481.0,474.0)
(474.0,474.0)
(481.0,474.0)
(447.0,474.0)
(447.0,474.0)
(481.0,474.0)
(474.0,474.0)
(481.0,474.0)
(474.0,474.0)
(474.0,474.0)
(474.0,474.0)
(474.0,474.0)
(474.0,474.0)
(474.0,474.0)
(474.0,474.0)
(447.0,474.0)
(481.0,474.0)
(809.0,474.0)
(447.0,474.0)
(474.0,474.0)
(447.0,474.0)
(481.0,474.0)
(474.0,474.0)
(474.0,474.0)
(481.0,474.0)
(481.0,474.0)
(474.0,474.0)
(363.0,474.0)
(481.0,474.0)
(447.0,474.0)
(474.0,474.0)
(481.0,474.0)
(447.0,474.0)
(474.0,474.0)
(455.0,474.0)
(474.0,474.0)
(474.0,474.0)
(474.0,474.0)
(481.0,474.0)
(481.0,474.0)
(481.0,474.0)
(474.0,474.0)
(474.0,474.0)
(809.0,474.0)
(474.0,474.0)
(474.0,474.0)
(481.0,474.0)
(455.0,474.0)
(447.0,474.0)
(474.0,474.0)
(455.0,474.0)
(474.0,474.0)
(474.0,474.0)
(481.0,474.0)
(474.0,474.0)
(474.0,474.0)
(481.0,474.0)
(481.0,474.0)
(481.0,474.0)
(474.0,474.0)
(455.0,474.0)
(455.0,474.0)
(481.0,474.0)
(455.0,474.0)
(474.0,474.0)
(787.0,474.0)
(481.0,474.0)
(474.0,474.0)
(447.0,474.0)
(455.0,474.0)
(474.0,474.0)
(455.0,474.0)
(474.0,474.0)
(481.0,474.0)
(482.0,474.0)
(743.0,474.0)
(743.0,474.0)
(363.0,474.0)
(474.0,474.0)
(447.0,474.0)
(474.0,474.0)
(481.0,474.0)
(481.0,474.0)
(474.0,474.0)
(481.0,474.0)
(447.0,474.0)
(753.0,474.0)
(455.0,474.0)
(455.0,474.0)
(447.0,474.0)
(474.0,474.0)
(474.0,474.0)
(299.0,474.0)
(474.0,474.0)
(474.0,474.0)
(455.0,474.0)
(474.0,474.0)
(447.0,474.0)
(481.0,474.0)
(481.0,474.0)
(455.0,474.0)
(474.0,474.0)
(474.0,474.0)
(474.0,474.0)
(455.0,474.0)
(474.0,474.0)
(455.0,474.0)
(483.0,474.0)
(455.0,474.0)
(447.0,474.0)
(474.0,474.0)
(474.0,474.0)
(474.0,474.0)
(455.0,474.0)
(474.0,474.0)
(455.0,474.0)
(455.0,474.0)
(455.0,474.0)
(743.0,474.0)
(481.0,474.0)
(474.0,474.0)
(481.0,474.0)
(481.0,474.0)
(481.0,474.0)
(474.0,474.0)
(455.0,474.0)
(474.0,474.0)
(447.0,474.0)
(474.0,474.0)
(474.0,474.0)
(363.0,474.0)
(474.0,474.0)
(481.0,474.0)
(447.0,474.0)
(474.0,474.0)
(481.0,474.0)
(474.0,474.0)
(481.0,474.0)
(474.0,474.0)
(474.0,474.0)
(481.0,474.0)
(743.0,474.0)
(481.0,474.0)
(481.0,474.0)
(447.0,474.0)
(481.0,474.0)
(481.0,474.0)
(481.0,474.0)
(481.0,474.0)
(481.0,474.0)
(481.0,474.0)
(474.0,474.0)
(481.0,474.0)
(447.0,474.0)
(474.0,474.0)
(481.0,474.0)
(481.0,474.0)
(481.0,474.0)
(474.0,474.0)
(481.0,474.0)
(481.0,474.0)
(417.0,474.0)
(447.0,474.0)
(481.0,474.0)
(481.0,474.0)
(481.0,474.0)
(481.0,474.0)
(481.0,474.0)
(481.0,474.0)
(417.0,474.0)
(481.0,474.0)
(481.0,474.0)
(455.0,474.0)
(481.0,474.0)
(455.0,474.0)
(362.0,474.0)
(447.0,474.0)
(455.0,474.0)
(455.0,474.0)
(481.0,474.0)
(481.0,474.0)
(474.0,474.0)
(481.0,474.0)
(455.0,474.0)
(481.0,474.0)
(481.0,474.0)
(483.0,474.0)
(474.0,474.0)
(481.0,474.0)
(481.0,474.0)
(481.0,474.0)
(481.0,474.0)
(481.0,474.0)
(481.0,474.0)
(447.0,474.0)
(481.0,474.0)
(481.0,474.0)
(481.0,474.0)
(481.0,474.0)
(455.0,474.0)
(481.0,474.0)
(474.0,474.0)
(481.0,474.0)
(474.0,474.0)
(481.0,474.0)
(474.0,474.0)
(474.0,474.0)
(481.0,474.0)
(481.0,474.0)
(455.0,474.0)
(481.0,474.0)
(481.0,474.0)
(481.0,474.0)
(481.0,474.0)
(481.0,474.0)
(481.0,474.0)
(481.0,474.0)
(474.0,474.0)
(474.0,474.0)
(481.0,474.0)
(481.0,474.0)
(363.0,474.0)
(481.0,474.0)
(481.0,474.0)
(481.0,474.0)
(471.0,474.0)
(481.0,474.0)
(455.0,474.0)
(474.0,474.0)
(755.0,474.0)
(481.0,474.0)
(481.0,474.0)
(455.0,474.0)
(474.0,474.0)
(474.0,474.0)
(481.0,474.0)
(481.0,474.0)
(474.0,474.0)
(809.0,474.0)
(481.0,474.0)
(474.0,474.0)
(481.0,474.0)
(481.0,474.0)
(481.0,474.0)
(474.0,474.0)
(481.0,474.0)
(455.0,474.0)
(362.0,474.0)
(481.0,474.0)
(481.0,474.0)
(483.0,474.0)
(481.0,474.0)
(481.0,474.0)
(481.0,474.0)
(474.0,474.0)
(481.0,474.0)
(474.0,474.0)
(481.0,474.0)
(447.0,474.0)
(481.0,474.0)
(481.0,474.0)
(447.0,474.0)
(481.0,474.0)
(481.0,474.0)
(481.0,474.0)
(481.0,474.0)
(474.0,474.0)
(481.0,474.0)
(481.0,474.0)
(481.0,474.0)
(809.0,474.0)
(455.0,474.0)
(447.0,474.0)
(481.0,474.0)
(753.0,474.0)
(481.0,474.0)
(481.0,474.0)
(481.0,474.0)
(417.0,474.0)
(447.0,474.0)
(474.0,474.0)
(481.0,474.0)
(483.0,474.0)
(474.0,474.0)
(743.0,474.0)
(474.0,474.0)
(481.0,474.0)
(481.0,474.0)
(481.0,474.0)
(481.0,474.0)
(481.0,474.0)
(481.0,474.0)
(447.0,474.0)
(483.0,474.0)
(447.0,474.0)
(483.0,474.0)
(474.0,474.0)
(809.0,474.0)
(481.0,474.0)
(474.0,474.0)
(481.0,474.0)
(474.0,474.0)
(481.0,474.0)
(481.0,474.0)
(481.0,474.0)
(481.0,474.0)
(474.0,474.0)
(474.0,474.0)
(481.0,474.0)
(481.0,474.0)
(481.0,474.0)
(481.0,474.0)
(455.0,474.0)
(481.0,474.0)
(481.0,474.0)
(809.0,474.0)
(481.0,474.0)
(481.0,474.0)
(481.0,474.0)
(447.0,474.0)
(481.0,474.0)
(474.0,474.0)
(481.0,474.0)
(481.0,474.0)
(481.0,474.0)
(757.0,474.0)
(479.0,474.0)
(479.0,474.0)
(483.0,474.0)
(479.0,474.0)
(757.0,474.0)
(479.0,474.0)
(479.0,474.0)
(479.0,474.0)
(479.0,474.0)
(479.0,474.0)
(479.0,474.0)
(479.0,474.0)
(483.0,474.0)
(479.0,474.0)
(479.0,474.0)
(479.0,474.0)
(483.0,474.0)
(479.0,474.0)
(483.0,474.0)
(385.0,474.0)
(386.0,474.0)
(479.0,474.0)
(756.0,474.0)
(479.0,474.0)
(417.0,474.0)
(479.0,474.0)
(479.0,474.0)
(756.0,474.0)
(459.0,474.0)
(479.0,474.0)
(475.0,474.0)
(479.0,474.0)
(479.0,474.0)
(479.0,474.0)
(479.0,474.0)
(748.0,474.0)
(479.0,474.0)
(479.0,474.0)
(483.0,474.0)
(479.0,474.0)
(483.0,474.0)
(482.0,474.0)
(479.0,474.0)
(483.0,474.0)
(482.0,474.0)
(479.0,474.0)
(387.0,474.0)
(479.0,474.0)
(479.0,474.0)
(757.0,474.0)
(482.0,474.0)
(479.0,474.0)
(482.0,474.0)
(479.0,474.0)
(483.0,474.0)
(479.0,474.0)
(385.0,474.0)
(479.0,474.0)
(479.0,474.0)
(757.0,474.0)
(464.0,474.0)
(479.0,474.0)
(483.0,474.0)
(474.0,474.0)
(459.0,474.0)
(479.0,474.0)
(482.0,474.0)
(479.0,474.0)
(479.0,474.0)
(479.0,474.0)
(479.0,474.0)
(757.0,474.0)
(479.0,474.0)
(483.0,474.0)
(474.0,474.0)
(479.0,474.0)
(479.0,474.0)
(479.0,474.0)
(464.0,474.0)
(440.0,474.0)
(444.0,474.0)
(479.0,474.0)
(479.0,474.0)
(386.0,474.0)
(479.0,474.0)
(479.0,474.0)
(479.0,474.0)
(474.0,474.0)
(479.0,474.0)
(479.0,474.0)
(809.0,474.0)
(757.0,474.0)
(440.0,474.0)
(448.0,474.0)
(444.0,474.0)
(479.0,474.0)
(483.0,474.0)
(479.0,474.0)
(479.0,474.0)
(479.0,474.0)
(368.0,474.0)
(482.0,474.0)
(482.0,474.0)
(452.0,474.0)
(757.0,474.0)
(479.0,474.0)
(479.0,474.0)
(387.0,474.0)
(757.0,474.0)
(474.0,474.0)
(479.0,474.0)
(479.0,474.0)
(479.0,474.0)
(479.0,474.0)
(440.0,474.0)
(386.0,474.0)
(483.0,474.0)
(479.0,474.0)
(479.0,474.0)
(479.0,474.0)
(479.0,474.0)
(483.0,474.0)
(483.0,474.0)
(479.0,474.0)
(448.0,474.0)
(408.0,474.0)
(440.0,474.0)
(479.0,474.0)
(479.0,474.0)
(479.0,474.0)
(748.0,474.0)
(479.0,474.0)
(479.0,474.0)
(479.0,474.0)
(444.0,474.0)
(479.0,474.0)
(479.0,474.0)
(799.0,474.0)
(379.0,474.0)
(757.0,474.0)
(475.0,474.0)
(479.0,474.0)
(479.0,474.0)
(479.0,474.0)
(459.0,474.0)
(482.0,474.0)
(483.0,474.0)
(479.0,474.0)
(479.0,474.0)
(479.0,474.0)
(479.0,474.0)
(479.0,474.0)
(809.0,474.0)
(479.0,474.0)
(482.0,474.0)
(479.0,474.0)
(444.0,474.0)
(479.0,474.0)
(479.0,474.0)
(479.0,474.0)
(479.0,474.0)
(479.0,474.0)
(483.0,474.0)
(771.0,474.0)
(756.0,474.0)
(479.0,474.0)
(483.0,474.0)
(756.0,474.0)
(479.0,474.0)
(479.0,474.0)
(479.0,474.0)
(809.0,474.0)
(479.0,474.0)
(474.0,474.0)
(479.0,474.0)
(479.0,474.0)
(479.0,474.0)
(479.0,474.0)
(474.0,474.0)
(464.0,474.0)
(479.0,474.0)
(387.0,474.0)
(385.0,474.0)
(748.0,474.0)
(479.0,474.0)
(474.0,474.0)
(474.0,474.0)
(474.0,474.0)
(481.0,474.0)
(809.0,474.0)
(447.0,474.0)
(474.0,474.0)
(809.0,474.0)
(474.0,474.0)
(479.0,474.0)
(474.0,474.0)
(483.0,474.0)
(474.0,474.0)
(474.0,474.0)
(474.0,474.0)
(474.0,474.0)
(474.0,474.0)
(483.0,474.0)
(459.0,474.0)
(474.0,474.0)
(474.0,474.0)
(474.0,474.0)
(483.0,474.0)
(474.0,474.0)
(474.0,474.0)
(474.0,474.0)
(809.0,474.0)
(474.0,474.0)
(483.0,474.0)
(474.0,474.0)
(474.0,474.0)
(474.0,474.0)
(474.0,474.0)
(474.0,474.0)
(809.0,474.0)
(809.0,474.0)
(447.0,474.0)
(474.0,474.0)
(474.0,474.0)
(482.0,474.0)
(474.0,474.0)
(474.0,474.0)
(474.0,474.0)
(809.0,474.0)
(482.0,474.0)
(474.0,474.0)
(809.0,474.0)
(474.0,474.0)
(474.0,474.0)
(474.0,474.0)
(474.0,474.0)
(474.0,474.0)
(481.0,474.0)
(474.0,474.0)
(471.0,474.0)
(474.0,474.0)
(809.0,474.0)
(368.0,474.0)
(447.0,474.0)
(474.0,474.0)
(474.0,474.0)
(809.0,474.0)
(809.0,474.0)
(474.0,474.0)
(474.0,474.0)
(474.0,474.0)
(482.0,474.0)
(474.0,474.0)
(474.0,474.0)
(474.0,474.0)
(809.0,474.0)
(481.0,474.0)
(474.0,474.0)
(474.0,474.0)
(474.0,474.0)
(474.0,474.0)
(482.0,474.0)
(474.0,474.0)
(471.0,474.0)
(474.0,474.0)
(481.0,474.0)
(809.0,474.0)
(474.0,474.0)
(474.0,474.0)
(474.0,474.0)
(780.0,474.0)
(483.0,474.0)
(482.0,474.0)
(474.0,474.0)
(474.0,474.0)
(474.0,474.0)
(474.0,474.0)
(474.0,474.0)
(809.0,474.0)
(809.0,474.0)
(474.0,474.0)
(474.0,474.0)
(743.0,474.0)
(474.0,474.0)
(447.0,474.0)
(474.0,474.0)
(483.0,474.0)
(474.0,474.0)
(474.0,474.0)
(483.0,474.0)
(474.0,474.0)
(474.0,474.0)
(474.0,474.0)
(474.0,474.0)
(474.0,474.0)
(479.0,474.0)
(479.0,474.0)
(459.0,474.0)
(474.0,474.0)
(474.0,474.0)
(474.0,474.0)
(482.0,474.0)
(809.0,474.0)
(474.0,474.0)
(474.0,474.0)
(483.0,474.0)
(475.0,474.0)
(809.0,474.0)
(474.0,474.0)
(479.0,474.0)
(809.0,474.0)
(474.0,474.0)
(474.0,474.0)
(474.0,474.0)
(483.0,474.0)
(479.0,474.0)
(482.0,474.0)
(482.0,474.0)
(474.0,474.0)
(474.0,474.0)
(447.0,474.0)
(474.0,474.0)
(362.0,474.0)
(471.0,474.0)
(474.0,474.0)
(474.0,474.0)
(455.0,474.0)
(474.0,474.0)
(481.0,474.0)
(474.0,474.0)
(474.0,474.0)
(474.0,474.0)
(474.0,474.0)
(474.0,474.0)
(739.0,474.0)
(482.0,474.0)
(474.0,474.0)
(809.0,474.0)
(474.0,474.0)
(809.0,474.0)
(474.0,474.0)
(474.0,474.0)
(474.0,474.0)
(474.0,474.0)
(483.0,474.0)
(474.0,474.0)
(474.0,474.0)
(474.0,474.0)
(483.0,474.0)
(483.0,474.0)
(482.0,474.0)
(474.0,474.0)
(474.0,474.0)
(474.0,474.0)
(474.0,474.0)
(482.0,474.0)
(474.0,474.0)
(482.0,474.0)
(482.0,474.0)
(482.0,474.0)
(482.0,474.0)
(809.0,474.0)
(447.0,474.0)
(483.0,474.0)
(474.0,474.0)
(474.0,474.0)
(809.0,474.0)
(809.0,474.0)
(474.0,474.0)
(809.0,474.0)
(809.0,474.0)
(474.0,474.0)
(474.0,474.0)
(474.0,474.0)
(483.0,474.0)
(479.0,474.0)
(447.0,474.0)
(809.0,474.0)
(482.0,474.0)
(474.0,474.0)
(483.0,474.0)
(474.0,474.0)
(474.0,474.0)
(474.0,474.0)
(474.0,474.0)
(455.0,474.0)
(481.0,474.0)
(481.0,474.0)
(481.0,474.0)
(481.0,474.0)
(481.0,474.0)
(474.0,474.0)
(481.0,474.0)
(447.0,474.0)
(481.0,474.0)
(481.0,474.0)
(474.0,474.0)
(808.0,474.0)
(474.0,474.0)
(481.0,474.0)
(481.0,474.0)
(455.0,474.0)
(481.0,474.0)
(474.0,474.0)
(481.0,474.0)
(481.0,474.0)
(483.0,474.0)
(417.0,474.0)
(447.0,474.0)
(474.0,474.0)
(483.0,474.0)
(447.0,474.0)
(481.0,474.0)
(474.0,474.0)
(455.0,474.0)
(481.0,474.0)
(481.0,474.0)
(447.0,474.0)
(474.0,474.0)
(474.0,474.0)
(481.0,474.0)
(481.0,474.0)
(481.0,474.0)
(455.0,474.0)
(481.0,474.0)
(455.0,474.0)
(481.0,474.0)
(481.0,474.0)
(481.0,474.0)
(481.0,474.0)
(481.0,474.0)
(447.0,474.0)
(481.0,474.0)
(481.0,474.0)
(362.0,474.0)
(481.0,474.0)
(474.0,474.0)
(481.0,474.0)
(482.0,474.0)
(481.0,474.0)
(455.0,474.0)
(481.0,474.0)
(481.0,474.0)
(481.0,474.0)
(481.0,474.0)
(455.0,474.0)
(481.0,474.0)
(474.0,474.0)
(481.0,474.0)
(447.0,474.0)
(481.0,474.0)
(481.0,474.0)
(483.0,474.0)
(743.0,474.0)
(481.0,474.0)
(474.0,474.0)
(481.0,474.0)
(481.0,474.0)
(481.0,474.0)
(481.0,474.0)
(481.0,474.0)
(481.0,474.0)
(481.0,474.0)
(481.0,474.0)
(474.0,474.0)
(481.0,474.0)
(481.0,474.0)
(481.0,474.0)
(447.0,474.0)
(481.0,474.0)
(481.0,474.0)
(481.0,474.0)
(481.0,474.0)
(481.0,474.0)
(417.0,474.0)
(455.0,474.0)
(481.0,474.0)
(474.0,474.0)
(481.0,474.0)
(481.0,474.0)
(481.0,474.0)
(481.0,474.0)
(481.0,474.0)
(481.0,474.0)
(481.0,474.0)
(481.0,474.0)
(481.0,474.0)
(447.0,474.0)
(481.0,474.0)
(483.0,474.0)
(481.0,474.0)
(481.0,474.0)
(481.0,474.0)
(481.0,474.0)
(474.0,474.0)
(474.0,474.0)
(455.0,474.0)
(481.0,474.0)
(481.0,474.0)
(447.0,474.0)
(474.0,474.0)
(474.0,474.0)
(474.0,474.0)
(481.0,474.0)
(481.0,474.0)
(362.0,474.0)
(481.0,474.0)
(481.0,474.0)
(481.0,474.0)
(455.0,474.0)
(474.0,474.0)
(474.0,474.0)
(481.0,474.0)
(481.0,474.0)
(481.0,474.0)
(481.0,474.0)
(481.0,474.0)
(474.0,474.0)
(474.0,474.0)
(481.0,474.0)
(447.0,474.0)
(481.0,474.0)
(481.0,474.0)
(481.0,474.0)
(481.0,474.0)
(481.0,474.0)
(447.0,474.0)
(481.0,474.0)
(474.0,474.0)
(474.0,474.0)
(481.0,474.0)
(481.0,474.0)
(481.0,474.0)
(447.0,474.0)
(474.0,474.0)
(481.0,474.0)
(481.0,474.0)
(481.0,474.0)
(481.0,474.0)
(481.0,474.0)
(483.0,474.0)
(481.0,474.0)
(474.0,474.0)
(482.0,474.0)
(481.0,474.0)
(474.0,474.0)
(474.0,474.0)
(481.0,474.0)
(481.0,474.0)
(481.0,474.0)
(481.0,474.0)
(474.0,474.0)
(483.0,474.0)
(481.0,474.0)
(481.0,474.0)
(481.0,474.0)
(455.0,474.0)
(481.0,474.0)
(474.0,474.0)
(481.0,474.0)
(447.0,474.0)
(483.0,474.0)
(481.0,474.0)
(481.0,474.0)
(474.0,474.0)
(481.0,474.0)
(481.0,474.0)
(474.0,474.0)
(481.0,474.0)
(474.0,474.0)
(474.0,474.0)
(481.0,474.0)
(481.0,474.0)
(481.0,474.0)
(474.0,474.0)
(474.0,474.0)
(474.0,474.0)
(474.0,474.0)
(481.0,474.0)
(481.0,474.0)
(481.0,474.0)
(481.0,474.0)
(481.0,474.0)
(474.0,474.0)
(481.0,474.0)
(481.0,474.0)
(755.0,474.0)
(455.0,474.0)
(481.0,474.0)
(481.0,474.0)
(455.0,474.0)
(474.0,474.0)
(481.0,474.0)
(481.0,474.0)
(481.0,474.0)
(474.0,474.0)
(481.0,474.0)
(474.0,474.0)
(481.0,474.0)
(474.0,474.0)
(481.0,474.0)
(481.0,474.0)
(483.0,474.0)
(481.0,474.0)
(481.0,474.0)
(481.0,474.0)
(481.0,474.0)
(481.0,474.0)
(481.0,474.0)
(435.0,474.0)
(481.0,474.0)
(481.0,474.0)
(481.0,474.0)
(481.0,474.0)
(481.0,474.0)
(481.0,474.0)
(474.0,474.0)
(481.0,474.0)
(481.0,474.0)
(447.0,474.0)
(481.0,474.0)
(481.0,474.0)
(481.0,474.0)
(481.0,474.0)
(481.0,474.0)
(481.0,474.0)
(483.0,474.0)
(447.0,474.0)
(481.0,474.0)
(481.0,474.0)
(481.0,474.0)
(481.0,474.0)
(481.0,474.0)
(474.0,474.0)
(474.0,474.0)
(481.0,474.0)
(481.0,474.0)
(481.0,474.0)
(481.0,474.0)
(481.0,474.0)
(474.0,474.0)
(474.0,474.0)
(481.0,474.0)
(362.0,474.0)
(481.0,474.0)
(447.0,474.0)
(481.0,474.0)
(481.0,474.0)
(481.0,474.0)
(481.0,474.0)
(481.0,474.0)
(481.0,474.0)
(474.0,474.0)
(481.0,474.0)
(809.0,474.0)
(455.0,474.0)
(474.0,474.0)
(474.0,474.0)
(417.0,474.0)
(481.0,474.0)
(447.0,474.0)
(481.0,474.0)
(481.0,474.0)
(481.0,474.0)
(474.0,474.0)
(482.0,474.0)
(363.0,474.0)
(474.0,474.0)
(474.0,474.0)
(481.0,474.0)
(447.0,474.0)
(455.0,474.0)
(481.0,474.0)
(481.0,474.0)
(483.0,474.0)
(441.0,474.0)
(481.0,474.0)
(481.0,474.0)
(483.0,474.0)
(481.0,474.0)
(474.0,474.0)
(481.0,474.0)
(481.0,474.0)
(455.0,474.0)
(481.0,474.0)
(481.0,474.0)
(474.0,474.0)
(474.0,474.0)
(481.0,474.0)
(474.0,474.0)
(481.0,474.0)
(804.0,474.0)
(455.0,474.0)
(474.0,474.0)
(481.0,474.0)
(809.0,474.0)
(481.0,474.0)
(481.0,474.0)
(481.0,474.0)
(481.0,474.0)
(481.0,474.0)
(474.0,474.0)
(481.0,474.0)
(481.0,474.0)
(481.0,474.0)
(474.0,474.0)
(455.0,474.0)
(481.0,474.0)
(417.0,474.0)
(481.0,474.0)
(740.0,474.0)
(481.0,474.0)
(481.0,474.0)
(481.0,474.0)
(481.0,474.0)
(481.0,474.0)
(474.0,474.0)
(481.0,474.0)
(481.0,474.0)
(481.0,474.0)
(481.0,474.0)
(481.0,474.0)
(481.0,474.0)
(481.0,474.0)
(481.0,474.0)
(474.0,474.0)
(455.0,474.0)
(481.0,474.0)
(474.0,474.0)
(447.0,474.0)
(362.0,474.0)
(481.0,474.0)
(474.0,474.0)
(481.0,474.0)
(481.0,474.0)
(481.0,474.0)
(481.0,474.0)
(474.0,474.0)
(417.0,474.0)
(474.0,474.0)
(481.0,474.0)
(481.0,474.0)
(743.0,474.0)
(481.0,474.0)
(481.0,474.0)
(809.0,474.0)
(481.0,474.0)
(474.0,474.0)
(362.0,474.0)
(481.0,474.0)
(481.0,474.0)
(447.0,474.0)
(481.0,474.0)
(481.0,474.0)
(481.0,474.0)
(474.0,474.0)
(481.0,474.0)
(474.0,474.0)
(447.0,474.0)
(474.0,474.0)
(481.0,474.0)
(481.0,474.0)
(481.0,474.0)
(474.0,474.0)
(481.0,474.0)
(447.0,474.0)
(481.0,474.0)
(481.0,474.0)
(455.0,474.0)
(481.0,474.0)
(481.0,474.0)
(481.0,474.0)
(481.0,474.0)
(481.0,474.0)
(474.0,474.0)
(481.0,474.0)
(481.0,474.0)
(455.0,474.0)
(481.0,474.0)
(481.0,474.0)
(481.0,474.0)
(481.0,474.0)
(474.0,474.0)
(481.0,474.0)
(447.0,474.0)
(481.0,474.0)
(474.0,474.0)
(743.0,474.0)
(483.0,474.0)
(481.0,474.0)
(481.0,474.0)
(474.0,474.0)
(751.0,474.0)
(809.0,474.0)
(362.0,474.0)
(474.0,474.0)
(474.0,474.0)
(481.0,474.0)
(474.0,474.0)
(474.0,474.0)
(481.0,474.0)
(481.0,474.0)
(447.0,474.0)
(481.0,474.0)
(474.0,474.0)
(481.0,474.0)
(474.0,474.0)
(481.0,474.0)
(481.0,474.0)
(474.0,474.0)
(481.0,474.0)
(441.0,474.0)
(447.0,474.0)
(481.0,474.0)
(474.0,474.0)
(481.0,474.0)
(481.0,474.0)
(481.0,474.0)
(474.0,474.0)
(474.0,474.0)
(481.0,474.0)
(474.0,474.0)
(481.0,474.0)
(481.0,474.0)
(481.0,474.0)
(481.0,474.0)
(481.0,474.0)
(455.0,474.0)
(455.0,474.0)
(753.0,474.0)
(474.0,474.0)
(481.0,474.0)
(481.0,474.0)
(481.0,474.0)
(481.0,474.0)
(481.0,474.0)
(481.0,474.0)
(481.0,474.0)
(481.0,474.0)
(481.0,474.0)
(474.0,474.0)
(481.0,474.0)
(474.0,474.0)
(481.0,474.0)
(481.0,474.0)
(481.0,474.0)
(481.0,474.0)
(455.0,474.0)
(753.0,474.0)
(483.0,474.0)
(481.0,474.0)
(481.0,474.0)
(474.0,474.0)
(481.0,474.0)
(481.0,474.0)
(809.0,474.0)
(483.0,474.0)
(474.0,474.0)
(474.0,474.0)
(474.0,474.0)
(362.0,474.0)
(481.0,474.0)
(481.0,474.0)
(481.0,474.0)
(481.0,474.0)
(481.0,474.0)
(474.0,474.0)
(481.0,474.0)
(481.0,474.0)
(474.0,474.0)
(455.0,474.0)
(363.0,474.0)
(481.0,474.0)
(474.0,474.0)
(481.0,474.0)
(481.0,474.0)
(481.0,474.0)
(481.0,474.0)
(481.0,474.0)
(481.0,474.0)
(753.0,474.0)
(481.0,474.0)
(481.0,474.0)
(481.0,474.0)
(481.0,474.0)
(474.0,474.0)
(481.0,474.0)
(481.0,474.0)
(474.0,474.0)
(481.0,474.0)
(481.0,474.0)
(474.0,474.0)
(459.0,474.0)
(481.0,474.0)
(481.0,474.0)
(474.0,474.0)
(481.0,474.0)
(455.0,474.0)
(481.0,474.0)
(474.0,474.0)
(481.0,474.0)
(474.0,474.0)
(481.0,474.0)
(807.0,474.0)
(474.0,474.0)
(481.0,474.0)
(481.0,474.0)
(481.0,474.0)
(481.0,474.0)
(481.0,474.0)
(481.0,474.0)
(447.0,474.0)
(481.0,474.0)
(455.0,474.0)
(808.0,474.0)
(481.0,474.0)
(417.0,474.0)
(483.0,474.0)
(481.0,474.0)
(481.0,474.0)
(474.0,474.0)
(751.0,474.0)
(481.0,474.0)
(481.0,474.0)
(481.0,474.0)
(474.0,474.0)
(743.0,474.0)
(481.0,474.0)
(478.0,474.0)
(474.0,474.0)
(481.0,474.0)
(481.0,474.0)
(481.0,474.0)
(455.0,474.0)
(809.0,474.0)
(743.0,474.0)
(481.0,474.0)
(481.0,474.0)
(481.0,474.0)
(481.0,474.0)
(481.0,474.0)
(474.0,474.0)
(481.0,474.0)
(481.0,474.0)
(474.0,474.0)
(481.0,474.0)
(481.0,474.0)
(481.0,474.0)
(481.0,474.0)
(481.0,474.0)
(481.0,474.0)
(481.0,474.0)
(481.0,474.0)
(481.0,474.0)
(481.0,474.0)
(481.0,474.0)
(474.0,474.0)
(481.0,474.0)
(455.0,474.0)
(481.0,474.0)
(447.0,474.0)
(481.0,474.0)
(481.0,474.0)
(481.0,474.0)
(447.0,474.0)
(481.0,474.0)
(481.0,474.0)
(481.0,474.0)
(481.0,474.0)
(481.0,474.0)
(481.0,474.0)
(808.0,474.0)
(417.0,474.0)
(455.0,474.0)
(481.0,474.0)
(481.0,474.0)
(481.0,474.0)
(474.0,474.0)
(481.0,474.0)
(481.0,474.0)
(474.0,474.0)
(481.0,474.0)
(474.0,474.0)
(480.0,474.0)
(447.0,474.0)
(474.0,474.0)
(743.0,474.0)
(474.0,474.0)
(435.0,474.0)
(483.0,474.0)
(481.0,474.0)
(455.0,474.0)
(455.0,474.0)
(481.0,474.0)
(474.0,474.0)
(447.0,474.0)
(481.0,474.0)
(481.0,474.0)
(481.0,474.0)
(482.0,474.0)
(455.0,474.0)
(481.0,474.0)
(481.0,474.0)
(481.0,474.0)
(481.0,474.0)
(481.0,474.0)
(474.0,474.0)
(474.0,474.0)
(481.0,474.0)
(751.0,474.0)
(481.0,474.0)
(362.0,474.0)
(474.0,474.0)
(474.0,474.0)
(481.0,474.0)
(474.0,474.0)
(474.0,474.0)
(481.0,474.0)
(455.0,474.0)
(474.0,474.0)
(481.0,474.0)
(413.0,474.0)
(471.0,474.0)
(481.0,474.0)
(481.0,474.0)
(481.0,474.0)
(474.0,474.0)
(481.0,474.0)
(474.0,474.0)
(455.0,474.0)
(481.0,474.0)
(481.0,474.0)
(481.0,474.0)
(455.0,474.0)
(455.0,474.0)
(481.0,474.0)
(481.0,474.0)
(481.0,474.0)
(481.0,474.0)
(474.0,474.0)
(481.0,474.0)
(363.0,474.0)
(481.0,474.0)
(743.0,474.0)
(481.0,474.0)
(481.0,474.0)
(474.0,474.0)
(481.0,474.0)
(474.0,474.0)
(481.0,474.0)
(474.0,474.0)
(474.0,474.0)
(474.0,474.0)
(481.0,474.0)
(481.0,474.0)
(481.0,474.0)
(474.0,474.0)
(481.0,474.0)
(481.0,474.0)
(481.0,474.0)
(481.0,474.0)
(455.0,474.0)
(481.0,474.0)
(482.0,474.0)
(481.0,474.0)
(474.0,474.0)
(474.0,474.0)
(481.0,474.0)
(455.0,474.0)
(455.0,474.0)
(481.0,474.0)
(447.0,474.0)
(474.0,474.0)
(474.0,474.0)
(474.0,474.0)
(481.0,474.0)
(474.0,474.0)
(481.0,474.0)
(481.0,474.0)
(474.0,474.0)
(481.0,474.0)
(474.0,474.0)
(481.0,474.0)
(481.0,474.0)
(474.0,474.0)
(481.0,474.0)
(455.0,474.0)
(474.0,474.0)
(474.0,474.0)
(474.0,474.0)
(481.0,474.0)
(474.0,474.0)
(481.0,474.0)
(455.0,474.0)
(481.0,474.0)
(481.0,474.0)
(455.0,474.0)
(481.0,474.0)
(481.0,474.0)
(481.0,474.0)
(481.0,474.0)
(474.0,474.0)
(755.0,474.0)
(481.0,474.0)
(481.0,474.0)
(481.0,474.0)
(481.0,474.0)
(481.0,474.0)
(474.0,474.0)
(481.0,474.0)
(363.0,474.0)
(481.0,474.0)
(474.0,474.0)
(481.0,474.0)
(474.0,474.0)
(482.0,474.0)
(809.0,474.0)
(474.0,474.0)
(481.0,474.0)
(455.0,474.0)
(455.0,474.0)
(447.0,474.0)
(481.0,474.0)
(474.0,474.0)
(481.0,474.0)
(474.0,474.0)
(481.0,474.0)
(481.0,474.0)
(481.0,474.0)
(481.0,474.0)
(474.0,474.0)
(474.0,474.0)
(481.0,474.0)
(481.0,474.0)
(481.0,474.0)
(474.0,474.0)
(481.0,474.0)
(481.0,474.0)
(481.0,474.0)
(474.0,474.0)
(481.0,474.0)
(474.0,474.0)
(481.0,474.0)
(474.0,474.0)
(474.0,474.0)
(474.0,474.0)
(481.0,474.0)
(481.0,474.0)
(362.0,474.0)
(481.0,474.0)
(481.0,474.0)
(455.0,474.0)
(481.0,474.0)
(481.0,474.0)
(474.0,474.0)
(481.0,474.0)
(474.0,474.0)
(481.0,474.0)
(455.0,474.0)
(455.0,474.0)
(455.0,474.0)
(474.0,474.0)
(481.0,474.0)
(481.0,474.0)
(474.0,474.0)
(481.0,474.0)
(474.0,474.0)
(474.0,474.0)
(474.0,474.0)
(474.0,474.0)
(481.0,474.0)
(474.0,474.0)
(474.0,474.0)
(809.0,474.0)
(474.0,474.0)
(474.0,474.0)
(474.0,474.0)
(474.0,474.0)
(474.0,474.0)
(474.0,474.0)
(809.0,474.0)
(474.0,474.0)
(474.0,474.0)
(474.0,474.0)
(474.0,474.0)
(474.0,474.0)
(474.0,474.0)
(447.0,474.0)
(447.0,474.0)
(474.0,474.0)
(474.0,474.0)
(481.0,474.0)
(474.0,474.0)
(481.0,474.0)
(474.0,474.0)
(474.0,474.0)
(474.0,474.0)
(474.0,474.0)
(474.0,474.0)
(474.0,474.0)
(471.0,474.0)
(474.0,474.0)
(481.0,474.0)
(474.0,474.0)
(474.0,474.0)
(481.0,474.0)
(474.0,474.0)
(474.0,474.0)
(481.0,474.0)
(474.0,474.0)
(474.0,474.0)
(474.0,474.0)
(474.0,474.0)
(474.0,474.0)
(809.0,474.0)
(455.0,474.0)
(474.0,474.0)
(474.0,474.0)
(474.0,474.0)
(809.0,474.0)
(474.0,474.0)
(478.0,474.0)
(474.0,474.0)
(474.0,474.0)
(358.0,474.0)
(474.0,474.0)
(474.0,474.0)
(474.0,474.0)
(474.0,474.0)
(809.0,474.0)
(481.0,474.0)
(474.0,474.0)
(447.0,474.0)
(474.0,474.0)
(474.0,474.0)
(474.0,474.0)
(474.0,474.0)
(474.0,474.0)
(474.0,474.0)
(809.0,474.0)
(474.0,474.0)
(474.0,474.0)
(474.0,474.0)
(474.0,474.0)
(474.0,474.0)
(809.0,474.0)
(481.0,474.0)
(474.0,474.0)
(474.0,474.0)
(474.0,474.0)
(474.0,474.0)
(474.0,474.0)
(474.0,474.0)
(474.0,474.0)
(474.0,474.0)
(474.0,474.0)
(474.0,474.0)
(743.0,474.0)
(474.0,474.0)
(474.0,474.0)
(474.0,474.0)
(474.0,474.0)
(447.0,474.0)
(447.0,474.0)
(455.0,474.0)
(474.0,474.0)
(474.0,474.0)
(474.0,474.0)
(474.0,474.0)
(474.0,474.0)
(474.0,474.0)
(809.0,474.0)
(447.0,474.0)
(474.0,474.0)
(447.0,474.0)
(809.0,474.0)
(474.0,474.0)
(474.0,474.0)
(474.0,474.0)
(474.0,474.0)
(447.0,474.0)
(474.0,474.0)
(481.0,474.0)
(447.0,474.0)
(474.0,474.0)
(455.0,474.0)
(368.0,474.0)
(474.0,474.0)
(483.0,474.0)
(474.0,474.0)
(474.0,474.0)
(455.0,474.0)
(478.0,474.0)
(482.0,474.0)
(482.0,474.0)
(809.0,474.0)
(482.0,474.0)
(809.0,474.0)
(474.0,474.0)
(474.0,474.0)
(474.0,474.0)
(481.0,474.0)
(809.0,474.0)
(474.0,474.0)
(809.0,474.0)
(474.0,474.0)
(474.0,474.0)
(471.0,474.0)
(474.0,474.0)
(471.0,474.0)
(481.0,474.0)
(474.0,474.0)
(474.0,474.0)
(471.0,474.0)
(447.0,474.0)
(474.0,474.0)
(474.0,474.0)
(474.0,474.0)
(474.0,474.0)
(474.0,474.0)
(474.0,474.0)
(474.0,474.0)
(474.0,474.0)
(455.0,474.0)
(474.0,474.0)
(809.0,474.0)
(447.0,474.0)
(474.0,474.0)
(474.0,474.0)
(809.0,474.0)
(474.0,474.0)
(474.0,474.0)
(482.0,474.0)
(474.0,474.0)
(474.0,474.0)
(474.0,474.0)
(474.0,474.0)
(474.0,474.0)
(474.0,474.0)
(447.0,474.0)
(474.0,474.0)
(474.0,474.0)
(474.0,474.0)
(474.0,474.0)
(474.0,474.0)
(447.0,474.0)
(474.0,474.0)
(474.0,474.0)
(474.0,474.0)
(471.0,474.0)
(474.0,474.0)
(480.0,474.0)
(474.0,474.0)
(474.0,474.0)
(481.0,474.0)
(447.0,474.0)
(474.0,474.0)
(474.0,474.0)
(474.0,474.0)
(474.0,474.0)
(474.0,474.0)
(474.0,474.0)
(447.0,474.0)
(474.0,474.0)
(447.0,474.0)
(481.0,474.0)
(757.0,474.0)
(459.0,474.0)
(474.0,474.0)
(459.0,474.0)
(447.0,474.0)
(447.0,474.0)
(447.0,474.0)
(474.0,474.0)
(474.0,474.0)
(474.0,474.0)
(471.0,474.0)
(447.0,474.0)
(474.0,474.0)
(447.0,474.0)
(447.0,474.0)
(474.0,474.0)
(447.0,474.0)
(459.0,474.0)
(417.0,474.0)
(474.0,474.0)
(447.0,474.0)
(447.0,474.0)
(459.0,474.0)
(474.0,474.0)
(447.0,474.0)
(480.0,474.0)
(447.0,474.0)
(447.0,474.0)
(474.0,474.0)
(436.0,474.0)
(447.0,474.0)
(474.0,474.0)
(459.0,474.0)
(447.0,474.0)
(809.0,474.0)
(447.0,474.0)
(447.0,474.0)
(447.0,474.0)
(447.0,474.0)
(474.0,474.0)
(440.0,474.0)
(459.0,474.0)
(459.0,474.0)
(474.0,474.0)
(447.0,474.0)
(447.0,474.0)
(809.0,474.0)
(809.0,474.0)
(743.0,474.0)
(447.0,474.0)
(474.0,474.0)
(447.0,474.0)
(447.0,474.0)
(447.0,474.0)
(447.0,474.0)
(474.0,474.0)
(474.0,474.0)
(447.0,474.0)
(435.0,474.0)
(447.0,474.0)
(447.0,474.0)
(482.0,474.0)
(474.0,474.0)
(474.0,474.0)
(474.0,474.0)
(757.0,474.0)
(447.0,474.0)
(447.0,474.0)
(447.0,474.0)
(447.0,474.0)
(459.0,474.0)
(474.0,474.0)
(447.0,474.0)
(447.0,474.0)
(474.0,474.0)
(474.0,474.0)
(474.0,474.0)
(447.0,474.0)
(474.0,474.0)
(447.0,474.0)
(447.0,474.0)
(459.0,474.0)
(474.0,474.0)
(474.0,474.0)
(447.0,474.0)
(447.0,474.0)
(474.0,474.0)
(440.0,474.0)
(447.0,474.0)
(447.0,474.0)
(474.0,474.0)
(447.0,474.0)
(447.0,474.0)
(447.0,474.0)
(757.0,474.0)
(809.0,474.0)
(474.0,474.0)
(447.0,474.0)
(743.0,474.0)
(447.0,474.0)
(435.0,474.0)
(474.0,474.0)
(474.0,474.0)
(447.0,474.0)
(447.0,474.0)
(447.0,474.0)
(474.0,474.0)
(474.0,474.0)
(474.0,474.0)
(447.0,474.0)
(447.0,474.0)
(440.0,474.0)
(447.0,474.0)
(474.0,474.0)
(447.0,474.0)
(447.0,474.0)
(474.0,474.0)
(435.0,474.0)
(447.0,474.0)
(474.0,474.0)
(474.0,474.0)
(447.0,474.0)
(474.0,474.0)
(447.0,474.0)
(447.0,474.0)
(447.0,474.0)
(809.0,474.0)
(447.0,474.0)
(474.0,474.0)
(455.0,474.0)
(474.0,474.0)
(447.0,474.0)
(474.0,474.0)
(757.0,474.0)
(447.0,474.0)
(459.0,474.0)
(474.0,474.0)
(474.0,474.0)
(447.0,474.0)
(447.0,474.0)
(459.0,474.0)
(474.0,474.0)
(440.0,474.0)
(459.0,474.0)
(447.0,474.0)
(481.0,474.0)
(474.0,474.0)
(447.0,474.0)
(447.0,474.0)
(474.0,474.0)
(474.0,474.0)
(447.0,474.0)
(474.0,474.0)
(474.0,474.0)
(447.0,474.0)
(447.0,474.0)
(474.0,474.0)
(459.0,474.0)
(417.0,474.0)
(368.0,474.0)
(447.0,474.0)
(447.0,474.0)
(447.0,474.0)
(474.0,474.0)
(457.0,474.0)
(474.0,474.0)
(447.0,474.0)
(481.0,474.0)
(474.0,474.0)
(481.0,474.0)
(447.0,474.0)
(474.0,474.0)
(447.0,474.0)
(447.0,474.0)
(447.0,474.0)
(447.0,474.0)
(447.0,474.0)
(474.0,474.0)
(447.0,474.0)
(435.0,474.0)
(457.0,474.0)
(447.0,474.0)
(455.0,474.0)
(474.0,474.0)
(447.0,474.0)
(447.0,474.0)
(809.0,474.0)
(447.0,474.0)
(459.0,474.0)
(459.0,474.0)
(447.0,474.0)
(447.0,474.0)
(455.0,474.0)
(481.0,474.0)
(483.0,474.0)
(481.0,474.0)
(481.0,474.0)
(481.0,474.0)
(481.0,474.0)
(481.0,474.0)
(481.0,474.0)
(481.0,474.0)
(481.0,474.0)
(481.0,474.0)
(481.0,474.0)
(481.0,474.0)
(481.0,474.0)
(481.0,474.0)
(743.0,474.0)
(481.0,474.0)
(481.0,474.0)
(481.0,474.0)
(482.0,474.0)
(481.0,474.0)
(481.0,474.0)
(474.0,474.0)
(481.0,474.0)
(481.0,474.0)
(804.0,474.0)
(481.0,474.0)
(481.0,474.0)
(483.0,474.0)
(481.0,474.0)
(481.0,474.0)
(474.0,474.0)
(481.0,474.0)
(481.0,474.0)
(481.0,474.0)
(481.0,474.0)
(474.0,474.0)
(481.0,474.0)
(481.0,474.0)
(481.0,474.0)
(481.0,474.0)
(481.0,474.0)
(481.0,474.0)
(481.0,474.0)
(481.0,474.0)
(481.0,474.0)
(743.0,474.0)
(481.0,474.0)
(481.0,474.0)
(481.0,474.0)
(481.0,474.0)
(474.0,474.0)
(447.0,474.0)
(480.0,474.0)
(481.0,474.0)
(481.0,474.0)
(481.0,474.0)
(474.0,474.0)
(481.0,474.0)
(740.0,474.0)
(474.0,474.0)
(481.0,474.0)
(481.0,474.0)
(474.0,474.0)
(481.0,474.0)
(481.0,474.0)
(481.0,474.0)
(483.0,474.0)
(474.0,474.0)
(474.0,474.0)
(481.0,474.0)
(474.0,474.0)
(751.0,474.0)
(481.0,474.0)
(481.0,474.0)
(481.0,474.0)
(481.0,474.0)
(481.0,474.0)
(455.0,474.0)
(474.0,474.0)
(481.0,474.0)
(481.0,474.0)
(481.0,474.0)
(362.0,474.0)
(481.0,474.0)
(455.0,474.0)
(481.0,474.0)
(474.0,474.0)
(481.0,474.0)
(474.0,474.0)
(481.0,474.0)
(481.0,474.0)
(481.0,474.0)
(481.0,474.0)
(481.0,474.0)
(474.0,474.0)
(474.0,474.0)
(481.0,474.0)
(481.0,474.0)
(481.0,474.0)
(481.0,474.0)
(481.0,474.0)
(474.0,474.0)
(481.0,474.0)
(455.0,474.0)
(481.0,474.0)
(474.0,474.0)
(481.0,474.0)
(481.0,474.0)
(481.0,474.0)
(481.0,474.0)
(474.0,474.0)
(481.0,474.0)
(481.0,474.0)
(481.0,474.0)
(474.0,474.0)
(363.0,474.0)
(481.0,474.0)
(481.0,474.0)
(483.0,474.0)
(481.0,474.0)
(481.0,474.0)
(474.0,474.0)
(481.0,474.0)
(481.0,474.0)
(481.0,474.0)
(481.0,474.0)
(474.0,474.0)
(481.0,474.0)
(481.0,474.0)
(481.0,474.0)
(474.0,474.0)
(481.0,474.0)
(481.0,474.0)
(481.0,474.0)
(481.0,474.0)
(481.0,474.0)
(481.0,474.0)
(447.0,474.0)
(481.0,474.0)
(481.0,474.0)
(481.0,474.0)
(481.0,474.0)
(447.0,474.0)
(481.0,474.0)
(481.0,474.0)
(474.0,474.0)
(481.0,474.0)
(481.0,474.0)
(447.0,474.0)
(474.0,474.0)
(474.0,474.0)
(481.0,474.0)
(471.0,474.0)
(455.0,474.0)
(481.0,474.0)
(481.0,474.0)
(481.0,474.0)
(481.0,474.0)
(481.0,474.0)
(481.0,474.0)
(481.0,474.0)
(481.0,474.0)
(481.0,474.0)
(474.0,474.0)
(455.0,474.0)
(481.0,474.0)
(481.0,474.0)
(481.0,474.0)
(481.0,474.0)
(481.0,474.0)
(474.0,474.0)
(481.0,474.0)
(481.0,474.0)
(481.0,474.0)
(447.0,474.0)
(474.0,474.0)
(481.0,474.0)
(481.0,474.0)
(447.0,474.0)
(474.0,474.0)
(481.0,474.0)
(481.0,474.0)
(481.0,474.0)
(474.0,474.0)
(474.0,474.0)
(481.0,474.0)
(481.0,474.0)
(808.0,474.0)
(417.0,474.0)
(481.0,474.0)
(481.0,474.0)
(481.0,474.0)
(474.0,474.0)
(481.0,474.0)
(481.0,474.0)
(481.0,474.0)
(481.0,474.0)
(481.0,474.0)
(481.0,474.0)
(481.0,474.0)
(455.0,474.0)
(481.0,474.0)
(474.0,474.0)
(481.0,474.0)
(481.0,474.0)
(474.0,474.0)
(474.0,474.0)
(481.0,474.0)
(481.0,474.0)
(481.0,474.0)
(481.0,474.0)
(474.0,474.0)
(481.0,474.0)
(474.0,474.0)
(481.0,474.0)
(481.0,474.0)
(481.0,474.0)
(447.0,474.0)
(743.0,474.0)
(481.0,474.0)
(474.0,474.0)
(753.0,474.0)
(481.0,474.0)
(481.0,474.0)
(481.0,474.0)
(474.0,474.0)
(481.0,474.0)
(481.0,474.0)
(447.0,474.0)
(474.0,474.0)
(474.0,474.0)
(481.0,474.0)
(481.0,474.0)
(753.0,474.0)
(481.0,474.0)
(481.0,474.0)
(481.0,474.0)
(455.0,474.0)
(481.0,474.0)
(481.0,474.0)
(481.0,474.0)
(481.0,474.0)
(474.0,474.0)
(481.0,474.0)
(480.0,474.0)
(481.0,474.0)
(455.0,474.0)
(481.0,474.0)
(474.0,474.0)
(481.0,474.0)
(481.0,474.0)
(481.0,474.0)
(481.0,474.0)
(481.0,474.0)
(753.0,474.0)
(455.0,474.0)
(481.0,474.0)
(363.0,474.0)
(474.0,474.0)
(481.0,474.0)
(481.0,474.0)
(474.0,474.0)
(455.0,474.0)
(447.0,474.0)
(481.0,474.0)
(481.0,474.0)
(447.0,474.0)
(481.0,474.0)
(474.0,474.0)
(483.0,474.0)
(474.0,474.0)
(481.0,474.0)
(481.0,474.0)
(474.0,474.0)
(481.0,474.0)
(483.0,474.0)
(481.0,474.0)
(481.0,474.0)
(474.0,474.0)
(474.0,474.0)
(481.0,474.0)
(481.0,474.0)
(474.0,474.0)
(474.0,474.0)
(481.0,474.0)
(481.0,474.0)
(481.0,474.0)
(447.0,474.0)
(481.0,474.0)
(474.0,474.0)
(455.0,474.0)
(482.0,474.0)
(474.0,474.0)
(809.0,474.0)
(481.0,474.0)
(455.0,474.0)
(481.0,474.0)
(481.0,474.0)
(474.0,474.0)
(481.0,474.0)
(481.0,474.0)
(481.0,474.0)
(481.0,474.0)
(481.0,474.0)
(481.0,474.0)
(474.0,474.0)
(481.0,474.0)
(481.0,474.0)
(481.0,474.0)
(455.0,474.0)
(483.0,474.0)
(481.0,474.0)
(481.0,474.0)
(481.0,474.0)
(481.0,474.0)
(435.0,474.0)
(481.0,474.0)
(771.0,474.0)
(481.0,474.0)
(474.0,474.0)
(474.0,474.0)
(481.0,474.0)
(481.0,474.0)
(481.0,474.0)
(481.0,474.0)
(481.0,474.0)
(481.0,474.0)
(481.0,474.0)
(481.0,474.0)
(474.0,474.0)
(483.0,474.0)
(455.0,474.0)
(481.0,474.0)
(481.0,474.0)
(481.0,474.0)
(447.0,474.0)
(455.0,474.0)
(481.0,474.0)
(474.0,474.0)
(481.0,474.0)
(455.0,474.0)
(474.0,474.0)
(481.0,474.0)
(481.0,474.0)
(447.0,474.0)
(474.0,474.0)
(481.0,474.0)
(474.0,474.0)
(483.0,474.0)
(481.0,474.0)
(481.0,474.0)
(474.0,474.0)
(481.0,474.0)
(481.0,474.0)
(481.0,474.0)
(481.0,474.0)
(483.0,474.0)
(481.0,474.0)
(481.0,474.0)
(481.0,474.0)
(481.0,474.0)
(481.0,474.0)
(481.0,474.0)
(483.0,474.0)
(481.0,474.0)
(481.0,474.0)
(474.0,474.0)
(481.0,474.0)
(481.0,474.0)
(481.0,474.0)
(455.0,474.0)
(481.0,474.0)
(483.0,474.0)
(481.0,474.0)
(481.0,474.0)
(481.0,474.0)
(474.0,474.0)
(362.0,474.0)
(481.0,474.0)
(481.0,474.0)
(481.0,474.0)
(753.0,474.0)
(447.0,474.0)
(481.0,474.0)
(481.0,474.0)
(447.0,474.0)
(481.0,474.0)
(481.0,474.0)
(474.0,474.0)
(481.0,474.0)
(481.0,474.0)
(481.0,474.0)
(447.0,474.0)
(447.0,474.0)
(481.0,474.0)
(474.0,474.0)
(481.0,474.0)
(481.0,474.0)
(481.0,474.0)
(474.0,474.0)
(481.0,474.0)
(363.0,474.0)
(474.0,474.0)
(481.0,474.0)
(736.0,474.0)
(474.0,474.0)
(474.0,474.0)
(455.0,474.0)
(481.0,474.0)
(474.0,474.0)
(481.0,474.0)
(474.0,474.0)
(481.0,474.0)
(474.0,474.0)
(474.0,474.0)
(481.0,474.0)
(474.0,474.0)
(413.0,474.0)
(481.0,474.0)
(474.0,474.0)
(481.0,474.0)
(474.0,474.0)
(455.0,474.0)
(481.0,474.0)
(474.0,474.0)
(474.0,474.0)
(481.0,474.0)
(474.0,474.0)
(474.0,474.0)
(481.0,474.0)
(481.0,474.0)
(455.0,474.0)
(481.0,474.0)
(481.0,474.0)
(474.0,474.0)
(474.0,474.0)
(46.0,474.0)
(481.0,474.0)
(474.0,474.0)
(474.0,474.0)
(474.0,474.0)
(455.0,474.0)
(447.0,474.0)
(474.0,474.0)
(474.0,474.0)
(482.0,474.0)
(481.0,474.0)
(474.0,474.0)
(441.0,474.0)
(474.0,474.0)
(481.0,474.0)
(483.0,474.0)
(481.0,474.0)
(474.0,474.0)
(481.0,474.0)
(455.0,474.0)
(481.0,474.0)
(481.0,474.0)
(809.0,474.0)
(481.0,474.0)
(474.0,474.0)
(474.0,474.0)
(481.0,474.0)
(481.0,474.0)
(481.0,474.0)
(481.0,474.0)
(474.0,474.0)
(481.0,474.0)
(474.0,474.0)
(474.0,474.0)
(474.0,474.0)
(481.0,474.0)
(455.0,474.0)
(474.0,474.0)
(743.0,474.0)
(483.0,474.0)
(481.0,474.0)
(481.0,474.0)
(474.0,474.0)
(482.0,474.0)
(481.0,474.0)
(474.0,474.0)
(481.0,474.0)
(455.0,474.0)
(474.0,474.0)
(481.0,474.0)
(474.0,474.0)
(426.0,474.0)
(743.0,474.0)
(481.0,474.0)
(474.0,474.0)
(474.0,474.0)
(481.0,474.0)
(481.0,474.0)
(481.0,474.0)
(474.0,474.0)
(474.0,474.0)
(421.0,474.0)
(363.0,474.0)
(455.0,474.0)
(474.0,474.0)
(481.0,474.0)
(481.0,474.0)
(435.0,474.0)
(474.0,474.0)
(483.0,474.0)
(455.0,474.0)
(474.0,474.0)
(474.0,474.0)
(362.0,474.0)
(481.0,474.0)
(481.0,474.0)
(481.0,474.0)
(481.0,474.0)
(474.0,474.0)
(481.0,474.0)
(455.0,474.0)
(363.0,474.0)
(474.0,474.0)
(474.0,474.0)
(474.0,474.0)
(481.0,474.0)
(474.0,474.0)
(481.0,474.0)
(455.0,474.0)
(474.0,474.0)
(481.0,474.0)
(474.0,474.0)
(481.0,474.0)
(447.0,474.0)
(481.0,474.0)
(474.0,474.0)
(483.0,474.0)
(474.0,474.0)
(474.0,474.0)
(481.0,474.0)
(474.0,474.0)
(481.0,474.0)
(455.0,474.0)
(447.0,474.0)
(481.0,474.0)
(481.0,474.0)
(421.0,474.0)
(474.0,474.0)
(481.0,474.0)
(455.0,474.0)
(474.0,474.0)
(481.0,474.0)
(481.0,474.0)
(480.0,474.0)
(481.0,474.0)
(481.0,474.0)
(481.0,474.0)
(481.0,474.0)
(474.0,474.0)
(474.0,474.0)
(474.0,474.0)
(363.0,474.0)
(481.0,474.0)
(481.0,474.0)
(474.0,474.0)
(447.0,474.0)
(447.0,474.0)
(471.0,474.0)
(481.0,474.0)
(481.0,474.0)
(474.0,474.0)
(481.0,474.0)
(481.0,474.0)
(455.0,474.0)
(481.0,474.0)
(481.0,474.0)
(417.0,474.0)
(474.0,474.0)
(447.0,474.0)
(481.0,474.0)
(447.0,474.0)
(481.0,474.0)
(474.0,474.0)
(455.0,474.0)
(481.0,474.0)
(481.0,474.0)
(481.0,474.0)
(809.0,474.0)
(481.0,474.0)
(474.0,474.0)
(481.0,474.0)
(474.0,474.0)
(481.0,474.0)
(474.0,474.0)
(474.0,474.0)
(474.0,474.0)
(474.0,474.0)
(474.0,474.0)
(481.0,474.0)
(481.0,474.0)
(474.0,474.0)
(481.0,474.0)
(743.0,474.0)
(474.0,474.0)
(481.0,474.0)
(481.0,474.0)
(474.0,474.0)
(474.0,474.0)
(362.0,474.0)
(481.0,474.0)
(481.0,474.0)
(481.0,474.0)
(481.0,474.0)
(474.0,474.0)
(447.0,474.0)
(481.0,474.0)
(474.0,474.0)
(481.0,474.0)
(481.0,474.0)
(474.0,474.0)
(455.0,474.0)
(809.0,474.0)
(481.0,474.0)
(474.0,474.0)
(447.0,474.0)
(481.0,474.0)
(474.0,474.0)
(474.0,474.0)
(474.0,474.0)
(481.0,474.0)
(474.0,474.0)
(474.0,474.0)
(481.0,474.0)
(455.0,474.0)
(363.0,474.0)
(481.0,474.0)
(481.0,474.0)
(481.0,474.0)
(481.0,474.0)
(481.0,474.0)
(481.0,474.0)
(474.0,474.0)
(480.0,474.0)
(481.0,474.0)
(481.0,474.0)
(474.0,474.0)
(474.0,474.0)
(474.0,474.0)
(474.0,474.0)
(481.0,474.0)
(809.0,474.0)
(481.0,474.0)
(481.0,474.0)
(481.0,474.0)
(481.0,474.0)
(481.0,474.0)
(481.0,474.0)
(481.0,474.0)
(447.0,474.0)
(481.0,474.0)
(474.0,474.0)
(481.0,474.0)
(481.0,474.0)
(474.0,474.0)
(474.0,474.0)
(481.0,474.0)
(481.0,474.0)
(481.0,474.0)
(481.0,474.0)
(481.0,474.0)
(474.0,474.0)
(474.0,474.0)
(474.0,474.0)
(481.0,474.0)
(481.0,474.0)
(455.0,474.0)
(481.0,474.0)
(481.0,474.0)
(474.0,474.0)
(481.0,474.0)
(481.0,474.0)
(447.0,474.0)
(481.0,474.0)
(481.0,474.0)
(474.0,474.0)
(447.0,474.0)
(455.0,474.0)
(474.0,474.0)
(474.0,474.0)
(481.0,474.0)
(447.0,474.0)
(455.0,474.0)
(455.0,474.0)
(481.0,474.0)
(474.0,474.0)
(481.0,474.0)
(481.0,474.0)
(481.0,474.0)
(481.0,474.0)
(474.0,474.0)
(481.0,474.0)
(474.0,474.0)
(481.0,474.0)
(474.0,474.0)
(474.0,474.0)
(474.0,474.0)
(481.0,474.0)
(481.0,474.0)
(455.0,474.0)
(481.0,474.0)
(481.0,474.0)
(481.0,474.0)
(481.0,474.0)
(481.0,474.0)
(474.0,474.0)
(481.0,474.0)
(481.0,474.0)
(481.0,474.0)
(481.0,474.0)
(474.0,474.0)
(474.0,474.0)
(474.0,474.0)
(474.0,474.0)
(474.0,474.0)
(481.0,474.0)
(474.0,474.0)
(447.0,474.0)
(481.0,474.0)
(474.0,474.0)
(474.0,474.0)
(481.0,474.0)
(474.0,474.0)
(802.0,474.0)
(474.0,474.0)
(481.0,474.0)
(481.0,474.0)
(474.0,474.0)
(481.0,474.0)
(474.0,474.0)
(481.0,474.0)
(363.0,474.0)
(447.0,474.0)
(481.0,474.0)
(481.0,474.0)
(804.0,474.0)
(481.0,474.0)
(483.0,474.0)
(474.0,474.0)
(363.0,474.0)
(474.0,474.0)
(481.0,474.0)
(481.0,474.0)
(481.0,474.0)
(474.0,474.0)
(474.0,474.0)
(474.0,474.0)
(474.0,474.0)
(474.0,474.0)
(743.0,474.0)
(481.0,474.0)
(474.0,474.0)
(474.0,474.0)
(481.0,474.0)
(481.0,474.0)
(474.0,474.0)
(481.0,474.0)
(474.0,474.0)
(447.0,474.0)
(474.0,474.0)
(474.0,474.0)
(481.0,474.0)
(481.0,474.0)
(481.0,474.0)
(481.0,474.0)
(474.0,474.0)
(474.0,474.0)
(481.0,474.0)
(474.0,474.0)
(455.0,474.0)
(483.0,474.0)
(481.0,474.0)
(447.0,474.0)
(481.0,474.0)
(481.0,474.0)
(481.0,474.0)
(481.0,474.0)
(481.0,474.0)
(481.0,474.0)
(474.0,474.0)
(474.0,474.0)
(363.0,474.0)
(474.0,474.0)
(474.0,474.0)
(474.0,474.0)
(474.0,474.0)
(481.0,474.0)
(481.0,474.0)
(804.0,474.0)
(481.0,474.0)
(474.0,474.0)
(474.0,474.0)
(447.0,474.0)
(481.0,474.0)
(474.0,474.0)
(481.0,474.0)
(481.0,474.0)
(474.0,474.0)
(474.0,474.0)
(474.0,474.0)
(481.0,474.0)
(455.0,474.0)
(481.0,474.0)
(447.0,474.0)
(474.0,474.0)
(481.0,474.0)
(481.0,474.0)
(481.0,474.0)
(481.0,474.0)
(455.0,474.0)
(481.0,474.0)
(481.0,474.0)
(455.0,474.0)
(481.0,474.0)
(474.0,474.0)
(483.0,474.0)
(481.0,474.0)
(481.0,474.0)
(481.0,474.0)
(753.0,474.0)
(363.0,474.0)
(481.0,474.0)
(474.0,474.0)
(481.0,474.0)
(481.0,474.0)
(481.0,474.0)
(481.0,474.0)
(363.0,474.0)
(481.0,474.0)
(447.0,474.0)
(481.0,474.0)
(481.0,474.0)
(455.0,474.0)
(474.0,474.0)
(362.0,474.0)
(481.0,474.0)
(455.0,474.0)
(474.0,474.0)
(481.0,474.0)
(474.0,474.0)
(481.0,474.0)
(481.0,474.0)
(455.0,474.0)
(447.0,474.0)
(481.0,474.0)
(481.0,474.0)
(455.0,474.0)
(363.0,474.0)
(481.0,474.0)
(481.0,474.0)
(481.0,474.0)
(481.0,474.0)
(481.0,474.0)
(482.0,474.0)
(481.0,474.0)
(480.0,474.0)
(481.0,474.0)
(474.0,474.0)
(455.0,474.0)
(481.0,474.0)
(474.0,474.0)
(481.0,474.0)
(481.0,474.0)
(481.0,474.0)
(455.0,474.0)
(447.0,474.0)
(753.0,474.0)
(474.0,474.0)
(474.0,474.0)
(481.0,474.0)
(481.0,474.0)
(481.0,474.0)
(363.0,474.0)
(474.0,474.0)
(474.0,474.0)
(362.0,474.0)
(481.0,474.0)
(743.0,474.0)
(474.0,474.0)
(474.0,474.0)
(474.0,474.0)
(481.0,474.0)
(455.0,474.0)
(481.0,474.0)
(447.0,474.0)
(474.0,474.0)
(481.0,474.0)
(363.0,474.0)
(481.0,474.0)
(362.0,474.0)
(481.0,474.0)
(447.0,474.0)
(474.0,474.0)
(474.0,474.0)
(474.0,474.0)
(753.0,474.0)
(447.0,474.0)
(363.0,474.0)
(481.0,474.0)
(474.0,474.0)
(481.0,474.0)
(481.0,474.0)
(481.0,474.0)
(474.0,474.0)
(474.0,474.0)
(482.0,474.0)
(743.0,474.0)
(481.0,474.0)
(481.0,474.0)
(455.0,474.0)
(481.0,474.0)
(481.0,474.0)
(474.0,474.0)
(481.0,474.0)
(447.0,474.0)
(481.0,474.0)
(481.0,474.0)
(474.0,474.0)
(474.0,474.0)
(481.0,474.0)
(481.0,474.0)
(474.0,474.0)
(481.0,474.0)
(465.0,474.0)
(481.0,474.0)
(481.0,474.0)
(481.0,474.0)
(481.0,474.0)
(455.0,474.0)
(474.0,474.0)
(474.0,474.0)
(474.0,474.0)
(455.0,474.0)
(474.0,474.0)
(455.0,474.0)
(474.0,474.0)
(481.0,474.0)
(481.0,474.0)
(474.0,474.0)
(474.0,474.0)
(753.0,474.0)
(481.0,474.0)
(474.0,474.0)
(447.0,474.0)
(427.0,474.0)
(481.0,474.0)
(482.0,474.0)
(751.0,474.0)
(480.0,474.0)
(481.0,474.0)
(455.0,474.0)
(455.0,474.0)
(481.0,474.0)
(481.0,474.0)
(447.0,474.0)
(481.0,474.0)
(474.0,474.0)
(481.0,474.0)
(474.0,474.0)
(396.0,474.0)
(474.0,474.0)
(481.0,474.0)
(481.0,474.0)
(481.0,474.0)
(474.0,474.0)
(751.0,474.0)
(474.0,474.0)
(481.0,474.0)
(362.0,474.0)
(481.0,474.0)
(481.0,474.0)
(363.0,474.0)
(481.0,474.0)
(481.0,474.0)
(481.0,474.0)
(474.0,474.0)
(455.0,474.0)
(474.0,474.0)
(481.0,474.0)
(530.0,474.0)
(474.0,474.0)
(481.0,474.0)
(474.0,474.0)
(474.0,474.0)
(455.0,474.0)
(447.0,474.0)
(474.0,474.0)
(481.0,474.0)
(362.0,474.0)
(447.0,474.0)
(474.0,474.0)
(455.0,474.0)
(481.0,474.0)
(481.0,474.0)
(481.0,474.0)
(455.0,474.0)
(481.0,474.0)
(481.0,474.0)
(474.0,474.0)
(481.0,474.0)
(481.0,474.0)
(474.0,474.0)
(474.0,474.0)
(447.0,474.0)
(743.0,474.0)
(474.0,474.0)
(481.0,474.0)
(481.0,474.0)
(481.0,474.0)
(474.0,474.0)
(481.0,474.0)
(481.0,474.0)
(481.0,474.0)
(481.0,474.0)
(481.0,474.0)
(481.0,474.0)
(481.0,474.0)
(481.0,474.0)
(455.0,474.0)
(481.0,474.0)
(455.0,474.0)
(481.0,474.0)
(481.0,474.0)
(481.0,474.0)
(481.0,474.0)
(481.0,474.0)
(474.0,474.0)
(481.0,474.0)
(481.0,474.0)
(482.0,474.0)
(481.0,474.0)
(481.0,474.0)
(474.0,474.0)
(481.0,474.0)
(455.0,474.0)
(474.0,474.0)
(481.0,474.0)
(474.0,474.0)
(481.0,474.0)
(474.0,474.0)
(481.0,474.0)
(481.0,474.0)
(455.0,474.0)
(481.0,474.0)
(447.0,474.0)
(481.0,474.0)
(447.0,474.0)
(481.0,474.0)
(481.0,474.0)
(481.0,474.0)
(447.0,474.0)
(483.0,474.0)
(481.0,474.0)
(474.0,474.0)
(481.0,474.0)
(363.0,474.0)
(481.0,474.0)
(481.0,474.0)
(474.0,474.0)
(455.0,474.0)
(474.0,474.0)
(447.0,474.0)
(751.0,474.0)
(481.0,474.0)
(427.0,474.0)
(481.0,474.0)
(455.0,474.0)
(809.0,474.0)
(481.0,474.0)
(362.0,474.0)
(807.0,474.0)
(481.0,474.0)
(481.0,474.0)
(455.0,474.0)
(481.0,474.0)
(455.0,474.0)
(481.0,474.0)
(474.0,474.0)
(481.0,474.0)
(481.0,474.0)
(474.0,474.0)
(481.0,474.0)
(455.0,474.0)
(481.0,474.0)
(481.0,474.0)
(481.0,474.0)
(481.0,474.0)
(417.0,474.0)
(481.0,474.0)
(474.0,474.0)
(481.0,474.0)
(481.0,474.0)
(481.0,474.0)
(481.0,474.0)
(474.0,474.0)
(481.0,474.0)
(474.0,474.0)
(447.0,474.0)
(481.0,474.0)
(481.0,474.0)
(480.0,474.0)
(481.0,474.0)
(447.0,474.0)
(481.0,474.0)
(481.0,474.0)
(481.0,474.0)
(481.0,474.0)
(474.0,474.0)
(455.0,474.0)
(455.0,474.0)
(447.0,474.0)
(447.0,474.0)
(481.0,474.0)
(455.0,474.0)
(481.0,474.0)
(362.0,474.0)
(481.0,474.0)
(481.0,474.0)
(481.0,474.0)
(481.0,474.0)
(474.0,474.0)
(455.0,474.0)
(474.0,474.0)
(474.0,474.0)
(481.0,474.0)
(447.0,474.0)
(474.0,474.0)
(481.0,474.0)
(481.0,474.0)
(455.0,474.0)
(481.0,474.0)
(481.0,474.0)
(481.0,474.0)
(474.0,474.0)
(743.0,474.0)
(363.0,474.0)
(481.0,474.0)
(474.0,474.0)
(455.0,474.0)
(481.0,474.0)
(474.0,474.0)
(481.0,474.0)
(455.0,474.0)
(474.0,474.0)
(481.0,474.0)
(362.0,474.0)
(474.0,474.0)
(421.0,474.0)
(474.0,474.0)
(481.0,474.0)
(474.0,474.0)
(481.0,474.0)
(474.0,474.0)
(481.0,474.0)
(481.0,474.0)
(455.0,474.0)
(481.0,474.0)
(455.0,474.0)
(474.0,474.0)
(421.0,474.0)
(481.0,474.0)
(481.0,474.0)
(474.0,474.0)
(481.0,474.0)
(481.0,474.0)
(481.0,474.0)
(481.0,474.0)
(455.0,474.0)
(482.0,474.0)
(482.0,474.0)
(482.0,474.0)
(482.0,474.0)
(482.0,474.0)
(482.0,474.0)
(482.0,474.0)
(482.0,474.0)
(482.0,474.0)
(482.0,474.0)
(482.0,474.0)
(482.0,474.0)
(482.0,474.0)
(482.0,474.0)
(482.0,474.0)
(482.0,474.0)
(362.0,474.0)
(482.0,474.0)
(482.0,474.0)
(479.0,474.0)
(483.0,474.0)
(482.0,474.0)
(479.0,474.0)
(482.0,474.0)
(482.0,474.0)
(479.0,474.0)
(479.0,474.0)
(482.0,474.0)
(482.0,474.0)
(482.0,474.0)
(482.0,474.0)
(417.0,474.0)
(483.0,474.0)
(479.0,474.0)
(482.0,474.0)
(482.0,474.0)
(479.0,474.0)
(482.0,474.0)
(479.0,474.0)
(479.0,474.0)
(483.0,474.0)
(479.0,474.0)
(479.0,474.0)
(479.0,474.0)
(482.0,474.0)
(482.0,474.0)
(483.0,474.0)
(482.0,474.0)
(483.0,474.0)
(482.0,474.0)
(482.0,474.0)
(483.0,474.0)
(482.0,474.0)
(482.0,474.0)
(482.0,474.0)
(482.0,474.0)
(455.0,474.0)
(482.0,474.0)
(482.0,474.0)
(479.0,474.0)
(447.0,474.0)
(482.0,474.0)
(482.0,474.0)
(479.0,474.0)
(479.0,474.0)
(482.0,474.0)
(482.0,474.0)
(482.0,474.0)
(447.0,474.0)
(482.0,474.0)
(482.0,474.0)
(482.0,474.0)
(482.0,474.0)
(482.0,474.0)
(482.0,474.0)
(479.0,474.0)
(479.0,474.0)
(482.0,474.0)
(482.0,474.0)
(482.0,474.0)
(440.0,474.0)
(479.0,474.0)
(483.0,474.0)
(479.0,474.0)
(482.0,474.0)
(482.0,474.0)
(482.0,474.0)
(482.0,474.0)
(482.0,474.0)
(482.0,474.0)
(479.0,474.0)
(482.0,474.0)
(479.0,474.0)
(482.0,474.0)
(483.0,474.0)
(482.0,474.0)
(482.0,474.0)
(483.0,474.0)
(482.0,474.0)
(482.0,474.0)
(479.0,474.0)
(482.0,474.0)
(482.0,474.0)
(479.0,474.0)
(482.0,474.0)
(482.0,474.0)
(482.0,474.0)
(482.0,474.0)
(482.0,474.0)
(479.0,474.0)
(459.0,474.0)
(482.0,474.0)
(482.0,474.0)
(482.0,474.0)
(479.0,474.0)
(482.0,474.0)
(482.0,474.0)
(482.0,474.0)
(483.0,474.0)
(482.0,474.0)
(482.0,474.0)
(482.0,474.0)
(483.0,474.0)
(482.0,474.0)
(482.0,474.0)
(483.0,474.0)
(482.0,474.0)
(482.0,474.0)
(482.0,474.0)
(479.0,474.0)
(482.0,474.0)
(482.0,474.0)
(483.0,474.0)
(479.0,474.0)
(483.0,474.0)
(479.0,474.0)
(482.0,474.0)
(483.0,474.0)
(482.0,474.0)
(479.0,474.0)
(479.0,474.0)
(483.0,474.0)
(447.0,474.0)
(482.0,474.0)
(483.0,474.0)
(482.0,474.0)
(482.0,474.0)
(482.0,474.0)
(482.0,474.0)
(482.0,474.0)
(482.0,474.0)
(440.0,474.0)
(482.0,474.0)
(482.0,474.0)
(479.0,474.0)
(482.0,474.0)
(482.0,474.0)
(482.0,474.0)
(482.0,474.0)
(482.0,474.0)
(482.0,474.0)
(482.0,474.0)
(479.0,474.0)
(482.0,474.0)
(482.0,474.0)
(482.0,474.0)
(479.0,474.0)
(483.0,474.0)
(482.0,474.0)
(482.0,474.0)
(482.0,474.0)
(482.0,474.0)
(482.0,474.0)
(482.0,474.0)
(483.0,474.0)
(482.0,474.0)
(482.0,474.0)
(482.0,474.0)
(482.0,474.0)
(482.0,474.0)
(482.0,474.0)
(479.0,474.0)
(482.0,474.0)
(482.0,474.0)
(482.0,474.0)
(482.0,474.0)
(482.0,474.0)
(482.0,474.0)
(482.0,474.0)
(483.0,474.0)
(482.0,474.0)
(482.0,474.0)
(482.0,474.0)
(482.0,474.0)
(483.0,474.0)
(455.0,474.0)
(481.0,474.0)
(481.0,474.0)
(481.0,474.0)
(481.0,474.0)
(481.0,474.0)
(481.0,474.0)
(753.0,474.0)
(474.0,474.0)
(481.0,474.0)
(447.0,474.0)
(455.0,474.0)
(363.0,474.0)
(481.0,474.0)
(481.0,474.0)
(753.0,474.0)
(474.0,474.0)
(481.0,474.0)
(481.0,474.0)
(481.0,474.0)
(481.0,474.0)
(455.0,474.0)
(481.0,474.0)
(474.0,474.0)
(455.0,474.0)
(481.0,474.0)
(481.0,474.0)
(474.0,474.0)
(474.0,474.0)
(481.0,474.0)
(478.0,474.0)
(481.0,474.0)
(483.0,474.0)
(481.0,474.0)
(751.0,474.0)
(474.0,474.0)
(474.0,474.0)
(447.0,474.0)
(481.0,474.0)
(455.0,474.0)
(481.0,474.0)
(455.0,474.0)
(455.0,474.0)
(455.0,474.0)
(474.0,474.0)
(474.0,474.0)
(481.0,474.0)
(474.0,474.0)
(447.0,474.0)
(481.0,474.0)
(474.0,474.0)
(481.0,474.0)
(481.0,474.0)
(447.0,474.0)
(481.0,474.0)
(474.0,474.0)
(481.0,474.0)
(447.0,474.0)
(481.0,474.0)
(474.0,474.0)
(481.0,474.0)
(481.0,474.0)
(474.0,474.0)
(455.0,474.0)
(474.0,474.0)
(481.0,474.0)
(362.0,474.0)
(482.0,474.0)
(474.0,474.0)
(481.0,474.0)
(743.0,474.0)
(481.0,474.0)
(481.0,474.0)
(481.0,474.0)
(474.0,474.0)
(474.0,474.0)
(474.0,474.0)
(481.0,474.0)
(481.0,474.0)
(483.0,474.0)
(481.0,474.0)
(743.0,474.0)
(481.0,474.0)
(481.0,474.0)
(474.0,474.0)
(481.0,474.0)
(481.0,474.0)
(480.0,474.0)
(481.0,474.0)
(481.0,474.0)
(474.0,474.0)
(474.0,474.0)
(474.0,474.0)
(481.0,474.0)
(447.0,474.0)
(481.0,474.0)
(481.0,474.0)
(474.0,474.0)
(482.0,474.0)
(481.0,474.0)
(474.0,474.0)
(447.0,474.0)
(481.0,474.0)
(481.0,474.0)
(474.0,474.0)
(455.0,474.0)
(363.0,474.0)
(481.0,474.0)
(481.0,474.0)
(481.0,474.0)
(481.0,474.0)
(474.0,474.0)
(743.0,474.0)
(483.0,474.0)
(481.0,474.0)
(455.0,474.0)
(481.0,474.0)
(483.0,474.0)
(481.0,474.0)
(481.0,474.0)
(481.0,474.0)
(481.0,474.0)
(481.0,474.0)
(743.0,474.0)
(481.0,474.0)
(481.0,474.0)
(447.0,474.0)
(481.0,474.0)
(481.0,474.0)
(481.0,474.0)
(481.0,474.0)
(474.0,474.0)
(481.0,474.0)
(481.0,474.0)
(455.0,474.0)
(481.0,474.0)
(481.0,474.0)
(474.0,474.0)
(474.0,474.0)
(474.0,474.0)
(474.0,474.0)
(483.0,474.0)
(481.0,474.0)
(481.0,474.0)
(481.0,474.0)
(481.0,474.0)
(455.0,474.0)
(481.0,474.0)
(481.0,474.0)
(481.0,474.0)
(481.0,474.0)
(455.0,474.0)
(483.0,474.0)
(447.0,474.0)
(455.0,474.0)
(455.0,474.0)
(474.0,474.0)
(455.0,474.0)
(743.0,474.0)
(481.0,474.0)
(483.0,474.0)
(483.0,474.0)
(481.0,474.0)
(455.0,474.0)
(455.0,474.0)
(743.0,474.0)
(481.0,474.0)
(474.0,474.0)
(474.0,474.0)
(481.0,474.0)
(481.0,474.0)
(447.0,474.0)
(481.0,474.0)
(474.0,474.0)
(481.0,474.0)
(481.0,474.0)
(455.0,474.0)
(455.0,474.0)
(474.0,474.0)
(483.0,474.0)
(481.0,474.0)
(481.0,474.0)
(455.0,474.0)
(481.0,474.0)
(474.0,474.0)
(455.0,474.0)
(481.0,474.0)
(474.0,474.0)
(474.0,474.0)
(474.0,474.0)
(481.0,474.0)
(481.0,474.0)
(474.0,474.0)
(481.0,474.0)
(455.0,474.0)
(481.0,474.0)
(481.0,474.0)
(743.0,474.0)
(481.0,474.0)
(481.0,474.0)
(753.0,474.0)
(481.0,474.0)
(474.0,474.0)
(753.0,474.0)
(474.0,474.0)
(481.0,474.0)
(474.0,474.0)
(417.0,474.0)
(481.0,474.0)
(363.0,474.0)
(474.0,474.0)
(481.0,474.0)
(481.0,474.0)
(417.0,474.0)
(455.0,474.0)
(481.0,474.0)
(474.0,474.0)
(743.0,474.0)
(474.0,474.0)
(455.0,474.0)
(481.0,474.0)
(474.0,474.0)
(455.0,474.0)
(481.0,474.0)
(481.0,474.0)
(474.0,474.0)
(481.0,474.0)
(474.0,474.0)
(447.0,474.0)
(474.0,474.0)
(474.0,474.0)
(474.0,474.0)
(743.0,474.0)
(481.0,474.0)
(743.0,474.0)
(474.0,474.0)
(481.0,474.0)
(481.0,474.0)
(474.0,474.0)
(474.0,474.0)
(481.0,474.0)
(481.0,474.0)
(474.0,474.0)
(455.0,474.0)
(474.0,474.0)
(481.0,474.0)
(481.0,474.0)
(474.0,474.0)
(474.0,474.0)
(447.0,474.0)
(481.0,474.0)
(474.0,474.0)
(481.0,474.0)
(481.0,474.0)
(474.0,474.0)
(362.0,474.0)
(474.0,474.0)
(481.0,474.0)
(481.0,474.0)
(481.0,474.0)
(481.0,474.0)
(474.0,474.0)
(474.0,474.0)
(481.0,474.0)
(481.0,474.0)
(481.0,474.0)
(481.0,474.0)
(481.0,474.0)
(447.0,474.0)
(481.0,474.0)
(474.0,474.0)
(483.0,474.0)
(481.0,474.0)
(481.0,474.0)
(474.0,474.0)
(481.0,474.0)
(455.0,474.0)
(481.0,474.0)
(751.0,474.0)
(447.0,474.0)
(474.0,474.0)
(474.0,474.0)
(809.0,474.0)
(455.0,474.0)
(474.0,474.0)
(481.0,474.0)
(474.0,474.0)
(474.0,474.0)
(474.0,474.0)
(809.0,474.0)
(474.0,474.0)
(481.0,474.0)
(474.0,474.0)
(481.0,474.0)
(481.0,474.0)
(474.0,474.0)
(455.0,474.0)
(481.0,474.0)
(474.0,474.0)
(474.0,474.0)
(481.0,474.0)
(481.0,474.0)
(481.0,474.0)
(481.0,474.0)
(474.0,474.0)
(474.0,474.0)
(474.0,474.0)
(474.0,474.0)
(474.0,474.0)
(481.0,474.0)
(481.0,474.0)
(455.0,474.0)
(474.0,474.0)
(474.0,474.0)
(474.0,474.0)
(474.0,474.0)
(447.0,474.0)
(481.0,474.0)
(481.0,474.0)
(455.0,474.0)
(743.0,474.0)
(481.0,474.0)
(474.0,474.0)
(474.0,474.0)
(481.0,474.0)
(447.0,474.0)
(474.0,474.0)
(455.0,474.0)
(474.0,474.0)
(474.0,474.0)
(455.0,474.0)
(481.0,474.0)
(363.0,474.0)
(474.0,474.0)
(481.0,474.0)
(481.0,474.0)
(753.0,474.0)
(481.0,474.0)
(455.0,474.0)
(474.0,474.0)
(474.0,474.0)
(481.0,474.0)
(481.0,474.0)
(474.0,474.0)
(481.0,474.0)
(480.0,474.0)
(474.0,474.0)
(474.0,474.0)
(481.0,474.0)
(474.0,474.0)
(481.0,474.0)
(447.0,474.0)
(481.0,474.0)
(474.0,474.0)
(481.0,474.0)
(363.0,474.0)
(474.0,474.0)
(481.0,474.0)
(481.0,474.0)
(474.0,474.0)
(482.0,474.0)
(363.0,474.0)
(474.0,474.0)
(481.0,474.0)
(474.0,474.0)
(474.0,474.0)
(481.0,474.0)
(481.0,474.0)
(354.0,474.0)
(481.0,474.0)
(455.0,474.0)
(481.0,474.0)
(474.0,474.0)
(474.0,474.0)
(807.0,474.0)
(474.0,474.0)
(455.0,474.0)
(481.0,474.0)
(474.0,474.0)
(809.0,474.0)
(455.0,474.0)
(455.0,474.0)
(363.0,474.0)
(481.0,474.0)
(474.0,474.0)
(481.0,474.0)
(474.0,474.0)
(447.0,474.0)
(474.0,474.0)
(474.0,474.0)
(481.0,474.0)
(481.0,474.0)
(474.0,474.0)
(481.0,474.0)
(481.0,474.0)
(474.0,474.0)
(481.0,474.0)
(481.0,474.0)
(474.0,474.0)
(455.0,474.0)
(474.0,474.0)
(474.0,474.0)
(481.0,474.0)
(474.0,474.0)
(471.0,474.0)
(481.0,474.0)
(481.0,474.0)
(481.0,474.0)
(481.0,474.0)
(474.0,474.0)
(481.0,474.0)
(474.0,474.0)
(455.0,474.0)
(481.0,474.0)
(455.0,474.0)
(474.0,474.0)
(474.0,474.0)
(474.0,474.0)
(471.0,474.0)
(447.0,474.0)
(474.0,474.0)
(474.0,474.0)
(474.0,474.0)
(481.0,474.0)
(481.0,474.0)
(482.0,474.0)
(481.0,474.0)
(481.0,474.0)
(474.0,474.0)
(481.0,474.0)
(474.0,474.0)
(474.0,474.0)
(474.0,474.0)
(481.0,474.0)
(481.0,474.0)
(481.0,474.0)
(481.0,474.0)
(481.0,474.0)
(474.0,474.0)
(481.0,474.0)
(474.0,474.0)
(481.0,474.0)
(481.0,474.0)
(474.0,474.0)
(474.0,474.0)
(481.0,474.0)
(481.0,474.0)
(481.0,474.0)
(481.0,474.0)
(474.0,474.0)
(471.0,474.0)
(474.0,474.0)
(471.0,474.0)
(481.0,474.0)
(481.0,474.0)
(481.0,474.0)
(447.0,474.0)
(474.0,474.0)
(474.0,474.0)
(481.0,474.0)
(474.0,474.0)
(474.0,474.0)
(474.0,474.0)
(481.0,474.0)
(481.0,474.0)
(474.0,474.0)
(474.0,474.0)
(474.0,474.0)
(481.0,474.0)
(481.0,474.0)
(481.0,474.0)
(481.0,474.0)
(447.0,474.0)
(447.0,474.0)
(481.0,474.0)
(474.0,474.0)
(447.0,474.0)
(474.0,474.0)
(480.0,474.0)
(481.0,474.0)
(447.0,474.0)
(474.0,474.0)
(474.0,474.0)
(481.0,474.0)
(474.0,474.0)
(474.0,474.0)
(474.0,474.0)
(474.0,474.0)
(474.0,474.0)
(481.0,474.0)
(474.0,474.0)
(474.0,474.0)
(474.0,474.0)
(474.0,474.0)
(474.0,474.0)
(474.0,474.0)
(481.0,474.0)
(447.0,474.0)
(481.0,474.0)
(481.0,474.0)
(481.0,474.0)
(481.0,474.0)
(474.0,474.0)
(474.0,474.0)
(474.0,474.0)
(481.0,474.0)
(481.0,474.0)
(481.0,474.0)
(447.0,474.0)
(481.0,474.0)
(447.0,474.0)
(455.0,474.0)
(780.0,474.0)
(482.0,474.0)
(481.0,474.0)
(474.0,474.0)
(481.0,474.0)
(481.0,474.0)
(474.0,474.0)
(474.0,474.0)
(482.0,474.0)
(481.0,474.0)
(481.0,474.0)
(474.0,474.0)
(471.0,474.0)
(481.0,474.0)
(481.0,474.0)
(481.0,474.0)
(481.0,474.0)
(481.0,474.0)
(483.0,474.0)
(474.0,474.0)
(474.0,474.0)
(474.0,474.0)
(482.0,474.0)
(447.0,474.0)
(474.0,474.0)
(455.0,474.0)
(481.0,474.0)
(481.0,474.0)
(481.0,474.0)
(480.0,474.0)
(483.0,474.0)
(481.0,474.0)
(481.0,474.0)
(474.0,474.0)
(471.0,474.0)
(481.0,474.0)
(481.0,474.0)
(474.0,474.0)
(481.0,474.0)
(481.0,474.0)
(481.0,474.0)
(481.0,474.0)
(481.0,474.0)
(481.0,474.0)
(447.0,474.0)
(481.0,474.0)
(481.0,474.0)
(481.0,474.0)
(474.0,474.0)
(481.0,474.0)
(474.0,474.0)
(474.0,474.0)
(474.0,474.0)
(481.0,474.0)
(474.0,474.0)
(481.0,474.0)
(481.0,474.0)
(481.0,474.0)
(474.0,474.0)
(481.0,474.0)
(482.0,474.0)
(481.0,474.0)
(474.0,474.0)
(481.0,474.0)
(481.0,474.0)
(482.0,474.0)
(481.0,474.0)
(481.0,474.0)
(474.0,474.0)
(474.0,474.0)
(481.0,474.0)
(481.0,474.0)
(474.0,474.0)
(481.0,474.0)
(474.0,474.0)
(479.0,474.0)
(474.0,474.0)
(481.0,474.0)
(447.0,474.0)
(474.0,474.0)
(481.0,474.0)
(481.0,474.0)
(483.0,474.0)
(474.0,474.0)
(474.0,474.0)
(483.0,474.0)
(455.0,474.0)
(472.0,474.0)
(474.0,474.0)
(751.0,474.0)
(474.0,474.0)
(447.0,474.0)
(481.0,474.0)
(474.0,474.0)
(474.0,474.0)
(481.0,474.0)
(481.0,474.0)
(481.0,474.0)
(474.0,474.0)
(809.0,474.0)
(474.0,474.0)
(481.0,474.0)
(481.0,474.0)
(482.0,474.0)
(475.0,474.0)
(354.0,474.0)
(481.0,474.0)
(474.0,474.0)
(474.0,474.0)
(472.0,474.0)
(482.0,474.0)
(447.0,474.0)
(483.0,474.0)
(483.0,474.0)
(481.0,474.0)
(354.0,474.0)
(474.0,474.0)
(474.0,474.0)
(474.0,474.0)
(481.0,474.0)
(474.0,474.0)
(475.0,474.0)
(481.0,474.0)
(474.0,474.0)
(474.0,474.0)
(474.0,474.0)
(474.0,474.0)
(743.0,474.0)
(482.0,474.0)
(447.0,474.0)
(809.0,474.0)
(474.0,474.0)
(474.0,474.0)
(474.0,474.0)
(474.0,474.0)
(474.0,474.0)
(455.0,474.0)
(481.0,474.0)
(481.0,474.0)
(474.0,474.0)
(481.0,474.0)
(474.0,474.0)
(481.0,474.0)
(481.0,474.0)
(474.0,474.0)
(474.0,474.0)
(474.0,474.0)
(474.0,474.0)
(474.0,474.0)
(481.0,474.0)
(474.0,474.0)
(474.0,474.0)
(474.0,474.0)
(447.0,474.0)
(743.0,474.0)
(474.0,474.0)
(447.0,474.0)
(474.0,474.0)
(474.0,474.0)
(474.0,474.0)
(447.0,474.0)
(474.0,474.0)
(481.0,474.0)
(474.0,474.0)
(474.0,474.0)
(481.0,474.0)
(474.0,474.0)
(481.0,474.0)
(474.0,474.0)
(474.0,474.0)
(755.0,474.0)
(481.0,474.0)
(474.0,474.0)
(474.0,474.0)
(483.0,474.0)
(481.0,474.0)
(474.0,474.0)
(474.0,474.0)
(474.0,474.0)
(474.0,474.0)
(481.0,474.0)
(474.0,474.0)
(481.0,474.0)
(474.0,474.0)
(474.0,474.0)
(481.0,474.0)
(753.0,474.0)
(474.0,474.0)
(354.0,474.0)
(474.0,474.0)
(474.0,474.0)
(355.0,474.0)
(474.0,474.0)
(474.0,474.0)
(474.0,474.0)
(474.0,474.0)
(483.0,474.0)
(447.0,474.0)
(474.0,474.0)
(771.0,474.0)
(474.0,474.0)
(472.0,474.0)
(481.0,474.0)
(474.0,474.0)
(481.0,474.0)
(447.0,474.0)
(474.0,474.0)
(613.0,474.0)
(359.0,474.0)
(483.0,474.0)
(474.0,474.0)
(481.0,474.0)
(447.0,474.0)
(482.0,474.0)
(474.0,474.0)
(481.0,474.0)
(481.0,474.0)
(483.0,474.0)
(474.0,474.0)
(447.0,474.0)
(474.0,474.0)
(474.0,474.0)
(474.0,474.0)
(447.0,474.0)
(481.0,474.0)
(481.0,474.0)
(474.0,474.0)
(472.0,474.0)
(474.0,474.0)
(474.0,474.0)
(474.0,474.0)
(474.0,474.0)
(474.0,474.0)
(481.0,474.0)
(809.0,474.0)
(474.0,474.0)
(481.0,474.0)
(472.0,474.0)
(483.0,474.0)
(474.0,474.0)
(482.0,474.0)
(482.0,474.0)
(743.0,474.0)
(753.0,474.0)
(739.0,474.0)
(474.0,474.0)
(472.0,474.0)
(474.0,474.0)
(483.0,474.0)
(482.0,474.0)
(447.0,474.0)
(474.0,474.0)
(474.0,474.0)
(455.0,474.0)
(474.0,474.0)
(447.0,481.0)
(479.0,481.0)
(362.0,481.0)
(479.0,481.0)
(479.0,481.0)
(483.0,481.0)
(479.0,481.0)
(447.0,481.0)
(481.0,481.0)
(482.0,481.0)
(481.0,481.0)
(368.0,481.0)
(785.0,481.0)
(479.0,481.0)
(479.0,481.0)
(447.0,481.0)
(482.0,481.0)
(785.0,481.0)
(483.0,481.0)
(482.0,481.0)
(447.0,481.0)
(447.0,481.0)
(482.0,481.0)
(804.0,481.0)
(455.0,481.0)
(482.0,481.0)
(804.0,481.0)
(447.0,481.0)
(447.0,481.0)
(447.0,481.0)
(787.0,481.0)
(481.0,481.0)
(447.0,481.0)
(212.0,481.0)
(482.0,481.0)
(447.0,481.0)
(482.0,481.0)
(447.0,481.0)
(482.0,481.0)
(362.0,481.0)
(481.0,481.0)
(431.0,481.0)
(480.0,481.0)
(455.0,481.0)
(482.0,481.0)
(447.0,481.0)
(368.0,481.0)
(804.0,481.0)
(435.0,481.0)
(479.0,481.0)
(482.0,481.0)
(479.0,481.0)
(455.0,481.0)
(804.0,481.0)
(479.0,481.0)
(804.0,481.0)
(479.0,481.0)
(471.0,481.0)
(482.0,481.0)
(457.0,481.0)
(447.0,481.0)
(483.0,481.0)
(435.0,481.0)
(455.0,481.0)
(479.0,481.0)
(455.0,481.0)
(417.0,481.0)
(736.0,481.0)
(482.0,481.0)
(483.0,481.0)
(479.0,481.0)
(482.0,481.0)
(482.0,481.0)
(752.0,481.0)
(455.0,481.0)
(479.0,481.0)
(362.0,481.0)
(483.0,481.0)
(482.0,481.0)
(480.0,481.0)
(482.0,481.0)
(804.0,481.0)
(785.0,481.0)
(480.0,481.0)
(480.0,481.0)
(482.0,481.0)
(482.0,481.0)
(482.0,481.0)
(785.0,481.0)
(447.0,481.0)
(482.0,481.0)
(447.0,481.0)
(482.0,481.0)
(447.0,481.0)
(802.0,481.0)
(482.0,481.0)
(447.0,481.0)
(480.0,481.0)
(479.0,481.0)
(804.0,481.0)
(435.0,481.0)
(447.0,481.0)
(479.0,481.0)
(447.0,481.0)
(482.0,481.0)
(447.0,481.0)
(447.0,481.0)
(483.0,481.0)
(482.0,481.0)
(447.0,481.0)
(362.0,481.0)
(482.0,481.0)
(447.0,481.0)
(480.0,481.0)
(482.0,481.0)
(479.0,481.0)
(447.0,481.0)
(472.0,481.0)
(447.0,481.0)
(447.0,481.0)
(479.0,481.0)
(482.0,481.0)
(479.0,481.0)
(480.0,481.0)
(740.0,481.0)
(479.0,481.0)
(483.0,481.0)
(479.0,481.0)
(417.0,481.0)
(482.0,481.0)
(474.0,481.0)
(455.0,481.0)
(435.0,481.0)
(447.0,481.0)
(447.0,481.0)
(447.0,481.0)
(482.0,481.0)
(483.0,481.0)
(471.0,481.0)
(456.0,481.0)
(483.0,481.0)
(482.0,481.0)
(479.0,481.0)
(480.0,481.0)
(483.0,481.0)
(804.0,481.0)
(482.0,481.0)
(455.0,481.0)
(447.0,481.0)
(362.0,481.0)
(471.0,481.0)
(482.0,481.0)
(785.0,481.0)
(447.0,481.0)
(447.0,481.0)
(447.0,481.0)
(456.0,481.0)
(479.0,481.0)
(482.0,481.0)
(482.0,481.0)
(447.0,481.0)
(479.0,481.0)
(482.0,481.0)
(480.0,481.0)
(362.0,481.0)
(483.0,481.0)
(362.0,481.0)
(474.0,481.0)
(362.0,481.0)
(785.0,481.0)
(455.0,481.0)
(483.0,481.0)
(785.0,481.0)
(368.0,481.0)
(483.0,481.0)
(447.0,481.0)
(480.0,481.0)
(455.0,481.0)
(368.0,481.0)
(455.0,481.0)
(482.0,481.0)
(482.0,481.0)
(751.0,481.0)
(447.0,481.0)
(804.0,481.0)
(362.0,481.0)
(447.0,481.0)
(482.0,481.0)
(483.0,481.0)
(483.0,481.0)
(362.0,481.0)
(482.0,481.0)
(479.0,481.0)
(482.0,481.0)
(483.0,481.0)
(482.0,482.0)
(479.0,482.0)
(482.0,482.0)
(482.0,482.0)
(482.0,482.0)
(482.0,482.0)
(785.0,482.0)
(482.0,482.0)
(479.0,482.0)
(479.0,482.0)
(483.0,482.0)
(482.0,482.0)
(482.0,482.0)
(482.0,482.0)
(380.0,482.0)
(482.0,482.0)
(482.0,482.0)
(482.0,482.0)
(482.0,482.0)
(482.0,482.0)
(479.0,482.0)
(482.0,482.0)
(482.0,482.0)
(482.0,482.0)
(482.0,482.0)
(482.0,482.0)
(482.0,482.0)
(482.0,482.0)
(482.0,482.0)
(379.0,482.0)
(482.0,482.0)
(482.0,482.0)
(380.0,482.0)
(482.0,482.0)
(482.0,482.0)
(757.0,482.0)
(482.0,482.0)
(482.0,482.0)
(483.0,482.0)
(479.0,482.0)
(482.0,482.0)
(479.0,482.0)
(474.0,482.0)
(482.0,482.0)
(482.0,482.0)
(474.0,482.0)
(474.0,482.0)
(482.0,482.0)
(482.0,482.0)
(479.0,482.0)
(482.0,482.0)
(482.0,482.0)
(482.0,482.0)
(482.0,482.0)
(482.0,482.0)
(482.0,482.0)
(483.0,482.0)
(482.0,482.0)
(482.0,482.0)
(379.0,482.0)
(482.0,482.0)
(482.0,482.0)
(482.0,482.0)
(483.0,482.0)
(482.0,482.0)
(482.0,482.0)
(482.0,482.0)
(482.0,482.0)
(479.0,482.0)
(474.0,482.0)
(482.0,482.0)
(440.0,482.0)
(479.0,482.0)
(482.0,482.0)
(482.0,482.0)
(482.0,482.0)
(474.0,482.0)
(482.0,482.0)
(482.0,482.0)
(482.0,482.0)
(482.0,482.0)
(482.0,482.0)
(474.0,482.0)
(479.0,482.0)
(482.0,482.0)
(482.0,482.0)
(455.0,482.0)
(482.0,482.0)
(479.0,482.0)
(482.0,482.0)
(482.0,482.0)
(440.0,482.0)
(482.0,482.0)
(474.0,482.0)
(482.0,482.0)
(382.0,482.0)
(482.0,482.0)
(482.0,482.0)
(482.0,482.0)
(459.0,482.0)
(482.0,482.0)
(482.0,482.0)
(482.0,482.0)
(479.0,482.0)
(474.0,482.0)
(482.0,482.0)
(482.0,482.0)
(482.0,482.0)
(482.0,482.0)
(482.0,482.0)
(482.0,482.0)
(482.0,482.0)
(482.0,482.0)
(479.0,482.0)
(440.0,482.0)
(482.0,482.0)
(482.0,482.0)
(479.0,482.0)
(757.0,482.0)
(482.0,482.0)
(482.0,482.0)
(482.0,482.0)
(482.0,482.0)
(482.0,482.0)
(482.0,482.0)
(482.0,482.0)
(482.0,482.0)
(482.0,482.0)
(482.0,482.0)
(482.0,482.0)
(482.0,482.0)
(482.0,482.0)
(482.0,482.0)
(482.0,482.0)
(482.0,482.0)
(482.0,482.0)
(482.0,482.0)
(482.0,482.0)
(482.0,482.0)
(479.0,482.0)
(482.0,482.0)
(483.0,482.0)
(482.0,482.0)
(482.0,482.0)
(482.0,482.0)
(482.0,482.0)
(482.0,482.0)
(482.0,482.0)
(482.0,482.0)
(482.0,482.0)
(804.0,482.0)
(482.0,482.0)
(479.0,482.0)
(483.0,482.0)
(482.0,482.0)
(482.0,482.0)
(483.0,482.0)
(482.0,482.0)
(483.0,482.0)
(738.0,482.0)
(482.0,482.0)
(757.0,482.0)
(482.0,482.0)
(483.0,482.0)
(482.0,482.0)
(482.0,482.0)
(482.0,482.0)
(479.0,482.0)
(479.0,482.0)
(785.0,482.0)
(757.0,482.0)
