(328.0,39.0)
(212.0,39.0)
(39.0,39.0)
(43.0,39.0)
(799.0,39.0)
(44.0,39.0)
(214.0,39.0)
(448.0,39.0)
(466.0,39.0)
(409.0,39.0)
(37.0,39.0)
(771.0,39.0)
(519.0,39.0)
(448.0,39.0)
(466.0,39.0)
(39.0,39.0)
(44.0,39.0)
(212.0,39.0)
(445.0,39.0)
(39.0,39.0)
(527.0,39.0)
(41.0,39.0)
(45.0,39.0)
(39.0,39.0)
(723.0,39.0)
(44.0,39.0)
(31.0,39.0)
(43.0,39.0)
(44.0,39.0)
(33.0,39.0)
(212.0,39.0)
(757.0,39.0)
(43.0,39.0)
(461.0,39.0)
(39.0,39.0)
(771.0,39.0)
(466.0,39.0)
(39.0,39.0)
(39.0,39.0)
(771.0,39.0)
(44.0,39.0)
(409.0,39.0)
(771.0,39.0)
(464.0,39.0)
(39.0,39.0)
(464.0,39.0)
(44.0,39.0)
(2.0,39.0)
(39.0,39.0)
(39.0,39.0)
(44.0,39.0)
(39.0,39.0)
(39.0,39.0)
(24.0,39.0)
(39.0,39.0)
(44.0,39.0)
(39.0,39.0)
(39.0,39.0)
(530.0,39.0)
(38.0,39.0)
(39.0,39.0)
(389.0,39.0)
(359.0,39.0)
(445.0,39.0)
(43.0,39.0)
(38.0,39.0)
(745.0,39.0)
(43.0,39.0)
(39.0,39.0)
(43.0,39.0)
(39.0,39.0)
(39.0,39.0)
(31.0,39.0)
(771.0,39.0)
(530.0,39.0)
(519.0,39.0)
(448.0,39.0)
(771.0,39.0)
(44.0,39.0)
(314.0,39.0)
(42.0,39.0)
(2.0,39.0)
(44.0,39.0)
(39.0,39.0)
(464.0,39.0)
(43.0,39.0)
(484.0,39.0)
(39.0,39.0)
(39.0,39.0)
(771.0,39.0)
(464.0,39.0)
(44.0,39.0)
(530.0,39.0)
(452.0,39.0)
(43.0,39.0)
(466.0,39.0)
(39.0,39.0)
(771.0,39.0)
(41.0,39.0)
(771.0,39.0)
(39.0,39.0)
(37.0,39.0)
(44.0,39.0)
(39.0,39.0)
(45.0,39.0)
(44.0,39.0)
(771.0,39.0)
(464.0,39.0)
(2.0,39.0)
(519.0,39.0)
(483.0,39.0)
(464.0,39.0)
(39.0,39.0)
(38.0,39.0)
(387.0,39.0)
(771.0,39.0)
(20.0,39.0)
(771.0,39.0)
(44.0,39.0)
(39.0,39.0)
(35.0,39.0)
(37.0,39.0)
(389.0,39.0)
(44.0,39.0)
(43.0,39.0)
(39.0,39.0)
(35.0,39.0)
(39.0,39.0)
(464.0,39.0)
(469.0,39.0)
(349.0,39.0)
(45.0,39.0)
(37.0,39.0)
(43.0,40.0)
(737.0,40.0)
(713.0,40.0)
(45.0,40.0)
(38.0,40.0)
(645.0,40.0)
(43.0,40.0)
(422.0,40.0)
(44.0,40.0)
(771.0,40.0)
(43.0,40.0)
(771.0,40.0)
(528.0,40.0)
(39.0,40.0)
(320.0,40.0)
(530.0,40.0)
(38.0,40.0)
(774.0,40.0)
(771.0,40.0)
(39.0,40.0)
(384.0,40.0)
(381.0,40.0)
(645.0,40.0)
(445.0,40.0)
(530.0,40.0)
(39.0,40.0)
(43.0,40.0)
(44.0,40.0)
(445.0,40.0)
(771.0,40.0)
(44.0,40.0)
(36.0,40.0)
(39.0,40.0)
(39.0,40.0)
(645.0,40.0)
(398.0,40.0)
(45.0,40.0)
(45.0,40.0)
(398.0,40.0)
(44.0,40.0)
(44.0,40.0)
(45.0,40.0)
(399.0,40.0)
(40.0,40.0)
(530.0,40.0)
(771.0,40.0)
(38.0,40.0)
(445.0,40.0)
(386.0,40.0)
(41.0,40.0)
(43.0,40.0)
(43.0,40.0)
(398.0,40.0)
(44.0,40.0)
(771.0,40.0)
(353.0,40.0)
(38.0,40.0)
(417.0,40.0)
(2.0,40.0)
(475.0,40.0)
(756.0,40.0)
(785.0,40.0)
(42.0,40.0)
(33.0,40.0)
(398.0,40.0)
(46.0,40.0)
(447.0,40.0)
(474.0,40.0)
(448.0,40.0)
(39.0,40.0)
(40.0,40.0)
(785.0,40.0)
(39.0,40.0)
(39.0,40.0)
(40.0,40.0)
(212.0,40.0)
(39.0,40.0)
(36.0,40.0)
(350.0,40.0)
(38.0,40.0)
(40.0,40.0)
(658.0,40.0)
(45.0,40.0)
(44.0,40.0)
(39.0,40.0)
(39.0,40.0)
(340.0,40.0)
(44.0,40.0)
(738.0,40.0)
(39.0,40.0)
(39.0,40.0)
(37.0,40.0)
(38.0,40.0)
(45.0,40.0)
(40.0,40.0)
(35.0,40.0)
(399.0,40.0)
(771.0,40.0)
(43.0,40.0)
(43.0,40.0)
(43.0,40.0)
(40.0,40.0)
(350.0,40.0)
(39.0,40.0)
(37.0,40.0)
(44.0,40.0)
(771.0,40.0)
(212.0,40.0)
(37.0,40.0)
(43.0,40.0)
(43.0,40.0)
(423.0,40.0)
(44.0,40.0)
(44.0,40.0)
(399.0,40.0)
(757.0,40.0)
(391.0,40.0)
(33.0,40.0)
(43.0,40.0)
(645.0,40.0)
(771.0,40.0)
(445.0,40.0)
(757.0,40.0)
(757.0,40.0)
(771.0,40.0)
(33.0,40.0)
(37.0,40.0)
(757.0,40.0)
(785.0,40.0)
(44.0,40.0)
(44.0,40.0)
(44.0,40.0)
(41.0,40.0)
(645.0,40.0)
(39.0,40.0)
(44.0,40.0)
(44.0,40.0)
(44.0,40.0)
(45.0,40.0)
(381.0,40.0)
(460.0,40.0)
(398.0,40.0)
(44.0,40.0)
(448.0,40.0)
(44.0,40.0)
(43.0,40.0)
(2.0,40.0)
(44.0,40.0)
(45.0,40.0)
(461.0,40.0)
(38.0,40.0)
(44.0,40.0)
(459.0,40.0)
(44.0,40.0)
(328.0,40.0)
(479.0,40.0)
(44.0,40.0)
(41.0,40.0)
(45.0,40.0)
(43.0,40.0)
(309.0,40.0)
(212.0,40.0)
(44.0,41.0)
(44.0,41.0)
(323.0,41.0)
(43.0,41.0)
(43.0,41.0)
(436.0,41.0)
(39.0,41.0)
(39.0,41.0)
(38.0,41.0)
(251.0,41.0)
(43.0,41.0)
(44.0,41.0)
(45.0,41.0)
(45.0,41.0)
(530.0,41.0)
(43.0,41.0)
(43.0,41.0)
(228.0,41.0)
(38.0,41.0)
(46.0,41.0)
(405.0,41.0)
(594.0,41.0)
(447.0,41.0)
(525.0,41.0)
(44.0,41.0)
(391.0,41.0)
(43.0,41.0)
(445.0,41.0)
(530.0,41.0)
(44.0,41.0)
(43.0,41.0)
(46.0,41.0)
(349.0,41.0)
(386.0,41.0)
(445.0,41.0)
(45.0,41.0)
(386.0,41.0)
(39.0,41.0)
(39.0,41.0)
(445.0,41.0)
(404.0,41.0)
(39.0,41.0)
(479.0,41.0)
(43.0,41.0)
(412.0,41.0)
(43.0,41.0)
(39.0,41.0)
(389.0,41.0)
(39.0,41.0)
(43.0,41.0)
(39.0,41.0)
(43.0,41.0)
(39.0,41.0)
(461.0,41.0)
(389.0,41.0)
(376.0,41.0)
(43.0,41.0)
(39.0,41.0)
(43.0,41.0)
(39.0,41.0)
(39.0,41.0)
(44.0,41.0)
(19.0,41.0)
(771.0,41.0)
(519.0,41.0)
(519.0,41.0)
(771.0,41.0)
(42.0,41.0)
(530.0,41.0)
(530.0,41.0)
(34.0,41.0)
(38.0,41.0)
(448.0,41.0)
(43.0,41.0)
(39.0,41.0)
(354.0,41.0)
(723.0,41.0)
(784.0,41.0)
(39.0,41.0)
(39.0,41.0)
(445.0,41.0)
(44.0,41.0)
(31.0,41.0)
(39.0,41.0)
(393.0,41.0)
(404.0,41.0)
(39.0,41.0)
(384.0,41.0)
(43.0,41.0)
(386.0,41.0)
(748.0,41.0)
(40.0,41.0)
(44.0,41.0)
(386.0,41.0)
(771.0,41.0)
(39.0,41.0)
(43.0,41.0)
(38.0,41.0)
(723.0,41.0)
(43.0,41.0)
(484.0,41.0)
(44.0,41.0)
(445.0,41.0)
(43.0,41.0)
(440.0,41.0)
(771.0,41.0)
(39.0,41.0)
(771.0,41.0)
(45.0,41.0)
(39.0,41.0)
(448.0,41.0)
(479.0,41.0)
(39.0,41.0)
(483.0,41.0)
(386.0,41.0)
(39.0,41.0)
(387.0,41.0)
(43.0,41.0)
(364.0,41.0)
(38.0,41.0)
(41.0,41.0)
(404.0,41.0)
(45.0,41.0)
(39.0,41.0)
(39.0,41.0)
(39.0,41.0)
(43.0,41.0)
(39.0,41.0)
(39.0,41.0)
(39.0,41.0)
(404.0,41.0)
(38.0,41.0)
(44.0,41.0)
(404.0,41.0)
(464.0,41.0)
(404.0,41.0)
(43.0,41.0)
(2.0,41.0)
(448.0,41.0)
(39.0,41.0)
(530.0,41.0)
(449.0,41.0)
(483.0,41.0)
(44.0,41.0)
(404.0,41.0)
(771.0,41.0)
(37.0,41.0)
(771.0,41.0)
(522.0,41.0)
(440.0,41.0)
(39.0,41.0)
(39.0,41.0)
(771.0,41.0)
(745.0,41.0)
(723.0,41.0)
(404.0,41.0)
(455.0,529.0)
(529.0,529.0)
(529.0,529.0)
(455.0,529.0)
(455.0,529.0)
(455.0,529.0)
(455.0,529.0)
(530.0,529.0)
(455.0,529.0)
(529.0,529.0)
(455.0,529.0)
(529.0,529.0)
(42.0,529.0)
(42.0,529.0)
(529.0,529.0)
(529.0,529.0)
(455.0,529.0)
(455.0,529.0)
(529.0,529.0)
(455.0,529.0)
(455.0,529.0)
(455.0,529.0)
(455.0,529.0)
(455.0,529.0)
(529.0,529.0)
(455.0,529.0)
(455.0,529.0)
(455.0,529.0)
(455.0,529.0)
(455.0,529.0)
(529.0,529.0)
(529.0,529.0)
(455.0,529.0)
(455.0,529.0)
(455.0,529.0)
(529.0,529.0)
(530.0,529.0)
(529.0,529.0)
(530.0,529.0)
(455.0,529.0)
(455.0,529.0)
(42.0,529.0)
(530.0,529.0)
(455.0,529.0)
(529.0,529.0)
(530.0,529.0)
(530.0,529.0)
(530.0,529.0)
(455.0,529.0)
(530.0,529.0)
(529.0,529.0)
(529.0,529.0)
(529.0,529.0)
(455.0,529.0)
(455.0,529.0)
(455.0,529.0)
(42.0,529.0)
(455.0,529.0)
(455.0,529.0)
(529.0,529.0)
(455.0,529.0)
(530.0,529.0)
(455.0,529.0)
(455.0,529.0)
(530.0,529.0)
(42.0,529.0)
(529.0,529.0)
(455.0,529.0)
(455.0,529.0)
(529.0,529.0)
(529.0,529.0)
(455.0,529.0)
(455.0,529.0)
(455.0,529.0)
(529.0,529.0)
(529.0,529.0)
(529.0,529.0)
(529.0,529.0)
(455.0,529.0)
(529.0,529.0)
(455.0,529.0)
(455.0,529.0)
(530.0,529.0)
(455.0,529.0)
(455.0,529.0)
(530.0,529.0)
(529.0,529.0)
(529.0,529.0)
(529.0,529.0)
(529.0,529.0)
(529.0,529.0)
(455.0,529.0)
(455.0,529.0)
(455.0,529.0)
(455.0,529.0)
(529.0,529.0)
(529.0,529.0)
(455.0,529.0)
(529.0,529.0)
(530.0,529.0)
(455.0,529.0)
(455.0,529.0)
(530.0,529.0)
(529.0,529.0)
(42.0,529.0)
(455.0,529.0)
(455.0,529.0)
(42.0,529.0)
(455.0,529.0)
(529.0,529.0)
(455.0,529.0)
(455.0,529.0)
(529.0,529.0)
(529.0,529.0)
(529.0,529.0)
(455.0,529.0)
(529.0,529.0)
(455.0,529.0)
(530.0,529.0)
(455.0,529.0)
(455.0,529.0)
(529.0,529.0)
(529.0,529.0)
(455.0,529.0)
(529.0,529.0)
(529.0,529.0)
(455.0,529.0)
(530.0,529.0)
(455.0,529.0)
(529.0,529.0)
(529.0,529.0)
(529.0,529.0)
(455.0,529.0)
(455.0,529.0)
(530.0,529.0)
(529.0,529.0)
(455.0,529.0)
(42.0,529.0)
(530.0,529.0)
(455.0,529.0)
(455.0,529.0)
(530.0,529.0)
(529.0,529.0)
(530.0,529.0)
(529.0,529.0)
(455.0,529.0)
(529.0,529.0)
(530.0,529.0)
(455.0,529.0)
(530.0,529.0)
(455.0,529.0)
(455.0,529.0)
(455.0,529.0)
(455.0,529.0)
(455.0,529.0)
(529.0,529.0)
(529.0,529.0)
(455.0,529.0)
(455.0,529.0)
(530.0,529.0)
(455.0,529.0)
(455.0,529.0)
(455.0,529.0)
(455.0,529.0)
(455.0,529.0)
(530.0,529.0)
(530.0,529.0)
(529.0,529.0)
(455.0,529.0)
(42.0,529.0)
(455.0,529.0)
(455.0,529.0)
(530.0,529.0)
(455.0,529.0)
(530.0,529.0)
(530.0,529.0)
(529.0,529.0)
(455.0,529.0)
(530.0,529.0)
(455.0,529.0)
(455.0,529.0)
(530.0,529.0)
(529.0,529.0)
(530.0,529.0)
(455.0,529.0)
(455.0,529.0)
(455.0,529.0)
(529.0,529.0)
(455.0,529.0)
(42.0,529.0)
(530.0,529.0)
(529.0,529.0)
(530.0,529.0)
(43.0,42.0)
(521.0,42.0)
(2.0,42.0)
(37.0,42.0)
(771.0,42.0)
(40.0,42.0)
(43.0,42.0)
(44.0,42.0)
(44.0,42.0)
(17.0,42.0)
(44.0,42.0)
(459.0,42.0)
(38.0,42.0)
(771.0,42.0)
(459.0,42.0)
(44.0,42.0)
(44.0,42.0)
(749.0,42.0)
(448.0,42.0)
(44.0,42.0)
(43.0,42.0)
(43.0,42.0)
(398.0,42.0)
(38.0,42.0)
(479.0,42.0)
(391.0,42.0)
(387.0,42.0)
(38.0,42.0)
(412.0,42.0)
(43.0,42.0)
(749.0,42.0)
(771.0,42.0)
(531.0,42.0)
(43.0,42.0)
(39.0,42.0)
(44.0,42.0)
(44.0,42.0)
(45.0,42.0)
(771.0,42.0)
(44.0,42.0)
(386.0,42.0)
(43.0,42.0)
(40.0,42.0)
(38.0,42.0)
(484.0,42.0)
(38.0,42.0)
(15.0,42.0)
(45.0,42.0)
(771.0,42.0)
(484.0,42.0)
(42.0,42.0)
(45.0,42.0)
(771.0,42.0)
(530.0,42.0)
(44.0,42.0)
(44.0,42.0)
(45.0,42.0)
(38.0,42.0)
(31.0,42.0)
(412.0,42.0)
(771.0,42.0)
(33.0,42.0)
(391.0,42.0)
(38.0,42.0)
(44.0,42.0)
(43.0,42.0)
(42.0,42.0)
(43.0,42.0)
(43.0,42.0)
(44.0,42.0)
(484.0,42.0)
(43.0,42.0)
(750.0,42.0)
(43.0,42.0)
(771.0,42.0)
(38.0,42.0)
(45.0,42.0)
(43.0,42.0)
(785.0,42.0)
(459.0,42.0)
(459.0,42.0)
(408.0,42.0)
(41.0,42.0)
(44.0,42.0)
(2.0,42.0)
(785.0,42.0)
(459.0,42.0)
(45.0,42.0)
(43.0,42.0)
(44.0,42.0)
(771.0,42.0)
(314.0,42.0)
(37.0,42.0)
(43.0,42.0)
(421.0,42.0)
(448.0,42.0)
(447.0,42.0)
(412.0,42.0)
(38.0,42.0)
(43.0,42.0)
(459.0,42.0)
(39.0,42.0)
(43.0,42.0)
(37.0,42.0)
(39.0,42.0)
(391.0,42.0)
(43.0,42.0)
(459.0,42.0)
(42.0,42.0)
(771.0,42.0)
(723.0,42.0)
(530.0,42.0)
(45.0,42.0)
(459.0,42.0)
(44.0,42.0)
(43.0,42.0)
(355.0,42.0)
(40.0,42.0)
(459.0,42.0)
(771.0,42.0)
(409.0,42.0)
(42.0,42.0)
(44.0,42.0)
(30.0,42.0)
(386.0,42.0)
(771.0,42.0)
(45.0,42.0)
(44.0,42.0)
(43.0,42.0)
(45.0,42.0)
(771.0,42.0)
(18.0,42.0)
(45.0,42.0)
(448.0,42.0)
(771.0,42.0)
(771.0,42.0)
(398.0,42.0)
(412.0,42.0)
(43.0,42.0)
(749.0,42.0)
(391.0,42.0)
(45.0,42.0)
(44.0,42.0)
(43.0,42.0)
(39.0,42.0)
(771.0,42.0)
(43.0,42.0)
(771.0,42.0)
(442.0,42.0)
(44.0,42.0)
(44.0,42.0)
(771.0,42.0)
(44.0,42.0)
(530.0,42.0)
(771.0,42.0)
(42.0,42.0)
(37.0,42.0)
(45.0,42.0)
(447.0,42.0)
(42.0,42.0)
(43.0,42.0)
(44.0,42.0)
(38.0,42.0)
(771.0,42.0)
(43.0,42.0)
(212.0,42.0)
(44.0,42.0)
(391.0,42.0)
(771.0,42.0)
(771.0,42.0)
(43.0,42.0)
(527.0,42.0)
(455.0,42.0)
(529.0,42.0)
(538.0,42.0)
(525.0,42.0)
(37.0,42.0)
(37.0,42.0)
(43.0,42.0)
(37.0,42.0)
(1.0,42.0)
(538.0,42.0)
(37.0,42.0)
(299.0,42.0)
(1.0,42.0)
(1.0,42.0)
(37.0,42.0)
(455.0,42.0)
(529.0,42.0)
(525.0,42.0)
(43.0,42.0)
(527.0,42.0)
(43.0,42.0)
(43.0,42.0)
(299.0,42.0)
(37.0,42.0)
(43.0,42.0)
(455.0,42.0)
(536.0,42.0)
(43.0,42.0)
(299.0,42.0)
(43.0,42.0)
(538.0,42.0)
(455.0,42.0)
(299.0,42.0)
(43.0,42.0)
(37.0,42.0)
(525.0,42.0)
(455.0,42.0)
(43.0,42.0)
(538.0,42.0)
(527.0,42.0)
(455.0,42.0)
(42.0,42.0)
(43.0,42.0)
(455.0,42.0)
(37.0,42.0)
(43.0,42.0)
(455.0,42.0)
(455.0,42.0)
(43.0,42.0)
(43.0,42.0)
(37.0,42.0)
(43.0,42.0)
(43.0,42.0)
(455.0,42.0)
(1.0,42.0)
(455.0,42.0)
(43.0,42.0)
(1.0,42.0)
(536.0,42.0)
(43.0,42.0)
(43.0,42.0)
(536.0,42.0)
(538.0,42.0)
(43.0,42.0)
(43.0,42.0)
(43.0,42.0)
(37.0,42.0)
(529.0,42.0)
(529.0,42.0)
(538.0,42.0)
(455.0,42.0)
(37.0,42.0)
(536.0,42.0)
(299.0,42.0)
(42.0,42.0)
(37.0,42.0)
(43.0,42.0)
(299.0,42.0)
(525.0,42.0)
(421.0,42.0)
(529.0,42.0)
(455.0,42.0)
(538.0,42.0)
(455.0,42.0)
(527.0,42.0)
(527.0,42.0)
(43.0,42.0)
(527.0,42.0)
(525.0,42.0)
(538.0,42.0)
(455.0,42.0)
(37.0,42.0)
(455.0,42.0)
(43.0,42.0)
(43.0,42.0)
(37.0,42.0)
(37.0,42.0)
(299.0,42.0)
(529.0,42.0)
(43.0,42.0)
(43.0,42.0)
(421.0,42.0)
(455.0,42.0)
(42.0,42.0)
(455.0,42.0)
(37.0,42.0)
(455.0,42.0)
(525.0,42.0)
(538.0,42.0)
(299.0,42.0)
(455.0,42.0)
(43.0,42.0)
(37.0,42.0)
(37.0,42.0)
(529.0,42.0)
(43.0,42.0)
(455.0,42.0)
(455.0,42.0)
(43.0,42.0)
(43.0,42.0)
(536.0,42.0)
(43.0,42.0)
(43.0,42.0)
(455.0,42.0)
(42.0,42.0)
(455.0,42.0)
(37.0,42.0)
(299.0,42.0)
(37.0,42.0)
(43.0,42.0)
(43.0,42.0)
(43.0,42.0)
(43.0,42.0)
(37.0,42.0)
(299.0,42.0)
(43.0,42.0)
(42.0,42.0)
(37.0,42.0)
(538.0,42.0)
(529.0,42.0)
(37.0,42.0)
(455.0,42.0)
(43.0,42.0)
(299.0,42.0)
(37.0,42.0)
(42.0,42.0)
(525.0,42.0)
(527.0,42.0)
(455.0,42.0)
(43.0,42.0)
(299.0,42.0)
(529.0,42.0)
(538.0,42.0)
(299.0,42.0)
(538.0,42.0)
(299.0,42.0)
(37.0,42.0)
(538.0,42.0)
(37.0,42.0)
(536.0,42.0)
(37.0,42.0)
(529.0,42.0)
(455.0,42.0)
(43.0,42.0)
(527.0,42.0)
(37.0,42.0)
(527.0,42.0)
(1.0,42.0)
(1.0,42.0)
(455.0,42.0)
(455.0,42.0)
(37.0,42.0)
(1.0,42.0)
(37.0,42.0)
(37.0,42.0)
(455.0,42.0)
(538.0,42.0)
(536.0,42.0)
(43.0,42.0)
(43.0,42.0)
(455.0,42.0)
(398.0,42.0)
(212.0,42.0)
(43.0,42.0)
(38.0,42.0)
(459.0,42.0)
(519.0,42.0)
(34.0,42.0)
(459.0,42.0)
(353.0,42.0)
(771.0,42.0)
(771.0,42.0)
(771.0,42.0)
(38.0,42.0)
(525.0,42.0)
(459.0,42.0)
(459.0,42.0)
(387.0,42.0)
(40.0,42.0)
(44.0,42.0)
(35.0,42.0)
(39.0,42.0)
(42.0,42.0)
(212.0,42.0)
(771.0,42.0)
(44.0,42.0)
(412.0,42.0)
(43.0,42.0)
(445.0,42.0)
(44.0,42.0)
(44.0,42.0)
(44.0,42.0)
(757.0,42.0)
(37.0,42.0)
(522.0,42.0)
(381.0,42.0)
(37.0,42.0)
(44.0,42.0)
(42.0,42.0)
(43.0,42.0)
(447.0,42.0)
(459.0,42.0)
(440.0,42.0)
(44.0,42.0)
(39.0,42.0)
(39.0,42.0)
(42.0,42.0)
(771.0,42.0)
(43.0,42.0)
(43.0,42.0)
(44.0,42.0)
(771.0,42.0)
(45.0,42.0)
(771.0,42.0)
(45.0,42.0)
(43.0,42.0)
(799.0,42.0)
(483.0,42.0)
(37.0,42.0)
(40.0,42.0)
(44.0,42.0)
(35.0,42.0)
(212.0,42.0)
(44.0,42.0)
(42.0,42.0)
(44.0,42.0)
(525.0,42.0)
(44.0,42.0)
(38.0,42.0)
(323.0,42.0)
(799.0,42.0)
(459.0,42.0)
(558.0,42.0)
(44.0,42.0)
(44.0,42.0)
(38.0,42.0)
(771.0,42.0)
(530.0,42.0)
(391.0,42.0)
(39.0,42.0)
(771.0,42.0)
(38.0,42.0)
(799.0,42.0)
(38.0,42.0)
(459.0,42.0)
(45.0,42.0)
(43.0,42.0)
(459.0,42.0)
(43.0,42.0)
(738.0,42.0)
(212.0,42.0)
(521.0,42.0)
(45.0,42.0)
(448.0,42.0)
(749.0,42.0)
(44.0,42.0)
(45.0,42.0)
(532.0,42.0)
(44.0,42.0)
(771.0,42.0)
(40.0,42.0)
(44.0,42.0)
(417.0,42.0)
(381.0,42.0)
(771.0,42.0)
(771.0,42.0)
(799.0,42.0)
(45.0,42.0)
(37.0,42.0)
(530.0,42.0)
(43.0,42.0)
(33.0,42.0)
(35.0,42.0)
(42.0,42.0)
(349.0,42.0)
(43.0,42.0)
(799.0,42.0)
(44.0,42.0)
(212.0,42.0)
(749.0,42.0)
(43.0,42.0)
(37.0,42.0)
(44.0,42.0)
(39.0,42.0)
(771.0,42.0)
(44.0,42.0)
(37.0,42.0)
(771.0,42.0)
(44.0,42.0)
(771.0,42.0)
(771.0,42.0)
(45.0,42.0)
(43.0,42.0)
(43.0,42.0)
(44.0,42.0)
(44.0,42.0)
(44.0,42.0)
(44.0,42.0)
(38.0,42.0)
(381.0,42.0)
(461.0,42.0)
(410.0,42.0)
(448.0,42.0)
(771.0,42.0)
(44.0,42.0)
(46.0,42.0)
(44.0,42.0)
(45.0,42.0)
(212.0,42.0)
(44.0,42.0)
(38.0,42.0)
(771.0,42.0)
(212.0,42.0)
(44.0,42.0)
(42.0,42.0)
(799.0,42.0)
(44.0,42.0)
(459.0,42.0)
(42.0,42.0)
(45.0,42.0)
(37.0,42.0)
(785.0,42.0)
(530.0,42.0)
(771.0,42.0)
(530.0,42.0)
(44.0,42.0)
(44.0,42.0)
(44.0,42.0)
(37.0,42.0)
(39.0,42.0)
(44.0,42.0)
(39.0,42.0)
(38.0,42.0)
(459.0,42.0)
(44.0,42.0)
(391.0,42.0)
(2.0,42.0)
(417.0,42.0)
(459.0,42.0)
(44.0,42.0)
(410.0,42.0)
(785.0,42.0)
(44.0,42.0)
(455.0,42.0)
(529.0,42.0)
(43.0,42.0)
(455.0,42.0)
(529.0,42.0)
(455.0,42.0)
(43.0,42.0)
(529.0,42.0)
(43.0,42.0)
(455.0,42.0)
(529.0,42.0)
(43.0,42.0)
(43.0,42.0)
(42.0,42.0)
(527.0,42.0)
(527.0,42.0)
(43.0,42.0)
(43.0,42.0)
(455.0,42.0)
(525.0,42.0)
(43.0,42.0)
(455.0,42.0)
(43.0,42.0)
(527.0,42.0)
(42.0,42.0)
(455.0,42.0)
(529.0,42.0)
(455.0,42.0)
(1.0,42.0)
(525.0,42.0)
(529.0,42.0)
(455.0,42.0)
(455.0,42.0)
(529.0,42.0)
(43.0,42.0)
(529.0,42.0)
(123.0,42.0)
(43.0,42.0)
(525.0,42.0)
(455.0,42.0)
(43.0,42.0)
(525.0,42.0)
(525.0,42.0)
(538.0,42.0)
(527.0,42.0)
(529.0,42.0)
(455.0,42.0)
(43.0,42.0)
(525.0,42.0)
(43.0,42.0)
(43.0,42.0)
(525.0,42.0)
(43.0,42.0)
(43.0,42.0)
(43.0,42.0)
(43.0,42.0)
(525.0,42.0)
(525.0,42.0)
(455.0,42.0)
(529.0,42.0)
(525.0,42.0)
(525.0,42.0)
(525.0,42.0)
(525.0,42.0)
(43.0,42.0)
(1.0,42.0)
(529.0,42.0)
(529.0,42.0)
(529.0,42.0)
(43.0,42.0)
(529.0,42.0)
(43.0,42.0)
(43.0,42.0)
(525.0,42.0)
(455.0,42.0)
(455.0,42.0)
(43.0,42.0)
(43.0,42.0)
(455.0,42.0)
(527.0,42.0)
(529.0,42.0)
(529.0,42.0)
(43.0,42.0)
(43.0,42.0)
(42.0,42.0)
(529.0,42.0)
(529.0,42.0)
(43.0,42.0)
(455.0,42.0)
(43.0,42.0)
(525.0,42.0)
(529.0,42.0)
(525.0,42.0)
(42.0,42.0)
(527.0,42.0)
(43.0,42.0)
(529.0,42.0)
(525.0,42.0)
(43.0,42.0)
(455.0,42.0)
(455.0,42.0)
(43.0,42.0)
(43.0,42.0)
(525.0,42.0)
(525.0,42.0)
(43.0,42.0)
(43.0,42.0)
(455.0,42.0)
(43.0,42.0)
(525.0,42.0)
(529.0,42.0)
(525.0,42.0)
(529.0,42.0)
(529.0,42.0)
(43.0,42.0)
(455.0,42.0)
(43.0,42.0)
(43.0,42.0)
(455.0,42.0)
(529.0,42.0)
(455.0,42.0)
(455.0,42.0)
(43.0,42.0)
(529.0,42.0)
(43.0,42.0)
(525.0,42.0)
(43.0,42.0)
(529.0,42.0)
(455.0,42.0)
(43.0,42.0)
(529.0,42.0)
(525.0,42.0)
(43.0,42.0)
(527.0,42.0)
(43.0,42.0)
(525.0,42.0)
(529.0,42.0)
(455.0,42.0)
(42.0,42.0)
(529.0,42.0)
(525.0,42.0)
(527.0,42.0)
(43.0,42.0)
(123.0,42.0)
(529.0,42.0)
(525.0,42.0)
(525.0,42.0)
(525.0,42.0)
(455.0,42.0)
(43.0,42.0)
(529.0,42.0)
(529.0,42.0)
(525.0,42.0)
(455.0,42.0)
(525.0,42.0)
(43.0,42.0)
(455.0,42.0)
(525.0,42.0)
(42.0,42.0)
(527.0,42.0)
(44.0,42.0)
(45.0,42.0)
(44.0,42.0)
(43.0,42.0)
(33.0,42.0)
(44.0,42.0)
(45.0,42.0)
(43.0,42.0)
(37.0,42.0)
(771.0,42.0)
(37.0,42.0)
(212.0,42.0)
(33.0,42.0)
(43.0,42.0)
(445.0,42.0)
(42.0,42.0)
(44.0,42.0)
(40.0,42.0)
(38.0,42.0)
(38.0,42.0)
(44.0,42.0)
(25.0,42.0)
(445.0,42.0)
(45.0,42.0)
(38.0,42.0)
(44.0,42.0)
(33.0,42.0)
(692.0,42.0)
(459.0,42.0)
(448.0,42.0)
(738.0,42.0)
(45.0,42.0)
(43.0,42.0)
(45.0,42.0)
(44.0,42.0)
(38.0,42.0)
(42.0,42.0)
(771.0,42.0)
(43.0,42.0)
(44.0,42.0)
(43.0,42.0)
(447.0,42.0)
(44.0,42.0)
(44.0,42.0)
(37.0,42.0)
(43.0,42.0)
(42.0,42.0)
(42.0,42.0)
(44.0,42.0)
(44.0,42.0)
(658.0,42.0)
(44.0,42.0)
(448.0,42.0)
(45.0,42.0)
(39.0,42.0)
(212.0,42.0)
(785.0,42.0)
(38.0,42.0)
(44.0,42.0)
(445.0,42.0)
(424.0,42.0)
(44.0,42.0)
(479.0,42.0)
(749.0,42.0)
(40.0,42.0)
(38.0,42.0)
(43.0,42.0)
(327.0,42.0)
(44.0,42.0)
(749.0,42.0)
(38.0,42.0)
(42.0,42.0)
(2.0,42.0)
(44.0,42.0)
(785.0,42.0)
(43.0,42.0)
(749.0,42.0)
(43.0,42.0)
(44.0,42.0)
(45.0,42.0)
(212.0,42.0)
(43.0,42.0)
(43.0,42.0)
(44.0,42.0)
(391.0,42.0)
(44.0,42.0)
(43.0,42.0)
(43.0,42.0)
(44.0,42.0)
(785.0,42.0)
(39.0,42.0)
(44.0,42.0)
(43.0,42.0)
(44.0,42.0)
(44.0,42.0)
(43.0,42.0)
(525.0,42.0)
(44.0,42.0)
(447.0,42.0)
(39.0,42.0)
(44.0,42.0)
(44.0,42.0)
(388.0,42.0)
(45.0,42.0)
(37.0,42.0)
(44.0,42.0)
(738.0,42.0)
(521.0,42.0)
(44.0,42.0)
(38.0,42.0)
(40.0,42.0)
(43.0,42.0)
(44.0,42.0)
(43.0,42.0)
(448.0,42.0)
(477.0,42.0)
(42.0,42.0)
(483.0,42.0)
(474.0,42.0)
(44.0,42.0)
(445.0,42.0)
(43.0,42.0)
(459.0,42.0)
(39.0,42.0)
(43.0,42.0)
(42.0,42.0)
(386.0,42.0)
(39.0,42.0)
(771.0,42.0)
(38.0,42.0)
(771.0,42.0)
(42.0,42.0)
(43.0,42.0)
(143.0,42.0)
(39.0,42.0)
(327.0,42.0)
(38.0,42.0)
(44.0,42.0)
(40.0,42.0)
(40.0,42.0)
(381.0,42.0)
(44.0,42.0)
(42.0,42.0)
(37.0,42.0)
(39.0,42.0)
(37.0,42.0)
(33.0,42.0)
(785.0,42.0)
(38.0,42.0)
(44.0,42.0)
(42.0,42.0)
(459.0,42.0)
(35.0,42.0)
(37.0,42.0)
(31.0,42.0)
(33.0,42.0)
(387.0,42.0)
(38.0,42.0)
(42.0,42.0)
(738.0,42.0)
(39.0,42.0)
(39.0,42.0)
(39.0,42.0)
(38.0,42.0)
(327.0,42.0)
(33.0,42.0)
(40.0,42.0)
(419.0,42.0)
(417.0,42.0)
(738.0,42.0)
(43.0,42.0)
(43.0,42.0)
(749.0,42.0)
(37.0,42.0)
(37.0,42.0)
(527.0,42.0)
(42.0,42.0)
(43.0,42.0)
(85.0,42.0)
(529.0,42.0)
(37.0,42.0)
(37.0,42.0)
(455.0,42.0)
(37.0,42.0)
(529.0,42.0)
(673.0,42.0)
(37.0,42.0)
(525.0,42.0)
(529.0,42.0)
(529.0,42.0)
(529.0,42.0)
(455.0,42.0)
(43.0,42.0)
(529.0,42.0)
(527.0,42.0)
(455.0,42.0)
(37.0,42.0)
(525.0,42.0)
(527.0,42.0)
(43.0,42.0)
(455.0,42.0)
(85.0,42.0)
(37.0,42.0)
(525.0,42.0)
(37.0,42.0)
(37.0,42.0)
(455.0,42.0)
(455.0,42.0)
(37.0,42.0)
(37.0,42.0)
(673.0,42.0)
(527.0,42.0)
(527.0,42.0)
(42.0,42.0)
(42.0,42.0)
(43.0,42.0)
(455.0,42.0)
(37.0,42.0)
(43.0,42.0)
(455.0,42.0)
(455.0,42.0)
(37.0,42.0)
(43.0,42.0)
(37.0,42.0)
(43.0,42.0)
(529.0,42.0)
(455.0,42.0)
(43.0,42.0)
(529.0,42.0)
(455.0,42.0)
(43.0,42.0)
(529.0,42.0)
(417.0,42.0)
(529.0,42.0)
(529.0,42.0)
(85.0,42.0)
(85.0,42.0)
(455.0,42.0)
(37.0,42.0)
(455.0,42.0)
(455.0,42.0)
(455.0,42.0)
(525.0,42.0)
(85.0,42.0)
(37.0,42.0)
(673.0,42.0)
(525.0,42.0)
(42.0,42.0)
(37.0,42.0)
(529.0,42.0)
(525.0,42.0)
(529.0,42.0)
(525.0,42.0)
(42.0,42.0)
(42.0,42.0)
(527.0,42.0)
(525.0,42.0)
(455.0,42.0)
(525.0,42.0)
(37.0,42.0)
(42.0,42.0)
(527.0,42.0)
(417.0,42.0)
(455.0,42.0)
(37.0,42.0)
(42.0,42.0)
(37.0,42.0)
(529.0,42.0)
(455.0,42.0)
(529.0,42.0)
(529.0,42.0)
(43.0,42.0)
(43.0,42.0)
(529.0,42.0)
(529.0,42.0)
(38.0,42.0)
(525.0,42.0)
(455.0,42.0)
(37.0,42.0)
(455.0,42.0)
(529.0,42.0)
(525.0,42.0)
(525.0,42.0)
(455.0,42.0)
(37.0,42.0)
(525.0,42.0)
(455.0,42.0)
(455.0,42.0)
(455.0,42.0)
(37.0,42.0)
(43.0,42.0)
(527.0,42.0)
(43.0,42.0)
(455.0,42.0)
(42.0,42.0)
(455.0,42.0)
(37.0,42.0)
(525.0,42.0)
(529.0,42.0)
(529.0,42.0)
(43.0,42.0)
(85.0,42.0)
(529.0,42.0)
(37.0,42.0)
(85.0,42.0)
(455.0,42.0)
(43.0,42.0)
(37.0,42.0)
(525.0,42.0)
(529.0,42.0)
(529.0,42.0)
(529.0,42.0)
(525.0,42.0)
(525.0,42.0)
(37.0,42.0)
(42.0,42.0)
(529.0,42.0)
(527.0,42.0)
(455.0,42.0)
(455.0,42.0)
(43.0,42.0)
(529.0,42.0)
(43.0,42.0)
(525.0,42.0)
(85.0,42.0)
(525.0,42.0)
(455.0,42.0)
(37.0,42.0)
(529.0,42.0)
(37.0,42.0)
(85.0,42.0)
(37.0,42.0)
(43.0,42.0)
(455.0,42.0)
(43.0,42.0)
(527.0,42.0)
(529.0,42.0)
(527.0,42.0)
(529.0,42.0)
(529.0,42.0)
(455.0,42.0)
(455.0,42.0)
(37.0,42.0)
(529.0,42.0)
(37.0,42.0)
(37.0,42.0)
(455.0,42.0)
(85.0,42.0)
(85.0,42.0)
(455.0,42.0)
(527.0,42.0)
(455.0,42.0)
(455.0,42.0)
(455.0,42.0)
(455.0,42.0)
(455.0,42.0)
(38.0,42.0)
(42.0,42.0)
(44.0,42.0)
(2.0,42.0)
(44.0,42.0)
(785.0,42.0)
(44.0,42.0)
(501.0,42.0)
(459.0,42.0)
(459.0,42.0)
(40.0,42.0)
(448.0,42.0)
(44.0,42.0)
(43.0,42.0)
(771.0,42.0)
(42.0,42.0)
(43.0,42.0)
(41.0,42.0)
(340.0,42.0)
(43.0,42.0)
(45.0,42.0)
(448.0,42.0)
(395.0,42.0)
(43.0,42.0)
(459.0,42.0)
(771.0,42.0)
(38.0,42.0)
(44.0,42.0)
(42.0,42.0)
(39.0,42.0)
(771.0,42.0)
(309.0,42.0)
(658.0,42.0)
(771.0,42.0)
(45.0,42.0)
(771.0,42.0)
(38.0,42.0)
(44.0,42.0)
(40.0,42.0)
(43.0,42.0)
(689.0,42.0)
(771.0,42.0)
(771.0,42.0)
(44.0,42.0)
(412.0,42.0)
(459.0,42.0)
(15.0,42.0)
(448.0,42.0)
(46.0,42.0)
(44.0,42.0)
(723.0,42.0)
(445.0,42.0)
(771.0,42.0)
(44.0,42.0)
(528.0,42.0)
(45.0,42.0)
(445.0,42.0)
(459.0,42.0)
(39.0,42.0)
(43.0,42.0)
(39.0,42.0)
(645.0,42.0)
(448.0,42.0)
(39.0,42.0)
(42.0,42.0)
(212.0,42.0)
(212.0,42.0)
(459.0,42.0)
(37.0,42.0)
(391.0,42.0)
(645.0,42.0)
(44.0,42.0)
(448.0,42.0)
(530.0,42.0)
(738.0,42.0)
(483.0,42.0)
(44.0,42.0)
(686.0,42.0)
(43.0,42.0)
(785.0,42.0)
(43.0,42.0)
(785.0,42.0)
(39.0,42.0)
(38.0,42.0)
(31.0,42.0)
(40.0,42.0)
(44.0,42.0)
(37.0,42.0)
(315.0,42.0)
(43.0,42.0)
(43.0,42.0)
(2.0,42.0)
(33.0,42.0)
(44.0,42.0)
(38.0,42.0)
(45.0,42.0)
(459.0,42.0)
(42.0,42.0)
(785.0,42.0)
(42.0,42.0)
(771.0,42.0)
(530.0,42.0)
(45.0,42.0)
(44.0,42.0)
(46.0,42.0)
(42.0,42.0)
(45.0,42.0)
(771.0,42.0)
(40.0,42.0)
(43.0,42.0)
(41.0,42.0)
(44.0,42.0)
(327.0,42.0)
(723.0,42.0)
(102.0,42.0)
(771.0,42.0)
(479.0,42.0)
(43.0,42.0)
(44.0,42.0)
(212.0,42.0)
(45.0,42.0)
(217.0,42.0)
(37.0,42.0)
(45.0,42.0)
(398.0,42.0)
(43.0,42.0)
(459.0,42.0)
(428.0,42.0)
(45.0,42.0)
(22.0,42.0)
(40.0,42.0)
(771.0,42.0)
(785.0,42.0)
(43.0,42.0)
(771.0,42.0)
(459.0,42.0)
(102.0,42.0)
(36.0,42.0)
(771.0,42.0)
(327.0,42.0)
(40.0,42.0)
(386.0,42.0)
(43.0,42.0)
(771.0,42.0)
(479.0,42.0)
(44.0,42.0)
(445.0,42.0)
(38.0,42.0)
(43.0,42.0)
(44.0,42.0)
(785.0,42.0)
(45.0,42.0)
(43.0,42.0)
(44.0,42.0)
(43.0,42.0)
(38.0,42.0)
(39.0,42.0)
(771.0,42.0)
(432.0,42.0)
(328.0,42.0)
(459.0,42.0)
(44.0,42.0)
(43.0,42.0)
(44.0,42.0)
(45.0,42.0)
(39.0,42.0)
(44.0,42.0)
(38.0,42.0)
(757.0,42.0)
(445.0,42.0)
(479.0,42.0)
(43.0,42.0)
(44.0,42.0)
(445.0,42.0)
(45.0,42.0)
(757.0,42.0)
(526.0,42.0)
(455.0,42.0)
(455.0,42.0)
(529.0,42.0)
(455.0,42.0)
(529.0,42.0)
(455.0,42.0)
(455.0,42.0)
(529.0,42.0)
(455.0,42.0)
(529.0,42.0)
(455.0,42.0)
(455.0,42.0)
(529.0,42.0)
(529.0,42.0)
(529.0,42.0)
(455.0,42.0)
(455.0,42.0)
(125.0,42.0)
(455.0,42.0)
(43.0,42.0)
(455.0,42.0)
(455.0,42.0)
(455.0,42.0)
(43.0,42.0)
(125.0,42.0)
(455.0,42.0)
(455.0,42.0)
(455.0,42.0)
(529.0,42.0)
(455.0,42.0)
(455.0,42.0)
(455.0,42.0)
(455.0,42.0)
(455.0,42.0)
(455.0,42.0)
(455.0,42.0)
(455.0,42.0)
(43.0,42.0)
(43.0,42.0)
(455.0,42.0)
(455.0,42.0)
(455.0,42.0)
(455.0,42.0)
(43.0,42.0)
(455.0,42.0)
(455.0,42.0)
(43.0,42.0)
(455.0,42.0)
(455.0,42.0)
(455.0,42.0)
(125.0,42.0)
(455.0,42.0)
(455.0,42.0)
(43.0,42.0)
(529.0,42.0)
(455.0,42.0)
(455.0,42.0)
(529.0,42.0)
(455.0,42.0)
(125.0,42.0)
(529.0,42.0)
(455.0,42.0)
(529.0,42.0)
(455.0,42.0)
(455.0,42.0)
(455.0,42.0)
(455.0,42.0)
(455.0,42.0)
(455.0,42.0)
(455.0,42.0)
(455.0,42.0)
(455.0,42.0)
(455.0,42.0)
(455.0,42.0)
(455.0,42.0)
(455.0,42.0)
(455.0,42.0)
(455.0,42.0)
(455.0,42.0)
(455.0,42.0)
(529.0,42.0)
(455.0,42.0)
(529.0,42.0)
(529.0,42.0)
(43.0,42.0)
(455.0,42.0)
(43.0,42.0)
(529.0,42.0)
(455.0,42.0)
(455.0,42.0)
(455.0,42.0)
(43.0,42.0)
(455.0,42.0)
(526.0,42.0)
(455.0,42.0)
(455.0,42.0)
(455.0,42.0)
(455.0,42.0)
(455.0,42.0)
(529.0,42.0)
(455.0,42.0)
(455.0,42.0)
(529.0,42.0)
(43.0,42.0)
(529.0,42.0)
(529.0,42.0)
(455.0,42.0)
(299.0,42.0)
(455.0,42.0)
(455.0,42.0)
(455.0,42.0)
(529.0,42.0)
(525.0,42.0)
(455.0,42.0)
(455.0,42.0)
(455.0,42.0)
(455.0,42.0)
(455.0,42.0)
(455.0,42.0)
(455.0,42.0)
(455.0,42.0)
(529.0,42.0)
(455.0,42.0)
(455.0,42.0)
(43.0,42.0)
(455.0,42.0)
(455.0,42.0)
(455.0,42.0)
(455.0,42.0)
(455.0,42.0)
(529.0,42.0)
(529.0,42.0)
(43.0,42.0)
(455.0,42.0)
(529.0,42.0)
(455.0,42.0)
(455.0,42.0)
(455.0,42.0)
(455.0,42.0)
(455.0,42.0)
(125.0,42.0)
(529.0,42.0)
(529.0,42.0)
(529.0,42.0)
(455.0,42.0)
(455.0,42.0)
(529.0,42.0)
(43.0,42.0)
(455.0,42.0)
(455.0,42.0)
(125.0,42.0)
(529.0,42.0)
(455.0,42.0)
(455.0,42.0)
(455.0,42.0)
(455.0,42.0)
(455.0,42.0)
(529.0,42.0)
(455.0,42.0)
(455.0,42.0)
(455.0,42.0)
(43.0,42.0)
(529.0,42.0)
(529.0,42.0)
(455.0,42.0)
(455.0,42.0)
(455.0,42.0)
(455.0,42.0)
(455.0,42.0)
(455.0,42.0)
(455.0,42.0)
(529.0,42.0)
(455.0,42.0)
(455.0,42.0)
(455.0,42.0)
(455.0,42.0)
(455.0,42.0)
(455.0,42.0)
(43.0,42.0)
(43.0,42.0)
(455.0,42.0)
(455.0,42.0)
(455.0,42.0)
(455.0,42.0)
(529.0,42.0)
(455.0,42.0)
(455.0,42.0)
(39.0,42.0)
(44.0,42.0)
(44.0,42.0)
(44.0,42.0)
(522.0,42.0)
(43.0,42.0)
(43.0,42.0)
(44.0,42.0)
(212.0,42.0)
(45.0,42.0)
(43.0,42.0)
(41.0,42.0)
(43.0,42.0)
(43.0,42.0)
(40.0,42.0)
(531.0,42.0)
(38.0,42.0)
(36.0,42.0)
(405.0,42.0)
(43.0,42.0)
(771.0,42.0)
(38.0,42.0)
(738.0,42.0)
(445.0,42.0)
(43.0,42.0)
(391.0,42.0)
(44.0,42.0)
(44.0,42.0)
(40.0,42.0)
(38.0,42.0)
(532.0,42.0)
(102.0,42.0)
(44.0,42.0)
(808.0,42.0)
(43.0,42.0)
(43.0,42.0)
(44.0,42.0)
(459.0,42.0)
(525.0,42.0)
(25.0,42.0)
(38.0,42.0)
(43.0,42.0)
(44.0,42.0)
(461.0,42.0)
(39.0,42.0)
(45.0,42.0)
(459.0,42.0)
(15.0,42.0)
(445.0,42.0)
(464.0,42.0)
(42.0,42.0)
(44.0,42.0)
(44.0,42.0)
(37.0,42.0)
(738.0,42.0)
(43.0,42.0)
(44.0,42.0)
(391.0,42.0)
(44.0,42.0)
(479.0,42.0)
(417.0,42.0)
(45.0,42.0)
(43.0,42.0)
(45.0,42.0)
(36.0,42.0)
(41.0,42.0)
(44.0,42.0)
(44.0,42.0)
(40.0,42.0)
(771.0,42.0)
(442.0,42.0)
(43.0,42.0)
(421.0,42.0)
(38.0,42.0)
(42.0,42.0)
(45.0,42.0)
(43.0,42.0)
(381.0,42.0)
(44.0,42.0)
(44.0,42.0)
(44.0,42.0)
(44.0,42.0)
(503.0,42.0)
(45.0,42.0)
(519.0,42.0)
(445.0,42.0)
(459.0,42.0)
(38.0,42.0)
(38.0,42.0)
(421.0,42.0)
(43.0,42.0)
(37.0,42.0)
(44.0,42.0)
(44.0,42.0)
(525.0,42.0)
(525.0,42.0)
(799.0,42.0)
(44.0,42.0)
(37.0,42.0)
(802.0,42.0)
(530.0,42.0)
(484.0,42.0)
(771.0,42.0)
(43.0,42.0)
(40.0,42.0)
(45.0,42.0)
(479.0,42.0)
(43.0,42.0)
(44.0,42.0)
(771.0,42.0)
(37.0,42.0)
(43.0,42.0)
(38.0,42.0)
(44.0,42.0)
(43.0,42.0)
(351.0,42.0)
(522.0,42.0)
(15.0,42.0)
(42.0,42.0)
(771.0,42.0)
(44.0,42.0)
(2.0,42.0)
(44.0,42.0)
(771.0,42.0)
(459.0,42.0)
(43.0,42.0)
(350.0,42.0)
(44.0,42.0)
(421.0,42.0)
(692.0,42.0)
(44.0,42.0)
(519.0,42.0)
(38.0,42.0)
(483.0,42.0)
(38.0,42.0)
(42.0,42.0)
(43.0,42.0)
(45.0,42.0)
(37.0,42.0)
(46.0,42.0)
(409.0,42.0)
(38.0,42.0)
(522.0,42.0)
(45.0,42.0)
(36.0,42.0)
(44.0,42.0)
(528.0,42.0)
(771.0,42.0)
(44.0,42.0)
(43.0,42.0)
(459.0,42.0)
(212.0,42.0)
(44.0,42.0)
(43.0,42.0)
(37.0,42.0)
(43.0,42.0)
(738.0,42.0)
(44.0,42.0)
(645.0,42.0)
(44.0,42.0)
(46.0,42.0)
(44.0,42.0)
(45.0,42.0)
(771.0,42.0)
(35.0,42.0)
(44.0,42.0)
(44.0,44.0)
(44.0,44.0)
(525.0,44.0)
(771.0,44.0)
(402.0,44.0)
(771.0,44.0)
(45.0,44.0)
(40.0,44.0)
(381.0,44.0)
(42.0,44.0)
(44.0,44.0)
(45.0,44.0)
(522.0,44.0)
(785.0,44.0)
(44.0,44.0)
(44.0,44.0)
(212.0,44.0)
(389.0,44.0)
(44.0,44.0)
(44.0,44.0)
(39.0,44.0)
(530.0,44.0)
(44.0,44.0)
(528.0,44.0)
(530.0,44.0)
(45.0,44.0)
(44.0,44.0)
(530.0,44.0)
(39.0,44.0)
(44.0,44.0)
(44.0,44.0)
(522.0,44.0)
(44.0,44.0)
(44.0,44.0)
(262.0,44.0)
(785.0,44.0)
(44.0,44.0)
(44.0,44.0)
(522.0,44.0)
(44.0,44.0)
(44.0,44.0)
(45.0,44.0)
(44.0,44.0)
(44.0,44.0)
(44.0,44.0)
(528.0,44.0)
(44.0,44.0)
(353.0,44.0)
(771.0,44.0)
(387.0,44.0)
(44.0,44.0)
(356.0,44.0)
(33.0,44.0)
(39.0,44.0)
(38.0,44.0)
(37.0,44.0)
(43.0,44.0)
(38.0,44.0)
(34.0,44.0)
(43.0,44.0)
(38.0,44.0)
(421.0,44.0)
(44.0,44.0)
(44.0,44.0)
(43.0,44.0)
(391.0,44.0)
(44.0,44.0)
(44.0,44.0)
(44.0,44.0)
(39.0,44.0)
(44.0,44.0)
(413.0,44.0)
(461.0,44.0)
(781.0,44.0)
(44.0,44.0)
(45.0,44.0)
(44.0,44.0)
(351.0,44.0)
(42.0,44.0)
(527.0,44.0)
(37.0,44.0)
(44.0,44.0)
(44.0,44.0)
(44.0,44.0)
(484.0,44.0)
(43.0,44.0)
(44.0,44.0)
(33.0,44.0)
(484.0,44.0)
(43.0,44.0)
(350.0,44.0)
(771.0,44.0)
(389.0,44.0)
(353.0,44.0)
(44.0,44.0)
(352.0,44.0)
(461.0,44.0)
(44.0,44.0)
(44.0,44.0)
(43.0,44.0)
(479.0,44.0)
(44.0,44.0)
(44.0,44.0)
(398.0,44.0)
(447.0,44.0)
(35.0,44.0)
(771.0,44.0)
(452.0,44.0)
(525.0,44.0)
(45.0,44.0)
(44.0,44.0)
(445.0,44.0)
(45.0,44.0)
(40.0,44.0)
(785.0,44.0)
(44.0,44.0)
(771.0,44.0)
(44.0,44.0)
(44.0,44.0)
(43.0,44.0)
(388.0,44.0)
(44.0,44.0)
(44.0,44.0)
(771.0,44.0)
(44.0,44.0)
(44.0,44.0)
(44.0,44.0)
(44.0,44.0)
(37.0,44.0)
(44.0,44.0)
(43.0,44.0)
(445.0,44.0)
(398.0,44.0)
(530.0,44.0)
(459.0,44.0)
(44.0,44.0)
(39.0,44.0)
(43.0,44.0)
(44.0,44.0)
(771.0,44.0)
(519.0,44.0)
(44.0,44.0)
(532.0,44.0)
(525.0,44.0)
(38.0,44.0)
(530.0,44.0)
(44.0,44.0)
(44.0,44.0)
(389.0,44.0)
(389.0,44.0)
(44.0,44.0)
(530.0,44.0)
(38.0,44.0)
(44.0,44.0)
(45.0,44.0)
(43.0,44.0)
(37.0,44.0)
(44.0,44.0)
(43.0,44.0)
(43.0,44.0)
(484.0,44.0)
(38.0,44.0)
(212.0,44.0)
(44.0,44.0)
(389.0,44.0)
(43.0,44.0)
(771.0,44.0)
(38.0,44.0)
(212.0,44.0)
(33.0,44.0)
(45.0,44.0)
(44.0,44.0)
(389.0,44.0)
(389.0,44.0)
(44.0,44.0)
(40.0,44.0)
(44.0,44.0)
(386.0,46.0)
(44.0,46.0)
(785.0,46.0)
(43.0,46.0)
(44.0,46.0)
(38.0,46.0)
(42.0,46.0)
(525.0,46.0)
(447.0,46.0)
(38.0,46.0)
(785.0,46.0)
(44.0,46.0)
(421.0,46.0)
(17.0,46.0)
(31.0,46.0)
(459.0,46.0)
(17.0,46.0)
(741.0,46.0)
(771.0,46.0)
(771.0,46.0)
(43.0,46.0)
(43.0,46.0)
(38.0,46.0)
(43.0,46.0)
(402.0,46.0)
(386.0,46.0)
(525.0,46.0)
(43.0,46.0)
(17.0,46.0)
(17.0,46.0)
(119.0,46.0)
(40.0,46.0)
(42.0,46.0)
(31.0,46.0)
(368.0,46.0)
(771.0,46.0)
(479.0,46.0)
(102.0,46.0)
(427.0,46.0)
(43.0,46.0)
(771.0,46.0)
(31.0,46.0)
(43.0,46.0)
(771.0,46.0)
(785.0,46.0)
(43.0,46.0)
(771.0,46.0)
(43.0,46.0)
(102.0,46.0)
(37.0,46.0)
(44.0,46.0)
(785.0,46.0)
(44.0,46.0)
(785.0,46.0)
(447.0,46.0)
(43.0,46.0)
(102.0,46.0)
(38.0,46.0)
(431.0,46.0)
(42.0,46.0)
(386.0,46.0)
(43.0,46.0)
(43.0,46.0)
(387.0,46.0)
(42.0,46.0)
(427.0,46.0)
(42.0,46.0)
(36.0,46.0)
(409.0,46.0)
(530.0,46.0)
(38.0,46.0)
(43.0,46.0)
(43.0,46.0)
(771.0,46.0)
(102.0,46.0)
(771.0,46.0)
(38.0,46.0)
(349.0,46.0)
(45.0,46.0)
(43.0,46.0)
(43.0,46.0)
(785.0,46.0)
(785.0,46.0)
(530.0,46.0)
(771.0,46.0)
(459.0,46.0)
(785.0,46.0)
(771.0,46.0)
(40.0,46.0)
(17.0,46.0)
(43.0,46.0)
(119.0,46.0)
(528.0,46.0)
(102.0,46.0)
(43.0,46.0)
(483.0,46.0)
(525.0,46.0)
(42.0,46.0)
(43.0,46.0)
(43.0,46.0)
(777.0,46.0)
(31.0,46.0)
(391.0,46.0)
(43.0,46.0)
(18.0,46.0)
(102.0,46.0)
(530.0,46.0)
(387.0,46.0)
(44.0,46.0)
(448.0,46.0)
(459.0,46.0)
(459.0,46.0)
(43.0,46.0)
(40.0,46.0)
(525.0,46.0)
(33.0,46.0)
(459.0,46.0)
(785.0,46.0)
(43.0,46.0)
(43.0,46.0)
(42.0,46.0)
(40.0,46.0)
(771.0,46.0)
(38.0,46.0)
(43.0,46.0)
(771.0,46.0)
(43.0,46.0)
(37.0,46.0)
(43.0,46.0)
(43.0,46.0)
(530.0,46.0)
(740.0,46.0)
(43.0,46.0)
(479.0,46.0)
(46.0,46.0)
(15.0,46.0)
(386.0,46.0)
(43.0,46.0)
(38.0,46.0)
(2.0,46.0)
(459.0,46.0)
(43.0,46.0)
(43.0,46.0)
(530.0,46.0)
(459.0,46.0)
(43.0,46.0)
(785.0,46.0)
(33.0,46.0)
(459.0,46.0)
(262.0,46.0)
(483.0,46.0)
(43.0,46.0)
(35.0,46.0)
(249.0,46.0)
(391.0,46.0)
(262.0,46.0)
(785.0,46.0)
(785.0,46.0)
(785.0,46.0)
(48.0,48.0)
(48.0,48.0)
(48.0,48.0)
(48.0,48.0)
(48.0,48.0)
(48.0,48.0)
(47.0,48.0)
(48.0,48.0)
(262.0,48.0)
(48.0,48.0)
(48.0,48.0)
(48.0,48.0)
(48.0,48.0)
(48.0,48.0)
(48.0,48.0)
(48.0,48.0)
(48.0,48.0)
(48.0,48.0)
(48.0,48.0)
(48.0,48.0)
(48.0,48.0)
(48.0,48.0)
(47.0,48.0)
(48.0,48.0)
(48.0,48.0)
(48.0,48.0)
(48.0,48.0)
(47.0,48.0)
(48.0,48.0)
(48.0,48.0)
(48.0,48.0)
(48.0,48.0)
(48.0,48.0)
(48.0,48.0)
(48.0,48.0)
(48.0,48.0)
(48.0,48.0)
(48.0,48.0)
(48.0,48.0)
(48.0,48.0)
(48.0,48.0)
(48.0,48.0)
(48.0,48.0)
(48.0,48.0)
(48.0,48.0)
(48.0,48.0)
(48.0,48.0)
(48.0,48.0)
(48.0,48.0)
(48.0,48.0)
(48.0,48.0)
(48.0,48.0)
(48.0,48.0)
(48.0,48.0)
(48.0,48.0)
(48.0,48.0)
(48.0,48.0)
(48.0,48.0)
(48.0,48.0)
(48.0,48.0)
(48.0,48.0)
(262.0,48.0)
(48.0,48.0)
(48.0,48.0)
(48.0,48.0)
(48.0,48.0)
(48.0,48.0)
(48.0,48.0)
(48.0,48.0)
(48.0,48.0)
(48.0,48.0)
(262.0,48.0)
(48.0,48.0)
(48.0,48.0)
(48.0,48.0)
(48.0,48.0)
(48.0,48.0)
(48.0,48.0)
(48.0,48.0)
(48.0,48.0)
(48.0,48.0)
(48.0,48.0)
(48.0,48.0)
(48.0,48.0)
(48.0,48.0)
(48.0,48.0)
(48.0,48.0)
(48.0,48.0)
(48.0,48.0)
(48.0,48.0)
(48.0,48.0)
(48.0,48.0)
(48.0,48.0)
(48.0,48.0)
(48.0,48.0)
(48.0,48.0)
(48.0,48.0)
(48.0,48.0)
(48.0,48.0)
(47.0,48.0)
(48.0,48.0)
(48.0,48.0)
(48.0,48.0)
(48.0,48.0)
(262.0,48.0)
(48.0,48.0)
(48.0,48.0)
(48.0,48.0)
(48.0,48.0)
(48.0,48.0)
(48.0,48.0)
(48.0,48.0)
(48.0,48.0)
(48.0,48.0)
(48.0,48.0)
(48.0,48.0)
(48.0,48.0)
(48.0,48.0)
(48.0,48.0)
(48.0,48.0)
(48.0,48.0)
(48.0,48.0)
(48.0,48.0)
(48.0,48.0)
(48.0,48.0)
(48.0,48.0)
(48.0,48.0)
(48.0,48.0)
(48.0,48.0)
(48.0,48.0)
(48.0,48.0)
(48.0,48.0)
(48.0,48.0)
(48.0,48.0)
(48.0,48.0)
(48.0,48.0)
(48.0,48.0)
(48.0,48.0)
(48.0,48.0)
(48.0,48.0)
(48.0,48.0)
(48.0,48.0)
(48.0,48.0)
(48.0,48.0)
(48.0,48.0)
(48.0,48.0)
(48.0,48.0)
(48.0,48.0)
(262.0,48.0)
(48.0,48.0)
(48.0,48.0)
(48.0,48.0)
(48.0,48.0)
(48.0,48.0)
(48.0,48.0)
(48.0,48.0)
(48.0,48.0)
(48.0,48.0)
(48.0,48.0)
(48.0,48.0)
(48.0,48.0)
(48.0,48.0)
(47.0,48.0)
(48.0,48.0)
(47.0,48.0)
(48.0,48.0)
(48.0,48.0)
(48.0,48.0)
(48.0,48.0)
(48.0,48.0)
(48.0,48.0)
(48.0,48.0)
(48.0,48.0)
(48.0,48.0)
(48.0,48.0)
(48.0,48.0)
(48.0,48.0)
(48.0,48.0)
(48.0,48.0)
(48.0,48.0)
(48.0,48.0)
(48.0,48.0)
(48.0,48.0)
(48.0,48.0)
(48.0,48.0)
(48.0,48.0)
(47.0,48.0)
(48.0,48.0)
(48.0,48.0)
(48.0,48.0)
(47.0,47.0)
(47.0,47.0)
(47.0,47.0)
(47.0,47.0)
(47.0,47.0)
(47.0,47.0)
(47.0,47.0)
(47.0,47.0)
(47.0,47.0)
(47.0,47.0)
(47.0,47.0)
(47.0,47.0)
(47.0,47.0)
(47.0,47.0)
(47.0,47.0)
(47.0,47.0)
(47.0,47.0)
(47.0,47.0)
(47.0,47.0)
(47.0,47.0)
(47.0,47.0)
(47.0,47.0)
(47.0,47.0)
(47.0,47.0)
(47.0,47.0)
(47.0,47.0)
(47.0,47.0)
(47.0,47.0)
(47.0,47.0)
(47.0,47.0)
(47.0,47.0)
(47.0,47.0)
(47.0,47.0)
(47.0,47.0)
(47.0,47.0)
(47.0,47.0)
(47.0,47.0)
(47.0,47.0)
(47.0,47.0)
(47.0,47.0)
(47.0,47.0)
(47.0,47.0)
(47.0,47.0)
(47.0,47.0)
(47.0,47.0)
(47.0,47.0)
(47.0,47.0)
(47.0,47.0)
(47.0,47.0)
(47.0,47.0)
(47.0,47.0)
(47.0,47.0)
(47.0,47.0)
(47.0,47.0)
(47.0,47.0)
(47.0,47.0)
(47.0,47.0)
(47.0,47.0)
(47.0,47.0)
(47.0,47.0)
(47.0,47.0)
(47.0,47.0)
(47.0,47.0)
(47.0,47.0)
(47.0,47.0)
(47.0,47.0)
(47.0,47.0)
(47.0,47.0)
(47.0,47.0)
(47.0,47.0)
(47.0,47.0)
(47.0,47.0)
(47.0,47.0)
(47.0,47.0)
(47.0,47.0)
(47.0,47.0)
(47.0,47.0)
(47.0,47.0)
(47.0,47.0)
(47.0,47.0)
(47.0,47.0)
(47.0,47.0)
(47.0,47.0)
(47.0,47.0)
(47.0,47.0)
(47.0,47.0)
(47.0,47.0)
(47.0,47.0)
(47.0,47.0)
(47.0,47.0)
(47.0,47.0)
(47.0,47.0)
(47.0,47.0)
(47.0,47.0)
(47.0,47.0)
(47.0,47.0)
(47.0,47.0)
(47.0,47.0)
(47.0,47.0)
(47.0,47.0)
(47.0,47.0)
(47.0,47.0)
(47.0,47.0)
(47.0,47.0)
(47.0,47.0)
(47.0,47.0)
(47.0,47.0)
(47.0,47.0)
(47.0,47.0)
(47.0,47.0)
(47.0,47.0)
(47.0,47.0)
(47.0,47.0)
(47.0,47.0)
(47.0,47.0)
(47.0,47.0)
(47.0,47.0)
(47.0,47.0)
(47.0,47.0)
(47.0,47.0)
(47.0,47.0)
(47.0,47.0)
(47.0,47.0)
(47.0,47.0)
(47.0,47.0)
(47.0,47.0)
(47.0,47.0)
(47.0,47.0)
(47.0,47.0)
(47.0,47.0)
(47.0,47.0)
(47.0,47.0)
(47.0,47.0)
(47.0,47.0)
(47.0,47.0)
(47.0,47.0)
(47.0,47.0)
(47.0,47.0)
(47.0,47.0)
(47.0,47.0)
(47.0,47.0)
(47.0,47.0)
(47.0,47.0)
(47.0,47.0)
(47.0,47.0)
(47.0,47.0)
(47.0,47.0)
(47.0,47.0)
(47.0,47.0)
(47.0,47.0)
(47.0,47.0)
(47.0,47.0)
(47.0,47.0)
(47.0,47.0)
(47.0,47.0)
(47.0,47.0)
(47.0,47.0)
(47.0,47.0)
(47.0,47.0)
(47.0,47.0)
(47.0,47.0)
(47.0,47.0)
(47.0,47.0)
(47.0,47.0)
(47.0,47.0)
(47.0,47.0)
(47.0,47.0)
(47.0,47.0)
(47.0,47.0)
(47.0,47.0)
(47.0,47.0)
(47.0,47.0)
(47.0,47.0)
(47.0,47.0)
(47.0,47.0)
(47.0,47.0)
(47.0,47.0)
(47.0,47.0)
(47.0,47.0)
(47.0,47.0)
(47.0,47.0)
(47.0,47.0)
(47.0,47.0)
(47.0,47.0)
(47.0,47.0)
(47.0,47.0)
(47.0,47.0)
(47.0,47.0)
(47.0,47.0)
(47.0,47.0)
(47.0,47.0)
(47.0,47.0)
(47.0,47.0)
(47.0,47.0)
(47.0,47.0)
(47.0,47.0)
(47.0,47.0)
(47.0,47.0)
(47.0,47.0)
(47.0,47.0)
(47.0,47.0)
(123.0,47.0)
(519.0,47.0)
(519.0,47.0)
(47.0,47.0)
(47.0,47.0)
(123.0,47.0)
(47.0,47.0)
(519.0,47.0)
(47.0,47.0)
(519.0,47.0)
(47.0,47.0)
(47.0,47.0)
(47.0,47.0)
(528.0,47.0)
(47.0,47.0)
(47.0,47.0)
(48.0,47.0)
(489.0,47.0)
(47.0,47.0)
(489.0,47.0)
(47.0,47.0)
(519.0,47.0)
(47.0,47.0)
(519.0,47.0)
(489.0,47.0)
(123.0,47.0)
(528.0,47.0)
(47.0,47.0)
(123.0,47.0)
(47.0,47.0)
(47.0,47.0)
(519.0,47.0)
(47.0,47.0)
(50.0,47.0)
(47.0,47.0)
(47.0,47.0)
(519.0,47.0)
(123.0,47.0)
(123.0,47.0)
(47.0,47.0)
(47.0,47.0)
(123.0,47.0)
(47.0,47.0)
(47.0,47.0)
(123.0,47.0)
(519.0,47.0)
(519.0,47.0)
(519.0,47.0)
(123.0,47.0)
(47.0,47.0)
(47.0,47.0)
(490.0,47.0)
(47.0,47.0)
(123.0,47.0)
(47.0,47.0)
(47.0,47.0)
(528.0,47.0)
(47.0,47.0)
(47.0,47.0)
(490.0,47.0)
(47.0,47.0)
(47.0,47.0)
(47.0,47.0)
(123.0,47.0)
(123.0,47.0)
(47.0,47.0)
(47.0,47.0)
(519.0,47.0)
(123.0,47.0)
(47.0,47.0)
(47.0,47.0)
(519.0,47.0)
(47.0,47.0)
(519.0,47.0)
(47.0,47.0)
(528.0,47.0)
(489.0,47.0)
(489.0,47.0)
(47.0,47.0)
(47.0,47.0)
(123.0,47.0)
(50.0,47.0)
(47.0,47.0)
(519.0,47.0)
(47.0,47.0)
(47.0,47.0)
(47.0,47.0)
(47.0,47.0)
(47.0,47.0)
(47.0,47.0)
(528.0,47.0)
(123.0,47.0)
(47.0,47.0)
(123.0,47.0)
(47.0,47.0)
(47.0,47.0)
(47.0,47.0)
(519.0,47.0)
(47.0,47.0)
(519.0,47.0)
(528.0,47.0)
(47.0,47.0)
(47.0,47.0)
(47.0,47.0)
(47.0,47.0)
(528.0,47.0)
(528.0,47.0)
(47.0,47.0)
(47.0,47.0)
(123.0,47.0)
(123.0,47.0)
(528.0,47.0)
(47.0,47.0)
(528.0,47.0)
(47.0,47.0)
(123.0,47.0)
(50.0,47.0)
(47.0,47.0)
(519.0,47.0)
(47.0,47.0)
(47.0,47.0)
(47.0,47.0)
(47.0,47.0)
(47.0,47.0)
(528.0,47.0)
(47.0,47.0)
(47.0,47.0)
(489.0,47.0)
(123.0,47.0)
(47.0,47.0)
(528.0,47.0)
(47.0,47.0)
(47.0,47.0)
(123.0,47.0)
(519.0,47.0)
(47.0,47.0)
(47.0,47.0)
(519.0,47.0)
(47.0,47.0)
(489.0,47.0)
(47.0,47.0)
(123.0,47.0)
(528.0,47.0)
(48.0,47.0)
(47.0,47.0)
(47.0,47.0)
(528.0,47.0)
(519.0,47.0)
(519.0,47.0)
(519.0,47.0)
(47.0,47.0)
(528.0,47.0)
(123.0,47.0)
(123.0,47.0)
(489.0,47.0)
(47.0,47.0)
(519.0,47.0)
(130.0,47.0)
(47.0,47.0)
(47.0,47.0)
(519.0,47.0)
(519.0,47.0)
(47.0,47.0)
(47.0,47.0)
(47.0,47.0)
(47.0,47.0)
(123.0,47.0)
(528.0,47.0)
(528.0,47.0)
(47.0,47.0)
(528.0,47.0)
(489.0,47.0)
(47.0,47.0)
(47.0,47.0)
(47.0,47.0)
(47.0,47.0)
(50.0,47.0)
(47.0,47.0)
(47.0,47.0)
(47.0,47.0)
(47.0,47.0)
(528.0,47.0)
(47.0,47.0)
(123.0,47.0)
(47.0,47.0)
(48.0,47.0)
(47.0,47.0)
(47.0,47.0)
(47.0,47.0)
(489.0,47.0)
(47.0,47.0)
(123.0,47.0)
(47.0,47.0)
(47.0,47.0)
(47.0,47.0)
(519.0,47.0)
(47.0,47.0)
(47.0,47.0)
(519.0,47.0)
(47.0,50.0)
(47.0,50.0)
(47.0,50.0)
(47.0,50.0)
(47.0,50.0)
(49.0,50.0)
(47.0,50.0)
(47.0,50.0)
(47.0,50.0)
(48.0,50.0)
(47.0,50.0)
(49.0,50.0)
(47.0,50.0)
(47.0,50.0)
(47.0,50.0)
(49.0,50.0)
(49.0,50.0)
(47.0,50.0)
(47.0,50.0)
(47.0,50.0)
(47.0,50.0)
(49.0,50.0)
(47.0,50.0)
(47.0,50.0)
(47.0,50.0)
(47.0,50.0)
(47.0,50.0)
(262.0,50.0)
(47.0,50.0)
(47.0,50.0)
(47.0,50.0)
(47.0,50.0)
(47.0,50.0)
(47.0,50.0)
(47.0,50.0)
(47.0,50.0)
(47.0,50.0)
(47.0,50.0)
(47.0,50.0)
(47.0,50.0)
(49.0,50.0)
(47.0,50.0)
(47.0,50.0)
(47.0,50.0)
(47.0,50.0)
(47.0,50.0)
(47.0,50.0)
(47.0,50.0)
(47.0,50.0)
(47.0,50.0)
(47.0,50.0)
(565.0,50.0)
(47.0,50.0)
(47.0,50.0)
(47.0,50.0)
(47.0,50.0)
(49.0,50.0)
(47.0,50.0)
(47.0,50.0)
(49.0,50.0)
(47.0,50.0)
(49.0,50.0)
(47.0,50.0)
(47.0,50.0)
(49.0,50.0)
(47.0,50.0)
(47.0,50.0)
(47.0,50.0)
(47.0,50.0)
(47.0,50.0)
(47.0,50.0)
(47.0,50.0)
(47.0,50.0)
(47.0,50.0)
(565.0,50.0)
(47.0,50.0)
(47.0,50.0)
(47.0,50.0)
(47.0,50.0)
(47.0,50.0)
(47.0,50.0)
(47.0,50.0)
(47.0,50.0)
(47.0,50.0)
(49.0,50.0)
(47.0,50.0)
(47.0,50.0)
(47.0,50.0)
(47.0,50.0)
(565.0,50.0)
(47.0,50.0)
(47.0,50.0)
(47.0,50.0)
(47.0,50.0)
(47.0,50.0)
(47.0,50.0)
(565.0,50.0)
(47.0,50.0)
(47.0,50.0)
(565.0,50.0)
(49.0,50.0)
(47.0,50.0)
(47.0,50.0)
(47.0,50.0)
(49.0,50.0)
(47.0,50.0)
(47.0,50.0)
(47.0,50.0)
(49.0,50.0)
(47.0,50.0)
(565.0,50.0)
(565.0,50.0)
(47.0,50.0)
(47.0,50.0)
(47.0,50.0)
(47.0,50.0)
(47.0,50.0)
(47.0,50.0)
(47.0,50.0)
(47.0,50.0)
(47.0,50.0)
(47.0,50.0)
(47.0,50.0)
(49.0,50.0)
(565.0,50.0)
(49.0,50.0)
(47.0,50.0)
(47.0,50.0)
(47.0,50.0)
(47.0,50.0)
(47.0,50.0)
(565.0,50.0)
(47.0,50.0)
(47.0,50.0)
(47.0,50.0)
(47.0,50.0)
(47.0,50.0)
(47.0,50.0)
(47.0,50.0)
(47.0,50.0)
(565.0,50.0)
(47.0,50.0)
(49.0,50.0)
(47.0,50.0)
(47.0,50.0)
(47.0,50.0)
(47.0,50.0)
(47.0,50.0)
(48.0,50.0)
(262.0,50.0)
(47.0,50.0)
(47.0,50.0)
(47.0,50.0)
(47.0,50.0)
(47.0,50.0)
(47.0,50.0)
(47.0,50.0)
(47.0,50.0)
(47.0,50.0)
(47.0,50.0)
(47.0,50.0)
(47.0,50.0)
(565.0,50.0)
(47.0,50.0)
(47.0,50.0)
(49.0,50.0)
(47.0,50.0)
(47.0,50.0)
(47.0,50.0)
(47.0,50.0)
(47.0,50.0)
(47.0,50.0)
(47.0,50.0)
(47.0,50.0)
(47.0,50.0)
(47.0,50.0)
(49.0,50.0)
(47.0,50.0)
(47.0,50.0)
(262.0,50.0)
(49.0,50.0)
(49.0,50.0)
(47.0,50.0)
(47.0,50.0)
(47.0,50.0)
(47.0,50.0)
(47.0,50.0)
(47.0,50.0)
(47.0,50.0)
(49.0,50.0)
(49.0,50.0)
(47.0,50.0)
(47.0,50.0)
(47.0,50.0)
(47.0,50.0)
(47.0,50.0)
(47.0,50.0)
(47.0,50.0)
(47.0,50.0)
(47.0,50.0)
(48.0,51.0)
(51.0,51.0)
(51.0,51.0)
(51.0,51.0)
(51.0,51.0)
(51.0,51.0)
(51.0,51.0)
(51.0,51.0)
(51.0,51.0)
(51.0,51.0)
(51.0,51.0)
(51.0,51.0)
(51.0,51.0)
(51.0,51.0)
(51.0,51.0)
(51.0,51.0)
(51.0,51.0)
(51.0,51.0)
(51.0,51.0)
(48.0,51.0)
(51.0,51.0)
(48.0,51.0)
(48.0,51.0)
(51.0,51.0)
(51.0,51.0)
(51.0,51.0)
(51.0,51.0)
(51.0,51.0)
(51.0,51.0)
(51.0,51.0)
(51.0,51.0)
(51.0,51.0)
(51.0,51.0)
(48.0,51.0)
(48.0,51.0)
(51.0,51.0)
(51.0,51.0)
(51.0,51.0)
(51.0,51.0)
(48.0,51.0)
(51.0,51.0)
(51.0,51.0)
(48.0,51.0)
(48.0,51.0)
(51.0,51.0)
(51.0,51.0)
(51.0,51.0)
(48.0,51.0)
(51.0,51.0)
(48.0,51.0)
(51.0,51.0)
(51.0,51.0)
(48.0,51.0)
(51.0,51.0)
(51.0,51.0)
(51.0,51.0)
(51.0,51.0)
(51.0,51.0)
(51.0,51.0)
(48.0,51.0)
(51.0,51.0)
(51.0,51.0)
(48.0,51.0)
(51.0,51.0)
(51.0,51.0)
(51.0,51.0)
(51.0,51.0)
(48.0,51.0)
(51.0,51.0)
(51.0,51.0)
(51.0,51.0)
(51.0,51.0)
(51.0,51.0)
(51.0,51.0)
(658.0,51.0)
(51.0,51.0)
(48.0,51.0)
(51.0,51.0)
(51.0,51.0)
(51.0,51.0)
(51.0,51.0)
(48.0,51.0)
(51.0,51.0)
(48.0,51.0)
(51.0,51.0)
(51.0,51.0)
(51.0,51.0)
(51.0,51.0)
(51.0,51.0)
(48.0,51.0)
(51.0,51.0)
(51.0,51.0)
(48.0,51.0)
(51.0,51.0)
(51.0,51.0)
(51.0,51.0)
(51.0,51.0)
(51.0,51.0)
(51.0,51.0)
(51.0,51.0)
(51.0,51.0)
(51.0,51.0)
(51.0,51.0)
(51.0,51.0)
(51.0,51.0)
(48.0,51.0)
(51.0,51.0)
(51.0,51.0)
(48.0,51.0)
(48.0,51.0)
(51.0,51.0)
(51.0,51.0)
(51.0,51.0)
(51.0,51.0)
(51.0,51.0)
(51.0,51.0)
(51.0,51.0)
(51.0,51.0)
(48.0,51.0)
(51.0,51.0)
(51.0,51.0)
(48.0,51.0)
(51.0,51.0)
(51.0,51.0)
(51.0,51.0)
(51.0,51.0)
(51.0,51.0)
(51.0,51.0)
(51.0,51.0)
(51.0,51.0)
(51.0,51.0)
(51.0,51.0)
(51.0,51.0)
(48.0,51.0)
(48.0,51.0)
(51.0,51.0)
(51.0,51.0)
(51.0,51.0)
(51.0,51.0)
(51.0,51.0)
(51.0,51.0)
(51.0,51.0)
(51.0,51.0)
(51.0,51.0)
(51.0,51.0)
(51.0,51.0)
(51.0,51.0)
(48.0,51.0)
(51.0,51.0)
(48.0,51.0)
(51.0,51.0)
(48.0,51.0)
(51.0,51.0)
(51.0,51.0)
(48.0,51.0)
(48.0,51.0)
(51.0,51.0)
(51.0,51.0)
(51.0,51.0)
(51.0,51.0)
(51.0,51.0)
(51.0,51.0)
(51.0,51.0)
(51.0,51.0)
(51.0,51.0)
(48.0,51.0)
(51.0,51.0)
(51.0,51.0)
(51.0,51.0)
(51.0,51.0)
(51.0,51.0)
(51.0,51.0)
(48.0,51.0)
(48.0,51.0)
(51.0,51.0)
(51.0,51.0)
(51.0,51.0)
(47.0,47.0)
(47.0,47.0)
(47.0,47.0)
(47.0,47.0)
(47.0,47.0)
(47.0,47.0)
(47.0,47.0)
(47.0,47.0)
(47.0,47.0)
(47.0,47.0)
(47.0,47.0)
(47.0,47.0)
(47.0,47.0)
(47.0,47.0)
(47.0,47.0)
(47.0,47.0)
(47.0,47.0)
(47.0,47.0)
(47.0,47.0)
(47.0,47.0)
(47.0,47.0)
(47.0,47.0)
(47.0,47.0)
(47.0,47.0)
(47.0,47.0)
(47.0,47.0)
(47.0,47.0)
(47.0,47.0)
(47.0,47.0)
(47.0,47.0)
(47.0,47.0)
(47.0,47.0)
(47.0,47.0)
(47.0,47.0)
(47.0,47.0)
(47.0,47.0)
(47.0,47.0)
(47.0,47.0)
(47.0,47.0)
(47.0,47.0)
(47.0,47.0)
(47.0,47.0)
(47.0,47.0)
(47.0,47.0)
(47.0,47.0)
(47.0,47.0)
(47.0,47.0)
(47.0,47.0)
(47.0,47.0)
(47.0,47.0)
(47.0,47.0)
(47.0,47.0)
(47.0,47.0)
(47.0,47.0)
(47.0,47.0)
(47.0,47.0)
(47.0,47.0)
(47.0,47.0)
(47.0,47.0)
(47.0,47.0)
(47.0,47.0)
(47.0,47.0)
(47.0,47.0)
(47.0,47.0)
(47.0,47.0)
(47.0,47.0)
(47.0,47.0)
(47.0,47.0)
(47.0,47.0)
(47.0,47.0)
(47.0,47.0)
(47.0,47.0)
(47.0,47.0)
(47.0,47.0)
(47.0,47.0)
(47.0,47.0)
(47.0,47.0)
(47.0,47.0)
(47.0,47.0)
(47.0,47.0)
(47.0,47.0)
(47.0,47.0)
(47.0,47.0)
(47.0,47.0)
(47.0,47.0)
(47.0,47.0)
(47.0,47.0)
(47.0,47.0)
(47.0,47.0)
(47.0,47.0)
(47.0,47.0)
(47.0,47.0)
(47.0,47.0)
(47.0,47.0)
(47.0,47.0)
(47.0,47.0)
(47.0,47.0)
(47.0,47.0)
(47.0,47.0)
(47.0,47.0)
(47.0,47.0)
(47.0,47.0)
(47.0,47.0)
(47.0,47.0)
(47.0,47.0)
(47.0,47.0)
(47.0,47.0)
(47.0,47.0)
(47.0,47.0)
(47.0,47.0)
(47.0,47.0)
(47.0,47.0)
(47.0,47.0)
(47.0,47.0)
(47.0,47.0)
(47.0,47.0)
(47.0,47.0)
(47.0,47.0)
(47.0,47.0)
(47.0,47.0)
(47.0,47.0)
(47.0,47.0)
(47.0,47.0)
(47.0,47.0)
(47.0,47.0)
(47.0,47.0)
(47.0,47.0)
(47.0,47.0)
(47.0,47.0)
(47.0,47.0)
(47.0,47.0)
(47.0,47.0)
(47.0,47.0)
(47.0,47.0)
(47.0,47.0)
(47.0,47.0)
(47.0,47.0)
(47.0,47.0)
(47.0,47.0)
(47.0,47.0)
(47.0,47.0)
(47.0,47.0)
(47.0,47.0)
(47.0,47.0)
(47.0,47.0)
(47.0,47.0)
(47.0,47.0)
(47.0,47.0)
(47.0,47.0)
(47.0,47.0)
(47.0,47.0)
(47.0,47.0)
(47.0,47.0)
(47.0,47.0)
(47.0,47.0)
(47.0,47.0)
(47.0,47.0)
(47.0,47.0)
(47.0,47.0)
(47.0,47.0)
(47.0,47.0)
(47.0,47.0)
(47.0,47.0)
(47.0,47.0)
(47.0,47.0)
(47.0,47.0)
(47.0,47.0)
(47.0,47.0)
(47.0,47.0)
(47.0,47.0)
(47.0,47.0)
(47.0,47.0)
(47.0,47.0)
(47.0,47.0)
(47.0,47.0)
(47.0,47.0)
(47.0,47.0)
(47.0,47.0)
(47.0,47.0)
(47.0,47.0)
(47.0,47.0)
(47.0,47.0)
(47.0,47.0)
(47.0,47.0)
(47.0,47.0)
(47.0,47.0)
(47.0,47.0)
(47.0,47.0)
(47.0,47.0)
(47.0,47.0)
(47.0,47.0)
(47.0,47.0)
(47.0,47.0)
(47.0,47.0)
(47.0,47.0)
(47.0,47.0)
(47.0,47.0)
(47.0,47.0)
(47.0,47.0)
(47.0,47.0)
(49.0,49.0)
(49.0,49.0)
(49.0,49.0)
(49.0,49.0)
(49.0,49.0)
(49.0,49.0)
(49.0,49.0)
(49.0,49.0)
(49.0,49.0)
(49.0,49.0)
(49.0,49.0)
(61.0,49.0)
(49.0,49.0)
(49.0,49.0)
(49.0,49.0)
(49.0,49.0)
(67.0,49.0)
(49.0,49.0)
(49.0,49.0)
(49.0,49.0)
(49.0,49.0)
(49.0,49.0)
(49.0,49.0)
(49.0,49.0)
(49.0,49.0)
(49.0,49.0)
(49.0,49.0)
(49.0,49.0)
(49.0,49.0)
(49.0,49.0)
(49.0,49.0)
(49.0,49.0)
(61.0,49.0)
(49.0,49.0)
(49.0,49.0)
(49.0,49.0)
(61.0,49.0)
(49.0,49.0)
(49.0,49.0)
(49.0,49.0)
(49.0,49.0)
(49.0,49.0)
(49.0,49.0)
(49.0,49.0)
(49.0,49.0)
(49.0,49.0)
(49.0,49.0)
(49.0,49.0)
(49.0,49.0)
(49.0,49.0)
(49.0,49.0)
(49.0,49.0)
(49.0,49.0)
(49.0,49.0)
(49.0,49.0)
(49.0,49.0)
(49.0,49.0)
(49.0,49.0)
(49.0,49.0)
(49.0,49.0)
(49.0,49.0)
(49.0,49.0)
(49.0,49.0)
(49.0,49.0)
(49.0,49.0)
(49.0,49.0)
(49.0,49.0)
(49.0,49.0)
(49.0,49.0)
(67.0,49.0)
(61.0,49.0)
(49.0,49.0)
(49.0,49.0)
(61.0,49.0)
(49.0,49.0)
(61.0,49.0)
(49.0,49.0)
(49.0,49.0)
(49.0,49.0)
(49.0,49.0)
(61.0,49.0)
(49.0,49.0)
(49.0,49.0)
(49.0,49.0)
(49.0,49.0)
(49.0,49.0)
(49.0,49.0)
(49.0,49.0)
(49.0,49.0)
(49.0,49.0)
(49.0,49.0)
(49.0,49.0)
(49.0,49.0)
(49.0,49.0)
(49.0,49.0)
(49.0,49.0)
(49.0,49.0)
(49.0,49.0)
(49.0,49.0)
(49.0,49.0)
(49.0,49.0)
(49.0,49.0)
(49.0,49.0)
(49.0,49.0)
(49.0,49.0)
(49.0,49.0)
(49.0,49.0)
(49.0,49.0)
(49.0,49.0)
(49.0,49.0)
(61.0,49.0)
(49.0,49.0)
(49.0,49.0)
(49.0,49.0)
(49.0,49.0)
(49.0,49.0)
(49.0,49.0)
(49.0,49.0)
(49.0,49.0)
(61.0,49.0)
(49.0,49.0)
(49.0,49.0)
(49.0,49.0)
(49.0,49.0)
(67.0,49.0)
(49.0,49.0)
(49.0,49.0)
(49.0,49.0)
(49.0,49.0)
(49.0,49.0)
(49.0,49.0)
(49.0,49.0)
(49.0,49.0)
(61.0,49.0)
(49.0,49.0)
(49.0,49.0)
(49.0,49.0)
(49.0,49.0)
(61.0,49.0)
(49.0,49.0)
(49.0,49.0)
(49.0,49.0)
(49.0,49.0)
(49.0,49.0)
(49.0,49.0)
(49.0,49.0)
(49.0,49.0)
(49.0,49.0)
(49.0,49.0)
(49.0,49.0)
(49.0,49.0)
(49.0,49.0)
(49.0,49.0)
(61.0,49.0)
(178.0,49.0)
(49.0,49.0)
(49.0,49.0)
(49.0,49.0)
(49.0,49.0)
(49.0,49.0)
(49.0,49.0)
(49.0,49.0)
(49.0,49.0)
(49.0,49.0)
(49.0,49.0)
(61.0,49.0)
(49.0,49.0)
(49.0,49.0)
(49.0,49.0)
(178.0,49.0)
(49.0,49.0)
(49.0,49.0)
(49.0,49.0)
(49.0,49.0)
(49.0,49.0)
(49.0,49.0)
(49.0,49.0)
(49.0,49.0)
(49.0,49.0)
(49.0,49.0)
(49.0,49.0)
(49.0,49.0)
(49.0,49.0)
(49.0,49.0)
(49.0,49.0)
(61.0,49.0)
(49.0,49.0)
(49.0,49.0)
(49.0,49.0)
(178.0,49.0)
(49.0,49.0)
(49.0,49.0)
(49.0,49.0)
(49.0,49.0)
(49.0,49.0)
(49.0,49.0)
(49.0,49.0)
(49.0,49.0)
(49.0,49.0)
(49.0,49.0)
(52.0,52.0)
(52.0,52.0)
(52.0,52.0)
(52.0,52.0)
(52.0,52.0)
(52.0,52.0)
(52.0,52.0)
(52.0,52.0)
(52.0,52.0)
(52.0,52.0)
(52.0,52.0)
(52.0,52.0)
(52.0,52.0)
(52.0,52.0)
(52.0,52.0)
(52.0,52.0)
(52.0,52.0)
(52.0,52.0)
(52.0,52.0)
(52.0,52.0)
(52.0,52.0)
(53.0,52.0)
(52.0,52.0)
(52.0,52.0)
(52.0,52.0)
(52.0,52.0)
(52.0,52.0)
(52.0,52.0)
(52.0,52.0)
(52.0,52.0)
(52.0,52.0)
(52.0,52.0)
(52.0,52.0)
(52.0,52.0)
(52.0,52.0)
(52.0,52.0)
(52.0,52.0)
(52.0,52.0)
(52.0,52.0)
(52.0,52.0)
(52.0,52.0)
(52.0,52.0)
(52.0,52.0)
(52.0,52.0)
(52.0,52.0)
(52.0,52.0)
(52.0,52.0)
(52.0,52.0)
(52.0,52.0)
(52.0,52.0)
(52.0,52.0)
(52.0,52.0)
(52.0,52.0)
(52.0,52.0)
(52.0,52.0)
(52.0,52.0)
(52.0,52.0)
(53.0,52.0)
(52.0,52.0)
(52.0,52.0)
(52.0,52.0)
(52.0,52.0)
(52.0,52.0)
(52.0,52.0)
(52.0,52.0)
(52.0,52.0)
(52.0,52.0)
(52.0,52.0)
(52.0,52.0)
(53.0,52.0)
(52.0,52.0)
(52.0,52.0)
(52.0,52.0)
(52.0,52.0)
(52.0,52.0)
(52.0,52.0)
(52.0,52.0)
(52.0,52.0)
(52.0,52.0)
(52.0,52.0)
(52.0,52.0)
(52.0,52.0)
(52.0,52.0)
(52.0,52.0)
(52.0,52.0)
(52.0,52.0)
(52.0,52.0)
(52.0,52.0)
(52.0,52.0)
(52.0,52.0)
(52.0,52.0)
(52.0,52.0)
(52.0,52.0)
(52.0,52.0)
(52.0,52.0)
(52.0,52.0)
(52.0,52.0)
(52.0,52.0)
(52.0,52.0)
(52.0,52.0)
(52.0,52.0)
(52.0,52.0)
(52.0,52.0)
(52.0,52.0)
(52.0,52.0)
(52.0,52.0)
(52.0,52.0)
(52.0,52.0)
(53.0,52.0)
(52.0,52.0)
(52.0,52.0)
(53.0,52.0)
(52.0,52.0)
(52.0,52.0)
(52.0,52.0)
(52.0,52.0)
(52.0,52.0)
(52.0,52.0)
(52.0,52.0)
(52.0,52.0)
(52.0,52.0)
(52.0,52.0)
(52.0,52.0)
(52.0,52.0)
(52.0,52.0)
(52.0,52.0)
(52.0,52.0)
(52.0,52.0)
(52.0,52.0)
(52.0,52.0)
(52.0,52.0)
(52.0,52.0)
(52.0,52.0)
(52.0,52.0)
(52.0,52.0)
(52.0,52.0)
(52.0,52.0)
(52.0,52.0)
(52.0,52.0)
(52.0,52.0)
(52.0,52.0)
(52.0,52.0)
(52.0,52.0)
(52.0,52.0)
(52.0,52.0)
(52.0,52.0)
(52.0,52.0)
(52.0,52.0)
(52.0,52.0)
(52.0,52.0)
(52.0,52.0)
(52.0,52.0)
(52.0,52.0)
(52.0,52.0)
(52.0,52.0)
(52.0,52.0)
(52.0,52.0)
(52.0,52.0)
(52.0,52.0)
(52.0,52.0)
(52.0,52.0)
(52.0,52.0)
(52.0,52.0)
(52.0,52.0)
(52.0,52.0)
(52.0,52.0)
(52.0,52.0)
(52.0,52.0)
(52.0,52.0)
(52.0,52.0)
(52.0,52.0)
(52.0,52.0)
(52.0,52.0)
(52.0,52.0)
(52.0,52.0)
(52.0,52.0)
(52.0,52.0)
(52.0,52.0)
(52.0,52.0)
(52.0,52.0)
(52.0,52.0)
(52.0,52.0)
(52.0,52.0)
(52.0,52.0)
(52.0,52.0)
(52.0,52.0)
(52.0,52.0)
(52.0,52.0)
(52.0,52.0)
(52.0,52.0)
(52.0,52.0)
(52.0,52.0)
(52.0,52.0)
(52.0,52.0)
(52.0,52.0)
(52.0,52.0)
(52.0,52.0)
(52.0,52.0)
(52.0,52.0)
(52.0,52.0)
(53.0,53.0)
(53.0,53.0)
(53.0,53.0)
(53.0,53.0)
(53.0,53.0)
(53.0,53.0)
(53.0,53.0)
(53.0,53.0)
(53.0,53.0)
(53.0,53.0)
(53.0,53.0)
(53.0,53.0)
(53.0,53.0)
(53.0,53.0)
(53.0,53.0)
(53.0,53.0)
(53.0,53.0)
(53.0,53.0)
(53.0,53.0)
(53.0,53.0)
(53.0,53.0)
(53.0,53.0)
(53.0,53.0)
(53.0,53.0)
(53.0,53.0)
(53.0,53.0)
(53.0,53.0)
(53.0,53.0)
(53.0,53.0)
(53.0,53.0)
(53.0,53.0)
(53.0,53.0)
(53.0,53.0)
(53.0,53.0)
(53.0,53.0)
(53.0,53.0)
(53.0,53.0)
(53.0,53.0)
(53.0,53.0)
(53.0,53.0)
(53.0,53.0)
(53.0,53.0)
(53.0,53.0)
(53.0,53.0)
(53.0,53.0)
(53.0,53.0)
(53.0,53.0)
(53.0,53.0)
(53.0,53.0)
(53.0,53.0)
(53.0,53.0)
(53.0,53.0)
(53.0,53.0)
(53.0,53.0)
(53.0,53.0)
(53.0,53.0)
(53.0,53.0)
(53.0,53.0)
(53.0,53.0)
(53.0,53.0)
(53.0,53.0)
(53.0,53.0)
(53.0,53.0)
(53.0,53.0)
(53.0,53.0)
(53.0,53.0)
(53.0,53.0)
(53.0,53.0)
(53.0,53.0)
(53.0,53.0)
(53.0,53.0)
(53.0,53.0)
(53.0,53.0)
(53.0,53.0)
(53.0,53.0)
(53.0,53.0)
(53.0,53.0)
(53.0,53.0)
(53.0,53.0)
(53.0,53.0)
(53.0,53.0)
(53.0,53.0)
(53.0,53.0)
(53.0,53.0)
(53.0,53.0)
(53.0,53.0)
(53.0,53.0)
(53.0,53.0)
(53.0,53.0)
(53.0,53.0)
(53.0,53.0)
(53.0,53.0)
(53.0,53.0)
(53.0,53.0)
(53.0,53.0)
(53.0,53.0)
(53.0,53.0)
(53.0,53.0)
(53.0,53.0)
(53.0,53.0)
(53.0,53.0)
(53.0,53.0)
(53.0,53.0)
(53.0,53.0)
(53.0,53.0)
(53.0,53.0)
(53.0,53.0)
(53.0,53.0)
(53.0,53.0)
(53.0,53.0)
(53.0,53.0)
(53.0,53.0)
(53.0,53.0)
(53.0,53.0)
(53.0,53.0)
(53.0,53.0)
(53.0,53.0)
(53.0,53.0)
(53.0,53.0)
(53.0,53.0)
(53.0,53.0)
(53.0,53.0)
(53.0,53.0)
(53.0,53.0)
(53.0,53.0)
(53.0,53.0)
(53.0,53.0)
(53.0,53.0)
(53.0,53.0)
(53.0,53.0)
(53.0,53.0)
(53.0,53.0)
(53.0,53.0)
(53.0,53.0)
(53.0,53.0)
(53.0,53.0)
(53.0,53.0)
(53.0,53.0)
(53.0,53.0)
(53.0,53.0)
(53.0,53.0)
(53.0,53.0)
(53.0,53.0)
(53.0,53.0)
(53.0,53.0)
(53.0,53.0)
(53.0,53.0)
(53.0,53.0)
(53.0,53.0)
(53.0,53.0)
(53.0,53.0)
(53.0,53.0)
(53.0,53.0)
(53.0,53.0)
(53.0,53.0)
(53.0,53.0)
(53.0,53.0)
(53.0,53.0)
(53.0,53.0)
(53.0,53.0)
(53.0,53.0)
(53.0,53.0)
(53.0,53.0)
(53.0,53.0)
(53.0,53.0)
(53.0,53.0)
(53.0,53.0)
(53.0,53.0)
(53.0,53.0)
(53.0,53.0)
(53.0,53.0)
(53.0,53.0)
(53.0,53.0)
(53.0,53.0)
(53.0,53.0)
(53.0,53.0)
(53.0,53.0)
(53.0,53.0)
(53.0,53.0)
(53.0,53.0)
(53.0,53.0)
(53.0,53.0)
(53.0,53.0)
(53.0,53.0)
(53.0,53.0)
(53.0,53.0)
(53.0,53.0)
(53.0,53.0)
(53.0,53.0)
(53.0,53.0)
(53.0,53.0)
(53.0,53.0)
(53.0,53.0)
(53.0,53.0)
(53.0,53.0)
(53.0,53.0)
(53.0,53.0)
(53.0,53.0)
(53.0,53.0)
(53.0,53.0)
(53.0,53.0)
(53.0,53.0)
(53.0,53.0)
(53.0,53.0)
(53.0,53.0)
(53.0,53.0)
(53.0,53.0)
(53.0,53.0)
(53.0,53.0)
(53.0,53.0)
(53.0,53.0)
(53.0,53.0)
(53.0,53.0)
(53.0,53.0)
(53.0,53.0)
(53.0,53.0)
(53.0,53.0)
(53.0,53.0)
(53.0,53.0)
(53.0,53.0)
(53.0,53.0)
(53.0,53.0)
(53.0,53.0)
(53.0,53.0)
(53.0,53.0)
(53.0,53.0)
(53.0,53.0)
(53.0,53.0)
(53.0,53.0)
(53.0,53.0)
(53.0,53.0)
(53.0,53.0)
(53.0,53.0)
(53.0,53.0)
(53.0,53.0)
(53.0,53.0)
(53.0,53.0)
(53.0,53.0)
(53.0,53.0)
(53.0,53.0)
(53.0,53.0)
(53.0,53.0)
(53.0,53.0)
(53.0,53.0)
(53.0,53.0)
(53.0,53.0)
(53.0,53.0)
(53.0,53.0)
(53.0,53.0)
(53.0,53.0)
(53.0,53.0)
(53.0,53.0)
(53.0,53.0)
(53.0,53.0)
(53.0,53.0)
(53.0,53.0)
(53.0,53.0)
(53.0,53.0)
(53.0,53.0)
(53.0,53.0)
(53.0,53.0)
(53.0,53.0)
(53.0,53.0)
(53.0,53.0)
(53.0,53.0)
(53.0,53.0)
(53.0,53.0)
(53.0,53.0)
(53.0,53.0)
(53.0,53.0)
(53.0,53.0)
(53.0,53.0)
(53.0,53.0)
(53.0,53.0)
(53.0,53.0)
(53.0,53.0)
(53.0,53.0)
(53.0,53.0)
(53.0,53.0)
(53.0,53.0)
(53.0,53.0)
(53.0,53.0)
(53.0,53.0)
(53.0,53.0)
(53.0,53.0)
(53.0,53.0)
(53.0,53.0)
(53.0,53.0)
(53.0,53.0)
(53.0,53.0)
(53.0,53.0)
(53.0,53.0)
(53.0,53.0)
(53.0,53.0)
(53.0,53.0)
(53.0,53.0)
(53.0,53.0)
(53.0,53.0)
(53.0,53.0)
(53.0,53.0)
(53.0,53.0)
(53.0,53.0)
(53.0,53.0)
(53.0,53.0)
(53.0,53.0)
(53.0,53.0)
(53.0,53.0)
(53.0,53.0)
(53.0,53.0)
(53.0,53.0)
(53.0,53.0)
(53.0,53.0)
(53.0,53.0)
(53.0,53.0)
(53.0,53.0)
(53.0,53.0)
(53.0,53.0)
(53.0,53.0)
(53.0,53.0)
(53.0,53.0)
(53.0,53.0)
(53.0,53.0)
(53.0,53.0)
(53.0,53.0)
(53.0,53.0)
(53.0,53.0)
(53.0,53.0)
(53.0,53.0)
(53.0,53.0)
(53.0,53.0)
(53.0,53.0)
(53.0,53.0)
(53.0,53.0)
(53.0,53.0)
(53.0,53.0)
(53.0,53.0)
(53.0,53.0)
(53.0,53.0)
(53.0,53.0)
(53.0,53.0)
(53.0,53.0)
(53.0,53.0)
(53.0,53.0)
(53.0,53.0)
(53.0,53.0)
(53.0,53.0)
(53.0,53.0)
(53.0,53.0)
(53.0,53.0)
(53.0,53.0)
(53.0,53.0)
(53.0,53.0)
(53.0,53.0)
(53.0,53.0)
(53.0,53.0)
(53.0,53.0)
(53.0,53.0)
(53.0,53.0)
(53.0,53.0)
(53.0,53.0)
(53.0,53.0)
(53.0,53.0)
(53.0,53.0)
(53.0,53.0)
(53.0,53.0)
(53.0,53.0)
(53.0,53.0)
(53.0,53.0)
(53.0,53.0)
(53.0,53.0)
(53.0,53.0)
(53.0,53.0)
(53.0,53.0)
(53.0,53.0)
(53.0,53.0)
(53.0,53.0)
(53.0,53.0)
(53.0,53.0)
(53.0,53.0)
(53.0,53.0)
(53.0,53.0)
(53.0,53.0)
(53.0,53.0)
(53.0,53.0)
(53.0,53.0)
(53.0,53.0)
(53.0,53.0)
(53.0,53.0)
(53.0,53.0)
(53.0,53.0)
(53.0,53.0)
(53.0,53.0)
(53.0,53.0)
(53.0,53.0)
(53.0,53.0)
(53.0,53.0)
(53.0,53.0)
(53.0,53.0)
(53.0,53.0)
(53.0,53.0)
(52.0,52.0)
(52.0,52.0)
(52.0,52.0)
(52.0,52.0)
(52.0,52.0)
(52.0,52.0)
(52.0,52.0)
(52.0,52.0)
(52.0,52.0)
(52.0,52.0)
(52.0,52.0)
(52.0,52.0)
(52.0,52.0)
(52.0,52.0)
(52.0,52.0)
(52.0,52.0)
(52.0,52.0)
(52.0,52.0)
(52.0,52.0)
(52.0,52.0)
(52.0,52.0)
(52.0,52.0)
(52.0,52.0)
(52.0,52.0)
(52.0,52.0)
(52.0,52.0)
(52.0,52.0)
(52.0,52.0)
(52.0,52.0)
(52.0,52.0)
(52.0,52.0)
(52.0,52.0)
(52.0,52.0)
(52.0,52.0)
(52.0,52.0)
(52.0,52.0)
(52.0,52.0)
(52.0,52.0)
(52.0,52.0)
(52.0,52.0)
(52.0,52.0)
(52.0,52.0)
(52.0,52.0)
(52.0,52.0)
(52.0,52.0)
(52.0,52.0)
(52.0,52.0)
(52.0,52.0)
(52.0,52.0)
(52.0,52.0)
(52.0,52.0)
(52.0,52.0)
(52.0,52.0)
(52.0,52.0)
(52.0,52.0)
(52.0,52.0)
(52.0,52.0)
(52.0,52.0)
(52.0,52.0)
(52.0,52.0)
(52.0,52.0)
(52.0,52.0)
(52.0,52.0)
(52.0,52.0)
(52.0,52.0)
(52.0,52.0)
(52.0,52.0)
(52.0,52.0)
(52.0,52.0)
(52.0,52.0)
(52.0,52.0)
(52.0,52.0)
(52.0,52.0)
(52.0,52.0)
(52.0,52.0)
(52.0,52.0)
(52.0,52.0)
(52.0,52.0)
(52.0,52.0)
(52.0,52.0)
(52.0,52.0)
(52.0,52.0)
(52.0,52.0)
(52.0,52.0)
(52.0,52.0)
(52.0,52.0)
(52.0,52.0)
(52.0,52.0)
(52.0,52.0)
(52.0,52.0)
(52.0,52.0)
(52.0,52.0)
(52.0,52.0)
(52.0,52.0)
(52.0,52.0)
(52.0,52.0)
(52.0,52.0)
(52.0,52.0)
(52.0,52.0)
(52.0,52.0)
(52.0,52.0)
(52.0,52.0)
(52.0,52.0)
(52.0,52.0)
(52.0,52.0)
(52.0,52.0)
(52.0,52.0)
(52.0,52.0)
(52.0,52.0)
(52.0,52.0)
(52.0,52.0)
(52.0,52.0)
(52.0,52.0)
(52.0,52.0)
(52.0,52.0)
(52.0,52.0)
(52.0,52.0)
(52.0,52.0)
(52.0,52.0)
(52.0,52.0)
(52.0,52.0)
(52.0,52.0)
(52.0,52.0)
(52.0,52.0)
(52.0,52.0)
(52.0,52.0)
(52.0,52.0)
(52.0,52.0)
(52.0,52.0)
(52.0,52.0)
(52.0,52.0)
(52.0,52.0)
(52.0,52.0)
(52.0,52.0)
(52.0,52.0)
(52.0,52.0)
(52.0,52.0)
(52.0,52.0)
(52.0,52.0)
(52.0,52.0)
(52.0,52.0)
(52.0,52.0)
(52.0,52.0)
(52.0,52.0)
(52.0,52.0)
(52.0,52.0)
(52.0,52.0)
(52.0,52.0)
(52.0,52.0)
(52.0,52.0)
(52.0,52.0)
(52.0,52.0)
(52.0,52.0)
(52.0,52.0)
(52.0,52.0)
(52.0,52.0)
(52.0,52.0)
(52.0,52.0)
(52.0,52.0)
(52.0,52.0)
(52.0,52.0)
(52.0,52.0)
(52.0,52.0)
(52.0,52.0)
(52.0,52.0)
(52.0,52.0)
(52.0,52.0)
(52.0,52.0)
(52.0,52.0)
(52.0,52.0)
(52.0,52.0)
(52.0,52.0)
(52.0,52.0)
(52.0,52.0)
(52.0,52.0)
(52.0,52.0)
(52.0,52.0)
(52.0,52.0)
(52.0,52.0)
(52.0,52.0)
(52.0,52.0)
(52.0,52.0)
(52.0,52.0)
(52.0,52.0)
(52.0,52.0)
(52.0,52.0)
(52.0,52.0)
(52.0,52.0)
(52.0,52.0)
(52.0,52.0)
(52.0,52.0)
(52.0,52.0)
(52.0,52.0)
(52.0,52.0)
(52.0,52.0)
(52.0,52.0)
(52.0,52.0)
(52.0,52.0)
(52.0,52.0)
(52.0,52.0)
(53.0,53.0)
(53.0,53.0)
(53.0,53.0)
(53.0,53.0)
(53.0,53.0)
(53.0,53.0)
(53.0,53.0)
(53.0,53.0)
(53.0,53.0)
(53.0,53.0)
(53.0,53.0)
(53.0,53.0)
(53.0,53.0)
(53.0,53.0)
(53.0,53.0)
(53.0,53.0)
(53.0,53.0)
(53.0,53.0)
(53.0,53.0)
(53.0,53.0)
(53.0,53.0)
(53.0,53.0)
(53.0,53.0)
(53.0,53.0)
(53.0,53.0)
(53.0,53.0)
(53.0,53.0)
(53.0,53.0)
(53.0,53.0)
(53.0,53.0)
(53.0,53.0)
(53.0,53.0)
(53.0,53.0)
(53.0,53.0)
(53.0,53.0)
(53.0,53.0)
(53.0,53.0)
(53.0,53.0)
(53.0,53.0)
(53.0,53.0)
(53.0,53.0)
(53.0,53.0)
(53.0,53.0)
(53.0,53.0)
(53.0,53.0)
(53.0,53.0)
(53.0,53.0)
(53.0,53.0)
(53.0,53.0)
(53.0,53.0)
(53.0,53.0)
(53.0,53.0)
(53.0,53.0)
(53.0,53.0)
(53.0,53.0)
(53.0,53.0)
(53.0,53.0)
(53.0,53.0)
(53.0,53.0)
(53.0,53.0)
(53.0,53.0)
(53.0,53.0)
(53.0,53.0)
(53.0,53.0)
(53.0,53.0)
(53.0,53.0)
(53.0,53.0)
(53.0,53.0)
(53.0,53.0)
(53.0,53.0)
(53.0,53.0)
(53.0,53.0)
(53.0,53.0)
