(758.0,758.0)
(758.0,758.0)
(758.0,758.0)
(758.0,758.0)
(387.0,758.0)
(758.0,758.0)
(758.0,758.0)
(758.0,758.0)
(758.0,758.0)
(387.0,758.0)
(758.0,758.0)
(758.0,758.0)
(758.0,758.0)
(758.0,758.0)
(758.0,758.0)
(387.0,758.0)
(387.0,758.0)
(758.0,758.0)
(461.0,758.0)
(387.0,758.0)
(758.0,758.0)
(388.0,758.0)
(758.0,758.0)
(758.0,758.0)
(758.0,758.0)
(387.0,758.0)
(387.0,758.0)
(758.0,758.0)
(387.0,758.0)
(758.0,758.0)
(758.0,758.0)
(464.0,758.0)
(758.0,758.0)
(758.0,758.0)
(758.0,758.0)
(758.0,758.0)
(758.0,758.0)
(758.0,758.0)
(387.0,758.0)
(758.0,758.0)
(758.0,758.0)
(387.0,758.0)
(758.0,758.0)
(387.0,758.0)
(387.0,758.0)
(387.0,758.0)
(387.0,758.0)
(758.0,758.0)
(771.0,758.0)
(758.0,758.0)
(758.0,758.0)
(758.0,758.0)
(758.0,758.0)
(758.0,758.0)
(387.0,758.0)
(758.0,758.0)
(758.0,758.0)
(758.0,758.0)
(758.0,758.0)
(758.0,758.0)
(387.0,758.0)
(758.0,758.0)
(758.0,758.0)
(758.0,758.0)
(758.0,758.0)
(758.0,758.0)
(758.0,758.0)
(758.0,758.0)
(758.0,758.0)
(758.0,758.0)
(758.0,758.0)
(758.0,758.0)
(758.0,758.0)
(758.0,758.0)
(758.0,758.0)
(758.0,758.0)
(393.0,758.0)
(758.0,758.0)
(758.0,758.0)
(387.0,758.0)
(758.0,758.0)
(758.0,758.0)
(758.0,758.0)
(758.0,758.0)
(758.0,758.0)
(758.0,758.0)
(758.0,758.0)
(758.0,758.0)
(758.0,758.0)
(758.0,758.0)
(758.0,758.0)
(387.0,758.0)
(387.0,758.0)
(758.0,758.0)
(387.0,758.0)
(758.0,758.0)
(387.0,758.0)
(758.0,758.0)
(758.0,758.0)
(758.0,758.0)
(758.0,758.0)
(758.0,758.0)
(758.0,758.0)
(758.0,758.0)
(758.0,758.0)
(758.0,758.0)
(758.0,758.0)
(758.0,758.0)
(758.0,758.0)
(758.0,758.0)
(758.0,758.0)
(758.0,758.0)
(758.0,758.0)
(758.0,758.0)
(758.0,758.0)
(387.0,758.0)
(758.0,758.0)
(758.0,758.0)
(758.0,758.0)
(758.0,758.0)
(758.0,758.0)
(758.0,758.0)
(758.0,758.0)
(387.0,758.0)
(758.0,758.0)
(758.0,758.0)
(758.0,758.0)
(758.0,758.0)
(758.0,758.0)
(758.0,758.0)
(758.0,758.0)
(758.0,758.0)
(387.0,758.0)
(758.0,758.0)
(758.0,758.0)
(758.0,758.0)
(758.0,758.0)
(387.0,758.0)
(387.0,758.0)
(758.0,758.0)
(758.0,758.0)
(758.0,758.0)
(758.0,758.0)
(758.0,758.0)
(387.0,758.0)
(387.0,758.0)
(758.0,758.0)
(460.0,758.0)
(402.0,758.0)
(387.0,758.0)
(758.0,758.0)
(758.0,758.0)
(758.0,758.0)
(758.0,758.0)
(758.0,758.0)
(758.0,758.0)
(758.0,758.0)
(758.0,758.0)
(758.0,758.0)
(758.0,758.0)
(758.0,758.0)
(387.0,758.0)
(388.0,758.0)
(758.0,758.0)
(758.0,758.0)
(387.0,758.0)
(758.0,758.0)
(758.0,758.0)
(758.0,758.0)
(758.0,758.0)
(460.0,758.0)
(758.0,758.0)
(758.0,758.0)
(758.0,758.0)
(758.0,758.0)
(387.0,758.0)
(758.0,758.0)
(758.0,758.0)
(758.0,758.0)
(399.0,758.0)
(758.0,758.0)
(758.0,758.0)
(393.0,758.0)
(758.0,758.0)
(387.0,758.0)
(387.0,758.0)
(758.0,758.0)
(416.0,758.0)
(758.0,758.0)
(387.0,758.0)
(758.0,758.0)
(759.0,758.0)
(758.0,758.0)
(446.0,758.0)
(758.0,758.0)
(387.0,758.0)
(387.0,758.0)
(758.0,758.0)
(758.0,758.0)
(758.0,758.0)
(758.0,758.0)
(758.0,758.0)
(758.0,758.0)
(387.0,758.0)
(387.0,758.0)
(758.0,758.0)
(758.0,758.0)
(758.0,758.0)
(758.0,758.0)
(758.0,758.0)
(758.0,758.0)
(758.0,758.0)
(393.0,758.0)
(758.0,758.0)
(758.0,758.0)
(387.0,758.0)
(758.0,758.0)
(758.0,758.0)
(758.0,758.0)
(758.0,758.0)
(758.0,758.0)
(758.0,758.0)
(758.0,758.0)
(387.0,758.0)
(758.0,758.0)
(758.0,758.0)
(758.0,758.0)
(758.0,758.0)
(758.0,758.0)
(387.0,758.0)
(758.0,758.0)
(771.0,758.0)
(758.0,758.0)
(758.0,758.0)
(387.0,758.0)
(758.0,758.0)
(387.0,758.0)
(387.0,758.0)
(758.0,758.0)
(387.0,758.0)
(461.0,758.0)
(387.0,758.0)
(758.0,758.0)
(391.0,758.0)
(758.0,758.0)
(758.0,758.0)
(758.0,758.0)
(758.0,758.0)
(758.0,758.0)
(758.0,758.0)
(758.0,758.0)
(758.0,758.0)
(758.0,758.0)
(461.0,758.0)
(387.0,758.0)
(387.0,758.0)
(387.0,758.0)
(758.0,758.0)
(758.0,758.0)
(387.0,758.0)
(758.0,758.0)
(758.0,758.0)
(758.0,758.0)
(387.0,758.0)
(758.0,758.0)
(758.0,758.0)
(758.0,758.0)
(387.0,758.0)
(387.0,758.0)
(758.0,758.0)
(758.0,758.0)
(399.0,758.0)
(387.0,758.0)
(758.0,758.0)
(758.0,758.0)
(758.0,758.0)
(387.0,758.0)
(387.0,758.0)
(758.0,758.0)
(758.0,758.0)
(387.0,758.0)
(758.0,758.0)
(758.0,758.0)
(758.0,758.0)
(758.0,758.0)
(758.0,758.0)
(461.0,758.0)
(771.0,758.0)
(387.0,758.0)
(771.0,758.0)
(758.0,758.0)
(461.0,758.0)
(387.0,758.0)
(758.0,758.0)
(758.0,758.0)
(387.0,758.0)
(461.0,758.0)
(758.0,758.0)
(387.0,758.0)
(758.0,758.0)
(387.0,758.0)
(758.0,758.0)
(758.0,758.0)
(387.0,758.0)
(758.0,758.0)
(387.0,758.0)
(387.0,758.0)
(758.0,758.0)
(758.0,758.0)
(758.0,758.0)
(758.0,758.0)
(387.0,758.0)
(387.0,758.0)
(758.0,758.0)
(387.0,758.0)
(758.0,758.0)
(387.0,758.0)
(387.0,758.0)
(758.0,758.0)
(758.0,758.0)
(387.0,758.0)
(393.0,758.0)
(387.0,758.0)
(758.0,758.0)
(387.0,758.0)
(387.0,758.0)
(387.0,758.0)
(758.0,758.0)
(758.0,758.0)
(758.0,758.0)
(387.0,758.0)
(758.0,758.0)
(758.0,758.0)
(427.0,758.0)
(758.0,758.0)
(387.0,758.0)
(387.0,758.0)
(758.0,758.0)
(758.0,758.0)
(758.0,758.0)
(387.0,758.0)
(758.0,758.0)
(387.0,758.0)
(387.0,758.0)
(758.0,758.0)
(758.0,758.0)
(387.0,758.0)
(758.0,758.0)
(758.0,758.0)
(387.0,758.0)
(387.0,758.0)
(387.0,758.0)
(387.0,758.0)
(393.0,758.0)
(771.0,758.0)
(758.0,758.0)
(758.0,758.0)
(387.0,758.0)
(758.0,758.0)
(387.0,758.0)
(758.0,758.0)
(387.0,758.0)
(387.0,758.0)
(758.0,758.0)
(758.0,758.0)
(387.0,758.0)
(758.0,758.0)
(387.0,758.0)
(758.0,758.0)
(387.0,758.0)
(758.0,758.0)
(758.0,758.0)
(387.0,758.0)
(262.0,758.0)
(758.0,758.0)
(758.0,758.0)
(758.0,758.0)
(387.0,758.0)
(758.0,758.0)
(387.0,758.0)
(758.0,758.0)
(758.0,758.0)
(758.0,758.0)
(758.0,758.0)
(758.0,758.0)
(758.0,758.0)
(758.0,758.0)
(399.0,758.0)
(758.0,758.0)
(758.0,758.0)
(387.0,758.0)
(387.0,758.0)
(758.0,758.0)
(758.0,758.0)
(387.0,758.0)
(387.0,758.0)
(387.0,758.0)
(389.0,758.0)
(758.0,758.0)
(758.0,758.0)
(387.0,758.0)
(800.0,758.0)
(758.0,758.0)
(758.0,758.0)
(461.0,758.0)
(387.0,758.0)
(387.0,758.0)
(387.0,758.0)
(758.0,758.0)
(758.0,758.0)
(758.0,758.0)
(758.0,758.0)
(387.0,758.0)
(758.0,758.0)
(758.0,758.0)
(758.0,758.0)
(387.0,758.0)
(758.0,758.0)
(387.0,758.0)
(387.0,758.0)
(758.0,758.0)
(387.0,758.0)
(758.0,758.0)
(758.0,758.0)
(758.0,758.0)
(387.0,758.0)
(758.0,758.0)
(758.0,758.0)
(387.0,758.0)
(758.0,758.0)
(387.0,758.0)
(758.0,758.0)
(387.0,758.0)
(758.0,758.0)
(758.0,758.0)
(758.0,758.0)
(758.0,758.0)
(387.0,758.0)
(758.0,758.0)
(387.0,758.0)
(387.0,758.0)
(387.0,758.0)
(387.0,758.0)
(387.0,758.0)
(758.0,758.0)
(758.0,758.0)
(758.0,758.0)
(771.0,758.0)
(758.0,758.0)
(758.0,758.0)
(758.0,758.0)
(758.0,758.0)
(758.0,758.0)
(758.0,758.0)
(387.0,758.0)
(758.0,758.0)
(758.0,758.0)
(387.0,758.0)
(771.0,758.0)
(758.0,758.0)
(387.0,758.0)
(758.0,758.0)
(387.0,758.0)
(758.0,758.0)
(387.0,758.0)
(758.0,758.0)
(758.0,758.0)
(758.0,758.0)
(758.0,758.0)
(758.0,758.0)
(387.0,758.0)
(758.0,758.0)
(387.0,758.0)
(387.0,758.0)
(387.0,758.0)
(758.0,758.0)
(387.0,758.0)
(387.0,758.0)
(758.0,758.0)
(758.0,758.0)
(758.0,758.0)
(758.0,758.0)
(758.0,758.0)
(758.0,758.0)
(771.0,758.0)
(758.0,758.0)
(758.0,758.0)
(384.0,758.0)
(387.0,758.0)
(758.0,758.0)
(758.0,758.0)
(387.0,758.0)
(758.0,758.0)
(758.0,758.0)
(758.0,758.0)
(758.0,758.0)
(758.0,758.0)
(758.0,758.0)
(758.0,758.0)
(387.0,758.0)
(387.0,758.0)
(466.0,758.0)
(758.0,758.0)
(387.0,758.0)
(387.0,758.0)
(758.0,758.0)
(758.0,758.0)
(387.0,758.0)
(387.0,758.0)
(758.0,758.0)
(387.0,758.0)
(758.0,758.0)
(387.0,758.0)
(758.0,758.0)
(758.0,758.0)
(758.0,758.0)
(758.0,758.0)
(387.0,758.0)
(758.0,758.0)
(758.0,758.0)
(758.0,758.0)
(758.0,758.0)
(758.0,758.0)
(758.0,758.0)
(387.0,758.0)
(758.0,758.0)
(758.0,758.0)
(387.0,758.0)
(758.0,758.0)
(758.0,758.0)
(758.0,758.0)
(758.0,758.0)
(387.0,758.0)
(387.0,758.0)
(387.0,758.0)
(387.0,758.0)
(387.0,758.0)
(387.0,758.0)
(758.0,758.0)
(387.0,758.0)
(387.0,758.0)
(387.0,758.0)
(758.0,758.0)
(387.0,758.0)
(758.0,758.0)
(387.0,758.0)
(387.0,758.0)
(758.0,758.0)
(387.0,758.0)
(387.0,758.0)
(387.0,758.0)
(758.0,758.0)
(387.0,758.0)
(758.0,758.0)
(758.0,758.0)
(758.0,758.0)
(758.0,758.0)
(387.0,758.0)
(758.0,758.0)
(387.0,758.0)
(758.0,758.0)
(387.0,758.0)
(758.0,758.0)
(758.0,758.0)
(758.0,758.0)
(758.0,758.0)
(387.0,758.0)
(758.0,758.0)
(758.0,758.0)
(387.0,758.0)
(758.0,758.0)
(758.0,758.0)
(758.0,758.0)
(387.0,758.0)
(758.0,758.0)
(758.0,758.0)
(758.0,758.0)
(387.0,758.0)
(758.0,758.0)
(443.0,758.0)
(399.0,758.0)
(387.0,758.0)
(387.0,758.0)
(387.0,758.0)
(758.0,758.0)
(758.0,758.0)
(387.0,758.0)
(387.0,758.0)
(387.0,758.0)
(758.0,758.0)
(758.0,758.0)
(758.0,758.0)
(771.0,758.0)
(758.0,758.0)
(758.0,758.0)
(758.0,758.0)
(758.0,758.0)
(758.0,758.0)
(387.0,758.0)
(387.0,758.0)
(387.0,758.0)
(758.0,758.0)
(387.0,758.0)
(387.0,758.0)
(758.0,758.0)
(443.0,758.0)
(387.0,758.0)
(387.0,758.0)
(387.0,758.0)
(387.0,758.0)
(771.0,758.0)
(758.0,758.0)
(758.0,758.0)
(758.0,758.0)
(758.0,758.0)
(758.0,758.0)
(758.0,758.0)
(758.0,758.0)
(387.0,758.0)
(758.0,758.0)
(387.0,758.0)
(387.0,758.0)
(387.0,758.0)
(387.0,758.0)
(387.0,758.0)
(758.0,758.0)
(758.0,758.0)
(387.0,758.0)
(758.0,758.0)
(758.0,758.0)
(758.0,758.0)
(387.0,758.0)
(387.0,758.0)
(758.0,758.0)
(387.0,758.0)
(387.0,758.0)
(758.0,758.0)
(758.0,758.0)
(387.0,758.0)
(758.0,758.0)
(758.0,758.0)
(758.0,758.0)
(387.0,758.0)
(758.0,758.0)
(387.0,758.0)
(758.0,758.0)
(758.0,758.0)
(758.0,758.0)
(387.0,758.0)
(758.0,758.0)
(391.0,758.0)
(758.0,758.0)
(758.0,758.0)
(758.0,758.0)
(387.0,758.0)
(387.0,758.0)
(387.0,758.0)
(387.0,758.0)
(461.0,758.0)
(758.0,758.0)
(387.0,758.0)
(758.0,758.0)
(387.0,758.0)
(758.0,758.0)
(387.0,758.0)
(387.0,758.0)
(758.0,758.0)
(758.0,758.0)
(387.0,758.0)
(758.0,758.0)
(387.0,758.0)
(758.0,758.0)
(758.0,758.0)
(758.0,758.0)
(387.0,758.0)
(387.0,758.0)
(758.0,758.0)
(758.0,758.0)
(758.0,758.0)
(758.0,758.0)
(758.0,758.0)
(461.0,758.0)
(771.0,758.0)
(758.0,758.0)
(758.0,758.0)
(758.0,758.0)
(771.0,758.0)
(758.0,758.0)
(387.0,758.0)
(758.0,758.0)
(393.0,758.0)
(393.0,758.0)
(758.0,758.0)
(387.0,758.0)
(758.0,758.0)
(758.0,758.0)
(387.0,758.0)
(758.0,758.0)
(758.0,758.0)
(758.0,758.0)
(758.0,758.0)
(758.0,758.0)
(758.0,758.0)
(461.0,758.0)
(758.0,758.0)
(387.0,758.0)
(758.0,758.0)
(387.0,758.0)
(758.0,758.0)
(758.0,758.0)
(387.0,758.0)
(771.0,758.0)
(758.0,758.0)
(758.0,758.0)
(387.0,758.0)
(387.0,758.0)
(387.0,758.0)
(387.0,758.0)
(758.0,758.0)
(758.0,758.0)
(758.0,758.0)
(758.0,758.0)
(758.0,758.0)
(758.0,758.0)
(758.0,758.0)
(758.0,758.0)
(758.0,758.0)
(387.0,758.0)
(387.0,758.0)
(387.0,758.0)
(387.0,758.0)
(758.0,758.0)
(758.0,758.0)
(413.0,758.0)
(758.0,758.0)
(387.0,758.0)
(758.0,758.0)
(387.0,758.0)
(758.0,758.0)
(455.0,758.0)
(758.0,758.0)
(758.0,758.0)
(758.0,758.0)
(387.0,758.0)
(771.0,758.0)
(758.0,758.0)
(758.0,758.0)
(758.0,758.0)
(387.0,758.0)
(387.0,758.0)
(758.0,758.0)
(771.0,758.0)
(758.0,758.0)
(758.0,758.0)
(758.0,758.0)
(758.0,758.0)
(387.0,758.0)
(758.0,758.0)
(771.0,758.0)
(758.0,758.0)
(758.0,758.0)
(461.0,758.0)
(387.0,758.0)
(387.0,758.0)
(758.0,758.0)
(758.0,758.0)
(758.0,758.0)
(758.0,758.0)
(758.0,758.0)
(758.0,758.0)
(758.0,758.0)
(758.0,758.0)
(387.0,758.0)
(387.0,758.0)
(387.0,758.0)
(758.0,758.0)
(758.0,758.0)
(758.0,758.0)
(758.0,758.0)
(758.0,758.0)
(387.0,758.0)
(461.0,758.0)
(771.0,758.0)
(771.0,758.0)
(758.0,758.0)
(758.0,758.0)
(758.0,758.0)
(461.0,758.0)
(387.0,758.0)
(387.0,758.0)
(758.0,758.0)
(387.0,758.0)
(758.0,758.0)
(758.0,758.0)
(387.0,758.0)
(758.0,758.0)
(758.0,758.0)
(387.0,758.0)
(398.0,758.0)
(758.0,758.0)
(758.0,758.0)
(399.0,758.0)
(387.0,758.0)
(758.0,758.0)
(461.0,758.0)
(758.0,758.0)
(758.0,758.0)
(758.0,758.0)
(387.0,758.0)
(758.0,758.0)
(387.0,758.0)
(387.0,758.0)
(758.0,758.0)
(387.0,758.0)
(412.0,758.0)
(387.0,758.0)
(387.0,758.0)
(758.0,758.0)
(387.0,758.0)
(387.0,758.0)
(758.0,758.0)
(387.0,758.0)
(387.0,758.0)
(758.0,758.0)
(387.0,758.0)
(387.0,758.0)
(758.0,758.0)
(758.0,758.0)
(758.0,758.0)
(758.0,758.0)
(771.0,758.0)
(771.0,758.0)
(758.0,758.0)
(758.0,758.0)
(387.0,758.0)
(758.0,758.0)
(758.0,758.0)
(387.0,758.0)
(758.0,758.0)
(758.0,758.0)
(758.0,758.0)
(387.0,758.0)
(758.0,758.0)
(387.0,758.0)
(758.0,758.0)
(387.0,758.0)
(387.0,758.0)
(758.0,758.0)
(758.0,758.0)
(387.0,758.0)
(758.0,758.0)
(399.0,758.0)
(387.0,758.0)
(758.0,758.0)
(387.0,758.0)
(387.0,758.0)
(758.0,758.0)
(771.0,758.0)
(387.0,758.0)
(387.0,758.0)
(758.0,758.0)
(758.0,758.0)
(758.0,758.0)
(387.0,758.0)
(758.0,758.0)
(758.0,758.0)
(387.0,758.0)
(387.0,758.0)
(758.0,758.0)
(758.0,758.0)
(461.0,758.0)
(758.0,758.0)
(758.0,758.0)
(758.0,758.0)
(758.0,758.0)
(758.0,758.0)
(387.0,758.0)
(387.0,758.0)
(758.0,758.0)
(387.0,758.0)
(758.0,758.0)
(758.0,758.0)
(758.0,758.0)
(758.0,758.0)
(387.0,758.0)
(758.0,758.0)
(758.0,758.0)
(758.0,758.0)
(758.0,758.0)
(387.0,758.0)
(387.0,758.0)
(387.0,758.0)
(389.0,758.0)
(387.0,758.0)
(387.0,758.0)
(387.0,758.0)
(758.0,758.0)
(387.0,758.0)
(758.0,758.0)
(758.0,758.0)
(387.0,758.0)
(387.0,758.0)
(758.0,758.0)
(758.0,758.0)
(758.0,758.0)
(758.0,758.0)
(387.0,758.0)
(758.0,758.0)
(758.0,758.0)
(758.0,758.0)
(387.0,758.0)
(387.0,758.0)
(758.0,758.0)
(758.0,758.0)
(758.0,758.0)
(387.0,758.0)
(387.0,758.0)
(387.0,758.0)
(758.0,758.0)
(758.0,758.0)
(758.0,758.0)
(758.0,758.0)
(758.0,758.0)
(387.0,758.0)
(387.0,758.0)
(436.0,758.0)
(387.0,758.0)
(387.0,758.0)
(758.0,758.0)
(387.0,758.0)
(758.0,758.0)
(387.0,758.0)
(758.0,758.0)
(758.0,758.0)
(387.0,758.0)
(758.0,758.0)
(387.0,758.0)
(758.0,758.0)
(461.0,758.0)
(758.0,758.0)
(758.0,758.0)
(758.0,758.0)
(387.0,758.0)
(393.0,758.0)
(387.0,758.0)
(387.0,758.0)
(758.0,758.0)
(387.0,758.0)
(758.0,758.0)
(758.0,758.0)
(758.0,758.0)
(387.0,758.0)
(758.0,758.0)
(758.0,758.0)
(758.0,758.0)
(758.0,758.0)
(387.0,758.0)
(387.0,758.0)
(387.0,758.0)
(388.0,758.0)
(758.0,758.0)
(387.0,758.0)
(758.0,758.0)
(758.0,758.0)
(387.0,758.0)
(758.0,758.0)
(387.0,758.0)
(758.0,758.0)
(758.0,758.0)
(758.0,758.0)
(758.0,758.0)
(758.0,758.0)
(387.0,758.0)
(758.0,758.0)
(387.0,758.0)
(387.0,758.0)
(387.0,758.0)
(387.0,758.0)
(758.0,758.0)
(758.0,758.0)
(758.0,758.0)
(758.0,758.0)
(758.0,758.0)
(758.0,758.0)
(758.0,758.0)
(758.0,758.0)
(387.0,758.0)
(758.0,758.0)
(758.0,758.0)
(758.0,758.0)
(387.0,758.0)
(758.0,758.0)
(758.0,758.0)
(758.0,758.0)
(387.0,758.0)
(758.0,758.0)
(758.0,758.0)
(758.0,758.0)
(393.0,758.0)
(758.0,758.0)
(758.0,758.0)
(758.0,758.0)
(758.0,758.0)
(758.0,758.0)
(387.0,758.0)
(387.0,758.0)
(399.0,758.0)
(758.0,758.0)
(758.0,758.0)
(758.0,758.0)
(387.0,758.0)
(393.0,758.0)
(387.0,758.0)
(758.0,758.0)
(758.0,758.0)
(758.0,758.0)
(387.0,758.0)
(758.0,758.0)
(758.0,758.0)
(758.0,758.0)
(758.0,758.0)
(758.0,758.0)
(387.0,758.0)
(758.0,758.0)
(758.0,758.0)
(758.0,758.0)
(758.0,758.0)
(758.0,758.0)
(758.0,758.0)
(758.0,758.0)
(758.0,758.0)
(758.0,758.0)
(393.0,758.0)
(387.0,758.0)
(758.0,758.0)
(387.0,758.0)
(387.0,758.0)
(758.0,758.0)
(758.0,758.0)
(758.0,758.0)
(758.0,758.0)
(393.0,758.0)
(758.0,758.0)
(758.0,758.0)
(758.0,758.0)
(758.0,758.0)
(758.0,758.0)
(387.0,758.0)
(758.0,758.0)
(758.0,758.0)
(399.0,758.0)
(758.0,758.0)
(758.0,758.0)
(758.0,758.0)
(758.0,758.0)
(399.0,758.0)
(387.0,758.0)
(758.0,758.0)
(758.0,758.0)
(758.0,758.0)
(758.0,758.0)
(387.0,758.0)
(758.0,758.0)
(758.0,758.0)
(758.0,758.0)
(758.0,758.0)
(758.0,758.0)
(758.0,758.0)
(758.0,758.0)
(758.0,758.0)
(758.0,758.0)
(758.0,758.0)
(758.0,758.0)
(758.0,758.0)
(387.0,758.0)
(758.0,758.0)
(758.0,758.0)
(758.0,758.0)
(387.0,758.0)
(387.0,758.0)
(387.0,758.0)
(409.0,758.0)
(758.0,758.0)
(399.0,758.0)
(387.0,758.0)
(758.0,758.0)
(461.0,758.0)
(758.0,758.0)
(387.0,758.0)
(758.0,758.0)
(758.0,758.0)
(758.0,758.0)
(758.0,758.0)
(387.0,758.0)
(758.0,758.0)
(387.0,758.0)
(758.0,758.0)
(758.0,758.0)
(758.0,758.0)
(461.0,758.0)
(758.0,758.0)
(771.0,758.0)
(402.0,758.0)
(387.0,758.0)
(758.0,758.0)
(758.0,758.0)
(758.0,758.0)
(758.0,758.0)
(758.0,758.0)
(389.0,758.0)
(758.0,758.0)
(758.0,758.0)
(758.0,758.0)
(387.0,758.0)
(758.0,758.0)
(387.0,758.0)
(758.0,758.0)
(758.0,758.0)
(758.0,758.0)
(758.0,758.0)
(387.0,758.0)
(387.0,758.0)
(387.0,758.0)
(758.0,758.0)
(758.0,758.0)
(758.0,758.0)
(387.0,758.0)
(758.0,758.0)
(758.0,758.0)
(758.0,758.0)
(399.0,758.0)
(758.0,758.0)
(758.0,758.0)
(758.0,758.0)
(387.0,758.0)
(387.0,758.0)
(758.0,758.0)
(758.0,758.0)
(758.0,758.0)
(758.0,758.0)
(758.0,758.0)
(387.0,758.0)
(387.0,758.0)
(758.0,758.0)
(758.0,758.0)
(758.0,758.0)
(758.0,758.0)
(758.0,758.0)
(758.0,758.0)
(393.0,758.0)
(758.0,758.0)
(758.0,758.0)
(758.0,758.0)
(758.0,758.0)
(387.0,758.0)
(758.0,758.0)
(758.0,758.0)
(758.0,758.0)
(758.0,758.0)
(758.0,758.0)
(461.0,758.0)
(387.0,758.0)
(434.0,758.0)
(758.0,758.0)
(758.0,758.0)
(758.0,758.0)
(758.0,758.0)
(758.0,758.0)
(758.0,758.0)
(758.0,758.0)
(758.0,758.0)
(758.0,758.0)
(758.0,758.0)
(758.0,758.0)
(399.0,758.0)
(758.0,758.0)
(758.0,758.0)
(758.0,758.0)
(758.0,758.0)
(758.0,758.0)
(758.0,758.0)
(387.0,758.0)
(758.0,758.0)
(758.0,758.0)
(758.0,758.0)
(758.0,758.0)
(758.0,758.0)
(758.0,758.0)
(758.0,758.0)
(758.0,758.0)
(387.0,758.0)
(758.0,758.0)
(758.0,758.0)
(758.0,758.0)
(387.0,758.0)
(758.0,758.0)
(387.0,758.0)
(387.0,758.0)
(758.0,758.0)
(758.0,758.0)
(758.0,758.0)
(387.0,758.0)
(758.0,758.0)
(399.0,758.0)
(758.0,758.0)
(387.0,758.0)
(758.0,758.0)
(758.0,758.0)
(758.0,758.0)
(758.0,758.0)
(758.0,758.0)
(758.0,758.0)
(387.0,758.0)
(393.0,758.0)
(387.0,758.0)
(387.0,758.0)
(758.0,758.0)
(387.0,758.0)
(758.0,758.0)
(387.0,758.0)
(758.0,758.0)
(758.0,758.0)
(758.0,758.0)
(387.0,758.0)
(758.0,758.0)
(398.0,758.0)
(758.0,758.0)
(758.0,758.0)
(758.0,758.0)
(434.0,758.0)
(387.0,758.0)
(758.0,758.0)
(758.0,758.0)
(758.0,758.0)
(758.0,758.0)
(387.0,758.0)
(461.0,758.0)
(387.0,758.0)
(758.0,758.0)
(758.0,758.0)
(758.0,758.0)
(387.0,758.0)
(758.0,758.0)
(758.0,758.0)
(758.0,758.0)
(758.0,758.0)
(387.0,758.0)
(387.0,758.0)
(758.0,758.0)
(387.0,758.0)
(387.0,758.0)
(387.0,758.0)
(387.0,758.0)
(758.0,758.0)
(758.0,758.0)
(387.0,758.0)
(758.0,758.0)
(466.0,758.0)
(758.0,758.0)
(758.0,758.0)
(758.0,758.0)
(398.0,758.0)
(758.0,758.0)
(758.0,758.0)
(758.0,758.0)
(758.0,758.0)
(758.0,758.0)
(758.0,758.0)
(758.0,758.0)
(758.0,758.0)
(758.0,758.0)
(758.0,758.0)
(387.0,758.0)
(758.0,758.0)
(758.0,758.0)
(387.0,758.0)
(387.0,758.0)
(771.0,758.0)
(758.0,758.0)
(758.0,758.0)
(758.0,758.0)
(387.0,758.0)
(758.0,758.0)
(387.0,758.0)
(758.0,758.0)
(758.0,758.0)
(758.0,758.0)
(393.0,758.0)
(758.0,758.0)
(758.0,758.0)
(758.0,758.0)
(399.0,758.0)
(758.0,758.0)
(758.0,758.0)
(758.0,758.0)
(758.0,758.0)
(758.0,758.0)
(758.0,758.0)
(758.0,758.0)
(758.0,758.0)
(387.0,758.0)
(758.0,758.0)
(758.0,758.0)
(387.0,758.0)
(758.0,758.0)
(758.0,758.0)
(758.0,758.0)
(387.0,758.0)
(771.0,758.0)
(758.0,758.0)
(387.0,758.0)
(758.0,758.0)
(758.0,758.0)
(758.0,758.0)
(758.0,758.0)
(758.0,758.0)
(387.0,758.0)
(758.0,758.0)
(387.0,758.0)
(758.0,758.0)
(461.0,758.0)
(387.0,758.0)
(758.0,758.0)
(758.0,758.0)
(758.0,758.0)
(758.0,758.0)
(758.0,758.0)
(387.0,758.0)
(387.0,758.0)
(758.0,758.0)
(758.0,758.0)
(758.0,758.0)
(758.0,758.0)
(758.0,758.0)
(387.0,758.0)
(758.0,758.0)
(758.0,758.0)
(758.0,758.0)
(758.0,758.0)
(758.0,758.0)
(758.0,758.0)
(387.0,758.0)
(758.0,758.0)
(758.0,758.0)
(758.0,758.0)
(758.0,758.0)
(758.0,758.0)
(758.0,758.0)
(758.0,758.0)
(387.0,758.0)
(387.0,758.0)
(398.0,758.0)
(758.0,758.0)
(387.0,758.0)
(758.0,758.0)
(758.0,758.0)
(758.0,758.0)
(758.0,758.0)
(387.0,758.0)
(758.0,758.0)
(758.0,758.0)
(387.0,758.0)
(461.0,758.0)
(387.0,758.0)
(387.0,758.0)
(758.0,758.0)
(758.0,758.0)
(387.0,758.0)
(387.0,758.0)
(758.0,758.0)
(758.0,758.0)
(758.0,758.0)
(758.0,758.0)
(387.0,758.0)
(758.0,758.0)
(758.0,758.0)
(771.0,758.0)
(758.0,758.0)
(387.0,758.0)
(387.0,758.0)
(387.0,758.0)
(387.0,758.0)
(758.0,758.0)
(758.0,758.0)
(388.0,758.0)
(758.0,758.0)
(758.0,758.0)
(771.0,758.0)
(758.0,758.0)
(758.0,758.0)
(758.0,758.0)
(399.0,758.0)
(758.0,758.0)
(758.0,758.0)
(387.0,758.0)
(387.0,758.0)
(387.0,758.0)
(387.0,758.0)
(387.0,758.0)
(758.0,758.0)
(387.0,758.0)
(758.0,758.0)
(758.0,758.0)
(758.0,758.0)
(758.0,758.0)
(758.0,758.0)
(387.0,758.0)
(758.0,758.0)
(387.0,758.0)
(387.0,758.0)
(758.0,758.0)
(758.0,758.0)
(387.0,758.0)
(387.0,758.0)
(758.0,758.0)
(758.0,758.0)
(758.0,758.0)
(387.0,758.0)
(387.0,758.0)
(387.0,758.0)
(758.0,758.0)
(758.0,758.0)
(758.0,758.0)
(387.0,758.0)
(387.0,758.0)
(758.0,758.0)
(758.0,758.0)
(758.0,758.0)
(758.0,758.0)
(464.0,758.0)
(758.0,758.0)
(387.0,758.0)
(758.0,758.0)
(758.0,758.0)
(758.0,758.0)
(387.0,758.0)
(771.0,758.0)
(387.0,758.0)
(387.0,758.0)
(758.0,758.0)
(758.0,758.0)
(758.0,758.0)
(758.0,758.0)
(387.0,758.0)
(387.0,758.0)
(387.0,758.0)
(758.0,758.0)
(758.0,758.0)
(771.0,758.0)
(393.0,758.0)
(461.0,758.0)
(758.0,758.0)
(758.0,758.0)
(387.0,758.0)
(758.0,758.0)
(387.0,758.0)
(758.0,758.0)
(758.0,758.0)
(758.0,758.0)
(758.0,758.0)
(758.0,758.0)
(758.0,758.0)
(387.0,758.0)
(758.0,758.0)
(758.0,758.0)
(758.0,758.0)
(387.0,758.0)
(771.0,758.0)
(758.0,758.0)
(387.0,758.0)
(758.0,758.0)
(399.0,758.0)
(387.0,758.0)
(758.0,758.0)
(758.0,758.0)
(758.0,758.0)
(758.0,758.0)
(758.0,758.0)
(758.0,758.0)
(758.0,758.0)
(387.0,758.0)
(758.0,758.0)
(758.0,758.0)
(758.0,758.0)
(387.0,758.0)
(758.0,758.0)
(758.0,758.0)
(758.0,758.0)
(399.0,758.0)
(387.0,758.0)
(758.0,758.0)
(758.0,758.0)
(758.0,758.0)
(387.0,758.0)
(758.0,758.0)
(758.0,758.0)
(758.0,758.0)
(758.0,758.0)
(387.0,758.0)
(758.0,758.0)
(387.0,758.0)
(387.0,758.0)
(387.0,758.0)
(387.0,758.0)
(387.0,758.0)
(464.0,758.0)
(758.0,758.0)
(758.0,758.0)
(391.0,758.0)
(434.0,758.0)
(758.0,758.0)
(387.0,758.0)
(387.0,758.0)
(387.0,758.0)
(758.0,758.0)
(758.0,758.0)
(758.0,758.0)
(758.0,758.0)
(758.0,758.0)
(416.0,758.0)
(758.0,758.0)
(387.0,758.0)
(387.0,758.0)
(387.0,758.0)
(758.0,758.0)
(758.0,758.0)
(758.0,758.0)
(758.0,758.0)
(758.0,758.0)
(758.0,758.0)
(758.0,758.0)
(758.0,758.0)
(758.0,758.0)
(758.0,758.0)
(387.0,758.0)
(387.0,758.0)
(758.0,758.0)
(758.0,758.0)
(758.0,758.0)
(758.0,758.0)
(387.0,758.0)
(758.0,758.0)
(758.0,758.0)
(758.0,758.0)
(758.0,758.0)
(758.0,758.0)
(387.0,758.0)
(391.0,758.0)
(387.0,758.0)
(758.0,758.0)
(758.0,758.0)
(758.0,758.0)
(758.0,758.0)
(387.0,758.0)
(758.0,758.0)
(758.0,758.0)
(758.0,758.0)
(758.0,758.0)
(758.0,758.0)
(758.0,758.0)
(758.0,758.0)
(758.0,758.0)
(758.0,758.0)
(758.0,758.0)
(758.0,758.0)
(387.0,758.0)
(758.0,758.0)
(758.0,758.0)
(758.0,758.0)
(758.0,758.0)
(758.0,758.0)
(758.0,758.0)
(758.0,758.0)
(758.0,758.0)
(387.0,758.0)
(387.0,758.0)
(758.0,758.0)
(758.0,758.0)
(387.0,758.0)
(758.0,758.0)
(758.0,758.0)
(758.0,758.0)
(758.0,758.0)
(387.0,758.0)
(758.0,758.0)
(758.0,758.0)
(398.0,758.0)
(758.0,758.0)
(758.0,758.0)
(758.0,758.0)
(758.0,758.0)
(758.0,758.0)
(387.0,758.0)
(758.0,758.0)
(758.0,758.0)
(758.0,758.0)
(758.0,758.0)
(758.0,758.0)
(387.0,758.0)
(388.0,758.0)
(758.0,758.0)
(758.0,758.0)
(758.0,758.0)
(758.0,758.0)
(758.0,758.0)
(758.0,758.0)
(461.0,758.0)
(758.0,758.0)
(758.0,758.0)
(758.0,758.0)
(758.0,758.0)
(387.0,758.0)
(387.0,758.0)
(758.0,758.0)
(758.0,758.0)
(758.0,758.0)
(758.0,758.0)
(758.0,758.0)
(758.0,758.0)
(758.0,758.0)
(758.0,758.0)
(758.0,758.0)
(758.0,758.0)
(758.0,758.0)
(758.0,758.0)
(758.0,758.0)
(758.0,758.0)
(758.0,758.0)
(758.0,758.0)
(758.0,758.0)
(758.0,758.0)
(758.0,758.0)
(387.0,758.0)
(758.0,758.0)
(758.0,758.0)
(758.0,758.0)
(758.0,758.0)
(758.0,758.0)
(758.0,758.0)
(758.0,758.0)
(758.0,758.0)
(758.0,758.0)
(758.0,758.0)
(758.0,758.0)
(758.0,758.0)
(758.0,758.0)
(758.0,758.0)
(387.0,758.0)
(758.0,758.0)
(758.0,758.0)
(758.0,758.0)
(758.0,758.0)
(758.0,758.0)
(758.0,758.0)
(758.0,758.0)
(758.0,758.0)
(758.0,758.0)
(758.0,758.0)
(399.0,758.0)
(758.0,758.0)
(758.0,758.0)
(387.0,758.0)
(758.0,758.0)
(461.0,758.0)
(387.0,758.0)
(758.0,758.0)
(758.0,758.0)
(758.0,758.0)
(758.0,758.0)
(758.0,758.0)
(758.0,758.0)
(758.0,758.0)
(388.0,758.0)
(758.0,758.0)
(758.0,758.0)
(758.0,758.0)
(387.0,758.0)
(758.0,758.0)
(758.0,758.0)
(758.0,758.0)
(758.0,758.0)
(758.0,758.0)
(387.0,758.0)
(389.0,758.0)
(758.0,758.0)
(758.0,758.0)
(758.0,758.0)
(758.0,758.0)
(387.0,758.0)
(758.0,758.0)
(758.0,758.0)
(758.0,758.0)
(758.0,758.0)
(758.0,758.0)
(387.0,758.0)
(758.0,758.0)
(758.0,758.0)
(758.0,758.0)
(758.0,758.0)
(758.0,758.0)
(387.0,758.0)
(758.0,758.0)
(758.0,758.0)
(758.0,758.0)
(758.0,758.0)
(758.0,758.0)
(387.0,758.0)
(758.0,758.0)
(758.0,758.0)
(758.0,758.0)
(758.0,758.0)
(758.0,758.0)
(758.0,758.0)
(387.0,758.0)
(387.0,758.0)
(387.0,758.0)
(758.0,758.0)
(758.0,758.0)
(758.0,758.0)
(758.0,758.0)
(387.0,758.0)
(758.0,758.0)
(758.0,758.0)
(758.0,758.0)
(758.0,758.0)
(387.0,758.0)
(758.0,758.0)
(771.0,758.0)
(758.0,758.0)
(387.0,758.0)
(758.0,758.0)
(758.0,758.0)
(758.0,758.0)
(758.0,758.0)
(758.0,758.0)
(387.0,758.0)
(758.0,758.0)
(758.0,758.0)
(758.0,758.0)
(758.0,758.0)
(758.0,758.0)
(758.0,758.0)
(399.0,758.0)
(758.0,758.0)
(758.0,758.0)
(758.0,758.0)
(758.0,758.0)
(758.0,758.0)
(758.0,758.0)
(758.0,758.0)
(758.0,758.0)
(758.0,758.0)
(758.0,758.0)
(758.0,758.0)
(758.0,758.0)
(387.0,758.0)
(758.0,758.0)
(387.0,758.0)
(758.0,758.0)
(399.0,758.0)
(758.0,758.0)
(387.0,758.0)
(387.0,758.0)
(758.0,758.0)
(758.0,758.0)
(758.0,758.0)
(758.0,758.0)
(758.0,758.0)
(758.0,758.0)
(387.0,758.0)
(758.0,758.0)
(388.0,758.0)
(387.0,758.0)
(758.0,758.0)
(758.0,758.0)
(758.0,758.0)
(758.0,758.0)
(758.0,758.0)
(758.0,758.0)
(758.0,758.0)
(758.0,758.0)
(387.0,758.0)
(758.0,758.0)
(387.0,758.0)
(387.0,758.0)
(758.0,758.0)
(758.0,758.0)
(758.0,758.0)
(758.0,758.0)
(771.0,758.0)
(758.0,758.0)
(387.0,758.0)
(387.0,758.0)
(758.0,758.0)
(758.0,758.0)
(758.0,758.0)
(758.0,758.0)
(758.0,758.0)
(387.0,758.0)
(758.0,758.0)
(758.0,758.0)
(758.0,758.0)
(758.0,758.0)
(758.0,758.0)
(393.0,758.0)
(758.0,758.0)
(387.0,758.0)
(758.0,758.0)
(758.0,758.0)
(758.0,758.0)
(393.0,758.0)
(758.0,758.0)
(758.0,758.0)
(387.0,758.0)
(758.0,758.0)
(758.0,758.0)
(758.0,758.0)
(758.0,758.0)
(387.0,758.0)
(758.0,758.0)
(758.0,758.0)
(758.0,758.0)
(758.0,758.0)
(758.0,758.0)
(758.0,758.0)
(758.0,758.0)
(387.0,758.0)
(758.0,758.0)
(758.0,758.0)
(758.0,758.0)
(387.0,758.0)
(758.0,758.0)
(387.0,758.0)
(758.0,758.0)
(758.0,758.0)
(758.0,758.0)
(771.0,758.0)
(758.0,758.0)
(758.0,758.0)
(758.0,758.0)
(758.0,758.0)
(758.0,758.0)
(758.0,758.0)
(758.0,758.0)
(758.0,758.0)
(758.0,758.0)
(758.0,758.0)
(758.0,758.0)
(758.0,758.0)
(758.0,758.0)
(758.0,758.0)
(758.0,758.0)
(758.0,758.0)
(758.0,758.0)
(758.0,758.0)
(758.0,758.0)
(758.0,758.0)
(758.0,758.0)
(758.0,758.0)
(758.0,758.0)
(758.0,758.0)
(758.0,758.0)
(758.0,758.0)
(758.0,758.0)
(758.0,758.0)
(758.0,758.0)
(387.0,758.0)
(758.0,758.0)
(387.0,758.0)
(387.0,758.0)
(758.0,758.0)
(758.0,758.0)
(758.0,758.0)
(758.0,758.0)
(758.0,758.0)
(758.0,758.0)
(393.0,758.0)
(758.0,758.0)
(387.0,758.0)
(758.0,758.0)
(387.0,758.0)
(758.0,758.0)
(758.0,758.0)
(758.0,758.0)
(758.0,758.0)
(387.0,758.0)
(758.0,758.0)
(771.0,758.0)
(758.0,758.0)
(758.0,758.0)
(758.0,758.0)
(758.0,758.0)
(387.0,758.0)
(758.0,758.0)
(387.0,758.0)
(758.0,758.0)
(758.0,758.0)
(758.0,758.0)
(758.0,758.0)
(758.0,758.0)
(758.0,758.0)
(387.0,758.0)
(387.0,758.0)
(758.0,758.0)
(399.0,758.0)
(758.0,758.0)
(387.0,758.0)
(758.0,758.0)
(758.0,758.0)
(758.0,758.0)
(758.0,758.0)
(758.0,758.0)
(387.0,758.0)
(758.0,758.0)
(758.0,758.0)
(758.0,758.0)
(758.0,758.0)
(758.0,758.0)
(758.0,758.0)
(758.0,758.0)
(399.0,758.0)
(758.0,758.0)
(387.0,758.0)
(758.0,758.0)
(758.0,758.0)
(758.0,758.0)
(758.0,758.0)
(758.0,758.0)
(758.0,758.0)
(758.0,758.0)
(758.0,758.0)
(758.0,758.0)
(387.0,758.0)
(758.0,758.0)
(758.0,758.0)
(758.0,758.0)
(758.0,758.0)
(758.0,758.0)
(758.0,758.0)
(771.0,758.0)
(758.0,758.0)
(758.0,758.0)
(387.0,758.0)
(758.0,758.0)
(758.0,758.0)
(387.0,397.0)
(389.0,397.0)
(387.0,397.0)
(758.0,397.0)
(387.0,397.0)
(387.0,397.0)
(758.0,397.0)
(389.0,397.0)
(758.0,397.0)
(387.0,397.0)
(397.0,397.0)
(387.0,397.0)
(387.0,397.0)
(397.0,397.0)
(387.0,397.0)
(387.0,397.0)
(387.0,397.0)
(387.0,397.0)
(389.0,397.0)
(399.0,397.0)
(387.0,397.0)
(387.0,397.0)
(387.0,397.0)
(387.0,397.0)
(387.0,397.0)
(758.0,397.0)
(417.0,397.0)
(387.0,397.0)
(387.0,397.0)
(387.0,397.0)
(387.0,397.0)
(387.0,397.0)
(387.0,397.0)
(389.0,397.0)
(398.0,397.0)
(387.0,397.0)
(398.0,397.0)
(389.0,397.0)
(387.0,397.0)
(397.0,397.0)
(387.0,397.0)
(387.0,397.0)
(389.0,397.0)
(387.0,397.0)
(397.0,397.0)
(758.0,397.0)
(412.0,397.0)
(387.0,397.0)
(387.0,397.0)
(389.0,397.0)
(445.0,397.0)
(397.0,397.0)
(387.0,397.0)
(758.0,397.0)
(387.0,397.0)
(387.0,397.0)
(387.0,397.0)
(409.0,397.0)
(389.0,397.0)
(387.0,397.0)
(398.0,397.0)
(397.0,397.0)
(387.0,397.0)
(387.0,397.0)
(387.0,397.0)
(387.0,397.0)
(389.0,397.0)
(398.0,397.0)
(758.0,397.0)
(387.0,397.0)
(758.0,397.0)
(758.0,397.0)
(387.0,397.0)
(387.0,397.0)
(389.0,397.0)
(387.0,397.0)
(389.0,397.0)
(387.0,397.0)
(387.0,397.0)
(387.0,397.0)
(387.0,397.0)
(387.0,397.0)
(398.0,397.0)
(387.0,397.0)
(387.0,397.0)
(397.0,397.0)
(397.0,397.0)
(387.0,397.0)
(387.0,397.0)
(758.0,397.0)
(758.0,397.0)
(771.0,397.0)
(387.0,397.0)
(397.0,397.0)
(389.0,397.0)
(387.0,397.0)
(461.0,397.0)
(397.0,397.0)
(389.0,397.0)
(387.0,397.0)
(387.0,397.0)
(387.0,397.0)
(387.0,397.0)
(387.0,397.0)
(758.0,397.0)
(397.0,397.0)
(387.0,397.0)
(387.0,397.0)
(387.0,397.0)
(758.0,397.0)
(758.0,397.0)
(758.0,397.0)
(387.0,397.0)
(409.0,397.0)
(397.0,397.0)
(758.0,397.0)
(389.0,397.0)
(387.0,397.0)
(758.0,397.0)
(387.0,397.0)
(387.0,397.0)
(387.0,397.0)
(387.0,397.0)
(398.0,397.0)
(387.0,397.0)
(387.0,397.0)
(387.0,397.0)
(387.0,397.0)
(398.0,397.0)
(387.0,397.0)
(387.0,397.0)
(389.0,397.0)
(387.0,397.0)
(403.0,397.0)
(387.0,397.0)
(387.0,397.0)
(398.0,397.0)
(397.0,397.0)
(386.0,397.0)
(758.0,397.0)
(387.0,397.0)
(387.0,397.0)
(398.0,397.0)
(758.0,397.0)
(388.0,397.0)
(387.0,397.0)
(387.0,397.0)
(397.0,397.0)
(758.0,397.0)
(397.0,397.0)
(387.0,397.0)
(387.0,397.0)
(387.0,397.0)
(412.0,397.0)
(387.0,397.0)
(397.0,397.0)
(397.0,397.0)
(387.0,397.0)
(387.0,397.0)
(387.0,397.0)
(744.0,397.0)
(387.0,397.0)
(387.0,397.0)
(387.0,397.0)
(389.0,397.0)
(758.0,397.0)
(387.0,397.0)
(397.0,397.0)
(397.0,397.0)
(387.0,397.0)
(387.0,397.0)
(387.0,397.0)
(387.0,397.0)
(387.0,397.0)
(397.0,397.0)
(387.0,397.0)
(758.0,397.0)
(387.0,397.0)
(387.0,397.0)
(387.0,397.0)
(409.0,397.0)
(387.0,397.0)
(387.0,397.0)
(397.0,397.0)
(758.0,397.0)
(412.0,397.0)
(387.0,397.0)
(387.0,397.0)
(758.0,397.0)
(387.0,397.0)
(387.0,397.0)
(387.0,397.0)
(387.0,397.0)
(759.0,397.0)
(386.0,397.0)
(386.0,397.0)
(397.0,397.0)
(387.0,397.0)
(758.0,397.0)
(397.0,397.0)
(387.0,397.0)
(398.0,397.0)
(387.0,397.0)
(758.0,397.0)
(758.0,397.0)
(399.0,397.0)
(387.0,397.0)
(387.0,397.0)
(397.0,397.0)
(758.0,397.0)
(397.0,397.0)
(758.0,397.0)
(758.0,397.0)
(758.0,397.0)
(397.0,397.0)
(398.0,397.0)
(758.0,397.0)
(758.0,397.0)
(758.0,397.0)
(387.0,397.0)
(387.0,397.0)
(758.0,397.0)
(397.0,397.0)
(397.0,397.0)
(387.0,397.0)
(387.0,397.0)
(387.0,397.0)
(397.0,397.0)
(387.0,397.0)
(397.0,397.0)
(758.0,397.0)
(397.0,397.0)
(387.0,397.0)
(398.0,397.0)
(758.0,397.0)
(397.0,397.0)
(387.0,397.0)
(758.0,397.0)
(397.0,397.0)
(349.0,397.0)
(386.0,397.0)
(397.0,397.0)
(387.0,397.0)
(387.0,397.0)
(398.0,397.0)
(387.0,397.0)
(391.0,397.0)
(758.0,397.0)
(387.0,397.0)
(758.0,397.0)
(387.0,397.0)
(758.0,397.0)
(387.0,397.0)
(387.0,397.0)
(758.0,397.0)
(758.0,397.0)
(386.0,397.0)
(387.0,397.0)
(758.0,397.0)
(387.0,397.0)
(758.0,397.0)
(397.0,397.0)
(397.0,397.0)
(387.0,397.0)
(758.0,397.0)
(386.0,397.0)
(387.0,397.0)
(771.0,397.0)
(387.0,397.0)
(758.0,397.0)
(387.0,397.0)
(387.0,397.0)
(386.0,397.0)
(758.0,397.0)
(758.0,397.0)
(397.0,397.0)
(387.0,397.0)
(397.0,397.0)
(428.0,397.0)
(758.0,397.0)
(397.0,397.0)
(417.0,397.0)
(397.0,397.0)
(758.0,397.0)
(397.0,397.0)
(397.0,397.0)
(758.0,397.0)
(397.0,397.0)
(758.0,397.0)
(758.0,397.0)
(387.0,397.0)
(386.0,397.0)
(399.0,397.0)
(387.0,397.0)
(387.0,397.0)
(387.0,397.0)
(397.0,397.0)
(387.0,397.0)
(758.0,397.0)
(758.0,397.0)
(387.0,397.0)
(387.0,397.0)
(387.0,397.0)
(387.0,397.0)
(387.0,397.0)
(758.0,397.0)
(386.0,397.0)
(758.0,397.0)
(758.0,397.0)
(387.0,397.0)
(387.0,397.0)
(758.0,397.0)
(397.0,397.0)
(387.0,397.0)
(758.0,397.0)
(386.0,397.0)
(387.0,397.0)
(398.0,397.0)
(758.0,397.0)
(758.0,397.0)
(387.0,397.0)
(758.0,397.0)
(758.0,397.0)
(387.0,397.0)
(397.0,397.0)
(417.0,397.0)
(397.0,397.0)
(397.0,397.0)
(387.0,397.0)
(387.0,397.0)
(758.0,397.0)
(387.0,397.0)
(389.0,397.0)
(397.0,397.0)
(397.0,397.0)
(387.0,397.0)
(387.0,397.0)
(387.0,397.0)
(387.0,397.0)
(758.0,397.0)
(387.0,397.0)
(758.0,397.0)
(387.0,397.0)
(398.0,397.0)
(386.0,397.0)
(386.0,397.0)
(398.0,397.0)
(387.0,397.0)
(758.0,397.0)
(397.0,397.0)
(397.0,397.0)
(397.0,397.0)
(387.0,397.0)
(397.0,397.0)
(759.0,397.0)
(387.0,397.0)
(387.0,397.0)
(758.0,397.0)
(758.0,397.0)
(387.0,397.0)
(387.0,397.0)
(397.0,397.0)
(758.0,397.0)
(387.0,397.0)
(387.0,397.0)
(387.0,397.0)
(389.0,397.0)
(387.0,397.0)
(758.0,397.0)
(398.0,397.0)
(387.0,397.0)
(387.0,397.0)
(758.0,397.0)
(758.0,397.0)
(758.0,397.0)
(758.0,397.0)
(387.0,397.0)
(387.0,397.0)
(387.0,397.0)
(387.0,397.0)
(387.0,397.0)
(387.0,397.0)
(387.0,397.0)
(397.0,397.0)
(387.0,397.0)
(758.0,397.0)
(758.0,397.0)
(386.0,397.0)
(387.0,397.0)
(397.0,397.0)
(386.0,397.0)
(397.0,397.0)
(398.0,397.0)
(397.0,397.0)
(387.0,397.0)
(386.0,397.0)
(386.0,397.0)
(397.0,397.0)
(397.0,397.0)
(397.0,397.0)
(386.0,397.0)
(397.0,397.0)
(398.0,397.0)
(397.0,397.0)
(387.0,397.0)
(397.0,397.0)
(447.0,397.0)
(398.0,397.0)
(397.0,397.0)
(397.0,397.0)
(771.0,397.0)
(397.0,397.0)
(397.0,397.0)
(409.0,397.0)
(386.0,397.0)
(387.0,397.0)
(397.0,397.0)
(386.0,397.0)
(387.0,397.0)
(397.0,397.0)
(386.0,397.0)
(386.0,397.0)
(397.0,397.0)
(397.0,397.0)
(398.0,397.0)
(397.0,397.0)
(397.0,397.0)
(397.0,397.0)
(397.0,397.0)
(397.0,397.0)
(398.0,397.0)
(386.0,397.0)
(386.0,397.0)
(397.0,397.0)
(397.0,397.0)
(397.0,397.0)
(386.0,397.0)
(397.0,397.0)
(417.0,397.0)
(397.0,397.0)
(386.0,397.0)
(397.0,397.0)
(386.0,397.0)
(397.0,397.0)
(386.0,397.0)
(397.0,397.0)
(397.0,397.0)
(386.0,397.0)
(397.0,397.0)
(386.0,397.0)
(386.0,397.0)
(386.0,397.0)
(397.0,397.0)
(398.0,397.0)
(397.0,397.0)
(397.0,397.0)
(397.0,397.0)
(386.0,397.0)
(397.0,397.0)
(387.0,397.0)
(397.0,397.0)
(397.0,397.0)
(397.0,397.0)
(455.0,397.0)
(397.0,397.0)
(417.0,397.0)
(397.0,397.0)
(358.0,397.0)
(397.0,397.0)
(386.0,397.0)
(387.0,397.0)
(387.0,397.0)
(397.0,397.0)
(397.0,397.0)
(398.0,397.0)
(397.0,397.0)
(397.0,397.0)
(397.0,397.0)
(397.0,397.0)
(390.0,397.0)
(397.0,397.0)
(471.0,397.0)
(397.0,397.0)
(397.0,397.0)
(397.0,397.0)
(397.0,397.0)
(427.0,397.0)
(386.0,397.0)
(397.0,397.0)
(386.0,397.0)
(397.0,397.0)
(386.0,397.0)
(397.0,397.0)
(397.0,397.0)
(397.0,397.0)
(386.0,397.0)
(386.0,397.0)
(397.0,397.0)
(381.0,397.0)
(417.0,397.0)
(397.0,397.0)
(397.0,397.0)
(386.0,397.0)
(397.0,397.0)
(397.0,397.0)
(397.0,397.0)
(398.0,397.0)
(387.0,397.0)
(386.0,397.0)
(397.0,397.0)
(784.0,397.0)
(417.0,397.0)
(387.0,397.0)
(417.0,397.0)
(386.0,397.0)
(397.0,397.0)
(397.0,397.0)
(397.0,397.0)
(397.0,397.0)
(397.0,397.0)
(386.0,397.0)
(397.0,397.0)
(397.0,397.0)
(397.0,397.0)
(417.0,397.0)
(397.0,397.0)
(397.0,397.0)
(397.0,397.0)
(387.0,397.0)
(771.0,397.0)
(397.0,397.0)
(397.0,397.0)
(397.0,397.0)
(387.0,397.0)
(386.0,397.0)
(397.0,397.0)
(397.0,397.0)
(397.0,397.0)
(471.0,397.0)
(397.0,397.0)
(399.0,397.0)
(387.0,397.0)
(397.0,397.0)
(386.0,397.0)
(386.0,397.0)
(386.0,397.0)
(397.0,397.0)
(397.0,397.0)
(397.0,397.0)
(386.0,397.0)
(397.0,397.0)
(386.0,397.0)
(397.0,397.0)
(386.0,397.0)
(386.0,397.0)
(397.0,397.0)
(386.0,397.0)
(397.0,397.0)
(387.0,397.0)
(397.0,397.0)
(387.0,397.0)
(386.0,397.0)
(397.0,397.0)
(397.0,397.0)
(397.0,397.0)
(397.0,397.0)
(386.0,397.0)
(397.0,397.0)
(397.0,397.0)
(397.0,397.0)
(403.0,397.0)
(397.0,397.0)
(386.0,397.0)
(386.0,397.0)
(397.0,397.0)
(397.0,397.0)
(397.0,397.0)
(397.0,397.0)
(397.0,397.0)
(397.0,397.0)
(397.0,397.0)
(469.0,397.0)
(397.0,397.0)
(386.0,397.0)
(387.0,397.0)
(397.0,397.0)
(398.0,398.0)
(393.0,398.0)
(466.0,398.0)
(398.0,398.0)
(393.0,398.0)
(416.0,398.0)
(393.0,398.0)
(393.0,398.0)
(393.0,398.0)
(464.0,398.0)
(385.0,398.0)
(393.0,398.0)
(398.0,398.0)
(387.0,398.0)
(393.0,398.0)
(398.0,398.0)
(452.0,398.0)
(398.0,398.0)
(398.0,398.0)
(398.0,398.0)
(466.0,398.0)
(398.0,398.0)
(398.0,398.0)
(393.0,398.0)
(393.0,398.0)
(393.0,398.0)
(393.0,398.0)
(796.0,398.0)
(393.0,398.0)
(393.0,398.0)
(393.0,398.0)
(391.0,398.0)
(393.0,398.0)
(448.0,398.0)
(398.0,398.0)
(385.0,398.0)
(393.0,398.0)
(393.0,398.0)
(398.0,398.0)
(393.0,398.0)
(393.0,398.0)
(476.0,398.0)
(758.0,398.0)
(393.0,398.0)
(759.0,398.0)
(800.0,398.0)
(393.0,398.0)
(393.0,398.0)
(393.0,398.0)
(762.0,398.0)
(452.0,398.0)
(398.0,398.0)
(393.0,398.0)
(383.0,398.0)
(398.0,398.0)
(393.0,398.0)
(393.0,398.0)
(393.0,398.0)
(393.0,398.0)
(393.0,398.0)
(393.0,398.0)
(759.0,398.0)
(796.0,398.0)
(393.0,398.0)
(398.0,398.0)
(393.0,398.0)
(393.0,398.0)
(385.0,398.0)
(393.0,398.0)
(385.0,398.0)
(398.0,398.0)
(387.0,398.0)
(445.0,398.0)
(398.0,398.0)
(393.0,398.0)
(393.0,398.0)
(393.0,398.0)
(393.0,398.0)
(759.0,398.0)
(393.0,398.0)
(393.0,398.0)
(393.0,398.0)
(759.0,398.0)
(393.0,398.0)
(796.0,398.0)
(393.0,398.0)
(762.0,398.0)
(393.0,398.0)
(393.0,398.0)
(393.0,398.0)
(393.0,398.0)
(762.0,398.0)
(393.0,398.0)
(393.0,398.0)
(398.0,398.0)
(398.0,398.0)
(393.0,398.0)
(391.0,398.0)
(398.0,398.0)
(393.0,398.0)
(759.0,398.0)
(393.0,398.0)
(398.0,398.0)
(393.0,398.0)
(393.0,398.0)
(398.0,398.0)
(393.0,398.0)
(393.0,398.0)
(393.0,398.0)
(440.0,398.0)
(449.0,398.0)
(398.0,398.0)
(440.0,398.0)
(393.0,398.0)
(393.0,398.0)
(448.0,398.0)
(398.0,398.0)
(393.0,398.0)
(393.0,398.0)
(393.0,398.0)
(393.0,398.0)
(393.0,398.0)
(393.0,398.0)
(393.0,398.0)
(398.0,398.0)
(398.0,398.0)
(398.0,398.0)
(398.0,398.0)
(393.0,398.0)
(398.0,398.0)
(743.0,398.0)
(398.0,398.0)
(398.0,398.0)
(476.0,398.0)
(393.0,398.0)
(393.0,398.0)
(398.0,398.0)
(393.0,398.0)
(393.0,398.0)
(398.0,398.0)
(759.0,398.0)
(796.0,398.0)
(398.0,398.0)
(393.0,398.0)
(398.0,398.0)
(393.0,398.0)
(398.0,398.0)
(398.0,398.0)
(393.0,398.0)
(393.0,398.0)
(393.0,398.0)
(393.0,398.0)
(393.0,398.0)
(393.0,398.0)
(393.0,398.0)
(387.0,398.0)
(762.0,398.0)
(481.0,398.0)
(393.0,398.0)
(393.0,398.0)
(393.0,398.0)
(393.0,398.0)
(398.0,398.0)
(393.0,398.0)
(393.0,398.0)
(393.0,398.0)
(398.0,398.0)
(398.0,398.0)
(409.0,398.0)
(398.0,398.0)
(398.0,398.0)
(393.0,398.0)
(393.0,398.0)
(393.0,398.0)
(398.0,398.0)
(398.0,398.0)
(393.0,398.0)
(393.0,398.0)
(393.0,398.0)
(398.0,398.0)
(393.0,398.0)
(393.0,398.0)
(799.0,398.0)
(398.0,398.0)
(759.0,398.0)
(393.0,398.0)
(398.0,398.0)
(393.0,398.0)
(393.0,398.0)
(759.0,398.0)
(393.0,398.0)
(387.0,398.0)
(796.0,398.0)
(393.0,398.0)
(398.0,398.0)
(398.0,398.0)
(398.0,398.0)
(409.0,398.0)
(398.0,398.0)
(386.0,398.0)
(398.0,398.0)
(398.0,398.0)
(387.0,398.0)
(398.0,398.0)
(398.0,398.0)
(387.0,398.0)
(398.0,398.0)
(387.0,398.0)
(398.0,398.0)
(398.0,398.0)
(386.0,398.0)
(398.0,398.0)
(398.0,398.0)
(398.0,398.0)
(398.0,398.0)
(398.0,398.0)
(398.0,398.0)
(398.0,398.0)
(386.0,398.0)
(398.0,398.0)
(398.0,398.0)
(398.0,398.0)
(398.0,398.0)
(387.0,398.0)
(393.0,398.0)
(398.0,398.0)
(386.0,398.0)
(393.0,398.0)
(393.0,398.0)
(386.0,398.0)
(398.0,398.0)
(386.0,398.0)
(387.0,398.0)
(398.0,398.0)
(393.0,398.0)
(399.0,398.0)
(393.0,398.0)
(386.0,398.0)
(386.0,398.0)
(387.0,398.0)
(398.0,398.0)
(398.0,398.0)
(387.0,398.0)
(398.0,398.0)
(398.0,398.0)
(398.0,398.0)
(398.0,398.0)
(398.0,398.0)
(398.0,398.0)
(386.0,398.0)
(398.0,398.0)
(398.0,398.0)
(386.0,398.0)
(398.0,398.0)
(386.0,398.0)
(398.0,398.0)
(393.0,398.0)
(398.0,398.0)
(398.0,398.0)
(386.0,398.0)
(393.0,398.0)
(398.0,398.0)
(398.0,398.0)
(398.0,398.0)
(398.0,398.0)
(386.0,398.0)
(398.0,398.0)
(398.0,398.0)
(398.0,398.0)
(393.0,398.0)
(398.0,398.0)
(398.0,398.0)
(398.0,398.0)
(386.0,398.0)
(393.0,398.0)
(393.0,398.0)
(398.0,398.0)
(387.0,398.0)
(387.0,398.0)
(391.0,398.0)
(386.0,398.0)
(393.0,398.0)
(464.0,398.0)
(398.0,398.0)
(398.0,398.0)
(398.0,398.0)
(398.0,398.0)
(398.0,398.0)
(398.0,398.0)
(387.0,398.0)
(398.0,398.0)
(393.0,398.0)
(398.0,398.0)
(398.0,398.0)
(398.0,398.0)
(393.0,398.0)
(393.0,398.0)
(398.0,398.0)
(393.0,398.0)
(393.0,398.0)
(398.0,398.0)
(393.0,398.0)
(398.0,398.0)
(398.0,398.0)
(387.0,398.0)
(398.0,398.0)
(398.0,398.0)
(398.0,398.0)
(398.0,398.0)
(387.0,398.0)
(398.0,398.0)
(386.0,398.0)
(398.0,398.0)
(393.0,398.0)
(398.0,398.0)
(387.0,398.0)
(398.0,398.0)
(398.0,398.0)
(386.0,398.0)
(398.0,398.0)
(387.0,398.0)
(398.0,398.0)
(387.0,398.0)
(398.0,398.0)
(398.0,398.0)
(398.0,398.0)
(393.0,398.0)
(398.0,398.0)
(386.0,398.0)
(386.0,398.0)
(393.0,398.0)
(398.0,398.0)
(386.0,398.0)
(398.0,398.0)
(398.0,398.0)
(398.0,398.0)
(398.0,398.0)
(398.0,398.0)
(393.0,398.0)
(398.0,398.0)
(398.0,398.0)
(387.0,398.0)
(398.0,398.0)
(387.0,398.0)
(398.0,398.0)
(387.0,398.0)
(393.0,398.0)
(393.0,398.0)
(387.0,398.0)
(393.0,398.0)
(398.0,398.0)
(398.0,398.0)
(393.0,398.0)
(398.0,398.0)
(398.0,398.0)
(398.0,398.0)
(387.0,398.0)
(398.0,398.0)
(393.0,398.0)
(393.0,398.0)
(387.0,398.0)
(398.0,398.0)
(398.0,398.0)
(393.0,398.0)
(398.0,398.0)
(386.0,398.0)
(393.0,398.0)
(387.0,398.0)
(386.0,398.0)
(398.0,398.0)
(398.0,398.0)
(386.0,398.0)
(386.0,398.0)
(393.0,398.0)
(398.0,398.0)
(398.0,398.0)
(398.0,398.0)
(393.0,398.0)
(398.0,398.0)
(386.0,398.0)
(398.0,398.0)
(393.0,398.0)
(393.0,398.0)
(386.0,398.0)
(393.0,398.0)
(387.0,398.0)
(398.0,398.0)
(398.0,398.0)
(386.0,398.0)
(393.0,398.0)
(398.0,398.0)
(398.0,398.0)
(398.0,398.0)
(387.0,398.0)
(387.0,398.0)
(393.0,398.0)
(398.0,398.0)
(398.0,398.0)
(398.0,398.0)
(393.0,398.0)
(398.0,398.0)
(399.0,398.0)
(398.0,398.0)
(398.0,398.0)
(398.0,398.0)
(398.0,398.0)
(398.0,398.0)
(398.0,398.0)
(398.0,398.0)
(398.0,398.0)
(398.0,398.0)
(398.0,398.0)
(398.0,398.0)
(398.0,398.0)
(398.0,398.0)
(398.0,398.0)
(398.0,398.0)
(398.0,398.0)
(398.0,398.0)
(387.0,398.0)
(398.0,398.0)
(399.0,398.0)
(398.0,398.0)
(398.0,398.0)
(398.0,398.0)
(398.0,398.0)
(398.0,398.0)
(398.0,398.0)
(398.0,398.0)
(398.0,398.0)
(398.0,398.0)
(398.0,398.0)
(398.0,398.0)
(387.0,398.0)
(391.0,398.0)
(398.0,398.0)
(398.0,398.0)
(399.0,398.0)
(398.0,398.0)
(398.0,398.0)
(398.0,398.0)
(398.0,398.0)
(398.0,398.0)
(398.0,398.0)
(398.0,398.0)
(398.0,398.0)
(398.0,398.0)
(398.0,398.0)
(398.0,398.0)
(398.0,398.0)
(398.0,398.0)
(398.0,398.0)
(398.0,398.0)
(398.0,398.0)
(398.0,398.0)
(398.0,398.0)
(398.0,398.0)
(398.0,398.0)
(398.0,398.0)
(398.0,398.0)
(398.0,398.0)
(398.0,398.0)
(394.0,398.0)
(398.0,398.0)
(389.0,398.0)
(398.0,398.0)
(398.0,398.0)
(399.0,398.0)
(398.0,398.0)
(398.0,398.0)
(398.0,398.0)
(398.0,398.0)
(398.0,398.0)
(398.0,398.0)
(398.0,398.0)
(398.0,398.0)
(398.0,398.0)
(398.0,398.0)
(398.0,398.0)
(399.0,398.0)
(392.0,398.0)
(398.0,398.0)
(398.0,398.0)
(398.0,398.0)
(398.0,398.0)
(386.0,398.0)
(398.0,398.0)
(398.0,398.0)
(398.0,398.0)
(398.0,398.0)
(398.0,398.0)
(398.0,398.0)
(398.0,398.0)
(398.0,398.0)
(398.0,398.0)
(398.0,398.0)
(398.0,398.0)
(398.0,398.0)
(398.0,398.0)
(398.0,398.0)
(387.0,398.0)
(398.0,398.0)
(399.0,398.0)
(398.0,398.0)
(398.0,398.0)
(398.0,398.0)
(398.0,398.0)
(398.0,398.0)
(398.0,398.0)
(398.0,398.0)
(398.0,398.0)
(398.0,398.0)
(398.0,398.0)
(398.0,398.0)
(398.0,398.0)
(398.0,398.0)
(398.0,398.0)
(398.0,398.0)
(398.0,398.0)
(398.0,398.0)
(398.0,398.0)
(398.0,398.0)
(398.0,398.0)
(398.0,398.0)
(398.0,398.0)
(398.0,398.0)
(393.0,398.0)
(398.0,398.0)
(398.0,398.0)
(398.0,398.0)
(398.0,398.0)
(398.0,398.0)
(398.0,398.0)
(398.0,398.0)
(398.0,398.0)
(398.0,398.0)
(398.0,398.0)
(398.0,398.0)
(398.0,398.0)
(398.0,398.0)
(398.0,398.0)
(398.0,398.0)
(398.0,398.0)
(398.0,398.0)
(398.0,398.0)
(398.0,398.0)
(398.0,398.0)
(398.0,398.0)
(398.0,398.0)
(398.0,398.0)
(398.0,398.0)
(398.0,398.0)
(398.0,398.0)
(398.0,398.0)
(398.0,398.0)
(398.0,398.0)
(398.0,398.0)
(398.0,398.0)
(398.0,398.0)
(398.0,398.0)
(398.0,398.0)
(398.0,398.0)
(398.0,398.0)
(393.0,398.0)
(399.0,398.0)
(398.0,398.0)
(398.0,398.0)
(398.0,398.0)
(398.0,398.0)
(398.0,398.0)
(398.0,398.0)
(398.0,398.0)
(398.0,398.0)
(398.0,398.0)
(391.0,398.0)
(398.0,398.0)
(398.0,398.0)
(398.0,398.0)
(398.0,398.0)
(399.0,398.0)
(398.0,398.0)
(398.0,398.0)
(398.0,398.0)
(398.0,398.0)
(398.0,398.0)
(398.0,398.0)
(398.0,398.0)
(398.0,398.0)
(398.0,398.0)
(398.0,398.0)
(398.0,398.0)
(398.0,398.0)
(398.0,398.0)
(398.0,398.0)
(398.0,398.0)
(393.0,398.0)
(398.0,398.0)
(398.0,398.0)
(398.0,398.0)
(398.0,398.0)
(398.0,398.0)
(398.0,398.0)
(398.0,398.0)
(398.0,398.0)
(398.0,398.0)
(398.0,398.0)
(398.0,398.0)
(398.0,398.0)
(398.0,398.0)
(398.0,398.0)
(398.0,398.0)
(398.0,398.0)
(398.0,398.0)
(398.0,398.0)
(398.0,398.0)
(398.0,398.0)
(398.0,398.0)
(398.0,398.0)
(399.0,398.0)
(398.0,398.0)
(421.0,398.0)
(398.0,398.0)
(398.0,398.0)
(398.0,398.0)
(398.0,398.0)
(398.0,398.0)
(398.0,398.0)
(398.0,398.0)
(398.0,398.0)
(398.0,398.0)
(398.0,398.0)
(398.0,398.0)
(398.0,398.0)
(398.0,398.0)
(398.0,398.0)
(398.0,398.0)
(398.0,398.0)
(398.0,398.0)
(398.0,398.0)
(398.0,398.0)
(398.0,398.0)
(398.0,398.0)
(398.0,398.0)
(398.0,398.0)
(398.0,398.0)
(398.0,398.0)
(398.0,398.0)
(398.0,398.0)
(398.0,398.0)
(398.0,398.0)
(398.0,398.0)
(398.0,398.0)
(398.0,398.0)
(398.0,398.0)
(398.0,398.0)
(398.0,398.0)
(398.0,398.0)
(398.0,398.0)
(398.0,398.0)
(398.0,398.0)
(398.0,398.0)
(399.0,398.0)
(398.0,398.0)
(398.0,398.0)
(398.0,398.0)
(398.0,398.0)
(398.0,398.0)
(398.0,398.0)
(398.0,398.0)
(399.0,398.0)
(398.0,398.0)
(393.0,398.0)
(398.0,398.0)
(398.0,398.0)
(398.0,398.0)
(398.0,398.0)
(398.0,398.0)
(398.0,398.0)
(393.0,398.0)
(771.0,398.0)
(398.0,398.0)
(398.0,398.0)
(398.0,398.0)
(398.0,398.0)
(398.0,398.0)
(398.0,398.0)
(398.0,398.0)
(398.0,398.0)
(398.0,398.0)
(398.0,398.0)
(398.0,398.0)
(398.0,398.0)
(398.0,398.0)
(398.0,398.0)
(398.0,398.0)
(398.0,398.0)
(398.0,398.0)
(398.0,398.0)
(398.0,398.0)
(398.0,398.0)
(398.0,398.0)
(398.0,398.0)
(398.0,398.0)
(398.0,398.0)
(398.0,398.0)
(399.0,398.0)
(393.0,398.0)
(398.0,398.0)
(398.0,398.0)
(398.0,398.0)
(398.0,398.0)
(398.0,398.0)
(398.0,398.0)
(398.0,398.0)
(398.0,398.0)
(398.0,398.0)
(398.0,398.0)
(398.0,398.0)
(398.0,398.0)
(398.0,398.0)
(399.0,398.0)
(398.0,398.0)
(398.0,398.0)
(398.0,398.0)
(398.0,398.0)
(398.0,398.0)
(398.0,398.0)
(398.0,398.0)
(387.0,398.0)
(391.0,398.0)
(398.0,398.0)
(398.0,398.0)
(389.0,398.0)
(398.0,398.0)
(398.0,398.0)
(398.0,398.0)
(398.0,398.0)
(399.0,398.0)
(398.0,398.0)
(398.0,398.0)
(398.0,398.0)
(398.0,398.0)
(398.0,398.0)
(398.0,398.0)
(398.0,398.0)
(398.0,398.0)
(398.0,398.0)
(398.0,398.0)
(398.0,398.0)
(391.0,398.0)
(398.0,398.0)
(398.0,398.0)
(398.0,398.0)
(398.0,398.0)
(398.0,398.0)
(398.0,398.0)
(417.0,398.0)
(398.0,398.0)
(398.0,398.0)
(398.0,398.0)
(398.0,398.0)
(398.0,398.0)
(398.0,398.0)
(398.0,398.0)
(398.0,398.0)
(398.0,398.0)
(398.0,398.0)
(398.0,398.0)
(398.0,398.0)
(398.0,398.0)
(421.0,398.0)
(398.0,398.0)
(398.0,398.0)
(398.0,398.0)
(398.0,398.0)
(398.0,398.0)
(398.0,398.0)
(398.0,398.0)
(398.0,398.0)
(398.0,398.0)
(398.0,398.0)
(398.0,398.0)
(398.0,398.0)
(398.0,398.0)
(398.0,398.0)
(398.0,398.0)
(398.0,398.0)
(398.0,398.0)
(398.0,398.0)
(398.0,398.0)
(398.0,398.0)
(398.0,398.0)
(398.0,398.0)
(398.0,398.0)
(398.0,398.0)
(398.0,398.0)
(398.0,398.0)
(398.0,398.0)
(398.0,398.0)
(398.0,398.0)
(398.0,398.0)
(398.0,398.0)
(398.0,398.0)
(398.0,398.0)
(398.0,398.0)
(398.0,398.0)
(398.0,398.0)
(398.0,398.0)
(398.0,398.0)
(398.0,398.0)
(398.0,398.0)
(398.0,398.0)
(398.0,398.0)
(398.0,398.0)
(398.0,398.0)
(398.0,398.0)
(398.0,398.0)
(398.0,398.0)
(398.0,398.0)
(398.0,398.0)
(398.0,398.0)
(398.0,398.0)
(398.0,398.0)
(398.0,398.0)
(398.0,398.0)
(398.0,398.0)
(398.0,398.0)
(398.0,398.0)
(398.0,398.0)
(398.0,398.0)
(398.0,398.0)
(398.0,398.0)
(398.0,398.0)
(398.0,398.0)
(398.0,398.0)
(398.0,398.0)
(398.0,398.0)
(398.0,398.0)
(398.0,398.0)
(398.0,398.0)
(398.0,398.0)
(398.0,398.0)
(398.0,398.0)
(398.0,398.0)
(398.0,398.0)
(398.0,398.0)
(398.0,398.0)
(398.0,398.0)
(398.0,398.0)
(398.0,398.0)
(398.0,398.0)
(398.0,398.0)
(398.0,398.0)
(398.0,398.0)
(398.0,398.0)
(398.0,398.0)
(398.0,398.0)
(398.0,398.0)
(398.0,398.0)
(398.0,398.0)
(398.0,398.0)
(398.0,398.0)
(398.0,398.0)
(398.0,398.0)
(398.0,398.0)
(398.0,398.0)
(398.0,398.0)
(398.0,398.0)
(398.0,398.0)
(398.0,398.0)
(398.0,398.0)
(398.0,398.0)
(398.0,398.0)
(398.0,398.0)
(398.0,398.0)
(398.0,398.0)
(398.0,398.0)
(398.0,398.0)
(398.0,398.0)
(398.0,398.0)
(398.0,398.0)
(398.0,398.0)
(398.0,398.0)
(398.0,398.0)
(398.0,398.0)
(398.0,398.0)
(398.0,398.0)
(398.0,398.0)
(398.0,398.0)
(398.0,398.0)
(398.0,398.0)
(398.0,398.0)
(398.0,398.0)
(398.0,398.0)
(398.0,398.0)
(398.0,398.0)
(398.0,398.0)
(398.0,398.0)
(398.0,398.0)
(398.0,398.0)
(398.0,398.0)
(398.0,398.0)
(398.0,398.0)
(398.0,398.0)
(398.0,398.0)
(398.0,398.0)
(398.0,398.0)
(398.0,398.0)
(387.0,398.0)
(398.0,398.0)
(398.0,398.0)
(398.0,398.0)
(398.0,398.0)
(398.0,398.0)
(398.0,398.0)
(398.0,398.0)
(398.0,398.0)
(398.0,398.0)
(398.0,398.0)
(398.0,398.0)
(398.0,398.0)
(398.0,398.0)
(398.0,398.0)
(398.0,398.0)
(398.0,398.0)
(398.0,398.0)
(398.0,398.0)
(398.0,398.0)
(398.0,398.0)
(398.0,398.0)
(398.0,398.0)
(398.0,398.0)
(398.0,398.0)
(398.0,398.0)
(398.0,398.0)
(398.0,398.0)
(398.0,398.0)
(398.0,398.0)
(398.0,398.0)
(398.0,398.0)
(398.0,398.0)
(398.0,398.0)
(398.0,398.0)
(398.0,398.0)
(386.0,398.0)
(398.0,398.0)
(398.0,398.0)
(398.0,398.0)
(398.0,398.0)
(398.0,398.0)
(398.0,398.0)
(398.0,398.0)
(398.0,398.0)
(398.0,398.0)
(398.0,398.0)
(398.0,398.0)
(398.0,398.0)
(398.0,398.0)
(398.0,398.0)
(398.0,398.0)
(398.0,398.0)
(398.0,398.0)
(398.0,398.0)
(398.0,398.0)
(398.0,398.0)
(398.0,398.0)
(398.0,398.0)
(398.0,398.0)
(398.0,398.0)
(398.0,398.0)
(398.0,398.0)
(398.0,398.0)
(398.0,398.0)
(398.0,398.0)
(398.0,398.0)
(398.0,398.0)
(398.0,398.0)
(398.0,398.0)
(398.0,398.0)
(399.0,398.0)
(398.0,398.0)
(398.0,398.0)
(398.0,398.0)
(398.0,398.0)
(398.0,398.0)
(398.0,398.0)
(398.0,398.0)
(398.0,398.0)
(398.0,398.0)
(398.0,398.0)
(398.0,398.0)
(398.0,398.0)
(398.0,398.0)
(398.0,398.0)
(398.0,398.0)
(398.0,398.0)
(398.0,398.0)
(398.0,398.0)
(398.0,398.0)
(398.0,398.0)
(398.0,398.0)
(399.0,398.0)
(391.0,398.0)
(398.0,398.0)
(398.0,398.0)
(398.0,398.0)
(398.0,398.0)
(398.0,398.0)
(398.0,398.0)
(398.0,398.0)
(398.0,398.0)
(398.0,398.0)
(398.0,398.0)
(398.0,398.0)
(398.0,398.0)
(398.0,398.0)
(398.0,398.0)
(398.0,398.0)
(398.0,398.0)
(398.0,398.0)
(398.0,398.0)
(398.0,398.0)
(398.0,398.0)
(398.0,398.0)
(398.0,398.0)
(398.0,398.0)
(398.0,398.0)
(398.0,398.0)
(398.0,398.0)
(398.0,398.0)
(398.0,398.0)
(398.0,398.0)
(398.0,398.0)
(391.0,398.0)
(398.0,398.0)
(398.0,398.0)
(398.0,398.0)
(398.0,398.0)
(398.0,398.0)
(398.0,398.0)
(398.0,398.0)
(398.0,398.0)
(398.0,398.0)
(398.0,398.0)
(398.0,398.0)
(398.0,398.0)
(398.0,398.0)
(398.0,398.0)
(398.0,398.0)
(398.0,398.0)
(398.0,398.0)
(398.0,398.0)
(398.0,398.0)
(398.0,398.0)
(398.0,398.0)
(398.0,398.0)
(398.0,398.0)
(398.0,398.0)
(398.0,398.0)
(398.0,398.0)
(398.0,398.0)
(398.0,398.0)
(398.0,398.0)
(398.0,398.0)
(398.0,398.0)
(398.0,398.0)
(398.0,398.0)
(398.0,398.0)
(398.0,398.0)
(398.0,398.0)
(398.0,398.0)
(398.0,398.0)
(398.0,398.0)
(398.0,398.0)
(398.0,398.0)
(398.0,398.0)
(398.0,398.0)
(398.0,398.0)
(398.0,398.0)
(398.0,398.0)
(398.0,398.0)
(398.0,398.0)
(398.0,398.0)
(398.0,398.0)
(398.0,398.0)
(398.0,398.0)
(398.0,398.0)
(398.0,398.0)
(398.0,398.0)
(398.0,398.0)
(398.0,398.0)
(398.0,398.0)
(398.0,398.0)
(398.0,398.0)
(398.0,398.0)
(398.0,398.0)
(398.0,398.0)
(398.0,398.0)
(398.0,398.0)
(398.0,398.0)
(398.0,398.0)
(398.0,398.0)
(398.0,398.0)
(398.0,398.0)
(398.0,398.0)
(399.0,398.0)
(398.0,398.0)
(398.0,398.0)
(398.0,398.0)
(398.0,398.0)
(398.0,398.0)
(398.0,398.0)
(398.0,398.0)
(398.0,398.0)
(398.0,398.0)
(398.0,398.0)
(398.0,398.0)
(398.0,398.0)
(398.0,398.0)
(398.0,398.0)
(398.0,398.0)
(398.0,398.0)
(398.0,398.0)
(398.0,398.0)
(398.0,398.0)
(398.0,398.0)
(398.0,398.0)
(387.0,398.0)
(398.0,398.0)
(398.0,398.0)
(398.0,398.0)
(398.0,398.0)
(398.0,398.0)
(398.0,398.0)
(398.0,398.0)
(398.0,398.0)
(398.0,398.0)
(398.0,398.0)
(398.0,398.0)
(398.0,398.0)
(398.0,398.0)
(398.0,398.0)
(398.0,398.0)
(398.0,398.0)
(398.0,398.0)
(398.0,398.0)
(398.0,398.0)
(398.0,398.0)
(398.0,398.0)
(398.0,398.0)
(398.0,398.0)
(398.0,398.0)
(398.0,398.0)
(398.0,398.0)
(398.0,398.0)
(398.0,398.0)
(399.0,398.0)
(398.0,398.0)
(398.0,398.0)
(398.0,398.0)
(398.0,398.0)
(398.0,398.0)
(398.0,398.0)
(398.0,398.0)
(398.0,398.0)
(398.0,398.0)
(398.0,398.0)
(398.0,398.0)
(398.0,398.0)
(398.0,398.0)
(398.0,398.0)
(398.0,398.0)
(398.0,398.0)
(398.0,398.0)
(398.0,398.0)
(398.0,398.0)
(398.0,398.0)
(398.0,398.0)
(398.0,398.0)
(398.0,398.0)
(398.0,398.0)
(398.0,398.0)
(398.0,398.0)
(398.0,398.0)
(398.0,398.0)
(398.0,398.0)
(398.0,398.0)
(398.0,398.0)
(387.0,398.0)
(398.0,398.0)
(398.0,398.0)
(387.0,398.0)
(398.0,398.0)
(386.0,398.0)
(386.0,398.0)
(398.0,398.0)
(398.0,398.0)
(398.0,398.0)
(398.0,398.0)
(398.0,398.0)
(387.0,398.0)
(398.0,398.0)
(398.0,398.0)
(398.0,398.0)
(398.0,398.0)
(398.0,398.0)
(398.0,398.0)
(398.0,398.0)
(386.0,398.0)
(398.0,398.0)
(398.0,398.0)
(398.0,398.0)
(398.0,398.0)
(398.0,398.0)
(398.0,398.0)
(398.0,398.0)
(398.0,398.0)
(399.0,398.0)
(398.0,398.0)
(387.0,398.0)
(398.0,398.0)
(398.0,398.0)
(398.0,398.0)
(398.0,398.0)
(398.0,398.0)
(386.0,398.0)
(398.0,398.0)
(398.0,398.0)
(398.0,398.0)
(398.0,398.0)
(398.0,398.0)
(398.0,398.0)
(398.0,398.0)
(398.0,398.0)
(399.0,398.0)
(398.0,398.0)
(398.0,398.0)
(398.0,398.0)
(398.0,398.0)
(398.0,398.0)
(398.0,398.0)
(398.0,398.0)
(398.0,398.0)
(398.0,398.0)
(421.0,398.0)
(398.0,398.0)
(398.0,398.0)
(398.0,398.0)
(398.0,398.0)
(398.0,398.0)
(398.0,398.0)
(398.0,398.0)
(398.0,398.0)
(398.0,398.0)
(398.0,398.0)
(387.0,398.0)
(398.0,398.0)
(398.0,398.0)
(398.0,398.0)
(398.0,398.0)
(398.0,398.0)
(398.0,398.0)
(398.0,398.0)
(398.0,398.0)
(398.0,398.0)
(398.0,398.0)
(398.0,398.0)
(398.0,398.0)
(398.0,398.0)
(398.0,398.0)
(398.0,398.0)
(398.0,398.0)
(398.0,398.0)
(398.0,398.0)
(398.0,398.0)
(398.0,398.0)
(398.0,398.0)
(399.0,398.0)
(398.0,398.0)
(386.0,398.0)
(398.0,398.0)
(398.0,398.0)
(398.0,398.0)
(398.0,398.0)
(398.0,398.0)
(398.0,398.0)
(398.0,398.0)
(398.0,398.0)
(398.0,398.0)
(398.0,398.0)
(387.0,398.0)
(387.0,398.0)
(398.0,398.0)
(398.0,398.0)
(398.0,398.0)
(387.0,398.0)
(398.0,398.0)
(387.0,398.0)
(398.0,398.0)
(398.0,398.0)
(398.0,398.0)
(398.0,398.0)
(398.0,398.0)
(398.0,398.0)
(398.0,398.0)
(398.0,398.0)
(398.0,398.0)
(398.0,398.0)
(398.0,398.0)
(398.0,398.0)
(398.0,398.0)
(398.0,398.0)
(386.0,398.0)
(398.0,398.0)
(398.0,398.0)
(398.0,398.0)
(398.0,398.0)
(398.0,398.0)
(398.0,398.0)
(398.0,398.0)
(398.0,398.0)
(398.0,398.0)
(398.0,398.0)
(398.0,398.0)
(398.0,398.0)
(398.0,398.0)
(398.0,398.0)
(398.0,398.0)
(398.0,398.0)
(398.0,398.0)
(398.0,398.0)
(398.0,398.0)
(398.0,398.0)
(398.0,398.0)
(398.0,398.0)
(398.0,398.0)
(398.0,398.0)
(398.0,398.0)
(398.0,398.0)
(398.0,398.0)
(398.0,398.0)
(398.0,398.0)
(398.0,398.0)
(398.0,398.0)
(398.0,398.0)
(398.0,398.0)
(398.0,398.0)
(398.0,398.0)
(398.0,398.0)
(398.0,398.0)
(398.0,398.0)
(386.0,398.0)
(398.0,398.0)
(386.0,398.0)
(398.0,398.0)
(398.0,398.0)
(398.0,398.0)
(398.0,398.0)
(398.0,398.0)
(398.0,398.0)
(386.0,398.0)
(398.0,398.0)
(398.0,398.0)
(398.0,398.0)
(398.0,398.0)
(398.0,398.0)
(398.0,398.0)
(387.0,398.0)
(398.0,398.0)
(399.0,398.0)
(398.0,398.0)
(398.0,398.0)
(393.0,398.0)
(398.0,398.0)
(398.0,398.0)
(398.0,398.0)
(398.0,398.0)
(398.0,398.0)
(398.0,398.0)
(398.0,398.0)
(398.0,398.0)
(398.0,398.0)
(398.0,398.0)
(398.0,398.0)
(398.0,398.0)
(398.0,398.0)
(398.0,398.0)
(398.0,398.0)
(398.0,398.0)
(398.0,398.0)
(398.0,398.0)
(398.0,398.0)
(398.0,398.0)
(398.0,398.0)
(398.0,398.0)
(398.0,398.0)
(398.0,398.0)
(398.0,398.0)
(398.0,398.0)
(398.0,398.0)
(398.0,398.0)
(398.0,398.0)
(398.0,398.0)
(398.0,398.0)
(398.0,398.0)
(398.0,398.0)
(398.0,398.0)
(398.0,398.0)
(398.0,398.0)
(398.0,398.0)
(398.0,398.0)
(398.0,398.0)
(398.0,398.0)
(398.0,398.0)
(398.0,398.0)
(398.0,398.0)
(398.0,398.0)
(393.0,398.0)
(398.0,398.0)
(398.0,398.0)
(398.0,398.0)
(398.0,398.0)
(398.0,398.0)
(466.0,398.0)
(398.0,398.0)
(388.0,398.0)
(398.0,398.0)
(398.0,398.0)
(398.0,398.0)
(398.0,398.0)
(409.0,398.0)
(398.0,398.0)
(398.0,398.0)
(398.0,398.0)
(398.0,398.0)
(398.0,398.0)
(398.0,398.0)
(398.0,398.0)
(398.0,398.0)
(387.0,398.0)
(398.0,398.0)
(398.0,398.0)
(398.0,398.0)
(398.0,398.0)
(398.0,398.0)
(398.0,398.0)
(398.0,398.0)
(398.0,398.0)
(398.0,398.0)
(398.0,398.0)
(398.0,398.0)
(398.0,398.0)
(398.0,398.0)
(398.0,398.0)
(387.0,398.0)
(398.0,398.0)
(398.0,398.0)
(398.0,398.0)
(387.0,398.0)
(398.0,398.0)
(398.0,398.0)
(398.0,398.0)
(398.0,398.0)
(398.0,398.0)
(388.0,398.0)
(398.0,398.0)
(398.0,398.0)
(398.0,398.0)
(461.0,398.0)
(398.0,398.0)
(393.0,398.0)
(398.0,398.0)
(398.0,398.0)
(398.0,398.0)
(398.0,398.0)
(398.0,398.0)
(398.0,398.0)
(398.0,398.0)
(398.0,398.0)
(398.0,398.0)
(398.0,398.0)
(398.0,398.0)
(398.0,398.0)
(398.0,398.0)
(398.0,398.0)
(398.0,398.0)
(398.0,398.0)
(398.0,398.0)
(398.0,398.0)
(398.0,398.0)
(398.0,398.0)
(398.0,398.0)
(398.0,398.0)
(398.0,398.0)
(398.0,398.0)
(398.0,398.0)
(398.0,398.0)
(398.0,398.0)
(398.0,398.0)
(398.0,398.0)
(387.0,398.0)
(398.0,398.0)
(398.0,398.0)
(386.0,398.0)
(393.0,398.0)
(398.0,398.0)
(398.0,398.0)
(398.0,398.0)
(398.0,398.0)
(398.0,398.0)
(398.0,398.0)
(398.0,398.0)
(398.0,398.0)
(398.0,398.0)
(398.0,398.0)
(398.0,398.0)
(398.0,398.0)
(398.0,398.0)
(398.0,398.0)
(398.0,398.0)
(398.0,398.0)
(398.0,398.0)
(398.0,398.0)
(398.0,398.0)
(398.0,398.0)
(398.0,398.0)
(398.0,398.0)
(387.0,398.0)
(398.0,398.0)
(398.0,398.0)
(762.0,398.0)
(398.0,398.0)
(398.0,398.0)
(398.0,398.0)
(398.0,398.0)
(398.0,398.0)
(398.0,398.0)
(398.0,398.0)
(398.0,398.0)
(398.0,398.0)
(388.0,398.0)
(398.0,398.0)
(398.0,398.0)
(398.0,398.0)
(398.0,398.0)
(398.0,398.0)
(398.0,398.0)
(398.0,398.0)
(398.0,398.0)
(398.0,398.0)
(398.0,398.0)
(398.0,398.0)
(771.0,398.0)
(398.0,398.0)
(398.0,398.0)
(398.0,398.0)
(398.0,398.0)
(398.0,398.0)
(398.0,398.0)
(398.0,398.0)
(398.0,398.0)
(398.0,398.0)
(387.0,398.0)
(398.0,398.0)
(398.0,398.0)
(398.0,398.0)
(398.0,398.0)
(398.0,398.0)
(398.0,398.0)
(398.0,398.0)
(398.0,398.0)
(398.0,398.0)
(398.0,398.0)
(398.0,398.0)
(398.0,398.0)
(398.0,398.0)
(398.0,398.0)
(398.0,398.0)
(461.0,398.0)
(398.0,398.0)
(398.0,398.0)
(398.0,398.0)
(398.0,398.0)
(398.0,398.0)
(398.0,398.0)
(398.0,398.0)
(398.0,398.0)
(398.0,398.0)
(398.0,398.0)
(398.0,398.0)
(398.0,398.0)
(398.0,398.0)
(398.0,398.0)
(398.0,398.0)
(398.0,398.0)
(398.0,398.0)
(398.0,398.0)
(398.0,398.0)
(398.0,398.0)
(398.0,398.0)
(398.0,398.0)
(389.0,398.0)
(398.0,398.0)
(398.0,398.0)
(398.0,398.0)
(398.0,398.0)
(398.0,398.0)
(387.0,398.0)
(398.0,398.0)
(461.0,398.0)
(398.0,398.0)
(398.0,398.0)
(387.0,398.0)
(398.0,398.0)
(398.0,398.0)
(398.0,398.0)
(398.0,398.0)
(398.0,398.0)
(398.0,398.0)
(398.0,398.0)
(398.0,398.0)
(398.0,398.0)
(398.0,398.0)
(398.0,398.0)
(398.0,398.0)
(398.0,398.0)
(398.0,398.0)
(398.0,398.0)
(398.0,398.0)
(398.0,398.0)
(398.0,398.0)
(398.0,398.0)
(387.0,398.0)
(398.0,398.0)
(398.0,398.0)
(398.0,398.0)
(398.0,398.0)
(398.0,398.0)
(398.0,398.0)
(398.0,398.0)
(398.0,398.0)
(398.0,398.0)
(417.0,398.0)
(387.0,398.0)
(398.0,398.0)
(398.0,398.0)
(398.0,398.0)
(398.0,398.0)
(398.0,398.0)
(398.0,398.0)
(398.0,398.0)
(398.0,398.0)
(398.0,398.0)
(398.0,398.0)
(387.0,398.0)
(398.0,398.0)
(398.0,398.0)
(398.0,398.0)
(459.0,398.0)
(398.0,398.0)
(398.0,398.0)
(398.0,398.0)
(398.0,398.0)
(398.0,398.0)
(387.0,398.0)
(398.0,398.0)
(398.0,398.0)
(398.0,398.0)
(398.0,398.0)
(389.0,398.0)
(398.0,398.0)
(398.0,398.0)
(398.0,398.0)
(398.0,398.0)
(398.0,398.0)
(398.0,398.0)
(398.0,398.0)
(398.0,398.0)
(398.0,398.0)
(398.0,398.0)
(398.0,398.0)
(398.0,398.0)
(398.0,398.0)
(398.0,398.0)
(398.0,398.0)
(398.0,398.0)
(445.0,398.0)
(398.0,398.0)
(398.0,398.0)
(398.0,398.0)
(398.0,398.0)
(398.0,398.0)
(398.0,398.0)
(398.0,398.0)
(398.0,398.0)
(398.0,398.0)
(398.0,398.0)
(398.0,398.0)
(398.0,398.0)
(398.0,398.0)
(398.0,398.0)
(398.0,398.0)
(398.0,398.0)
(398.0,398.0)
(387.0,398.0)
(461.0,398.0)
(398.0,398.0)
(398.0,398.0)
(387.0,398.0)
(398.0,398.0)
(398.0,398.0)
(398.0,398.0)
(398.0,398.0)
(398.0,398.0)
(398.0,398.0)
(398.0,398.0)
(398.0,398.0)
(417.0,398.0)
(398.0,398.0)
(398.0,398.0)
(398.0,398.0)
(387.0,398.0)
(398.0,398.0)
(398.0,398.0)
(398.0,398.0)
(398.0,398.0)
(398.0,398.0)
(398.0,398.0)
(398.0,398.0)
(398.0,398.0)
(398.0,398.0)
(461.0,398.0)
(398.0,398.0)
(398.0,398.0)
(398.0,398.0)
(398.0,398.0)
(398.0,398.0)
(398.0,398.0)
(398.0,398.0)
(398.0,398.0)
(398.0,398.0)
(398.0,398.0)
(398.0,398.0)
(398.0,398.0)
(398.0,398.0)
(398.0,398.0)
(398.0,398.0)
(398.0,398.0)
(398.0,398.0)
(398.0,398.0)
(398.0,398.0)
(398.0,398.0)
(398.0,398.0)
(398.0,398.0)
(398.0,398.0)
(398.0,398.0)
(398.0,398.0)
(398.0,398.0)
(398.0,398.0)
(398.0,398.0)
(398.0,398.0)
(398.0,398.0)
(398.0,398.0)
(398.0,398.0)
(398.0,398.0)
(398.0,398.0)
(398.0,398.0)
(398.0,398.0)
(398.0,398.0)
(398.0,398.0)
(398.0,398.0)
(398.0,398.0)
(398.0,398.0)
(398.0,398.0)
(398.0,398.0)
(398.0,398.0)
(398.0,398.0)
(398.0,398.0)
(398.0,398.0)
(398.0,398.0)
(398.0,398.0)
(398.0,398.0)
(398.0,398.0)
(398.0,398.0)
(398.0,398.0)
(398.0,398.0)
(398.0,398.0)
(398.0,398.0)
(398.0,398.0)
(398.0,398.0)
(398.0,398.0)
(398.0,398.0)
(398.0,398.0)
(398.0,398.0)
(398.0,398.0)
(398.0,398.0)
(398.0,398.0)
(398.0,398.0)
(398.0,398.0)
(398.0,398.0)
(398.0,398.0)
(398.0,398.0)
(398.0,398.0)
(398.0,398.0)
(398.0,398.0)
(398.0,398.0)
(398.0,398.0)
(398.0,398.0)
(398.0,398.0)
(398.0,398.0)
(398.0,398.0)
(398.0,398.0)
(398.0,398.0)
(398.0,398.0)
(398.0,398.0)
(398.0,398.0)
(398.0,398.0)
(398.0,398.0)
(398.0,398.0)
(398.0,398.0)
(398.0,398.0)
(398.0,398.0)
(398.0,398.0)
(398.0,398.0)
(771.0,398.0)
(398.0,398.0)
(398.0,398.0)
(398.0,398.0)
(398.0,398.0)
(398.0,398.0)
(398.0,398.0)
(398.0,398.0)
(398.0,398.0)
(398.0,398.0)
(398.0,398.0)
(398.0,398.0)
(398.0,398.0)
(398.0,398.0)
(398.0,398.0)
(398.0,398.0)
(398.0,398.0)
(398.0,398.0)
(398.0,398.0)
(398.0,398.0)
(398.0,398.0)
(398.0,398.0)
(398.0,398.0)
(398.0,398.0)
(398.0,398.0)
(386.0,398.0)
(398.0,398.0)
(398.0,398.0)
(398.0,398.0)
(398.0,398.0)
(398.0,398.0)
(398.0,398.0)
(398.0,398.0)
(398.0,398.0)
(398.0,398.0)
(398.0,398.0)
(398.0,398.0)
(398.0,398.0)
(398.0,398.0)
(398.0,398.0)
(398.0,398.0)
(398.0,398.0)
(398.0,398.0)
(398.0,398.0)
(398.0,398.0)
(398.0,398.0)
(398.0,398.0)
(398.0,398.0)
(398.0,398.0)
(398.0,398.0)
(398.0,398.0)
(398.0,398.0)
(398.0,398.0)
(398.0,398.0)
(398.0,398.0)
(398.0,398.0)
(398.0,398.0)
(398.0,398.0)
(398.0,398.0)
(398.0,398.0)
(398.0,398.0)
(398.0,398.0)
(398.0,398.0)
(398.0,398.0)
(398.0,398.0)
(398.0,398.0)
(398.0,398.0)
(398.0,398.0)
(398.0,398.0)
(398.0,398.0)
(398.0,398.0)
(398.0,398.0)
(398.0,398.0)
(398.0,398.0)
(398.0,398.0)
(398.0,398.0)
(398.0,398.0)
(398.0,398.0)
(398.0,398.0)
(398.0,398.0)
(398.0,398.0)
(398.0,398.0)
(398.0,398.0)
(398.0,398.0)
(398.0,398.0)
(398.0,398.0)
(398.0,398.0)
(398.0,398.0)
(398.0,398.0)
(398.0,398.0)
(398.0,398.0)
(398.0,398.0)
(398.0,398.0)
(398.0,398.0)
(398.0,398.0)
(398.0,398.0)
(398.0,398.0)
(398.0,398.0)
(398.0,398.0)
(398.0,398.0)
(398.0,398.0)
(398.0,398.0)
(398.0,398.0)
(398.0,398.0)
(398.0,398.0)
(398.0,398.0)
(398.0,398.0)
(398.0,398.0)
(398.0,398.0)
(398.0,398.0)
(398.0,398.0)
(398.0,398.0)
(398.0,398.0)
(398.0,398.0)
(398.0,398.0)
(398.0,398.0)
(398.0,398.0)
(398.0,398.0)
(398.0,398.0)
(398.0,398.0)
(398.0,398.0)
(398.0,398.0)
(398.0,398.0)
(398.0,398.0)
(398.0,398.0)
(398.0,398.0)
(398.0,398.0)
(398.0,398.0)
(398.0,398.0)
(398.0,398.0)
(398.0,398.0)
(398.0,398.0)
(398.0,398.0)
(398.0,398.0)
(398.0,398.0)
(398.0,398.0)
(398.0,398.0)
(398.0,398.0)
(398.0,398.0)
(410.0,398.0)
(393.0,398.0)
(398.0,398.0)
(387.0,398.0)
(398.0,398.0)
(398.0,398.0)
(398.0,398.0)
(386.0,398.0)
(398.0,398.0)
(398.0,398.0)
(398.0,398.0)
(446.0,398.0)
(386.0,398.0)
(393.0,398.0)
(398.0,398.0)
(398.0,398.0)
(398.0,398.0)
(758.0,398.0)
(398.0,398.0)
(398.0,398.0)
(761.0,398.0)
(398.0,398.0)
(398.0,398.0)
(387.0,398.0)
(398.0,398.0)
(398.0,398.0)
(398.0,398.0)
(398.0,398.0)
(398.0,398.0)
(398.0,398.0)
(398.0,398.0)
(398.0,398.0)
(398.0,398.0)
(398.0,398.0)
(386.0,398.0)
(398.0,398.0)
(398.0,398.0)
(386.0,398.0)
(398.0,398.0)
(398.0,398.0)
(398.0,398.0)
(387.0,398.0)
(391.0,398.0)
(387.0,398.0)
(398.0,398.0)
(398.0,398.0)
(398.0,398.0)
(398.0,398.0)
(398.0,398.0)
(398.0,398.0)
(398.0,398.0)
(398.0,398.0)
(398.0,398.0)
(398.0,398.0)
(386.0,398.0)
(758.0,398.0)
(398.0,398.0)
(398.0,398.0)
(398.0,398.0)
(398.0,398.0)
(387.0,398.0)
(398.0,398.0)
(398.0,398.0)
(393.0,398.0)
(398.0,398.0)
(398.0,398.0)
(398.0,398.0)
(398.0,398.0)
(398.0,398.0)
(398.0,398.0)
(398.0,398.0)
(398.0,398.0)
(398.0,398.0)
(398.0,398.0)
(398.0,398.0)
(398.0,398.0)
(398.0,398.0)
(398.0,398.0)
(387.0,398.0)
(387.0,398.0)
(398.0,398.0)
(398.0,398.0)
(398.0,398.0)
(398.0,398.0)
(398.0,398.0)
(387.0,398.0)
(398.0,398.0)
(398.0,398.0)
(398.0,398.0)
(398.0,398.0)
(399.0,398.0)
(398.0,398.0)
(398.0,398.0)
(398.0,398.0)
(398.0,398.0)
(398.0,398.0)
(398.0,398.0)
(398.0,398.0)
(398.0,398.0)
(398.0,398.0)
(398.0,398.0)
(398.0,398.0)
(398.0,398.0)
(398.0,398.0)
(386.0,398.0)
(387.0,398.0)
(398.0,398.0)
(398.0,398.0)
(398.0,398.0)
(393.0,398.0)
(386.0,398.0)
(398.0,398.0)
(464.0,398.0)
(398.0,398.0)
(393.0,398.0)
(398.0,398.0)
(398.0,398.0)
(398.0,398.0)
(398.0,398.0)
(398.0,398.0)
(761.0,398.0)
(398.0,398.0)
(399.0,398.0)
(398.0,398.0)
(398.0,398.0)
(398.0,398.0)
(398.0,398.0)
(398.0,398.0)
(398.0,398.0)
(387.0,398.0)
(387.0,398.0)
(398.0,398.0)
(398.0,398.0)
(398.0,398.0)
(387.0,398.0)
(398.0,398.0)
(398.0,398.0)
(398.0,398.0)
(391.0,398.0)
(398.0,398.0)
(398.0,398.0)
(398.0,398.0)
(758.0,398.0)
(398.0,398.0)
(398.0,398.0)
(398.0,398.0)
(387.0,398.0)
(398.0,398.0)
(398.0,398.0)
(398.0,398.0)
(393.0,398.0)
(398.0,398.0)
(386.0,398.0)
(393.0,398.0)
(398.0,398.0)
(398.0,398.0)
(398.0,398.0)
(398.0,398.0)
(398.0,398.0)
(398.0,398.0)
(398.0,398.0)
(398.0,398.0)
(386.0,398.0)
(398.0,398.0)
(398.0,398.0)
(398.0,398.0)
(391.0,398.0)
(398.0,398.0)
(398.0,398.0)
(398.0,398.0)
(387.0,398.0)
(398.0,398.0)
(398.0,398.0)
(398.0,398.0)
(398.0,398.0)
(398.0,398.0)
(398.0,398.0)
(398.0,398.0)
(387.0,398.0)
(410.0,398.0)
(398.0,398.0)
(398.0,398.0)
(398.0,398.0)
(398.0,398.0)
(398.0,398.0)
(386.0,398.0)
(398.0,398.0)
(398.0,398.0)
(387.0,398.0)
(398.0,398.0)
(398.0,398.0)
(464.0,398.0)
(398.0,398.0)
(387.0,398.0)
(398.0,398.0)
(398.0,398.0)
(398.0,398.0)
(398.0,398.0)
(417.0,398.0)
(398.0,398.0)
(398.0,398.0)
(769.0,398.0)
(398.0,398.0)
(398.0,398.0)
(749.0,398.0)
(484.0,398.0)
(417.0,398.0)
(417.0,398.0)
(386.0,398.0)
(408.0,398.0)
(394.0,398.0)
(398.0,398.0)
(398.0,398.0)
(398.0,398.0)
(398.0,398.0)
(398.0,398.0)
(398.0,398.0)
(769.0,398.0)
(448.0,398.0)
(769.0,398.0)
(398.0,398.0)
(398.0,398.0)
(398.0,398.0)
(405.0,398.0)
(398.0,398.0)
(397.0,398.0)
(766.0,398.0)
(405.0,398.0)
(398.0,398.0)
(397.0,398.0)
(398.0,398.0)
(427.0,398.0)
(398.0,398.0)
(379.0,398.0)
