(417.0,488.0)
(13.0,488.0)
(43.0,488.0)
(13.0,488.0)
(13.0,488.0)
(519.0,488.0)
(13.0,488.0)
(13.0,488.0)
(417.0,488.0)
(455.0,488.0)
(13.0,488.0)
(13.0,488.0)
(488.0,488.0)
(515.0,488.0)
(1.0,488.0)
(13.0,488.0)
(521.0,488.0)
(13.0,488.0)
(511.0,488.0)
(13.0,488.0)
(13.0,488.0)
(13.0,488.0)
(13.0,488.0)
(455.0,488.0)
(511.0,488.0)
(13.0,488.0)
(13.0,488.0)
(31.0,488.0)
(515.0,488.0)
(515.0,488.0)
(771.0,488.0)
(13.0,488.0)
(447.0,488.0)
(13.0,488.0)
(519.0,488.0)
(515.0,488.0)
(13.0,488.0)
(487.0,488.0)
(771.0,488.0)
(13.0,488.0)
(13.0,488.0)
(13.0,488.0)
(733.0,488.0)
(1.0,488.0)
(493.0,488.0)
(13.0,488.0)
(447.0,488.0)
(13.0,488.0)
(13.0,488.0)
(515.0,488.0)
(493.0,488.0)
(13.0,488.0)
(13.0,488.0)
(13.0,488.0)
(13.0,488.0)
(455.0,488.0)
(447.0,488.0)
(519.0,488.0)
(123.0,488.0)
(13.0,488.0)
(771.0,488.0)
(13.0,488.0)
(31.0,488.0)
(447.0,488.0)
(13.0,488.0)
(447.0,488.0)
(503.0,488.0)
(13.0,488.0)
(417.0,488.0)
(447.0,488.0)
(515.0,488.0)
(515.0,488.0)
(519.0,488.0)
(511.0,488.0)
(13.0,488.0)
(497.0,488.0)
(13.0,488.0)
(493.0,488.0)
(13.0,488.0)
(13.0,488.0)
(733.0,488.0)
(503.0,488.0)
(13.0,488.0)
(493.0,488.0)
(417.0,488.0)
(27.0,488.0)
(519.0,488.0)
(13.0,488.0)
(13.0,488.0)
(13.0,488.0)
(515.0,488.0)
(13.0,488.0)
(488.0,488.0)
(490.0,488.0)
(521.0,488.0)
(488.0,488.0)
(417.0,488.0)
(13.0,488.0)
(387.0,488.0)
(13.0,488.0)
(515.0,488.0)
(13.0,488.0)
(43.0,488.0)
(447.0,488.0)
(417.0,488.0)
(447.0,488.0)
(455.0,488.0)
(515.0,488.0)
(13.0,488.0)
(13.0,488.0)
(493.0,488.0)
(13.0,488.0)
(13.0,488.0)
(13.0,488.0)
(13.0,488.0)
(13.0,488.0)
(515.0,488.0)
(13.0,488.0)
(43.0,488.0)
(13.0,488.0)
(503.0,488.0)
(13.0,488.0)
(13.0,488.0)
(13.0,488.0)
(13.0,488.0)
(13.0,488.0)
(13.0,488.0)
(515.0,488.0)
(455.0,488.0)
(488.0,488.0)
(487.0,488.0)
(13.0,488.0)
(13.0,488.0)
(13.0,488.0)
(13.0,488.0)
(496.0,488.0)
(488.0,488.0)
(13.0,488.0)
(13.0,488.0)
(734.0,488.0)
(13.0,488.0)
(447.0,488.0)
(455.0,488.0)
(13.0,488.0)
(503.0,488.0)
(13.0,488.0)
(490.0,489.0)
(459.0,489.0)
(119.0,489.0)
(119.0,489.0)
(119.0,489.0)
(519.0,489.0)
(455.0,489.0)
(119.0,489.0)
(53.0,489.0)
(519.0,489.0)
(421.0,489.0)
(1.0,489.0)
(13.0,489.0)
(487.0,489.0)
(521.0,489.0)
(455.0,489.0)
(487.0,489.0)
(1.0,489.0)
(119.0,489.0)
(387.0,489.0)
(455.0,489.0)
(1.0,489.0)
(490.0,489.0)
(22.0,489.0)
(119.0,489.0)
(13.0,489.0)
(13.0,489.0)
(455.0,489.0)
(447.0,489.0)
(1.0,489.0)
(18.0,489.0)
(421.0,489.0)
(455.0,489.0)
(519.0,489.0)
(53.0,489.0)
(521.0,489.0)
(13.0,489.0)
(447.0,489.0)
(119.0,489.0)
(387.0,489.0)
(455.0,489.0)
(487.0,489.0)
(1.0,489.0)
(490.0,489.0)
(455.0,489.0)
(1.0,489.0)
(509.0,489.0)
(1.0,489.0)
(406.0,489.0)
(455.0,489.0)
(13.0,489.0)
(455.0,489.0)
(13.0,489.0)
(517.0,489.0)
(459.0,489.0)
(459.0,489.0)
(47.0,489.0)
(447.0,489.0)
(1.0,489.0)
(459.0,489.0)
(13.0,489.0)
(13.0,489.0)
(13.0,489.0)
(119.0,489.0)
(447.0,489.0)
(119.0,489.0)
(455.0,489.0)
(421.0,489.0)
(421.0,489.0)
(447.0,489.0)
(519.0,489.0)
(455.0,489.0)
(1.0,489.0)
(1.0,489.0)
(13.0,489.0)
(1.0,489.0)
(13.0,489.0)
(455.0,489.0)
(447.0,489.0)
(519.0,489.0)
(455.0,489.0)
(515.0,489.0)
(22.0,489.0)
(1.0,489.0)
(455.0,489.0)
(447.0,489.0)
(455.0,489.0)
(459.0,489.0)
(119.0,489.0)
(37.0,489.0)
(519.0,489.0)
(123.0,489.0)
(497.0,489.0)
(487.0,489.0)
(53.0,489.0)
(519.0,489.0)
(1.0,489.0)
(519.0,489.0)
(421.0,489.0)
(421.0,489.0)
(517.0,489.0)
(447.0,489.0)
(406.0,489.0)
(455.0,489.0)
(447.0,489.0)
(521.0,489.0)
(455.0,489.0)
(1.0,489.0)
(455.0,489.0)
(493.0,489.0)
(455.0,489.0)
(487.0,489.0)
(13.0,489.0)
(13.0,489.0)
(13.0,489.0)
(18.0,489.0)
(119.0,489.0)
(509.0,489.0)
(519.0,489.0)
(459.0,489.0)
(459.0,489.0)
(119.0,489.0)
(13.0,489.0)
(487.0,489.0)
(13.0,489.0)
(1.0,489.0)
(406.0,489.0)
(519.0,489.0)
(13.0,489.0)
(22.0,489.0)
(447.0,489.0)
(1.0,489.0)
(22.0,489.0)
(13.0,489.0)
(519.0,489.0)
(447.0,489.0)
(123.0,489.0)
(13.0,489.0)
(119.0,489.0)
(13.0,489.0)
(421.0,489.0)
(455.0,489.0)
(1.0,489.0)
(1.0,489.0)
(455.0,489.0)
(421.0,489.0)
(488.0,489.0)
(447.0,489.0)
(123.0,489.0)
(447.0,489.0)
(519.0,489.0)
(1.0,489.0)
(455.0,489.0)
(53.0,489.0)
(13.0,489.0)
(406.0,489.0)
(455.0,489.0)
(421.0,489.0)
(497.0,489.0)
(22.0,489.0)
(421.0,489.0)
(509.0,489.0)
(455.0,489.0)
(1.0,489.0)
(1.0,489.0)
(421.0,489.0)
(13.0,489.0)
(455.0,489.0)
(496.0,490.0)
(33.0,490.0)
(490.0,490.0)
(526.0,490.0)
(494.0,490.0)
(490.0,490.0)
(517.0,490.0)
(515.0,490.0)
(487.0,490.0)
(13.0,490.0)
(515.0,490.0)
(515.0,490.0)
(15.0,490.0)
(510.0,490.0)
(493.0,490.0)
(13.0,490.0)
(494.0,490.0)
(13.0,490.0)
(494.0,490.0)
(82.0,490.0)
(490.0,490.0)
(13.0,490.0)
(15.0,490.0)
(490.0,490.0)
(503.0,490.0)
(515.0,490.0)
(73.0,490.0)
(13.0,490.0)
(66.0,490.0)
(515.0,490.0)
(490.0,490.0)
(15.0,490.0)
(515.0,490.0)
(515.0,490.0)
(485.0,490.0)
(515.0,490.0)
(490.0,490.0)
(13.0,490.0)
(515.0,490.0)
(13.0,490.0)
(515.0,490.0)
(490.0,490.0)
(515.0,490.0)
(493.0,490.0)
(447.0,490.0)
(13.0,490.0)
(13.0,490.0)
(515.0,490.0)
(490.0,490.0)
(13.0,490.0)
(515.0,490.0)
(490.0,490.0)
(515.0,490.0)
(515.0,490.0)
(13.0,490.0)
(82.0,490.0)
(494.0,490.0)
(515.0,490.0)
(515.0,490.0)
(1.0,490.0)
(123.0,490.0)
(515.0,490.0)
(517.0,490.0)
(515.0,490.0)
(515.0,490.0)
(515.0,490.0)
(492.0,490.0)
(494.0,490.0)
(13.0,490.0)
(515.0,490.0)
(515.0,490.0)
(494.0,490.0)
(490.0,490.0)
(515.0,490.0)
(515.0,490.0)
(33.0,490.0)
(73.0,490.0)
(13.0,490.0)
(490.0,490.0)
(18.0,490.0)
(515.0,490.0)
(485.0,490.0)
(490.0,490.0)
(515.0,490.0)
(494.0,490.0)
(492.0,490.0)
(13.0,490.0)
(102.0,490.0)
(484.0,490.0)
(490.0,490.0)
(13.0,490.0)
(447.0,490.0)
(519.0,490.0)
(494.0,490.0)
(519.0,490.0)
(515.0,490.0)
(494.0,490.0)
(490.0,490.0)
(517.0,490.0)
(13.0,490.0)
(13.0,490.0)
(82.0,490.0)
(490.0,490.0)
(490.0,490.0)
(515.0,490.0)
(493.0,490.0)
(515.0,490.0)
(515.0,490.0)
(13.0,490.0)
(13.0,490.0)
(515.0,490.0)
(417.0,490.0)
(13.0,490.0)
(447.0,490.0)
(515.0,490.0)
(515.0,490.0)
(85.0,490.0)
(447.0,490.0)
(481.0,490.0)
(515.0,490.0)
(515.0,490.0)
(515.0,490.0)
(515.0,490.0)
(515.0,490.0)
(515.0,490.0)
(493.0,490.0)
(13.0,490.0)
(494.0,490.0)
(515.0,490.0)
(526.0,490.0)
(13.0,490.0)
(490.0,490.0)
(515.0,490.0)
(493.0,490.0)
(515.0,490.0)
(47.0,490.0)
(447.0,490.0)
(515.0,490.0)
(487.0,490.0)
(517.0,490.0)
(447.0,490.0)
(13.0,490.0)
(493.0,490.0)
(515.0,490.0)
(447.0,490.0)
(515.0,490.0)
(493.0,490.0)
(490.0,490.0)
(493.0,490.0)
(85.0,490.0)
(481.0,490.0)
(13.0,490.0)
(493.0,490.0)
(515.0,490.0)
(493.0,490.0)
(494.0,490.0)
(515.0,490.0)
(13.0,490.0)
(493.0,490.0)
(490.0,490.0)
(515.0,490.0)
(13.0,490.0)
(455.0,490.0)
(13.0,490.0)
(487.0,490.0)
(515.0,490.0)
(13.0,490.0)
(491.0,491.0)
(491.0,491.0)
(491.0,491.0)
(491.0,491.0)
(491.0,491.0)
(491.0,491.0)
(491.0,491.0)
(491.0,491.0)
(491.0,491.0)
(491.0,491.0)
(491.0,491.0)
(491.0,491.0)
(491.0,491.0)
(491.0,491.0)
(491.0,491.0)
(491.0,491.0)
(491.0,491.0)
(491.0,491.0)
(491.0,491.0)
(491.0,491.0)
(491.0,491.0)
(491.0,491.0)
(491.0,491.0)
(491.0,491.0)
(491.0,491.0)
(491.0,491.0)
(491.0,491.0)
(491.0,491.0)
(491.0,491.0)
(491.0,491.0)
(491.0,491.0)
(491.0,491.0)
(491.0,491.0)
(491.0,491.0)
(491.0,491.0)
(491.0,491.0)
(491.0,491.0)
(491.0,491.0)
(491.0,491.0)
(491.0,491.0)
(491.0,491.0)
(491.0,491.0)
(491.0,491.0)
(491.0,491.0)
(491.0,491.0)
(491.0,491.0)
(491.0,491.0)
(491.0,491.0)
(491.0,491.0)
(491.0,491.0)
(491.0,491.0)
(491.0,491.0)
(491.0,491.0)
(491.0,491.0)
(491.0,491.0)
(491.0,491.0)
(491.0,491.0)
(491.0,491.0)
(491.0,491.0)
(491.0,491.0)
(491.0,491.0)
(491.0,491.0)
(491.0,491.0)
(491.0,491.0)
(491.0,491.0)
(491.0,491.0)
(491.0,491.0)
(491.0,491.0)
(491.0,491.0)
(491.0,491.0)
(491.0,491.0)
(491.0,491.0)
(491.0,491.0)
(491.0,491.0)
(491.0,491.0)
(491.0,491.0)
(491.0,491.0)
(491.0,491.0)
(491.0,491.0)
(491.0,491.0)
(491.0,491.0)
(491.0,491.0)
(491.0,491.0)
(491.0,491.0)
(491.0,491.0)
(491.0,491.0)
(491.0,491.0)
(491.0,491.0)
(491.0,491.0)
(491.0,491.0)
(491.0,491.0)
(491.0,491.0)
(491.0,491.0)
(491.0,491.0)
(491.0,491.0)
(491.0,491.0)
(491.0,491.0)
(491.0,491.0)
(491.0,491.0)
(491.0,491.0)
(491.0,491.0)
(491.0,491.0)
(491.0,491.0)
(491.0,491.0)
(491.0,491.0)
(491.0,491.0)
(491.0,491.0)
(491.0,491.0)
(491.0,491.0)
(491.0,491.0)
(491.0,491.0)
(491.0,491.0)
(491.0,491.0)
(491.0,491.0)
(491.0,491.0)
(491.0,491.0)
(491.0,491.0)
(491.0,491.0)
(491.0,491.0)
(491.0,491.0)
(491.0,491.0)
(491.0,491.0)
(491.0,491.0)
(491.0,491.0)
(491.0,491.0)
(491.0,491.0)
(491.0,491.0)
(491.0,491.0)
(491.0,491.0)
(491.0,491.0)
(491.0,491.0)
(491.0,491.0)
(491.0,491.0)
(491.0,491.0)
(491.0,491.0)
(491.0,491.0)
(491.0,491.0)
(491.0,491.0)
(491.0,491.0)
(491.0,491.0)
(491.0,491.0)
(491.0,491.0)
(491.0,491.0)
(491.0,491.0)
(491.0,491.0)
(491.0,491.0)
(491.0,491.0)
(491.0,491.0)
(491.0,491.0)
(491.0,491.0)
(491.0,491.0)
(491.0,491.0)
(491.0,491.0)
(491.0,491.0)
(491.0,491.0)
(491.0,491.0)
(491.0,491.0)
(491.0,491.0)
(491.0,491.0)
(491.0,491.0)
(491.0,491.0)
(491.0,491.0)
(491.0,491.0)
(491.0,491.0)
(491.0,491.0)
(491.0,491.0)
(491.0,491.0)
(491.0,491.0)
(491.0,491.0)
(491.0,491.0)
(491.0,491.0)
(491.0,491.0)
(491.0,491.0)
(491.0,491.0)
(491.0,491.0)
(491.0,491.0)
(491.0,491.0)
(491.0,491.0)
(491.0,491.0)
(491.0,491.0)
(491.0,491.0)
(491.0,491.0)
(491.0,491.0)
(491.0,491.0)
(491.0,491.0)
(491.0,491.0)
(491.0,491.0)
(491.0,491.0)
(491.0,491.0)
(491.0,491.0)
(491.0,491.0)
(491.0,491.0)
(491.0,491.0)
(491.0,491.0)
(491.0,491.0)
(491.0,491.0)
(491.0,491.0)
(491.0,491.0)
(491.0,491.0)
(491.0,491.0)
(491.0,491.0)
(491.0,491.0)
(491.0,491.0)
(491.0,491.0)
(491.0,491.0)
(491.0,491.0)
(491.0,491.0)
(491.0,491.0)
(491.0,491.0)
(491.0,491.0)
(491.0,491.0)
(491.0,491.0)
(491.0,491.0)
(491.0,491.0)
(491.0,491.0)
(491.0,491.0)
(491.0,491.0)
(491.0,491.0)
(491.0,491.0)
(491.0,491.0)
(491.0,491.0)
(491.0,491.0)
(491.0,491.0)
(491.0,491.0)
(491.0,491.0)
(491.0,491.0)
(491.0,491.0)
(491.0,491.0)
(491.0,491.0)
(491.0,491.0)
(491.0,491.0)
(491.0,491.0)
(491.0,491.0)
(491.0,491.0)
(491.0,491.0)
(491.0,491.0)
(491.0,491.0)
(491.0,491.0)
(491.0,491.0)
(491.0,491.0)
(491.0,491.0)
(491.0,491.0)
(491.0,491.0)
(491.0,491.0)
(491.0,491.0)
(491.0,491.0)
(491.0,491.0)
(491.0,491.0)
(491.0,491.0)
(491.0,491.0)
(491.0,491.0)
(491.0,491.0)
(491.0,491.0)
(491.0,491.0)
(491.0,491.0)
(491.0,491.0)
(491.0,491.0)
(491.0,491.0)
(491.0,491.0)
(491.0,491.0)
(491.0,491.0)
(491.0,491.0)
(491.0,491.0)
(491.0,491.0)
(491.0,491.0)
(491.0,491.0)
(491.0,491.0)
(491.0,491.0)
(491.0,491.0)
(491.0,491.0)
(491.0,491.0)
(491.0,491.0)
(491.0,491.0)
(491.0,491.0)
(491.0,491.0)
(491.0,491.0)
(491.0,491.0)
(491.0,491.0)
(491.0,491.0)
(491.0,491.0)
(491.0,491.0)
(491.0,491.0)
(491.0,491.0)
(491.0,491.0)
(491.0,491.0)
(491.0,491.0)
(491.0,491.0)
(491.0,491.0)
(491.0,491.0)
(491.0,491.0)
(491.0,491.0)
(491.0,491.0)
(491.0,491.0)
(491.0,491.0)
(491.0,491.0)
(491.0,491.0)
(491.0,491.0)
(491.0,491.0)
(491.0,491.0)
(491.0,491.0)
(491.0,491.0)
(491.0,491.0)
(491.0,491.0)
(491.0,491.0)
(491.0,491.0)
(491.0,491.0)
(491.0,491.0)
(491.0,491.0)
(491.0,491.0)
(491.0,491.0)
(491.0,491.0)
(491.0,491.0)
(491.0,491.0)
(491.0,491.0)
(491.0,491.0)
(491.0,491.0)
(491.0,491.0)
(491.0,491.0)
(491.0,491.0)
(491.0,491.0)
(491.0,491.0)
(491.0,491.0)
(491.0,491.0)
(491.0,491.0)
(491.0,491.0)
(491.0,491.0)
(491.0,491.0)
(491.0,491.0)
(491.0,491.0)
(491.0,491.0)
(491.0,491.0)
(491.0,491.0)
(491.0,491.0)
(491.0,491.0)
(491.0,491.0)
(491.0,491.0)
(491.0,491.0)
(491.0,491.0)
(491.0,491.0)
(491.0,491.0)
(491.0,491.0)
(491.0,491.0)
(491.0,491.0)
(491.0,491.0)
(491.0,491.0)
(491.0,491.0)
(491.0,491.0)
(491.0,491.0)
(491.0,491.0)
(491.0,491.0)
(491.0,491.0)
(491.0,491.0)
(491.0,491.0)
(491.0,491.0)
(491.0,491.0)
(491.0,491.0)
(491.0,491.0)
(491.0,491.0)
(491.0,491.0)
(491.0,491.0)
(491.0,491.0)
(491.0,491.0)
(491.0,491.0)
(491.0,491.0)
(491.0,491.0)
(491.0,491.0)
(491.0,491.0)
(491.0,491.0)
(491.0,491.0)
(491.0,491.0)
(491.0,491.0)
(491.0,491.0)
(491.0,491.0)
(491.0,491.0)
(491.0,491.0)
(491.0,491.0)
(491.0,491.0)
(491.0,491.0)
(491.0,491.0)
(491.0,491.0)
(491.0,491.0)
(491.0,491.0)
(491.0,491.0)
(491.0,491.0)
(491.0,491.0)
(491.0,491.0)
(491.0,491.0)
(491.0,491.0)
(491.0,491.0)
(491.0,491.0)
(491.0,491.0)
(491.0,491.0)
(491.0,491.0)
(491.0,491.0)
(491.0,491.0)
(491.0,491.0)
(491.0,491.0)
(491.0,491.0)
(491.0,491.0)
(491.0,491.0)
(413.0,492.0)
(463.0,492.0)
(492.0,492.0)
(465.0,492.0)
(734.0,492.0)
(519.0,492.0)
(519.0,492.0)
(734.0,492.0)
(519.0,492.0)
(734.0,492.0)
(365.0,492.0)
(492.0,492.0)
(792.0,492.0)
(771.0,492.0)
(465.0,492.0)
(734.0,492.0)
(734.0,492.0)
(734.0,492.0)
(365.0,492.0)
(732.0,492.0)
(734.0,492.0)
(734.0,492.0)
(417.0,492.0)
(413.0,492.0)
(805.0,492.0)
(492.0,492.0)
(519.0,492.0)
(734.0,492.0)
(734.0,492.0)
(406.0,492.0)
(365.0,492.0)
(407.0,492.0)
(734.0,492.0)
(417.0,492.0)
(407.0,492.0)
(734.0,492.0)
(732.0,492.0)
(413.0,492.0)
(492.0,492.0)
(734.0,492.0)
(417.0,492.0)
(404.0,492.0)
(734.0,492.0)
(805.0,492.0)
(413.0,492.0)
(413.0,492.0)
(492.0,492.0)
(734.0,492.0)
(732.0,492.0)
(492.0,492.0)
(734.0,492.0)
(417.0,492.0)
(492.0,492.0)
(733.0,492.0)
(492.0,492.0)
(732.0,492.0)
(492.0,492.0)
(732.0,492.0)
(365.0,492.0)
(492.0,492.0)
(17.0,492.0)
(407.0,492.0)
(407.0,492.0)
(734.0,492.0)
(804.0,492.0)
(492.0,492.0)
(407.0,492.0)
(734.0,492.0)
(734.0,492.0)
(734.0,492.0)
(519.0,492.0)
(734.0,492.0)
(519.0,492.0)
(519.0,492.0)
(417.0,492.0)
(734.0,492.0)
(733.0,492.0)
(417.0,492.0)
(804.0,492.0)
(734.0,492.0)
(519.0,492.0)
(732.0,492.0)
(365.0,492.0)
(417.0,492.0)
(407.0,492.0)
(455.0,492.0)
(492.0,492.0)
(519.0,492.0)
(365.0,492.0)
(463.0,492.0)
(734.0,492.0)
(465.0,492.0)
(734.0,492.0)
(734.0,492.0)
(734.0,492.0)
(455.0,492.0)
(733.0,492.0)
(417.0,492.0)
(492.0,492.0)
(734.0,492.0)
(732.0,492.0)
(734.0,492.0)
(734.0,492.0)
(805.0,492.0)
(734.0,492.0)
(732.0,492.0)
(734.0,492.0)
(492.0,492.0)
(732.0,492.0)
(732.0,492.0)
(465.0,492.0)
(465.0,492.0)
(492.0,492.0)
(407.0,492.0)
(417.0,492.0)
(465.0,492.0)
(734.0,492.0)
(734.0,492.0)
(734.0,492.0)
(734.0,492.0)
(404.0,492.0)
(407.0,492.0)
(406.0,492.0)
(407.0,492.0)
(519.0,492.0)
(734.0,492.0)
(734.0,492.0)
(792.0,492.0)
(734.0,492.0)
(404.0,492.0)
(734.0,492.0)
(771.0,492.0)
(805.0,492.0)
(417.0,492.0)
(406.0,492.0)
(732.0,492.0)
(805.0,492.0)
(465.0,492.0)
(417.0,492.0)
(417.0,492.0)
(465.0,492.0)
(492.0,492.0)
(734.0,492.0)
(492.0,492.0)
(492.0,492.0)
(734.0,492.0)
(734.0,492.0)
(519.0,492.0)
(365.0,492.0)
(492.0,492.0)
(417.0,492.0)
(734.0,492.0)
(804.0,492.0)
(734.0,492.0)
(734.0,492.0)
(402.0,492.0)
(492.0,492.0)
(407.0,492.0)
(732.0,492.0)
(805.0,492.0)
(734.0,492.0)
(732.0,492.0)
(734.0,492.0)
(404.0,492.0)
(465.0,492.0)
(455.0,492.0)
(413.0,492.0)
(805.0,492.0)
(492.0,492.0)
(492.0,492.0)
(734.0,492.0)
(734.0,492.0)
(734.0,492.0)
(365.0,492.0)
(519.0,492.0)
(734.0,492.0)
(733.0,492.0)
(407.0,492.0)
(492.0,492.0)
(417.0,492.0)
(492.0,492.0)
(734.0,492.0)
(492.0,492.0)
(417.0,492.0)
(733.0,492.0)
(407.0,492.0)
(734.0,492.0)
(734.0,492.0)
(413.0,492.0)
(734.0,492.0)
(734.0,492.0)
(491.0,491.0)
(491.0,491.0)
(491.0,491.0)
(491.0,491.0)
(491.0,491.0)
(491.0,491.0)
(491.0,491.0)
(491.0,491.0)
(491.0,491.0)
(491.0,491.0)
(491.0,491.0)
(491.0,491.0)
(491.0,491.0)
(491.0,491.0)
(491.0,491.0)
(491.0,491.0)
(491.0,491.0)
(491.0,491.0)
(491.0,491.0)
(491.0,491.0)
(491.0,491.0)
(491.0,491.0)
(491.0,491.0)
(491.0,491.0)
(491.0,491.0)
(491.0,491.0)
(491.0,491.0)
(491.0,491.0)
(491.0,491.0)
(491.0,491.0)
(491.0,491.0)
(491.0,491.0)
(491.0,491.0)
(491.0,491.0)
(491.0,491.0)
(491.0,491.0)
(491.0,491.0)
(491.0,491.0)
(491.0,491.0)
(491.0,491.0)
(491.0,491.0)
(491.0,491.0)
(491.0,491.0)
(491.0,491.0)
(491.0,491.0)
(491.0,491.0)
(491.0,491.0)
(491.0,491.0)
(491.0,491.0)
(491.0,491.0)
(491.0,491.0)
(491.0,491.0)
(491.0,491.0)
(491.0,491.0)
(491.0,491.0)
(491.0,491.0)
(491.0,491.0)
(491.0,491.0)
(491.0,491.0)
(491.0,491.0)
(491.0,491.0)
(491.0,491.0)
(491.0,491.0)
(491.0,491.0)
(491.0,491.0)
(491.0,491.0)
(491.0,491.0)
(491.0,491.0)
(491.0,491.0)
(491.0,491.0)
(491.0,491.0)
(491.0,491.0)
(491.0,491.0)
(491.0,491.0)
(491.0,491.0)
(491.0,491.0)
(491.0,491.0)
(491.0,491.0)
(491.0,491.0)
(491.0,491.0)
(491.0,491.0)
(491.0,491.0)
(491.0,491.0)
(491.0,491.0)
(491.0,491.0)
(491.0,491.0)
(491.0,491.0)
(491.0,491.0)
(491.0,491.0)
(491.0,491.0)
(491.0,491.0)
(491.0,491.0)
(491.0,491.0)
(491.0,491.0)
(491.0,491.0)
(491.0,491.0)
(491.0,491.0)
(491.0,491.0)
(491.0,491.0)
(491.0,491.0)
(491.0,491.0)
(491.0,491.0)
(491.0,491.0)
(491.0,491.0)
(491.0,491.0)
(491.0,491.0)
(491.0,491.0)
(491.0,491.0)
(491.0,491.0)
(491.0,491.0)
(491.0,491.0)
(491.0,491.0)
(491.0,491.0)
(491.0,491.0)
(491.0,491.0)
(491.0,491.0)
(491.0,491.0)
(491.0,491.0)
(491.0,491.0)
(491.0,491.0)
(491.0,491.0)
(491.0,491.0)
(491.0,491.0)
(491.0,491.0)
(491.0,491.0)
(491.0,491.0)
(491.0,491.0)
(491.0,491.0)
(491.0,491.0)
(491.0,491.0)
(491.0,491.0)
(491.0,491.0)
(491.0,491.0)
(491.0,491.0)
(491.0,491.0)
(491.0,491.0)
(491.0,491.0)
(491.0,491.0)
(491.0,491.0)
(491.0,491.0)
(491.0,491.0)
(491.0,491.0)
(491.0,491.0)
(491.0,491.0)
(491.0,491.0)
(491.0,491.0)
(491.0,491.0)
(491.0,491.0)
(491.0,491.0)
(491.0,491.0)
(491.0,491.0)
(491.0,491.0)
(491.0,491.0)
(491.0,491.0)
(491.0,491.0)
(491.0,491.0)
(491.0,491.0)
(491.0,491.0)
(491.0,491.0)
(491.0,491.0)
(491.0,491.0)
(491.0,491.0)
(491.0,491.0)
(491.0,491.0)
(491.0,491.0)
(491.0,491.0)
(491.0,491.0)
(491.0,491.0)
(491.0,491.0)
(491.0,491.0)
(491.0,491.0)
(491.0,491.0)
(491.0,491.0)
(491.0,491.0)
(491.0,491.0)
(491.0,491.0)
(491.0,491.0)
(491.0,491.0)
(491.0,491.0)
(491.0,491.0)
(491.0,491.0)
(491.0,491.0)
(491.0,491.0)
(491.0,491.0)
(491.0,491.0)
(491.0,491.0)
(491.0,491.0)
(491.0,491.0)
(491.0,491.0)
(491.0,491.0)
(491.0,491.0)
(491.0,491.0)
(491.0,491.0)
(491.0,491.0)
(491.0,491.0)
(491.0,491.0)
(491.0,491.0)
(491.0,491.0)
(491.0,491.0)
(491.0,491.0)
(2.0,2.0)
(464.0,2.0)
(645.0,2.0)
(2.0,2.0)
(2.0,2.0)
(2.0,2.0)
(286.0,2.0)
(2.0,2.0)
(402.0,2.0)
(2.0,2.0)
(464.0,2.0)
(2.0,2.0)
(464.0,2.0)
(2.0,2.0)
(464.0,2.0)
(368.0,2.0)
(2.0,2.0)
(444.0,2.0)
(464.0,2.0)
(356.0,2.0)
(226.0,2.0)
(417.0,2.0)
(44.0,2.0)
(464.0,2.0)
(2.0,2.0)
(2.0,2.0)
(645.0,2.0)
(44.0,2.0)
(102.0,2.0)
(2.0,2.0)
(2.0,2.0)
(2.0,2.0)
(2.0,2.0)
(479.0,2.0)
(2.0,2.0)
(2.0,2.0)
(2.0,2.0)
(2.0,2.0)
(464.0,2.0)
(2.0,2.0)
(2.0,2.0)
(464.0,2.0)
(2.0,2.0)
(2.0,2.0)
(2.0,2.0)
(2.0,2.0)
(39.0,2.0)
(464.0,2.0)
(2.0,2.0)
(2.0,2.0)
(464.0,2.0)
(43.0,2.0)
(771.0,2.0)
(2.0,2.0)
(2.0,2.0)
(2.0,2.0)
(464.0,2.0)
(2.0,2.0)
(38.0,2.0)
(444.0,2.0)
(2.0,2.0)
(464.0,2.0)
(464.0,2.0)
(38.0,2.0)
(2.0,2.0)
(464.0,2.0)
(483.0,2.0)
(464.0,2.0)
(2.0,2.0)
(2.0,2.0)
(479.0,2.0)
(2.0,2.0)
(483.0,2.0)
(519.0,2.0)
(2.0,2.0)
(2.0,2.0)
(2.0,2.0)
(2.0,2.0)
(422.0,2.0)
(2.0,2.0)
(2.0,2.0)
(2.0,2.0)
(2.0,2.0)
(464.0,2.0)
(2.0,2.0)
(2.0,2.0)
(219.0,2.0)
(2.0,2.0)
(2.0,2.0)
(464.0,2.0)
(464.0,2.0)
(2.0,2.0)
(2.0,2.0)
(2.0,2.0)
(464.0,2.0)
(33.0,2.0)
(44.0,2.0)
(2.0,2.0)
(2.0,2.0)
(2.0,2.0)
(2.0,2.0)
(2.0,2.0)
(464.0,2.0)
(442.0,2.0)
(2.0,2.0)
(2.0,2.0)
(461.0,2.0)
(771.0,2.0)
(2.0,2.0)
(464.0,2.0)
(2.0,2.0)
(464.0,2.0)
(464.0,2.0)
(464.0,2.0)
(384.0,2.0)
(519.0,2.0)
(41.0,2.0)
(2.0,2.0)
(38.0,2.0)
(2.0,2.0)
(2.0,2.0)
(2.0,2.0)
(2.0,2.0)
(102.0,2.0)
(444.0,2.0)
(2.0,2.0)
(2.0,2.0)
(2.0,2.0)
(2.0,2.0)
(45.0,2.0)
(386.0,2.0)
(417.0,2.0)
(464.0,2.0)
(464.0,2.0)
(260.0,2.0)
(519.0,2.0)
(2.0,2.0)
(45.0,2.0)
(464.0,2.0)
(479.0,2.0)
(2.0,2.0)
(2.0,2.0)
(2.0,2.0)
(44.0,2.0)
(2.0,2.0)
(2.0,2.0)
(2.0,2.0)
(464.0,2.0)
(2.0,2.0)
(2.0,2.0)
(2.0,2.0)
(38.0,2.0)
(597.0,2.0)
(369.0,2.0)
(2.0,2.0)
(2.0,2.0)
(2.0,2.0)
(2.0,2.0)
(2.0,2.0)
(2.0,2.0)
(464.0,2.0)
(43.0,2.0)
(2.0,2.0)
(2.0,2.0)
(444.0,2.0)
(2.0,2.0)
(2.0,2.0)
(464.0,2.0)
(2.0,2.0)
(464.0,2.0)
(2.0,2.0)
(464.0,2.0)
(483.0,2.0)
(431.0,2.0)
(2.0,2.0)
(356.0,2.0)
(2.0,2.0)
(2.0,2.0)
(2.0,2.0)
(359.0,2.0)
(464.0,2.0)
(41.0,2.0)
(38.0,2.0)
(42.0,2.0)
(2.0,2.0)
(2.0,2.0)
(417.0,2.0)
(2.0,2.0)
(464.0,2.0)
(464.0,2.0)
(2.0,2.0)
(2.0,2.0)
(2.0,2.0)
(2.0,2.0)
(2.0,2.0)
(2.0,2.0)
(2.0,2.0)
(356.0,2.0)
(417.0,2.0)
(464.0,2.0)
(33.0,2.0)
(2.0,2.0)
(2.0,2.0)
(2.0,2.0)
(464.0,2.0)
(464.0,2.0)
(43.0,2.0)
(2.0,2.0)
(45.0,2.0)
(40.0,2.0)
(464.0,2.0)
(2.0,2.0)
(2.0,2.0)
(2.0,2.0)
(2.0,2.0)
(2.0,2.0)
(2.0,2.0)
(2.0,2.0)
(219.0,2.0)
(44.0,2.0)
(2.0,2.0)
(464.0,2.0)
(44.0,2.0)
(44.0,2.0)
(2.0,2.0)
(444.0,2.0)
(2.0,2.0)
(2.0,2.0)
(2.0,2.0)
(2.0,2.0)
(219.0,2.0)
(323.0,2.0)
(2.0,2.0)
(2.0,2.0)
(2.0,2.0)
(464.0,2.0)
(2.0,2.0)
(447.0,2.0)
(2.0,2.0)
(2.0,2.0)
(2.0,2.0)
(2.0,2.0)
(464.0,2.0)
(44.0,2.0)
(2.0,2.0)
(35.0,2.0)
(2.0,2.0)
(44.0,2.0)
(2.0,2.0)
(483.0,2.0)
(479.0,2.0)
(447.0,2.0)
(464.0,2.0)
(2.0,2.0)
(2.0,2.0)
(464.0,2.0)
(44.0,2.0)
(42.0,2.0)
(464.0,2.0)
(2.0,2.0)
(2.0,2.0)
(219.0,2.0)
(2.0,2.0)
(2.0,2.0)
(466.0,2.0)
(464.0,2.0)
(519.0,2.0)
(328.0,2.0)
(219.0,2.0)
(464.0,2.0)
(2.0,2.0)
(2.0,2.0)
(2.0,2.0)
(44.0,2.0)
(2.0,2.0)
(464.0,2.0)
(2.0,2.0)
(464.0,2.0)
(2.0,2.0)
(2.0,2.0)
(2.0,2.0)
(328.0,2.0)
(2.0,2.0)
(522.0,2.0)
(2.0,2.0)
(2.0,2.0)
(444.0,2.0)
(45.0,2.0)
(464.0,2.0)
(2.0,2.0)
(2.0,2.0)
(464.0,2.0)
(464.0,2.0)
(479.0,2.0)
(2.0,2.0)
(2.0,2.0)
(2.0,2.0)
(33.0,2.0)
(2.0,2.0)
(2.0,2.0)
(53.0,2.0)
(53.0,2.0)
(53.0,2.0)
(53.0,2.0)
(53.0,2.0)
(53.0,2.0)
(53.0,2.0)
(53.0,2.0)
(538.0,2.0)
(53.0,2.0)
(53.0,2.0)
(53.0,2.0)
(53.0,2.0)
(53.0,2.0)
(53.0,2.0)
(53.0,2.0)
(538.0,2.0)
(53.0,2.0)
(53.0,2.0)
(53.0,2.0)
(53.0,2.0)
(53.0,2.0)
(53.0,2.0)
(538.0,2.0)
(53.0,2.0)
(53.0,2.0)
(53.0,2.0)
(53.0,2.0)
(538.0,2.0)
(53.0,2.0)
(53.0,2.0)
(53.0,2.0)
(53.0,2.0)
(538.0,2.0)
(53.0,2.0)
(53.0,2.0)
(538.0,2.0)
(53.0,2.0)
(53.0,2.0)
(53.0,2.0)
(53.0,2.0)
(53.0,2.0)
(53.0,2.0)
(53.0,2.0)
(53.0,2.0)
(53.0,2.0)
(53.0,2.0)
(53.0,2.0)
(53.0,2.0)
(53.0,2.0)
(53.0,2.0)
(53.0,2.0)
(53.0,2.0)
(53.0,2.0)
(53.0,2.0)
(538.0,2.0)
(53.0,2.0)
(53.0,2.0)
(53.0,2.0)
(53.0,2.0)
(53.0,2.0)
(53.0,2.0)
(53.0,2.0)
(53.0,2.0)
(53.0,2.0)
(53.0,2.0)
(53.0,2.0)
(53.0,2.0)
(538.0,2.0)
(519.0,493.0)
(519.0,493.0)
(487.0,493.0)
(519.0,493.0)
(519.0,493.0)
(493.0,493.0)
(493.0,493.0)
(582.0,493.0)
(519.0,493.0)
(519.0,493.0)
(519.0,493.0)
(519.0,493.0)
(519.0,493.0)
(493.0,493.0)
(13.0,493.0)
(493.0,493.0)
(519.0,493.0)
(493.0,493.0)
(519.0,493.0)
(493.0,493.0)
(493.0,493.0)
(413.0,493.0)
(519.0,493.0)
(519.0,493.0)
(519.0,493.0)
(519.0,493.0)
(519.0,493.0)
(519.0,493.0)
(519.0,493.0)
(74.0,493.0)
(503.0,493.0)
(493.0,493.0)
(493.0,493.0)
(519.0,493.0)
(493.0,493.0)
(493.0,493.0)
(519.0,493.0)
(519.0,493.0)
(519.0,493.0)
(413.0,493.0)
(503.0,493.0)
(413.0,493.0)
(519.0,493.0)
(493.0,493.0)
(503.0,493.0)
(519.0,493.0)
(519.0,493.0)
(487.0,493.0)
(493.0,493.0)
(493.0,493.0)
(519.0,493.0)
(519.0,493.0)
(493.0,493.0)
(503.0,493.0)
(519.0,493.0)
(519.0,493.0)
(519.0,493.0)
(519.0,493.0)
(519.0,493.0)
(503.0,493.0)
(503.0,493.0)
(519.0,493.0)
(493.0,493.0)
(493.0,493.0)
(519.0,493.0)
(519.0,493.0)
(519.0,493.0)
(519.0,493.0)
(493.0,493.0)
(503.0,493.0)
(493.0,493.0)
(519.0,493.0)
(519.0,493.0)
(493.0,493.0)
(487.0,493.0)
(519.0,493.0)
(387.0,493.0)
(519.0,493.0)
(519.0,493.0)
(493.0,493.0)
(493.0,493.0)
(493.0,493.0)
(493.0,493.0)
(493.0,493.0)
(735.0,493.0)
(519.0,493.0)
(519.0,493.0)
(519.0,493.0)
(13.0,493.0)
(13.0,493.0)
(493.0,493.0)
(486.0,493.0)
(503.0,493.0)
(487.0,493.0)
(519.0,493.0)
(493.0,493.0)
(519.0,493.0)
(493.0,493.0)
(519.0,493.0)
(387.0,493.0)
(493.0,493.0)
(493.0,493.0)
(74.0,493.0)
(493.0,493.0)
(519.0,493.0)
(519.0,493.0)
(519.0,493.0)
(493.0,493.0)
(519.0,493.0)
(493.0,493.0)
(519.0,493.0)
(519.0,493.0)
(503.0,493.0)
(486.0,493.0)
(519.0,493.0)
(493.0,493.0)
(493.0,493.0)
(519.0,493.0)
(503.0,493.0)
(519.0,493.0)
(519.0,493.0)
(519.0,493.0)
(519.0,493.0)
(503.0,493.0)
(487.0,493.0)
(493.0,493.0)
(493.0,493.0)
(486.0,493.0)
(487.0,493.0)
(519.0,493.0)
(519.0,493.0)
(519.0,493.0)
(493.0,493.0)
(493.0,493.0)
(1.0,493.0)
(730.0,493.0)
(519.0,493.0)
(519.0,493.0)
(493.0,493.0)
(519.0,493.0)
(569.0,493.0)
(493.0,493.0)
(519.0,493.0)
(493.0,493.0)
(519.0,493.0)
(493.0,493.0)
(519.0,493.0)
(486.0,493.0)
(519.0,493.0)
(519.0,493.0)
(493.0,493.0)
(413.0,493.0)
(493.0,493.0)
(519.0,493.0)
(493.0,493.0)
(519.0,493.0)
(503.0,493.0)
(493.0,493.0)
(519.0,493.0)
(413.0,493.0)
(519.0,493.0)
(487.0,493.0)
(503.0,493.0)
(435.0,493.0)
(493.0,493.0)
(494.0,3.0)
(17.0,3.0)
(494.0,3.0)
(494.0,3.0)
(494.0,3.0)
(493.0,3.0)
(494.0,3.0)
(404.0,3.0)
(494.0,3.0)
(494.0,3.0)
(494.0,3.0)
(494.0,3.0)
(494.0,3.0)
(494.0,3.0)
(494.0,3.0)
(494.0,3.0)
(494.0,3.0)
(494.0,3.0)
(494.0,3.0)
(494.0,3.0)
(494.0,3.0)
(494.0,3.0)
(494.0,3.0)
(494.0,3.0)
(494.0,3.0)
(459.0,3.0)
(494.0,3.0)
(494.0,3.0)
(493.0,3.0)
(494.0,3.0)
(494.0,3.0)
(494.0,3.0)
(494.0,3.0)
(494.0,3.0)
(494.0,3.0)
(459.0,3.0)
(494.0,3.0)
(494.0,3.0)
(494.0,3.0)
(494.0,3.0)
(207.0,3.0)
(494.0,3.0)
(493.0,3.0)
(494.0,3.0)
(494.0,3.0)
(494.0,3.0)
(493.0,3.0)
(494.0,3.0)
(493.0,3.0)
(494.0,3.0)
(494.0,3.0)
(494.0,3.0)
(494.0,3.0)
(494.0,3.0)
(493.0,3.0)
(494.0,3.0)
(494.0,3.0)
(494.0,3.0)
(493.0,3.0)
(494.0,3.0)
(494.0,3.0)
(494.0,3.0)
(494.0,3.0)
(494.0,3.0)
(494.0,3.0)
(494.0,3.0)
(494.0,3.0)
(493.0,3.0)
(417.0,3.0)
(494.0,3.0)
(494.0,3.0)
(493.0,3.0)
(494.0,3.0)
(494.0,3.0)
(494.0,3.0)
(494.0,3.0)
(494.0,3.0)
(494.0,3.0)
(494.0,3.0)
(494.0,3.0)
(494.0,3.0)
(494.0,3.0)
(494.0,3.0)
(404.0,3.0)
(494.0,3.0)
(494.0,3.0)
(459.0,3.0)
(494.0,3.0)
(494.0,3.0)
(493.0,3.0)
(494.0,3.0)
(494.0,3.0)
(493.0,3.0)
(494.0,3.0)
(494.0,3.0)
(494.0,3.0)
(494.0,3.0)
(494.0,3.0)
(494.0,3.0)
(494.0,3.0)
(494.0,3.0)
(494.0,3.0)
(489.0,3.0)
(493.0,3.0)
(494.0,3.0)
(494.0,3.0)
(494.0,3.0)
(494.0,3.0)
(493.0,3.0)
(493.0,3.0)
(494.0,3.0)
(494.0,3.0)
(494.0,3.0)
(493.0,3.0)
(494.0,3.0)
(494.0,3.0)
(494.0,3.0)
(494.0,3.0)
(493.0,3.0)
(494.0,3.0)
(493.0,3.0)
(494.0,3.0)
(494.0,3.0)
(494.0,3.0)
(494.0,3.0)
(494.0,3.0)
(494.0,3.0)
(459.0,3.0)
(17.0,3.0)
(494.0,3.0)
(493.0,3.0)
(494.0,3.0)
(494.0,3.0)
(493.0,3.0)
(494.0,3.0)
(494.0,3.0)
(493.0,3.0)
(494.0,3.0)
(494.0,3.0)
(494.0,3.0)
(494.0,3.0)
(494.0,3.0)
(493.0,3.0)
(17.0,3.0)
(494.0,3.0)
(494.0,3.0)
(493.0,3.0)
(494.0,3.0)
(494.0,3.0)
(494.0,3.0)
(489.0,3.0)
(494.0,3.0)
(494.0,3.0)
(494.0,3.0)
(493.0,3.0)
(494.0,3.0)
(494.0,3.0)
(494.0,3.0)
(494.0,3.0)
(494.0,3.0)
(494.0,3.0)
(494.0,3.0)
(494.0,3.0)
(494.0,3.0)
(17.0,3.0)
(494.0,3.0)
(494.0,3.0)
(489.0,3.0)
(494.0,3.0)
(494.0,3.0)
(494.0,3.0)
(493.0,3.0)
(494.0,3.0)
(494.0,3.0)
(494.0,3.0)
(494.0,3.0)
(494.0,3.0)
(493.0,3.0)
(494.0,3.0)
(494.0,3.0)
(494.0,494.0)
(494.0,494.0)
(413.0,494.0)
(494.0,494.0)
(494.0,494.0)
(494.0,494.0)
(494.0,494.0)
(494.0,494.0)
(404.0,494.0)
(494.0,494.0)
(494.0,494.0)
(494.0,494.0)
(494.0,494.0)
(494.0,494.0)
(494.0,494.0)
(494.0,494.0)
(494.0,494.0)
(494.0,494.0)
(494.0,494.0)
(493.0,494.0)
(493.0,494.0)
(494.0,494.0)
(494.0,494.0)
(493.0,494.0)
(494.0,494.0)
(494.0,494.0)
(494.0,494.0)
(494.0,494.0)
(494.0,494.0)
(494.0,494.0)
(494.0,494.0)
(494.0,494.0)
(494.0,494.0)
(494.0,494.0)
(493.0,494.0)
(494.0,494.0)
(494.0,494.0)
(489.0,494.0)
(493.0,494.0)
(494.0,494.0)
(494.0,494.0)
(489.0,494.0)
(494.0,494.0)
(489.0,494.0)
(494.0,494.0)
(494.0,494.0)
(494.0,494.0)
(494.0,494.0)
(494.0,494.0)
(493.0,494.0)
(493.0,494.0)
(494.0,494.0)
(494.0,494.0)
(494.0,494.0)
(494.0,494.0)
(494.0,494.0)
(494.0,494.0)
(494.0,494.0)
(494.0,494.0)
(494.0,494.0)
(262.0,494.0)
(404.0,494.0)
(494.0,494.0)
(494.0,494.0)
(494.0,494.0)
(494.0,494.0)
(494.0,494.0)
(493.0,494.0)
(494.0,494.0)
(494.0,494.0)
(494.0,494.0)
(494.0,494.0)
(494.0,494.0)
(494.0,494.0)
(494.0,494.0)
(494.0,494.0)
(494.0,494.0)
(494.0,494.0)
(494.0,494.0)
(404.0,494.0)
(494.0,494.0)
(494.0,494.0)
(494.0,494.0)
(494.0,494.0)
(494.0,494.0)
(489.0,494.0)
(494.0,494.0)
(494.0,494.0)
(494.0,494.0)
(494.0,494.0)
(494.0,494.0)
(494.0,494.0)
(494.0,494.0)
(494.0,494.0)
(494.0,494.0)
(494.0,494.0)
(494.0,494.0)
(494.0,494.0)
(494.0,494.0)
(493.0,494.0)
(494.0,494.0)
(494.0,494.0)
(494.0,494.0)
(494.0,494.0)
(494.0,494.0)
(494.0,494.0)
(494.0,494.0)
(494.0,494.0)
(494.0,494.0)
(494.0,494.0)
(404.0,494.0)
(494.0,494.0)
(494.0,494.0)
(494.0,494.0)
(494.0,494.0)
(494.0,494.0)
(494.0,494.0)
(494.0,494.0)
(494.0,494.0)
(494.0,494.0)
(494.0,494.0)
(494.0,494.0)
(494.0,494.0)
(494.0,494.0)
(494.0,494.0)
(494.0,494.0)
(85.0,494.0)
(494.0,494.0)
(494.0,494.0)
(493.0,494.0)
(494.0,494.0)
(494.0,494.0)
(494.0,494.0)
(494.0,494.0)
(494.0,494.0)
(494.0,494.0)
(494.0,494.0)
(494.0,494.0)
(494.0,494.0)
(494.0,494.0)
(494.0,494.0)
(494.0,494.0)
(494.0,494.0)
(493.0,494.0)
(494.0,494.0)
(494.0,494.0)
(494.0,494.0)
(494.0,494.0)
(494.0,494.0)
(494.0,494.0)
(494.0,494.0)
(494.0,494.0)
(494.0,494.0)
(494.0,494.0)
(494.0,494.0)
(494.0,494.0)
(494.0,494.0)
(494.0,494.0)
(494.0,494.0)
(494.0,494.0)
(494.0,494.0)
(494.0,494.0)
(494.0,494.0)
(494.0,494.0)
(494.0,494.0)
(494.0,494.0)
(494.0,494.0)
(494.0,494.0)
(494.0,494.0)
(494.0,494.0)
(495.0,495.0)
(25.0,495.0)
(25.0,495.0)
(25.0,495.0)
(17.0,495.0)
(17.0,495.0)
(495.0,495.0)
(17.0,495.0)
(29.0,495.0)
(29.0,495.0)
(495.0,495.0)
(495.0,495.0)
(495.0,495.0)
(25.0,495.0)
(495.0,495.0)
(459.0,495.0)
(17.0,495.0)
(503.0,495.0)
(13.0,495.0)
(495.0,495.0)
(495.0,495.0)
(102.0,495.0)
(17.0,495.0)
(17.0,495.0)
(499.0,495.0)
(17.0,495.0)
(25.0,495.0)
(495.0,495.0)
(17.0,495.0)
(17.0,495.0)
(16.0,495.0)
(17.0,495.0)
(495.0,495.0)
(503.0,495.0)
(495.0,495.0)
(17.0,495.0)
(459.0,495.0)
(17.0,495.0)
(515.0,495.0)
(17.0,495.0)
(495.0,495.0)
(22.0,495.0)
(17.0,495.0)
(17.0,495.0)
(495.0,495.0)
(495.0,495.0)
(17.0,495.0)
(25.0,495.0)
(495.0,495.0)
(516.0,495.0)
(17.0,495.0)
(785.0,495.0)
(17.0,495.0)
(22.0,495.0)
(17.0,495.0)
(17.0,495.0)
(25.0,495.0)
(25.0,495.0)
(29.0,495.0)
(17.0,495.0)
(17.0,495.0)
(31.0,495.0)
(25.0,495.0)
(459.0,495.0)
(495.0,495.0)
(495.0,495.0)
(495.0,495.0)
(459.0,495.0)
(17.0,495.0)
(16.0,495.0)
(25.0,495.0)
(488.0,495.0)
(785.0,495.0)
(13.0,495.0)
(17.0,495.0)
(495.0,495.0)
(25.0,495.0)
(459.0,495.0)
(785.0,495.0)
(17.0,495.0)
(25.0,495.0)
(17.0,495.0)
(17.0,495.0)
(11.0,495.0)
(17.0,495.0)
(22.0,495.0)
(17.0,495.0)
(495.0,495.0)
(490.0,495.0)
(15.0,495.0)
(17.0,495.0)
(29.0,495.0)
(495.0,495.0)
(17.0,495.0)
(25.0,495.0)
(495.0,495.0)
(503.0,495.0)
(459.0,495.0)
(8.0,495.0)
(13.0,495.0)
(503.0,495.0)
(11.0,495.0)
(102.0,495.0)
(8.0,495.0)
(22.0,495.0)
(16.0,495.0)
(11.0,495.0)
(22.0,495.0)
(15.0,495.0)
(17.0,495.0)
(17.0,495.0)
(17.0,495.0)
(17.0,495.0)
(22.0,495.0)
(17.0,495.0)
(25.0,495.0)
(785.0,495.0)
(17.0,495.0)
(499.0,495.0)
(25.0,495.0)
(459.0,495.0)
(25.0,495.0)
(17.0,495.0)
(28.0,495.0)
(733.0,495.0)
(31.0,495.0)
(785.0,495.0)
(15.0,495.0)
(495.0,495.0)
(516.0,495.0)
(17.0,495.0)
(17.0,495.0)
(8.0,495.0)
(495.0,495.0)
(29.0,495.0)
(29.0,495.0)
(495.0,495.0)
(427.0,495.0)
(495.0,495.0)
(499.0,495.0)
(17.0,495.0)
(459.0,495.0)
(17.0,495.0)
(17.0,495.0)
(17.0,495.0)
(17.0,495.0)
(25.0,495.0)
(22.0,495.0)
(503.0,495.0)
(15.0,495.0)
(785.0,495.0)
(18.0,495.0)
(25.0,495.0)
(29.0,495.0)
(17.0,495.0)
(31.0,495.0)
(17.0,495.0)
(17.0,495.0)
(25.0,495.0)
(22.0,495.0)
(17.0,495.0)
(17.0,495.0)
(29.0,495.0)
(17.0,495.0)
(17.0,495.0)
(17.0,495.0)
(495.0,495.0)
(22.0,495.0)
(495.0,495.0)
(447.0,497.0)
(31.0,497.0)
(17.0,497.0)
(475.0,497.0)
(17.0,497.0)
(31.0,497.0)
(475.0,497.0)
(25.0,497.0)
(447.0,497.0)
(391.0,497.0)
(31.0,497.0)
(487.0,497.0)
(596.0,497.0)
(17.0,497.0)
(494.0,497.0)
(17.0,497.0)
(494.0,497.0)
(494.0,497.0)
(519.0,497.0)
(17.0,497.0)
(519.0,497.0)
(447.0,497.0)
(489.0,497.0)
(475.0,497.0)
(386.0,497.0)
(596.0,497.0)
(784.0,497.0)
(447.0,497.0)
(17.0,497.0)
(475.0,497.0)
(459.0,497.0)
(387.0,497.0)
(387.0,497.0)
(447.0,497.0)
(494.0,497.0)
(43.0,497.0)
(447.0,497.0)
(17.0,497.0)
(17.0,497.0)
(264.0,497.0)
(386.0,497.0)
(387.0,497.0)
(17.0,497.0)
(494.0,497.0)
(386.0,497.0)
(459.0,497.0)
(17.0,497.0)
(302.0,497.0)
(494.0,497.0)
(494.0,497.0)
(459.0,497.0)
(785.0,497.0)
(17.0,497.0)
(387.0,497.0)
(17.0,497.0)
(494.0,497.0)
(494.0,497.0)
(459.0,497.0)
(17.0,497.0)
(519.0,497.0)
(447.0,497.0)
(459.0,497.0)
(166.0,497.0)
(262.0,497.0)
(387.0,497.0)
(494.0,497.0)
(459.0,497.0)
(475.0,497.0)
(399.0,497.0)
(447.0,497.0)
(31.0,497.0)
(784.0,497.0)
(447.0,497.0)
(494.0,497.0)
(31.0,497.0)
(489.0,497.0)
(17.0,497.0)
(17.0,497.0)
(785.0,497.0)
(447.0,497.0)
(602.0,497.0)
(262.0,497.0)
(17.0,497.0)
(489.0,497.0)
(459.0,497.0)
(475.0,497.0)
(494.0,497.0)
(475.0,497.0)
(494.0,497.0)
(387.0,497.0)
(489.0,497.0)
(494.0,497.0)
(475.0,497.0)
(17.0,497.0)
(494.0,497.0)
(17.0,497.0)
(494.0,497.0)
(494.0,497.0)
(494.0,497.0)
(17.0,497.0)
(387.0,497.0)
(490.0,497.0)
(494.0,497.0)
(413.0,497.0)
(17.0,497.0)
(596.0,497.0)
(519.0,497.0)
(387.0,497.0)
(387.0,497.0)
(17.0,497.0)
(494.0,497.0)
(31.0,497.0)
(494.0,497.0)
(43.0,497.0)
(494.0,497.0)
(447.0,497.0)
(459.0,497.0)
(387.0,497.0)
(494.0,497.0)
(475.0,497.0)
(499.0,497.0)
(447.0,497.0)
(447.0,497.0)
(516.0,496.0)
(31.0,496.0)
(459.0,496.0)
(459.0,496.0)
(459.0,496.0)
(516.0,496.0)
(16.0,496.0)
(516.0,496.0)
(511.0,496.0)
(516.0,496.0)
(516.0,496.0)
(16.0,496.0)
(516.0,496.0)
(516.0,496.0)
(516.0,496.0)
(29.0,496.0)
(516.0,496.0)
(516.0,496.0)
(30.0,496.0)
(17.0,496.0)
(516.0,496.0)
(516.0,496.0)
(516.0,496.0)
(16.0,496.0)
(17.0,496.0)
(459.0,496.0)
(16.0,496.0)
(516.0,496.0)
(516.0,496.0)
(16.0,496.0)
(516.0,496.0)
(516.0,496.0)
(516.0,496.0)
(516.0,496.0)
(511.0,496.0)
(516.0,496.0)
(29.0,496.0)
(459.0,496.0)
(516.0,496.0)
(29.0,496.0)
(495.0,496.0)
(29.0,496.0)
(516.0,496.0)
(459.0,496.0)
(516.0,496.0)
(9.0,496.0)
(459.0,496.0)
(516.0,496.0)
(459.0,496.0)
(516.0,496.0)
(17.0,496.0)
(31.0,496.0)
(516.0,496.0)
(516.0,496.0)
(516.0,496.0)
(516.0,496.0)
(17.0,496.0)
(516.0,496.0)
(459.0,496.0)
(516.0,496.0)
(495.0,496.0)
(17.0,496.0)
(459.0,496.0)
(516.0,496.0)
(516.0,496.0)
(516.0,496.0)
(516.0,496.0)
(16.0,496.0)
(459.0,496.0)
(459.0,496.0)
(459.0,496.0)
(516.0,496.0)
(459.0,496.0)
(516.0,496.0)
(516.0,496.0)
(516.0,496.0)
(459.0,496.0)
(495.0,496.0)
(516.0,496.0)
(516.0,496.0)
(516.0,496.0)
(516.0,496.0)
(452.0,496.0)
(516.0,496.0)
(29.0,496.0)
(516.0,496.0)
(516.0,496.0)
(516.0,496.0)
(29.0,496.0)
(16.0,496.0)
(16.0,496.0)
(516.0,496.0)
(516.0,496.0)
(516.0,496.0)
(516.0,496.0)
(516.0,496.0)
(516.0,496.0)
(516.0,496.0)
(16.0,496.0)
(17.0,496.0)
(17.0,496.0)
(459.0,496.0)
(17.0,496.0)
(516.0,496.0)
(516.0,496.0)
(516.0,496.0)
(516.0,496.0)
(516.0,496.0)
(516.0,496.0)
(516.0,496.0)
(516.0,496.0)
(516.0,496.0)
(516.0,496.0)
(459.0,496.0)
(9.0,496.0)
(515.0,496.0)
(29.0,496.0)
(459.0,496.0)
(516.0,496.0)
(16.0,496.0)
(516.0,496.0)
(516.0,496.0)
(9.0,496.0)
(212.0,496.0)
(511.0,496.0)
(459.0,496.0)
(516.0,496.0)
(516.0,496.0)
(516.0,496.0)
(516.0,496.0)
(459.0,496.0)
(516.0,496.0)
(29.0,496.0)
(511.0,496.0)
(516.0,496.0)
(516.0,496.0)
(516.0,496.0)
(459.0,496.0)
(212.0,496.0)
(495.0,496.0)
(16.0,496.0)
(516.0,496.0)
(516.0,496.0)
(459.0,496.0)
(516.0,496.0)
(511.0,496.0)
(516.0,496.0)
(516.0,496.0)
(17.0,496.0)
(17.0,496.0)
(516.0,496.0)
(17.0,496.0)
(785.0,496.0)
(17.0,498.0)
(18.0,498.0)
(18.0,498.0)
(17.0,498.0)
(13.0,498.0)
(498.0,498.0)
(17.0,498.0)
(16.0,498.0)
(17.0,498.0)
(17.0,498.0)
(459.0,498.0)
(503.0,498.0)
(17.0,498.0)
(503.0,498.0)
(21.0,498.0)
(17.0,498.0)
(17.0,498.0)
(515.0,498.0)
(18.0,498.0)
(17.0,498.0)
(17.0,498.0)
(16.0,498.0)
(503.0,498.0)
(515.0,498.0)
(16.0,498.0)
(21.0,498.0)
(503.0,498.0)
(503.0,498.0)
(17.0,498.0)
(17.0,498.0)
(17.0,498.0)
(18.0,498.0)
(515.0,498.0)
(515.0,498.0)
(17.0,498.0)
(29.0,498.0)
(515.0,498.0)
(29.0,498.0)
(17.0,498.0)
(13.0,498.0)
(503.0,498.0)
(17.0,498.0)
(17.0,498.0)
(515.0,498.0)
(17.0,498.0)
(459.0,498.0)
(16.0,498.0)
(503.0,498.0)
(17.0,498.0)
(503.0,498.0)
(498.0,498.0)
(515.0,498.0)
(18.0,498.0)
(16.0,498.0)
(503.0,498.0)
(498.0,498.0)
(459.0,498.0)
(13.0,498.0)
(16.0,498.0)
(21.0,498.0)
(515.0,498.0)
(17.0,498.0)
(515.0,498.0)
(17.0,498.0)
(13.0,498.0)
(503.0,498.0)
(18.0,498.0)
(18.0,498.0)
(13.0,498.0)
(503.0,498.0)
(13.0,498.0)
(17.0,498.0)
(17.0,498.0)
(17.0,498.0)
(16.0,498.0)
(503.0,498.0)
(503.0,498.0)
(16.0,498.0)
(503.0,498.0)
(459.0,498.0)
(515.0,498.0)
(503.0,498.0)
(17.0,498.0)
(459.0,498.0)
(503.0,498.0)
(17.0,498.0)
(17.0,498.0)
(17.0,498.0)
(17.0,498.0)
(503.0,498.0)
(17.0,498.0)
(17.0,498.0)
(17.0,498.0)
(498.0,498.0)
(17.0,498.0)
(17.0,498.0)
(503.0,498.0)
(16.0,498.0)
(503.0,498.0)
(498.0,498.0)
(17.0,498.0)
(17.0,498.0)
(459.0,498.0)
(17.0,498.0)
(503.0,498.0)
(17.0,498.0)
(102.0,498.0)
(17.0,498.0)
(16.0,498.0)
(503.0,498.0)
(515.0,498.0)
(17.0,498.0)
(503.0,498.0)
(29.0,498.0)
(503.0,498.0)
(17.0,498.0)
(17.0,498.0)
(503.0,498.0)
(29.0,498.0)
(17.0,498.0)
(17.0,498.0)
(21.0,498.0)
(503.0,498.0)
(515.0,498.0)
(503.0,498.0)
(503.0,498.0)
(515.0,498.0)
(17.0,498.0)
(17.0,498.0)
(16.0,498.0)
(17.0,498.0)
(515.0,498.0)
(459.0,498.0)
(404.0,498.0)
(498.0,498.0)
(17.0,498.0)
(16.0,498.0)
(503.0,498.0)
(21.0,498.0)
(17.0,498.0)
(503.0,498.0)
(16.0,498.0)
(29.0,498.0)
(515.0,498.0)
(123.0,498.0)
(16.0,498.0)
(17.0,498.0)
(503.0,498.0)
(17.0,498.0)
(17.0,498.0)
(16.0,498.0)
(503.0,498.0)
(17.0,498.0)
(17.0,498.0)
(503.0,498.0)
(459.0,498.0)
(16.0,498.0)
(515.0,498.0)
(16.0,498.0)
(18.0,498.0)
(17.0,498.0)
(17.0,498.0)
(515.0,498.0)
(503.0,498.0)
(515.0,498.0)
(17.0,498.0)
(17.0,498.0)
(515.0,498.0)
(503.0,498.0)
(17.0,498.0)
(17.0,498.0)
(515.0,498.0)
(16.0,498.0)
(459.0,498.0)
(503.0,498.0)
(17.0,498.0)
(503.0,498.0)
(17.0,498.0)
(511.0,498.0)
(16.0,498.0)
(515.0,498.0)
(13.0,498.0)
(17.0,498.0)
(503.0,498.0)
(17.0,498.0)
(459.0,498.0)
(18.0,498.0)
(17.0,498.0)
(16.0,498.0)
(16.0,498.0)
(17.0,498.0)
(459.0,498.0)
(503.0,498.0)
(459.0,498.0)
(515.0,498.0)
(29.0,498.0)
(515.0,498.0)
(498.0,498.0)
(16.0,498.0)
(498.0,498.0)
(503.0,498.0)
(16.0,498.0)
(17.0,498.0)
(515.0,498.0)
(123.0,498.0)
(515.0,498.0)
(17.0,498.0)
(515.0,498.0)
(16.0,498.0)
(503.0,498.0)
(16.0,498.0)
(498.0,498.0)
(17.0,498.0)
(503.0,498.0)
(18.0,498.0)
(17.0,498.0)
(503.0,498.0)
(17.0,498.0)
(17.0,498.0)
(16.0,498.0)
(498.0,498.0)
(498.0,498.0)
(498.0,498.0)
(503.0,498.0)
(459.0,498.0)
(16.0,498.0)
(17.0,498.0)
(17.0,498.0)
(503.0,498.0)
(503.0,498.0)
(17.0,498.0)
(17.0,498.0)
(17.0,498.0)
(17.0,498.0)
(503.0,498.0)
(17.0,498.0)
(17.0,498.0)
(17.0,498.0)
(459.0,498.0)
(515.0,498.0)
(17.0,498.0)
(503.0,498.0)
(515.0,498.0)
(16.0,498.0)
(16.0,498.0)
(17.0,498.0)
(17.0,498.0)
(515.0,498.0)
(16.0,498.0)
(515.0,498.0)
(16.0,498.0)
(17.0,498.0)
(16.0,498.0)
(17.0,498.0)
(29.0,498.0)
(515.0,498.0)
(13.0,498.0)
(22.0,498.0)
(17.0,498.0)
(17.0,498.0)
(498.0,498.0)
(459.0,498.0)
(17.0,498.0)
(515.0,498.0)
(498.0,498.0)
(498.0,498.0)
(515.0,498.0)
(16.0,498.0)
(503.0,498.0)
(515.0,498.0)
(17.0,498.0)
(17.0,498.0)
(16.0,498.0)
(17.0,498.0)
(515.0,498.0)
(503.0,498.0)
(16.0,498.0)
(515.0,498.0)
(16.0,498.0)
(17.0,498.0)
(498.0,498.0)
(17.0,498.0)
(498.0,498.0)
(17.0,498.0)
(17.0,498.0)
(503.0,498.0)
(18.0,498.0)
(17.0,498.0)
(498.0,498.0)
(503.0,498.0)
(16.0,498.0)
(17.0,498.0)
(17.0,498.0)
(515.0,498.0)
(503.0,498.0)
(17.0,498.0)
(503.0,498.0)
(459.0,498.0)
(17.0,498.0)
(17.0,498.0)
(16.0,498.0)
(18.0,498.0)
(17.0,498.0)
(503.0,498.0)
(16.0,498.0)
(18.0,498.0)
(515.0,498.0)
(16.0,498.0)
(498.0,498.0)
(503.0,498.0)
(515.0,498.0)
(17.0,498.0)
(17.0,498.0)
(16.0,498.0)
(498.0,498.0)
(515.0,498.0)
(515.0,498.0)
(25.0,498.0)
(29.0,498.0)
(515.0,498.0)
(17.0,498.0)
(515.0,498.0)
(503.0,498.0)
(459.0,498.0)
(459.0,498.0)
(515.0,498.0)
(17.0,498.0)
(16.0,498.0)
(16.0,498.0)
(515.0,498.0)
(459.0,498.0)
(503.0,498.0)
(498.0,498.0)
(515.0,498.0)
(18.0,498.0)
(16.0,498.0)
(503.0,498.0)
(498.0,498.0)
(459.0,498.0)
(16.0,498.0)
(17.0,498.0)
(515.0,498.0)
(515.0,498.0)
(17.0,498.0)
(17.0,498.0)
(13.0,498.0)
(30.0,498.0)
(16.0,498.0)
(22.0,498.0)
(13.0,498.0)
(503.0,498.0)
(13.0,498.0)
(17.0,498.0)
(17.0,498.0)
(17.0,498.0)
(16.0,498.0)
(503.0,498.0)
(503.0,498.0)
(459.0,498.0)
(18.0,498.0)
(459.0,498.0)
(16.0,498.0)
(515.0,498.0)
(17.0,498.0)
(515.0,498.0)
(503.0,498.0)
(17.0,498.0)
(17.0,498.0)
(17.0,498.0)
(17.0,498.0)
(503.0,498.0)
(17.0,498.0)
(17.0,498.0)
(17.0,498.0)
(498.0,498.0)
(29.0,498.0)
(17.0,498.0)
(18.0,498.0)
(16.0,498.0)
(515.0,498.0)
(498.0,498.0)
(17.0,498.0)
(17.0,498.0)
(515.0,498.0)
(17.0,498.0)
(515.0,498.0)
(17.0,498.0)
(17.0,498.0)
(16.0,498.0)
(29.0,498.0)
(17.0,498.0)
(503.0,498.0)
(13.0,498.0)
(16.0,498.0)
(17.0,498.0)
(17.0,498.0)
(503.0,498.0)
(29.0,498.0)
(17.0,498.0)
(17.0,498.0)
(498.0,498.0)
(503.0,498.0)
(18.0,498.0)
(503.0,498.0)
(503.0,498.0)
(503.0,498.0)
(17.0,498.0)
(17.0,498.0)
(16.0,498.0)
(17.0,498.0)
(29.0,498.0)
(404.0,498.0)
(498.0,498.0)
(29.0,498.0)
(16.0,498.0)
(17.0,498.0)
(498.0,498.0)
(498.0,498.0)
(503.0,498.0)
(17.0,498.0)
(515.0,498.0)
(17.0,498.0)
(18.0,498.0)
(17.0,498.0)
(498.0,498.0)
(503.0,498.0)
(17.0,498.0)
(17.0,498.0)
(515.0,498.0)
(515.0,498.0)
(503.0,498.0)
(17.0,498.0)
(503.0,498.0)
(515.0,498.0)
(17.0,498.0)
(17.0,498.0)
(16.0,498.0)
(18.0,498.0)
(17.0,498.0)
(21.0,498.0)
(16.0,498.0)
(498.0,498.0)
(515.0,498.0)
(16.0,498.0)
(498.0,498.0)
(503.0,498.0)
(515.0,498.0)
(17.0,498.0)
(17.0,498.0)
(16.0,498.0)
(498.0,498.0)
(503.0,498.0)
(29.0,498.0)
(17.0,498.0)
(25.0,498.0)
(515.0,498.0)
(17.0,498.0)
(515.0,498.0)
(503.0,498.0)
(498.0,498.0)
(459.0,498.0)
(515.0,498.0)
(17.0,498.0)
(16.0,498.0)
(16.0,498.0)
(503.0,498.0)
(459.0,498.0)
(503.0,498.0)
(498.0,498.0)
(18.0,498.0)
(29.0,498.0)
(16.0,498.0)
(503.0,498.0)
(498.0,498.0)
(459.0,498.0)
(16.0,498.0)
(17.0,498.0)
(515.0,498.0)
(17.0,498.0)
(17.0,498.0)
(16.0,498.0)
(503.0,498.0)
(16.0,498.0)
(22.0,498.0)
(13.0,498.0)
(503.0,498.0)
(13.0,498.0)
(16.0,498.0)
(17.0,498.0)
(17.0,498.0)
(16.0,498.0)
(503.0,498.0)
(503.0,498.0)
(17.0,498.0)
(498.0,498.0)
(459.0,498.0)
(16.0,498.0)
(515.0,498.0)
(17.0,498.0)
(515.0,498.0)
(503.0,498.0)
(17.0,498.0)
(17.0,498.0)
(16.0,498.0)
(17.0,498.0)
(17.0,498.0)
(17.0,498.0)
(17.0,498.0)
(17.0,498.0)
(18.0,498.0)
(29.0,498.0)
(17.0,498.0)
(503.0,498.0)
(16.0,498.0)
(16.0,498.0)
(498.0,498.0)
(17.0,498.0)
(17.0,498.0)
(459.0,498.0)
(17.0,498.0)
(503.0,498.0)
(17.0,498.0)
(17.0,498.0)
(16.0,498.0)
(29.0,498.0)
(18.0,498.0)
(515.0,498.0)
(16.0,498.0)
(16.0,498.0)
(17.0,498.0)
(17.0,498.0)
(503.0,498.0)
(17.0,498.0)
(515.0,498.0)
(17.0,498.0)
(498.0,498.0)
(498.0,498.0)
(18.0,498.0)
(16.0,498.0)
(503.0,498.0)
(515.0,498.0)
(17.0,498.0)
(17.0,498.0)
(16.0,498.0)
(17.0,498.0)
(459.0,498.0)
(404.0,498.0)
(16.0,498.0)
(29.0,498.0)
(16.0,498.0)
(17.0,498.0)
(498.0,498.0)
(498.0,498.0)
(515.0,498.0)
(503.0,498.0)
(18.0,18.0)
(515.0,18.0)
(515.0,18.0)
(17.0,18.0)
(13.0,18.0)
(515.0,18.0)
(16.0,18.0)
(515.0,18.0)
(16.0,18.0)
(17.0,18.0)
(17.0,18.0)
(18.0,18.0)
(17.0,18.0)
(503.0,18.0)
(17.0,18.0)
(18.0,18.0)
(18.0,18.0)
(18.0,18.0)
(515.0,18.0)
(17.0,18.0)
(503.0,18.0)
(515.0,18.0)
(515.0,18.0)
(18.0,18.0)
(515.0,18.0)
(16.0,18.0)
(18.0,18.0)
(16.0,18.0)
(18.0,18.0)
(515.0,18.0)
(25.0,18.0)
(17.0,18.0)
(503.0,18.0)
(17.0,18.0)
(503.0,18.0)
(16.0,18.0)
(17.0,18.0)
(18.0,18.0)
(17.0,18.0)
(17.0,18.0)
(515.0,18.0)
(17.0,18.0)
(503.0,18.0)
(16.0,18.0)
(17.0,18.0)
(17.0,18.0)
(515.0,18.0)
(18.0,18.0)
(515.0,18.0)
(18.0,18.0)
(18.0,18.0)
(16.0,18.0)
(18.0,18.0)
(18.0,18.0)
(25.0,18.0)
(503.0,18.0)
(17.0,18.0)
(515.0,18.0)
(18.0,18.0)
(17.0,18.0)
(18.0,18.0)
(13.0,18.0)
(17.0,18.0)
(515.0,18.0)
(16.0,18.0)
(18.0,18.0)
(515.0,18.0)
(515.0,18.0)
(18.0,18.0)
(18.0,18.0)
(515.0,18.0)
(515.0,18.0)
(503.0,18.0)
(15.0,18.0)
(18.0,18.0)
(18.0,18.0)
(515.0,18.0)
(18.0,18.0)
(17.0,18.0)
(18.0,18.0)
(17.0,18.0)
(17.0,18.0)
(16.0,18.0)
(16.0,18.0)
(17.0,18.0)
(17.0,18.0)
(515.0,18.0)
(17.0,18.0)
(16.0,18.0)
(16.0,18.0)
(515.0,18.0)
(515.0,18.0)
(17.0,18.0)
(17.0,18.0)
(18.0,18.0)
(17.0,18.0)
(515.0,18.0)
(13.0,18.0)
(18.0,18.0)
(515.0,18.0)
(515.0,18.0)
(515.0,18.0)
(16.0,18.0)
(18.0,18.0)
(515.0,18.0)
(18.0,18.0)
(17.0,18.0)
(18.0,18.0)
(16.0,18.0)
(503.0,18.0)
(17.0,18.0)
(15.0,18.0)
(20.0,18.0)
(18.0,18.0)
(18.0,18.0)
(18.0,18.0)
(16.0,18.0)
(21.0,18.0)
(18.0,18.0)
(515.0,18.0)
(515.0,18.0)
(16.0,18.0)
(18.0,18.0)
(18.0,18.0)
(503.0,18.0)
(18.0,18.0)
(17.0,18.0)
(18.0,18.0)
(17.0,18.0)
(15.0,18.0)
(17.0,18.0)
(18.0,18.0)
(18.0,18.0)
(18.0,18.0)
(515.0,18.0)
(16.0,18.0)
(18.0,18.0)
(515.0,18.0)
(515.0,18.0)
(18.0,18.0)
(16.0,18.0)
(17.0,18.0)
(17.0,18.0)
(17.0,18.0)
(13.0,18.0)
(515.0,18.0)
(16.0,18.0)
(16.0,18.0)
(515.0,18.0)
(18.0,18.0)
(503.0,18.0)
(515.0,18.0)
(515.0,18.0)
(16.0,18.0)
(515.0,18.0)
(16.0,18.0)
(17.0,18.0)
(515.0,18.0)
(17.0,18.0)
(18.0,18.0)
(16.0,18.0)
(17.0,18.0)
(515.0,18.0)
(17.0,18.0)
(17.0,18.0)
(515.0,18.0)
(506.0,18.0)
(29.0,18.0)
(17.0,18.0)
(29.0,18.0)
(515.0,18.0)
(16.0,18.0)
(18.0,18.0)
(17.0,18.0)
(17.0,18.0)
(17.0,18.0)
(515.0,18.0)
(17.0,18.0)
(29.0,18.0)
(17.0,18.0)
(515.0,18.0)
(515.0,18.0)
(17.0,18.0)
(18.0,18.0)
(17.0,18.0)
(515.0,18.0)
(18.0,18.0)
(17.0,18.0)
(17.0,18.0)
(17.0,18.0)
(18.0,18.0)
(16.0,18.0)
(16.0,18.0)
(18.0,18.0)
(515.0,18.0)
(29.0,18.0)
(17.0,18.0)
(515.0,18.0)
(17.0,18.0)
(17.0,18.0)
(18.0,18.0)
(18.0,18.0)
(29.0,18.0)
(18.0,18.0)
(515.0,18.0)
(16.0,18.0)
(16.0,18.0)
(13.0,18.0)
(515.0,18.0)
(17.0,18.0)
(16.0,18.0)
(515.0,18.0)
(17.0,18.0)
(16.0,18.0)
(16.0,18.0)
(16.0,18.0)
(29.0,18.0)
(17.0,18.0)
(18.0,18.0)
(16.0,18.0)
(18.0,18.0)
(18.0,18.0)
(16.0,18.0)
(16.0,18.0)
(18.0,18.0)
(18.0,18.0)
(16.0,18.0)
(16.0,18.0)
(503.0,18.0)
(515.0,18.0)
(16.0,18.0)
(16.0,18.0)
(515.0,18.0)
(515.0,18.0)
(515.0,18.0)
(17.0,18.0)
(17.0,18.0)
(16.0,18.0)
(16.0,18.0)
(16.0,18.0)
(29.0,18.0)
(18.0,18.0)
(16.0,18.0)
(17.0,18.0)
(18.0,18.0)
(17.0,18.0)
(515.0,18.0)
(18.0,18.0)
(13.0,18.0)
(515.0,18.0)
(16.0,18.0)
(16.0,18.0)
(17.0,18.0)
(17.0,18.0)
(515.0,18.0)
(17.0,18.0)
(17.0,18.0)
(13.0,18.0)
(515.0,18.0)
(17.0,18.0)
(16.0,18.0)
(18.0,18.0)
(16.0,18.0)
(17.0,18.0)
(18.0,18.0)
(29.0,18.0)
(17.0,18.0)
(16.0,18.0)
(16.0,18.0)
(503.0,18.0)
(16.0,18.0)
(16.0,18.0)
(16.0,18.0)
(17.0,18.0)
(16.0,18.0)
(16.0,18.0)
(16.0,16.0)
(515.0,16.0)
(16.0,16.0)
(16.0,16.0)
(16.0,16.0)
(16.0,16.0)
(16.0,16.0)
(16.0,16.0)
(16.0,16.0)
(16.0,16.0)
(16.0,16.0)
(515.0,16.0)
(25.0,16.0)
(16.0,16.0)
(16.0,16.0)
(16.0,16.0)
(16.0,16.0)
(16.0,16.0)
(16.0,16.0)
(16.0,16.0)
(16.0,16.0)
(16.0,16.0)
(16.0,16.0)
(16.0,16.0)
(16.0,16.0)
(16.0,16.0)
(16.0,16.0)
(16.0,16.0)
(16.0,16.0)
(459.0,16.0)
(16.0,16.0)
(16.0,16.0)
(16.0,16.0)
(16.0,16.0)
(17.0,16.0)
(16.0,16.0)
(16.0,16.0)
(515.0,16.0)
(16.0,16.0)
(16.0,16.0)
(16.0,16.0)
(16.0,16.0)
(16.0,16.0)
(515.0,16.0)
(16.0,16.0)
(16.0,16.0)
(16.0,16.0)
(16.0,16.0)
(459.0,16.0)
(516.0,16.0)
(16.0,16.0)
(16.0,16.0)
(16.0,16.0)
(16.0,16.0)
(459.0,16.0)
(16.0,16.0)
(16.0,16.0)
(16.0,16.0)
(25.0,16.0)
(16.0,16.0)
(16.0,16.0)
(16.0,16.0)
(16.0,16.0)
(16.0,16.0)
(16.0,16.0)
(16.0,16.0)
(25.0,16.0)
(16.0,16.0)
(515.0,16.0)
(16.0,16.0)
(16.0,16.0)
(16.0,16.0)
(16.0,16.0)
(16.0,16.0)
(16.0,16.0)
(16.0,16.0)
(16.0,16.0)
(16.0,16.0)
(16.0,16.0)
(16.0,16.0)
(16.0,16.0)
(16.0,16.0)
(16.0,16.0)
(16.0,16.0)
(16.0,16.0)
(16.0,16.0)
(16.0,16.0)
(16.0,16.0)
(16.0,16.0)
(16.0,16.0)
(16.0,16.0)
(16.0,16.0)
(459.0,16.0)
(16.0,16.0)
(16.0,16.0)
(16.0,16.0)
(16.0,16.0)
(16.0,16.0)
(382.0,16.0)
(16.0,16.0)
(16.0,16.0)
(16.0,16.0)
(16.0,16.0)
(16.0,16.0)
(16.0,16.0)
(16.0,16.0)
(16.0,16.0)
(511.0,16.0)
(16.0,16.0)
(16.0,16.0)
(515.0,16.0)
(16.0,16.0)
(16.0,16.0)
(16.0,16.0)
(16.0,16.0)
(515.0,16.0)
(16.0,16.0)
(16.0,16.0)
(17.0,16.0)
(16.0,16.0)
(16.0,16.0)
(16.0,16.0)
(515.0,16.0)
(16.0,16.0)
(16.0,16.0)
(16.0,16.0)
(16.0,16.0)
(17.0,16.0)
(16.0,16.0)
(16.0,16.0)
(16.0,16.0)
(16.0,16.0)
(25.0,16.0)
(16.0,16.0)
(16.0,16.0)
(16.0,16.0)
(16.0,16.0)
(16.0,16.0)
(16.0,16.0)
(16.0,16.0)
(16.0,16.0)
(16.0,16.0)
(515.0,16.0)
(16.0,16.0)
(515.0,16.0)
(16.0,16.0)
(16.0,16.0)
(16.0,16.0)
(16.0,16.0)
(16.0,16.0)
(16.0,16.0)
(16.0,16.0)
(16.0,16.0)
(16.0,16.0)
(16.0,16.0)
(16.0,16.0)
(16.0,16.0)
(16.0,16.0)
(16.0,16.0)
(17.0,16.0)
(16.0,16.0)
(16.0,16.0)
(17.0,16.0)
(16.0,16.0)
(515.0,16.0)
(17.0,16.0)
(25.0,16.0)
(16.0,16.0)
(16.0,16.0)
(16.0,16.0)
(16.0,16.0)
(16.0,16.0)
(16.0,16.0)
(16.0,16.0)
(16.0,16.0)
(16.0,16.0)
(16.0,16.0)
(16.0,16.0)
(16.0,16.0)
(16.0,16.0)
(16.0,16.0)
(16.0,16.0)
(16.0,16.0)
(459.0,16.0)
(16.0,16.0)
(16.0,16.0)
(16.0,16.0)
(16.0,16.0)
(17.0,16.0)
(16.0,16.0)
(515.0,16.0)
(16.0,16.0)
(30.0,16.0)
(16.0,16.0)
(16.0,16.0)
(515.0,16.0)
(18.0,16.0)
(16.0,16.0)
(16.0,16.0)
(16.0,16.0)
(459.0,16.0)
(15.0,16.0)
(16.0,16.0)
(16.0,16.0)
(16.0,16.0)
(515.0,16.0)
(29.0,16.0)
(17.0,16.0)
(16.0,16.0)
(16.0,16.0)
(25.0,16.0)
(16.0,16.0)
(16.0,16.0)
(16.0,16.0)
(16.0,16.0)
(16.0,16.0)
(16.0,16.0)
(16.0,16.0)
(16.0,16.0)
(25.0,16.0)
(16.0,16.0)
(515.0,16.0)
(16.0,16.0)
(16.0,16.0)
(16.0,16.0)
(16.0,16.0)
(16.0,16.0)
(16.0,16.0)
(16.0,16.0)
(515.0,16.0)
(15.0,16.0)
(16.0,16.0)
(17.0,16.0)
(16.0,16.0)
(515.0,16.0)
(16.0,16.0)
(16.0,16.0)
(16.0,16.0)
(16.0,16.0)
(16.0,16.0)
(459.0,16.0)
(16.0,16.0)
(16.0,16.0)
(16.0,16.0)
(16.0,16.0)
(17.0,16.0)
(16.0,16.0)
(16.0,16.0)
(16.0,16.0)
(16.0,16.0)
(16.0,16.0)
(16.0,16.0)
(16.0,16.0)
(16.0,16.0)
(17.0,16.0)
(16.0,16.0)
(16.0,16.0)
(16.0,16.0)
(16.0,16.0)
(16.0,16.0)
(16.0,16.0)
(16.0,16.0)
(16.0,16.0)
(16.0,16.0)
(16.0,16.0)
(16.0,16.0)
(16.0,16.0)
(16.0,16.0)
(16.0,16.0)
(16.0,16.0)
(16.0,16.0)
(16.0,16.0)
(25.0,16.0)
(16.0,16.0)
(16.0,16.0)
(515.0,16.0)
(16.0,16.0)
(16.0,16.0)
(16.0,16.0)
(17.0,16.0)
(16.0,16.0)
(16.0,16.0)
(16.0,16.0)
(16.0,16.0)
(506.0,16.0)
(16.0,16.0)
(16.0,16.0)
(16.0,16.0)
(16.0,16.0)
(16.0,16.0)
(515.0,16.0)
(16.0,16.0)
(16.0,16.0)
(16.0,16.0)
(17.0,16.0)
(16.0,16.0)
(16.0,16.0)
(515.0,16.0)
(16.0,16.0)
(16.0,16.0)
(16.0,16.0)
(16.0,16.0)
(16.0,16.0)
(16.0,16.0)
(16.0,16.0)
(16.0,16.0)
(515.0,16.0)
(16.0,16.0)
(16.0,16.0)
(16.0,16.0)
(16.0,16.0)
(16.0,16.0)
(16.0,16.0)
(16.0,16.0)
(16.0,16.0)
(16.0,16.0)
(16.0,16.0)
(17.0,16.0)
(25.0,16.0)
(16.0,16.0)
(16.0,16.0)
(16.0,16.0)
(16.0,16.0)
(16.0,16.0)
(16.0,16.0)
(16.0,16.0)
(16.0,16.0)
(16.0,16.0)
(16.0,16.0)
(16.0,16.0)
(16.0,16.0)
(16.0,16.0)
(16.0,16.0)
(16.0,16.0)
(16.0,16.0)
(459.0,16.0)
(16.0,16.0)
(16.0,16.0)
(16.0,16.0)
(16.0,16.0)
(17.0,16.0)
(16.0,16.0)
(16.0,16.0)
(515.0,16.0)
(16.0,16.0)
(16.0,16.0)
(16.0,16.0)
(25.0,16.0)
(515.0,16.0)
(16.0,16.0)
(16.0,16.0)
(16.0,16.0)
(16.0,16.0)
(459.0,16.0)
(16.0,16.0)
(16.0,16.0)
(16.0,16.0)
(16.0,16.0)
(16.0,16.0)
(16.0,16.0)
(16.0,16.0)
(16.0,16.0)
(16.0,16.0)
(25.0,16.0)
(16.0,16.0)
(16.0,16.0)
(16.0,16.0)
(16.0,16.0)
(16.0,16.0)
(16.0,16.0)
(16.0,16.0)
(25.0,16.0)
(16.0,16.0)
(515.0,16.0)
(16.0,16.0)
(16.0,16.0)
(16.0,16.0)
(16.0,16.0)
(515.0,16.0)
(16.0,16.0)
(16.0,16.0)
(16.0,16.0)
(16.0,16.0)
(16.0,16.0)
(16.0,16.0)
(16.0,16.0)
(16.0,16.0)
(16.0,16.0)
(16.0,16.0)
(16.0,16.0)
(16.0,16.0)
(16.0,16.0)
(16.0,16.0)
(16.0,16.0)
(16.0,16.0)
(459.0,16.0)
(16.0,16.0)
(17.0,16.0)
(16.0,16.0)
(16.0,16.0)
(16.0,16.0)
(16.0,16.0)
(16.0,16.0)
(16.0,16.0)
(16.0,16.0)
(16.0,16.0)
(16.0,16.0)
(16.0,16.0)
(16.0,16.0)
(16.0,16.0)
(16.0,16.0)
(16.0,16.0)
(16.0,16.0)
(515.0,16.0)
(16.0,16.0)
(16.0,16.0)
(16.0,16.0)
(16.0,16.0)
(515.0,16.0)
(16.0,16.0)
(16.0,16.0)
(17.0,16.0)
(503.0,16.0)
(16.0,16.0)
(16.0,16.0)
(506.0,16.0)
(29.0,16.0)
(16.0,16.0)
(16.0,16.0)
(16.0,16.0)
(16.0,16.0)
(17.0,16.0)
(16.0,16.0)
(16.0,16.0)
(16.0,16.0)
(16.0,16.0)
(16.0,16.0)
(16.0,16.0)
(516.0,16.0)
(16.0,16.0)
(16.0,16.0)
(16.0,16.0)
(16.0,16.0)
(16.0,16.0)
(16.0,16.0)
(16.0,16.0)
(16.0,16.0)
(16.0,16.0)
(515.0,16.0)
(16.0,16.0)
(16.0,16.0)
(16.0,16.0)
(515.0,16.0)
(16.0,16.0)
(16.0,16.0)
(16.0,16.0)
(16.0,16.0)
(16.0,16.0)
(16.0,16.0)
(515.0,16.0)
(16.0,16.0)
(16.0,16.0)
(16.0,16.0)
(16.0,16.0)
(16.0,16.0)
(16.0,16.0)
(16.0,16.0)
(16.0,16.0)
(16.0,16.0)
(515.0,16.0)
(25.0,16.0)
(16.0,16.0)
(16.0,16.0)
(16.0,16.0)
(16.0,16.0)
(16.0,16.0)
(16.0,16.0)
(16.0,16.0)
(16.0,16.0)
(16.0,16.0)
(16.0,16.0)
(16.0,16.0)
(16.0,16.0)
(16.0,16.0)
(16.0,16.0)
(16.0,16.0)
(16.0,16.0)
(459.0,16.0)
(16.0,16.0)
(16.0,16.0)
(16.0,16.0)
(16.0,16.0)
(17.0,16.0)
(16.0,16.0)
(16.0,16.0)
(515.0,16.0)
(16.0,16.0)
(16.0,16.0)
(16.0,16.0)
(16.0,16.0)
(25.0,16.0)
(515.0,16.0)
(16.0,16.0)
(16.0,16.0)
(16.0,16.0)
(16.0,16.0)
(459.0,16.0)
(16.0,16.0)
(16.0,16.0)
(16.0,16.0)
(16.0,16.0)
(16.0,16.0)
(459.0,16.0)
(16.0,16.0)
(16.0,16.0)
(16.0,16.0)
(25.0,16.0)
(16.0,16.0)
(16.0,16.0)
(16.0,16.0)
(16.0,16.0)
(16.0,16.0)
(16.0,16.0)
(16.0,16.0)
(25.0,16.0)
(16.0,16.0)
(515.0,16.0)
(16.0,16.0)
(16.0,16.0)
(16.0,16.0)
(16.0,16.0)
(16.0,16.0)
(515.0,16.0)
(16.0,16.0)
(16.0,16.0)
(16.0,16.0)
(16.0,16.0)
(16.0,16.0)
(16.0,16.0)
(16.0,16.0)
(16.0,16.0)
(16.0,16.0)
(16.0,16.0)
(16.0,16.0)
(16.0,16.0)
(16.0,16.0)
(16.0,16.0)
(16.0,16.0)
(16.0,16.0)
(16.0,16.0)
(459.0,16.0)
(16.0,16.0)
(16.0,16.0)
(16.0,16.0)
(16.0,16.0)
(16.0,16.0)
(382.0,16.0)
(16.0,16.0)
(16.0,16.0)
(16.0,16.0)
(16.0,16.0)
(16.0,16.0)
(16.0,16.0)
(16.0,16.0)
(511.0,16.0)
(16.0,16.0)
(16.0,16.0)
(515.0,16.0)
(16.0,16.0)
(16.0,16.0)
(16.0,16.0)
(16.0,16.0)
(515.0,16.0)
(16.0,16.0)
(515.0,16.0)
(17.0,16.0)
(16.0,16.0)
(16.0,16.0)
(16.0,16.0)
(29.0,16.0)
(16.0,16.0)
(515.0,16.0)
(16.0,16.0)
(16.0,16.0)
(16.0,16.0)
(17.0,16.0)
(16.0,16.0)
(16.0,16.0)
(18.0,16.0)
(16.0,16.0)
(25.0,16.0)
(16.0,16.0)
(16.0,16.0)
(16.0,16.0)
(16.0,16.0)
(16.0,16.0)
(16.0,16.0)
(16.0,16.0)
(16.0,16.0)
(16.0,16.0)
(16.0,16.0)
(16.0,16.0)
(515.0,16.0)
(16.0,16.0)
(16.0,16.0)
(16.0,16.0)
(16.0,16.0)
(16.0,16.0)
(16.0,16.0)
(16.0,16.0)
(16.0,16.0)
(16.0,16.0)
(447.0,499.0)
(31.0,499.0)
(503.0,499.0)
(17.0,499.0)
(515.0,499.0)
(503.0,499.0)
(17.0,499.0)
(17.0,499.0)
(29.0,499.0)
(31.0,499.0)
(515.0,499.0)
(503.0,499.0)
(17.0,499.0)
(25.0,499.0)
(17.0,499.0)
(17.0,499.0)
(17.0,499.0)
(499.0,499.0)
(17.0,499.0)
(18.0,499.0)
(24.0,499.0)
(503.0,499.0)
(17.0,499.0)
(13.0,499.0)
(503.0,499.0)
(447.0,499.0)
(31.0,499.0)
(447.0,499.0)
(17.0,499.0)
(499.0,499.0)
(17.0,499.0)
(499.0,499.0)
(16.0,499.0)
(15.0,499.0)
(515.0,499.0)
(503.0,499.0)
(17.0,499.0)
(503.0,499.0)
(17.0,499.0)
(31.0,499.0)
(31.0,499.0)
(447.0,499.0)
(29.0,499.0)
(447.0,499.0)
(499.0,499.0)
(447.0,499.0)
(503.0,499.0)
(17.0,499.0)
(515.0,499.0)
(31.0,499.0)
(16.0,499.0)
(17.0,499.0)
(17.0,499.0)
(212.0,499.0)
(17.0,499.0)
(31.0,499.0)
(499.0,499.0)
(515.0,499.0)
(499.0,499.0)
(17.0,499.0)
(499.0,499.0)
(18.0,499.0)
(17.0,499.0)
(31.0,499.0)
(503.0,499.0)
(212.0,499.0)
(17.0,499.0)
(18.0,499.0)
(267.0,499.0)
(31.0,499.0)
(18.0,499.0)
(31.0,499.0)
(17.0,499.0)
(17.0,499.0)
(16.0,499.0)
(17.0,499.0)
(503.0,499.0)
(17.0,499.0)
(17.0,499.0)
(499.0,499.0)
(31.0,499.0)
(17.0,499.0)
(16.0,499.0)
(17.0,499.0)
(17.0,499.0)
(18.0,499.0)
(503.0,499.0)
(17.0,499.0)
(503.0,499.0)
(503.0,499.0)
(18.0,499.0)
(17.0,499.0)
(499.0,499.0)
(447.0,499.0)
(16.0,499.0)
(447.0,499.0)
(31.0,499.0)
(31.0,499.0)
(17.0,499.0)
(503.0,499.0)
(31.0,499.0)
(17.0,499.0)
(515.0,499.0)
(31.0,499.0)
(25.0,499.0)
(515.0,499.0)
(17.0,499.0)
(17.0,499.0)
(503.0,499.0)
(17.0,499.0)
(447.0,499.0)
(17.0,499.0)
(29.0,499.0)
(29.0,499.0)
(16.0,499.0)
(17.0,499.0)
(515.0,499.0)
(17.0,499.0)
(17.0,499.0)
(17.0,499.0)
(31.0,499.0)
(17.0,499.0)
(17.0,499.0)
(17.0,499.0)
(17.0,499.0)
(17.0,499.0)
(17.0,499.0)
(31.0,499.0)
(503.0,499.0)
(499.0,499.0)
(17.0,499.0)
(17.0,499.0)
(499.0,499.0)
(17.0,499.0)
(17.0,499.0)
(31.0,499.0)
(17.0,499.0)
(17.0,499.0)
(267.0,499.0)
(31.0,499.0)
(31.0,499.0)
(16.0,499.0)
(447.0,499.0)
(17.0,499.0)
(17.0,499.0)
(17.0,499.0)
(499.0,499.0)
(499.0,499.0)
(499.0,499.0)
(25.0,499.0)
(17.0,499.0)
(17.0,499.0)
(29.0,499.0)
(25.0,499.0)
(28.0,499.0)
(499.0,499.0)
(17.0,499.0)
(17.0,499.0)
(499.0,499.0)
(31.0,499.0)
(17.0,499.0)
(17.0,499.0)
(17.0,499.0)
(17.0,499.0)
(17.0,499.0)
(499.0,499.0)
(17.0,499.0)
(16.0,499.0)
(515.0,499.0)
(17.0,499.0)
(29.0,499.0)
(17.0,499.0)
(29.0,499.0)
(17.0,499.0)
(31.0,499.0)
(17.0,499.0)
(16.0,499.0)
(17.0,499.0)
(503.0,499.0)
(17.0,499.0)
(17.0,499.0)
(17.0,499.0)
(17.0,499.0)
(17.0,499.0)
(499.0,499.0)
(17.0,499.0)
(447.0,499.0)
(17.0,499.0)
(25.0,499.0)
(447.0,499.0)
(499.0,499.0)
(25.0,499.0)
(459.0,499.0)
(17.0,499.0)
(16.0,499.0)
(447.0,499.0)
(31.0,499.0)
(31.0,499.0)
(17.0,499.0)
(17.0,499.0)
(447.0,499.0)
(771.0,499.0)
(17.0,499.0)
(16.0,499.0)
(499.0,499.0)
(499.0,499.0)
(499.0,499.0)
(17.0,499.0)
(17.0,499.0)
(25.0,499.0)
(447.0,499.0)
(499.0,499.0)
(17.0,499.0)
(25.0,499.0)
(17.0,499.0)
(503.0,499.0)
(499.0,499.0)
(17.0,499.0)
(499.0,499.0)
(17.0,499.0)
(17.0,499.0)
(16.0,499.0)
(499.0,499.0)
(17.0,499.0)
(447.0,499.0)
(17.0,499.0)
(447.0,499.0)
(31.0,499.0)
(31.0,499.0)
(17.0,499.0)
(435.0,499.0)
(447.0,499.0)
(31.0,499.0)
(17.0,499.0)
(503.0,499.0)
(447.0,499.0)
(447.0,499.0)
(17.0,499.0)
(17.0,499.0)
(499.0,499.0)
(17.0,499.0)
(503.0,499.0)
(28.0,499.0)
(17.0,499.0)
(31.0,499.0)
(17.0,499.0)
(447.0,499.0)
(17.0,499.0)
(503.0,499.0)
(17.0,499.0)
(17.0,499.0)
(31.0,499.0)
(499.0,499.0)
(499.0,499.0)
(499.0,499.0)
(17.0,499.0)
(499.0,499.0)
(17.0,499.0)
(499.0,499.0)
(499.0,499.0)
(499.0,499.0)
(499.0,499.0)
(17.0,499.0)
(17.0,499.0)
(28.0,499.0)
(499.0,499.0)
(31.0,499.0)
(17.0,499.0)
(17.0,499.0)
(28.0,499.0)
(459.0,499.0)
(16.0,499.0)
(17.0,499.0)
(16.0,499.0)
(17.0,499.0)
(16.0,499.0)
(499.0,499.0)
(499.0,499.0)
(447.0,499.0)
(16.0,499.0)
(503.0,499.0)
(17.0,499.0)
(25.0,499.0)
(25.0,499.0)
(16.0,499.0)
(17.0,499.0)
(25.0,499.0)
(31.0,499.0)
(499.0,499.0)
(503.0,499.0)
(17.0,499.0)
(17.0,499.0)
(503.0,499.0)
(17.0,499.0)
(25.0,499.0)
(17.0,499.0)
(17.0,499.0)
(16.0,499.0)
(17.0,499.0)
(17.0,499.0)
(503.0,499.0)
(499.0,499.0)
(17.0,499.0)
(17.0,499.0)
(17.0,499.0)
(17.0,499.0)
(25.0,499.0)
(17.0,499.0)
(25.0,499.0)
(499.0,499.0)
(17.0,499.0)
(17.0,499.0)
(17.0,499.0)
(447.0,499.0)
(17.0,499.0)
(17.0,499.0)
(17.0,499.0)
(17.0,499.0)
(503.0,499.0)
(17.0,499.0)
(499.0,499.0)
(25.0,499.0)
(25.0,499.0)
(499.0,499.0)
(31.0,499.0)
(499.0,499.0)
(499.0,499.0)
(17.0,499.0)
(17.0,499.0)
(17.0,499.0)
(17.0,499.0)
(23.0,499.0)
(28.0,499.0)
(515.0,499.0)
(16.0,499.0)
(17.0,499.0)
(503.0,499.0)
(16.0,499.0)
(499.0,499.0)
(17.0,499.0)
(17.0,499.0)
(17.0,499.0)
(499.0,499.0)
(447.0,499.0)
(447.0,499.0)
(16.0,499.0)
(499.0,499.0)
(17.0,499.0)
(447.0,499.0)
(17.0,499.0)
(31.0,499.0)
(16.0,499.0)
(503.0,499.0)
(17.0,499.0)
(17.0,499.0)
(25.0,499.0)
(17.0,499.0)
(17.0,499.0)
(499.0,499.0)
(499.0,499.0)
(17.0,499.0)
(18.0,499.0)
(17.0,499.0)
(17.0,499.0)
(499.0,499.0)
(31.0,499.0)
(31.0,499.0)
(31.0,499.0)
(31.0,499.0)
(31.0,499.0)
(17.0,499.0)
(17.0,499.0)
(499.0,499.0)
(31.0,499.0)
(447.0,499.0)
(31.0,499.0)
(31.0,499.0)
(31.0,499.0)
(499.0,499.0)
(16.0,499.0)
(31.0,499.0)
(31.0,499.0)
(31.0,499.0)
(31.0,499.0)
(31.0,499.0)
(31.0,499.0)
(31.0,499.0)
(499.0,499.0)
(31.0,499.0)
(25.0,499.0)
(499.0,499.0)
(499.0,499.0)
(31.0,499.0)
(31.0,499.0)
(499.0,499.0)
(31.0,499.0)
(499.0,499.0)
(31.0,499.0)
(31.0,499.0)
(31.0,499.0)
(17.0,499.0)
(16.0,499.0)
(499.0,499.0)
(499.0,499.0)
(447.0,499.0)
(499.0,499.0)
(31.0,499.0)
(16.0,499.0)
(447.0,499.0)
(17.0,499.0)
(31.0,499.0)
(499.0,499.0)
(31.0,499.0)
(31.0,499.0)
(31.0,499.0)
(499.0,499.0)
(31.0,499.0)
(31.0,499.0)
(499.0,499.0)
(31.0,499.0)
(31.0,499.0)
(31.0,499.0)
(17.0,499.0)
(31.0,499.0)
(31.0,499.0)
(17.0,499.0)
(16.0,499.0)
(17.0,499.0)
(31.0,499.0)
(499.0,499.0)
(31.0,499.0)
(17.0,499.0)
(31.0,499.0)
(31.0,499.0)
(31.0,499.0)
(31.0,499.0)
(31.0,499.0)
(31.0,499.0)
(31.0,499.0)
(499.0,499.0)
(31.0,499.0)
(499.0,499.0)
(31.0,499.0)
(31.0,499.0)
(499.0,499.0)
(31.0,499.0)
(17.0,499.0)
(17.0,499.0)
(31.0,499.0)
(499.0,499.0)
(17.0,499.0)
(499.0,499.0)
(499.0,499.0)
(447.0,499.0)
(31.0,499.0)
(17.0,499.0)
(17.0,499.0)
(31.0,499.0)
(17.0,499.0)
(31.0,499.0)
(31.0,499.0)
(499.0,499.0)
(31.0,499.0)
(16.0,499.0)
(31.0,499.0)
(31.0,499.0)
(31.0,499.0)
(31.0,499.0)
(31.0,499.0)
(31.0,499.0)
(499.0,499.0)
(17.0,499.0)
(17.0,499.0)
(499.0,499.0)
(31.0,499.0)
(31.0,499.0)
(31.0,499.0)
(499.0,499.0)
(499.0,499.0)
(31.0,499.0)
(25.0,499.0)
(31.0,499.0)
(31.0,499.0)
(499.0,499.0)
(17.0,499.0)
(31.0,499.0)
(31.0,499.0)
(31.0,499.0)
(499.0,499.0)
(31.0,499.0)
(31.0,499.0)
(31.0,499.0)
(499.0,499.0)
(31.0,499.0)
(499.0,499.0)
(16.0,499.0)
(499.0,499.0)
(499.0,499.0)
(17.0,499.0)
(31.0,499.0)
(31.0,499.0)
(31.0,499.0)
(31.0,499.0)
(17.0,499.0)
(499.0,499.0)
(31.0,499.0)
(16.0,499.0)
(499.0,499.0)
(31.0,499.0)
(499.0,499.0)
(447.0,499.0)
(31.0,499.0)
(31.0,499.0)
(31.0,499.0)
(17.0,499.0)
(499.0,499.0)
(31.0,499.0)
(499.0,499.0)
(499.0,499.0)
(31.0,499.0)
(447.0,499.0)
(31.0,499.0)
(499.0,499.0)
(499.0,499.0)
(17.0,499.0)
(499.0,499.0)
(17.0,499.0)
(499.0,499.0)
(31.0,499.0)
(499.0,499.0)
(499.0,499.0)
(31.0,499.0)
(31.0,499.0)
(17.0,499.0)
(447.0,499.0)
(31.0,499.0)
(499.0,499.0)
(31.0,499.0)
(29.0,499.0)
(31.0,499.0)
(503.0,499.0)
(17.0,499.0)
(31.0,499.0)
(503.0,499.0)
(503.0,499.0)
(17.0,499.0)
(17.0,499.0)
(16.0,499.0)
(499.0,499.0)
(503.0,499.0)
(499.0,499.0)
(17.0,499.0)
(17.0,499.0)
(17.0,499.0)
(17.0,499.0)
(17.0,499.0)
(17.0,499.0)
(447.0,499.0)
(31.0,499.0)
(503.0,499.0)
(17.0,499.0)
(503.0,499.0)
(447.0,499.0)
(503.0,499.0)
(499.0,499.0)
(17.0,499.0)
(31.0,499.0)
(515.0,499.0)
(17.0,499.0)
(503.0,499.0)
(499.0,499.0)
(499.0,499.0)
(499.0,499.0)
(31.0,499.0)
(503.0,499.0)
(31.0,499.0)
(17.0,499.0)
(25.0,499.0)
(515.0,499.0)
(17.0,499.0)
(17.0,499.0)
(459.0,499.0)
(17.0,499.0)
(17.0,499.0)
(503.0,499.0)
(499.0,499.0)
(31.0,499.0)
(31.0,499.0)
(17.0,499.0)
(31.0,499.0)
(503.0,499.0)
(25.0,499.0)
(17.0,499.0)
(31.0,499.0)
(499.0,499.0)
(17.0,499.0)
(18.0,499.0)
(16.0,499.0)
(17.0,499.0)
(31.0,499.0)
(31.0,499.0)
(17.0,499.0)
(17.0,499.0)
(17.0,499.0)
(29.0,499.0)
(28.0,499.0)
(28.0,499.0)
(17.0,499.0)
(503.0,499.0)
(503.0,499.0)
(503.0,499.0)
(17.0,499.0)
(17.0,499.0)
(499.0,499.0)
(31.0,499.0)
(31.0,499.0)
(17.0,499.0)
(31.0,499.0)
(503.0,499.0)
(499.0,499.0)
(17.0,499.0)
(17.0,499.0)
(17.0,499.0)
(17.0,499.0)
(17.0,499.0)
(503.0,499.0)
(28.0,499.0)
(503.0,499.0)
(17.0,499.0)
(16.0,499.0)
(17.0,499.0)
(503.0,499.0)
(25.0,499.0)
(499.0,499.0)
(17.0,499.0)
(16.0,499.0)
(28.0,499.0)
(28.0,499.0)
(499.0,499.0)
(17.0,499.0)
(16.0,499.0)
(17.0,499.0)
(17.0,499.0)
(17.0,499.0)
(499.0,499.0)
(17.0,499.0)
(499.0,499.0)
(17.0,499.0)
(16.0,499.0)
(503.0,499.0)
(499.0,499.0)
(499.0,499.0)
(17.0,499.0)
(499.0,499.0)
(31.0,499.0)
(499.0,499.0)
(17.0,499.0)
(17.0,499.0)
(17.0,499.0)
(499.0,499.0)
(31.0,499.0)
(16.0,499.0)
(447.0,499.0)
(17.0,499.0)
(16.0,499.0)
(499.0,499.0)
(17.0,499.0)
(17.0,499.0)
(17.0,499.0)
(29.0,499.0)
(17.0,499.0)
(16.0,499.0)
(499.0,499.0)
(17.0,499.0)
(17.0,499.0)
(16.0,499.0)
(29.0,499.0)
(499.0,499.0)
(503.0,499.0)
(16.0,499.0)
(17.0,499.0)
(17.0,499.0)
(31.0,499.0)
(17.0,499.0)
(16.0,499.0)
(17.0,499.0)
(499.0,499.0)
(29.0,499.0)
(16.0,499.0)
(17.0,499.0)
(25.0,499.0)
(29.0,499.0)
(16.0,499.0)
(499.0,499.0)
(17.0,499.0)
(499.0,499.0)
(17.0,499.0)
(17.0,499.0)
(503.0,499.0)
(17.0,499.0)
(515.0,500.0)
(519.0,500.0)
(515.0,500.0)
(17.0,500.0)
(515.0,500.0)
(515.0,500.0)
(16.0,500.0)
(515.0,500.0)
(17.0,500.0)
(16.0,500.0)
(515.0,500.0)
(511.0,500.0)
(459.0,500.0)
(16.0,500.0)
(503.0,500.0)
(459.0,500.0)
(515.0,500.0)
(17.0,500.0)
(29.0,500.0)
(16.0,500.0)
(515.0,500.0)
(25.0,500.0)
(515.0,500.0)
(459.0,500.0)
(16.0,500.0)
(16.0,500.0)
(506.0,500.0)
(17.0,500.0)
(18.0,500.0)
(16.0,500.0)
(515.0,500.0)
(16.0,500.0)
(30.0,500.0)
(17.0,500.0)
(503.0,500.0)
(17.0,500.0)
(16.0,500.0)
(29.0,500.0)
(16.0,500.0)
(515.0,500.0)
(515.0,500.0)
