(459.0,475.0)
(475.0,475.0)
(475.0,475.0)
(459.0,475.0)
(475.0,475.0)
(447.0,475.0)
(447.0,475.0)
(459.0,475.0)
(459.0,475.0)
(475.0,475.0)
(475.0,475.0)
(459.0,475.0)
(447.0,475.0)
(447.0,475.0)
(802.0,475.0)
(475.0,475.0)
(447.0,475.0)
(447.0,475.0)
(447.0,475.0)
(417.0,475.0)
(475.0,475.0)
(475.0,475.0)
(459.0,475.0)
(475.0,475.0)
(447.0,475.0)
(456.0,475.0)
(475.0,475.0)
(459.0,475.0)
(447.0,475.0)
(447.0,475.0)
(459.0,475.0)
(447.0,475.0)
(447.0,475.0)
(475.0,475.0)
(447.0,475.0)
(475.0,475.0)
(447.0,475.0)
(459.0,475.0)
(447.0,475.0)
(475.0,475.0)
(475.0,475.0)
(447.0,475.0)
(459.0,475.0)
(447.0,475.0)
(459.0,475.0)
(475.0,475.0)
(475.0,475.0)
(459.0,475.0)
(447.0,475.0)
(475.0,475.0)
(475.0,475.0)
(447.0,475.0)
(475.0,475.0)
(471.0,475.0)
(447.0,475.0)
(459.0,475.0)
(771.0,475.0)
(804.0,475.0)
(471.0,475.0)
(475.0,475.0)
(459.0,475.0)
(459.0,475.0)
(447.0,475.0)
(459.0,475.0)
(738.0,475.0)
(421.0,475.0)
(447.0,475.0)
(459.0,475.0)
(475.0,475.0)
(475.0,475.0)
(475.0,475.0)
(475.0,475.0)
(447.0,475.0)
(459.0,475.0)
(474.0,475.0)
(447.0,475.0)
(409.0,475.0)
(475.0,475.0)
(475.0,475.0)
(459.0,475.0)
(447.0,475.0)
(459.0,475.0)
(447.0,475.0)
(447.0,475.0)
(475.0,475.0)
(475.0,475.0)
(475.0,475.0)
(479.0,475.0)
(475.0,475.0)
(447.0,475.0)
(475.0,475.0)
(459.0,475.0)
(459.0,475.0)
(459.0,475.0)
(475.0,475.0)
(756.0,475.0)
(475.0,475.0)
(475.0,475.0)
(475.0,475.0)
(459.0,475.0)
(459.0,475.0)
(366.0,475.0)
(459.0,475.0)
(459.0,475.0)
(475.0,475.0)
(475.0,475.0)
(447.0,475.0)
(475.0,475.0)
(475.0,475.0)
(459.0,475.0)
(459.0,475.0)
(368.0,475.0)
(475.0,475.0)
(471.0,475.0)
(475.0,475.0)
(368.0,475.0)
(459.0,475.0)
(459.0,475.0)
(475.0,475.0)
(475.0,475.0)
(459.0,475.0)
(475.0,475.0)
(475.0,475.0)
(387.0,475.0)
(471.0,475.0)
(785.0,475.0)
(475.0,475.0)
(475.0,475.0)
(459.0,475.0)
(459.0,475.0)
(459.0,475.0)
(465.0,475.0)
(382.0,475.0)
(810.0,475.0)
(475.0,475.0)
(475.0,475.0)
(482.0,475.0)
(447.0,475.0)
(475.0,475.0)
(475.0,475.0)
(475.0,475.0)
(475.0,475.0)
(479.0,475.0)
(475.0,475.0)
(475.0,475.0)
(475.0,475.0)
(475.0,475.0)
(474.0,475.0)
(475.0,475.0)
(475.0,475.0)
(475.0,475.0)
(447.0,475.0)
(481.0,475.0)
(447.0,475.0)
(471.0,475.0)
(804.0,475.0)
(475.0,475.0)
(475.0,475.0)
(475.0,475.0)
(459.0,475.0)
(475.0,475.0)
(475.0,475.0)
(459.0,475.0)
(475.0,475.0)
(459.0,475.0)
(471.0,475.0)
(475.0,475.0)
(459.0,475.0)
(475.0,475.0)
(475.0,475.0)
(475.0,475.0)
(471.0,475.0)
(475.0,475.0)
(475.0,475.0)
(475.0,475.0)
(475.0,475.0)
(475.0,475.0)
(810.0,475.0)
(433.0,475.0)
(459.0,475.0)
(475.0,475.0)
(475.0,475.0)
(459.0,475.0)
(475.0,475.0)
(475.0,475.0)
(475.0,475.0)
(459.0,475.0)
(457.0,475.0)
(475.0,475.0)
(381.0,475.0)
(447.0,475.0)
(475.0,475.0)
(475.0,475.0)
(475.0,475.0)
(459.0,475.0)
(475.0,475.0)
(482.0,475.0)
(475.0,475.0)
(471.0,475.0)
(447.0,475.0)
(459.0,475.0)
(459.0,475.0)
(475.0,475.0)
(475.0,475.0)
(475.0,475.0)
(475.0,475.0)
(475.0,475.0)
(475.0,475.0)
(459.0,475.0)
(425.0,475.0)
(475.0,475.0)
(475.0,475.0)
(471.0,475.0)
(475.0,475.0)
(474.0,475.0)
(475.0,475.0)
(475.0,475.0)
(471.0,475.0)
(475.0,475.0)
(212.0,475.0)
(475.0,475.0)
(459.0,475.0)
(479.0,475.0)
(475.0,475.0)
(482.0,475.0)
(475.0,475.0)
(471.0,475.0)
(475.0,475.0)
(442.0,475.0)
(459.0,475.0)
(354.0,475.0)
(810.0,475.0)
(459.0,475.0)
(475.0,475.0)
(785.0,475.0)
(475.0,475.0)
(475.0,475.0)
(475.0,475.0)
(475.0,475.0)
(447.0,475.0)
(475.0,475.0)
(475.0,475.0)
(754.0,475.0)
(471.0,475.0)
(810.0,475.0)
(417.0,475.0)
(475.0,475.0)
(459.0,475.0)
(475.0,475.0)
(475.0,475.0)
(475.0,475.0)
(447.0,475.0)
(475.0,475.0)
(475.0,475.0)
(475.0,475.0)
(459.0,475.0)
(459.0,475.0)
(475.0,475.0)
(475.0,475.0)
(368.0,475.0)
(475.0,475.0)
(459.0,475.0)
(483.0,475.0)
(475.0,475.0)
(459.0,475.0)
(471.0,475.0)
(459.0,475.0)
(471.0,475.0)
(475.0,475.0)
(459.0,475.0)
(475.0,475.0)
(475.0,475.0)
(475.0,475.0)
(474.0,475.0)
(808.0,475.0)
(447.0,475.0)
(482.0,475.0)
(475.0,475.0)
(425.0,475.0)
(433.0,475.0)
(475.0,475.0)
(475.0,475.0)
(475.0,475.0)
(475.0,475.0)
(479.0,475.0)
(475.0,475.0)
(475.0,475.0)
(475.0,475.0)
(479.0,475.0)
(475.0,475.0)
(475.0,475.0)
(479.0,475.0)
(459.0,475.0)
(475.0,475.0)
(459.0,475.0)
(475.0,475.0)
(483.0,475.0)
(474.0,475.0)
(475.0,475.0)
(475.0,475.0)
(475.0,475.0)
(475.0,475.0)
(475.0,475.0)
(387.0,475.0)
(475.0,475.0)
(447.0,475.0)
(475.0,475.0)
(447.0,475.0)
(757.0,475.0)
(810.0,475.0)
(447.0,475.0)
(475.0,475.0)
(454.0,475.0)
(475.0,475.0)
(382.0,475.0)
(479.0,475.0)
(475.0,475.0)
(475.0,475.0)
(475.0,475.0)
(482.0,475.0)
(475.0,475.0)
(475.0,475.0)
(475.0,475.0)
(475.0,475.0)
(479.0,475.0)
(475.0,475.0)
(471.0,475.0)
(447.0,475.0)
(475.0,475.0)
(475.0,475.0)
(482.0,475.0)
(475.0,475.0)
(475.0,475.0)
(471.0,475.0)
(475.0,475.0)
(475.0,475.0)
(366.0,475.0)
(379.0,475.0)
(482.0,475.0)
(459.0,475.0)
(475.0,475.0)
(366.0,475.0)
(475.0,475.0)
(475.0,475.0)
(475.0,475.0)
(479.0,475.0)
(479.0,475.0)
(479.0,475.0)
(475.0,475.0)
(475.0,475.0)
(447.0,475.0)
(459.0,475.0)
(475.0,475.0)
(475.0,475.0)
(475.0,475.0)
(459.0,475.0)
(475.0,475.0)
(475.0,475.0)
(475.0,475.0)
(475.0,475.0)
(810.0,475.0)
(475.0,475.0)
(475.0,475.0)
(475.0,475.0)
(475.0,475.0)
(387.0,475.0)
(810.0,475.0)
(810.0,475.0)
(475.0,475.0)
(475.0,475.0)
(459.0,475.0)
(475.0,475.0)
(475.0,475.0)
(475.0,475.0)
(475.0,475.0)
(475.0,475.0)
(379.0,475.0)
(379.0,475.0)
(475.0,475.0)
(447.0,475.0)
(475.0,475.0)
(459.0,475.0)
(475.0,475.0)
(387.0,475.0)
(475.0,475.0)
(459.0,475.0)
(475.0,475.0)
(475.0,475.0)
(475.0,475.0)
(475.0,475.0)
(459.0,475.0)
(475.0,475.0)
(475.0,475.0)
(387.0,475.0)
(471.0,475.0)
(475.0,475.0)
(459.0,475.0)
(475.0,475.0)
(785.0,475.0)
(475.0,475.0)
(475.0,475.0)
(482.0,475.0)
(471.0,475.0)
(475.0,475.0)
(475.0,475.0)
(475.0,475.0)
(475.0,475.0)
(475.0,475.0)
(475.0,475.0)
(475.0,475.0)
(479.0,475.0)
(475.0,475.0)
(475.0,475.0)
(479.0,475.0)
(475.0,475.0)
(459.0,475.0)
(475.0,475.0)
(475.0,475.0)
(475.0,475.0)
(475.0,475.0)
(475.0,475.0)
(475.0,475.0)
(447.0,475.0)
(475.0,475.0)
(475.0,475.0)
(475.0,475.0)
(483.0,475.0)
(459.0,475.0)
(459.0,475.0)
(475.0,475.0)
(459.0,475.0)
(475.0,475.0)
(475.0,475.0)
(382.0,475.0)
(459.0,475.0)
(475.0,475.0)
(475.0,475.0)
(475.0,475.0)
(475.0,475.0)
(459.0,475.0)
(757.0,475.0)
(379.0,475.0)
(387.0,475.0)
(475.0,475.0)
(479.0,475.0)
(475.0,475.0)
(387.0,475.0)
(406.0,475.0)
(459.0,475.0)
(475.0,475.0)
(459.0,475.0)
(475.0,475.0)
(459.0,475.0)
(475.0,475.0)
(475.0,475.0)
(475.0,475.0)
(475.0,475.0)
(475.0,475.0)
(483.0,475.0)
(475.0,475.0)
(475.0,475.0)
(475.0,475.0)
(475.0,475.0)
(447.0,475.0)
(417.0,475.0)
(475.0,475.0)
(475.0,475.0)
(479.0,475.0)
(379.0,475.0)
(475.0,475.0)
(475.0,475.0)
(756.0,475.0)
(475.0,475.0)
(382.0,475.0)
(471.0,475.0)
(459.0,475.0)
(459.0,475.0)
(756.0,475.0)
(475.0,475.0)
(482.0,475.0)
(475.0,475.0)
(475.0,475.0)
(475.0,475.0)
(479.0,475.0)
(475.0,475.0)
(459.0,475.0)
(459.0,475.0)
(757.0,475.0)
(459.0,475.0)
(475.0,475.0)
(475.0,475.0)
(475.0,475.0)
(459.0,475.0)
(482.0,475.0)
(483.0,475.0)
(475.0,475.0)
(756.0,475.0)
(475.0,475.0)
(757.0,475.0)
(475.0,475.0)
(366.0,475.0)
(475.0,475.0)
(406.0,475.0)
(474.0,475.0)
(479.0,475.0)
(475.0,475.0)
(475.0,475.0)
(475.0,475.0)
(475.0,475.0)
(475.0,475.0)
(366.0,475.0)
(475.0,475.0)
(475.0,475.0)
(475.0,475.0)
(475.0,475.0)
(471.0,475.0)
(475.0,475.0)
(475.0,475.0)
(475.0,475.0)
(447.0,475.0)
(483.0,475.0)
(475.0,475.0)
(459.0,475.0)
(482.0,475.0)
(459.0,475.0)
(475.0,475.0)
(459.0,475.0)
(459.0,475.0)
(475.0,475.0)
(482.0,475.0)
(475.0,475.0)
(471.0,475.0)
(475.0,475.0)
(475.0,475.0)
(482.0,475.0)
(475.0,475.0)
(475.0,475.0)
(475.0,475.0)
(479.0,475.0)
(457.0,475.0)
(475.0,475.0)
(475.0,475.0)
(475.0,475.0)
(475.0,475.0)
(482.0,475.0)
(475.0,475.0)
(756.0,475.0)
(479.0,475.0)
(757.0,475.0)
(475.0,475.0)
(475.0,475.0)
(475.0,475.0)
(475.0,475.0)
(475.0,475.0)
(475.0,475.0)
(483.0,475.0)
(475.0,475.0)
(475.0,475.0)
(475.0,475.0)
(475.0,475.0)
(475.0,475.0)
(475.0,475.0)
(475.0,475.0)
(482.0,475.0)
(810.0,475.0)
(447.0,475.0)
(459.0,475.0)
(380.0,475.0)
(479.0,475.0)
(368.0,475.0)
(382.0,475.0)
(442.0,475.0)
(475.0,475.0)
(475.0,475.0)
(475.0,475.0)
(459.0,475.0)
(756.0,475.0)
(475.0,475.0)
(475.0,475.0)
(475.0,475.0)
(479.0,475.0)
(362.0,475.0)
(475.0,475.0)
(474.0,475.0)
(475.0,475.0)
(475.0,475.0)
(459.0,475.0)
(475.0,475.0)
(482.0,475.0)
(459.0,475.0)
(387.0,475.0)
(475.0,475.0)
(459.0,475.0)
(475.0,475.0)
(475.0,475.0)
(475.0,475.0)
(475.0,475.0)
(475.0,475.0)
(475.0,475.0)
(475.0,475.0)
(475.0,475.0)
(447.0,475.0)
(475.0,475.0)
(479.0,475.0)
(459.0,475.0)
(475.0,475.0)
(377.0,475.0)
(475.0,475.0)
(471.0,475.0)
(475.0,475.0)
(475.0,475.0)
(475.0,475.0)
(757.0,475.0)
(475.0,475.0)
(475.0,475.0)
(475.0,475.0)
(482.0,475.0)
(475.0,475.0)
(382.0,475.0)
(479.0,475.0)
(417.0,475.0)
(482.0,475.0)
(475.0,475.0)
(474.0,475.0)
(459.0,475.0)
(459.0,475.0)
(475.0,475.0)
(475.0,475.0)
(809.0,475.0)
(459.0,475.0)
(475.0,475.0)
(379.0,475.0)
(447.0,475.0)
(475.0,475.0)
(475.0,475.0)
(475.0,475.0)
(475.0,475.0)
(475.0,475.0)
(482.0,475.0)
(475.0,475.0)
(475.0,475.0)
(471.0,475.0)
(471.0,475.0)
(350.0,475.0)
(435.0,475.0)
(475.0,475.0)
(447.0,475.0)
(479.0,475.0)
(756.0,475.0)
(475.0,475.0)
(447.0,475.0)
(475.0,475.0)
(382.0,475.0)
(475.0,475.0)
(475.0,475.0)
(475.0,475.0)
(475.0,475.0)
(475.0,475.0)
(475.0,475.0)
(482.0,475.0)
(475.0,475.0)
(475.0,475.0)
(475.0,475.0)
(475.0,475.0)
(379.0,475.0)
(447.0,475.0)
(475.0,475.0)
(479.0,475.0)
(471.0,475.0)
(475.0,475.0)
(475.0,475.0)
(447.0,475.0)
(475.0,475.0)
(475.0,475.0)
(475.0,475.0)
(475.0,475.0)
(386.0,475.0)
(475.0,475.0)
(479.0,475.0)
(368.0,475.0)
(475.0,475.0)
(447.0,475.0)
(379.0,475.0)
(475.0,475.0)
(475.0,475.0)
(756.0,475.0)
(475.0,475.0)
(756.0,475.0)
(479.0,475.0)
(475.0,475.0)
(475.0,475.0)
(459.0,475.0)
(482.0,475.0)
(475.0,475.0)
(475.0,475.0)
(475.0,475.0)
(475.0,475.0)
(475.0,475.0)
(482.0,475.0)
(475.0,475.0)
(475.0,475.0)
(475.0,475.0)
(459.0,475.0)
(475.0,475.0)
(459.0,475.0)
(459.0,475.0)
(459.0,475.0)
(475.0,475.0)
(459.0,475.0)
(475.0,475.0)
(447.0,475.0)
(475.0,475.0)
(475.0,475.0)
(459.0,475.0)
(475.0,475.0)
(475.0,475.0)
(474.0,475.0)
(447.0,475.0)
(482.0,475.0)
(475.0,475.0)
(475.0,475.0)
(475.0,475.0)
(475.0,475.0)
(475.0,475.0)
(459.0,475.0)
(475.0,475.0)
(447.0,475.0)
(459.0,475.0)
(475.0,475.0)
(475.0,475.0)
(475.0,475.0)
(475.0,475.0)
(475.0,475.0)
(479.0,475.0)
(475.0,475.0)
(380.0,475.0)
(459.0,475.0)
(475.0,475.0)
(475.0,475.0)
(475.0,475.0)
(475.0,475.0)
(382.0,475.0)
(475.0,475.0)
(475.0,475.0)
(756.0,475.0)
(757.0,475.0)
(447.0,475.0)
(475.0,475.0)
(459.0,475.0)
(475.0,475.0)
(479.0,475.0)
(475.0,475.0)
(471.0,475.0)
(382.0,475.0)
(483.0,475.0)
(810.0,475.0)
(459.0,475.0)
(459.0,475.0)
(475.0,475.0)
(459.0,475.0)
(382.0,475.0)
(475.0,475.0)
(475.0,475.0)
(475.0,475.0)
(425.0,475.0)
(475.0,475.0)
(475.0,475.0)
(475.0,475.0)
(475.0,475.0)
(475.0,475.0)
(475.0,475.0)
(359.0,475.0)
(475.0,475.0)
(475.0,475.0)
(757.0,475.0)
(475.0,475.0)
(479.0,475.0)
(459.0,475.0)
(475.0,475.0)
(475.0,475.0)
(475.0,475.0)
(756.0,475.0)
(475.0,475.0)
(475.0,475.0)
(475.0,475.0)
(471.0,475.0)
(475.0,475.0)
(475.0,475.0)
(475.0,475.0)
(475.0,475.0)
(475.0,475.0)
(475.0,475.0)
(475.0,475.0)
(475.0,475.0)
(447.0,475.0)
(459.0,475.0)
(475.0,475.0)
(479.0,475.0)
(459.0,475.0)
(459.0,475.0)
(785.0,475.0)
(459.0,475.0)
(479.0,475.0)
(459.0,475.0)
(459.0,475.0)
(459.0,475.0)
(756.0,475.0)
(459.0,475.0)
(475.0,475.0)
(459.0,475.0)
(366.0,475.0)
(757.0,475.0)
(475.0,475.0)
(475.0,475.0)
(475.0,475.0)
(475.0,475.0)
(475.0,475.0)
(359.0,475.0)
(459.0,475.0)
(475.0,475.0)
(475.0,475.0)
(475.0,475.0)
(475.0,475.0)
(459.0,475.0)
(406.0,475.0)
(475.0,475.0)
(475.0,475.0)
(475.0,475.0)
(447.0,475.0)
(368.0,475.0)
(475.0,475.0)
(475.0,475.0)
(459.0,475.0)
(475.0,475.0)
(483.0,475.0)
(482.0,475.0)
(475.0,475.0)
(475.0,475.0)
(475.0,475.0)
(475.0,475.0)
(475.0,475.0)
(479.0,475.0)
(475.0,475.0)
(459.0,475.0)
(447.0,475.0)
(475.0,475.0)
(475.0,475.0)
(447.0,475.0)
(475.0,475.0)
(475.0,475.0)
(475.0,475.0)
(483.0,475.0)
(459.0,475.0)
(459.0,475.0)
(475.0,475.0)
(387.0,475.0)
(475.0,475.0)
(475.0,475.0)
(475.0,475.0)
(475.0,475.0)
(475.0,475.0)
(475.0,475.0)
(475.0,475.0)
(475.0,475.0)
(810.0,475.0)
(456.0,475.0)
(475.0,475.0)
(475.0,475.0)
(475.0,475.0)
(459.0,475.0)
(475.0,475.0)
(474.0,475.0)
(475.0,475.0)
(459.0,475.0)
(475.0,475.0)
(475.0,475.0)
(417.0,475.0)
(447.0,475.0)
(475.0,475.0)
(475.0,475.0)
(475.0,475.0)
(447.0,475.0)
(475.0,475.0)
(479.0,475.0)
(447.0,475.0)
(382.0,475.0)
(447.0,475.0)
(475.0,475.0)
(459.0,475.0)
(459.0,475.0)
(475.0,475.0)
(475.0,475.0)
(475.0,475.0)
(475.0,475.0)
(355.0,475.0)
(475.0,475.0)
(479.0,475.0)
(459.0,475.0)
(459.0,475.0)
(475.0,475.0)
(475.0,475.0)
(459.0,475.0)
(475.0,475.0)
(471.0,475.0)
(475.0,475.0)
(475.0,475.0)
(475.0,475.0)
(459.0,475.0)
(475.0,475.0)
(475.0,475.0)
(475.0,475.0)
(442.0,475.0)
(459.0,475.0)
(479.0,475.0)
(479.0,475.0)
(459.0,475.0)
(459.0,475.0)
(475.0,475.0)
(475.0,475.0)
(459.0,475.0)
(810.0,475.0)
(475.0,475.0)
(475.0,475.0)
(447.0,475.0)
(475.0,475.0)
(447.0,475.0)
(459.0,475.0)
(475.0,475.0)
(475.0,475.0)
(475.0,475.0)
(475.0,475.0)
(475.0,475.0)
(475.0,475.0)
(482.0,475.0)
(455.0,475.0)
(366.0,475.0)
(382.0,475.0)
(475.0,475.0)
(475.0,475.0)
(475.0,475.0)
(475.0,475.0)
(475.0,475.0)
(475.0,475.0)
(475.0,475.0)
(475.0,475.0)
(475.0,475.0)
(475.0,475.0)
(459.0,475.0)
(756.0,475.0)
(459.0,475.0)
(475.0,475.0)
(447.0,475.0)
(475.0,475.0)
(475.0,475.0)
(483.0,475.0)
(475.0,475.0)
(479.0,475.0)
(483.0,475.0)
(479.0,475.0)
(459.0,475.0)
(475.0,475.0)
(475.0,475.0)
(459.0,475.0)
(475.0,475.0)
(475.0,475.0)
(785.0,475.0)
(475.0,475.0)
(475.0,475.0)
(475.0,475.0)
(756.0,475.0)
(471.0,475.0)
(471.0,475.0)
(475.0,475.0)
(475.0,475.0)
(475.0,475.0)
(475.0,475.0)
(475.0,475.0)
(475.0,475.0)
(447.0,475.0)
(475.0,475.0)
(475.0,475.0)
(475.0,475.0)
(475.0,475.0)
(475.0,475.0)
(447.0,475.0)
(459.0,475.0)
(482.0,475.0)
(479.0,475.0)
(475.0,475.0)
(475.0,475.0)
(459.0,475.0)
(475.0,475.0)
(475.0,475.0)
(475.0,475.0)
(447.0,475.0)
(459.0,475.0)
(483.0,475.0)
(482.0,475.0)
(482.0,475.0)
(447.0,475.0)
(475.0,475.0)
(810.0,475.0)
(475.0,475.0)
(475.0,475.0)
(377.0,475.0)
(475.0,475.0)
(756.0,475.0)
(474.0,475.0)
(474.0,475.0)
(459.0,475.0)
(459.0,475.0)
(475.0,475.0)
(475.0,475.0)
(475.0,475.0)
(475.0,475.0)
(475.0,475.0)
(459.0,475.0)
(475.0,475.0)
(471.0,475.0)
(475.0,475.0)
(459.0,475.0)
(407.0,475.0)
(475.0,475.0)
(475.0,475.0)
(459.0,475.0)
(475.0,475.0)
(475.0,475.0)
(471.0,475.0)
(475.0,475.0)
(475.0,475.0)
(475.0,475.0)
(475.0,475.0)
(475.0,475.0)
(475.0,475.0)
(471.0,475.0)
(808.0,475.0)
(475.0,475.0)
(499.0,475.0)
(459.0,475.0)
(465.0,475.0)
(447.0,475.0)
(475.0,475.0)
(475.0,475.0)
(459.0,475.0)
(459.0,475.0)
(756.0,475.0)
(425.0,475.0)
(459.0,475.0)
(459.0,475.0)
(475.0,475.0)
(475.0,475.0)
(475.0,475.0)
(479.0,475.0)
(475.0,475.0)
(475.0,475.0)
(475.0,475.0)
(475.0,475.0)
(475.0,475.0)
(475.0,475.0)
(459.0,475.0)
(475.0,475.0)
(447.0,475.0)
(459.0,475.0)
(475.0,475.0)
(382.0,475.0)
(475.0,475.0)
(459.0,475.0)
(482.0,475.0)
(475.0,475.0)
(459.0,475.0)
(442.0,475.0)
(475.0,475.0)
(471.0,475.0)
(475.0,475.0)
(362.0,475.0)
(810.0,475.0)
(479.0,475.0)
(459.0,475.0)
(756.0,475.0)
(459.0,475.0)
(475.0,475.0)
(479.0,475.0)
(785.0,475.0)
(475.0,475.0)
(475.0,475.0)
(459.0,475.0)
(810.0,475.0)
(482.0,475.0)
(475.0,475.0)
(475.0,475.0)
(379.0,475.0)
(475.0,475.0)
(479.0,475.0)
(475.0,475.0)
(379.0,475.0)
(475.0,475.0)
(382.0,475.0)
(459.0,475.0)
(475.0,475.0)
(475.0,475.0)
(483.0,475.0)
(459.0,475.0)
(475.0,475.0)
(459.0,475.0)
(475.0,475.0)
(756.0,475.0)
(475.0,475.0)
(382.0,475.0)
(475.0,475.0)
(475.0,475.0)
(475.0,475.0)
(459.0,475.0)
(784.0,475.0)
(447.0,475.0)
(459.0,475.0)
(475.0,475.0)
(475.0,475.0)
(756.0,475.0)
(475.0,475.0)
(475.0,475.0)
(475.0,475.0)
(475.0,475.0)
(459.0,475.0)
(756.0,475.0)
(475.0,475.0)
(475.0,475.0)
(479.0,475.0)
(475.0,475.0)
(756.0,475.0)
(417.0,475.0)
(479.0,475.0)
(475.0,475.0)
(785.0,475.0)
(459.0,475.0)
(447.0,475.0)
(499.0,475.0)
(475.0,475.0)
(459.0,475.0)
(475.0,475.0)
(475.0,475.0)
(475.0,475.0)
(475.0,475.0)
(809.0,475.0)
(475.0,475.0)
(475.0,475.0)
(475.0,475.0)
(479.0,475.0)
(475.0,475.0)
(475.0,475.0)
(459.0,475.0)
(471.0,475.0)
(475.0,475.0)
(459.0,475.0)
(475.0,475.0)
(459.0,475.0)
(475.0,475.0)
(482.0,475.0)
(482.0,475.0)
(479.0,475.0)
(459.0,475.0)
(471.0,475.0)
(475.0,475.0)
(459.0,475.0)
(475.0,475.0)
(479.0,475.0)
(447.0,475.0)
(459.0,475.0)
(786.0,475.0)
(482.0,475.0)
(475.0,475.0)
(475.0,475.0)
(475.0,475.0)
(475.0,475.0)
(475.0,475.0)
(475.0,475.0)
(475.0,475.0)
(475.0,475.0)
(475.0,475.0)
(479.0,475.0)
(483.0,475.0)
(475.0,475.0)
(387.0,475.0)
(475.0,475.0)
(471.0,475.0)
(479.0,475.0)
(475.0,475.0)
(475.0,475.0)
(475.0,475.0)
(447.0,475.0)
(409.0,475.0)
(479.0,475.0)
(482.0,475.0)
(475.0,475.0)
(479.0,475.0)
(475.0,475.0)
(475.0,475.0)
(379.0,475.0)
(459.0,475.0)
(471.0,475.0)
(475.0,475.0)
(398.0,475.0)
(756.0,475.0)
(475.0,475.0)
(475.0,475.0)
(475.0,475.0)
(475.0,475.0)
(377.0,475.0)
(482.0,475.0)
(475.0,475.0)
(475.0,475.0)
(475.0,475.0)
(475.0,475.0)
(475.0,475.0)
(459.0,475.0)
(447.0,475.0)
(377.0,475.0)
(459.0,475.0)
(483.0,475.0)
(475.0,475.0)
(459.0,475.0)
(459.0,475.0)
(810.0,475.0)
(475.0,475.0)
(475.0,475.0)
(499.0,475.0)
(475.0,475.0)
(482.0,475.0)
(459.0,475.0)
(475.0,475.0)
(475.0,475.0)
(459.0,475.0)
(475.0,475.0)
(475.0,475.0)
(475.0,475.0)
(475.0,475.0)
(483.0,475.0)
(482.0,475.0)
(475.0,475.0)
(475.0,475.0)
(406.0,475.0)
(475.0,475.0)
(475.0,475.0)
(475.0,475.0)
(475.0,475.0)
(475.0,475.0)
(425.0,475.0)
(475.0,475.0)
(475.0,475.0)
(447.0,475.0)
(459.0,475.0)
(459.0,475.0)
(475.0,475.0)
(475.0,475.0)
(475.0,475.0)
(475.0,475.0)
(475.0,475.0)
(475.0,475.0)
(475.0,475.0)
(459.0,475.0)
(475.0,475.0)
(738.0,475.0)
(475.0,475.0)
(475.0,475.0)
(471.0,475.0)
(459.0,475.0)
(475.0,475.0)
(475.0,475.0)
(475.0,475.0)
(475.0,475.0)
(479.0,475.0)
(475.0,475.0)
(475.0,475.0)
(447.0,475.0)
(475.0,475.0)
(475.0,475.0)
(459.0,475.0)
(475.0,475.0)
(475.0,475.0)
(475.0,475.0)
(475.0,475.0)
(475.0,475.0)
(483.0,475.0)
(475.0,475.0)
(379.0,475.0)
(810.0,475.0)
(475.0,475.0)
(475.0,475.0)
(382.0,475.0)
(459.0,475.0)
(475.0,475.0)
(475.0,475.0)
(475.0,475.0)
(475.0,475.0)
(756.0,475.0)
(475.0,475.0)
(475.0,475.0)
(475.0,475.0)
(382.0,475.0)
(457.0,475.0)
(475.0,475.0)
(475.0,475.0)
(475.0,475.0)
(459.0,475.0)
(459.0,475.0)
(366.0,475.0)
(475.0,475.0)
(425.0,475.0)
(482.0,475.0)
(475.0,475.0)
(475.0,475.0)
(459.0,475.0)
(475.0,475.0)
(479.0,475.0)
(475.0,475.0)
(471.0,475.0)
(475.0,475.0)
(459.0,475.0)
(756.0,475.0)
(479.0,475.0)
(475.0,475.0)
(475.0,475.0)
(382.0,475.0)
(459.0,475.0)
(479.0,475.0)
(483.0,475.0)
(447.0,475.0)
(788.0,475.0)
(459.0,475.0)
(474.0,475.0)
(475.0,475.0)
(475.0,475.0)
(483.0,475.0)
(810.0,475.0)
(475.0,475.0)
(475.0,475.0)
(382.0,475.0)
(459.0,475.0)
(475.0,475.0)
(475.0,475.0)
(475.0,475.0)
(475.0,475.0)
(459.0,475.0)
(475.0,475.0)
(459.0,475.0)
(461.0,475.0)
(459.0,475.0)
(482.0,475.0)
(475.0,475.0)
(482.0,475.0)
(366.0,475.0)
(459.0,475.0)
(475.0,475.0)
(475.0,475.0)
(475.0,475.0)
(475.0,475.0)
(459.0,475.0)
(474.0,475.0)
(475.0,475.0)
(475.0,475.0)
(479.0,475.0)
(475.0,475.0)
(475.0,475.0)
(474.0,475.0)
(756.0,475.0)
(425.0,475.0)
(475.0,475.0)
(475.0,475.0)
(475.0,475.0)
(387.0,475.0)
(756.0,475.0)
(475.0,475.0)
(475.0,475.0)
(475.0,475.0)
(475.0,475.0)
(475.0,475.0)
(475.0,475.0)
(475.0,475.0)
(804.0,475.0)
(366.0,475.0)
(482.0,475.0)
(475.0,475.0)
(475.0,475.0)
(475.0,475.0)
(475.0,475.0)
(475.0,475.0)
(475.0,475.0)
(475.0,475.0)
(479.0,475.0)
(427.0,475.0)
(475.0,475.0)
(475.0,475.0)
(475.0,475.0)
(455.0,475.0)
(475.0,475.0)
(475.0,475.0)
(475.0,475.0)
(471.0,475.0)
(475.0,475.0)
(475.0,475.0)
(471.0,475.0)
(475.0,475.0)
(475.0,475.0)
(379.0,475.0)
(479.0,475.0)
(475.0,475.0)
(475.0,475.0)
(475.0,475.0)
(475.0,475.0)
(366.0,475.0)
(458.0,475.0)
(459.0,475.0)
(757.0,475.0)
(475.0,475.0)
(475.0,475.0)
(459.0,475.0)
(475.0,475.0)
(475.0,475.0)
(475.0,475.0)
(459.0,475.0)
(475.0,475.0)
(475.0,475.0)
(475.0,475.0)
(479.0,475.0)
(475.0,475.0)
(459.0,475.0)
(475.0,475.0)
(475.0,475.0)
(475.0,475.0)
(475.0,475.0)
(482.0,475.0)
(382.0,475.0)
(475.0,475.0)
(475.0,475.0)
(475.0,475.0)
(475.0,475.0)
(475.0,475.0)
(479.0,475.0)
(756.0,475.0)
(475.0,475.0)
(475.0,475.0)
(475.0,475.0)
(482.0,475.0)
(459.0,475.0)
(475.0,475.0)
(475.0,475.0)
(475.0,475.0)
(757.0,475.0)
(475.0,475.0)
(475.0,475.0)
(479.0,475.0)
(475.0,475.0)
(475.0,475.0)
(475.0,475.0)
(475.0,475.0)
(474.0,475.0)
(471.0,475.0)
(425.0,475.0)
(459.0,475.0)
(475.0,475.0)
(475.0,475.0)
(475.0,475.0)
(459.0,475.0)
(479.0,475.0)
(459.0,475.0)
(363.0,474.0)
(481.0,474.0)
(809.0,474.0)
(481.0,474.0)
(809.0,474.0)
(481.0,474.0)
(474.0,474.0)
(474.0,474.0)
(455.0,474.0)
(474.0,474.0)
(474.0,474.0)
(481.0,474.0)
(455.0,474.0)
(447.0,474.0)
(481.0,474.0)
(474.0,474.0)
(481.0,474.0)
(481.0,474.0)
(482.0,474.0)
(481.0,474.0)
(474.0,474.0)
(481.0,474.0)
(447.0,474.0)
(481.0,474.0)
(474.0,474.0)
(809.0,474.0)
(471.0,474.0)
(474.0,474.0)
(447.0,474.0)
(474.0,474.0)
(481.0,474.0)
(481.0,474.0)
(474.0,474.0)
(474.0,474.0)
(481.0,474.0)
(455.0,474.0)
(459.0,474.0)
(481.0,474.0)
(474.0,474.0)
(481.0,474.0)
(447.0,474.0)
(481.0,474.0)
(483.0,474.0)
(809.0,474.0)
(743.0,474.0)
(809.0,474.0)
(474.0,474.0)
(481.0,474.0)
(474.0,474.0)
(481.0,474.0)
(483.0,474.0)
(417.0,474.0)
(362.0,474.0)
(481.0,474.0)
(474.0,474.0)
(417.0,474.0)
(809.0,474.0)
(474.0,474.0)
(481.0,474.0)
(481.0,474.0)
(474.0,474.0)
(481.0,474.0)
(447.0,474.0)
(481.0,474.0)
(474.0,474.0)
(474.0,474.0)
(474.0,474.0)
(481.0,474.0)
(481.0,474.0)
(481.0,474.0)
(481.0,474.0)
(481.0,474.0)
(474.0,474.0)
(481.0,474.0)
(481.0,474.0)
(474.0,474.0)
(481.0,474.0)
(481.0,474.0)
(474.0,474.0)
(435.0,474.0)
(474.0,474.0)
(481.0,474.0)
(481.0,474.0)
(743.0,474.0)
(474.0,474.0)
(363.0,474.0)
(481.0,474.0)
(481.0,474.0)
(481.0,474.0)
(481.0,474.0)
(481.0,474.0)
(809.0,474.0)
(474.0,474.0)
(481.0,474.0)
(455.0,474.0)
(481.0,474.0)
(481.0,474.0)
(481.0,474.0)
(474.0,474.0)
(481.0,474.0)
(474.0,474.0)
(474.0,474.0)
(481.0,474.0)
(481.0,474.0)
(481.0,474.0)
(481.0,474.0)
(481.0,474.0)
(481.0,474.0)
(481.0,474.0)
(474.0,474.0)
(474.0,474.0)
(482.0,474.0)
(481.0,474.0)
(447.0,474.0)
(481.0,474.0)
(481.0,474.0)
(481.0,474.0)
(481.0,474.0)
(481.0,474.0)
(481.0,474.0)
(474.0,474.0)
(809.0,474.0)
(474.0,474.0)
(481.0,474.0)
(435.0,474.0)
(481.0,474.0)
(471.0,474.0)
(474.0,474.0)
(455.0,474.0)
(481.0,474.0)
(743.0,474.0)
(474.0,474.0)
(802.0,474.0)
(474.0,474.0)
(481.0,474.0)
(447.0,474.0)
(483.0,474.0)
(481.0,474.0)
(481.0,474.0)
(481.0,474.0)
(474.0,474.0)
(481.0,474.0)
(809.0,474.0)
(474.0,474.0)
(481.0,474.0)
(481.0,474.0)
(362.0,474.0)
(474.0,474.0)
(474.0,474.0)
(474.0,474.0)
(481.0,474.0)
(481.0,474.0)
(474.0,474.0)
(481.0,474.0)
(481.0,474.0)
(474.0,474.0)
(474.0,474.0)
(481.0,474.0)
(474.0,474.0)
(481.0,474.0)
(455.0,474.0)
(479.0,474.0)
(481.0,474.0)
(481.0,474.0)
(481.0,474.0)
(481.0,474.0)
(481.0,474.0)
(474.0,474.0)
(481.0,474.0)
(481.0,474.0)
(481.0,474.0)
(447.0,474.0)
(474.0,474.0)
(455.0,474.0)
(809.0,474.0)
(481.0,474.0)
(481.0,474.0)
(474.0,474.0)
(481.0,474.0)
(474.0,474.0)
(474.0,474.0)
(481.0,474.0)
(809.0,474.0)
(481.0,474.0)
(809.0,474.0)
(481.0,474.0)
(481.0,474.0)
(481.0,474.0)
(809.0,474.0)
(363.0,474.0)
(447.0,474.0)
(481.0,474.0)
(481.0,474.0)
(481.0,474.0)
(474.0,474.0)
(481.0,474.0)
(481.0,474.0)
(481.0,474.0)
(481.0,474.0)
(482.0,474.0)
(481.0,474.0)
(474.0,474.0)
(483.0,474.0)
(809.0,474.0)
(481.0,474.0)
(481.0,474.0)
(481.0,474.0)
(474.0,474.0)
(481.0,474.0)
(474.0,474.0)
(481.0,474.0)
(743.0,474.0)
(474.0,474.0)
(481.0,474.0)
(474.0,474.0)
(474.0,474.0)
(474.0,474.0)
(481.0,474.0)
(809.0,474.0)
(481.0,474.0)
(481.0,474.0)
(474.0,474.0)
(481.0,474.0)
(474.0,474.0)
(362.0,474.0)
(481.0,474.0)
(481.0,474.0)
(474.0,474.0)
(474.0,474.0)
(447.0,474.0)
(481.0,474.0)
(474.0,474.0)
(474.0,474.0)
(481.0,474.0)
(481.0,474.0)
(481.0,474.0)
(474.0,474.0)
(483.0,474.0)
(481.0,474.0)
(481.0,474.0)
(474.0,474.0)
(481.0,474.0)
(751.0,474.0)
(481.0,474.0)
(474.0,474.0)
(481.0,474.0)
(474.0,474.0)
(481.0,474.0)
(481.0,474.0)
(481.0,474.0)
(474.0,474.0)
(481.0,474.0)
(481.0,474.0)
(471.0,474.0)
(481.0,474.0)
(481.0,474.0)
(481.0,474.0)
(481.0,474.0)
(481.0,474.0)
(481.0,474.0)
(447.0,474.0)
(481.0,474.0)
(482.0,474.0)
(807.0,474.0)
(481.0,474.0)
(481.0,474.0)
(481.0,474.0)
(481.0,474.0)
(455.0,474.0)
(481.0,474.0)
(474.0,474.0)
(481.0,474.0)
(455.0,474.0)
(481.0,474.0)
(447.0,474.0)
(481.0,474.0)
(481.0,474.0)
(474.0,474.0)
(474.0,474.0)
(481.0,474.0)
(481.0,474.0)
(481.0,474.0)
(481.0,474.0)
(481.0,474.0)
(481.0,474.0)
(474.0,474.0)
(474.0,474.0)
(455.0,474.0)
(481.0,474.0)
(481.0,474.0)
(481.0,474.0)
(480.0,474.0)
(481.0,474.0)
(481.0,474.0)
(474.0,474.0)
(481.0,474.0)
(474.0,474.0)
(483.0,474.0)
(481.0,474.0)
(471.0,474.0)
(481.0,474.0)
(474.0,474.0)
(481.0,474.0)
(481.0,474.0)
(481.0,474.0)
(474.0,474.0)
(481.0,474.0)
(481.0,474.0)
(481.0,474.0)
(474.0,474.0)
(481.0,474.0)
(481.0,474.0)
(481.0,474.0)
(474.0,474.0)
(474.0,474.0)
(447.0,474.0)
(481.0,474.0)
(481.0,474.0)
(474.0,474.0)
(481.0,474.0)
(481.0,474.0)
(481.0,474.0)
(481.0,474.0)
(481.0,474.0)
(474.0,474.0)
(481.0,474.0)
(474.0,474.0)
(481.0,474.0)
(481.0,474.0)
(481.0,474.0)
(362.0,474.0)
(481.0,474.0)
(455.0,474.0)
(481.0,474.0)
(474.0,474.0)
(481.0,474.0)
(481.0,474.0)
(481.0,474.0)
(474.0,474.0)
(474.0,474.0)
(481.0,474.0)
(481.0,474.0)
(481.0,474.0)
(481.0,474.0)
(481.0,474.0)
(481.0,474.0)
(483.0,474.0)
(481.0,474.0)
(474.0,474.0)
(474.0,474.0)
(483.0,474.0)
(481.0,474.0)
(474.0,474.0)
(474.0,474.0)
(455.0,474.0)
(481.0,474.0)
(455.0,474.0)
(481.0,474.0)
(481.0,474.0)
(474.0,474.0)
(447.0,474.0)
(481.0,474.0)
(481.0,474.0)
(481.0,474.0)
(481.0,474.0)
(481.0,474.0)
(474.0,474.0)
(474.0,474.0)
(481.0,474.0)
(481.0,474.0)
(481.0,474.0)
(481.0,474.0)
(474.0,474.0)
(481.0,474.0)
(481.0,474.0)
(474.0,474.0)
(474.0,474.0)
(481.0,474.0)
(474.0,474.0)
(417.0,474.0)
(481.0,474.0)
(474.0,474.0)
(481.0,474.0)
(481.0,474.0)
(471.0,474.0)
(455.0,474.0)
(455.0,474.0)
(474.0,474.0)
(474.0,474.0)
(481.0,474.0)
(362.0,474.0)
(481.0,474.0)
(474.0,474.0)
(481.0,474.0)
(474.0,474.0)
(481.0,474.0)
(481.0,474.0)
(474.0,474.0)
(474.0,474.0)
(474.0,474.0)
(455.0,474.0)
(455.0,474.0)
(809.0,474.0)
(481.0,474.0)
(455.0,474.0)
(481.0,474.0)
(481.0,474.0)
(481.0,474.0)
(474.0,474.0)
(474.0,474.0)
(447.0,474.0)
(481.0,474.0)
(474.0,474.0)
(481.0,474.0)
(481.0,474.0)
(481.0,474.0)
(809.0,474.0)
(455.0,474.0)
(809.0,474.0)
(447.0,474.0)
(481.0,474.0)
(474.0,474.0)
(471.0,474.0)
(474.0,474.0)
(447.0,474.0)
(474.0,474.0)
(481.0,474.0)
(363.0,474.0)
(481.0,474.0)
(474.0,474.0)
(481.0,474.0)
(481.0,474.0)
(481.0,474.0)
(474.0,474.0)
(474.0,474.0)
(481.0,474.0)
(481.0,474.0)
(474.0,474.0)
(455.0,474.0)
(481.0,474.0)
(474.0,474.0)
(474.0,474.0)
(481.0,474.0)
(481.0,474.0)
(455.0,474.0)
(481.0,474.0)
(481.0,474.0)
(474.0,474.0)
(417.0,474.0)
(481.0,474.0)
(481.0,474.0)
(455.0,474.0)
(481.0,474.0)
(481.0,474.0)
(809.0,474.0)
(474.0,474.0)
(809.0,474.0)
(481.0,474.0)
(455.0,474.0)
(474.0,474.0)
(481.0,474.0)
(363.0,474.0)
(481.0,474.0)
(435.0,474.0)
(455.0,474.0)
(455.0,474.0)
(474.0,474.0)
(474.0,474.0)
(481.0,474.0)
(809.0,474.0)
(447.0,474.0)
(481.0,474.0)
(481.0,474.0)
(743.0,474.0)
(481.0,474.0)
(474.0,474.0)
(455.0,474.0)
(455.0,474.0)
(482.0,474.0)
(481.0,474.0)
(474.0,474.0)
(481.0,474.0)
(474.0,474.0)
(481.0,474.0)
(455.0,474.0)
(474.0,474.0)
(482.0,474.0)
(481.0,474.0)
(481.0,474.0)
(809.0,474.0)
(809.0,474.0)
(743.0,474.0)
(809.0,474.0)
(474.0,474.0)
(481.0,474.0)
(363.0,474.0)
(481.0,474.0)
(474.0,474.0)
(455.0,474.0)
(455.0,474.0)
(455.0,474.0)
(474.0,474.0)
(474.0,474.0)
(481.0,474.0)
(481.0,474.0)
(363.0,474.0)
(481.0,474.0)
(474.0,474.0)
(481.0,474.0)
(481.0,474.0)
(481.0,474.0)
(354.0,474.0)
(455.0,474.0)
(481.0,474.0)
(481.0,474.0)
(481.0,474.0)
(481.0,474.0)
(481.0,474.0)
(481.0,474.0)
(481.0,474.0)
(447.0,474.0)
(481.0,474.0)
(363.0,474.0)
(447.0,474.0)
(474.0,474.0)
(481.0,474.0)
(481.0,474.0)
(474.0,474.0)
(802.0,474.0)
(474.0,474.0)
(474.0,474.0)
(474.0,474.0)
(481.0,474.0)
(809.0,474.0)
(474.0,474.0)
(481.0,474.0)
(474.0,474.0)
(474.0,474.0)
(455.0,474.0)
(809.0,474.0)
(474.0,474.0)
(481.0,474.0)
(481.0,474.0)
(481.0,474.0)
(474.0,474.0)
(474.0,474.0)
(474.0,474.0)
(481.0,474.0)
(474.0,474.0)
(474.0,474.0)
(474.0,474.0)
(459.0,474.0)
(474.0,474.0)
(481.0,474.0)
(474.0,474.0)
(435.0,474.0)
(483.0,474.0)
(455.0,474.0)
(474.0,474.0)
(474.0,474.0)
(483.0,474.0)
(481.0,474.0)
(447.0,474.0)
(481.0,474.0)
(481.0,474.0)
(481.0,474.0)
(474.0,474.0)
(481.0,474.0)
(474.0,474.0)
(474.0,474.0)
(455.0,474.0)
(474.0,474.0)
(481.0,474.0)
(809.0,474.0)
(481.0,474.0)
(474.0,474.0)
(481.0,474.0)
(481.0,474.0)
(474.0,474.0)
(455.0,474.0)
(474.0,474.0)
(455.0,474.0)
(743.0,474.0)
(455.0,474.0)
(417.0,474.0)
(474.0,474.0)
(447.0,474.0)
(736.0,474.0)
(363.0,474.0)
(455.0,474.0)
(481.0,474.0)
(474.0,474.0)
(455.0,474.0)
(474.0,474.0)
(481.0,474.0)
(743.0,474.0)
(481.0,474.0)
(481.0,474.0)
(363.0,474.0)
(474.0,474.0)
(481.0,474.0)
(474.0,474.0)
(474.0,474.0)
(481.0,474.0)
(417.0,474.0)
(481.0,474.0)
(481.0,474.0)
(455.0,474.0)
(481.0,474.0)
(481.0,474.0)
(455.0,474.0)
(474.0,474.0)
(455.0,474.0)
(483.0,474.0)
(455.0,474.0)
(455.0,474.0)
(481.0,474.0)
(455.0,474.0)
(481.0,474.0)
(474.0,474.0)
(481.0,474.0)
(481.0,474.0)
(481.0,474.0)
(481.0,474.0)
(481.0,474.0)
(481.0,474.0)
(481.0,474.0)
(809.0,474.0)
(447.0,474.0)
(483.0,474.0)
(455.0,474.0)
(474.0,474.0)
(455.0,474.0)
(481.0,474.0)
(481.0,474.0)
(474.0,474.0)
(447.0,474.0)
(474.0,474.0)
(376.0,474.0)
(481.0,474.0)
(481.0,474.0)
(447.0,474.0)
(474.0,474.0)
(474.0,474.0)
(474.0,474.0)
(743.0,474.0)
(743.0,474.0)
(481.0,474.0)
(481.0,474.0)
(481.0,474.0)
(454.0,474.0)
(455.0,474.0)
(363.0,474.0)
(474.0,474.0)
(481.0,474.0)
(481.0,474.0)
(481.0,474.0)
(753.0,474.0)
(481.0,474.0)
(474.0,474.0)
(481.0,474.0)
(447.0,474.0)
(481.0,474.0)
(474.0,474.0)
(455.0,474.0)
(474.0,474.0)
(455.0,474.0)
(481.0,474.0)
(481.0,474.0)
(481.0,474.0)
(481.0,474.0)
(447.0,474.0)
(481.0,474.0)
(455.0,474.0)
(481.0,474.0)
(474.0,474.0)
(363.0,474.0)
(365.0,474.0)
(481.0,474.0)
(474.0,474.0)
(455.0,474.0)
(481.0,474.0)
(417.0,474.0)
(455.0,474.0)
(455.0,474.0)
(481.0,474.0)
(474.0,474.0)
(483.0,474.0)
(481.0,474.0)
(481.0,474.0)
(481.0,474.0)
(455.0,474.0)
(455.0,474.0)
(455.0,474.0)
(481.0,474.0)
(363.0,474.0)
(363.0,474.0)
(455.0,474.0)
(481.0,474.0)
(481.0,474.0)
(474.0,474.0)
(455.0,474.0)
(481.0,474.0)
(474.0,474.0)
(481.0,474.0)
(474.0,474.0)
(474.0,474.0)
(447.0,474.0)
(481.0,474.0)
(481.0,474.0)
(455.0,474.0)
(474.0,474.0)
(455.0,474.0)
(481.0,474.0)
(481.0,474.0)
(481.0,474.0)
(363.0,474.0)
(481.0,474.0)
(481.0,474.0)
(455.0,474.0)
(482.0,474.0)
(455.0,474.0)
(455.0,474.0)
(481.0,474.0)
(474.0,474.0)
(481.0,474.0)
(474.0,474.0)
(481.0,474.0)
(481.0,474.0)
(755.0,474.0)
(474.0,474.0)
(471.0,474.0)
(474.0,474.0)
(455.0,474.0)
(447.0,474.0)
(481.0,474.0)
(481.0,474.0)
(743.0,474.0)
(481.0,474.0)
(481.0,474.0)
(481.0,474.0)
(455.0,474.0)
(455.0,474.0)
(481.0,474.0)
(481.0,474.0)
(455.0,474.0)
(481.0,474.0)
(481.0,474.0)
(455.0,474.0)
(474.0,474.0)
(455.0,474.0)
(481.0,474.0)
(455.0,474.0)
(376.0,474.0)
(474.0,474.0)
(363.0,474.0)
(455.0,474.0)
(474.0,474.0)
(481.0,474.0)
(474.0,474.0)
(481.0,474.0)
(447.0,474.0)
(455.0,474.0)
(481.0,474.0)
(481.0,474.0)
(417.0,474.0)
(474.0,474.0)
(455.0,474.0)
(363.0,474.0)
(481.0,474.0)
(481.0,474.0)
(455.0,474.0)
(474.0,474.0)
(363.0,474.0)
(481.0,474.0)
(481.0,474.0)
(474.0,474.0)
(481.0,474.0)
(474.0,474.0)
(481.0,474.0)
(481.0,474.0)
(481.0,474.0)
(481.0,474.0)
(481.0,474.0)
(481.0,474.0)
(474.0,474.0)
(481.0,474.0)
(474.0,474.0)
(481.0,474.0)
(447.0,474.0)
(481.0,474.0)
(809.0,474.0)
(483.0,474.0)
(474.0,474.0)
(481.0,474.0)
(474.0,474.0)
(474.0,474.0)
(478.0,474.0)
(363.0,474.0)
(481.0,474.0)
(474.0,474.0)
(447.0,474.0)
(809.0,474.0)
(474.0,474.0)
(455.0,474.0)
(481.0,474.0)
(809.0,474.0)
(481.0,474.0)
(481.0,474.0)
(481.0,474.0)
(447.0,474.0)
(474.0,474.0)
(481.0,474.0)
(474.0,474.0)
(753.0,474.0)
(481.0,474.0)
(474.0,474.0)
(474.0,474.0)
(481.0,474.0)
(481.0,474.0)
(481.0,474.0)
(809.0,474.0)
(447.0,474.0)
(481.0,474.0)
(481.0,474.0)
(481.0,474.0)
(481.0,474.0)
(481.0,474.0)
(809.0,474.0)
(472.0,474.0)
(807.0,474.0)
(809.0,474.0)
(447.0,474.0)
(447.0,474.0)
(482.0,474.0)
(474.0,474.0)
(474.0,474.0)
(481.0,474.0)
(483.0,474.0)
(474.0,474.0)
(447.0,474.0)
(481.0,474.0)
(474.0,474.0)
(474.0,474.0)
(363.0,474.0)
(478.0,474.0)
(459.0,474.0)
(455.0,474.0)
(481.0,474.0)
(481.0,474.0)
(455.0,474.0)
(474.0,474.0)
(447.0,474.0)
(481.0,474.0)
(447.0,474.0)
(809.0,474.0)
(483.0,474.0)
(809.0,474.0)
(474.0,474.0)
(481.0,474.0)
(481.0,474.0)
(481.0,474.0)
(481.0,474.0)
(481.0,474.0)
(474.0,474.0)
(809.0,474.0)
(483.0,474.0)
(447.0,474.0)
(474.0,474.0)
(481.0,474.0)
(474.0,474.0)
(481.0,474.0)
(481.0,474.0)
(474.0,474.0)
(447.0,474.0)
(474.0,474.0)
(455.0,474.0)
(481.0,474.0)
(447.0,474.0)
(482.0,474.0)
(455.0,474.0)
(447.0,474.0)
(481.0,474.0)
(481.0,474.0)
(481.0,474.0)
(447.0,474.0)
(474.0,474.0)
(435.0,474.0)
(481.0,474.0)
(481.0,474.0)
(474.0,474.0)
(474.0,474.0)
(481.0,474.0)
(481.0,474.0)
(474.0,474.0)
(481.0,474.0)
(807.0,474.0)
(481.0,474.0)
(481.0,474.0)
(474.0,474.0)
(481.0,474.0)
(474.0,474.0)
(481.0,474.0)
(474.0,474.0)
(474.0,474.0)
(481.0,474.0)
(447.0,474.0)
(809.0,474.0)
(455.0,474.0)
(809.0,474.0)
(404.0,474.0)
(481.0,474.0)
(481.0,474.0)
(483.0,474.0)
(481.0,474.0)
(481.0,474.0)
(363.0,474.0)
(481.0,474.0)
(474.0,474.0)
(481.0,474.0)
(481.0,474.0)
(447.0,474.0)
(474.0,474.0)
(481.0,474.0)
(481.0,474.0)
(481.0,474.0)
(474.0,474.0)
(474.0,474.0)
(471.0,474.0)
(482.0,474.0)
(474.0,474.0)
(809.0,474.0)
(481.0,474.0)
(474.0,474.0)
(481.0,474.0)
(481.0,474.0)
(447.0,474.0)
(474.0,474.0)
(809.0,474.0)
(809.0,474.0)
(483.0,474.0)
(481.0,474.0)
(481.0,474.0)
(481.0,474.0)
(481.0,474.0)
(481.0,474.0)
(474.0,474.0)
(481.0,474.0)
(474.0,474.0)
(481.0,474.0)
(474.0,474.0)
(481.0,474.0)
(481.0,474.0)
(481.0,474.0)
(481.0,474.0)
(481.0,474.0)
(481.0,474.0)
(481.0,474.0)
(483.0,474.0)
(481.0,474.0)
(809.0,474.0)
(481.0,474.0)
(455.0,474.0)
(474.0,474.0)
(481.0,474.0)
(474.0,474.0)
(474.0,474.0)
(483.0,474.0)
(481.0,474.0)
(481.0,474.0)
(447.0,474.0)
(481.0,474.0)
(481.0,474.0)
(474.0,474.0)
(474.0,474.0)
(474.0,474.0)
(474.0,474.0)
(363.0,474.0)
(471.0,474.0)
(474.0,474.0)
(435.0,474.0)
(481.0,474.0)
(481.0,474.0)
(481.0,474.0)
(481.0,474.0)
(481.0,474.0)
(474.0,474.0)
(481.0,474.0)
(447.0,474.0)
(481.0,474.0)
(481.0,474.0)
(362.0,474.0)
(474.0,474.0)
(474.0,474.0)
(481.0,474.0)
(474.0,474.0)
(474.0,474.0)
(474.0,474.0)
(474.0,474.0)
(481.0,474.0)
(474.0,474.0)
(474.0,474.0)
(481.0,474.0)
(447.0,474.0)
(481.0,474.0)
(481.0,474.0)
(474.0,474.0)
(474.0,474.0)
(474.0,474.0)
(481.0,474.0)
(474.0,474.0)
(481.0,474.0)
(481.0,474.0)
(481.0,474.0)
(483.0,474.0)
(474.0,474.0)
(474.0,474.0)
(481.0,474.0)
(474.0,474.0)
(455.0,474.0)
(481.0,474.0)
(481.0,474.0)
(481.0,474.0)
(474.0,474.0)
(447.0,474.0)
(421.0,474.0)
(474.0,474.0)
(474.0,474.0)
(481.0,474.0)
(481.0,474.0)
(481.0,474.0)
(481.0,474.0)
(483.0,474.0)
(481.0,474.0)
(481.0,474.0)
(474.0,474.0)
(481.0,474.0)
(481.0,474.0)
(481.0,474.0)
(481.0,474.0)
(481.0,474.0)
(474.0,474.0)
(481.0,474.0)
(481.0,474.0)
(455.0,474.0)
(481.0,474.0)
(481.0,474.0)
(474.0,474.0)
(474.0,474.0)
(474.0,474.0)
(809.0,474.0)
(481.0,474.0)
(481.0,474.0)
(480.0,474.0)
(481.0,474.0)
(481.0,474.0)
(481.0,474.0)
(474.0,474.0)
(363.0,474.0)
(481.0,474.0)
(481.0,474.0)
(481.0,474.0)
(481.0,474.0)
(481.0,474.0)
(481.0,474.0)
(481.0,474.0)
(455.0,474.0)
(809.0,474.0)
(474.0,474.0)
(481.0,474.0)
(481.0,474.0)
(481.0,474.0)
(481.0,474.0)
(455.0,474.0)
(481.0,474.0)
(447.0,474.0)
(474.0,474.0)
(481.0,474.0)
(474.0,474.0)
(474.0,474.0)
(481.0,474.0)
(481.0,474.0)
(481.0,474.0)
(471.0,474.0)
(363.0,474.0)
(481.0,474.0)
(474.0,474.0)
(474.0,474.0)
(455.0,474.0)
(474.0,474.0)
(481.0,474.0)
(809.0,474.0)
(481.0,474.0)
(474.0,474.0)
(474.0,474.0)
(481.0,474.0)
(474.0,474.0)
(483.0,474.0)
(481.0,474.0)
(481.0,474.0)
(459.0,474.0)
(481.0,474.0)
(481.0,474.0)
(481.0,474.0)
(481.0,474.0)
(363.0,474.0)
(455.0,474.0)
(455.0,474.0)
(481.0,474.0)
(481.0,474.0)
(481.0,474.0)
(474.0,474.0)
(481.0,474.0)
(471.0,474.0)
(474.0,474.0)
(481.0,474.0)
(481.0,474.0)
(447.0,474.0)
(481.0,474.0)
(481.0,474.0)
(474.0,474.0)
(481.0,474.0)
(481.0,474.0)
(474.0,474.0)
(481.0,474.0)
(481.0,474.0)
(455.0,474.0)
(481.0,474.0)
(363.0,474.0)
(421.0,474.0)
(455.0,474.0)
(481.0,474.0)
(809.0,474.0)
(474.0,474.0)
(474.0,474.0)
(481.0,474.0)
(421.0,474.0)
(481.0,474.0)
(474.0,474.0)
(455.0,474.0)
(481.0,474.0)
(447.0,474.0)
(474.0,474.0)
(474.0,474.0)
(474.0,474.0)
(743.0,474.0)
(809.0,474.0)
(481.0,474.0)
(743.0,474.0)
(474.0,474.0)
(474.0,474.0)
(481.0,474.0)
(483.0,474.0)
(474.0,474.0)
(481.0,474.0)
(481.0,474.0)
(474.0,474.0)
(481.0,474.0)
(481.0,474.0)
(481.0,474.0)
(455.0,474.0)
(809.0,474.0)
(447.0,474.0)
(455.0,474.0)
(474.0,474.0)
(474.0,474.0)
(481.0,474.0)
(447.0,474.0)
(481.0,474.0)
(481.0,474.0)
(481.0,474.0)
(481.0,474.0)
(479.0,474.0)
(481.0,474.0)
(481.0,474.0)
(417.0,474.0)
(481.0,474.0)
(481.0,474.0)
(474.0,474.0)
(481.0,474.0)
(481.0,474.0)
(809.0,474.0)
(474.0,474.0)
(481.0,474.0)
(481.0,474.0)
(481.0,474.0)
(483.0,474.0)
(809.0,474.0)
(474.0,474.0)
(481.0,474.0)
(481.0,474.0)
(481.0,474.0)
(481.0,474.0)
(474.0,474.0)
(481.0,474.0)
(474.0,474.0)
(481.0,474.0)
(481.0,474.0)
(481.0,474.0)
(481.0,474.0)
(481.0,474.0)
(481.0,474.0)
(474.0,474.0)
(474.0,474.0)
(474.0,474.0)
(481.0,474.0)
(481.0,474.0)
(481.0,474.0)
(481.0,474.0)
(474.0,474.0)
(471.0,474.0)
(481.0,474.0)
(474.0,474.0)
(809.0,474.0)
(447.0,474.0)
(481.0,474.0)
(474.0,474.0)
(474.0,474.0)
(481.0,474.0)
(481.0,474.0)
(447.0,474.0)
(481.0,474.0)
(809.0,474.0)
(481.0,474.0)
(455.0,474.0)
(809.0,474.0)
(471.0,474.0)
(481.0,474.0)
(474.0,474.0)
(809.0,474.0)
(481.0,474.0)
(474.0,474.0)
(481.0,474.0)
(481.0,474.0)
(474.0,474.0)
(474.0,474.0)
(481.0,474.0)
(482.0,474.0)
(481.0,474.0)
(481.0,474.0)
(481.0,474.0)
(474.0,474.0)
(481.0,474.0)
(481.0,474.0)
(743.0,474.0)
(481.0,474.0)
(363.0,474.0)
(474.0,474.0)
(363.0,474.0)
(809.0,474.0)
(455.0,474.0)
(481.0,474.0)
(481.0,474.0)
(481.0,474.0)
(481.0,474.0)
(471.0,474.0)
(481.0,474.0)
(474.0,474.0)
(481.0,474.0)
(474.0,474.0)
(474.0,474.0)
(481.0,474.0)
(481.0,474.0)
(481.0,474.0)
(474.0,474.0)
(447.0,474.0)
(481.0,474.0)
(474.0,474.0)
(481.0,474.0)
(363.0,474.0)
(362.0,474.0)
(474.0,474.0)
(809.0,474.0)
(474.0,474.0)
(474.0,474.0)
(481.0,474.0)
(447.0,474.0)
(474.0,474.0)
(809.0,474.0)
(481.0,474.0)
(447.0,474.0)
(481.0,474.0)
(474.0,474.0)
(447.0,474.0)
(481.0,474.0)
(481.0,474.0)
(481.0,474.0)
(474.0,474.0)
(426.0,474.0)
(474.0,474.0)
(474.0,474.0)
(435.0,474.0)
(481.0,474.0)
(474.0,474.0)
(447.0,474.0)
(481.0,474.0)
(474.0,474.0)
(474.0,474.0)
(481.0,474.0)
(474.0,474.0)
(474.0,474.0)
(481.0,474.0)
(482.0,474.0)
(474.0,474.0)
(481.0,474.0)
(474.0,474.0)
(474.0,474.0)
(474.0,474.0)
(481.0,474.0)
(483.0,474.0)
(481.0,474.0)
(481.0,474.0)
(474.0,474.0)
(474.0,474.0)
(481.0,474.0)
(482.0,474.0)
(809.0,474.0)
(481.0,474.0)
(474.0,474.0)
(474.0,474.0)
(474.0,474.0)
(809.0,474.0)
(362.0,474.0)
(481.0,474.0)
(481.0,474.0)
(481.0,474.0)
(474.0,474.0)
(481.0,474.0)
(474.0,474.0)
(481.0,474.0)
(481.0,474.0)
(435.0,474.0)
(479.0,474.0)
(481.0,474.0)
(481.0,474.0)
(474.0,474.0)
(474.0,474.0)
(481.0,474.0)
(804.0,474.0)
(482.0,474.0)
(755.0,474.0)
(481.0,474.0)
(481.0,474.0)
(481.0,474.0)
(363.0,474.0)
(481.0,474.0)
(481.0,474.0)
(481.0,474.0)
(743.0,474.0)
(481.0,474.0)
(474.0,474.0)
(481.0,474.0)
(474.0,474.0)
(481.0,474.0)
(481.0,474.0)
(481.0,474.0)
(481.0,474.0)
(474.0,474.0)
(474.0,474.0)
(474.0,474.0)
(447.0,474.0)
(481.0,474.0)
(474.0,474.0)
(474.0,474.0)
(481.0,474.0)
(474.0,474.0)
(481.0,474.0)
(474.0,474.0)
(743.0,474.0)
(447.0,474.0)
(481.0,474.0)
(474.0,474.0)
(455.0,474.0)
(481.0,474.0)
(481.0,474.0)
(455.0,474.0)
(455.0,474.0)
(447.0,474.0)
(474.0,474.0)
(481.0,474.0)
(481.0,474.0)
(481.0,474.0)
(481.0,474.0)
(447.0,474.0)
(474.0,474.0)
(474.0,474.0)
(481.0,474.0)
(481.0,474.0)
(474.0,474.0)
(474.0,474.0)
(455.0,474.0)
(474.0,474.0)
(455.0,474.0)
(474.0,474.0)
(474.0,474.0)
(481.0,474.0)
(481.0,474.0)
(481.0,474.0)
(474.0,474.0)
(447.0,474.0)
(474.0,474.0)
(481.0,474.0)
(481.0,474.0)
(455.0,474.0)
(481.0,474.0)
(481.0,474.0)
(481.0,474.0)
(455.0,474.0)
(481.0,474.0)
(447.0,474.0)
(481.0,474.0)
(481.0,474.0)
(363.0,474.0)
(482.0,474.0)
(474.0,474.0)
(481.0,474.0)
(481.0,474.0)
(481.0,474.0)
(474.0,474.0)
(455.0,474.0)
(474.0,474.0)
(481.0,474.0)
(481.0,474.0)
(481.0,474.0)
(474.0,474.0)
(455.0,474.0)
(421.0,474.0)
(447.0,474.0)
(483.0,474.0)
(474.0,474.0)
(481.0,474.0)
(474.0,474.0)
(481.0,474.0)
(481.0,474.0)
(363.0,474.0)
(481.0,474.0)
(455.0,474.0)
(481.0,474.0)
(481.0,474.0)
(481.0,474.0)
(481.0,474.0)
(481.0,474.0)
(455.0,474.0)
(481.0,474.0)
(483.0,474.0)
(481.0,474.0)
(363.0,474.0)
(455.0,474.0)
(481.0,474.0)
(474.0,474.0)
(481.0,474.0)
(455.0,474.0)
(474.0,474.0)
(481.0,474.0)
(455.0,474.0)
(474.0,474.0)
(474.0,474.0)
(481.0,474.0)
(474.0,474.0)
(455.0,474.0)
(481.0,474.0)
(474.0,474.0)
(363.0,474.0)
(455.0,474.0)
(481.0,474.0)
(474.0,474.0)
(447.0,474.0)
(474.0,474.0)
(481.0,474.0)
(481.0,474.0)
(474.0,474.0)
(477.0,474.0)
(474.0,474.0)
(481.0,474.0)
(455.0,474.0)
(481.0,474.0)
(455.0,474.0)
(474.0,474.0)
(474.0,474.0)
(474.0,474.0)
(455.0,474.0)
(455.0,474.0)
(481.0,474.0)
(481.0,474.0)
(455.0,474.0)
(481.0,474.0)
(481.0,474.0)
(474.0,474.0)
(474.0,474.0)
(481.0,474.0)
(474.0,474.0)
(743.0,474.0)
(481.0,474.0)
(481.0,474.0)
(481.0,474.0)
(481.0,474.0)
(455.0,474.0)
(481.0,474.0)
(455.0,474.0)
(474.0,474.0)
(481.0,474.0)
(481.0,474.0)
(740.0,474.0)
(447.0,474.0)
(447.0,474.0)
(474.0,474.0)
(447.0,474.0)
(474.0,474.0)
(481.0,474.0)
(481.0,474.0)
(481.0,474.0)
(474.0,474.0)
(481.0,474.0)
(474.0,474.0)
(481.0,474.0)
(474.0,474.0)
(481.0,474.0)
(481.0,474.0)
(447.0,474.0)
(455.0,474.0)
(481.0,474.0)
(483.0,474.0)
(481.0,474.0)
(474.0,474.0)
(455.0,474.0)
(455.0,474.0)
(455.0,474.0)
(481.0,474.0)
(474.0,474.0)
(481.0,474.0)
(481.0,474.0)
(483.0,474.0)
(474.0,474.0)
(474.0,474.0)
(481.0,474.0)
(481.0,474.0)
(474.0,474.0)
(481.0,474.0)
(455.0,474.0)
(481.0,474.0)
(363.0,474.0)
(481.0,474.0)
(743.0,474.0)
(363.0,474.0)
(481.0,474.0)
(481.0,474.0)
(474.0,474.0)
(481.0,474.0)
(809.0,474.0)
(481.0,474.0)
(483.0,474.0)
(455.0,474.0)
(481.0,474.0)
(455.0,474.0)
(481.0,474.0)
(474.0,474.0)
(455.0,474.0)
(455.0,474.0)
(481.0,474.0)
(481.0,474.0)
(481.0,474.0)
(447.0,474.0)
(447.0,474.0)
(481.0,474.0)
(481.0,474.0)
(417.0,474.0)
(481.0,474.0)
(481.0,474.0)
(481.0,474.0)
(481.0,474.0)
(474.0,474.0)
(481.0,474.0)
(455.0,474.0)
(481.0,474.0)
(455.0,474.0)
(481.0,474.0)
(447.0,474.0)
(481.0,474.0)
(481.0,474.0)
(474.0,474.0)
(481.0,474.0)
(481.0,474.0)
(743.0,474.0)
(481.0,474.0)
(455.0,474.0)
(455.0,474.0)
(474.0,474.0)
(447.0,474.0)
(455.0,474.0)
(753.0,474.0)
(481.0,474.0)
(481.0,474.0)
(481.0,474.0)
(481.0,474.0)
(447.0,474.0)
(441.0,474.0)
(483.0,474.0)
(417.0,474.0)
(474.0,474.0)
(413.0,474.0)
(482.0,474.0)
(481.0,474.0)
(481.0,474.0)
(363.0,474.0)
(481.0,474.0)
(447.0,474.0)
(481.0,474.0)
(481.0,474.0)
(474.0,474.0)
(455.0,474.0)
(482.0,474.0)
(481.0,474.0)
(481.0,474.0)
(481.0,474.0)
(455.0,474.0)
(474.0,474.0)
(481.0,474.0)
(455.0,474.0)
(481.0,474.0)
(474.0,474.0)
(474.0,474.0)
(481.0,474.0)
(481.0,474.0)
(363.0,474.0)
(480.0,474.0)
(481.0,474.0)
(455.0,474.0)
(481.0,474.0)
(481.0,474.0)
(481.0,474.0)
(481.0,474.0)
(481.0,474.0)
(447.0,474.0)
(474.0,474.0)
(455.0,474.0)
(481.0,474.0)
(481.0,474.0)
(481.0,474.0)
(481.0,474.0)
(481.0,474.0)
(474.0,474.0)
(447.0,474.0)
(481.0,474.0)
(481.0,474.0)
(481.0,474.0)
(447.0,474.0)
(481.0,474.0)
(455.0,474.0)
(474.0,474.0)
(740.0,474.0)
(481.0,474.0)
(481.0,474.0)
(455.0,474.0)
(455.0,474.0)
(481.0,474.0)
(474.0,474.0)
(481.0,474.0)
(481.0,474.0)
(483.0,474.0)
(481.0,474.0)
(455.0,474.0)
(474.0,474.0)
(481.0,474.0)
(481.0,474.0)
(474.0,474.0)
(455.0,474.0)
(481.0,474.0)
(481.0,474.0)
(474.0,474.0)
(483.0,474.0)
(481.0,474.0)
(481.0,474.0)
(362.0,474.0)
(481.0,474.0)
(481.0,474.0)
(474.0,474.0)
(481.0,474.0)
(481.0,474.0)
(481.0,474.0)
(480.0,474.0)
(481.0,474.0)
(481.0,474.0)
(363.0,474.0)
(447.0,474.0)
(481.0,474.0)
(447.0,474.0)
(481.0,474.0)
(455.0,474.0)
(455.0,474.0)
(481.0,474.0)
(481.0,474.0)
(481.0,474.0)
(474.0,474.0)
(455.0,474.0)
(481.0,474.0)
(474.0,474.0)
(481.0,474.0)
(481.0,474.0)
(474.0,474.0)
(481.0,474.0)
(474.0,474.0)
(481.0,474.0)
(481.0,474.0)
(481.0,474.0)
(481.0,474.0)
(481.0,474.0)
(417.0,474.0)
(483.0,474.0)
(481.0,474.0)
(481.0,474.0)
(447.0,474.0)
(474.0,474.0)
(481.0,474.0)
(417.0,474.0)
(481.0,474.0)
(481.0,474.0)
(455.0,474.0)
(474.0,474.0)
(481.0,474.0)
(474.0,474.0)
(474.0,474.0)
(753.0,474.0)
(455.0,474.0)
(474.0,474.0)
(481.0,474.0)
(481.0,474.0)
(362.0,474.0)
(481.0,474.0)
(481.0,474.0)
(474.0,474.0)
(455.0,474.0)
(455.0,474.0)
(474.0,474.0)
(481.0,474.0)
(455.0,474.0)
(474.0,474.0)
(447.0,474.0)
(455.0,474.0)
(481.0,474.0)
(481.0,474.0)
(481.0,474.0)
(808.0,474.0)
(474.0,474.0)
(455.0,474.0)
(447.0,474.0)
(481.0,474.0)
(455.0,474.0)
(474.0,474.0)
(481.0,474.0)
(455.0,474.0)
(474.0,474.0)
(481.0,474.0)
(481.0,474.0)
(474.0,474.0)
(481.0,474.0)
(481.0,474.0)
(455.0,474.0)
(481.0,474.0)
(481.0,474.0)
(753.0,474.0)
(481.0,474.0)
(481.0,474.0)
(481.0,474.0)
(481.0,474.0)
(474.0,474.0)
(809.0,474.0)
(481.0,474.0)
(809.0,474.0)
(474.0,474.0)
(481.0,474.0)
(455.0,474.0)
(481.0,474.0)
(481.0,474.0)
(481.0,474.0)
(474.0,474.0)
(481.0,474.0)
(362.0,474.0)
(474.0,474.0)
(474.0,474.0)
(455.0,474.0)
(809.0,474.0)
(751.0,474.0)
(474.0,474.0)
(481.0,474.0)
(455.0,474.0)
(474.0,474.0)
(481.0,474.0)
(481.0,474.0)
(481.0,474.0)
(481.0,474.0)
(481.0,474.0)
(481.0,474.0)
(482.0,474.0)
(474.0,474.0)
(481.0,474.0)
(474.0,474.0)
(474.0,474.0)
(481.0,474.0)
(474.0,474.0)
(483.0,474.0)
(481.0,474.0)
(483.0,474.0)
(474.0,474.0)
(481.0,474.0)
(481.0,474.0)
(481.0,474.0)
(474.0,474.0)
(481.0,474.0)
(481.0,474.0)
(474.0,474.0)
(481.0,474.0)
(471.0,474.0)
(474.0,474.0)
(474.0,474.0)
(481.0,474.0)
(481.0,474.0)
(474.0,474.0)
(481.0,474.0)
(474.0,474.0)
(474.0,474.0)
(483.0,474.0)
(481.0,474.0)
(471.0,474.0)
(481.0,474.0)
(455.0,474.0)
(481.0,474.0)
(455.0,474.0)
(481.0,474.0)
(474.0,474.0)
(455.0,474.0)
(363.0,474.0)
(481.0,474.0)
(447.0,474.0)
(481.0,474.0)
(474.0,474.0)
(455.0,474.0)
(447.0,474.0)
(417.0,474.0)
(474.0,474.0)
(474.0,474.0)
(474.0,474.0)
(481.0,474.0)
(455.0,474.0)
(474.0,474.0)
(417.0,474.0)
(474.0,474.0)
(362.0,474.0)
(481.0,474.0)
(447.0,474.0)
(481.0,474.0)
(474.0,474.0)
(481.0,474.0)
(455.0,474.0)
(481.0,474.0)
(481.0,474.0)
(455.0,474.0)
(474.0,474.0)
(481.0,474.0)
(474.0,474.0)
(447.0,474.0)
(809.0,474.0)
(481.0,474.0)
(481.0,474.0)
(483.0,474.0)
(481.0,474.0)
(481.0,474.0)
(809.0,474.0)
(481.0,474.0)
(447.0,474.0)
(481.0,474.0)
(481.0,474.0)
(481.0,474.0)
(481.0,474.0)
(474.0,474.0)
(481.0,474.0)
(455.0,474.0)
(474.0,474.0)
(809.0,474.0)
(481.0,474.0)
(481.0,474.0)
(481.0,474.0)
(481.0,474.0)
(363.0,474.0)
(481.0,474.0)
(455.0,474.0)
(474.0,474.0)
(455.0,474.0)
(474.0,474.0)
(447.0,474.0)
(481.0,474.0)
(809.0,474.0)
(447.0,474.0)
(481.0,474.0)
(455.0,474.0)
(481.0,474.0)
(471.0,474.0)
(479.0,474.0)
(481.0,474.0)
(474.0,474.0)
(474.0,474.0)
(481.0,474.0)
(751.0,474.0)
(481.0,474.0)
(481.0,474.0)
(474.0,474.0)
(481.0,474.0)
(481.0,474.0)
(447.0,474.0)
(474.0,474.0)
(447.0,474.0)
(474.0,474.0)
(474.0,474.0)
(474.0,474.0)
(481.0,474.0)
(809.0,474.0)
(471.0,474.0)
(481.0,474.0)
(474.0,474.0)
(471.0,474.0)
(474.0,474.0)
(481.0,474.0)
(481.0,474.0)
(474.0,474.0)
(481.0,474.0)
(474.0,474.0)
(482.0,474.0)
(481.0,474.0)
(455.0,474.0)
(474.0,474.0)
(481.0,474.0)
(363.0,474.0)
(481.0,474.0)
(474.0,474.0)
(809.0,474.0)
(481.0,474.0)
(481.0,474.0)
(474.0,474.0)
(481.0,474.0)
(447.0,474.0)
(481.0,474.0)
(481.0,474.0)
(481.0,474.0)
(809.0,474.0)
(481.0,474.0)
(417.0,474.0)
(481.0,474.0)
(455.0,474.0)
(481.0,474.0)
(481.0,474.0)
(481.0,474.0)
(474.0,474.0)
(417.0,474.0)
(481.0,474.0)
(455.0,474.0)
(447.0,474.0)
(481.0,474.0)
(481.0,474.0)
(354.0,474.0)
(455.0,474.0)
(474.0,474.0)
(455.0,474.0)
(447.0,474.0)
(474.0,474.0)
(474.0,474.0)
(481.0,474.0)
(481.0,474.0)
(481.0,474.0)
(363.0,474.0)
(482.0,474.0)
(455.0,474.0)
(417.0,474.0)
(447.0,474.0)
(481.0,474.0)
(673.0,474.0)
(474.0,474.0)
(481.0,474.0)
(474.0,474.0)
(481.0,474.0)
(474.0,474.0)
(474.0,474.0)
(474.0,474.0)
(481.0,474.0)
(481.0,474.0)
(455.0,474.0)
(359.0,474.0)
(481.0,474.0)
(474.0,474.0)
(481.0,474.0)
(481.0,474.0)
(481.0,474.0)
(441.0,474.0)
(474.0,474.0)
(363.0,474.0)
(447.0,474.0)
(481.0,474.0)
(474.0,474.0)
(447.0,474.0)
(481.0,474.0)
(481.0,474.0)
(483.0,474.0)
(455.0,474.0)
(455.0,474.0)
(481.0,474.0)
(481.0,474.0)
(447.0,474.0)
(481.0,474.0)
(481.0,474.0)
(481.0,474.0)
(481.0,474.0)
(474.0,474.0)
(474.0,474.0)
(481.0,474.0)
(455.0,474.0)
(481.0,474.0)
(474.0,474.0)
(481.0,474.0)
(447.0,474.0)
(480.0,474.0)
(481.0,474.0)
(474.0,474.0)
(474.0,474.0)
(481.0,474.0)
(481.0,474.0)
(455.0,474.0)
(481.0,474.0)
(481.0,474.0)
(481.0,474.0)
(481.0,474.0)
(474.0,474.0)
(474.0,474.0)
(481.0,474.0)
(481.0,474.0)
(474.0,474.0)
(474.0,474.0)
(474.0,474.0)
(474.0,474.0)
(455.0,474.0)
(474.0,474.0)
(474.0,474.0)
(481.0,474.0)
(474.0,474.0)
(483.0,474.0)
(481.0,474.0)
(481.0,474.0)
(455.0,474.0)
(481.0,474.0)
(481.0,474.0)
(481.0,474.0)
(455.0,474.0)
(481.0,474.0)
(771.0,474.0)
(474.0,474.0)
(481.0,474.0)
(447.0,474.0)
(455.0,474.0)
(481.0,474.0)
(363.0,474.0)
(455.0,474.0)
(474.0,474.0)
(481.0,474.0)
(481.0,474.0)
(481.0,474.0)
(481.0,474.0)
(474.0,474.0)
(474.0,474.0)
(481.0,474.0)
(481.0,474.0)
(481.0,474.0)
(474.0,474.0)
(481.0,474.0)
(474.0,474.0)
(474.0,474.0)
(455.0,474.0)
(481.0,474.0)
(481.0,474.0)
(481.0,474.0)
(481.0,474.0)
(481.0,474.0)
(481.0,474.0)
(481.0,474.0)
(481.0,474.0)
(474.0,474.0)
(447.0,474.0)
(481.0,474.0)
(474.0,474.0)
(474.0,474.0)
(481.0,474.0)
(481.0,474.0)
(455.0,474.0)
(481.0,474.0)
(481.0,474.0)
(481.0,474.0)
(809.0,474.0)
(481.0,474.0)
(474.0,474.0)
(435.0,474.0)
(481.0,474.0)
(481.0,474.0)
(417.0,474.0)
(481.0,474.0)
(455.0,474.0)
(474.0,474.0)
(455.0,474.0)
(474.0,474.0)
(481.0,474.0)
(474.0,474.0)
(474.0,474.0)
(481.0,474.0)
(481.0,474.0)
(482.0,474.0)
(455.0,474.0)
(455.0,474.0)
(474.0,474.0)
(481.0,474.0)
(481.0,474.0)
(481.0,474.0)
(481.0,474.0)
(455.0,474.0)
(455.0,474.0)
(481.0,474.0)
(481.0,474.0)
(474.0,474.0)
(481.0,474.0)
(481.0,474.0)
(455.0,474.0)
(474.0,474.0)
(474.0,474.0)
(481.0,474.0)
(474.0,474.0)
(474.0,474.0)
(474.0,474.0)
(474.0,474.0)
(447.0,474.0)
(481.0,474.0)
(481.0,474.0)
(363.0,474.0)
(481.0,474.0)
(481.0,474.0)
(474.0,474.0)
(474.0,474.0)
(474.0,474.0)
(481.0,474.0)
(481.0,474.0)
(455.0,474.0)
(455.0,474.0)
(455.0,474.0)
(481.0,474.0)
(481.0,474.0)
(455.0,474.0)
(417.0,474.0)
(481.0,474.0)
(474.0,474.0)
(363.0,474.0)
(474.0,474.0)
(455.0,474.0)
(481.0,474.0)
(481.0,474.0)
(481.0,474.0)
(481.0,474.0)
(482.0,474.0)
(481.0,474.0)
(755.0,474.0)
(481.0,474.0)
(474.0,474.0)
(809.0,474.0)
(481.0,474.0)
(481.0,474.0)
(447.0,474.0)
(481.0,474.0)
(474.0,474.0)
(455.0,474.0)
(809.0,474.0)
(481.0,474.0)
(474.0,474.0)
(481.0,474.0)
(471.0,474.0)
(481.0,474.0)
(474.0,474.0)
(809.0,474.0)
(804.0,474.0)
(474.0,474.0)
(481.0,474.0)
(474.0,474.0)
(474.0,474.0)
(481.0,474.0)
(474.0,474.0)
(481.0,474.0)
(481.0,474.0)
(474.0,474.0)
(474.0,474.0)
(474.0,474.0)
(481.0,474.0)
(481.0,474.0)
(481.0,474.0)
(474.0,474.0)
(481.0,474.0)
(483.0,474.0)
(474.0,474.0)
(481.0,474.0)
(481.0,474.0)
(355.0,474.0)
(481.0,474.0)
(809.0,474.0)
(474.0,474.0)
(455.0,474.0)
(447.0,474.0)
(481.0,474.0)
(474.0,474.0)
(363.0,474.0)
(455.0,474.0)
(481.0,474.0)
(474.0,474.0)
(455.0,474.0)
(481.0,474.0)
(481.0,474.0)
(481.0,474.0)
(481.0,474.0)
(482.0,474.0)
(481.0,474.0)
(481.0,474.0)
(481.0,474.0)
(481.0,474.0)
(481.0,474.0)
(474.0,474.0)
(474.0,474.0)
(474.0,474.0)
(481.0,474.0)
(481.0,474.0)
(474.0,474.0)
(363.0,474.0)
(481.0,474.0)
(481.0,474.0)
(482.0,474.0)
(363.0,474.0)
(481.0,474.0)
(481.0,474.0)
(474.0,474.0)
(481.0,474.0)
(474.0,474.0)
(474.0,474.0)
(474.0,474.0)
(447.0,474.0)
(481.0,474.0)
(481.0,474.0)
(471.0,474.0)
(481.0,474.0)
(481.0,474.0)
(481.0,474.0)
(447.0,474.0)
(474.0,474.0)
(481.0,474.0)
(481.0,474.0)
(481.0,474.0)
(481.0,474.0)
(481.0,474.0)
(474.0,474.0)
(809.0,474.0)
(447.0,474.0)
(481.0,474.0)
(481.0,474.0)
(481.0,474.0)
(481.0,474.0)
(447.0,474.0)
(362.0,474.0)
(481.0,474.0)
(38.0,474.0)
(455.0,474.0)
(481.0,474.0)
(481.0,474.0)
(483.0,474.0)
(481.0,474.0)
(481.0,474.0)
(483.0,474.0)
(481.0,474.0)
(474.0,474.0)
(474.0,474.0)
(481.0,474.0)
(447.0,474.0)
(435.0,474.0)
(481.0,474.0)
(481.0,474.0)
(481.0,474.0)
(481.0,474.0)
(809.0,474.0)
(481.0,474.0)
(481.0,474.0)
(481.0,474.0)
(481.0,474.0)
(363.0,474.0)
(481.0,474.0)
(809.0,474.0)
(481.0,474.0)
(474.0,474.0)
(481.0,474.0)
(809.0,474.0)
(481.0,474.0)
(471.0,474.0)
(474.0,474.0)
(474.0,474.0)
(481.0,474.0)
(809.0,474.0)
(481.0,474.0)
(474.0,474.0)
(481.0,474.0)
(481.0,474.0)
(481.0,474.0)
(481.0,474.0)
(481.0,474.0)
(474.0,474.0)
(474.0,474.0)
(474.0,474.0)
(474.0,474.0)
(474.0,474.0)
(481.0,474.0)
(481.0,474.0)
(481.0,474.0)
(481.0,474.0)
(481.0,474.0)
(481.0,474.0)
(481.0,474.0)
(809.0,474.0)
(455.0,474.0)
(481.0,474.0)
(481.0,474.0)
(481.0,474.0)
(809.0,474.0)
(474.0,474.0)
(481.0,474.0)
(481.0,474.0)
(481.0,474.0)
(481.0,474.0)
(481.0,474.0)
(481.0,474.0)
(447.0,474.0)
(481.0,474.0)
(481.0,474.0)
(447.0,474.0)
(483.0,474.0)
(481.0,474.0)
(481.0,474.0)
(481.0,474.0)
(447.0,474.0)
(481.0,474.0)
(481.0,474.0)
(481.0,474.0)
(474.0,474.0)
(802.0,474.0)
(459.0,474.0)
(481.0,474.0)
(481.0,474.0)
(474.0,474.0)
(447.0,474.0)
(447.0,474.0)
(483.0,474.0)
(481.0,474.0)
(743.0,474.0)
(481.0,474.0)
(447.0,474.0)
(481.0,474.0)
(753.0,474.0)
(474.0,474.0)
(481.0,474.0)
(455.0,474.0)
(363.0,474.0)
(483.0,474.0)
(447.0,474.0)
(481.0,474.0)
(481.0,474.0)
(455.0,474.0)
(481.0,474.0)
(455.0,474.0)
(481.0,474.0)
(481.0,474.0)
(481.0,474.0)
(481.0,474.0)
(455.0,474.0)
(481.0,474.0)
(483.0,474.0)
(474.0,474.0)
(455.0,474.0)
(447.0,474.0)
(481.0,474.0)
(483.0,474.0)
(481.0,474.0)
(474.0,474.0)
(481.0,474.0)
(481.0,474.0)
(743.0,474.0)
(481.0,474.0)
(481.0,474.0)
(455.0,474.0)
(525.0,474.0)
(455.0,474.0)
(481.0,474.0)
(753.0,474.0)
(481.0,474.0)
(363.0,474.0)
(455.0,474.0)
(481.0,474.0)
(481.0,474.0)
(474.0,474.0)
(481.0,474.0)
(441.0,474.0)
(455.0,474.0)
(481.0,474.0)
(481.0,474.0)
(447.0,474.0)
(481.0,474.0)
(481.0,474.0)
(481.0,474.0)
(447.0,474.0)
(481.0,474.0)
(481.0,474.0)
(481.0,474.0)
(474.0,474.0)
(474.0,474.0)
(362.0,474.0)
(474.0,474.0)
(474.0,474.0)
(481.0,474.0)
(481.0,474.0)
(481.0,474.0)
(417.0,474.0)
(481.0,474.0)
(481.0,474.0)
(481.0,474.0)
(447.0,474.0)
(481.0,474.0)
(481.0,474.0)
(481.0,474.0)
(455.0,474.0)
(474.0,474.0)
(481.0,474.0)
(483.0,474.0)
(474.0,474.0)
(483.0,474.0)
(481.0,474.0)
(455.0,474.0)
(482.0,474.0)
(481.0,474.0)
(740.0,474.0)
(363.0,474.0)
(481.0,474.0)
(481.0,474.0)
(447.0,474.0)
(455.0,474.0)
(455.0,474.0)
(481.0,474.0)
(481.0,474.0)
(474.0,474.0)
(481.0,474.0)
(481.0,474.0)
(472.0,474.0)
(481.0,474.0)
(455.0,474.0)
(455.0,474.0)
(481.0,474.0)
(483.0,474.0)
(481.0,474.0)
(481.0,474.0)
(481.0,474.0)
(481.0,474.0)
(481.0,474.0)
(474.0,474.0)
(753.0,474.0)
(481.0,474.0)
(363.0,474.0)
(474.0,474.0)
(481.0,474.0)
(481.0,474.0)
(481.0,474.0)
(474.0,474.0)
(481.0,474.0)
(447.0,474.0)
(481.0,474.0)
(455.0,474.0)
(482.0,474.0)
(455.0,474.0)
(481.0,474.0)
(447.0,474.0)
(474.0,474.0)
(474.0,474.0)
(474.0,474.0)
(474.0,474.0)
(474.0,474.0)
(474.0,474.0)
(363.0,474.0)
(474.0,474.0)
(481.0,474.0)
(447.0,474.0)
(743.0,474.0)
(481.0,474.0)
(481.0,474.0)
(363.0,474.0)
(455.0,474.0)
(481.0,474.0)
(474.0,474.0)
(481.0,474.0)
(481.0,474.0)
(481.0,474.0)
(480.0,474.0)
(474.0,474.0)
(481.0,474.0)
(481.0,474.0)
(482.0,474.0)
(455.0,474.0)
(481.0,474.0)
(455.0,474.0)
(474.0,474.0)
(447.0,474.0)
(481.0,474.0)
(474.0,474.0)
(447.0,474.0)
(481.0,474.0)
(474.0,474.0)
(455.0,474.0)
(481.0,474.0)
(474.0,474.0)
(481.0,474.0)
(474.0,474.0)
(474.0,474.0)
(417.0,474.0)
(481.0,474.0)
(481.0,474.0)
(474.0,474.0)
(481.0,474.0)
(447.0,474.0)
(481.0,474.0)
(481.0,474.0)
(474.0,474.0)
(455.0,474.0)
(743.0,474.0)
(455.0,474.0)
(447.0,474.0)
(455.0,474.0)
(474.0,474.0)
(480.0,474.0)
(455.0,474.0)
(455.0,474.0)
(455.0,474.0)
(481.0,474.0)
(483.0,474.0)
(455.0,474.0)
(736.0,474.0)
(481.0,474.0)
(481.0,474.0)
(474.0,474.0)
(363.0,474.0)
(481.0,474.0)
(455.0,474.0)
(455.0,474.0)
(455.0,474.0)
(481.0,474.0)
(481.0,474.0)
(481.0,474.0)
(479.0,474.0)
(481.0,474.0)
(481.0,474.0)
(417.0,474.0)
(481.0,474.0)
(481.0,474.0)
(481.0,474.0)
(481.0,474.0)
(481.0,474.0)
(802.0,474.0)
(474.0,474.0)
(481.0,474.0)
(481.0,474.0)
(474.0,474.0)
(483.0,474.0)
(474.0,474.0)
(455.0,474.0)
(809.0,474.0)
(481.0,474.0)
(481.0,474.0)
(481.0,474.0)
(474.0,474.0)
(481.0,474.0)
(474.0,474.0)
(481.0,474.0)
(481.0,474.0)
(481.0,474.0)
(481.0,474.0)
(481.0,474.0)
(481.0,474.0)
(474.0,474.0)
(474.0,474.0)
(474.0,474.0)
(474.0,474.0)
(481.0,474.0)
(481.0,474.0)
(481.0,474.0)
(482.0,474.0)
(471.0,474.0)
(481.0,474.0)
(474.0,474.0)
(809.0,474.0)
(474.0,474.0)
(481.0,474.0)
(474.0,474.0)
(474.0,474.0)
(481.0,474.0)
(481.0,474.0)
(447.0,474.0)
(481.0,474.0)
(481.0,474.0)
(481.0,474.0)
(455.0,474.0)
(809.0,474.0)
(471.0,474.0)
(481.0,474.0)
(474.0,474.0)
(809.0,474.0)
(481.0,474.0)
(474.0,474.0)
(481.0,474.0)
(481.0,474.0)
(481.0,474.0)
(474.0,474.0)
(481.0,474.0)
(482.0,474.0)
(481.0,474.0)
(481.0,474.0)
(481.0,474.0)
(474.0,474.0)
(474.0,474.0)
(481.0,474.0)
(447.0,474.0)
(481.0,474.0)
(809.0,474.0)
(474.0,474.0)
(481.0,474.0)
(474.0,474.0)
(455.0,474.0)
(447.0,474.0)
(481.0,474.0)
(481.0,474.0)
(481.0,474.0)
(471.0,474.0)
(481.0,474.0)
(474.0,474.0)
(481.0,474.0)
(474.0,474.0)
(474.0,474.0)
(481.0,474.0)
(481.0,474.0)
(474.0,474.0)
(474.0,474.0)
(474.0,474.0)
(481.0,474.0)
(474.0,474.0)
(481.0,474.0)
(474.0,474.0)
(362.0,474.0)
(474.0,474.0)
(809.0,474.0)
(474.0,474.0)
(474.0,474.0)
(481.0,474.0)
(447.0,474.0)
(474.0,474.0)
(809.0,474.0)
(447.0,474.0)
(481.0,474.0)
(481.0,474.0)
(474.0,474.0)
(447.0,474.0)
(481.0,474.0)
(363.0,474.0)
(481.0,474.0)
(474.0,474.0)
(426.0,474.0)
(481.0,474.0)
(474.0,474.0)
(435.0,474.0)
(481.0,474.0)
(474.0,474.0)
(447.0,474.0)
(481.0,474.0)
(474.0,474.0)
(474.0,474.0)
(481.0,474.0)
(474.0,474.0)
(474.0,474.0)
(481.0,474.0)
(482.0,474.0)
(474.0,474.0)
(481.0,474.0)
(481.0,474.0)
(474.0,474.0)
(474.0,474.0)
(481.0,474.0)
(447.0,474.0)
(481.0,474.0)
(481.0,474.0)
(474.0,474.0)
(481.0,474.0)
(481.0,474.0)
(481.0,474.0)
(809.0,474.0)
(481.0,474.0)
(474.0,474.0)
(474.0,474.0)
(474.0,474.0)
(481.0,474.0)
(362.0,474.0)
(481.0,474.0)
(481.0,474.0)
(481.0,474.0)
(474.0,474.0)
(481.0,474.0)
(474.0,474.0)
(481.0,474.0)
(481.0,474.0)
(435.0,474.0)
(479.0,474.0)
(474.0,474.0)
(481.0,474.0)
(481.0,474.0)
(809.0,474.0)
(481.0,474.0)
(804.0,474.0)
(482.0,474.0)
(755.0,474.0)
(481.0,474.0)
(481.0,474.0)
(481.0,474.0)
(363.0,474.0)
(481.0,474.0)
(481.0,474.0)
(481.0,474.0)
(743.0,474.0)
(481.0,474.0)
(474.0,474.0)
(481.0,474.0)
(481.0,474.0)
(481.0,474.0)
(481.0,474.0)
(481.0,474.0)
(481.0,474.0)
(474.0,474.0)
(474.0,474.0)
(455.0,474.0)
(481.0,474.0)
(481.0,474.0)
(481.0,474.0)
(435.0,474.0)
(481.0,474.0)
(447.0,474.0)
(809.0,474.0)
(447.0,474.0)
(362.0,474.0)
(363.0,474.0)
(481.0,474.0)
(809.0,474.0)
(481.0,474.0)
(474.0,474.0)
(481.0,474.0)
(474.0,474.0)
(474.0,474.0)
(447.0,474.0)
(447.0,474.0)
(363.0,474.0)
(481.0,474.0)
(481.0,474.0)
(481.0,474.0)
(474.0,474.0)
(481.0,474.0)
(447.0,474.0)
(474.0,474.0)
(474.0,474.0)
(474.0,474.0)
(481.0,474.0)
(809.0,474.0)
(474.0,474.0)
(481.0,474.0)
(474.0,474.0)
(474.0,474.0)
(481.0,474.0)
(474.0,474.0)
(481.0,474.0)
(474.0,474.0)
(481.0,474.0)
(481.0,474.0)
(481.0,474.0)
(481.0,474.0)
(481.0,474.0)
(481.0,474.0)
(481.0,474.0)
(447.0,474.0)
(474.0,474.0)
(474.0,474.0)
(481.0,474.0)
(474.0,474.0)
(481.0,474.0)
(481.0,474.0)
(474.0,474.0)
(474.0,474.0)
(481.0,474.0)
(474.0,474.0)
(481.0,474.0)
(474.0,474.0)
(459.0,474.0)
(474.0,474.0)
(474.0,474.0)
(481.0,474.0)
(481.0,474.0)
(481.0,474.0)
(481.0,474.0)
(474.0,474.0)
(809.0,474.0)
(482.0,474.0)
(481.0,474.0)
(804.0,474.0)
(474.0,474.0)
(474.0,474.0)
(481.0,474.0)
(481.0,474.0)
(804.0,474.0)
(474.0,474.0)
(481.0,474.0)
(474.0,474.0)
(474.0,474.0)
(474.0,474.0)
(482.0,474.0)
(474.0,474.0)
(435.0,474.0)
(481.0,474.0)
(474.0,474.0)
(474.0,474.0)
(481.0,474.0)
(474.0,474.0)
(447.0,474.0)
(474.0,474.0)
(474.0,474.0)
(481.0,474.0)
(481.0,474.0)
(481.0,474.0)
(481.0,474.0)
(481.0,474.0)
(481.0,474.0)
(474.0,474.0)
(447.0,474.0)
(809.0,474.0)
(474.0,474.0)
(481.0,474.0)
(474.0,474.0)
(435.0,474.0)
(483.0,474.0)
(481.0,474.0)
(474.0,474.0)
(363.0,474.0)
(447.0,474.0)
(482.0,474.0)
(809.0,474.0)
(481.0,474.0)
(481.0,474.0)
(474.0,474.0)
(809.0,474.0)
(474.0,474.0)
(481.0,474.0)
(481.0,474.0)
(481.0,474.0)
(481.0,474.0)
(474.0,474.0)
(474.0,474.0)
(455.0,474.0)
(481.0,474.0)
(481.0,474.0)
(355.0,474.0)
(481.0,474.0)
(478.0,474.0)
(481.0,474.0)
(481.0,474.0)
(481.0,474.0)
(481.0,474.0)
(481.0,474.0)
(481.0,474.0)
(363.0,474.0)
(474.0,474.0)
(481.0,474.0)
(481.0,474.0)
(474.0,474.0)
(743.0,474.0)
(481.0,474.0)
(447.0,474.0)
(474.0,474.0)
(481.0,474.0)
(481.0,474.0)
(481.0,474.0)
(481.0,474.0)
(481.0,474.0)
(481.0,474.0)
(474.0,474.0)
(474.0,474.0)
(474.0,474.0)
(435.0,474.0)
(447.0,474.0)
(481.0,474.0)
(481.0,474.0)
(447.0,474.0)
(474.0,474.0)
(481.0,474.0)
(481.0,474.0)
(474.0,474.0)
(481.0,474.0)
(447.0,474.0)
(474.0,474.0)
(481.0,474.0)
(455.0,474.0)
(474.0,474.0)
(471.0,474.0)
(481.0,474.0)
(481.0,474.0)
(481.0,474.0)
(481.0,474.0)
(481.0,474.0)
(474.0,474.0)
(447.0,474.0)
(809.0,474.0)
(809.0,474.0)
(481.0,474.0)
(481.0,474.0)
(809.0,474.0)
(481.0,474.0)
(474.0,474.0)
(481.0,474.0)
(455.0,474.0)
(474.0,474.0)
(481.0,474.0)
(809.0,474.0)
(481.0,474.0)
(481.0,474.0)
(483.0,474.0)
(447.0,474.0)
(474.0,474.0)
(481.0,474.0)
(481.0,474.0)
(474.0,474.0)
(481.0,474.0)
(474.0,474.0)
(809.0,474.0)
(804.0,474.0)
(481.0,474.0)
(455.0,474.0)
(474.0,474.0)
(447.0,474.0)
(481.0,474.0)
(474.0,474.0)
(481.0,474.0)
(481.0,474.0)
(481.0,474.0)
(481.0,474.0)
(447.0,474.0)
(481.0,474.0)
(481.0,474.0)
(474.0,474.0)
(474.0,474.0)
(474.0,474.0)
(455.0,474.0)
(421.0,474.0)
(481.0,474.0)
(474.0,474.0)
(481.0,474.0)
(481.0,474.0)
(481.0,474.0)
(455.0,474.0)
(455.0,474.0)
(474.0,474.0)
(474.0,474.0)
(447.0,474.0)
(474.0,474.0)
(481.0,474.0)
(474.0,474.0)
(455.0,474.0)
(474.0,474.0)
(481.0,474.0)
(481.0,474.0)
(743.0,474.0)
(455.0,474.0)
(483.0,474.0)
(447.0,474.0)
(481.0,474.0)
(417.0,474.0)
(481.0,474.0)
(455.0,474.0)
(481.0,474.0)
(481.0,474.0)
(474.0,474.0)
(481.0,474.0)
(474.0,474.0)
(481.0,474.0)
(481.0,474.0)
(481.0,474.0)
(481.0,474.0)
(481.0,474.0)
(481.0,474.0)
(481.0,474.0)
(743.0,474.0)
(481.0,474.0)
(455.0,474.0)
(474.0,474.0)
(455.0,474.0)
(474.0,474.0)
(474.0,474.0)
(447.0,474.0)
(471.0,474.0)
(455.0,474.0)
(481.0,474.0)
(481.0,474.0)
(474.0,474.0)
(474.0,474.0)
(474.0,474.0)
(481.0,474.0)
(481.0,474.0)
(455.0,474.0)
(474.0,474.0)
(447.0,474.0)
(455.0,474.0)
(481.0,474.0)
(481.0,474.0)
(362.0,474.0)
(447.0,474.0)
(481.0,474.0)
(455.0,474.0)
(396.0,474.0)
(447.0,474.0)
(474.0,474.0)
(474.0,474.0)
(743.0,474.0)
(481.0,474.0)
(481.0,474.0)
(363.0,474.0)
(481.0,474.0)
(481.0,474.0)
(481.0,474.0)
(474.0,474.0)
(481.0,474.0)
(455.0,474.0)
(481.0,474.0)
(481.0,474.0)
(447.0,474.0)
(481.0,474.0)
(481.0,474.0)
(363.0,474.0)
(474.0,474.0)
(474.0,474.0)
(455.0,474.0)
(743.0,474.0)
(417.0,474.0)
(474.0,474.0)
(474.0,474.0)
(481.0,474.0)
(481.0,474.0)
(481.0,474.0)
(455.0,474.0)
(447.0,474.0)
(474.0,474.0)
(481.0,474.0)
(474.0,474.0)
(474.0,474.0)
(481.0,474.0)
(481.0,474.0)
(753.0,474.0)
(474.0,474.0)
(480.0,474.0)
(455.0,474.0)
(474.0,474.0)
(481.0,474.0)
(809.0,474.0)
(363.0,474.0)
(481.0,474.0)
(479.0,474.0)
(481.0,474.0)
(481.0,474.0)
(455.0,474.0)
(474.0,474.0)
(481.0,474.0)
(481.0,474.0)
(481.0,474.0)
(455.0,474.0)
(447.0,474.0)
(481.0,474.0)
(474.0,474.0)
(474.0,474.0)
(481.0,474.0)
(481.0,474.0)
(474.0,474.0)
(481.0,474.0)
(471.0,474.0)
(474.0,474.0)
(481.0,474.0)
(481.0,474.0)
(455.0,474.0)
(455.0,474.0)
(474.0,474.0)
(481.0,474.0)
(455.0,474.0)
(474.0,474.0)
(481.0,474.0)
(481.0,474.0)
(481.0,474.0)
(481.0,474.0)
(455.0,474.0)
(474.0,474.0)
(481.0,474.0)
(474.0,474.0)
(481.0,474.0)
(481.0,474.0)
(455.0,474.0)
(481.0,474.0)
(363.0,474.0)
(447.0,474.0)
(753.0,474.0)
(481.0,474.0)
(481.0,474.0)
(753.0,474.0)
(474.0,474.0)
(455.0,474.0)
(481.0,474.0)
(455.0,474.0)
(481.0,474.0)
(481.0,474.0)
(481.0,474.0)
(474.0,474.0)
(474.0,474.0)
(481.0,474.0)
(481.0,474.0)
(474.0,474.0)
(474.0,474.0)
(474.0,474.0)
(474.0,474.0)
(363.0,474.0)
(474.0,474.0)
(481.0,474.0)
(474.0,474.0)
(743.0,474.0)
(481.0,474.0)
(753.0,474.0)
(481.0,474.0)
(363.0,474.0)
(474.0,474.0)
(474.0,474.0)
(481.0,474.0)
(455.0,474.0)
(481.0,474.0)
(743.0,474.0)
(474.0,474.0)
(455.0,474.0)
(481.0,474.0)
(447.0,474.0)
(474.0,474.0)
(807.0,474.0)
(363.0,474.0)
(481.0,474.0)
(481.0,474.0)
(481.0,474.0)
(481.0,474.0)
(481.0,474.0)
(481.0,474.0)
(447.0,474.0)
(481.0,474.0)
(481.0,474.0)
(481.0,474.0)
(809.0,474.0)
(481.0,474.0)
(474.0,474.0)
(481.0,474.0)
(474.0,474.0)
(481.0,474.0)
(474.0,474.0)
(447.0,474.0)
(481.0,474.0)
(474.0,474.0)
(481.0,474.0)
(455.0,474.0)
(481.0,474.0)
(807.0,474.0)
(447.0,474.0)
(481.0,474.0)
(481.0,474.0)
(481.0,474.0)
(481.0,474.0)
(474.0,474.0)
(474.0,474.0)
(481.0,474.0)
(474.0,474.0)
(455.0,474.0)
(481.0,474.0)
(474.0,474.0)
(481.0,474.0)
(447.0,474.0)
(481.0,474.0)
(474.0,474.0)
(481.0,474.0)
(474.0,474.0)
(474.0,474.0)
(481.0,474.0)
(809.0,474.0)
(474.0,474.0)
(481.0,474.0)
(481.0,474.0)
(474.0,474.0)
(474.0,474.0)
(474.0,474.0)
(481.0,474.0)
(474.0,474.0)
(481.0,474.0)
(474.0,474.0)
(455.0,474.0)
(474.0,474.0)
(481.0,474.0)
(481.0,474.0)
(481.0,474.0)
(474.0,474.0)
(483.0,474.0)
(481.0,474.0)
(474.0,474.0)
(481.0,474.0)
(481.0,474.0)
(474.0,474.0)
(481.0,474.0)
(474.0,474.0)
(481.0,474.0)
(474.0,474.0)
(481.0,474.0)
(474.0,474.0)
(481.0,474.0)
(481.0,474.0)
(474.0,474.0)
(474.0,474.0)
(481.0,474.0)
(474.0,474.0)
(474.0,474.0)
(481.0,474.0)
(481.0,474.0)
(474.0,474.0)
(755.0,474.0)
(474.0,474.0)
(474.0,474.0)
(481.0,474.0)
(483.0,474.0)
(481.0,474.0)
(481.0,474.0)
(474.0,474.0)
(474.0,474.0)
(474.0,474.0)
(447.0,474.0)
(481.0,474.0)
(481.0,474.0)
(481.0,474.0)
(481.0,474.0)
(455.0,474.0)
(809.0,474.0)
(474.0,474.0)
(809.0,474.0)
(481.0,474.0)
(481.0,474.0)
(481.0,474.0)
